   2.5811838e+01   4.5710044e+01  -1.5450520e+02   3.0980720e+01   1.2569858e+01  -4.2144327e+01   4.7551457e+01
   2.8144849e+01   4.4669898e+01  -1.5231963e+02   2.9910829e+01   1.1620906e+01  -4.0575585e+01   4.3070357e+01
   3.1000000e+01   4.5000000e+01  -1.5312215e+02   3.2664134e+01   1.1651892e+01  -4.1000000e+01   4.0849890e+01
   3.1000000e+01   4.5000000e+01  -1.5290303e+02   3.4335769e+01   1.2031031e+01  -4.1000000e+01   3.6865935e+01
   3.1000000e+01   4.5000000e+01  -1.5105576e+02   3.6640509e+01   1.2081754e+01  -4.1000000e+01   3.2119886e+01
   3.1000000e+01   4.5000000e+01  -1.4994753e+02   3.6753245e+01   1.2907971e+01  -4.1000000e+01   2.9669354e+01
   3.1000000e+01   4.5000000e+01  -1.4794829e+02   3.8575734e+01   1.2770204e+01  -4.1000000e+01   2.4562470e+01
   3.1000000e+01   4.5000000e+01  -1.4667273e+02   4.1277904e+01   1.5103244e+01  -4.1000000e+01   2.1192541e+01
   3.1000000e+01   4.5000000e+01  -1.4559588e+02   4.2641084e+01   1.6343181e+01  -4.1000000e+01   1.6467662e+01
   3.1000000e+01   4.5000000e+01  -1.4454202e+02   4.4410296e+01   1.7759856e+01  -4.1000000e+01   1.3131354e+01
   3.1000000e+01   4.5000000e+01  -1.4337431e+02   4.7112756e+01   1.8162412e+01  -4.1000000e+01   6.9029870e+00
   3.1000000e+01   4.5000000e+01  -1.4226869e+02   4.9781365e+01   1.9715375e+01  -4.1000000e+01   2.2341180e+00
   3.1000000e+01   4.5000000e+01  -1.3970917e+02   5.1834440e+01   2.1871261e+01  -4.1000000e+01  -3.6087383e+00
   3.1000000e+01   4.5000000e+01  -1.3877868e+02   5.3334399e+01   2.4293790e+01  -4.1000000e+01  -7.8679678e+00
   3.1000000e+01   4.5000000e+01  -1.3620896e+02   5.4999863e+01   2.6857673e+01  -4.1000000e+01  -1.2848323e+01
   3.1000000e+01   4.5000000e+01  -1.3470036e+02   5.6980444e+01   2.8696668e+01  -4.1000000e+01  -1.7615906e+01
   3.1000000e+01   4.5000000e+01  -1.3172446e+02   5.7616558e+01   3.0118850e+01  -4.1000000e+01  -2.2870041e+01
   3.1000000e+01   4.5000000e+01  -1.2928842e+02   5.7982555e+01   3.1097127e+01  -4.1000000e+01  -2.7768716e+01
   3.1000000e+01   4.5000000e+01  -1.2722586e+02   5.7936986e+01   3.2606299e+01  -4.1000000e+01  -3.0732311e+01
   3.1000000e+01   4.5000000e+01  -1.2614361e+02   5.8253164e+01   3.3259632e+01  -4.1000000e+01  -3.2720688e+01
   3.1000000e+01   4.5000000e+01  -1.2609421e+02   5.7384360e+01   3.3886191e+01  -4.1000000e+01  -3.4003481e+01
   3.1000000e+01   4.5000000e+01  -1.3185161e+02   5.4262892e+01   3.4419744e+01  -4.1000000e+01  -3.2047727e+01
   3.1000000e+01   4.5000000e+01  -1.3492031e+02   4.9800640e+01   3.5542861e+01  -4.1000000e+01  -2.8555548e+01
   3.1000000e+01   4.5000000e+01  -1.3889400e+02   4.5497383e+01   3.5010652e+01  -4.1000000e+01  -2.1418144e+01
   3.1000000e+01   4.5000000e+01  -1.4356443e+02   4.1530318e+01   2.9218190e+01  -4.1000000e+01  -1.3090835e+01
   3.1000000e+01   4.5000000e+01  -1.4804658e+02   3.8854749e+01   2.2900772e+01  -4.1000000e+01  -5.5122096e+00
   3.1000000e+01   4.5000000e+01  -1.5421200e+02   3.5151712e+01   1.6757278e+01  -4.1000000e+01   3.8646269e+00
   3.1000000e+01   4.5000000e+01  -1.5728844e+02   3.1545845e+01   1.2312398e+01  -4.1000000e+01   1.3536915e+01
   3.1000000e+01   4.5000000e+01  -1.5817796e+02   2.6881668e+01   8.6412893e+00  -4.1000000e+01   2.3417995e+01
   3.1000000e+01   4.5000000e+01  -1.5641092e+02   2.1845592e+01   4.6574237e+00  -4.1000000e+01   3.3394622e+01
   3.1000000e+01   4.5000000e+01  -1.5610454e+02   1.9126783e+01   7.9642121e-01  -4.1000000e+01   4.3271197e+01
   3.1000000e+01   4.5000000e+01  -1.5444934e+02   1.6612169e+01  -1.8818322e+00  -4.1000000e+01   5.1577311e+01
   3.1000000e+01   4.5000000e+01  -1.5528862e+02   1.8084729e+01  -3.6291165e+00  -4.1000000e+01   5.5998443e+01
   3.1000000e+01   4.5000000e+01  -1.5544105e+02   2.1016454e+01  -3.9598798e+00  -4.1000000e+01   5.5657028e+01
   3.1000000e+01   4.5000000e+01  -1.5408524e+02   2.3196312e+01  -3.3831626e+00  -4.1000000e+01   5.2571569e+01
   3.1000000e+01   4.5000000e+01  -1.5388915e+02   2.5909890e+01  -7.3065845e-01  -4.1000000e+01   4.8221300e+01
   3.1000000e+01   4.5000000e+01  -1.5390440e+02   2.9354496e+01   9.0927667e-01  -4.1000000e+01   4.3833712e+01
   3.1000000e+01   4.5000000e+01  -1.5585630e+02   3.0890713e+01   3.5780771e+00  -4.1000000e+01   4.1865342e+01
   3.1000000e+01   4.5000000e+01  -1.5567208e+02   3.2198842e+01   6.3979068e+00  -4.1000000e+01   3.9430163e+01
   3.1000000e+01   4.5000000e+01  -1.5280284e+02   3.2630118e+01   1.0306731e+01  -4.1000000e+01   4.0099310e+01
   3.1000000e+01   4.5000000e+01  -1.5125933e+02   3.3256763e+01   9.6282790e+00  -4.1000000e+01   3.7627432e+01
   3.1000000e+01   4.5000000e+01  -1.4951548e+02   3.3134400e+01   1.0245004e+01  -4.1000000e+01   3.3944811e+01
   3.1000000e+01   4.5000000e+01  -1.4745876e+02   3.4629659e+01   1.1048614e+01  -4.1000000e+01   2.9380782e+01
   3.1000000e+01   4.5000000e+01  -1.4655577e+02   3.5607382e+01   1.2565305e+01  -4.1000000e+01   2.6588682e+01
   3.1000000e+01   4.5000000e+01  -1.4666662e+02   3.7438862e+01   1.5050552e+01  -4.1000000e+01   2.3412191e+01
   3.1000000e+01   4.5000000e+01  -1.4682715e+02   3.9215017e+01   1.6907558e+01  -4.1000000e+01   2.0884593e+01
   3.1000000e+01   4.5000000e+01  -1.4575795e+02   4.0295014e+01   1.6597116e+01  -4.1000000e+01   1.6815601e+01
   3.1000000e+01   4.5000000e+01  -1.4517590e+02   4.1770734e+01   1.8180239e+01  -4.1000000e+01   1.5601253e+01
   3.1000000e+01   4.5000000e+01  -1.4393499e+02   4.3141627e+01   1.9981280e+01  -4.1000000e+01   1.2576662e+01
   3.1000000e+01   4.5000000e+01  -1.4249784e+02   4.4148688e+01   2.0685366e+01  -4.1000000e+01   7.7824470e+00
   3.1000000e+01   4.5000000e+01  -1.3974040e+02   4.5338299e+01   2.1512239e+01  -4.1000000e+01   3.5682884e+00
   3.1000000e+01   4.5000000e+01  -1.3958059e+02   4.7664338e+01   2.3076004e+01  -4.1000000e+01  -5.8568371e-01
   3.1000000e+01   4.5000000e+01  -1.3909894e+02   4.8848033e+01   2.5816499e+01  -4.1000000e+01  -2.9906770e+00
   3.1000000e+01   4.5000000e+01  -1.3863404e+02   5.0390922e+01   2.7921457e+01  -4.1000000e+01  -6.3928666e+00
   3.1000000e+01   4.5000000e+01  -1.3832801e+02   5.2151729e+01   2.9616588e+01  -4.1000000e+01  -9.7969037e+00
   3.1000000e+01   4.5000000e+01  -1.3599464e+02   5.4449664e+01   3.0165311e+01  -4.1000000e+01  -1.4641800e+01
   3.1000000e+01   4.5000000e+01  -1.3428269e+02   5.6865223e+01   3.0941614e+01  -4.1000000e+01  -1.8723414e+01
   3.1000000e+01   4.5000000e+01  -1.3278691e+02   5.8530844e+01   3.1958599e+01  -4.1000000e+01  -2.2759752e+01
   3.1000000e+01   4.5000000e+01  -1.3149760e+02   5.9774687e+01   3.3004986e+01  -4.1000000e+01  -2.5626393e+01
   3.1000000e+01   4.5000000e+01  -1.3175284e+02   6.0271940e+01   3.4024427e+01  -4.1000000e+01  -2.7045478e+01
   3.1000000e+01   4.5000000e+01  -1.3441100e+02   5.6150680e+01   3.6072086e+01  -4.1000000e+01  -2.6774334e+01
   3.1000000e+01   4.5000000e+01  -1.3691182e+02   5.2151541e+01   3.6758720e+01  -4.1000000e+01  -2.3065151e+01
   3.1000000e+01   4.5000000e+01  -1.3974607e+02   4.7132219e+01   3.6259214e+01  -4.1000000e+01  -1.7650509e+01
   3.1000000e+01   4.5000000e+01  -1.4167466e+02   4.1566246e+01   3.2639771e+01  -4.1000000e+01  -1.0481587e+01
   3.1000000e+01   4.5000000e+01  -1.4667327e+02   3.7525625e+01   2.7178833e+01  -4.1000000e+01  -2.9398874e+00
   3.1000000e+01   4.5000000e+01  -1.5114595e+02   3.5423513e+01   2.0768991e+01  -4.1000000e+01   5.7380314e+00
   3.1000000e+01   4.5000000e+01  -1.5538938e+02   3.2759131e+01   1.3986529e+01  -4.1000000e+01   1.4839576e+01
   3.1000000e+01   4.5000000e+01  -1.5695356e+02   2.9482867e+01   8.9107948e+00  -4.1000000e+01   2.2439571e+01
   3.1000000e+01   4.5000000e+01  -1.5654964e+02   2.5653878e+01   4.4395176e+00  -4.1000000e+01   2.9229955e+01
   3.1000000e+01   4.5000000e+01  -1.5708226e+02   2.3250254e+01  -7.5281093e-01  -4.1000000e+01   3.6299333e+01
   3.1000000e+01   4.5000000e+01  -1.5444456e+02   1.9539636e+01  -4.2757595e+00  -4.1000000e+01   4.3399293e+01
   3.1000000e+01   4.5000000e+01  -1.5572906e+02   1.8687986e+01  -6.1759272e+00  -4.1000000e+01   5.0766024e+01
   3.1000000e+01   4.5000000e+01  -1.5697381e+02   2.2397411e+01  -8.1513902e+00  -4.1000000e+01   5.4291474e+01
   3.1000000e+01   4.5000000e+01  -1.5546397e+02   2.4010656e+01  -8.7267778e+00  -4.1000000e+01   5.1558686e+01
   3.1000000e+01   4.5000000e+01  -1.5404247e+02   2.5338448e+01  -7.6415215e+00  -4.1000000e+01   5.1761883e+01
   3.1000000e+01   4.5000000e+01  -1.5297633e+02   2.5697133e+01  -5.9839039e+00  -4.1000000e+01   5.0803979e+01
   3.1000000e+01   4.5000000e+01  -1.5440559e+02   2.5222893e+01  -1.9613720e+00  -4.1000000e+01   4.9496389e+01
   3.1000000e+01   4.5000000e+01  -1.5369278e+02   2.6729531e+01   8.8369653e-01  -4.1000000e+01   4.7113827e+01
   3.1000000e+01   4.5000000e+01  -1.5478888e+02   2.9107544e+01   3.6190830e+00  -4.1000000e+01   4.6652268e+01
   3.1000000e+01   4.5000000e+01  -1.5471886e+02   3.0041685e+01   6.3116281e+00  -4.1000000e+01   4.5984093e+01
   3.1000000e+01   4.5000000e+01  -1.5262401e+02   3.1784717e+01   7.7048863e+00  -4.1000000e+01   4.3409895e+01
   3.1000000e+01   4.5000000e+01  -1.5208993e+02   3.2882955e+01   1.0882030e+01  -4.1000000e+01   4.1026662e+01
   3.1000000e+01   4.5000000e+01  -1.5053117e+02   3.3276462e+01   9.0754954e+00  -4.1000000e+01   3.4044033e+01
   3.1000000e+01   4.5000000e+01  -1.5057760e+02   3.5234548e+01   1.0184852e+01  -4.1000000e+01   3.0909089e+01
   3.1000000e+01   4.5000000e+01  -1.4718421e+02   3.7597219e+01   8.8020653e+00  -4.1000000e+01   2.5379210e+01
   3.1000000e+01   4.5000000e+01  -1.4902290e+02   4.0050580e+01   1.1137027e+01  -4.1000000e+01   2.2814024e+01
   3.1000000e+01   4.5000000e+01  -1.4810285e+02   4.0541485e+01   1.1661618e+01  -4.1000000e+01   1.8576909e+01
   3.1000000e+01   4.5000000e+01  -1.4615965e+02   4.1373392e+01   1.3539642e+01  -4.1000000e+01   1.6063367e+01
   3.1000000e+01   4.5000000e+01  -1.4575502e+02   4.3427914e+01   1.5342828e+01  -4.1000000e+01   1.3271499e+01
   3.1000000e+01   4.5000000e+01  -1.4455441e+02   4.4595065e+01   1.5911994e+01  -4.1000000e+01   8.3398178e+00
   3.1000000e+01   4.5000000e+01  -1.4369614e+02   4.7295821e+01   1.8522651e+01  -4.1000000e+01   3.2721666e+00
   3.1000000e+01   4.5000000e+01  -1.4215312e+02   4.9864684e+01   2.1579760e+01  -4.1000000e+01  -2.7991970e-01
   3.1000000e+01   4.5000000e+01  -1.4111876e+02   5.2418675e+01   2.2898584e+01  -4.1000000e+01  -5.9725079e+00
   3.1000000e+01   4.5000000e+01  -1.3967403e+02   5.4497162e+01   2.4043182e+01  -4.1000000e+01  -1.0716128e+01
   3.1000000e+01   4.5000000e+01  -1.3779937e+02   5.5825437e+01   2.4860435e+01  -4.1000000e+01  -1.4422228e+01
   3.1000000e+01   4.5000000e+01  -1.3592811e+02   5.6274768e+01   2.7851005e+01  -4.1000000e+01  -1.4451291e+01
   3.1000000e+01   4.5000000e+01  -1.3707706e+02   5.5934131e+01   2.8130669e+01  -4.1000000e+01  -1.3673506e+01
   3.1000000e+01   4.5000000e+01  -1.4091112e+02   5.1843522e+01   2.7868605e+01  -4.1000000e+01  -7.3355498e+00
   3.1000000e+01   4.5000000e+01  -1.4322190e+02   4.4723558e+01   2.4111529e+01  -4.1000000e+01  -5.7587112e-01
   3.1000000e+01   4.5000000e+01  -1.4647317e+02   3.9442409e+01   1.9650316e+01  -4.1000000e+01   5.5207886e+00
   3.1000000e+01   4.5000000e+01  -1.4914511e+02   3.5311856e+01   1.5777696e+01  -4.1000000e+01   1.1359585e+01
   3.1000000e+01   4.5000000e+01  -1.5267821e+02   3.1451078e+01   1.1559723e+01  -4.1000000e+01   1.7968093e+01
   3.1000000e+01   4.5000000e+01  -1.5542769e+02   2.7927424e+01   9.0020790e+00  -4.1000000e+01   2.6820754e+01
   3.1000000e+01   4.5000000e+01  -1.5714202e+02   2.6170857e+01   5.9087626e+00  -4.1000000e+01   3.6685671e+01
   3.1000000e+01   4.5000000e+01  -1.5877412e+02   2.4947931e+01   1.6763321e+00  -4.1000000e+01   4.5955339e+01
   3.1000000e+01   4.5000000e+01  -1.5779496e+02   2.4229610e+01  -1.9917951e+00  -4.1000000e+01   5.3729465e+01
   3.1000000e+01   4.5000000e+01  -1.5634141e+02   2.3396308e+01  -4.3806632e+00  -4.1000000e+01   5.8393547e+01
   3.1000000e+01   4.5000000e+01  -1.5607586e+02   2.3651336e+01  -4.8484851e+00  -4.1000000e+01   5.8268755e+01
   3.1000000e+01   4.5000000e+01  -1.5496674e+02   2.5079384e+01  -5.6590585e+00  -4.1000000e+01   5.5109603e+01
   3.1000000e+01   4.5000000e+01  -1.5380014e+02   2.6382533e+01  -5.6532599e+00  -4.1000000e+01   5.1790333e+01
   3.1000000e+01   4.5000000e+01  -1.5472420e+02   2.6690511e+01  -3.1054627e+00  -4.1000000e+01   5.0000788e+01
   3.1000000e+01   4.5000000e+01  -1.5463773e+02   2.9538232e+01   3.6794239e-01  -4.1000000e+01   4.7925886e+01
   3.1000000e+01   4.5000000e+01  -1.5605499e+02   3.0246499e+01   1.8957880e+00  -4.1000000e+01   4.5559079e+01
   3.1000000e+01   4.5000000e+01  -1.5607373e+02   3.1307582e+01   2.8965000e+00  -4.1000000e+01   4.3812068e+01
   3.1000000e+01   4.5000000e+01  -1.5559560e+02   3.2410902e+01   4.3154208e+00  -4.1000000e+01   4.2043712e+01
   3.1000000e+01   4.5000000e+01  -1.5192304e+02   3.2222809e+01   5.8489606e+00  -4.1000000e+01   3.9052835e+01
   3.1000000e+01   4.5000000e+01  -1.5033263e+02   3.2667998e+01   7.8304389e+00  -4.1000000e+01   3.7863107e+01
   3.1000000e+01   4.5000000e+01  -1.4974395e+02   3.3659047e+01   8.5572123e+00  -4.1000000e+01   3.4500552e+01
   3.1000000e+01   4.5000000e+01  -1.4839618e+02   3.5095136e+01   1.1645565e+01  -4.1000000e+01   3.1780182e+01
   3.1000000e+01   4.5000000e+01  -1.4888861e+02   3.7364482e+01   1.3622041e+01  -4.1000000e+01   2.9527651e+01
   3.1000000e+01   4.5000000e+01  -1.4930394e+02   3.9477240e+01   1.5515855e+01  -4.1000000e+01   2.7480620e+01
   3.1000000e+01   4.5000000e+01  -1.4725975e+02   4.0578775e+01   1.5965836e+01  -4.1000000e+01   2.3144836e+01
   3.1000000e+01   4.5000000e+01  -1.4720455e+02   4.2174082e+01   1.7659979e+01  -4.1000000e+01   1.8657917e+01
   3.1000000e+01   4.5000000e+01  -1.4608640e+02   4.3940397e+01   1.9527700e+01  -4.1000000e+01   1.4574409e+01
   3.1000000e+01   4.5000000e+01  -1.4370905e+02   4.5584024e+01   1.9855749e+01  -4.1000000e+01   8.1491475e+00
   3.1000000e+01   4.5000000e+01  -1.4205613e+02   4.7407528e+01   2.1948262e+01  -4.1000000e+01   4.0199986e+00
   3.1000000e+01   4.5000000e+01  -1.4190236e+02   4.9656074e+01   2.3363222e+01  -4.1000000e+01   6.0052743e-01
   3.1000000e+01   4.5000000e+01  -1.4125043e+02   5.1495752e+01   2.4806363e+01  -4.1000000e+01  -4.5017008e+00
   3.1000000e+01   4.5000000e+01  -1.3721193e+02   5.3175604e+01   2.5629340e+01  -4.1000000e+01  -9.8048776e+00
   3.1000000e+01   4.5000000e+01  -1.3597836e+02   5.4016727e+01   2.6015771e+01  -4.1000000e+01  -1.4032456e+01
   3.1000000e+01   4.5000000e+01  -1.3650296e+02   5.5448681e+01   2.6873528e+01  -4.1000000e+01  -1.7182688e+01
   3.1000000e+01   4.5000000e+01  -1.3968491e+02   5.3387476e+01   2.9381903e+01  -4.1000000e+01  -1.8498431e+01
   3.1000000e+01   4.5000000e+01  -1.4215953e+02   4.9687116e+01   2.9649519e+01  -4.1000000e+01  -2.1136316e+01
   3.1000000e+01   4.5000000e+01  -1.4381662e+02   4.6308386e+01   2.7424983e+01  -4.1000000e+01  -1.9921631e+01
   3.1000000e+01   4.5000000e+01  -1.4460672e+02   4.3809257e+01   2.2889448e+01  -4.1000000e+01  -1.2711191e+01
   3.1000000e+01   4.5000000e+01  -1.4678787e+02   4.0968964e+01   1.8580389e+01  -4.1000000e+01  -4.3495818e+00
   3.1000000e+01   4.5000000e+01  -1.5133578e+02   3.7675186e+01   1.3661046e+01  -4.1000000e+01   4.2308121e+00
   3.1000000e+01   4.5000000e+01  -1.5624967e+02   3.3979398e+01   8.9080537e+00  -4.1000000e+01   1.1463901e+01
   3.1000000e+01   4.5000000e+01  -1.5695984e+02   2.9314318e+01   5.3234898e+00  -4.1000000e+01   1.9290756e+01
   3.1000000e+01   4.5000000e+01  -1.5702793e+02   2.5546904e+01   4.0271657e+00  -4.1000000e+01   2.9220291e+01
   3.1000000e+01   4.5000000e+01  -1.5755820e+02   2.1970100e+01   2.7085093e-01  -4.1000000e+01   3.8596458e+01
   3.1000000e+01   4.5000000e+01  -1.5603897e+02   1.8902675e+01  -2.9952841e+00  -4.1000000e+01   4.7726809e+01
   3.1000000e+01   4.5000000e+01  -1.5559251e+02   1.7531514e+01  -7.0629683e+00  -4.1000000e+01   5.5022331e+01
   3.1000000e+01   4.5000000e+01  -1.5431198e+02   1.8054324e+01  -1.0338100e+01  -4.1000000e+01   5.7185125e+01
   3.1000000e+01   4.5000000e+01  -1.5396314e+02   2.0469962e+01  -1.0169652e+01  -4.1000000e+01   5.9232064e+01
   3.1000000e+01   4.5000000e+01  -1.5535935e+02   2.3397407e+01  -8.8049756e+00  -4.1000000e+01   5.5201583e+01
   3.1000000e+01   4.5000000e+01  -1.5476057e+02   2.4148685e+01  -6.7411097e+00  -4.1000000e+01   5.3457415e+01
   3.1000000e+01   4.5000000e+01  -1.5214096e+02   2.4069780e+01  -4.6012590e+00  -4.1000000e+01   5.4151655e+01
   3.1000000e+01   4.5000000e+01  -1.5480384e+02   2.5160573e+01  -2.1377552e+00  -4.1000000e+01   5.3476264e+01
   3.1000000e+01   4.5000000e+01  -1.5560658e+02   2.6070388e+01  -8.4196328e-01  -4.1000000e+01   4.8074474e+01
   3.1000000e+01   4.5000000e+01  -1.5435779e+02   2.7287576e+01   1.4196746e+00  -4.1000000e+01   4.7336209e+01
   3.1000000e+01   4.5000000e+01  -1.5448348e+02   2.8909431e+01   4.0184983e+00  -4.1000000e+01   4.7638629e+01
   3.1000000e+01   4.5000000e+01  -1.5419232e+02   3.0115772e+01   4.6817394e+00  -4.1000000e+01   4.5183575e+01
   3.1000000e+01   4.5000000e+01  -1.5437544e+02   3.1485300e+01   7.7442501e+00  -4.1000000e+01   4.2979939e+01
   3.1000000e+01   4.5000000e+01  -1.5365886e+02   3.3325401e+01   9.1960637e+00  -4.1000000e+01   4.0245684e+01
   3.1000000e+01   4.5000000e+01  -1.5152037e+02   3.4809941e+01   9.0307793e+00  -4.1000000e+01   3.4894456e+01
   3.1000000e+01   4.5000000e+01  -1.4990775e+02   3.6655853e+01   9.9531099e+00  -4.1000000e+01   3.1949468e+01
   3.1000000e+01   4.5000000e+01  -1.5147283e+02   3.8331827e+01   1.2108677e+01  -4.1000000e+01   2.9148304e+01
   3.1000000e+01   4.5000000e+01  -1.4874292e+02   3.9198705e+01   1.2133587e+01  -4.1000000e+01   2.5172857e+01
   3.1000000e+01   4.5000000e+01  -1.4794998e+02   4.0518720e+01   1.3420825e+01  -4.1000000e+01   2.1950933e+01
   3.1000000e+01   4.5000000e+01  -1.4634403e+02   4.2013677e+01   1.4890511e+01  -4.1000000e+01   1.7920037e+01
   3.1000000e+01   4.5000000e+01  -1.4513479e+02   4.4231833e+01   1.5990653e+01  -4.1000000e+01   1.3829623e+01
   3.1000000e+01   4.5000000e+01  -1.4499310e+02   4.5855474e+01   1.7633675e+01  -4.1000000e+01   8.7913042e+00
   3.1000000e+01   4.5000000e+01  -1.4368805e+02   4.8026901e+01   1.9734243e+01  -4.1000000e+01   4.1737222e+00
   3.1000000e+01   4.5000000e+01  -1.4403698e+02   4.9282099e+01   2.1879588e+01  -4.1000000e+01   1.4277949e+00
   3.1000000e+01   4.5000000e+01  -1.4236858e+02   5.1331547e+01   2.3802366e+01  -4.1000000e+01  -3.4087588e+00
   3.1000000e+01   4.5000000e+01  -1.4169009e+02   5.3268864e+01   2.4827834e+01  -4.1000000e+01  -8.2900483e+00
   3.1000000e+01   4.5000000e+01  -1.4154883e+02   5.3760327e+01   2.6003129e+01  -4.1000000e+01  -9.9386328e+00
   3.1000000e+01   4.5000000e+01  -1.4161366e+02   5.0443243e+01   2.7227483e+01  -4.1000000e+01  -1.0184783e+01
   3.1000000e+01   4.5000000e+01  -1.4254334e+02   4.5537040e+01   2.5828594e+01  -4.1000000e+01  -9.5257601e+00
   3.1000000e+01   4.5000000e+01  -1.4355667e+02   4.1362860e+01   2.3412065e+01  -4.1000000e+01  -5.0086486e+00
   3.1000000e+01   4.5000000e+01  -1.4777177e+02   3.7588706e+01   2.0216415e+01  -4.1000000e+01   1.7572284e+00
   3.1000000e+01   4.5000000e+01  -1.5129366e+02   3.4946418e+01   1.6380040e+01  -4.1000000e+01   7.1177545e+00
   3.1000000e+01   4.5000000e+01  -1.5313860e+02   3.0700638e+01   1.3150278e+01  -4.1000000e+01   1.4080912e+01
   3.1000000e+01   4.5000000e+01  -1.5521301e+02   2.7509708e+01   9.4371157e+00  -4.1000000e+01   2.1245886e+01
   3.1000000e+01   4.5000000e+01  -1.5486164e+02   2.4302148e+01   6.6906854e+00  -4.1000000e+01   2.9461718e+01
   3.1000000e+01   4.5000000e+01  -1.5663263e+02   2.3183347e+01   2.8755762e+00  -4.1000000e+01   3.6327766e+01
   3.1000000e+01   4.5000000e+01  -1.5984767e+02   2.1915442e+01  -2.6116679e-01  -4.1000000e+01   4.3675906e+01
   3.1000000e+01   4.5000000e+01  -1.5789321e+02   2.1030242e+01  -2.4396720e+00  -4.1000000e+01   5.0710916e+01
   3.1000000e+01   4.5000000e+01  -1.5763001e+02   2.2273019e+01  -4.8046673e+00  -4.1000000e+01   5.7604974e+01
   3.1000000e+01   4.5000000e+01  -1.5704391e+02   2.3429269e+01  -6.3475785e+00  -4.1000000e+01   5.8588721e+01
   3.1000000e+01   4.5000000e+01  -1.5336570e+02   2.3323641e+01  -6.4428173e+00  -4.1000000e+01   5.7063289e+01
   3.1000000e+01   4.5000000e+01  -1.5195051e+02   2.4023176e+01  -6.4917790e+00  -4.1000000e+01   5.4573143e+01
   3.1000000e+01   4.5000000e+01  -1.5307833e+02   2.6207676e+01  -6.0533656e+00  -4.1000000e+01   5.0747260e+01
   3.1000000e+01   4.5000000e+01  -1.5216828e+02   2.6907765e+01  -3.0624131e+00  -4.1000000e+01   5.0291419e+01
   3.1000000e+01   4.5000000e+01  -1.5328430e+02   2.7989315e+01  -5.5616483e-01  -4.1000000e+01   4.8795752e+01
   3.1000000e+01   4.5000000e+01  -1.5518394e+02   2.9804274e+01   2.1675261e+00  -4.1000000e+01   4.8495977e+01
   3.1000000e+01   4.5000000e+01  -1.5413099e+02   2.9095248e+01   3.8975767e+00  -4.1000000e+01   4.8756296e+01
   3.1000000e+01   4.5000000e+01  -1.5467873e+02   3.0275162e+01   5.6345390e+00  -4.1000000e+01   4.7698224e+01
   3.1000000e+01   4.5000000e+01  -1.5579470e+02   3.1942768e+01   7.2099301e+00  -4.1000000e+01   4.5135031e+01
   3.1000000e+01   4.5000000e+01  -1.5477301e+02   3.2754259e+01   7.1227306e+00  -4.1000000e+01   4.0816819e+01
   3.1000000e+01   4.5000000e+01  -1.5148628e+02   3.4382313e+01   9.8810567e+00  -4.1000000e+01   3.9399928e+01
   3.1000000e+01   4.5000000e+01  -1.4970459e+02   3.5386799e+01   9.9070068e+00  -4.1000000e+01   3.6357188e+01
   3.1000000e+01   4.5000000e+01  -1.4886691e+02   3.7547737e+01   8.6558548e+00  -4.1000000e+01   3.2363188e+01
   3.1000000e+01   4.5000000e+01  -1.4863813e+02   3.9029998e+01   1.0353431e+01  -4.1000000e+01   3.0647796e+01
   3.1000000e+01   4.5000000e+01  -1.4994538e+02   4.0279794e+01   1.1799667e+01  -4.1000000e+01   2.7852517e+01
   3.1000000e+01   4.5000000e+01  -1.4647216e+02   4.0423747e+01   1.1360792e+01  -4.1000000e+01   2.4490467e+01
   3.1000000e+01   4.5000000e+01  -1.4586497e+02   4.2027947e+01   1.1269263e+01  -4.1000000e+01   1.8369551e+01
   3.1000000e+01   4.5000000e+01  -1.4571935e+02   4.4501972e+01   1.2703934e+01  -4.1000000e+01   1.5330848e+01
   3.1000000e+01   4.5000000e+01  -1.4546546e+02   4.5740045e+01   1.4786870e+01  -4.1000000e+01   1.1440788e+01
   3.1000000e+01   4.5000000e+01  -1.4507795e+02   4.7698137e+01   1.7172329e+01  -4.1000000e+01   8.4318197e+00
   3.1000000e+01   4.5000000e+01  -1.4484884e+02   4.9400034e+01   1.8648586e+01  -4.1000000e+01   4.4188409e+00
   3.1000000e+01   4.5000000e+01  -1.4422484e+02   5.1103320e+01   2.0270433e+01  -4.1000000e+01   6.0339844e-01
   3.1000000e+01   4.5000000e+01  -1.4283503e+02   5.2253384e+01   2.2351799e+01  -4.1000000e+01  -3.2634859e+00
   3.1000000e+01   4.5000000e+01  -1.4086853e+02   5.3532538e+01   2.4242934e+01  -4.1000000e+01  -7.5224737e+00
   3.1000000e+01   4.5000000e+01  -1.4084886e+02   5.4505179e+01   2.4736682e+01  -4.1000000e+01  -1.1552998e+01
   3.1000000e+01   4.5000000e+01  -1.4216791e+02   4.9880360e+01   2.4920125e+01  -4.1000000e+01  -1.3037808e+01
   3.1000000e+01   4.5000000e+01  -1.4204878e+02   4.4204946e+01   2.4973666e+01  -4.1000000e+01  -1.0137300e+01
   3.1000000e+01   4.5000000e+01  -1.4443967e+02   4.0391744e+01   2.2885499e+01  -4.1000000e+01  -5.3124976e+00
   3.1000000e+01   4.5000000e+01  -1.4685886e+02   3.7056199e+01   1.9949218e+01  -4.1000000e+01   1.0943265e+00
   3.1000000e+01   4.5000000e+01  -1.5354267e+02   3.3715622e+01   1.5979951e+01  -4.1000000e+01   9.9772702e+00
   3.1000000e+01   4.5000000e+01  -1.5786612e+02   3.1331181e+01   1.1827471e+01  -4.1000000e+01   1.6686233e+01
   3.1000000e+01   4.5000000e+01  -1.6103000e+02   2.7480028e+01   6.9852074e+00  -4.1000000e+01   2.5066270e+01
   3.1000000e+01   4.5000000e+01  -1.5687167e+02   2.3231133e+01   2.6922660e+00  -4.1000000e+01   3.3196325e+01
   3.1000000e+01   4.5000000e+01  -1.5141022e+02   1.9401871e+01  -2.2879524e+00  -4.1000000e+01   4.0455700e+01
   3.1000000e+01   4.5000000e+01  -1.5392481e+02   1.7694021e+01  -5.8140595e+00  -4.1000000e+01   4.9879640e+01
   3.1000000e+01   4.5000000e+01  -1.5581727e+02   2.0281079e+01  -8.8288456e+00  -4.1000000e+01   5.6652917e+01
   3.1000000e+01   4.5000000e+01  -1.5663986e+02   2.3183406e+01  -8.8435595e+00  -4.1000000e+01   6.0329633e+01
   3.1000000e+01   4.5000000e+01  -1.5571206e+02   2.4386291e+01  -8.0075805e+00  -4.1000000e+01   5.8768119e+01
   3.1000000e+01   4.5000000e+01  -1.5516975e+02   2.5883978e+01  -6.7850813e+00  -4.1000000e+01   5.7284640e+01
   3.1000000e+01   4.5000000e+01  -1.5556880e+02   2.6953636e+01  -5.5756522e+00  -4.1000000e+01   5.3412158e+01
   3.1000000e+01   4.5000000e+01  -1.5537131e+02   2.8192804e+01  -4.0925462e+00  -4.1000000e+01   4.8336876e+01
   3.1000000e+01   4.5000000e+01  -1.5640276e+02   2.8603011e+01  -1.4272103e+00  -4.1000000e+01   4.8407383e+01
   3.1000000e+01   4.5000000e+01  -1.5647707e+02   3.0807949e+01   1.6780561e+00  -4.1000000e+01   4.6777268e+01
   3.1000000e+01   4.5000000e+01  -1.5591742e+02   3.2450751e+01   4.4781654e+00  -4.1000000e+01   4.6131822e+01
   3.1000000e+01   4.5000000e+01  -1.5154154e+02   3.2474953e+01   6.4036476e+00  -4.1000000e+01   4.3934694e+01
   3.1000000e+01   4.5000000e+01  -1.5028561e+02   3.3154172e+01   7.9656617e+00  -4.1000000e+01   3.9837014e+01
   3.1000000e+01   4.5000000e+01  -1.5117642e+02   3.5468787e+01   8.0236631e+00  -4.1000000e+01   3.5339768e+01
   3.1000000e+01   4.5000000e+01  -1.5062756e+02   3.8031537e+01   9.8006894e+00  -4.1000000e+01   3.1989771e+01
   3.1000000e+01   4.5000000e+01  -1.5015043e+02   4.0207503e+01   1.2775916e+01  -4.1000000e+01   2.9359500e+01
   3.1000000e+01   4.5000000e+01  -1.4789690e+02   4.0989802e+01   1.2272080e+01  -4.1000000e+01   2.6274890e+01
   3.1000000e+01   4.5000000e+01  -1.4833045e+02   4.2746089e+01   1.3518840e+01  -4.1000000e+01   2.0835979e+01
   3.1000000e+01   4.5000000e+01  -1.4653892e+02   4.4583989e+01   1.5000888e+01  -4.1000000e+01   1.7602419e+01
   3.1000000e+01   4.5000000e+01  -1.4408401e+02   4.5574472e+01   1.6075571e+01  -4.1000000e+01   1.2686847e+01
   3.1000000e+01   4.5000000e+01  -1.4213842e+02   4.6981822e+01   1.7095231e+01  -4.1000000e+01   9.0187500e+00
   3.1000000e+01   4.5000000e+01  -1.4274884e+02   4.7796075e+01   1.8742402e+01  -4.1000000e+01   5.7886461e+00
   3.1000000e+01   4.5000000e+01  -1.4355966e+02   4.9706424e+01   2.0781230e+01  -4.1000000e+01   2.2838128e+00
   3.1000000e+01   4.5000000e+01  -1.4286836e+02   5.1493076e+01   2.2101881e+01  -4.1000000e+01  -2.7334646e+00
   3.1000000e+01   4.5000000e+01  -1.4129969e+02   5.3479252e+01   2.4218492e+01  -4.1000000e+01  -6.7422585e+00
   3.1000000e+01   4.5000000e+01  -1.3953755e+02   5.5274071e+01   2.4721235e+01  -4.1000000e+01  -1.1715793e+01
   3.1000000e+01   4.5000000e+01  -1.3849539e+02   5.6162498e+01   2.5659334e+01  -4.1000000e+01  -1.4097926e+01
   3.1000000e+01   4.5000000e+01  -1.4114787e+02   5.3255487e+01   2.8003895e+01  -4.1000000e+01  -1.2529229e+01
   3.1000000e+01   4.5000000e+01  -1.4471224e+02   4.9743515e+01   2.8002657e+01  -4.1000000e+01  -8.2854832e+00
   3.1000000e+01   4.5000000e+01  -1.4564798e+02   4.4539906e+01   2.3283738e+01  -4.1000000e+01  -2.1613626e+00
   3.1000000e+01   4.5000000e+01  -1.4823105e+02   4.0315807e+01   1.8473618e+01  -4.1000000e+01   5.3602527e+00
   3.1000000e+01   4.5000000e+01  -1.5018007e+02   3.6345600e+01   1.6018555e+01  -4.1000000e+01   1.2752470e+01
   3.1000000e+01   4.5000000e+01  -1.5358801e+02   3.2442062e+01   1.1881905e+01  -4.1000000e+01   1.5606353e+01
   3.1000000e+01   4.5000000e+01  -1.5681707e+02   2.8398366e+01   1.0014634e+01  -4.1000000e+01   2.2319894e+01
   3.1000000e+01   4.5000000e+01  -1.5971969e+02   2.5260411e+01   6.5096576e+00  -4.1000000e+01   3.0856401e+01
   3.1000000e+01   4.5000000e+01  -1.6020563e+02   2.1922295e+01   3.2937458e+00  -4.1000000e+01   3.9705561e+01
   3.1000000e+01   4.5000000e+01  -1.6003978e+02   1.9638325e+01  -1.7928986e-01  -4.1000000e+01   4.7978481e+01
   3.1000000e+01   4.5000000e+01  -1.5879102e+02   1.8763030e+01  -3.5918301e+00  -4.1000000e+01   5.6715756e+01
   3.1000000e+01   4.5000000e+01  -1.5626220e+02   1.9886499e+01  -6.9029420e+00  -4.1000000e+01   6.1730928e+01
   3.1000000e+01   4.5000000e+01  -1.5615751e+02   2.1939797e+01  -9.8780961e+00  -4.1000000e+01   6.1567970e+01
   3.1000000e+01   4.5000000e+01  -1.5629341e+02   2.3559709e+01  -1.2139097e+01  -4.1000000e+01   5.9112008e+01
   3.1000000e+01   4.5000000e+01  -1.5540262e+02   2.4225532e+01  -1.1906735e+01  -4.1000000e+01   5.8134871e+01
   3.1000000e+01   4.5000000e+01  -1.5407929e+02   2.5568267e+01  -1.1701412e+01  -4.1000000e+01   5.5392672e+01
   3.1000000e+01   4.5000000e+01  -1.5387045e+02   2.6068856e+01  -1.0263480e+01  -4.1000000e+01   5.2899260e+01
   3.1000000e+01   4.5000000e+01  -1.5239059e+02   2.6220397e+01  -9.4807434e+00  -4.1000000e+01   5.0628354e+01
   3.1000000e+01   4.5000000e+01  -1.5287958e+02   2.7018419e+01  -6.7527671e+00  -4.1000000e+01   5.0794287e+01
   3.1000000e+01   4.5000000e+01  -1.5446018e+02   2.8279985e+01  -4.4835050e+00  -4.1000000e+01   4.8201159e+01
   3.1000000e+01   4.5000000e+01  -1.5518545e+02   2.9537716e+01  -2.0767084e+00  -4.1000000e+01   4.9436026e+01
   3.1000000e+01   4.5000000e+01  -1.5574402e+02   2.9752156e+01   5.6053335e-01  -4.1000000e+01   5.0156354e+01
   3.1000000e+01   4.5000000e+01  -1.5388747e+02   2.9811413e+01   2.8962324e+00  -4.1000000e+01   5.0553161e+01
   3.1000000e+01   4.5000000e+01  -1.5201512e+02   2.9954637e+01   3.2799698e+00  -4.1000000e+01   4.8669503e+01
   3.1000000e+01   4.5000000e+01  -1.5346599e+02   3.2170368e+01   5.0310780e+00  -4.1000000e+01   4.6957167e+01
   3.1000000e+01   4.5000000e+01  -1.5333212e+02   3.3048778e+01   6.3230851e+00  -4.1000000e+01   4.6008257e+01
   3.1000000e+01   4.5000000e+01  -1.5426582e+02   3.3706520e+01   7.6736823e+00  -4.1000000e+01   4.3592724e+01
   3.1000000e+01   4.5000000e+01  -1.5414275e+02   3.4452549e+01   9.3443151e+00  -4.1000000e+01   4.1242507e+01
   3.1000000e+01   4.5000000e+01  -1.5320166e+02   3.7321134e+01   9.0520577e+00  -4.1000000e+01   3.6609816e+01
   3.1000000e+01   4.5000000e+01  -1.5297806e+02   3.8526613e+01   1.0014027e+01  -4.1000000e+01   3.4022195e+01
   3.1000000e+01   4.5000000e+01  -1.5145324e+02   4.0166028e+01   1.0831468e+01  -4.1000000e+01   3.0343204e+01
   3.1000000e+01   4.5000000e+01  -1.5013211e+02   4.1242234e+01   1.1729397e+01  -4.1000000e+01   2.7047860e+01
   3.1000000e+01   4.5000000e+01  -1.4999444e+02   4.2089709e+01   1.2107484e+01  -4.1000000e+01   2.3526096e+01
   3.1000000e+01   4.5000000e+01  -1.4822035e+02   4.4295208e+01   1.4233745e+01  -4.1000000e+01   2.0271263e+01
   3.1000000e+01   4.5000000e+01  -1.4587458e+02   4.5538981e+01   1.5442440e+01  -4.1000000e+01   1.6395355e+01
   3.1000000e+01   4.5000000e+01  -1.4673544e+02   4.8018259e+01   1.7370586e+01  -4.1000000e+01   1.1685107e+01
   3.1000000e+01   4.5000000e+01  -1.4529181e+02   5.0009357e+01   1.8463585e+01  -4.1000000e+01   7.1039847e+00
   3.1000000e+01   4.5000000e+01  -1.4336522e+02   5.1185431e+01   1.9791962e+01  -4.1000000e+01   1.5850418e+00
   3.1000000e+01   4.5000000e+01  -1.4253303e+02   5.2689783e+01   2.0640565e+01  -4.1000000e+01  -2.4827228e+00
   3.1000000e+01   4.5000000e+01  -1.4155695e+02   5.0777792e+01   2.2485764e+01  -4.1000000e+01  -3.2167974e+00
   3.1000000e+01   4.5000000e+01  -1.4347020e+02   4.5978551e+01   2.2839439e+01  -4.1000000e+01  -4.6677379e+00
   3.1000000e+01   4.5000000e+01  -1.4547514e+02   4.0181351e+01   2.3581104e+01  -4.1000000e+01  -4.3690785e+00
   3.1000000e+01   4.5000000e+01  -1.4599242e+02   3.4951429e+01   2.0640593e+01  -4.1000000e+01  -5.9470417e+00
   3.1000000e+01   4.5000000e+01  -1.4917555e+02   3.1481270e+01   1.6638700e+01  -4.1000000e+01  -4.2291335e+00
   3.1000000e+01   4.5000000e+01  -1.5178161e+02   2.9188942e+01   1.3579209e+01  -4.1000000e+01   1.8412202e+00
   3.1000000e+01   4.5000000e+01  -1.5660762e+02   2.7724397e+01   1.0725422e+01  -4.1000000e+01   9.2835475e+00
   3.1000000e+01   4.5000000e+01  -1.5813979e+02   2.6262317e+01   6.9530680e+00  -4.1000000e+01   1.7528286e+01
   3.1000000e+01   4.5000000e+01  -1.5521270e+02   2.4142351e+01   1.3215884e+00  -4.1000000e+01   2.5815817e+01
   3.1000000e+01   4.5000000e+01  -1.5530272e+02   2.3876059e+01  -3.3448003e+00  -4.1000000e+01   3.5638786e+01
   3.1000000e+01   4.5000000e+01  -1.5557031e+02   2.3345993e+01  -7.9324434e+00  -4.1000000e+01   4.4882537e+01
   3.1000000e+01   4.5000000e+01  -1.5564546e+02   2.3767378e+01  -9.7158937e+00  -4.1000000e+01   5.3627505e+01
   3.1000000e+01   4.5000000e+01  -1.5678252e+02   2.4539034e+01  -9.2915300e+00  -4.1000000e+01   5.7486407e+01
   3.1000000e+01   4.5000000e+01  -1.5498724e+02   2.3891933e+01  -7.5086937e+00  -4.1000000e+01   5.7733282e+01
   3.1000000e+01   4.5000000e+01  -1.5719445e+02   2.5551006e+01  -5.2567418e+00  -4.1000000e+01   5.7230942e+01
   3.1000000e+01   4.5000000e+01  -1.5577379e+02   2.6079053e+01  -3.4525706e+00  -4.1000000e+01   5.6421248e+01
   3.1000000e+01   4.5000000e+01  -1.5590034e+02   2.6424199e+01  -1.7603836e+00  -4.1000000e+01   5.3767306e+01
   3.1000000e+01   4.5000000e+01  -1.5571138e+02   2.7644618e+01  -1.8222007e-01  -4.1000000e+01   5.2561665e+01
   3.1000000e+01   4.5000000e+01  -1.5708112e+02   2.7866139e+01   8.3154287e-01  -4.1000000e+01   4.8153615e+01
   3.1000000e+01   4.5000000e+01  -1.5573774e+02   2.9800600e+01   4.4027963e+00  -4.1000000e+01   4.8962236e+01
   3.1000000e+01   4.5000000e+01  -1.5653990e+02   3.1281947e+01   5.6317729e+00  -4.1000000e+01   4.7537461e+01
   3.1000000e+01   4.5000000e+01  -1.5481585e+02   3.1472675e+01   6.2833754e+00  -4.1000000e+01   4.6161664e+01
   3.1000000e+01   4.5000000e+01  -1.5644817e+02   3.2982905e+01   8.4731770e+00  -4.1000000e+01   4.5168758e+01
   3.1000000e+01   4.5000000e+01  -1.5429648e+02   3.3670748e+01   9.5595152e+00  -4.1000000e+01   4.1087538e+01
   3.1000000e+01   4.5000000e+01  -1.5358264e+02   3.4904268e+01   9.6563275e+00  -4.1000000e+01   3.7080371e+01
   3.1000000e+01   4.5000000e+01  -1.5399387e+02   3.7306892e+01   1.0190693e+01  -4.1000000e+01   3.4274496e+01
   3.1000000e+01   4.5000000e+01  -1.5298508e+02   3.8630747e+01   1.1649011e+01  -4.1000000e+01   3.1646214e+01
   3.1000000e+01   4.5000000e+01  -1.5152706e+02   3.9442858e+01   1.2128160e+01  -4.1000000e+01   2.9395085e+01
   3.1000000e+01   4.5000000e+01  -1.5122536e+02   4.1006185e+01   1.2370637e+01  -4.1000000e+01   2.5631817e+01
   3.1000000e+01   4.5000000e+01  -1.4976023e+02   4.2920631e+01   1.3880814e+01  -4.1000000e+01   2.1531089e+01
   3.1000000e+01   4.5000000e+01  -1.4712840e+02   4.4101596e+01   1.4691469e+01  -4.1000000e+01   1.7842076e+01
   3.1000000e+01   4.5000000e+01  -1.4700366e+02   4.5575550e+01   1.6141934e+01  -4.1000000e+01   1.3645375e+01
   3.1000000e+01   4.5000000e+01  -1.4637178e+02   4.7324836e+01   1.8378810e+01  -4.1000000e+01   1.0861735e+01
   3.1000000e+01   4.5000000e+01  -1.4451753e+02   4.8036745e+01   1.9153648e+01  -4.1000000e+01   6.4714595e+00
   3.1000000e+01   4.5000000e+01  -1.4421878e+02   4.8346330e+01   2.1220125e+01  -4.1000000e+01   4.6102184e+00
   3.1000000e+01   4.5000000e+01  -1.4367493e+02   5.1000684e+01   2.2774739e+01  -4.1000000e+01  -5.9015080e-02
   3.1000000e+01   4.5000000e+01  -1.4233044e+02   5.3033866e+01   2.4939540e+01  -4.1000000e+01  -4.3926443e+00
   3.1000000e+01   4.5000000e+01  -1.4186926e+02   5.4396414e+01   2.5939581e+01  -4.1000000e+01  -8.2161403e+00
   3.1000000e+01   4.5000000e+01  -1.4075781e+02   5.5486110e+01   2.6666852e+01  -4.1000000e+01  -1.1824595e+01
   3.1000000e+01   4.5000000e+01  -1.4156893e+02   5.2525115e+01   2.7648024e+01  -4.1000000e+01  -1.5124270e+01
   3.1000000e+01   4.5000000e+01  -1.4242694e+02   4.8669972e+01   2.8431928e+01  -4.1000000e+01  -1.3704210e+01
   3.1000000e+01   4.5000000e+01  -1.4478763e+02   4.4142182e+01   2.7410141e+01  -4.1000000e+01  -8.5190930e+00
   3.1000000e+01   4.5000000e+01  -1.4889086e+02   4.0324098e+01   2.5602591e+01  -4.1000000e+01  -2.2019630e+00
   3.1000000e+01   4.5000000e+01  -1.5217250e+02   3.7758492e+01   2.1956772e+01  -4.1000000e+01   3.7329864e+00
   3.1000000e+01   4.5000000e+01  -1.5615369e+02   3.5252550e+01   1.6464213e+01  -4.1000000e+01   1.0782407e+01
   3.1000000e+01   4.5000000e+01  -1.5916353e+02   3.2063789e+01   1.0964163e+01  -4.1000000e+01   1.6498685e+01
   3.1000000e+01   4.5000000e+01  -1.5790139e+02   2.7698489e+01   5.3806296e+00  -4.1000000e+01   2.3652923e+01
   3.1000000e+01   4.5000000e+01  -1.5768135e+02   2.4600526e+01   2.0575898e+00  -4.1000000e+01   3.1963853e+01
   3.1000000e+01   4.5000000e+01  -1.5614433e+02   2.2102162e+01  -1.3243135e+00  -4.1000000e+01   3.8888369e+01
   3.1000000e+01   4.5000000e+01  -1.5592356e+02   1.9938847e+01  -3.8733586e+00  -4.1000000e+01   4.6398724e+01
   3.1000000e+01   4.5000000e+01  -1.5397889e+02   1.9541249e+01  -5.8616123e+00  -4.1000000e+01   5.3315733e+01
   3.1000000e+01   4.5000000e+01  -1.5478448e+02   2.2444714e+01  -7.1634142e+00  -4.1000000e+01   5.6258324e+01
   3.1000000e+01   4.5000000e+01  -1.5341270e+02   2.2966441e+01  -5.7495210e+00  -4.1000000e+01   5.7575320e+01
   3.1000000e+01   4.5000000e+01  -1.5375718e+02   2.4549725e+01  -5.0971299e+00  -4.1000000e+01   5.3779791e+01
   3.1000000e+01   4.5000000e+01  -1.5354824e+02   2.5587014e+01  -4.1093484e+00  -4.1000000e+01   5.1540533e+01
   3.1000000e+01   4.5000000e+01  -1.5384369e+02   2.6427396e+01  -4.1883087e+00  -4.1000000e+01   4.7429182e+01
   3.1000000e+01   4.5000000e+01  -1.5473250e+02   2.7331634e+01  -1.5701063e+00  -4.1000000e+01   4.6685166e+01
   3.1000000e+01   4.5000000e+01  -1.5415462e+02   2.8430383e+01   2.0024502e+00  -4.1000000e+01   4.8650308e+01
   3.1000000e+01   4.5000000e+01  -1.5374304e+02   2.9174142e+01   6.4492760e+00  -4.1000000e+01   4.8862080e+01
   3.1000000e+01   4.5000000e+01  -1.5217066e+02   3.0424153e+01   6.3804124e+00  -4.1000000e+01   4.6208083e+01
   3.1000000e+01   4.5000000e+01  -1.5049677e+02   3.0777440e+01   7.5212579e+00  -4.1000000e+01   4.5126605e+01
   3.1000000e+01   4.5000000e+01  -1.5018923e+02   3.2445187e+01   9.0823948e+00  -4.1000000e+01   4.1012483e+01
   3.1000000e+01   4.5000000e+01  -1.5051519e+02   3.4072522e+01   9.2304087e+00  -4.1000000e+01   3.5745808e+01
   3.1000000e+01   4.5000000e+01  -1.4928597e+02   3.6064594e+01   1.0040991e+01  -4.1000000e+01   3.2459606e+01
   3.1000000e+01   4.5000000e+01  -1.4854672e+02   3.7326171e+01   1.1170900e+01  -4.1000000e+01   2.8463477e+01
   3.1000000e+01   4.5000000e+01  -1.4905123e+02   3.9427994e+01   1.3384951e+01  -4.1000000e+01   2.5941755e+01
   3.1000000e+01   4.5000000e+01  -1.4754593e+02   4.0420453e+01   1.4146323e+01  -4.1000000e+01   2.1913994e+01
   3.1000000e+01   4.5000000e+01  -1.4579931e+02   4.1799010e+01   1.4806609e+01  -4.1000000e+01   1.8190604e+01
   3.1000000e+01   4.5000000e+01  -1.4463098e+02   4.3371828e+01   1.5447894e+01  -4.1000000e+01   1.5111659e+01
   3.1000000e+01   4.5000000e+01  -1.4289133e+02   4.4443664e+01   1.7814353e+01  -4.1000000e+01   1.1733591e+01
   3.1000000e+01   4.5000000e+01  -1.4253824e+02   4.6130962e+01   1.8865423e+01  -4.1000000e+01   6.8338964e+00
   3.1000000e+01   4.5000000e+01  -1.4226150e+02   4.8399948e+01   2.0863048e+01  -4.1000000e+01   4.4006318e+00
   3.1000000e+01   4.5000000e+01  -1.4167440e+02   4.9839057e+01   2.3352766e+01  -4.1000000e+01   1.2892438e+00
   3.1000000e+01   4.5000000e+01  -1.4116363e+02   5.1129842e+01   2.5808511e+01  -4.1000000e+01  -1.8354969e+00
   3.1000000e+01   4.5000000e+01  -1.4009527e+02   5.2282727e+01   2.9449185e+01  -4.1000000e+01  -2.5367177e+00
   3.1000000e+01   4.5000000e+01  -1.3903882e+02   5.3287435e+01   2.9227913e+01  -4.1000000e+01  -7.2779573e+00
   3.1000000e+01   4.5000000e+01  -1.4113621e+02   5.0552322e+01   2.9424728e+01  -4.1000000e+01  -8.5514820e+00
   3.1000000e+01   4.5000000e+01  -1.4226939e+02   4.4535310e+01   2.6451097e+01  -4.1000000e+01  -6.3128745e+00
   3.1000000e+01   4.5000000e+01  -1.4534738e+02   3.9164432e+01   2.5403825e+01  -4.1000000e+01  -2.5288269e+00
   3.1000000e+01   4.5000000e+01  -1.4892073e+02   3.5010916e+01   2.2854079e+01  -4.1000000e+01  -1.1874693e+00
   3.1000000e+01   4.5000000e+01  -1.5115817e+02   3.2111549e+01   1.9910507e+01  -4.1000000e+01   5.3032233e+00
   3.1000000e+01   4.5000000e+01  -1.5681452e+02   2.8554780e+01   1.5435038e+01  -4.1000000e+01   1.3466711e+01
   3.1000000e+01   4.5000000e+01  -1.5917726e+02   2.6758612e+01   1.0855579e+01  -4.1000000e+01   2.1876843e+01
   3.1000000e+01   4.5000000e+01  -1.5805495e+02   2.3919926e+01   4.7890609e+00  -4.1000000e+01   3.0502584e+01
   3.1000000e+01   4.5000000e+01  -1.5901841e+02   2.1227639e+01   1.2366372e-02  -4.1000000e+01   3.9632133e+01
   3.1000000e+01   4.5000000e+01  -1.5672988e+02   1.9814918e+01  -2.6841115e+00  -4.1000000e+01   4.9145216e+01
   3.1000000e+01   4.5000000e+01  -1.5660033e+02   2.1075698e+01  -6.6903083e+00  -4.1000000e+01   5.4871696e+01
   3.1000000e+01   4.5000000e+01  -1.5630330e+02   2.3278503e+01  -9.6370764e+00  -4.1000000e+01   5.2603788e+01
   3.1000000e+01   4.5000000e+01  -1.5305980e+02   2.4487355e+01  -8.0038167e+00  -4.1000000e+01   5.5046087e+01
   3.1000000e+01   4.5000000e+01  -1.5218416e+02   2.5157489e+01  -6.9046333e+00  -4.1000000e+01   5.2274192e+01
   3.1000000e+01   4.5000000e+01  -1.5273277e+02   2.7100086e+01  -5.0462695e+00  -4.1000000e+01   4.9592757e+01
   3.1000000e+01   4.5000000e+01  -1.5269203e+02   2.8905658e+01  -1.2148414e+00  -4.1000000e+01   4.7165239e+01
   3.1000000e+01   4.5000000e+01  -1.5492798e+02   2.9740418e+01   1.6621581e+00  -4.1000000e+01   4.5458124e+01
   3.1000000e+01   4.5000000e+01  -1.5577125e+02   3.0997931e+01   4.4831443e+00  -4.1000000e+01   4.5615102e+01
   3.1000000e+01   4.5000000e+01  -1.5631689e+02   3.0750223e+01   6.5379108e+00  -4.1000000e+01   4.5182917e+01
   3.1000000e+01   4.5000000e+01  -1.5397473e+02   3.0600108e+01   9.5141783e+00  -4.1000000e+01   4.3740751e+01
   3.1000000e+01   4.5000000e+01  -1.5120653e+02   3.0520020e+01   9.7628862e+00  -4.1000000e+01   4.1009657e+01
   3.1000000e+01   4.5000000e+01  -1.5086231e+02   3.2126786e+01   1.1222393e+01  -4.1000000e+01   3.9682821e+01
   3.1000000e+01   4.5000000e+01  -1.5039185e+02   3.4412542e+01   1.2040508e+01  -4.1000000e+01   3.4988164e+01
   3.1000000e+01   4.5000000e+01  -1.4728048e+02   3.5041681e+01   1.2835582e+01  -4.1000000e+01   3.2075181e+01
   3.1000000e+01   4.5000000e+01  -1.4760125e+02   3.7383460e+01   1.3050663e+01  -4.1000000e+01   2.7454939e+01
   3.1000000e+01   4.5000000e+01  -1.4772716e+02   3.9173850e+01   1.4214681e+01  -4.1000000e+01   2.3968217e+01
   3.1000000e+01   4.5000000e+01  -1.4687916e+02   4.0786001e+01   1.6571667e+01  -4.1000000e+01   2.0902174e+01
   3.1000000e+01   4.5000000e+01  -1.4462737e+02   4.1928037e+01   1.6685144e+01  -4.1000000e+01   1.6884479e+01
   3.1000000e+01   4.5000000e+01  -1.4235447e+02   4.3317608e+01   1.7671058e+01  -4.1000000e+01   1.1707589e+01
   3.1000000e+01   4.5000000e+01  -1.4242758e+02   4.4253470e+01   2.0445483e+01  -4.1000000e+01   9.3108010e+00
   3.1000000e+01   4.5000000e+01  -1.4172740e+02   4.5973977e+01   2.1925223e+01  -4.1000000e+01   5.0393844e+00
   3.1000000e+01   4.5000000e+01  -1.4245999e+02   4.7494768e+01   2.3264157e+01  -4.1000000e+01   1.2577610e+00
   3.1000000e+01   4.5000000e+01  -1.4043800e+02   5.0357014e+01   2.4883542e+01  -4.1000000e+01  -3.5549991e+00
   3.1000000e+01   4.5000000e+01  -1.3899893e+02   5.2322450e+01   2.5982504e+01  -4.1000000e+01  -8.2016869e+00
   3.1000000e+01   4.5000000e+01  -1.3713094e+02   5.4356754e+01   2.6715073e+01  -4.1000000e+01  -1.3229282e+01
   3.1000000e+01   4.5000000e+01  -1.3507994e+02   5.5688235e+01   2.8431612e+01  -4.1000000e+01  -1.6258621e+01
   3.1000000e+01   4.5000000e+01  -1.3584168e+02   5.4835676e+01   2.9965517e+01  -4.1000000e+01  -1.6091714e+01
   3.1000000e+01   4.5000000e+01  -1.3826554e+02   5.0909209e+01   2.8581516e+01  -4.1000000e+01  -1.3873144e+01
   3.1000000e+01   4.5000000e+01  -1.4304981e+02   4.5712574e+01   2.7437982e+01  -4.1000000e+01  -1.0072985e+01
   3.1000000e+01   4.5000000e+01  -1.4539764e+02   4.1161545e+01   2.6058724e+01  -4.1000000e+01  -4.5884235e+00
   3.1000000e+01   4.5000000e+01  -1.4910935e+02   3.7612782e+01   2.3331632e+01  -4.1000000e+01   4.0108172e+00
   3.1000000e+01   4.5000000e+01  -1.5379747e+02   3.3952050e+01   1.8091173e+01  -4.1000000e+01   1.2396397e+01
   3.1000000e+01   4.5000000e+01  -1.5523893e+02   2.9847767e+01   1.3547387e+01  -4.1000000e+01   2.1559947e+01
   3.1000000e+01   4.5000000e+01  -1.5699669e+02   2.7108684e+01   9.2498897e+00  -4.1000000e+01   3.1657994e+01
   3.1000000e+01   4.5000000e+01  -1.5964455e+02   2.4463865e+01   3.8900034e+00  -4.1000000e+01   4.1224710e+01
   3.1000000e+01   4.5000000e+01  -1.5957970e+02   2.2687117e+01  -6.6614969e-01  -4.1000000e+01   4.9977677e+01
   3.1000000e+01   4.5000000e+01  -1.5908490e+02   2.2079598e+01  -4.1117496e+00  -4.1000000e+01   5.6339961e+01
   3.1000000e+01   4.5000000e+01  -1.5871304e+02   2.2335473e+01  -7.0503728e+00  -4.1000000e+01   5.7365588e+01
   3.1000000e+01   4.5000000e+01  -1.5783581e+02   2.4339743e+01  -8.1718467e+00  -4.1000000e+01   5.4774685e+01
   3.1000000e+01   4.5000000e+01  -1.5685454e+02   2.6874576e+01  -6.9703862e+00  -4.1000000e+01   5.3585746e+01
   3.1000000e+01   4.5000000e+01  -1.5580455e+02   2.7521482e+01  -5.7382594e+00  -4.1000000e+01   4.9645488e+01
   3.1000000e+01   4.5000000e+01  -1.5550659e+02   2.8637185e+01  -4.7683778e+00  -4.1000000e+01   4.8584031e+01
   3.1000000e+01   4.5000000e+01  -1.5571192e+02   3.0595421e+01  -1.4334428e+00  -4.1000000e+01   4.7740806e+01
   3.1000000e+01   4.5000000e+01  -1.5586471e+02   3.2006426e+01   1.5649664e+00  -4.1000000e+01   4.5790095e+01
   3.1000000e+01   4.5000000e+01  -1.5521943e+02   3.2631771e+01   3.8364676e+00  -4.1000000e+01   4.3581209e+01
   3.1000000e+01   4.5000000e+01  -1.5590402e+02   3.3524406e+01   6.3071670e+00  -4.1000000e+01   4.0523052e+01
   3.1000000e+01   4.5000000e+01  -1.5159155e+02   3.5011999e+01   6.9461809e+00  -4.1000000e+01   3.6932785e+01
   3.1000000e+01   4.5000000e+01  -1.4813090e+02   3.6239286e+01   8.8487633e+00  -4.1000000e+01   3.4117518e+01
   3.1000000e+01   4.5000000e+01  -1.4775094e+02   3.7571072e+01   9.3488132e+00  -4.1000000e+01   3.0328218e+01
   3.1000000e+01   4.5000000e+01  -1.4801375e+02   3.9245110e+01   1.0228840e+01  -4.1000000e+01   2.6219369e+01
   3.1000000e+01   4.5000000e+01  -1.4747355e+02   4.0824418e+01   1.1511661e+01  -4.1000000e+01   2.2121013e+01
   3.1000000e+01   4.5000000e+01  -1.4657468e+02   4.2842098e+01   1.2311241e+01  -4.1000000e+01   1.7640013e+01
   3.1000000e+01   4.5000000e+01  -1.4534998e+02   4.4751534e+01   1.5284867e+01  -4.1000000e+01   1.3672859e+01
   3.1000000e+01   4.5000000e+01  -1.4487960e+02   4.6368123e+01   1.6731624e+01  -4.1000000e+01   1.0652642e+01
   3.1000000e+01   4.5000000e+01  -1.4368058e+02   4.7646365e+01   1.8888367e+01  -4.1000000e+01   7.5753851e+00
   3.1000000e+01   4.5000000e+01  -1.4284682e+02   4.9362003e+01   2.0512762e+01  -4.1000000e+01   4.4979594e+00
   3.1000000e+01   4.5000000e+01  -1.4171048e+02   5.1094492e+01   2.1445982e+01  -4.1000000e+01  -4.7281448e-01
   3.1000000e+01   4.5000000e+01  -1.3989648e+02   5.2463717e+01   2.2891185e+01  -4.1000000e+01  -5.6225074e+00
   3.1000000e+01   4.5000000e+01  -1.3903948e+02   5.3651025e+01   2.3699575e+01  -4.1000000e+01  -9.6531790e+00
   3.1000000e+01   4.5000000e+01  -1.3687300e+02   5.4463761e+01   2.5600486e+01  -4.1000000e+01  -1.2970865e+01
   3.1000000e+01   4.5000000e+01  -1.3531932e+02   5.4752566e+01   2.6929911e+01  -4.1000000e+01  -1.6277551e+01
   3.1000000e+01   4.5000000e+01  -1.3404367e+02   5.5885185e+01   2.7788998e+01  -4.1000000e+01  -1.9588279e+01
   3.1000000e+01   4.5000000e+01  -1.3369315e+02   5.7254765e+01   2.7774500e+01  -4.1000000e+01  -2.3460607e+01
   3.1000000e+01   4.5000000e+01  -1.3334264e+02   5.8624345e+01   2.7760002e+01  -4.1000000e+01  -2.7332934e+01
   3.1000000e+01   4.5000000e+01  -1.3291889e+02   5.9478704e+01   2.8819662e+01  -4.1000000e+01  -2.8891587e+01
   3.1000000e+01   4.5000000e+01  -1.3371948e+02   5.6754814e+01   3.0949470e+01  -4.1000000e+01  -3.0217317e+01
   3.1000000e+01   4.5000000e+01  -1.3878736e+02   5.1832380e+01   3.3104858e+01  -4.1000000e+01  -3.0648004e+01
   3.1000000e+01   4.5000000e+01  -1.4198172e+02   4.6941558e+01   3.2393290e+01  -4.1000000e+01  -2.8898902e+01
   3.1000000e+01   4.5000000e+01  -1.4571695e+02   4.3023243e+01   2.8383903e+01  -4.1000000e+01  -2.1917667e+01
   3.1000000e+01   4.5000000e+01  -1.5177183e+02   4.0703807e+01   2.4836799e+01  -4.1000000e+01  -1.2460393e+01
   3.1000000e+01   4.5000000e+01  -1.5708368e+02   3.9339744e+01   2.3013826e+01  -4.1000000e+01  -3.2280029e+00
   3.1000000e+01   4.5000000e+01  -1.6085098e+02   3.4540371e+01   1.9090948e+01  -4.1000000e+01   7.1989789e+00
   3.1000000e+01   4.5000000e+01  -1.6132750e+02   3.1995741e+01   1.4659370e+01  -4.1000000e+01   1.7088598e+01
   3.1000000e+01   4.5000000e+01  -1.5974081e+02   2.8313090e+01   1.1391017e+01  -4.1000000e+01   2.7273018e+01
   3.1000000e+01   4.5000000e+01  -1.6008261e+02   2.6519002e+01   6.3190075e+00  -4.1000000e+01   3.7175746e+01
   3.1000000e+01   4.5000000e+01  -1.5999820e+02   2.4566407e+01   2.0803051e+00  -4.1000000e+01   4.6910844e+01
   3.1000000e+01   4.5000000e+01  -1.5985355e+02   2.4363316e+01  -2.4145532e+00  -4.1000000e+01   5.4706612e+01
   3.1000000e+01   4.5000000e+01  -1.5926224e+02   2.5083489e+01  -6.3648655e+00  -4.1000000e+01   5.8512480e+01
   3.1000000e+01   4.5000000e+01  -1.5971896e+02   2.6052035e+01  -7.3825130e+00  -4.1000000e+01   5.9269830e+01
   3.1000000e+01   4.5000000e+01  -1.5858691e+02   2.6893305e+01  -7.8257230e+00  -4.1000000e+01   5.8169120e+01
   3.1000000e+01   4.5000000e+01  -1.5746159e+02   2.6772793e+01  -7.8257593e+00  -4.1000000e+01   5.7720605e+01
   3.1000000e+01   4.5000000e+01  -1.5607523e+02   2.7593452e+01  -6.6400037e+00  -4.1000000e+01   5.5087682e+01
   3.1000000e+01   4.5000000e+01  -1.5486801e+02   2.8367792e+01  -5.4814583e+00  -4.1000000e+01   5.2463167e+01
   3.1000000e+01   4.5000000e+01  -1.5629541e+02   3.1577554e+01  -3.4883573e+00  -4.1000000e+01   4.9224315e+01
   3.1000000e+01   4.5000000e+01  -1.5467520e+02   3.3043049e+01  -2.7657978e-01  -4.1000000e+01   4.7665135e+01
   3.1000000e+01   4.5000000e+01  -1.5334436e+02   3.4404581e+01   2.0192633e+00  -4.1000000e+01   4.4589624e+01
   3.1000000e+01   4.5000000e+01  -1.5120686e+02   3.3672054e+01   2.2677924e+00  -4.1000000e+01   4.0592282e+01
   3.1000000e+01   4.5000000e+01  -1.4973934e+02   3.3866790e+01   6.3678642e+00  -4.1000000e+01   4.0565938e+01
   3.1000000e+01   4.5000000e+01  -1.4744660e+02   3.4255741e+01   5.1952933e+00  -4.1000000e+01   3.7728747e+01
   3.1000000e+01   4.5000000e+01  -1.4838843e+02   3.5848594e+01   5.9088460e+00  -4.1000000e+01   3.5345584e+01
   3.1000000e+01   4.5000000e+01  -1.4864422e+02   3.7140158e+01   7.9309463e+00  -4.1000000e+01   3.3492541e+01
   3.1000000e+01   4.5000000e+01  -1.4591476e+02   3.8196067e+01   8.2167441e+00  -4.1000000e+01   2.9332430e+01
   3.1000000e+01   4.5000000e+01  -1.4373334e+02   3.9038135e+01   6.5293930e+00  -4.1000000e+01   2.5800769e+01
   3.1000000e+01   4.5000000e+01  -1.4392822e+02   4.0328948e+01   8.6023200e+00  -4.1000000e+01   2.4269446e+01
   3.1000000e+01   4.5000000e+01  -1.4529933e+02   4.1957667e+01   1.1232505e+01  -4.1000000e+01   2.1661767e+01
   3.1000000e+01   4.5000000e+01  -1.4257624e+02   4.2844815e+01   1.1839346e+01  -4.1000000e+01   1.8132318e+01
   3.1000000e+01   4.5000000e+01  -1.4477870e+02   4.4998106e+01   1.2800258e+01  -4.1000000e+01   1.3563434e+01
   3.1000000e+01   4.5000000e+01  -1.4304623e+02   4.6023104e+01   1.5208799e+01  -4.1000000e+01   1.1030240e+01
   3.1000000e+01   4.5000000e+01  -1.4329615e+02   4.7514045e+01   1.6825088e+01  -4.1000000e+01   7.1611423e+00
   3.1000000e+01   4.5000000e+01  -1.4315248e+02   4.9286702e+01   1.9514037e+01  -4.1000000e+01   5.5801629e+00
   3.1000000e+01   4.5000000e+01  -1.4229012e+02   5.1558248e+01   2.1177419e+01  -4.1000000e+01   1.6124468e+00
   3.1000000e+01   4.5000000e+01  -1.4081438e+02   5.2931997e+01   2.2050769e+01  -4.1000000e+01  -3.9466915e+00
   3.1000000e+01   4.5000000e+01  -1.3873185e+02   5.3941059e+01   2.4460232e+01  -4.1000000e+01  -7.6478875e+00
   3.1000000e+01   4.5000000e+01  -1.3802273e+02   5.5735831e+01   2.5075865e+01  -4.1000000e+01  -1.2483286e+01
   3.1000000e+01   4.5000000e+01  -1.3524729e+02   5.6638311e+01   2.6667031e+01  -4.1000000e+01  -1.7103642e+01
   3.1000000e+01   4.5000000e+01  -1.3379667e+02   5.7598080e+01   2.8016083e+01  -4.1000000e+01  -2.0671683e+01
   3.1000000e+01   4.5000000e+01  -1.3308332e+02   5.8898616e+01   2.8914694e+01  -4.1000000e+01  -2.4072759e+01
   3.1000000e+01   4.5000000e+01  -1.3579845e+02   5.6235254e+01   3.0289498e+01  -4.1000000e+01  -2.6897517e+01
   3.1000000e+01   4.5000000e+01  -1.4048208e+02   5.2269970e+01   3.0035173e+01  -4.1000000e+01  -2.9043830e+01
   3.1000000e+01   4.5000000e+01  -1.4228517e+02   4.7401861e+01   2.7831692e+01  -4.1000000e+01  -2.4564530e+01
   3.1000000e+01   4.5000000e+01  -1.4402201e+02   4.3252440e+01   2.3203381e+01  -4.1000000e+01  -1.7307881e+01
   3.1000000e+01   4.5000000e+01  -1.4916648e+02   3.9857415e+01   1.6784740e+01  -4.1000000e+01  -1.0606731e+01
   3.1000000e+01   4.5000000e+01  -1.5318914e+02   3.5513506e+01   1.2618389e+01  -4.1000000e+01  -1.4244143e+00
   3.1000000e+01   4.5000000e+01  -1.5857989e+02   3.1903329e+01   9.5751358e+00  -4.1000000e+01   7.5098053e+00
   3.1000000e+01   4.5000000e+01  -1.5875433e+02   2.8099239e+01   6.0608145e+00  -4.1000000e+01   1.7644215e+01
   3.1000000e+01   4.5000000e+01  -1.5653259e+02   2.2913467e+01   8.4649580e-01  -4.1000000e+01   2.7239759e+01
   3.1000000e+01   4.5000000e+01  -1.5405781e+02   1.9144111e+01  -3.5352829e+00  -4.1000000e+01   3.6361472e+01
   3.1000000e+01   4.5000000e+01  -1.5221056e+02   1.7127310e+01  -6.0117899e+00  -4.1000000e+01   4.5449361e+01
   3.1000000e+01   4.5000000e+01  -1.5235300e+02   1.5676036e+01  -8.0607718e+00  -4.1000000e+01   5.4357329e+01
   3.1000000e+01   4.5000000e+01  -1.5120202e+02   1.5487040e+01  -9.5384917e+00  -4.1000000e+01   6.0519183e+01
   3.1000000e+01   4.5000000e+01  -1.5220063e+02   1.6841315e+01  -1.0201058e+01  -4.1000000e+01   6.2261871e+01
   3.1000000e+01   4.5000000e+01  -1.5374147e+02   1.9536260e+01  -9.2760850e+00  -4.1000000e+01   6.1575994e+01
   3.1000000e+01   4.5000000e+01  -1.5346412e+02   2.1206234e+01  -7.5489593e+00  -4.1000000e+01   6.1061075e+01
   3.1000000e+01   4.5000000e+01  -1.5381775e+02   2.2554156e+01  -5.8756863e+00  -4.1000000e+01   5.7267866e+01
   3.1000000e+01   4.5000000e+01  -1.5386670e+02   2.4214812e+01  -5.7825867e+00  -4.1000000e+01   5.2862343e+01
   3.1000000e+01   4.5000000e+01  -1.5543856e+02   2.5585987e+01  -4.6009142e+00  -4.1000000e+01   4.6956858e+01
   3.1000000e+01   4.5000000e+01  -1.5670711e+02   2.6568994e+01   1.4788150e-01  -4.1000000e+01   4.7187370e+01
   3.1000000e+01   4.5000000e+01  -1.5546548e+02   2.8332900e+01   3.7998683e+00  -4.1000000e+01   4.6781002e+01
   3.1000000e+01   4.5000000e+01  -1.5316437e+02   2.9250592e+01   5.0936660e+00  -4.1000000e+01   4.7836147e+01
   3.1000000e+01   4.5000000e+01  -1.5412673e+02   3.1074251e+01   6.6021336e+00  -4.1000000e+01   4.5183922e+01
   3.1000000e+01   4.5000000e+01  -1.5220150e+02   3.1200156e+01   8.0050965e+00  -4.1000000e+01   4.2650713e+01
   3.1000000e+01   4.5000000e+01  -1.5397412e+02   3.3784976e+01   9.4003559e+00  -4.1000000e+01   3.8480654e+01
   3.1000000e+01   4.5000000e+01  -1.5164213e+02   3.5599776e+01   1.0746185e+01  -4.1000000e+01   3.3817568e+01
   3.1000000e+01   4.5000000e+01  -1.5037182e+02   3.6655129e+01   1.1849149e+01  -4.1000000e+01   2.9408999e+01
   3.1000000e+01   4.5000000e+01  -1.4976523e+02   3.7647468e+01   1.3620886e+01  -4.1000000e+01   2.6664706e+01
   3.1000000e+01   4.5000000e+01  -1.4928890e+02   3.9309801e+01   1.4022747e+01  -4.1000000e+01   2.2849435e+01
   3.1000000e+01   4.5000000e+01  -1.4760874e+02   4.0724269e+01   1.4175201e+01  -4.1000000e+01   1.8218098e+01
   3.1000000e+01   4.5000000e+01  -1.4724064e+02   4.3199641e+01   1.5897063e+01  -4.1000000e+01   1.4975666e+01
   3.1000000e+01   4.5000000e+01  -1.4543105e+02   4.4957962e+01   1.7464531e+01  -4.1000000e+01   1.2625802e+01
   3.1000000e+01   4.5000000e+01  -1.4494394e+02   4.5812735e+01   1.9134104e+01  -4.1000000e+01   9.1998867e+00
   3.1000000e+01   4.5000000e+01  -1.4440935e+02   4.7130476e+01   2.0873065e+01  -4.1000000e+01   5.3006203e+00
   3.1000000e+01   4.5000000e+01  -1.4364671e+02   4.8664835e+01   2.2657679e+01  -4.1000000e+01   1.4636219e+00
   3.1000000e+01   4.5000000e+01  -1.4283718e+02   5.0705389e+01   2.5958203e+01  -4.1000000e+01  -1.2163217e+00
   3.1000000e+01   4.5000000e+01  -1.4100531e+02   5.2875574e+01   2.7849994e+01  -4.1000000e+01  -5.7126454e+00
   3.1000000e+01   4.5000000e+01  -1.4087179e+02   5.3784240e+01   2.6003146e+01  -4.1000000e+01  -1.2077083e+01
   3.1000000e+01   4.5000000e+01  -1.3754214e+02   5.3922299e+01   2.8659822e+01  -4.1000000e+01  -1.1854870e+01
   3.1000000e+01   4.5000000e+01  -1.3683818e+02   5.3839902e+01   2.9054245e+01  -4.1000000e+01  -1.2502094e+01
   3.1000000e+01   4.5000000e+01  -1.3884766e+02   5.1098370e+01   2.7419439e+01  -4.1000000e+01  -1.4886353e+01
   3.1000000e+01   4.5000000e+01  -1.4320255e+02   4.5946819e+01   2.4883774e+01  -4.1000000e+01  -1.1022982e+01
   3.1000000e+01   4.5000000e+01  -1.4691088e+02   4.0977941e+01   2.3192074e+01  -4.1000000e+01  -3.2436983e+00
   3.1000000e+01   4.5000000e+01  -1.5023486e+02   3.7327309e+01   1.9106810e+01  -4.1000000e+01   3.7473428e+00
   3.1000000e+01   4.5000000e+01  -1.5355096e+02   3.3318473e+01   1.3677602e+01  -4.1000000e+01   1.1903268e+01
   3.1000000e+01   4.5000000e+01  -1.5652261e+02   2.9601751e+01   9.8526585e+00  -4.1000000e+01   2.0935385e+01
   3.1000000e+01   4.5000000e+01  -1.5661362e+02   2.6669062e+01   6.7538132e+00  -4.1000000e+01   3.0663106e+01
   3.1000000e+01   4.5000000e+01  -1.5837083e+02   2.3895126e+01   1.8285988e+00  -4.1000000e+01   3.9758798e+01
   3.1000000e+01   4.5000000e+01  -1.5749210e+02   2.1572889e+01  -1.7957344e+00  -4.1000000e+01   4.8797251e+01
   3.1000000e+01   4.5000000e+01  -1.5629581e+02   1.9555341e+01  -5.4292126e+00  -4.1000000e+01   5.5977415e+01
   3.1000000e+01   4.5000000e+01  -1.5507730e+02   2.0368489e+01  -7.6311643e+00  -4.1000000e+01   6.0989275e+01
   3.1000000e+01   4.5000000e+01  -1.5407048e+02   2.1896590e+01  -9.2355722e+00  -4.1000000e+01   6.0481716e+01
   3.1000000e+01   4.5000000e+01  -1.5439665e+02   2.2266552e+01  -8.8460123e+00  -4.1000000e+01   5.7001878e+01
   3.1000000e+01   4.5000000e+01  -1.5232432e+02   2.2797407e+01  -7.6981749e+00  -4.1000000e+01   5.4877498e+01
   3.1000000e+01   4.5000000e+01  -1.5363228e+02   2.4291776e+01  -7.3693193e+00  -4.1000000e+01   4.9886941e+01
   3.1000000e+01   4.5000000e+01  -1.5309008e+02   2.4849814e+01  -4.7615450e+00  -4.1000000e+01   4.7939380e+01
   3.1000000e+01   4.5000000e+01  -1.5350361e+02   2.5849593e+01  -2.6317754e+00  -4.1000000e+01   4.5582950e+01
   3.1000000e+01   4.5000000e+01  -1.5436646e+02   2.6794527e+01   1.3547643e+00  -4.1000000e+01   4.6515369e+01
   3.1000000e+01   4.5000000e+01  -1.5512741e+02   2.8891592e+01   5.2104966e+00  -4.1000000e+01   4.7002233e+01
   3.1000000e+01   4.5000000e+01  -1.5466841e+02   2.9713862e+01   7.6142371e+00  -4.1000000e+01   4.6823034e+01
   3.1000000e+01   4.5000000e+01  -1.5317498e+02   3.2327421e+01   8.6005387e+00  -4.1000000e+01   4.1474296e+01
   3.1000000e+01   4.5000000e+01  -1.5294916e+02   3.2719875e+01   9.9058064e+00  -4.1000000e+01   3.8211253e+01
   3.1000000e+01   4.5000000e+01  -1.4991100e+02   3.4014369e+01   1.1370650e+01  -4.1000000e+01   3.5183690e+01
   3.1000000e+01   4.5000000e+01  -1.5070693e+02   3.5965424e+01   1.2119838e+01  -4.1000000e+01   3.2760228e+01
   3.1000000e+01   4.5000000e+01  -1.4970900e+02   3.8136450e+01   1.3670137e+01  -4.1000000e+01   3.0856438e+01
   3.1000000e+01   4.5000000e+01  -1.4795711e+02   3.8544077e+01   1.2671250e+01  -4.1000000e+01   2.8500415e+01
   3.1000000e+01   4.5000000e+01  -1.4733470e+02   3.9516350e+01   1.1915870e+01  -4.1000000e+01   2.3898488e+01
   3.1000000e+01   4.5000000e+01  -1.4535962e+02   4.0657874e+01   1.3962944e+01  -4.1000000e+01   2.2044995e+01
   3.1000000e+01   4.5000000e+01  -1.4585338e+02   4.2265701e+01   1.5304691e+01  -4.1000000e+01   1.8686622e+01
   3.1000000e+01   4.5000000e+01  -1.4525867e+02   4.4048867e+01   1.5801846e+01  -4.1000000e+01   1.4609706e+01
   3.1000000e+01   4.5000000e+01  -1.4321066e+02   4.4469174e+01   1.7812530e+01  -4.1000000e+01   1.1457888e+01
   3.1000000e+01   4.5000000e+01  -1.4213795e+02   4.5633455e+01   1.7650596e+01  -4.1000000e+01   5.5002848e+00
   3.1000000e+01   4.5000000e+01  -1.4246835e+02   4.7550469e+01   2.0998743e+01  -4.1000000e+01   2.4624893e+00
   3.1000000e+01   4.5000000e+01  -1.4208647e+02   4.9189007e+01   2.3121228e+01  -4.1000000e+01  -2.1233289e-01
   3.1000000e+01   4.5000000e+01  -1.4093809e+02   5.0000760e+01   2.3585053e+01  -4.1000000e+01  -2.6969474e+00
   3.1000000e+01   4.5000000e+01  -1.4343185e+02   4.6539476e+01   2.5385903e+01  -4.1000000e+01  -3.9722093e+00
   3.1000000e+01   4.5000000e+01  -1.4557208e+02   4.1475946e+01   2.4983766e+01  -4.1000000e+01  -5.3989087e+00
   3.1000000e+01   4.5000000e+01  -1.4757893e+02   3.6921541e+01   2.1668091e+01  -4.1000000e+01  -2.4440692e+00
   3.1000000e+01   4.5000000e+01  -1.5112890e+02   3.3818783e+01   1.8435332e+01  -4.1000000e+01   3.9189901e+00
   3.1000000e+01   4.5000000e+01  -1.5349825e+02   3.0885392e+01   1.4587568e+01  -4.1000000e+01   1.0980272e+01
   3.1000000e+01   4.5000000e+01  -1.5674451e+02   2.9119575e+01   9.8599593e+00  -4.1000000e+01   1.8376694e+01
   3.1000000e+01   4.5000000e+01  -1.5693873e+02   2.6213374e+01   6.8349177e+00  -4.1000000e+01   2.8152795e+01
   3.1000000e+01   4.5000000e+01  -1.5977179e+02   2.5700412e+01   1.9275254e+00  -4.1000000e+01   3.8075817e+01
   3.1000000e+01   4.5000000e+01  -1.5983112e+02   2.3363830e+01  -2.1233528e+00  -4.1000000e+01   4.7422429e+01
   3.1000000e+01   4.5000000e+01  -1.5800312e+02   2.0421232e+01  -5.3950268e+00  -4.1000000e+01   5.5484879e+01
   3.1000000e+01   4.5000000e+01  -1.5421881e+02   1.8433331e+01  -7.7897823e+00  -4.1000000e+01   5.9668379e+01
   3.1000000e+01   4.5000000e+01  -1.5498000e+02   1.7882155e+01  -8.8186198e+00  -4.1000000e+01   6.4640226e+01
   3.1000000e+01   4.5000000e+01  -1.5595911e+02   1.9490164e+01  -9.0384626e+00  -4.1000000e+01   6.6361075e+01
   3.1000000e+01   4.5000000e+01  -1.5553038e+02   2.1235202e+01  -7.8127726e+00  -4.1000000e+01   6.4853827e+01
   3.1000000e+01   4.5000000e+01  -1.5473784e+02   2.2421832e+01  -5.4366965e+00  -4.1000000e+01   6.2379557e+01
   3.1000000e+01   4.5000000e+01  -1.5508240e+02   2.4308685e+01  -3.3470082e+00  -4.1000000e+01   6.0138509e+01
   3.1000000e+01   4.5000000e+01  -1.5447535e+02   2.5679328e+01  -2.5739321e+00  -4.1000000e+01   5.3828007e+01
   3.1000000e+01   4.5000000e+01  -1.5562419e+02   2.6872105e+01   6.2920595e-01  -4.1000000e+01   5.1260034e+01
   3.1000000e+01   4.5000000e+01  -1.5628814e+02   2.6981708e+01   1.9228620e+00  -4.1000000e+01   4.7221025e+01
   3.1000000e+01   4.5000000e+01  -1.5669876e+02   2.9421156e+01   6.5474254e+00  -4.1000000e+01   4.9025318e+01
   3.1000000e+01   4.5000000e+01  -1.5363067e+02   3.0185104e+01   7.3112233e+00  -4.1000000e+01   4.8313097e+01
   3.1000000e+01   4.5000000e+01  -1.5464239e+02   3.0834949e+01   1.0280294e+01  -4.1000000e+01   4.7696863e+01
   3.1000000e+01   4.5000000e+01  -1.5356678e+02   3.2064447e+01   1.0091352e+01  -4.1000000e+01   4.4901525e+01
   3.1000000e+01   4.5000000e+01  -1.5209513e+02   3.3565133e+01   1.2607253e+01  -4.1000000e+01   4.2323863e+01
   3.1000000e+01   4.5000000e+01  -1.5330798e+02   3.5967496e+01   1.2147010e+01  -4.1000000e+01   3.7452183e+01
   3.1000000e+01   4.5000000e+01  -1.5046730e+02   3.7615579e+01   1.2394063e+01  -4.1000000e+01   3.3167279e+01
   3.1000000e+01   4.5000000e+01  -1.4878197e+02   3.9678363e+01   1.2658722e+01  -4.1000000e+01   2.9271215e+01
   3.1000000e+01   4.5000000e+01  -1.4635105e+02   3.9884004e+01   1.2309146e+01  -4.1000000e+01   2.6932231e+01
   3.1000000e+01   4.5000000e+01  -1.4619244e+02   4.1116839e+01   1.4032642e+01  -4.1000000e+01   2.3805558e+01
   3.1000000e+01   4.5000000e+01  -1.4483673e+02   4.2106959e+01   1.6089467e+01  -4.1000000e+01   2.1111606e+01
   3.1000000e+01   4.5000000e+01  -1.4465357e+02   4.4150858e+01   1.8601844e+01  -4.1000000e+01   1.7752896e+01
   3.1000000e+01   4.5000000e+01  -1.4422204e+02   4.5459795e+01   2.0504511e+01  -4.1000000e+01   1.3483731e+01
   3.1000000e+01   4.5000000e+01  -1.4327248e+02   4.7372696e+01   2.1314290e+01  -4.1000000e+01   7.8796176e+00
   3.1000000e+01   4.5000000e+01  -1.4237357e+02   4.9192420e+01   2.2805844e+01  -4.1000000e+01   4.0763571e+00
   3.1000000e+01   4.5000000e+01  -1.4052043e+02   5.0661993e+01   2.4787496e+01  -4.1000000e+01  -2.6130430e-02
   3.1000000e+01   4.5000000e+01  -1.3847880e+02   5.1229319e+01   2.8438012e+01  -4.1000000e+01  -2.4833230e+00
   3.1000000e+01   4.5000000e+01  -1.3789175e+02   5.3205212e+01   2.8827643e+01  -4.1000000e+01  -7.2646969e+00
   3.1000000e+01   4.5000000e+01  -1.3767647e+02   5.2788730e+01   2.9759780e+01  -4.1000000e+01  -9.5278247e+00
   3.1000000e+01   4.5000000e+01  -1.4174673e+02   4.9196177e+01   3.0100856e+01  -4.1000000e+01  -1.0539075e+01
   3.1000000e+01   4.5000000e+01  -1.4456994e+02   4.5500653e+01   2.8265057e+01  -4.1000000e+01  -1.3083742e+01
   3.1000000e+01   4.5000000e+01  -1.4572174e+02   4.1271769e+01   2.5603571e+01  -4.1000000e+01  -1.3904155e+01
   3.1000000e+01   4.5000000e+01  -1.4783915e+02   3.8343627e+01   2.1775037e+01  -4.1000000e+01  -8.9288482e+00
   3.1000000e+01   4.5000000e+01  -1.5154238e+02   3.6896068e+01   1.6899609e+01  -4.1000000e+01  -7.3939910e-01
   3.1000000e+01   4.5000000e+01  -1.5565059e+02   3.4758038e+01   1.2322588e+01  -4.1000000e+01   7.8420054e+00
   3.1000000e+01   4.5000000e+01  -1.5866040e+02   3.2747542e+01   7.1587865e+00  -4.1000000e+01   1.5346126e+01
   3.1000000e+01   4.5000000e+01  -1.5797227e+02   2.9748058e+01   2.8388057e+00  -4.1000000e+01   2.4749252e+01
   3.1000000e+01   4.5000000e+01  -1.5804734e+02   2.7305169e+01  -6.8041381e-01  -4.1000000e+01   3.4691399e+01
   3.1000000e+01   4.5000000e+01  -1.5838919e+02   2.5223000e+01  -2.8454051e+00  -4.1000000e+01   4.4223484e+01
   3.1000000e+01   4.5000000e+01  -1.5659934e+02   2.4059597e+01  -4.8020907e+00  -4.1000000e+01   5.1705322e+01
   3.1000000e+01   4.5000000e+01  -1.5506924e+02   2.3390471e+01  -6.3514754e+00  -4.1000000e+01   5.6271084e+01
   3.1000000e+01   4.5000000e+01  -1.5459756e+02   2.3894389e+01  -6.5075509e+00  -4.1000000e+01   5.5993050e+01
   3.1000000e+01   4.5000000e+01  -1.5394079e+02   2.4709198e+01  -6.4897715e+00  -4.1000000e+01   5.4348410e+01
   3.1000000e+01   4.5000000e+01  -1.5118321e+02   2.5575372e+01  -6.2327094e+00  -4.1000000e+01   5.2364783e+01
   3.1000000e+01   4.5000000e+01  -1.5037125e+02   2.6631099e+01  -3.5830784e+00  -4.1000000e+01   5.1089627e+01
   3.1000000e+01   4.5000000e+01  -1.5428633e+02   2.6903757e+01  -1.3891427e+00  -4.1000000e+01   4.8578897e+01
   3.1000000e+01   4.5000000e+01  -1.5520274e+02   2.8318748e+01   1.6425008e+00  -4.1000000e+01   4.8270594e+01
   3.1000000e+01   4.5000000e+01  -1.5589112e+02   3.1367800e+01   3.8554753e+00  -4.1000000e+01   4.5997053e+01
   3.1000000e+01   4.5000000e+01  -1.5684455e+02   3.1102637e+01   5.7895550e+00  -4.1000000e+01   4.6305015e+01
   3.1000000e+01   4.5000000e+01  -1.5545361e+02   3.3333881e+01   7.9468834e+00  -4.1000000e+01   4.4644860e+01
   3.1000000e+01   4.5000000e+01  -1.5369660e+02   3.3882798e+01   7.9231552e+00  -4.1000000e+01   3.8915433e+01
   3.1000000e+01   4.5000000e+01  -1.5137303e+02   3.3972938e+01   8.9557169e+00  -4.1000000e+01   3.7639076e+01
   3.1000000e+01   4.5000000e+01  -1.4930982e+02   3.5188330e+01   8.7724867e+00  -4.1000000e+01   3.3555567e+01
   3.1000000e+01   4.5000000e+01  -1.5238741e+02   3.8367261e+01   1.1059211e+01  -4.1000000e+01   3.0829504e+01
   3.1000000e+01   4.5000000e+01  -1.5160072e+02   4.0570008e+01   1.2158414e+01  -4.1000000e+01   2.7676937e+01
   3.1000000e+01   4.5000000e+01  -1.4803288e+02   4.1692987e+01   1.2679089e+01  -4.1000000e+01   2.3285471e+01
   3.1000000e+01   4.5000000e+01  -1.4777638e+02   4.3550533e+01   1.2827305e+01  -4.1000000e+01   1.9416950e+01
   3.1000000e+01   4.5000000e+01  -1.4603025e+02   4.4406664e+01   1.3300714e+01  -4.1000000e+01   1.6561489e+01
   3.1000000e+01   4.5000000e+01  -1.4463378e+02   4.4640020e+01   1.5867679e+01  -4.1000000e+01   1.3252861e+01
   3.1000000e+01   4.5000000e+01  -1.4592986e+02   4.6995395e+01   1.7503279e+01  -4.1000000e+01   1.0180029e+01
   3.1000000e+01   4.5000000e+01  -1.4428971e+02   4.8531256e+01   1.9144188e+01  -4.1000000e+01   6.4233286e+00
   3.1000000e+01   4.5000000e+01  -1.4176971e+02   4.9708375e+01   2.1354790e+01  -4.1000000e+01   2.5733101e+00
   3.1000000e+01   4.5000000e+01  -1.4114548e+02   5.1497161e+01   2.1675909e+01  -4.1000000e+01  -2.7153671e+00
   3.1000000e+01   4.5000000e+01  -1.4001195e+02   5.3193745e+01   2.2682781e+01  -4.1000000e+01  -7.5390755e+00
   3.1000000e+01   4.5000000e+01  -1.3920038e+02   5.5212901e+01   2.5214912e+01  -4.1000000e+01  -1.0858363e+01
   3.1000000e+01   4.5000000e+01  -1.3917487e+02   5.7213492e+01   2.6252679e+01  -4.1000000e+01  -1.5053456e+01
   3.1000000e+01   4.5000000e+01  -1.4064906e+02   5.2299813e+01   2.9072788e+01  -4.1000000e+01  -1.3104713e+01
   3.1000000e+01   4.5000000e+01  -1.4352040e+02   4.6800106e+01   2.9105719e+01  -4.1000000e+01  -9.8687798e+00
   3.1000000e+01   4.5000000e+01  -1.4432460e+02   4.0238860e+01   2.7351909e+01  -4.1000000e+01  -7.8251414e+00
   3.1000000e+01   4.5000000e+01  -1.4621458e+02   3.5938234e+01   2.3814901e+01  -4.1000000e+01  -5.3566734e+00
   3.1000000e+01   4.5000000e+01  -1.5028083e+02   3.2893894e+01   1.9103238e+01  -4.1000000e+01   1.3326298e+00
   3.1000000e+01   4.5000000e+01  -1.5568014e+02   3.0687866e+01   1.4598989e+01  -4.1000000e+01   9.6615273e+00
   3.1000000e+01   4.5000000e+01  -1.5968168e+02   2.8847936e+01   1.0369693e+01  -4.1000000e+01   1.6513847e+01
   3.1000000e+01   4.5000000e+01  -1.5872829e+02   2.4992755e+01   5.9899107e+00  -4.1000000e+01   2.4543752e+01
   3.1000000e+01   4.5000000e+01  -1.5716806e+02   2.2579389e+01   1.5518345e+00  -4.1000000e+01   3.2929705e+01
   3.1000000e+01   4.5000000e+01  -1.5655925e+02   2.0705663e+01  -3.4513283e+00  -4.1000000e+01   3.8338272e+01
   3.1000000e+01   4.5000000e+01  -1.5837706e+02   2.0635788e+01  -4.8646049e+00  -4.1000000e+01   4.5597584e+01
   3.1000000e+01   4.5000000e+01  -1.5956299e+02   2.3771437e+01  -4.9156053e+00  -4.1000000e+01   5.2329385e+01
   3.1000000e+01   4.5000000e+01  -1.5767254e+02   2.6321043e+01  -5.1872192e+00  -4.1000000e+01   5.5508290e+01
   3.1000000e+01   4.5000000e+01  -1.5666828e+02   2.7708889e+01  -4.3365963e+00  -4.1000000e+01   5.3340802e+01
   3.1000000e+01   4.5000000e+01  -1.5512915e+02   2.9144101e+01  -3.2932304e+00  -4.1000000e+01   5.2467740e+01
   3.1000000e+01   4.5000000e+01  -1.5645362e+02   3.0855975e+01  -3.3333110e+00  -4.1000000e+01   4.6895892e+01
   3.1000000e+01   4.5000000e+01  -1.5659046e+02   3.2133604e+01  -1.1268253e+00  -4.1000000e+01   4.6246816e+01
   3.1000000e+01   4.5000000e+01  -1.5808002e+02   3.3122130e+01   4.8471806e-01  -4.1000000e+01   4.2471897e+01
   3.1000000e+01   4.5000000e+01  -1.5693014e+02   3.4315962e+01   1.5673403e+00  -4.1000000e+01   4.0234930e+01
   3.1000000e+01   4.5000000e+01  -1.5597444e+02   3.4087037e+01   2.5968880e+00  -4.1000000e+01   3.8898079e+01
   3.1000000e+01   4.5000000e+01  -1.5329618e+02   3.5386830e+01   5.7450071e+00  -4.1000000e+01   4.1049505e+01
   3.1000000e+01   4.5000000e+01  -1.4982106e+02   3.6191942e+01   4.5579119e+00  -4.1000000e+01   3.3772331e+01
   3.1000000e+01   4.5000000e+01  -1.5081875e+02   3.7501348e+01   6.0269382e+00  -4.1000000e+01   3.1141035e+01
   3.1000000e+01   4.5000000e+01  -1.5083620e+02   3.9199872e+01   7.7788285e+00  -4.1000000e+01   2.9163054e+01
   3.1000000e+01   4.5000000e+01  -1.4996803e+02   4.1183116e+01   7.1884297e+00  -4.1000000e+01   2.3966526e+01
   3.1000000e+01   4.5000000e+01  -1.5005903e+02   4.2596311e+01   8.2597941e+00  -4.1000000e+01   2.1434700e+01
   3.1000000e+01   4.5000000e+01  -1.4989691e+02   4.3796729e+01   1.0601090e+01  -4.1000000e+01   1.9567639e+01
   3.1000000e+01   4.5000000e+01  -1.4891881e+02   4.6796595e+01   1.2269321e+01  -4.1000000e+01   1.5297770e+01
   3.1000000e+01   4.5000000e+01  -1.4836555e+02   4.8622679e+01   1.4290811e+01  -4.1000000e+01   1.3009088e+01
   3.1000000e+01   4.5000000e+01  -1.4733544e+02   4.9490475e+01   1.6272095e+01  -4.1000000e+01   1.0193288e+01
   3.1000000e+01   4.5000000e+01  -1.4684571e+02   5.0518542e+01   1.7667033e+01  -4.1000000e+01   7.3016706e+00
   3.1000000e+01   4.5000000e+01  -1.4679147e+02   5.1054030e+01   1.9044371e+01  -4.1000000e+01   4.2671623e+00
   3.1000000e+01   4.5000000e+01  -1.4522778e+02   5.1809372e+01   2.0802063e+01  -4.1000000e+01   7.9042064e-01
   3.1000000e+01   4.5000000e+01  -1.4477059e+02   5.2920302e+01   2.1817109e+01  -4.1000000e+01  -2.8578950e+00
   3.1000000e+01   4.5000000e+01  -1.4313557e+02   5.4300592e+01   2.2554778e+01  -4.1000000e+01  -7.7678248e+00
   3.1000000e+01   4.5000000e+01  -1.4067746e+02   5.6917569e+01   2.4354213e+01  -4.1000000e+01  -1.2096964e+01
   3.1000000e+01   4.5000000e+01  -1.3878157e+02   5.9060158e+01   2.5124263e+01  -4.1000000e+01  -1.7915415e+01
   3.1000000e+01   4.5000000e+01  -1.3868887e+02   6.1247897e+01   2.6257635e+01  -4.1000000e+01  -2.0968700e+01
   3.1000000e+01   4.5000000e+01  -1.4178441e+02   5.5357327e+01   2.8485667e+01  -4.1000000e+01  -1.8796217e+01
   3.1000000e+01   4.5000000e+01  -1.4385383e+02   4.8990420e+01   2.6839904e+01  -4.1000000e+01  -1.6002115e+01
   3.1000000e+01   4.5000000e+01  -1.4476917e+02   4.2186917e+01   2.3253894e+01  -4.1000000e+01  -1.5734910e+01
   3.1000000e+01   4.5000000e+01  -1.4816893e+02   3.7066725e+01   2.1988688e+01  -4.1000000e+01  -1.1273409e+01
   3.1000000e+01   4.5000000e+01  -1.5155732e+02   3.5467851e+01   1.8622226e+01  -4.1000000e+01  -5.5453193e+00
   3.1000000e+01   4.5000000e+01  -1.5362632e+02   3.2021098e+01   1.6083234e+01  -4.1000000e+01   1.8677222e+00
   3.1000000e+01   4.5000000e+01  -1.5749392e+02   3.0360393e+01   1.2134549e+01  -4.1000000e+01   9.9391832e+00
   3.1000000e+01   4.5000000e+01  -1.5931757e+02   2.8884204e+01   9.1704942e+00  -4.1000000e+01   1.9697656e+01
   3.1000000e+01   4.5000000e+01  -1.5923240e+02   2.5518354e+01   7.4390529e+00  -4.1000000e+01   2.9653267e+01
   3.1000000e+01   4.5000000e+01  -1.5908497e+02   2.2449088e+01   2.3614040e+00  -4.1000000e+01   3.8315776e+01
   3.1000000e+01   4.5000000e+01  -1.5770238e+02   1.9435245e+01  -1.6655404e+00  -4.1000000e+01   4.6228865e+01
   3.1000000e+01   4.5000000e+01  -1.5617399e+02   1.7505684e+01  -4.2578614e+00  -4.1000000e+01   5.4111730e+01
   3.1000000e+01   4.5000000e+01  -1.5620497e+02   1.7480595e+01  -6.8594491e+00  -4.1000000e+01   6.0286389e+01
   3.1000000e+01   4.5000000e+01  -1.5606496e+02   1.8903718e+01  -8.9723788e+00  -4.1000000e+01   6.1315392e+01
   3.1000000e+01   4.5000000e+01  -1.5726002e+02   2.1467602e+01  -8.5650135e+00  -4.1000000e+01   6.1372469e+01
   3.1000000e+01   4.5000000e+01  -1.5590021e+02   2.2167524e+01  -7.3404121e+00  -4.1000000e+01   5.7854261e+01
   3.1000000e+01   4.5000000e+01  -1.5464366e+02   2.2869187e+01  -5.7835546e+00  -4.1000000e+01   5.5660259e+01
   3.1000000e+01   4.5000000e+01  -1.5433746e+02   2.4255582e+01  -4.9953790e+00  -4.1000000e+01   5.3007024e+01
   3.1000000e+01   4.5000000e+01  -1.5428595e+02   2.5523266e+01  -3.8264941e+00  -4.1000000e+01   5.1702528e+01
   3.1000000e+01   4.5000000e+01  -1.5453999e+02   2.6729256e+01  -1.1538944e+00  -4.1000000e+01   5.0094277e+01
   3.1000000e+01   4.5000000e+01  -1.5594404e+02   2.5991709e+01   2.3391242e-01  -4.1000000e+01   4.8502911e+01
   3.1000000e+01   4.5000000e+01  -1.5484400e+02   2.8248646e+01   3.4659558e+00  -4.1000000e+01   5.0492950e+01
   3.1000000e+01   4.5000000e+01  -1.5296306e+02   2.7868417e+01   5.6780480e+00  -4.1000000e+01   5.2286789e+01
   3.1000000e+01   4.5000000e+01  -1.5126303e+02   2.7901237e+01   6.6287695e+00  -4.1000000e+01   5.1374186e+01
   3.1000000e+01   4.5000000e+01  -1.5335411e+02   2.9658010e+01   7.9692502e+00  -4.1000000e+01   4.8406350e+01
   3.1000000e+01   4.5000000e+01  -1.5401988e+02   3.0424815e+01   1.0827776e+01  -4.1000000e+01   4.8774636e+01
   3.1000000e+01   4.5000000e+01  -1.5409801e+02   3.1470701e+01   1.2566882e+01  -4.1000000e+01   4.5566552e+01
   3.1000000e+01   4.5000000e+01  -1.5474097e+02   3.4126037e+01   1.4000240e+01  -4.1000000e+01   4.3447428e+01
   3.1000000e+01   4.5000000e+01  -1.5478092e+02   3.6374708e+01   1.4100210e+01  -4.1000000e+01   3.9345725e+01
   3.1000000e+01   4.5000000e+01  -1.5373818e+02   3.7042758e+01   1.4222431e+01  -4.1000000e+01   3.5213197e+01
   3.1000000e+01   4.5000000e+01  -1.5099784e+02   3.8036535e+01   1.6594896e+01  -4.1000000e+01   3.3807610e+01
   3.1000000e+01   4.5000000e+01  -1.4887257e+02   3.8941255e+01   1.6180025e+01  -4.1000000e+01   2.9554023e+01
   3.1000000e+01   4.5000000e+01  -1.4764967e+02   4.0148939e+01   1.6223641e+01  -4.1000000e+01   2.5304719e+01
   3.1000000e+01   4.5000000e+01  -1.4626747e+02   4.1020327e+01   1.6730640e+01  -4.1000000e+01   2.1605211e+01
   3.1000000e+01   4.5000000e+01  -1.4536105e+02   4.1512100e+01   1.8266997e+01  -4.1000000e+01   1.8865115e+01
   3.1000000e+01   4.5000000e+01  -1.4342477e+02   4.2218663e+01   1.9263814e+01  -4.1000000e+01   1.5169622e+01
   3.1000000e+01   4.5000000e+01  -1.4238606e+02   4.3470199e+01   1.9454191e+01  -4.1000000e+01   1.1179163e+01
   3.1000000e+01   4.5000000e+01  -1.4224805e+02   4.5054541e+01   2.2395880e+01  -4.1000000e+01   8.7882221e+00
   3.1000000e+01   4.5000000e+01  -1.4124731e+02   4.7722493e+01   2.4171984e+01  -4.1000000e+01   4.9356290e+00
   3.1000000e+01   4.5000000e+01  -1.4066926e+02   4.8991630e+01   2.5406672e+01  -4.1000000e+01   8.4183694e-01
   3.1000000e+01   4.5000000e+01  -1.3911479e+02   4.9720168e+01   2.4873346e+01  -4.1000000e+01  -4.1881420e+00
   3.1000000e+01   4.5000000e+01  -1.4000093e+02   4.7572689e+01   2.5967203e+01  -4.1000000e+01  -5.7443165e+00
   3.1000000e+01   4.5000000e+01  -1.4164766e+02   4.2057657e+01   2.7060817e+01  -4.1000000e+01  -6.2289310e+00
   3.1000000e+01   4.5000000e+01  -1.4597560e+02   3.8633667e+01   2.5066808e+01  -4.1000000e+01  -6.5635804e+00
   3.1000000e+01   4.5000000e+01  -1.4899124e+02   3.4393071e+01   2.1438169e+01  -4.1000000e+01  -3.5219123e+00
   3.1000000e+01   4.5000000e+01  -1.5473572e+02   3.1834341e+01   1.8068504e+01  -4.1000000e+01   4.3086895e+00
   3.1000000e+01   4.5000000e+01  -1.6002747e+02   2.9739443e+01   1.4402329e+01  -4.1000000e+01   1.1457513e+01
   3.1000000e+01   4.5000000e+01  -1.6087891e+02   2.8037860e+01   9.3208673e+00  -4.1000000e+01   1.9201196e+01
   3.1000000e+01   4.5000000e+01  -1.5923250e+02   2.6077465e+01   4.0879169e+00  -4.1000000e+01   2.6645728e+01
   3.1000000e+01   4.5000000e+01  -1.6031999e+02   2.5244303e+01  -8.1244936e-01  -4.1000000e+01   3.4435777e+01
   3.1000000e+01   4.5000000e+01  -1.6002476e+02   2.4411186e+01  -3.9279258e+00  -4.1000000e+01   4.4299190e+01
   3.1000000e+01   4.5000000e+01  -1.5992337e+02   2.3939398e+01  -7.1035490e+00  -4.1000000e+01   5.1202416e+01
   3.1000000e+01   4.5000000e+01  -1.6101790e+02   2.3804691e+01  -8.0682475e+00  -4.1000000e+01   5.3523748e+01
   3.1000000e+01   4.5000000e+01  -1.5986057e+02   2.4022189e+01  -6.3263880e+00  -4.1000000e+01   5.9463462e+01
   3.1000000e+01   4.5000000e+01  -1.5896820e+02   2.5070269e+01  -3.8011821e+00  -4.1000000e+01   5.8618608e+01
   3.1000000e+01   4.5000000e+01  -1.5648318e+02   2.5561270e+01  -2.4109506e+00  -4.1000000e+01   5.4933317e+01
   3.1000000e+01   4.5000000e+01  -1.5556269e+02   2.7389418e+01  -8.9512306e-01  -4.1000000e+01   5.1046546e+01
   3.1000000e+01   4.5000000e+01  -1.5626417e+02   2.8147862e+01   4.2993900e-01  -4.1000000e+01   4.6712249e+01
   3.1000000e+01   4.5000000e+01  -1.5624228e+02   2.9977532e+01   4.4261838e+00  -4.1000000e+01   4.5629135e+01
   3.1000000e+01   4.5000000e+01  -1.5515347e+02   3.2204235e+01   8.0314682e+00  -4.1000000e+01   4.4980176e+01
   3.1000000e+01   4.5000000e+01  -1.5364548e+02   3.3871727e+01   1.0738729e+01  -4.1000000e+01   4.3373548e+01
   3.1000000e+01   4.5000000e+01  -1.5235334e+02   3.6183077e+01   1.0624496e+01  -4.1000000e+01   3.8065865e+01
   3.1000000e+01   4.5000000e+01  -1.5105979e+02   3.7251439e+01   1.1501959e+01  -4.1000000e+01   3.4517948e+01
   3.1000000e+01   4.5000000e+01  -1.5099867e+02   3.8615320e+01   1.2290270e+01  -4.1000000e+01   2.9708443e+01
   3.1000000e+01   4.5000000e+01  -1.4685623e+02   3.9601757e+01   1.2514926e+01  -4.1000000e+01   2.4810321e+01
   3.1000000e+01   4.5000000e+01  -1.4655009e+02   4.2796890e+01   1.3967733e+01  -4.1000000e+01   2.0454602e+01
   3.1000000e+01   4.5000000e+01  -1.4641838e+02   4.4813707e+01   1.4028131e+01  -4.1000000e+01   1.5841280e+01
   3.1000000e+01   4.5000000e+01  -1.4589208e+02   4.6070503e+01   1.6043578e+01  -4.1000000e+01   1.1964473e+01
   3.1000000e+01   4.5000000e+01  -1.4420970e+02   4.7412093e+01   1.7181158e+01  -4.1000000e+01   7.7412159e+00
   3.1000000e+01   4.5000000e+01  -1.4303292e+02   4.8153709e+01   1.8440499e+01  -4.1000000e+01   4.6224788e+00
   3.1000000e+01   4.5000000e+01  -1.4136060e+02   4.9703461e+01   1.9647752e+01  -4.1000000e+01   9.4440761e-01
   3.1000000e+01   4.5000000e+01  -1.3979347e+02   5.0771589e+01   2.0670383e+01  -4.1000000e+01  -3.7892529e+00
   3.1000000e+01   4.5000000e+01  -1.3910697e+02   5.2531621e+01   2.1687611e+01  -4.1000000e+01  -9.1546304e+00
   3.1000000e+01   4.5000000e+01  -1.3769292e+02   5.3297682e+01   2.3462734e+01  -4.1000000e+01  -1.2966841e+01
   3.1000000e+01   4.5000000e+01  -1.3560391e+02   5.4226993e+01   2.5362352e+01  -4.1000000e+01  -1.6618353e+01
   3.1000000e+01   4.5000000e+01  -1.3532444e+02   5.5519349e+01   2.6089416e+01  -4.1000000e+01  -2.0574020e+01
   3.1000000e+01   4.5000000e+01  -1.3364809e+02   5.6685101e+01   2.8382917e+01  -4.1000000e+01  -2.2325327e+01
   3.1000000e+01   4.5000000e+01  -1.3464357e+02   5.7834277e+01   2.8962119e+01  -4.1000000e+01  -2.4798061e+01
   3.1000000e+01   4.5000000e+01  -1.3447990e+02   5.5053164e+01   3.1342643e+01  -4.1000000e+01  -2.4301332e+01
   3.1000000e+01   4.5000000e+01  -1.3876767e+02   5.1092744e+01   3.2252500e+01  -4.1000000e+01  -2.4915739e+01
   3.1000000e+01   4.5000000e+01  -1.4156486e+02   4.6380781e+01   3.3821386e+01  -4.1000000e+01  -2.2764706e+01
   3.1000000e+01   4.5000000e+01  -1.4543625e+02   4.2106607e+01   3.1697450e+01  -4.1000000e+01  -1.6723039e+01
   3.1000000e+01   4.5000000e+01  -1.5009017e+02   3.8043789e+01   2.7232921e+01  -4.1000000e+01  -8.5858824e+00
   3.1000000e+01   4.5000000e+01  -1.5374148e+02   3.3581792e+01   2.2467826e+01  -4.1000000e+01   2.1637172e-01
   3.1000000e+01   4.5000000e+01  -1.5620743e+02   3.0462369e+01   1.8207452e+01  -4.1000000e+01   8.0387508e+00
   3.1000000e+01   4.5000000e+01  -1.6156613e+02   2.8533996e+01   1.3328977e+01  -4.1000000e+01   1.6764743e+01
   3.1000000e+01   4.5000000e+01  -1.6051380e+02   2.5951010e+01   8.8461878e+00  -4.1000000e+01   2.4859906e+01
   3.1000000e+01   4.5000000e+01  -1.5907198e+02   2.3770066e+01   4.3074995e+00  -4.1000000e+01   3.3026109e+01
   3.1000000e+01   4.5000000e+01  -1.5786496e+02   2.1624314e+01  -3.2319212e-02  -4.1000000e+01   4.2275808e+01
   3.1000000e+01   4.5000000e+01  -1.5886621e+02   2.0433227e+01  -2.7054501e+00  -4.1000000e+01   5.1301042e+01
   3.1000000e+01   4.5000000e+01  -1.5979989e+02   1.9978983e+01  -3.4577756e+00  -4.1000000e+01   5.8970467e+01
   3.1000000e+01   4.5000000e+01  -1.5807916e+02   1.9713863e+01  -4.0840859e+00  -4.1000000e+01   6.3407461e+01
   3.1000000e+01   4.5000000e+01  -1.5598497e+02   2.0186663e+01  -4.8163204e+00  -4.1000000e+01   6.5037399e+01
   3.1000000e+01   4.5000000e+01  -1.5424250e+02   2.0199145e+01  -6.0231197e+00  -4.1000000e+01   6.3414150e+01
   3.1000000e+01   4.5000000e+01  -1.5413132e+02   2.0812024e+01  -7.3474452e+00  -4.1000000e+01   5.9917564e+01
   3.1000000e+01   4.5000000e+01  -1.5226888e+02   2.1117442e+01  -6.2066332e+00  -4.1000000e+01   5.9281247e+01
   3.1000000e+01   4.5000000e+01  -1.5308850e+02   2.1935430e+01  -3.5102364e+00  -4.1000000e+01   5.7220973e+01
   3.1000000e+01   4.5000000e+01  -1.5280090e+02   2.2846491e+01  -8.9035197e-01  -4.1000000e+01   5.6164713e+01
   3.1000000e+01   4.5000000e+01  -1.5198487e+02   2.3850244e+01   2.5323324e-01  -4.1000000e+01   5.3462556e+01
   3.1000000e+01   4.5000000e+01  -1.5261490e+02   2.5349500e+01   3.6631276e+00  -4.1000000e+01   5.2478275e+01
   3.1000000e+01   4.5000000e+01  -1.5436912e+02   2.7597052e+01   5.5918651e+00  -4.1000000e+01   4.9087875e+01
   3.1000000e+01   4.5000000e+01  -1.5599315e+02   2.9292986e+01   7.8514204e+00  -4.1000000e+01   4.8356062e+01
   3.1000000e+01   4.5000000e+01  -1.5605957e+02   2.9542457e+01   9.5870298e+00  -4.1000000e+01   4.7800654e+01
   3.1000000e+01   4.5000000e+01  -1.5444115e+02   3.0550653e+01   1.0749308e+01  -4.1000000e+01   4.5837315e+01
   3.1000000e+01   4.5000000e+01  -1.5282140e+02   3.1837036e+01   1.2340123e+01  -4.1000000e+01   4.2503018e+01
   3.1000000e+01   4.5000000e+01  -1.5339921e+02   3.2824916e+01   1.3532049e+01  -4.1000000e+01   4.0446940e+01
   3.1000000e+01   4.5000000e+01  -1.5103310e+02   3.2670494e+01   1.3687223e+01  -4.1000000e+01   3.8701813e+01
   3.1000000e+01   4.5000000e+01  -1.5206191e+02   3.4060859e+01   1.5473901e+01  -4.1000000e+01   3.7522443e+01
   3.1000000e+01   4.5000000e+01  -1.4996082e+02   3.5284877e+01   1.5663106e+01  -4.1000000e+01   3.4896643e+01
   3.1000000e+01   4.5000000e+01  -1.4924075e+02   3.6434027e+01   1.5378628e+01  -4.1000000e+01   3.2701903e+01
   3.1000000e+01   4.5000000e+01  -1.4675945e+02   3.6551910e+01   1.5851676e+01  -4.1000000e+01   3.0148153e+01
   3.1000000e+01   4.5000000e+01  -1.4701481e+02   3.8663226e+01   1.7867181e+01  -4.1000000e+01   2.7319286e+01
   3.1000000e+01   4.5000000e+01  -1.4528290e+02   4.0547577e+01   1.8362764e+01  -4.1000000e+01   2.2214100e+01
   3.1000000e+01   4.5000000e+01  -1.4295008e+02   4.1613182e+01   1.8299811e+01  -4.1000000e+01   1.7407403e+01
   3.1000000e+01   4.5000000e+01  -1.4321996e+02   4.2795123e+01   1.9453605e+01  -4.1000000e+01   1.2402110e+01
   3.1000000e+01   4.5000000e+01  -1.4191832e+02   4.4696964e+01   2.0602866e+01  -4.1000000e+01   8.6579181e+00
   3.1000000e+01   4.5000000e+01  -1.4162307e+02   4.6108362e+01   2.1365208e+01  -4.1000000e+01   5.2647560e+00
   3.1000000e+01   4.5000000e+01  -1.4111823e+02   4.7686196e+01   2.3198862e+01  -4.1000000e+01   2.8174861e+00
   3.1000000e+01   4.5000000e+01  -1.4054855e+02   4.9006943e+01   2.4550712e+01  -4.1000000e+01  -8.1610718e-01
   3.1000000e+01   4.5000000e+01  -1.3899639e+02   4.9671451e+01   2.5086553e+01  -4.1000000e+01  -4.3048914e+00
   3.1000000e+01   4.5000000e+01  -1.3793282e+02   5.0958167e+01   2.4878899e+01  -4.1000000e+01  -7.7286367e+00
   3.1000000e+01   4.5000000e+01  -1.3670442e+02   5.1985839e+01   2.4944384e+01  -4.1000000e+01  -1.0358043e+01
   3.1000000e+01   4.5000000e+01  -1.3600315e+02   5.1998950e+01   2.5977613e+01  -4.1000000e+01  -1.1423876e+01
   3.1000000e+01   4.5000000e+01  -1.3770321e+02   4.8350506e+01   2.7512467e+01  -4.1000000e+01  -1.3617100e+01
   3.1000000e+01   4.5000000e+01  -1.3992967e+02   4.4511355e+01   2.8859544e+01  -4.1000000e+01  -1.5765656e+01
   3.1000000e+01   4.5000000e+01  -1.4171993e+02   4.0529509e+01   2.9404642e+01  -4.1000000e+01  -1.5877499e+01
   3.1000000e+01   4.5000000e+01  -1.4532401e+02   3.7761715e+01   2.7350335e+01  -4.1000000e+01  -1.0717732e+01
   3.1000000e+01   4.5000000e+01  -1.4816764e+02   3.6187784e+01   2.3335094e+01  -4.1000000e+01  -3.0385510e+00
   3.1000000e+01   4.5000000e+01  -1.5050928e+02   3.5064394e+01   1.9365623e+01  -4.1000000e+01   4.7929345e+00
   3.1000000e+01   4.5000000e+01  -1.5473671e+02   3.2500137e+01   1.4244215e+01  -4.1000000e+01   1.3188775e+01
   3.1000000e+01   4.5000000e+01  -1.5661419e+02   3.0720979e+01   9.6320578e+00  -4.1000000e+01   2.1842460e+01
   3.1000000e+01   4.5000000e+01  -1.5646613e+02   2.9094940e+01   5.7430017e+00  -4.1000000e+01   3.1443733e+01
   3.1000000e+01   4.5000000e+01  -1.5727932e+02   2.5664319e+01   2.0723343e+00  -4.1000000e+01   4.1097376e+01
   3.1000000e+01   4.5000000e+01  -1.5846418e+02   2.3569753e+01  -6.3619117e-01  -4.1000000e+01   5.0249752e+01
   3.1000000e+01   4.5000000e+01  -1.5848455e+02   2.1197206e+01  -3.5762888e+00  -4.1000000e+01   5.6391763e+01
   3.1000000e+01   4.5000000e+01  -1.5734882e+02   1.9211274e+01  -5.2970390e+00  -4.1000000e+01   6.3132129e+01
   3.1000000e+01   4.5000000e+01  -1.5550586e+02   1.8238010e+01  -6.8205295e+00  -4.1000000e+01   6.4606992e+01
   3.1000000e+01   4.5000000e+01  -1.5724893e+02   1.9827261e+01  -7.0407693e+00  -4.1000000e+01   6.4103085e+01
   3.1000000e+01   4.5000000e+01  -1.5692076e+02   2.1785692e+01  -6.4562224e+00  -4.1000000e+01   6.1786058e+01
   3.1000000e+01   4.5000000e+01  -1.5469957e+02   2.2296331e+01  -3.5340064e+00  -4.1000000e+01   6.1704421e+01
   3.1000000e+01   4.5000000e+01  -1.5393293e+02   2.3229557e+01  -8.4635971e-01  -4.1000000e+01   5.7741951e+01
   3.1000000e+01   4.5000000e+01  -1.5462344e+02   2.5925070e+01   3.3317796e+00  -4.1000000e+01   5.5869131e+01
   3.1000000e+01   4.5000000e+01  -1.5635355e+02   2.9315665e+01   5.7562576e+00  -4.1000000e+01   4.9145594e+01
   3.1000000e+01   4.5000000e+01  -1.5606585e+02   3.1786651e+01   1.0836693e+01  -4.1000000e+01   4.8338496e+01
   3.1000000e+01   4.5000000e+01  -1.5214067e+02   3.2317030e+01   1.0542041e+01  -4.1000000e+01   4.4892521e+01
   3.1000000e+01   4.5000000e+01  -1.4954660e+02   3.2206548e+01   1.1514919e+01  -4.1000000e+01   4.3276480e+01
   3.1000000e+01   4.5000000e+01  -1.4671577e+02   3.3266885e+01   1.1912975e+01  -4.1000000e+01   4.0268146e+01
   3.1000000e+01   4.5000000e+01  -1.4668149e+02   3.3765454e+01   1.3347631e+01  -4.1000000e+01   3.7376753e+01
   3.1000000e+01   4.5000000e+01  -1.4654084e+02   3.6565092e+01   1.2508288e+01  -4.1000000e+01   3.1385778e+01
   3.1000000e+01   4.5000000e+01  -1.4735352e+02   4.0126593e+01   1.4998499e+01  -4.1000000e+01   2.5710656e+01
   3.1000000e+01   4.5000000e+01  -1.4721328e+02   4.3029748e+01   1.7378252e+01  -4.1000000e+01   2.1911830e+01
   3.1000000e+01   4.5000000e+01  -1.4701889e+02   4.4962003e+01   1.9390276e+01  -4.1000000e+01   1.8423232e+01
   3.1000000e+01   4.5000000e+01  -1.4397574e+02   4.5916379e+01   2.0574420e+01  -4.1000000e+01   1.4128654e+01
   3.1000000e+01   4.5000000e+01  -1.4313448e+02   4.7450509e+01   2.1507944e+01  -4.1000000e+01   8.7714697e+00
   3.1000000e+01   4.5000000e+01  -1.4124924e+02   4.9841253e+01   2.3822019e+01  -4.1000000e+01   4.6314717e+00
   3.1000000e+01   4.5000000e+01  -1.3998991e+02   5.2295518e+01   2.6345645e+01  -4.1000000e+01  -1.2875537e+00
   3.1000000e+01   4.5000000e+01  -1.3838126e+02   5.4286409e+01   2.7661643e+01  -4.1000000e+01  -7.1889018e+00
   3.1000000e+01   4.5000000e+01  -1.3602948e+02   5.6110477e+01   2.9892579e+01  -4.1000000e+01  -1.1278236e+01
   3.1000000e+01   4.5000000e+01  -1.3478877e+02   5.7269802e+01   3.1723101e+01  -4.1000000e+01  -1.4794150e+01
   3.1000000e+01   4.5000000e+01  -1.3255312e+02   5.7450469e+01   3.2057583e+01  -4.1000000e+01  -1.9986134e+01
   3.1000000e+01   4.5000000e+01  -1.3141064e+02   5.5980415e+01   3.3307860e+01  -4.1000000e+01  -2.3966285e+01
   3.1000000e+01   4.5000000e+01  -1.3627600e+02   5.2346184e+01   3.3743395e+01  -4.1000000e+01  -2.7359011e+01
   3.1000000e+01   4.5000000e+01  -1.4000773e+02   4.9571380e+01   3.3547946e+01  -4.1000000e+01  -2.7389740e+01
   3.1000000e+01   4.5000000e+01  -1.4371681e+02   4.7333636e+01   3.0338704e+01  -4.1000000e+01  -2.2929025e+01
   3.1000000e+01   4.5000000e+01  -1.4606584e+02   4.3325543e+01   2.6249012e+01  -4.1000000e+01  -1.7229738e+01
   3.1000000e+01   4.5000000e+01  -1.4871527e+02   3.9154653e+01   2.4524556e+01  -4.1000000e+01  -1.0134338e+01
   3.1000000e+01   4.5000000e+01  -1.5140568e+02   3.4896830e+01   2.2429258e+01  -4.1000000e+01  -2.5641572e+00
   3.1000000e+01   4.5000000e+01  -1.5338147e+02   3.0298263e+01   1.9652745e+01  -4.1000000e+01   5.5693346e+00
   3.1000000e+01   4.5000000e+01  -1.5710544e+02   2.7667999e+01   1.5447646e+01  -4.1000000e+01   1.4312454e+01
   3.1000000e+01   4.5000000e+01  -1.5821469e+02   2.5303623e+01   1.0646246e+01  -4.1000000e+01   2.4035715e+01
