   2.5809016e+01   4.5707440e+01  -1.5449797e+02   3.0981299e+01   1.2570467e+01  -4.2123541e+01   4.7543017e+01
   1.1885924e+01   4.4558530e+01  -1.4452278e+02   2.9911400e+01   1.1621897e+01  -4.0413907e+01   4.3062707e+01
   3.0000000e+00   3.6979934e+01  -1.4000000e+02   2.2220000e+01   2.1984675e+01  -4.4218312e+01   3.7777806e+01
   3.0000000e+00   3.5083603e+01  -1.4000000e+02   1.9890380e+01   2.7549467e+01  -4.1690247e+01   3.2743346e+01
   3.0000000e+00   3.3081355e+01  -1.4000000e+02   1.9198146e+01   2.8984935e+01  -3.8587797e+01   2.8042060e+01
   3.0000000e+00   3.2652610e+01  -1.4000000e+02   1.7999107e+01   3.1038847e+01  -3.5747677e+01   2.4601196e+01
   3.0000000e+00   3.0721325e+01  -1.4000000e+02   1.7424256e+01   3.1240143e+01  -3.3256199e+01   1.9571944e+01
   3.0000000e+00   2.7965328e+01  -1.4000000e+02   1.6419425e+01   3.3110315e+01  -3.0796640e+01   1.6424916e+01
   3.0000000e+00   2.7149501e+01  -1.4000000e+02   1.5975465e+01   3.5113350e+01  -2.8083245e+01   1.1479706e+01
   3.0000000e+00   2.5634658e+01  -1.4000000e+02   1.5860587e+01   3.7145216e+01  -2.5687603e+01   8.0530130e+00
   3.0000000e+00   2.4204417e+01  -1.4000000e+02   1.6336592e+01   3.8462167e+01  -2.3191605e+01   2.0500256e+00
   3.0000000e+00   2.2613624e+01  -1.4000000e+02   1.6675955e+01   4.0926214e+01  -2.0645406e+01  -2.2880243e+00
   3.0000000e+00   1.9905894e+01  -1.4000000e+02   1.7007131e+01   4.4432220e+01  -1.8384089e+01  -7.2479352e+00
   3.0000000e+00   1.8263975e+01  -1.4000000e+02   1.6990968e+01   4.7986718e+01  -1.6182900e+01  -1.1272954e+01
   3.0000000e+00   1.5393862e+01  -1.4000000e+02   1.7294877e+01   5.2334941e+01  -1.3644285e+01  -1.5460796e+01
   3.0000000e+00   1.3617305e+01  -1.4000000e+02   1.7551411e+01   5.6206767e+01  -1.0854334e+01  -1.9381254e+01
   3.0000000e+00   9.7498126e+00  -1.4000000e+02   1.7313009e+01   5.9902629e+01  -8.5856057e+00  -2.3736527e+01
   3.0000000e+00   6.2206091e+00  -1.4000000e+02   1.6435099e+01   6.2978101e+01  -6.5930647e+00  -2.7483741e+01
   3.0000000e+00   3.3580408e+00  -1.4000000e+02   1.5183682e+01   6.5807035e+01  -4.7123333e+00  -2.8859262e+01
   3.0000000e+00   1.2966318e+00  -1.4000000e+02   1.3836036e+01   6.7638852e+01  -3.0308904e+00  -3.0027146e+01
   3.0000000e+00   7.4340418e-01  -1.4000000e+02   1.1905539e+01   6.9180483e+01  -2.1851657e+00  -3.0256340e+01
   3.0000000e+00   6.7777310e+00  -1.4000000e+02   8.3904847e+00   6.9812407e+01  -2.8533190e+00  -2.9436294e+01
   3.0000000e+00   1.1673740e+01  -1.4000000e+02   5.5993666e+00   6.9910064e+01  -4.4504150e+00  -2.7495204e+01
   3.0000000e+00   1.7340313e+01  -1.4000000e+02   3.3949784e+00   6.6565212e+01  -6.0491491e+00  -2.3965144e+01
   3.0000000e+00   2.2611260e+01  -1.4000000e+02   1.8590065e+00   5.7765026e+01  -8.2224642e+00  -2.1840980e+01
   3.0000000e+00   2.6655705e+01  -1.4000000e+02   2.1620950e-01   4.7096197e+01  -1.0371695e+01  -1.6842348e+01
   3.0000000e+00   3.2990053e+01  -1.4000000e+02  -9.7584539e-01   3.5853465e+01  -1.2431947e+01  -8.8016326e+00
   3.0000000e+00   3.4167651e+01  -1.4000000e+02  -3.0731062e+00   2.5291291e+01  -1.4992818e+01   2.3209538e+00
   3.0000000e+00   3.1554215e+01  -1.4000000e+02  -7.1792214e+00   1.5886822e+01  -1.9225315e+01   1.3881693e+01
   3.0000000e+00   2.7668673e+01  -1.4000000e+02  -1.1072649e+01   9.1266063e+00  -2.3405643e+01   2.5447035e+01
   3.0000000e+00   2.3398735e+01  -1.4000000e+02  -1.3559339e+01   3.7281347e+00  -2.7064542e+01   3.7118268e+01
   3.0000000e+00   1.9293852e+01  -1.4000000e+02  -1.5410212e+01   1.4987294e+00  -3.1187849e+01   4.7658451e+01
   3.0000000e+00   1.9263870e+01  -1.4000000e+02  -1.3471506e+01   8.0666809e-01  -3.3279335e+01   5.1890682e+01
   3.0000000e+00   1.9407253e+01  -1.4000000e+02  -1.0259456e+01   1.2350740e+00  -3.3966185e+01   5.0787145e+01
   3.0000000e+00   2.0424633e+01  -1.4000000e+02  -7.2010081e+00   3.3893505e+00  -3.4322736e+01   4.7689193e+01
   3.0000000e+00   2.2447062e+01  -1.4000000e+02  -3.9386294e+00   6.9406660e+00  -3.3820520e+01   4.3525557e+01
   3.0000000e+00   2.5376442e+01  -1.4000000e+02  -7.1015896e-01   9.3466158e+00  -3.1723254e+01   3.9706071e+01
   3.0000000e+00   2.9164094e+01  -1.4000000e+02   1.5860582e+00   1.2806356e+01  -3.0056653e+01   3.7385860e+01
   3.0000000e+00   3.0916293e+01  -1.4000000e+02   3.6423654e+00   1.7348582e+01  -2.9107257e+01   3.4416783e+01
   3.0000000e+00   2.9347331e+01  -1.4000000e+02   3.8898438e+00   2.2776675e+01  -2.9044947e+01   3.4905885e+01
   3.0000000e+00   2.8198553e+01  -1.4000000e+02   4.1754946e+00   2.2622233e+01  -2.8909749e+01   3.2633442e+01
   3.0000000e+00   2.7085685e+01  -1.4000000e+02   3.8506023e+00   2.3308335e+01  -2.9151313e+01   2.9454014e+01
   3.0000000e+00   2.4855204e+01  -1.4000000e+02   4.5138377e+00   2.4760480e+01  -2.8613426e+01   2.4790897e+01
   3.0000000e+00   2.2809752e+01  -1.4000000e+02   4.8599735e+00   2.6239533e+01  -2.8279355e+01   2.1455423e+01
   3.0000000e+00   2.3210260e+01  -1.4000000e+02   5.6637217e+00   2.8713392e+01  -2.7148905e+01   1.8443167e+01
   3.0000000e+00   2.4042201e+01  -1.4000000e+02   6.5627120e+00   3.0791933e+01  -2.5949790e+01   1.6076536e+01
   3.0000000e+00   2.3006124e+01  -1.4000000e+02   7.6793210e+00   3.1515858e+01  -2.5486643e+01   1.2023287e+01
   3.0000000e+00   2.2170226e+01  -1.4000000e+02   8.4630369e+00   3.3303322e+01  -2.4917817e+01   1.0897317e+01
   3.0000000e+00   2.1085296e+01  -1.4000000e+02   9.4316086e+00   3.5941294e+01  -2.4187567e+01   8.1442438e+00
   3.0000000e+00   2.0993840e+01  -1.4000000e+02   1.0581508e+01   3.8535135e+01  -2.2671506e+01   3.5391650e+00
   3.0000000e+00   1.8786928e+01  -1.4000000e+02   1.1319991e+01   4.1358870e+01  -2.1175087e+01  -3.6004430e-01
   3.0000000e+00   1.8615394e+01  -1.4000000e+02   1.2266815e+01   4.4108775e+01  -1.8974290e+01  -4.3983313e+00
   3.0000000e+00   1.8126212e+01  -1.4000000e+02   1.2799069e+01   4.8164006e+01  -1.6717534e+01  -6.9588726e+00
   3.0000000e+00   1.8089208e+01  -1.4000000e+02   1.3532054e+01   5.2015928e+01  -1.3999239e+01  -1.0702591e+01
   3.0000000e+00   1.8244578e+01  -1.4000000e+02   1.4404424e+01   5.5647139e+01  -1.1045437e+01  -1.4533448e+01
   3.0000000e+00   1.5334706e+01  -1.4000000e+02   1.5048647e+01   5.8336317e+01  -8.2187578e+00  -1.8808562e+01
   3.0000000e+00   1.2546440e+01  -1.4000000e+02   1.5043627e+01   6.0963609e+01  -5.8307444e+00  -2.1865872e+01
   3.0000000e+00   9.8864570e+00  -1.4000000e+02   1.4618418e+01   6.2780669e+01  -3.9633638e+00  -2.4804266e+01
   3.0000000e+00   7.3861785e+00  -1.4000000e+02   1.3925571e+01   6.4429351e+01  -2.2703316e+00  -2.6727374e+01
   3.0000000e+00   7.1655796e+00  -1.4000000e+02   1.2859003e+01   6.5736193e+01  -8.4874842e-01  -2.7490061e+01
   3.0000000e+00   1.0350482e+01  -1.4000000e+02   9.3752058e+00   6.7751235e+01  -1.9655280e+00  -2.6336712e+01
   3.0000000e+00   1.4487540e+01  -1.4000000e+02   6.7698128e+00   6.7842679e+01  -2.9440610e+00  -2.3778562e+01
   3.0000000e+00   1.8767701e+01  -1.4000000e+02   3.8171402e+00   6.5689808e+01  -4.9613340e+00  -2.0770840e+01
   3.0000000e+00   2.1066104e+01  -1.4000000e+02   6.5899881e-01   5.9060843e+01  -8.1298785e+00  -1.6492642e+01
   3.0000000e+00   2.4431922e+01  -1.4000000e+02  -2.1040303e+00   4.8953959e+01  -1.1557013e+01  -1.2093357e+01
   3.0000000e+00   2.8775954e+01  -1.4000000e+02  -3.0077430e+00   3.8213109e+01  -1.3630705e+01  -4.6661071e+00
   3.0000000e+00   3.2741660e+01  -1.4000000e+02  -3.2648890e+00   2.7204876e+01  -1.5777782e+01   4.7832802e+00
   3.0000000e+00   3.1210220e+01  -1.4000000e+02  -5.4330852e+00   1.6814218e+01  -2.0008460e+01   1.4953936e+01
   3.0000000e+00   2.7994084e+01  -1.4000000e+02  -7.9360085e+00   8.0415371e+00  -2.5026058e+01   2.4024915e+01
   3.0000000e+00   2.6629202e+01  -1.4000000e+02  -8.0548129e+00   1.6182217e+00  -2.8530815e+01   3.2313761e+01
   3.0000000e+00   2.1714283e+01  -1.4000000e+02  -1.0136083e+01  -1.9033805e+00  -3.3049505e+01   4.1038508e+01
   3.0000000e+00   2.0749656e+01  -1.4000000e+02  -9.8362322e+00  -2.8296763e+00  -3.5510714e+01   4.8514696e+01
   3.0000000e+00   2.1782924e+01  -1.4000000e+02  -6.1952791e+00  -3.6715372e+00  -3.5377591e+01   5.0918941e+01
   3.0000000e+00   2.2315169e+01  -1.4000000e+02  -3.4573922e+00  -2.4531105e+00  -3.5947036e+01   4.7335970e+01
   3.0000000e+00   2.2630712e+01  -1.4000000e+02  -1.8277559e+00   2.9430312e-01  -3.5970388e+01   4.7726192e+01
   3.0000000e+00   2.3676946e+01  -1.4000000e+02  -6.5960672e-01   3.2044304e+00  -3.6301665e+01   4.6805371e+01
   3.0000000e+00   2.5205278e+01  -1.4000000e+02  -2.1064357e-01   6.9043840e+00  -3.6589835e+01   4.5342368e+01
   3.0000000e+00   2.6045451e+01  -1.4000000e+02   1.2457393e+00   1.0197767e+01  -3.5947895e+01   4.2933481e+01
   3.0000000e+00   2.7501572e+01  -1.4000000e+02   2.8352199e+00   1.3085673e+01  -3.4511348e+01   4.2196491e+01
   3.0000000e+00   2.8459447e+01  -1.4000000e+02   3.4428348e+00   1.6310159e+01  -3.3710379e+01   4.1421971e+01
   3.0000000e+00   2.6896368e+01  -1.4000000e+02   4.0705464e+00   1.8626830e+01  -3.3113256e+01   3.8907205e+01
   3.0000000e+00   2.7288478e+01  -1.4000000e+02   4.9451165e+00   2.2405061e+01  -3.2611655e+01   3.6185292e+01
   3.0000000e+00   2.7557725e+01  -1.4000000e+02   6.1102677e+00   2.1691712e+01  -3.1761796e+01   2.9979510e+01
   3.0000000e+00   2.7853839e+01  -1.4000000e+02   7.7081218e+00   2.3186659e+01  -3.0872814e+01   2.6419432e+01
   3.0000000e+00   2.5198900e+01  -1.4000000e+02   9.0455758e+00   2.2801858e+01  -3.0637798e+01   2.1721664e+01
   3.0000000e+00   2.6290650e+01  -1.4000000e+02   1.0229572e+01   2.4653811e+01  -2.9467084e+01   1.8920670e+01
   3.0000000e+00   2.6727452e+01  -1.4000000e+02   1.1183582e+01   2.6414921e+01  -2.8417205e+01   1.4616283e+01
   3.0000000e+00   2.4712411e+01  -1.4000000e+02   1.1556514e+01   2.8929666e+01  -2.7941298e+01   1.1948834e+01
   3.0000000e+00   2.4271360e+01  -1.4000000e+02   1.2385749e+01   3.1526664e+01  -2.6384999e+01   8.9960886e+00
   3.0000000e+00   2.3754381e+01  -1.4000000e+02   1.2970977e+01   3.3462297e+01  -2.4911666e+01   4.1877243e+00
   3.0000000e+00   2.2898721e+01  -1.4000000e+02   1.3871843e+01   3.7267808e+01  -2.2434108e+01  -9.9132117e-01
   3.0000000e+00   2.1121286e+01  -1.4000000e+02   1.4682517e+01   4.1867206e+01  -1.9752406e+01  -4.6239359e+00
   3.0000000e+00   2.0117788e+01  -1.4000000e+02   1.5462926e+01   4.4965225e+01  -1.7079212e+01  -1.0205773e+01
   3.0000000e+00   1.8715984e+01  -1.4000000e+02   1.6078926e+01   4.7750271e+01  -1.4467057e+01  -1.4782505e+01
   3.0000000e+00   1.6616030e+01  -1.4000000e+02   1.6252586e+01   5.0638394e+01  -1.2235785e+01  -1.8085124e+01
   3.0000000e+00   1.4106535e+01  -1.4000000e+02   1.5898461e+01   5.4413627e+01  -9.9990926e+00  -1.7462508e+01
   3.0000000e+00   1.5108019e+01  -1.4000000e+02   1.4543855e+01   5.5075905e+01  -8.6726221e+00  -1.7509127e+01
   3.0000000e+00   1.9403037e+01  -1.4000000e+02   1.1297854e+01   5.3257113e+01  -9.6528556e+00  -1.2672292e+01
   3.0000000e+00   2.2599714e+01  -1.4000000e+02   6.9270580e+00   4.6735536e+01  -1.3528558e+01  -7.4510510e+00
   3.0000000e+00   2.5114371e+01  -1.4000000e+02   3.3354040e+00   3.7998209e+01  -1.7552837e+01  -2.0334705e+00
   3.0000000e+00   2.6266943e+01  -1.4000000e+02   6.7867091e-01   2.9464995e+01  -2.1484075e+01   3.9032638e+00
   3.0000000e+00   2.7452909e+01  -1.4000000e+02  -1.5621000e+00   2.0756413e+01  -2.5040707e+01   1.1158126e+01
   3.0000000e+00   2.7265047e+01  -1.4000000e+02  -3.0585000e+00   1.4231861e+01  -2.9057984e+01   2.1002606e+01
   3.0000000e+00   2.6338935e+01  -1.4000000e+02  -3.4845305e+00   9.6194959e+00  -3.1609108e+01   3.1942018e+01
   3.0000000e+00   2.4416367e+01  -1.4000000e+02  -3.9030523e+00   3.8435632e+00  -3.3919458e+01   4.3008029e+01
   3.0000000e+00   2.1685128e+01  -1.4000000e+02  -4.2353502e+00  -1.3364747e-01  -3.6442748e+01   5.2460047e+01
   3.0000000e+00   2.2293404e+01  -1.4000000e+02  -3.3150140e+00  -2.1020244e-01  -3.8240769e+01   5.6124763e+01
   3.0000000e+00   2.3241427e+01  -1.4000000e+02  -1.5977950e+00   1.8653900e+00  -3.9192770e+01   5.4574277e+01
   3.0000000e+00   2.3991619e+01  -1.4000000e+02   6.7174596e-01   2.0118376e+00  -3.8861367e+01   5.1143263e+01
   3.0000000e+00   2.5079530e+01  -1.4000000e+02   2.3451048e+00   4.0556332e+00  -3.8025899e+01   4.8062926e+01
   3.0000000e+00   2.6366034e+01  -1.4000000e+02   2.9796121e+00   6.7329881e+00  -3.7875185e+01   4.6260511e+01
   3.0000000e+00   2.7808340e+01  -1.4000000e+02   4.4285600e+00   1.0560669e+01  -3.6071164e+01   4.4276453e+01
   3.0000000e+00   3.0285989e+01  -1.4000000e+02   5.7006070e+00   1.3025765e+01  -3.4594666e+01   4.1540857e+01
   3.0000000e+00   3.1209978e+01  -1.4000000e+02   6.6031237e+00   1.4245405e+01  -3.3552208e+01   3.9768683e+01
   3.0000000e+00   3.1614398e+01  -1.4000000e+02   7.2478429e+00   1.6280575e+01  -3.2920142e+01   3.7835525e+01
   3.0000000e+00   2.9279559e+01  -1.4000000e+02   6.6928725e+00   1.8232983e+01  -3.2969561e+01   3.5104365e+01
   3.0000000e+00   2.6991817e+01  -1.4000000e+02   6.2247109e+00   2.0341973e+01  -3.3050002e+01   3.3637309e+01
   3.0000000e+00   2.6047787e+01  -1.4000000e+02   6.7742164e+00   2.1056333e+01  -3.2781323e+01   3.0419342e+01
   3.0000000e+00   2.5240923e+01  -1.4000000e+02   7.1563333e+00   2.4163652e+01  -3.1914348e+01   2.7555897e+01
   3.0000000e+00   2.5391927e+01  -1.4000000e+02   8.1585692e+00   2.6252704e+01  -3.0803621e+01   2.5223508e+01
   3.0000000e+00   2.5645743e+01  -1.4000000e+02   9.1307157e+00   2.8223976e+01  -2.9655143e+01   2.3086300e+01
   3.0000000e+00   2.4394762e+01  -1.4000000e+02   9.9997717e+00   2.9970313e+01  -2.8902111e+01   1.9051008e+01
   3.0000000e+00   2.4690372e+01  -1.4000000e+02   1.0911350e+01   3.2135154e+01  -2.7611821e+01   1.4537940e+01
   3.0000000e+00   2.4141687e+01  -1.4000000e+02   1.1908027e+01   3.5085669e+01  -2.6107445e+01   1.0471634e+01
   3.0000000e+00   2.1996163e+01  -1.4000000e+02   1.2415441e+01   3.6967775e+01  -2.4564780e+01   4.3313036e+00
   3.0000000e+00   2.0208463e+01  -1.4000000e+02   1.3258755e+01   4.0572331e+01  -2.2212515e+01   1.2835715e-01
   3.0000000e+00   1.9729379e+01  -1.4000000e+02   1.3920363e+01   4.3367987e+01  -1.9629619e+01  -3.8460472e+00
   3.0000000e+00   1.9770211e+01  -1.4000000e+02   1.4840704e+01   4.6749831e+01  -1.6744034e+01  -9.5104148e+00
   3.0000000e+00   1.5132373e+01  -1.4000000e+02   1.5136005e+01   4.9626358e+01  -1.4759449e+01  -1.3768862e+01
   3.0000000e+00   1.2960054e+01  -1.4000000e+02   1.4693285e+01   5.1753813e+01  -1.2811040e+01  -1.7917112e+01
   3.0000000e+00   1.3198119e+01  -1.4000000e+02   1.4391237e+01   5.3775701e+01  -1.0416662e+01  -2.1184946e+01
   3.0000000e+00   1.7192332e+01  -1.4000000e+02   1.2391318e+01   5.6885934e+01  -1.0386084e+01  -2.2504936e+01
   3.0000000e+00   2.0954620e+01  -1.4000000e+02   1.0001106e+01   5.6934836e+01  -1.1485824e+01  -2.6034204e+01
   3.0000000e+00   2.3139547e+01  -1.4000000e+02   8.3028107e+00   5.3717917e+01  -1.2783550e+01  -2.7133628e+01
   3.0000000e+00   2.4084945e+01  -1.4000000e+02   7.2653473e+00   4.7162243e+01  -1.4006546e+01  -2.1908003e+01
   3.0000000e+00   2.4388941e+01  -1.4000000e+02   4.6853337e+00   3.8211819e+01  -1.6900515e+01  -1.3418191e+01
   3.0000000e+00   2.7353449e+01  -1.4000000e+02   2.6707473e+00   2.7733714e+01  -2.0101503e+01  -4.2326070e+00
   3.0000000e+00   3.0598293e+01  -1.4000000e+02   1.5869855e+00   1.7062085e+01  -2.3737349e+01   4.5399554e+00
   3.0000000e+00   2.6918539e+01  -1.4000000e+02  -1.7583108e+00   7.8146912e+00  -2.9066313e+01   1.4516715e+01
   3.0000000e+00   2.4169034e+01  -1.4000000e+02  -4.4013178e+00   5.0889461e+00  -3.2995526e+01   2.5739193e+01
   3.0000000e+00   2.4632692e+01  -1.4000000e+02  -5.2879144e+00   1.2431522e+00  -3.5836611e+01   3.6327015e+01
   3.0000000e+00   2.1734239e+01  -1.4000000e+02  -6.6959332e+00  -1.1154503e+00  -3.8876967e+01   4.6852446e+01
   3.0000000e+00   1.9989140e+01  -1.4000000e+02  -6.7389725e+00  -5.3746014e+00  -4.1037725e+01   5.3992698e+01
   3.0000000e+00   2.0404455e+01  -1.4000000e+02  -4.8005329e+00  -6.7212264e+00  -4.2002213e+01   5.4546344e+01
   3.0000000e+00   2.1183947e+01  -1.4000000e+02  -2.6080876e+00  -3.4144409e+00  -4.1754708e+01   5.6097223e+01
   3.0000000e+00   2.3640077e+01  -1.4000000e+02   2.5613860e-01  -9.8601880e-01  -4.0852240e+01   5.1396873e+01
   3.0000000e+00   2.5138212e+01  -1.4000000e+02   1.7968339e+00   2.2630088e+00  -4.0643282e+01   4.9772735e+01
   3.0000000e+00   2.3938697e+01  -1.4000000e+02   1.8444251e+00   5.6171849e+00  -4.0793150e+01   5.0639011e+01
   3.0000000e+00   2.6235508e+01  -1.4000000e+02   2.8478532e+00   8.3581588e+00  -3.9955393e+01   4.9779348e+01
   3.0000000e+00   2.8442517e+01  -1.4000000e+02   4.3716854e+00   9.0132056e+00  -3.8764843e+01   4.4029642e+01
   3.0000000e+00   2.8309091e+01  -1.4000000e+02   4.9925680e+00   1.2348548e+01  -3.7966870e+01   4.3411714e+01
   3.0000000e+00   2.8455738e+01  -1.4000000e+02   5.5441244e+00   1.5413727e+01  -3.7179744e+01   4.3395886e+01
   3.0000000e+00   2.9081733e+01  -1.4000000e+02   6.5590775e+00   1.6154827e+01  -3.6540563e+01   4.1011092e+01
   3.0000000e+00   3.0092723e+01  -1.4000000e+02   7.4424142e+00   1.9475246e+01  -3.5987132e+01   3.8650792e+01
   3.0000000e+00   3.0333237e+01  -1.4000000e+02   8.6248364e+00   2.1235251e+01  -3.4569493e+01   3.6252382e+01
   3.0000000e+00   2.9201330e+01  -1.4000000e+02   9.3328653e+00   2.1974740e+01  -3.3295541e+01   3.1493838e+01
   3.0000000e+00   2.7648299e+01  -1.4000000e+02   9.6558768e+00   2.3175812e+01  -3.2445650e+01   2.8383379e+01
   3.0000000e+00   2.9461182e+01  -1.4000000e+02   1.0039532e+01   2.5246177e+01  -3.0796178e+01   2.5283946e+01
   3.0000000e+00   2.7209103e+01  -1.4000000e+02   1.0445633e+01   2.6003458e+01  -3.0147083e+01   2.1668280e+01
   3.0000000e+00   2.6137676e+01  -1.4000000e+02   1.1126257e+01   2.7742902e+01  -2.9446988e+01   1.8213456e+01
   3.0000000e+00   2.4764995e+01  -1.4000000e+02   1.1935125e+01   3.0098496e+01  -2.8288971e+01   1.4157344e+01
   3.0000000e+00   2.3358083e+01  -1.4000000e+02   1.2918945e+01   3.2171632e+01  -2.6753647e+01   1.0121977e+01
   3.0000000e+00   2.3225214e+01  -1.4000000e+02   1.3492414e+01   3.4545473e+01  -2.5160562e+01   4.9459663e+00
   3.0000000e+00   2.2024853e+01  -1.4000000e+02   1.4444033e+01   3.7778190e+01  -2.3273530e+01   5.7374524e-01
   3.0000000e+00   2.3261797e+01  -1.4000000e+02   1.5230401e+01   4.1913729e+01  -2.0347695e+01  -3.5426005e+00
   3.0000000e+00   2.1941766e+01  -1.4000000e+02   1.5623779e+01   4.5659316e+01  -1.7688905e+01  -8.3075643e+00
   3.0000000e+00   2.1215800e+01  -1.4000000e+02   1.6064371e+01   4.8547587e+01  -1.5040010e+01  -1.3165234e+01
   3.0000000e+00   2.1414588e+01  -1.4000000e+02   1.5726697e+01   5.1291280e+01  -1.2755413e+01  -1.5097985e+01
   3.0000000e+00   2.1550852e+01  -1.4000000e+02   1.3028336e+01   5.2600399e+01  -1.3457189e+01  -1.5565510e+01
   3.0000000e+00   2.2353884e+01  -1.4000000e+02   9.7984534e+00   4.9748588e+01  -1.5836885e+01  -1.5810338e+01
   3.0000000e+00   2.1933312e+01  -1.4000000e+02   6.6284597e+00   4.3929154e+01  -1.8908764e+01  -1.1971448e+01
   3.0000000e+00   2.4620446e+01  -1.4000000e+02   3.9747452e+00   3.5806840e+01  -2.1976891e+01  -6.4378844e+00
   3.0000000e+00   2.7105755e+01  -1.4000000e+02   2.0263509e+00   2.7188691e+01  -2.4528323e+01  -7.4525101e-01
   3.0000000e+00   2.6779054e+01  -1.4000000e+02  -5.9898776e-01   1.9322309e+01  -2.7991718e+01   6.9926598e+00
   3.0000000e+00   2.6692029e+01  -1.4000000e+02  -1.8494799e+00   1.2568177e+01  -3.1419692e+01   1.5456810e+01
   3.0000000e+00   2.3423970e+01  -1.4000000e+02  -3.8964775e+00   8.2028928e+00  -3.5329441e+01   2.5274671e+01
   3.0000000e+00   2.4487857e+01  -1.4000000e+02  -3.2640393e+00   4.0361318e+00  -3.7318131e+01   3.2981915e+01
   3.0000000e+00   2.6166205e+01  -1.4000000e+02  -2.2148617e+00   8.9234851e-01  -3.9059094e+01   4.0871657e+01
   3.0000000e+00   2.4072018e+01  -1.4000000e+02  -1.9800101e+00  -3.6792596e-01  -4.1143952e+01   4.9077505e+01
   3.0000000e+00   2.4689067e+01  -1.4000000e+02  -3.9671213e-01   5.4631672e-02  -4.1125642e+01   5.5771326e+01
   3.0000000e+00   2.5874711e+01  -1.4000000e+02   1.3393777e+00   1.4731716e+00  -4.0850207e+01   5.5654631e+01
   3.0000000e+00   2.3222876e+01  -1.4000000e+02   1.4205259e+00   3.5624102e+00  -4.1666135e+01   5.3342084e+01
   3.0000000e+00   2.2904476e+01  -1.4000000e+02   1.8441943e+00   4.4828911e+00  -4.0948225e+01   5.0606529e+01
   3.0000000e+00   2.4937390e+01  -1.4000000e+02   3.5715151e+00   4.4317630e+00  -3.9297210e+01   4.6903776e+01
   3.0000000e+00   2.4983805e+01  -1.4000000e+02   3.7043076e+00   7.9410628e+00  -3.8792241e+01   4.6715522e+01
   3.0000000e+00   2.6617256e+01  -1.4000000e+02   4.2163775e+00   1.0591161e+01  -3.7487600e+01   4.5148234e+01
   3.0000000e+00   2.8716063e+01  -1.4000000e+02   5.1241326e+00   1.3319581e+01  -3.5653337e+01   4.4603194e+01
   3.0000000e+00   2.8571449e+01  -1.4000000e+02   4.4097511e+00   1.5614734e+01  -3.5162312e+01   4.4488874e+01
   3.0000000e+00   2.9862620e+01  -1.4000000e+02   5.0195215e+00   1.7552598e+01  -3.4379217e+01   4.3513530e+01
   3.0000000e+00   3.2061427e+01  -1.4000000e+02   6.4531303e+00   1.9723925e+01  -3.3295103e+01   4.0858607e+01
   3.0000000e+00   3.2353731e+01  -1.4000000e+02   7.9914590e+00   1.9911735e+01  -3.2693589e+01   3.6841607e+01
   3.0000000e+00   2.9459791e+01  -1.4000000e+02   8.1028779e+00   2.2943717e+01  -3.2269007e+01   3.5491166e+01
   3.0000000e+00   2.8040266e+01  -1.4000000e+02   8.2968842e+00   2.3877690e+01  -3.1788866e+01   3.2763859e+01
   3.0000000e+00   2.7364763e+01  -1.4000000e+02   9.1138352e+00   2.3070035e+01  -3.0774067e+01   2.9085385e+01
   3.0000000e+00   2.6181853e+01  -1.4000000e+02   9.6144163e+00   2.4455943e+01  -3.0217330e+01   2.7057634e+01
   3.0000000e+00   2.7512271e+01  -1.4000000e+02   1.0162875e+01   2.5852072e+01  -2.9100136e+01   2.3974021e+01
   3.0000000e+00   2.4284476e+01  -1.4000000e+02   1.0603149e+01   2.6461209e+01  -2.8906384e+01   2.0604686e+01
   3.0000000e+00   2.3919386e+01  -1.4000000e+02   1.1432660e+01   2.6965936e+01  -2.7856933e+01   1.5018161e+01
   3.0000000e+00   2.3350163e+01  -1.4000000e+02   1.2292958e+01   2.8500099e+01  -2.6423588e+01   1.1765478e+01
   3.0000000e+00   2.3939697e+01  -1.4000000e+02   1.2938824e+01   3.1503127e+01  -2.4660181e+01   7.5768766e+00
   3.0000000e+00   2.3943108e+01  -1.4000000e+02   1.3743812e+01   3.5011876e+01  -2.2621238e+01   4.0667034e+00
   3.0000000e+00   2.4232664e+01  -1.4000000e+02   1.4474743e+01   3.7854718e+01  -2.0442082e+01  -2.1751119e-01
   3.0000000e+00   2.3606445e+01  -1.4000000e+02   1.4855795e+01   4.0741800e+01  -1.8214468e+01  -4.3934393e+00
   3.0000000e+00   2.2187526e+01  -1.4000000e+02   1.5018691e+01   4.4244232e+01  -1.5998240e+01  -8.5749896e+00
   3.0000000e+00   1.9855360e+01  -1.4000000e+02   1.5093667e+01   4.7657541e+01  -1.3990262e+01  -1.2518134e+01
   3.0000000e+00   1.9597739e+01  -1.4000000e+02   1.5047059e+01   4.9549258e+01  -1.2162784e+01  -1.6689424e+01
   3.0000000e+00   2.1342500e+01  -1.4000000e+02   1.1946607e+01   4.9938263e+01  -1.3596036e+01  -1.8775525e+01
   3.0000000e+00   2.0740744e+01  -1.4000000e+02   8.2597432e+00   4.8247978e+01  -1.6539732e+01  -1.6346372e+01
   3.0000000e+00   2.0242182e+01  -1.4000000e+02   4.6025648e+00   4.1120532e+01  -2.0228168e+01  -1.1951958e+01
   3.0000000e+00   1.9901585e+01  -1.4000000e+02   1.1798369e+00   3.3106209e+01  -2.3714544e+01  -5.2566446e+00
   3.0000000e+00   2.4613700e+01  -1.4000000e+02  -4.6306691e-01   2.3540113e+01  -2.6149079e+01   2.4240593e+00
   3.0000000e+00   2.6082791e+01  -1.4000000e+02  -1.3477926e+00   1.3669973e+01  -2.9239079e+01   1.0623990e+01
   3.0000000e+00   2.6926116e+01  -1.4000000e+02  -2.3635157e+00   4.8213091e+00  -3.2336200e+01   2.0174407e+01
   3.0000000e+00   2.4081117e+01  -1.4000000e+02  -4.4194298e+00   1.3308334e+00  -3.5818783e+01   2.9654186e+01
   3.0000000e+00   1.9341883e+01  -1.4000000e+02  -6.5379551e+00  -2.1255179e+00  -3.8994195e+01   3.8836952e+01
   3.0000000e+00   1.8250189e+01  -1.4000000e+02  -7.2939995e+00  -4.3460440e+00  -4.0900442e+01   4.9561307e+01
   3.0000000e+00   1.9943873e+01  -1.4000000e+02  -4.9304332e+00  -5.0103968e+00  -4.0417420e+01   5.4913206e+01
   3.0000000e+00   2.2867424e+01  -1.4000000e+02  -2.1998602e+00  -1.9977599e+00  -3.9145709e+01   5.7300212e+01
   3.0000000e+00   2.5366257e+01  -1.4000000e+02   6.0919965e-04   1.4493419e+00  -3.8473648e+01   5.5217963e+01
   3.0000000e+00   2.6652457e+01  -1.4000000e+02   1.7836804e+00   4.4238619e+00  -3.7561070e+01   5.3771197e+01
   3.0000000e+00   2.9142245e+01  -1.4000000e+02   3.6519440e+00   6.2109466e+00  -3.6412939e+01   4.9975104e+01
   3.0000000e+00   3.0137769e+01  -1.4000000e+02   4.8892251e+00   7.5135947e+00  -3.5423220e+01   4.5199000e+01
   3.0000000e+00   3.1341566e+01  -1.4000000e+02   5.4931534e+00   1.0846247e+01  -3.4755970e+01   4.4754131e+01
   3.0000000e+00   3.2881159e+01  -1.4000000e+02   6.6057625e+00   1.5196030e+01  -3.3027936e+01   4.2958296e+01
   3.0000000e+00   3.2805369e+01  -1.4000000e+02   7.0891253e+00   1.8150599e+01  -3.1749616e+01   4.1873659e+01
   3.0000000e+00   2.9062548e+01  -1.4000000e+02   6.3320338e+00   2.0325539e+01  -3.2221456e+01   3.9780296e+01
   3.0000000e+00   2.7603039e+01  -1.4000000e+02   6.6292494e+00   2.1881887e+01  -3.2111703e+01   3.5558111e+01
   3.0000000e+00   2.9008461e+01  -1.4000000e+02   8.0818761e+00   2.2223549e+01  -3.0415545e+01   3.1264806e+01
   3.0000000e+00   2.9045930e+01  -1.4000000e+02   9.3124993e+00   2.4465566e+01  -2.8961138e+01   2.7764039e+01
   3.0000000e+00   2.8825137e+01  -1.4000000e+02   9.9685376e+00   2.7554890e+01  -2.7911654e+01   2.5174482e+01
   3.0000000e+00   2.6386574e+01  -1.4000000e+02   1.0748885e+01   2.7768603e+01  -2.7623115e+01   2.2302532e+01
   3.0000000e+00   2.6876774e+01  -1.4000000e+02   1.1852842e+01   2.9057792e+01  -2.6670339e+01   1.6869795e+01
   3.0000000e+00   2.5586743e+01  -1.4000000e+02   1.2761999e+01   3.1473489e+01  -2.5513919e+01   1.3736378e+01
   3.0000000e+00   2.3937089e+01  -1.4000000e+02   1.3486919e+01   3.3941769e+01  -2.4507720e+01   9.1969241e+00
   3.0000000e+00   2.1665802e+01  -1.4000000e+02   1.3860386e+01   3.5834047e+01  -2.3242315e+01   5.5387233e+00
   3.0000000e+00   2.2274465e+01  -1.4000000e+02   1.4036530e+01   3.8477775e+01  -2.1108050e+01   1.2092827e+00
   3.0000000e+00   2.3625679e+01  -1.4000000e+02   1.4587030e+01   4.2299273e+01  -1.7979758e+01  -3.3910140e+00
   3.0000000e+00   2.3599714e+01  -1.4000000e+02   1.5422625e+01   4.5302204e+01  -1.5285838e+01  -8.8101593e+00
   3.0000000e+00   2.1588342e+01  -1.4000000e+02   1.5731425e+01   4.8999486e+01  -1.2912290e+01  -1.2360243e+01
   3.0000000e+00   1.9222451e+01  -1.4000000e+02   1.5888578e+01   5.1162425e+01  -1.0748487e+01  -1.7047097e+01
   3.0000000e+00   1.7557932e+01  -1.4000000e+02   1.5379544e+01   5.3005457e+01  -8.7615195e+00  -1.9045492e+01
   3.0000000e+00   2.0604913e+01  -1.4000000e+02   1.2658087e+01   5.5359585e+01  -9.0239525e+00  -1.7672356e+01
   3.0000000e+00   2.5161902e+01  -1.4000000e+02   1.0195220e+01   5.3118529e+01  -9.9775264e+00  -1.5027070e+01
   3.0000000e+00   2.6903615e+01  -1.4000000e+02   7.3754367e+00   4.6383801e+01  -1.2523923e+01  -1.0583733e+01
   3.0000000e+00   2.8883231e+01  -1.4000000e+02   5.1320868e+00   3.7723576e+01  -1.5904689e+01  -3.5978966e+00
   3.0000000e+00   2.9412463e+01  -1.4000000e+02   2.6438945e+00   3.0719156e+01  -1.9737946e+01   3.7706254e+00
   3.0000000e+00   3.0759297e+01  -1.4000000e+02   4.1206218e-01   2.1564495e+01  -2.3666938e+01   8.5840785e+00
   3.0000000e+00   3.1175907e+01  -1.4000000e+02  -1.5450949e+00   1.4607096e+01  -2.7811986e+01   1.6267596e+01
   3.0000000e+00   3.0453893e+01  -1.4000000e+02  -2.5858103e+00   7.8413925e+00  -3.1187972e+01   2.5961681e+01
   3.0000000e+00   2.8948234e+01  -1.4000000e+02  -3.7925573e+00   3.9723782e+00  -3.4730410e+01   3.6039878e+01
   3.0000000e+00   2.7098589e+01  -1.4000000e+02  -4.2914382e+00   7.7212164e-01  -3.7841690e+01   4.5491679e+01
   3.0000000e+00   2.4363250e+01  -1.4000000e+02  -4.1287501e+00  -1.5322914e+00  -4.0113893e+01   5.5521912e+01
   3.0000000e+00   2.1539258e+01  -1.4000000e+02  -2.8363039e+00  -4.0771048e+00  -4.1802094e+01   6.0247548e+01
   3.0000000e+00   2.4038528e+01  -1.4000000e+02  -2.7355870e-01  -4.2750974e+00  -4.1199854e+01   5.8999062e+01
   3.0000000e+00   2.5821865e+01  -1.4000000e+02   2.1167653e+00  -3.9189179e+00  -4.0654798e+01   5.6157682e+01
   3.0000000e+00   2.5083554e+01  -1.4000000e+02   3.0115842e+00  -1.8973757e+00  -4.1015667e+01   5.5016365e+01
   3.0000000e+00   2.4922422e+01  -1.4000000e+02   4.2465998e+00  -1.1415581e+00  -4.0586184e+01   5.1967974e+01
   3.0000000e+00   2.5887267e+01  -1.4000000e+02   4.6442869e+00   1.1424352e+00  -3.9787479e+01   4.9504071e+01
   3.0000000e+00   2.5278612e+01  -1.4000000e+02   4.5230435e+00   2.3712102e+00  -3.9185682e+01   4.7116846e+01
   3.0000000e+00   2.5966200e+01  -1.4000000e+02   4.2854960e+00   5.2358796e+00  -3.8152893e+01   4.7259341e+01
   3.0000000e+00   2.8893743e+01  -1.4000000e+02   5.1361783e+00   7.6552258e+00  -3.6292301e+01   4.4919975e+01
   3.0000000e+00   3.0526695e+01  -1.4000000e+02   5.7250934e+00   1.0899739e+01  -3.4451731e+01   4.5829678e+01
   3.0000000e+00   3.1510791e+01  -1.4000000e+02   5.4222218e+00   1.3801640e+01  -3.3405337e+01   4.6227482e+01
   3.0000000e+00   3.0432333e+01  -1.4000000e+02   4.5490591e+00   1.6325237e+01  -3.2759876e+01   4.6504029e+01
   3.0000000e+00   2.8371357e+01  -1.4000000e+02   4.3099621e+00   1.6765809e+01  -3.2969818e+01   4.4747030e+01
   3.0000000e+00   2.9395229e+01  -1.4000000e+02   5.7252419e+00   1.8224317e+01  -3.2424563e+01   4.3131996e+01
   3.0000000e+00   3.0457688e+01  -1.4000000e+02   6.7929709e+00   1.9978078e+01  -3.2041595e+01   4.2033634e+01
   3.0000000e+00   3.2815670e+01  -1.4000000e+02   8.0460402e+00   2.2524868e+01  -3.0778155e+01   3.9211207e+01
   3.0000000e+00   3.4144157e+01  -1.4000000e+02   9.0276437e+00   2.5227645e+01  -2.9803768e+01   3.6488768e+01
   3.0000000e+00   3.3594187e+01  -1.4000000e+02   1.0200834e+01   2.4987680e+01  -2.8475332e+01   3.2472762e+01
   3.0000000e+00   3.3624795e+01  -1.4000000e+02   1.0913661e+01   2.6337517e+01  -2.7614264e+01   2.9524286e+01
   3.0000000e+00   3.1791746e+01  -1.4000000e+02   1.1351019e+01   2.7042077e+01  -2.6928495e+01   2.6050223e+01
   3.0000000e+00   3.0528255e+01  -1.4000000e+02   1.1782184e+01   2.8405278e+01  -2.6042662e+01   2.2576846e+01
   3.0000000e+00   3.1323721e+01  -1.4000000e+02   1.3063852e+01   3.0091659e+01  -2.4453794e+01   1.7947584e+01
   3.0000000e+00   2.9628640e+01  -1.4000000e+02   1.4099551e+01   3.3192794e+01  -2.3348332e+01   1.4724716e+01
   3.0000000e+00   2.6848451e+01  -1.4000000e+02   1.4364237e+01   3.4903330e+01  -2.2713454e+01   1.1126240e+01
   3.0000000e+00   2.7248127e+01  -1.4000000e+02   1.4970540e+01   3.7442181e+01  -2.0595927e+01   5.7827525e+00
   3.0000000e+00   2.5518007e+01  -1.4000000e+02   1.5332404e+01   3.9388582e+01  -1.8579041e+01   1.2023665e+00
   3.0000000e+00   2.3901361e+01  -1.4000000e+02   1.5578354e+01   4.2129774e+01  -1.6510603e+01  -4.6794153e+00
   3.0000000e+00   2.2886631e+01  -1.4000000e+02   1.5817514e+01   4.4356246e+01  -1.4365483e+01  -8.7593381e+00
   3.0000000e+00   2.1724219e+01  -1.4000000e+02   1.3927047e+01   4.6471968e+01  -1.4233907e+01  -9.1421132e+00
   3.0000000e+00   2.4145940e+01  -1.4000000e+02   1.1010573e+01   4.5503345e+01  -1.6570573e+01  -1.1049860e+01
   3.0000000e+00   2.5545146e+01  -1.4000000e+02   7.4862575e+00   4.2366276e+01  -2.0373292e+01  -1.1470941e+01
   3.0000000e+00   2.2739868e+01  -1.4000000e+02   2.9015315e+00   3.4903185e+01  -2.4774837e+01  -1.3493818e+01
   3.0000000e+00   2.2347990e+01  -1.4000000e+02  -1.8230976e-01   2.5580045e+01  -2.7497681e+01  -1.2202023e+01
   3.0000000e+00   2.2659707e+01  -1.4000000e+02  -1.9254409e+00   1.7557820e+01  -2.9991123e+01  -5.5026339e+00
   3.0000000e+00   2.2831610e+01  -1.4000000e+02  -2.7468575e+00   8.8976495e+00  -3.3109720e+01   2.9922702e+00
   3.0000000e+00   2.1796628e+01  -1.4000000e+02  -3.1091736e+00   2.9163294e+00  -3.5674574e+01   1.2460114e+01
   3.0000000e+00   1.9017879e+01  -1.4000000e+02  -4.1559415e+00  -1.2028641e+00  -3.7679309e+01   2.2225703e+01
   3.0000000e+00   2.0300972e+01  -1.4000000e+02  -3.5791017e+00  -2.4439267e+00  -3.7428840e+01   3.2839134e+01
   3.0000000e+00   2.0736546e+01  -1.4000000e+02  -3.4551146e+00  -4.6091092e+00  -3.7301282e+01   4.2712477e+01
   3.0000000e+00   1.9917653e+01  -1.4000000e+02  -3.5673940e+00  -4.4210585e+00  -3.7850231e+01   5.2297897e+01
   3.0000000e+00   2.3627929e+01  -1.4000000e+02  -2.0426442e+00  -1.7998741e+00  -3.7397856e+01   5.4619434e+01
   3.0000000e+00   2.4302546e+01  -1.4000000e+02  -1.2471438e+00   2.2347683e+00  -3.8017096e+01   5.4258864e+01
   3.0000000e+00   2.7182455e+01  -1.4000000e+02   9.6216148e-01   5.7158567e+00  -3.7224739e+01   5.3643866e+01
   3.0000000e+00   2.7173285e+01  -1.4000000e+02   2.0590831e+00   8.0489411e+00  -3.7146896e+01   5.2734241e+01
   3.0000000e+00   2.8872386e+01  -1.4000000e+02   3.0319508e+00   1.0203268e+01  -3.6470306e+01   5.0025695e+01
   3.0000000e+00   2.9612700e+01  -1.4000000e+02   3.9678271e+00   1.1898247e+01  -3.5724738e+01   4.8850502e+01
   3.0000000e+00   3.2550741e+01  -1.4000000e+02   5.0786756e+00   1.2284233e+01  -3.4513203e+01   4.4301436e+01
   3.0000000e+00   3.1841492e+01  -1.4000000e+02   5.3840233e+00   1.6738831e+01  -3.3540912e+01   4.4859918e+01
   3.0000000e+00   3.3113983e+01  -1.4000000e+02   6.2596145e+00   1.8583567e+01  -3.2299465e+01   4.3316536e+01
   3.0000000e+00   3.2393494e+01  -1.4000000e+02   6.4313458e+00   1.9812397e+01  -3.1971294e+01   4.1943080e+01
   3.0000000e+00   3.4548590e+01  -1.4000000e+02   7.9308427e+00   2.2837615e+01  -3.1433913e+01   4.0557802e+01
   3.0000000e+00   3.4234286e+01  -1.4000000e+02   9.2594362e+00   2.4634438e+01  -3.1078207e+01   3.6565348e+01
   3.0000000e+00   3.4341222e+01  -1.4000000e+02   1.0269581e+01   2.5007952e+01  -3.0366586e+01   3.2606595e+01
   3.0000000e+00   3.4720889e+01  -1.4000000e+02   1.0953172e+01   2.5648162e+01  -2.8676195e+01   2.9775036e+01
   3.0000000e+00   3.3671487e+01  -1.4000000e+02   1.1088414e+01   2.7142430e+01  -2.7757904e+01   2.7207830e+01
   3.0000000e+00   3.1861265e+01  -1.4000000e+02   1.1646112e+01   2.7798143e+01  -2.7474630e+01   2.4852563e+01
   3.0000000e+00   3.1861112e+01  -1.4000000e+02   1.2638216e+01   2.8459923e+01  -2.6844402e+01   2.1041680e+01
   3.0000000e+00   3.0522066e+01  -1.4000000e+02   1.3179907e+01   3.0662957e+01  -2.5807107e+01   1.6880680e+01
   3.0000000e+00   2.7701716e+01  -1.4000000e+02   1.3602981e+01   3.2284553e+01  -2.4839123e+01   1.3379237e+01
   3.0000000e+00   2.7699679e+01  -1.4000000e+02   1.3969249e+01   3.4517206e+01  -2.3053530e+01   8.7257354e+00
   3.0000000e+00   2.6754062e+01  -1.4000000e+02   1.4347033e+01   3.7530287e+01  -2.1244983e+01   5.6719549e+00
   3.0000000e+00   2.5442285e+01  -1.4000000e+02   1.4725907e+01   3.9951198e+01  -1.9495291e+01   9.0968886e-01
   3.0000000e+00   2.5351928e+01  -1.4000000e+02   1.4836416e+01   4.3710263e+01  -1.7257603e+01  -1.9790556e+00
   3.0000000e+00   2.5182931e+01  -1.4000000e+02   1.5634196e+01   4.6764686e+01  -1.4606713e+01  -7.0352288e+00
   3.0000000e+00   2.3124255e+01  -1.4000000e+02   1.5693915e+01   4.9674141e+01  -1.2484346e+01  -1.0632231e+01
   3.0000000e+00   2.1935865e+01  -1.4000000e+02   1.5572240e+01   5.1923571e+01  -1.0455813e+01  -1.4767308e+01
   3.0000000e+00   2.0584067e+01  -1.4000000e+02   1.5202525e+01   5.3524374e+01  -8.6008769e+00  -1.7875835e+01
   3.0000000e+00   2.1664832e+01  -1.4000000e+02   1.2531765e+01   5.5278365e+01  -9.1781853e+00  -2.0897072e+01
   3.0000000e+00   2.2128390e+01  -1.4000000e+02   9.5027493e+00   5.4741399e+01  -1.0849838e+01  -1.9979611e+01
   3.0000000e+00   2.4057140e+01  -1.4000000e+02   6.7052498e+00   5.0531157e+01  -1.3647755e+01  -1.6862378e+01
   3.0000000e+00   2.6420868e+01  -1.4000000e+02   4.0827429e+00   4.2880924e+01  -1.7120415e+01  -1.2058595e+01
   3.0000000e+00   2.8484304e+01  -1.4000000e+02   2.2821359e+00   3.4217368e+01  -2.0199188e+01  -6.2324059e+00
   3.0000000e+00   3.0733428e+01  -1.4000000e+02   1.3679759e+00   2.4265830e+01  -2.2746356e+01   1.6194310e+00
   3.0000000e+00   3.1726678e+01  -1.4000000e+02   7.0446159e-01   1.4212225e+01  -2.6059952e+01   9.6500777e+00
   3.0000000e+00   2.8008840e+01  -1.4000000e+02  -1.9046827e+00   5.7976074e+00  -3.0455769e+01   1.8955805e+01
   3.0000000e+00   2.4773992e+01  -1.4000000e+02  -3.8751241e+00   1.5683667e+00  -3.4174752e+01   2.8524126e+01
   3.0000000e+00   2.0750352e+01  -1.4000000e+02  -5.4718496e+00  -1.4870647e+00  -3.7961964e+01   3.6704196e+01
   3.0000000e+00   1.9780888e+01  -1.4000000e+02  -5.9371661e+00  -1.7998274e+00  -4.0600512e+01   4.4387198e+01
   3.0000000e+00   1.8974660e+01  -1.4000000e+02  -5.1551598e+00  -1.3436887e+00  -4.1705546e+01   5.1667531e+01
   3.0000000e+00   2.1032333e+01  -1.4000000e+02  -2.1154947e+00  -6.2218530e-01  -4.0826295e+01   5.3427034e+01
   3.0000000e+00   2.1700792e+01  -1.4000000e+02  -1.1275887e+00   2.9595370e+00  -4.0870267e+01   5.3959134e+01
   3.0000000e+00   2.4263350e+01  -1.4000000e+02   1.1106515e+00   4.0968658e+00  -3.9780139e+01   5.0177582e+01
   3.0000000e+00   2.5460983e+01  -1.4000000e+02   2.5157840e+00   6.3528442e+00  -3.8860245e+01   4.7969613e+01
   3.0000000e+00   2.6802961e+01  -1.4000000e+02   3.4742330e+00   6.0694004e+00  -3.7582472e+01   4.4067414e+01
   3.0000000e+00   2.8133731e+01  -1.4000000e+02   3.9327346e+00   8.8087443e+00  -3.6367731e+01   4.3025625e+01
   3.0000000e+00   2.8027738e+01  -1.4000000e+02   3.9060559e+00   1.4020137e+01  -3.5484028e+01   4.4500144e+01
   3.0000000e+00   2.8513130e+01  -1.4000000e+02   3.7794303e+00   1.8406115e+01  -3.4541530e+01   4.4411402e+01
   3.0000000e+00   2.8381697e+01  -1.4000000e+02   4.5632520e+00   1.9005933e+01  -3.3631512e+01   4.2114435e+01
   3.0000000e+00   2.6493746e+01  -1.4000000e+02   4.3724655e+00   2.0563535e+01  -3.3423160e+01   4.0677348e+01
   3.0000000e+00   2.6022095e+01  -1.4000000e+02   5.2251271e+00   2.1911215e+01  -3.2890948e+01   3.6787879e+01
   3.0000000e+00   2.7443853e+01  -1.4000000e+02   6.1867788e+00   2.2260369e+01  -3.1422608e+01   3.2053465e+01
   3.0000000e+00   2.6758027e+01  -1.4000000e+02   7.4091388e+00   2.3531928e+01  -3.0265861e+01   2.8540838e+01
   3.0000000e+00   2.7099342e+01  -1.4000000e+02   8.1551360e+00   2.5160112e+01  -2.9256279e+01   2.4777073e+01
   3.0000000e+00   2.7124712e+01  -1.4000000e+02   9.0152022e+00   2.7374309e+01  -2.8155798e+01   2.1787982e+01
   3.0000000e+00   2.6568352e+01  -1.4000000e+02   1.0017975e+01   2.9210457e+01  -2.7242005e+01   1.7900005e+01
   3.0000000e+00   2.5071121e+01  -1.4000000e+02   1.0982555e+01   3.0940359e+01  -2.6382134e+01   1.4288924e+01
   3.0000000e+00   2.3991192e+01  -1.4000000e+02   1.1759996e+01   3.2497224e+01  -2.5288369e+01   1.1181323e+01
   3.0000000e+00   2.2504427e+01  -1.4000000e+02   1.2401408e+01   3.5771280e+01  -2.4045877e+01   7.7356085e+00
   3.0000000e+00   2.2923574e+01  -1.4000000e+02   1.3140455e+01   3.8180360e+01  -2.1835914e+01   2.5840247e+00
   3.0000000e+00   2.2795261e+01  -1.4000000e+02   1.4189096e+01   4.1707913e+01  -1.9097452e+01  -3.3023487e-01
   3.0000000e+00   2.2345554e+01  -1.4000000e+02   1.4586004e+01   4.5663873e+01  -1.6669573e+01  -4.1808197e+00
   3.0000000e+00   2.2214717e+01  -1.4000000e+02   1.4898373e+01   4.9641867e+01  -1.4051049e+01  -7.2891529e+00
   3.0000000e+00   2.1033894e+01  -1.4000000e+02   1.4767296e+01   5.4545958e+01  -1.1568398e+01  -7.4087356e+00
   3.0000000e+00   2.0172546e+01  -1.4000000e+02   1.4849642e+01   5.5704679e+01  -9.4740938e+00  -1.2432655e+01
   3.0000000e+00   2.2724835e+01  -1.4000000e+02   1.2278781e+01   5.6539039e+01  -9.8362311e+00  -1.3986156e+01
   3.0000000e+00   2.4165099e+01  -1.4000000e+02   8.5645669e+00   5.2191519e+01  -1.2929394e+01  -1.3266070e+01
   3.0000000e+00   2.5610161e+01  -1.4000000e+02   4.7215161e+00   4.5922048e+01  -1.7211163e+01  -1.0931740e+01
   3.0000000e+00   2.7702362e+01  -1.4000000e+02   1.8914491e+00   3.7294850e+01  -2.1083210e+01  -1.0209401e+01
   3.0000000e+00   2.6160034e+01  -1.4000000e+02  -1.0577716e+00   2.8523883e+01  -2.4996866e+01  -2.7012905e+00
   3.0000000e+00   2.7511395e+01  -1.4000000e+02  -2.8180963e+00   1.8404177e+01  -2.8687745e+01   6.1586669e+00
   3.0000000e+00   2.5270103e+01  -1.4000000e+02  -4.0436171e+00   9.2236060e+00  -3.2287330e+01   1.6324662e+01
   3.0000000e+00   2.3497908e+01  -1.4000000e+02  -4.8225341e+00   1.9692479e+00  -3.5221471e+01   2.6747895e+01
   3.0000000e+00   2.3515777e+01  -1.4000000e+02  -5.2402740e+00  -1.5863571e+00  -3.7605955e+01   3.7071015e+01
   3.0000000e+00   1.7929630e+01  -1.4000000e+02  -6.9308007e+00  -2.4802641e+00  -4.0415262e+01   4.8403361e+01
   3.0000000e+00   1.8567438e+01  -1.4000000e+02  -5.0054341e+00  -5.8838439e+00  -4.0840231e+01   5.3002454e+01
   3.0000000e+00   2.2578224e+01  -1.4000000e+02  -1.4944211e+00  -5.2348376e+00  -3.9483662e+01   4.9128506e+01
   3.0000000e+00   2.0875499e+01  -1.4000000e+02  -6.8128987e-01   2.1693877e-01  -3.9504555e+01   5.1520032e+01
   3.0000000e+00   2.1706405e+01  -1.4000000e+02   3.6484371e-01   2.5741934e+00  -3.8885297e+01   4.8169363e+01
   3.0000000e+00   2.3609323e+01  -1.4000000e+02   1.8963172e+00   4.8452457e+00  -3.7394022e+01   4.5535890e+01
   3.0000000e+00   2.4857992e+01  -1.4000000e+02   2.8570447e+00   8.9187788e+00  -3.5779316e+01   4.3071269e+01
   3.0000000e+00   2.8339987e+01  -1.4000000e+02   3.7852982e+00   1.2343170e+01  -3.3865780e+01   4.1141773e+01
   3.0000000e+00   3.0753089e+01  -1.4000000e+02   4.9150055e+00   1.6343858e+01  -3.2602930e+01   4.1109032e+01
   3.0000000e+00   3.2678569e+01  -1.4000000e+02   5.3458314e+00   1.9082409e+01  -3.1897735e+01   4.0550339e+01
   3.0000000e+00   3.1880900e+01  -1.4000000e+02   4.8025195e+00   2.1964974e+01  -3.1916176e+01   3.9138257e+01
   3.0000000e+00   2.9373646e+01  -1.4000000e+02   4.4668320e+00   2.2713199e+01  -3.2026599e+01   3.6630593e+01
   3.0000000e+00   2.7949329e+01  -1.4000000e+02   5.0551542e+00   2.4057589e+01  -3.1658076e+01   3.5067539e+01
   3.0000000e+00   2.7962641e+01  -1.4000000e+02   6.3243832e+00   2.4916098e+01  -3.0654133e+01   3.0826866e+01
   3.0000000e+00   2.6177938e+01  -1.4000000e+02   6.7390758e+00   2.6969373e+01  -3.0085342e+01   2.8143847e+01
   3.0000000e+00   2.5835013e+01  -1.4000000e+02   7.6922501e+00   2.7231966e+01  -2.9023335e+01   2.3628369e+01
   3.0000000e+00   2.6088757e+01  -1.4000000e+02   8.7695449e+00   2.8571919e+01  -2.7899956e+01   1.9956811e+01
   3.0000000e+00   2.6222304e+01  -1.4000000e+02   9.6479559e+00   3.2122371e+01  -2.6174860e+01   1.6243677e+01
   3.0000000e+00   2.4480060e+01  -1.4000000e+02   1.0479195e+01   3.3799497e+01  -2.4812547e+01   1.2482388e+01
   3.0000000e+00   2.2539542e+01  -1.4000000e+02   1.1006768e+01   3.6060235e+01  -2.3571196e+01   7.6458402e+00
   3.0000000e+00   2.2636742e+01  -1.4000000e+02   1.1388220e+01   3.9801052e+01  -2.1386266e+01   4.3565891e+00
   3.0000000e+00   2.2559802e+01  -1.4000000e+02   1.2270860e+01   4.3026298e+01  -1.8831694e+01  -4.3205353e-01
   3.0000000e+00   2.4027442e+01  -1.4000000e+02   1.3134311e+01   4.6241820e+01  -1.5877689e+01  -5.2954884e+00
   3.0000000e+00   2.1671292e+01  -1.4000000e+02   1.3914029e+01   4.9632358e+01  -1.3200703e+01  -9.7071067e+00
   3.0000000e+00   1.9520752e+01  -1.4000000e+02   1.4020444e+01   5.2123539e+01  -1.0955187e+01  -1.3872197e+01
   3.0000000e+00   1.6743064e+01  -1.4000000e+02   1.4298213e+01   5.4455583e+01  -8.6997302e+00  -1.8288621e+01
   3.0000000e+00   1.3355379e+01  -1.4000000e+02   1.3893632e+01   5.7198966e+01  -6.9566517e+00  -1.9941379e+01
   3.0000000e+00   1.3279297e+01  -1.4000000e+02   1.2247883e+01   5.8447587e+01  -6.3121377e+00  -1.9449643e+01
   3.0000000e+00   1.6010177e+01  -1.4000000e+02   9.2490137e+00   5.6357575e+01  -7.6605837e+00  -1.8939961e+01
   3.0000000e+00   2.1998730e+01  -1.4000000e+02   6.3169644e+00   5.2377693e+01  -1.0553747e+01  -1.7365448e+01
   3.0000000e+00   2.4708478e+01  -1.4000000e+02   3.6602972e+00   4.6978561e+01  -1.3788526e+01  -1.3297635e+01
   3.0000000e+00   2.7400424e+01  -1.4000000e+02   1.2197611e+00   3.9241641e+01  -1.6804656e+01  -5.7058844e+00
   3.0000000e+00   3.1088224e+01  -1.4000000e+02  -1.2180006e-01   2.9740976e+01  -1.9885690e+01   2.0201626e+00
   3.0000000e+00   2.9915393e+01  -1.4000000e+02  -2.4786650e+00   2.1256248e+01  -2.3748886e+01   1.2358580e+01
   3.0000000e+00   2.7458428e+01  -1.4000000e+02  -4.3559907e+00   1.4462807e+01  -2.6856194e+01   2.3847284e+01
   3.0000000e+00   2.6595223e+01  -1.4000000e+02  -6.1347009e+00   6.5424953e+00  -2.9118452e+01   3.5078684e+01
   3.0000000e+00   2.4064732e+01  -1.4000000e+02  -7.7079603e+00   1.3038238e+00  -3.1349572e+01   4.5782193e+01
   3.0000000e+00   2.3103795e+01  -1.4000000e+02  -7.6719900e+00  -1.4533872e+00  -3.3175666e+01   5.3000573e+01
   3.0000000e+00   2.3320560e+01  -1.4000000e+02  -6.3411695e+00  -2.7240738e+00  -3.4443734e+01   5.3610808e+01
   3.0000000e+00   2.4996791e+01  -1.4000000e+02  -3.4804173e+00  -1.9328667e+00  -3.4138841e+01   5.0799575e+01
   3.0000000e+00   2.5818308e+01  -1.4000000e+02  -9.3224187e-01   1.2561543e+00  -3.3739998e+01   4.9735599e+01
   3.0000000e+00   2.7243640e+01  -1.4000000e+02   9.8908171e-01   3.6408516e+00  -3.3647249e+01   4.5752673e+01
   3.0000000e+00   2.7861395e+01  -1.4000000e+02   2.5551442e+00   6.0399941e+00  -3.3517524e+01   4.4825623e+01
   3.0000000e+00   2.9154877e+01  -1.4000000e+02   4.1424803e+00   1.0057701e+01  -3.2882407e+01   4.3756485e+01
   3.0000000e+00   3.1019623e+01  -1.4000000e+02   5.2463609e+00   1.3481211e+01  -3.1454085e+01   4.1811558e+01
   3.0000000e+00   3.1745443e+01  -1.4000000e+02   6.2912128e+00   1.7125230e+01  -3.0793539e+01   3.9165967e+01
   3.0000000e+00   3.4355729e+01  -1.4000000e+02   7.7738838e+00   2.1765676e+01  -2.9306555e+01   3.5186303e+01
   3.0000000e+00   3.0620735e+01  -1.4000000e+02   8.2788245e+00   2.2476394e+01  -2.9161633e+01   3.2170233e+01
   3.0000000e+00   2.6416668e+01  -1.4000000e+02   7.9284321e+00   2.4358248e+01  -2.9621216e+01   2.9367658e+01
   3.0000000e+00   2.5293417e+01  -1.4000000e+02   8.1809072e+00   2.4612606e+01  -2.8962858e+01   2.5606185e+01
   3.0000000e+00   2.5631188e+01  -1.4000000e+02   8.9238632e+00   2.5593477e+01  -2.7487283e+01   2.1344948e+01
   3.0000000e+00   2.5626056e+01  -1.4000000e+02   9.7046322e+00   2.7186075e+01  -2.6024836e+01   1.7249480e+01
   3.0000000e+00   2.4430985e+01  -1.4000000e+02   1.0426315e+01   2.8424556e+01  -2.4736027e+01   1.2726052e+01
   3.0000000e+00   2.4439094e+01  -1.4000000e+02   1.1422867e+01   3.2375372e+01  -2.3130635e+01   9.0694472e+00
   3.0000000e+00   2.3742539e+01  -1.4000000e+02   1.2479641e+01   3.4651196e+01  -2.1838171e+01   5.8818170e+00
   3.0000000e+00   2.2685057e+01  -1.4000000e+02   1.3154285e+01   3.7706378e+01  -2.0870388e+01   2.9779299e+00
   3.0000000e+00   2.1818309e+01  -1.4000000e+02   1.4185413e+01   4.0329008e+01  -1.9519243e+01  -6.2908172e-02
   3.0000000e+00   2.1248585e+01  -1.4000000e+02   1.5264778e+01   4.2869346e+01  -1.7804748e+01  -4.9803681e+00
   3.0000000e+00   1.9489734e+01  -1.4000000e+02   1.5826089e+01   4.5757134e+01  -1.6067614e+01  -9.9318422e+00
   3.0000000e+00   1.8614034e+01  -1.4000000e+02   1.6168121e+01   4.8322452e+01  -1.4038328e+01  -1.3913207e+01
   3.0000000e+00   1.6477905e+01  -1.4000000e+02   1.6056095e+01   5.1973317e+01  -1.1635031e+01  -1.6452832e+01
   3.0000000e+00   1.4253531e+01  -1.4000000e+02   1.5505956e+01   5.5146590e+01  -9.4750332e+00  -1.9867406e+01
   3.0000000e+00   1.2401451e+01  -1.4000000e+02   1.5022793e+01   5.7775389e+01  -7.2111234e+00  -2.2999073e+01
   3.0000000e+00   1.1398734e+01  -1.4000000e+02   1.4478052e+01   5.9657984e+01  -5.0606232e+00  -2.7216204e+01
   3.0000000e+00   1.0821568e+01  -1.4000000e+02   1.3783398e+01   6.1028534e+01  -3.1439157e+00  -3.0243265e+01
   3.0000000e+00   9.8304221e+00  -1.4000000e+02   1.2926449e+01   6.2805693e+01  -1.5545304e+00  -3.0942798e+01
   3.0000000e+00   1.0551093e+01  -1.4000000e+02   1.0214163e+01   6.5464529e+01  -2.1955098e+00  -3.0480777e+01
   3.0000000e+00   1.6621407e+01  -1.4000000e+02   6.6645192e+00   6.7170978e+01  -4.3578735e+00  -3.1954239e+01
   3.0000000e+00   2.0756314e+01  -1.4000000e+02   4.4057190e+00   6.4773361e+01  -6.5372623e+00  -3.3950189e+01
   3.0000000e+00   2.4099194e+01  -1.4000000e+02   2.9576367e+00   5.7331213e+01  -8.3388935e+00  -3.2904252e+01
   3.0000000e+00   2.9405756e+01  -1.4000000e+02   2.3137060e+00   4.7839525e+01  -9.5807406e+00  -2.9339563e+01
   3.0000000e+00   3.4833118e+01  -1.4000000e+02   1.7650413e+00   3.8191838e+01  -1.0822804e+01  -2.1458239e+01
   3.0000000e+00   3.8392003e+01  -1.4000000e+02   3.3748812e-01   2.8400926e+01  -1.3265666e+01  -1.1237976e+01
   3.0000000e+00   3.5962180e+01  -1.4000000e+02  -1.7733138e+00   1.9964827e+01  -1.6006878e+01   2.2510427e-01
   3.0000000e+00   3.1558855e+01  -1.4000000e+02  -5.3295735e+00   1.4741490e+01  -1.9505888e+01   1.2104381e+01
   3.0000000e+00   2.8325553e+01  -1.4000000e+02  -7.3487920e+00   8.6162813e+00  -2.1945809e+01   2.4071901e+01
   3.0000000e+00   2.4990836e+01  -1.4000000e+02  -9.7627641e+00   4.0912205e+00  -2.4585073e+01   3.6034347e+01
   3.0000000e+00   2.4057339e+01  -1.4000000e+02  -9.5594746e+00  -4.4527799e-01  -2.6837087e+01   4.7346345e+01
   3.0000000e+00   2.3891291e+01  -1.4000000e+02  -7.4133278e+00  -2.8532758e+00  -2.9439115e+01   5.4119252e+01
   3.0000000e+00   2.5133413e+01  -1.4000000e+02  -5.0970845e+00  -1.3032028e+00  -3.0981430e+01   5.5187099e+01
   3.0000000e+00   2.5034964e+01  -1.4000000e+02  -3.0527730e+00  -7.9683200e-02  -3.2372351e+01   5.4173558e+01
   3.0000000e+00   2.5692178e+01  -1.4000000e+02  -1.5427137e+00   1.4080191e+00  -3.3318430e+01   5.3702634e+01
   3.0000000e+00   2.5975820e+01  -1.4000000e+02   1.4031399e-01   3.4939816e+00  -3.3870876e+01   5.1058859e+01
   3.0000000e+00   2.6398189e+01  -1.4000000e+02   1.5686242e+00   5.4876074e+00  -3.3759437e+01   4.8392853e+01
   3.0000000e+00   2.9639349e+01  -1.4000000e+02   4.3621984e+00   8.5691797e+00  -3.1930097e+01   4.5405915e+01
   3.0000000e+00   2.9528407e+01  -1.4000000e+02   5.3217526e+00   1.2744987e+01  -3.1242215e+01   4.3664159e+01
   3.0000000e+00   2.9178789e+01  -1.4000000e+02   6.1925826e+00   1.5700573e+01  -3.0549697e+01   4.0633677e+01
   3.0000000e+00   2.8052859e+01  -1.4000000e+02   6.1190788e+00   1.6755062e+01  -3.0561496e+01   3.6536923e+01
   3.0000000e+00   2.6374670e+01  -1.4000000e+02   5.5866796e+00   2.0998418e+01  -3.0257469e+01   3.5681281e+01
   3.0000000e+00   2.3584337e+01  -1.4000000e+02   5.1148875e+00   1.9664349e+01  -2.9875924e+01   3.2696608e+01
   3.0000000e+00   2.3862869e+01  -1.4000000e+02   5.3318115e+00   2.0164037e+01  -2.8596491e+01   3.0141411e+01
   3.0000000e+00   2.5057537e+01  -1.4000000e+02   6.0657805e+00   2.2587495e+01  -2.7389879e+01   2.8294452e+01
   3.0000000e+00   2.3764318e+01  -1.4000000e+02   6.5499099e+00   2.3815068e+01  -2.6663731e+01   2.4540796e+01
   3.0000000e+00   2.1712819e+01  -1.4000000e+02   6.6160678e+00   2.2732842e+01  -2.6287776e+01   2.1196145e+01
   3.0000000e+00   2.0854302e+01  -1.4000000e+02   6.9418592e+00   2.4446813e+01  -2.5626365e+01   1.9540930e+01
   3.0000000e+00   2.2982720e+01  -1.4000000e+02   8.4344152e+00   2.7417335e+01  -2.4200661e+01   1.6779015e+01
   3.0000000e+00   2.1535161e+01  -1.4000000e+02   9.3259187e+00   2.9310619e+01  -2.3541304e+01   1.3820924e+01
   3.0000000e+00   2.3817622e+01  -1.4000000e+02   1.0791219e+01   3.0600881e+01  -2.2087793e+01   9.0977157e+00
   3.0000000e+00   2.2626078e+01  -1.4000000e+02   1.1440999e+01   3.3856832e+01  -2.0942255e+01   6.4912426e+00
   3.0000000e+00   2.3028570e+01  -1.4000000e+02   1.1981814e+01   3.6366180e+01  -1.9302899e+01   2.3879845e+00
   3.0000000e+00   2.2931577e+01  -1.4000000e+02   1.2757056e+01   4.0135739e+01  -1.7084385e+01   3.6438526e-01
   3.0000000e+00   2.2015026e+01  -1.4000000e+02   1.3308825e+01   4.2759028e+01  -1.5035467e+01  -3.4844863e+00
   3.0000000e+00   2.0432092e+01  -1.4000000e+02   1.3542294e+01   4.4960205e+01  -1.3500878e+01  -8.7993578e+00
   3.0000000e+00   1.7372569e+01  -1.4000000e+02   1.3488652e+01   4.8486666e+01  -1.2166791e+01  -1.1910420e+01
   3.0000000e+00   1.6144937e+01  -1.4000000e+02   1.3841511e+01   5.0280936e+01  -1.0458527e+01  -1.6584298e+01
   3.0000000e+00   1.2698936e+01  -1.4000000e+02   1.4111735e+01   5.3712649e+01  -9.0417130e+00  -2.0028089e+01
   3.0000000e+00   1.0348644e+01  -1.4000000e+02   1.4010407e+01   5.6533776e+01  -7.4469829e+00  -2.3183102e+01
   3.0000000e+00   8.9066145e+00  -1.4000000e+02   1.3938462e+01   5.8925657e+01  -5.7021118e+00  -2.5788357e+01
   3.0000000e+00   1.1514511e+01  -1.4000000e+02   1.1265548e+01   6.1423190e+01  -6.3929292e+00  -2.8239299e+01
   3.0000000e+00   1.7395362e+01  -1.4000000e+02   8.8235790e+00   6.1090183e+01  -7.8465910e+00  -3.2524458e+01
   3.0000000e+00   2.0387994e+01  -1.4000000e+02   6.7009187e+00   5.7653822e+01  -9.5229698e+00  -3.1144464e+01
   3.0000000e+00   2.2599916e+01  -1.4000000e+02   4.9708244e+00   4.9775184e+01  -1.1792481e+01  -2.6743918e+01
   3.0000000e+00   2.7093533e+01  -1.4000000e+02   3.5584339e+00   3.8849630e+01  -1.3910769e+01  -2.2672598e+01
   3.0000000e+00   3.1084916e+01  -1.4000000e+02   1.4339215e+00   2.8113224e+01  -1.6760372e+01  -1.3920856e+01
   3.0000000e+00   3.3480363e+01  -1.4000000e+02  -2.2747308e-01   1.7249156e+01  -2.0059019e+01  -3.4865776e+00
   3.0000000e+00   2.9143598e+01  -1.4000000e+02  -3.7687933e+00   8.9914931e+00  -2.3809313e+01   8.2119063e+00
   3.0000000e+00   2.5063543e+01  -1.4000000e+02  -7.8156755e+00   1.5398272e+00  -2.8101618e+01   1.9692679e+01
   3.0000000e+00   1.9494653e+01  -1.4000000e+02  -1.1272977e+01  -2.8942985e+00  -3.2089443e+01   3.1299879e+01
   3.0000000e+00   1.5083252e+01  -1.4000000e+02  -1.3319737e+01  -3.8256283e+00  -3.5881019e+01   4.2763005e+01
   3.0000000e+00   1.4252183e+01  -1.4000000e+02  -1.3433519e+01  -4.1737545e+00  -3.8757304e+01   5.3049678e+01
   3.0000000e+00   1.5549455e+01  -1.4000000e+02  -1.1592165e+01  -3.6747502e+00  -4.0059685e+01   5.8500547e+01
   3.0000000e+00   1.8666394e+01  -1.4000000e+02  -8.5025821e+00  -2.7495374e+00  -4.0544324e+01   5.8924852e+01
   3.0000000e+00   2.0465185e+01  -1.4000000e+02  -5.5267067e+00  -5.2155606e-01  -4.0243583e+01   5.7640139e+01
   3.0000000e+00   2.0932406e+01  -1.4000000e+02  -3.5716068e+00   2.7868391e+00  -4.0316061e+01   5.6836191e+01
   3.0000000e+00   2.2555881e+01  -1.4000000e+02  -1.6115222e+00   4.0177379e+00  -3.9953702e+01   5.2893469e+01
   3.0000000e+00   2.3612696e+01  -1.4000000e+02   2.8931769e-01   3.0911316e+00  -3.9102830e+01   4.8643620e+01
   3.0000000e+00   2.6746868e+01  -1.4000000e+02   2.1722837e+00   3.9592466e+00  -3.7766913e+01   4.3083224e+01
   3.0000000e+00   2.9283049e+01  -1.4000000e+02   2.9708872e+00   9.2702114e+00  -3.6515736e+01   4.3046773e+01
   3.0000000e+00   2.9058330e+01  -1.4000000e+02   3.6870142e+00   1.3902783e+01  -3.5499143e+01   4.2458535e+01
   3.0000000e+00   2.7764497e+01  -1.4000000e+02   3.8292669e+00   1.6028348e+01  -3.5184587e+01   4.3428625e+01
   3.0000000e+00   2.8355590e+01  -1.4000000e+02   4.7218109e+00   1.6920156e+01  -3.4516164e+01   4.1325231e+01
   3.0000000e+00   2.6513592e+01  -1.4000000e+02   4.7138503e+00   1.8655379e+01  -3.4702086e+01   3.8410152e+01
   3.0000000e+00   2.8473841e+01  -1.4000000e+02   6.4969519e+00   1.9904659e+01  -3.3374872e+01   3.4367461e+01
   3.0000000e+00   2.7611238e+01  -1.4000000e+02   7.5863809e+00   2.2091909e+01  -3.2398794e+01   3.0108262e+01
   3.0000000e+00   2.7397655e+01  -1.4000000e+02   8.2537933e+00   2.4016504e+01  -3.1646425e+01   2.5837620e+01
   3.0000000e+00   2.7126465e+01  -1.4000000e+02   8.8285368e+00   2.6324863e+01  -3.0729745e+01   2.2623755e+01
   3.0000000e+00   2.6720468e+01  -1.4000000e+02   9.4513838e+00   2.7155309e+01  -2.9564639e+01   1.8861669e+01
   3.0000000e+00   2.5307484e+01  -1.4000000e+02   1.0312009e+01   2.8392181e+01  -2.8350710e+01   1.4302603e+01
   3.0000000e+00   2.4453653e+01  -1.4000000e+02   1.1172766e+01   3.0623131e+01  -2.6534091e+01   1.0728978e+01
   3.0000000e+00   2.2901419e+01  -1.4000000e+02   1.1727342e+01   3.3278626e+01  -2.5092526e+01   8.5182628e+00
   3.0000000e+00   2.2446463e+01  -1.4000000e+02   1.2279816e+01   3.6077246e+01  -2.3689512e+01   4.5151839e+00
   3.0000000e+00   2.2650138e+01  -1.4000000e+02   1.3049178e+01   3.9437784e+01  -2.1345448e+01  -6.4737302e-02
   3.0000000e+00   2.2556714e+01  -1.4000000e+02   1.3369060e+01   4.2948347e+01  -1.8821896e+01  -4.2409396e+00
   3.0000000e+00   2.1860157e+01  -1.4000000e+02   1.4004065e+01   4.8031779e+01  -1.5866838e+01  -7.1174482e+00
   3.0000000e+00   1.9753117e+01  -1.4000000e+02   1.4553736e+01   5.1435889e+01  -1.3495526e+01  -1.0968820e+01
   3.0000000e+00   2.0184154e+01  -1.4000000e+02   1.4453284e+01   5.1283438e+01  -1.1694154e+01  -1.7412763e+01
   3.0000000e+00   1.6117973e+01  -1.4000000e+02   1.3771779e+01   5.4940377e+01  -1.0248391e+01  -1.5798139e+01
   3.0000000e+00   1.4477465e+01  -1.4000000e+02   1.2658491e+01   5.5629871e+01  -9.1303284e+00  -1.6429681e+01
   3.0000000e+00   1.6609493e+01  -1.4000000e+02   9.9511064e+00   5.4550288e+01  -9.9421190e+00  -1.9620355e+01
   3.0000000e+00   2.0768649e+01  -1.4000000e+02   6.5541946e+00   4.9099884e+01  -1.2893105e+01  -1.8567119e+01
   3.0000000e+00   2.4085787e+01  -1.4000000e+02   3.6008326e+00   4.2172266e+01  -1.6512816e+01  -1.2387948e+01
   3.0000000e+00   2.6992851e+01  -1.4000000e+02   1.5491155e+00   3.3347440e+01  -1.9543793e+01  -5.5768260e+00
   3.0000000e+00   2.8168904e+01  -1.4000000e+02  -4.6659481e-01   2.3152057e+01  -2.3138777e+01   3.6629558e+00
   3.0000000e+00   2.8054674e+01  -1.4000000e+02  -2.4075065e+00   1.4540201e+01  -2.7217985e+01   1.4182018e+01
   3.0000000e+00   2.6845723e+01  -1.4000000e+02  -3.7494047e+00   9.9203206e+00  -3.0446251e+01   2.5296020e+01
   3.0000000e+00   2.6950683e+01  -1.4000000e+02  -4.1497390e+00   3.7900494e+00  -3.2974378e+01   3.5960018e+01
   3.0000000e+00   2.4976458e+01  -1.4000000e+02  -4.8178054e+00   1.0017144e+00  -3.5908990e+01   4.6775978e+01
   3.0000000e+00   2.3228465e+01  -1.4000000e+02  -4.8870664e+00  -2.1910838e+00  -3.8836167e+01   5.4749104e+01
   3.0000000e+00   2.2207666e+01  -1.4000000e+02  -3.3477804e+00  -2.0774340e+00  -4.0520607e+01   5.9109633e+01
   3.0000000e+00   2.2389018e+01  -1.4000000e+02  -1.2548608e+00  -1.1044502e+00  -4.0983965e+01   5.7329103e+01
   3.0000000e+00   2.2958670e+01  -1.4000000e+02  -2.8586269e-02   2.6593829e-01  -4.1524683e+01   5.3104939e+01
   3.0000000e+00   2.2606681e+01  -1.4000000e+02   7.5908736e-01   2.6186374e+00  -4.1721468e+01   5.1065489e+01
   3.0000000e+00   2.5174340e+01  -1.4000000e+02   2.4361452e+00   2.5233730e+00  -4.0190438e+01   4.6393324e+01
   3.0000000e+00   2.6161760e+01  -1.4000000e+02   2.8399825e+00   5.1732790e+00  -3.9157719e+01   4.4554368e+01
   3.0000000e+00   2.7252993e+01  -1.4000000e+02   3.4353465e+00   7.3889177e+00  -3.7948881e+01   4.2063434e+01
   3.0000000e+00   2.7640126e+01  -1.4000000e+02   3.3930302e+00   1.1488311e+01  -3.7160094e+01   4.2418450e+01
   3.0000000e+00   2.8889069e+01  -1.4000000e+02   4.0615220e+00   1.5472784e+01  -3.5785938e+01   4.2649034e+01
   3.0000000e+00   2.9011079e+01  -1.4000000e+02   4.4379190e+00   1.8298765e+01  -3.5287224e+01   4.2225854e+01
   3.0000000e+00   2.8460300e+01  -1.4000000e+02   6.1085089e+00   1.9873364e+01  -3.4318167e+01   3.7296138e+01
   3.0000000e+00   2.9834621e+01  -1.4000000e+02   7.1797942e+00   2.1921763e+01  -3.3461180e+01   3.3836717e+01
   3.0000000e+00   2.7294741e+01  -1.4000000e+02   7.4806537e+00   2.3924606e+01  -3.2706858e+01   3.0980055e+01
   3.0000000e+00   2.8558974e+01  -1.4000000e+02   8.2567569e+00   2.5376750e+01  -3.0980641e+01   2.8448625e+01
   3.0000000e+00   2.8103887e+01  -1.4000000e+02   8.8934060e+00   2.7354419e+01  -2.9828549e+01   2.6923029e+01
   3.0000000e+00   2.6284049e+01  -1.4000000e+02   9.0717489e+00   2.7217329e+01  -2.9333599e+01   2.4475469e+01
   3.0000000e+00   2.5131416e+01  -1.4000000e+02   9.4775378e+00   2.6462778e+01  -2.8969051e+01   2.0256580e+01
   3.0000000e+00   2.3284538e+01  -1.4000000e+02   1.0013230e+01   2.9079213e+01  -2.8152178e+01   1.8023856e+01
   3.0000000e+00   2.3562720e+01  -1.4000000e+02   1.0740852e+01   3.0822228e+01  -2.6713125e+01   1.4508229e+01
   3.0000000e+00   2.3534993e+01  -1.4000000e+02   1.1571922e+01   3.2292707e+01  -2.4979412e+01   1.0446222e+01
   3.0000000e+00   2.1870626e+01  -1.4000000e+02   1.1702979e+01   3.5393236e+01  -2.3937384e+01   7.0644569e+00
   3.0000000e+00   2.1169142e+01  -1.4000000e+02   1.2188989e+01   3.6554617e+01  -2.2502469e+01   1.3264453e+00
   3.0000000e+00   2.1574272e+01  -1.4000000e+02   1.2643655e+01   4.0728421e+01  -2.0169060e+01  -2.2622641e+00
   3.0000000e+00   2.1590356e+01  -1.4000000e+02   1.3263947e+01   4.4641390e+01  -1.7556355e+01  -5.3741550e+00
   3.0000000e+00   2.0680239e+01  -1.4000000e+02   1.3424501e+01   4.6634369e+01  -1.5674914e+01  -7.8943032e+00
   3.0000000e+00   2.3907961e+01  -1.4000000e+02   1.0941740e+01   4.7858420e+01  -1.6366931e+01  -9.9492689e+00
   3.0000000e+00   2.6156431e+01  -1.4000000e+02   7.9272744e+00   4.4692637e+01  -1.9020788e+01  -1.2481088e+01
   3.0000000e+00   2.5761969e+01  -1.4000000e+02   4.3620512e+00   3.6767676e+01  -2.2536570e+01  -1.0328654e+01
   3.0000000e+00   2.7036156e+01  -1.4000000e+02   2.3244884e+00   2.8136624e+01  -2.5789262e+01  -4.0970005e+00
   3.0000000e+00   2.5791617e+01  -1.4000000e+02   7.5783105e-02   1.9488287e+01  -2.9438808e+01   4.0374449e+00
   3.0000000e+00   2.3217736e+01  -1.4000000e+02  -1.4865382e+00   9.9756101e+00  -3.3346191e+01   1.3428611e+01
   3.0000000e+00   2.0288167e+01  -1.4000000e+02  -3.7185402e+00   5.6757996e+00  -3.6537795e+01   2.4691645e+01
   3.0000000e+00   2.2237311e+01  -1.4000000e+02  -2.9000797e+00   4.6589678e-01  -3.6937709e+01   3.5620631e+01
   3.0000000e+00   2.0924109e+01  -1.4000000e+02  -3.9881167e+00  -3.4506506e+00  -3.9045123e+01   4.6300444e+01
   3.0000000e+00   2.1417658e+01  -1.4000000e+02  -4.6020927e+00  -4.2909234e+00  -4.1158538e+01   5.4409305e+01
   3.0000000e+00   2.0458251e+01  -1.4000000e+02  -4.5802585e+00  -3.7197960e+00  -4.3026680e+01   5.7506122e+01
   3.0000000e+00   2.1490263e+01  -1.4000000e+02  -3.8348062e+00  -2.4341500e+00  -4.3862591e+01   6.2430866e+01
   3.0000000e+00   2.3935109e+01  -1.4000000e+02  -1.9767889e+00  -3.7669479e-01  -4.3036519e+01   6.3417896e+01
   3.0000000e+00   2.3830492e+01  -1.4000000e+02  -5.5835584e-01   2.7459848e+00  -4.2419501e+01   6.1203402e+01
   3.0000000e+00   2.3885377e+01  -1.4000000e+02   3.9144710e-01   5.9450361e+00  -4.2044671e+01   5.8313277e+01
   3.0000000e+00   2.5402540e+01  -1.4000000e+02   1.8403007e+00   7.8596955e+00  -4.0794214e+01   5.6244844e+01
   3.0000000e+00   2.7510695e+01  -1.4000000e+02   3.4772117e+00   8.4774052e+00  -3.9092260e+01   5.0391366e+01
   3.0000000e+00   2.9944360e+01  -1.4000000e+02   4.2660759e+00   1.1623425e+01  -3.7406399e+01   4.7770718e+01
   3.0000000e+00   3.1830346e+01  -1.4000000e+02   5.0800582e+00   1.3308151e+01  -3.6226482e+01   4.3447353e+01
   3.0000000e+00   3.2495429e+01  -1.4000000e+02   5.5092027e+00   1.8505437e+01  -3.4489175e+01   4.4707052e+01
   3.0000000e+00   3.0307067e+01  -1.4000000e+02   5.2690354e+00   1.9657178e+01  -3.4019347e+01   4.4179267e+01
   3.0000000e+00   3.0891812e+01  -1.4000000e+02   5.3289377e+00   2.2630341e+01  -3.3586412e+01   4.3164353e+01
   3.0000000e+00   3.0276738e+01  -1.4000000e+02   6.3261992e+00   2.3047574e+01  -3.2845565e+01   4.0493627e+01
   3.0000000e+00   2.9557452e+01  -1.4000000e+02   6.7129394e+00   2.5735626e+01  -3.1823711e+01   3.7843528e+01
   3.0000000e+00   3.1668991e+01  -1.4000000e+02   8.1296063e+00   2.5858641e+01  -2.9925895e+01   3.3138791e+01
   3.0000000e+00   2.9974878e+01  -1.4000000e+02   8.5338861e+00   2.6952317e+01  -2.8863398e+01   2.9295367e+01
   3.0000000e+00   2.7863396e+01  -1.4000000e+02   9.1585498e+00   2.7443475e+01  -2.7842319e+01   2.5710412e+01
   3.0000000e+00   2.4930121e+01  -1.4000000e+02   9.3600097e+00   2.7716946e+01  -2.8026483e+01   2.3040292e+01
   3.0000000e+00   2.4328359e+01  -1.4000000e+02   1.0050176e+01   2.9409105e+01  -2.7517955e+01   1.9819566e+01
   3.0000000e+00   2.3302425e+01  -1.4000000e+02   1.0545322e+01   3.2142956e+01  -2.6347909e+01   1.6898473e+01
   3.0000000e+00   2.3046395e+01  -1.4000000e+02   1.1342075e+01   3.5133512e+01  -2.4736041e+01   1.3555158e+01
   3.0000000e+00   2.3668347e+01  -1.4000000e+02   1.2038856e+01   3.8374342e+01  -2.2323395e+01   8.8944346e+00
   3.0000000e+00   2.3694562e+01  -1.4000000e+02   1.3029569e+01   4.1112375e+01  -1.9716549e+01   2.9466338e+00
   3.0000000e+00   2.3016002e+01  -1.4000000e+02   1.3776121e+01   4.4439798e+01  -1.6964724e+01  -1.2950188e+00
   3.0000000e+00   2.0717009e+01  -1.4000000e+02   1.3706040e+01   4.7652490e+01  -1.4731830e+01  -5.5603682e+00
   3.0000000e+00   1.8287203e+01  -1.4000000e+02   1.3306313e+01   5.2426939e+01  -1.2554833e+01  -7.0570480e+00
   3.0000000e+00   1.7626502e+01  -1.4000000e+02   1.3766032e+01   5.4436365e+01  -1.0058338e+01  -1.1838629e+01
   3.0000000e+00   1.6801119e+01  -1.4000000e+02   1.2696150e+01   5.6029058e+01  -9.2700126e+00  -1.3696807e+01
   3.0000000e+00   2.1548626e+01  -1.4000000e+02   9.9882660e+00   5.6072882e+01  -1.0635388e+01  -1.6050813e+01
   3.0000000e+00   2.5484947e+01  -1.4000000e+02   8.2306322e+00   5.2447230e+01  -1.2891114e+01  -2.0031871e+01
   3.0000000e+00   2.6293208e+01  -1.4000000e+02   5.8338269e+00   4.6832541e+01  -1.5804261e+01  -2.2147181e+01
   3.0000000e+00   2.4738046e+01  -1.4000000e+02   2.9249770e+00   3.7828030e+01  -1.9202805e+01  -1.7869700e+01
   3.0000000e+00   2.6684259e+01  -1.4000000e+02   1.9358358e+00   2.8195549e+01  -2.1294005e+01  -1.0283813e+01
   3.0000000e+00   2.8684330e+01  -1.4000000e+02   1.0325014e+00   1.8654318e+01  -2.3397433e+01  -1.2872183e+00
   3.0000000e+00   2.9680153e+01  -1.4000000e+02   7.6296820e-01   9.6790059e+00  -2.5717780e+01   8.1571117e+00
   3.0000000e+00   2.6253603e+01  -1.4000000e+02  -1.3401068e+00   4.3591918e+00  -2.9046417e+01   1.9037877e+01
   3.0000000e+00   2.6196029e+01  -1.4000000e+02  -2.3506602e+00   2.0609522e+00  -3.1026004e+01   3.0042040e+01
   3.0000000e+00   2.5932650e+01  -1.4000000e+02  -3.2014747e+00   1.4555662e+00  -3.2739397e+01   4.0951751e+01
   3.0000000e+00   2.4858135e+01  -1.4000000e+02  -3.4767910e+00   8.6382896e-01  -3.4622992e+01   4.9594546e+01
   3.0000000e+00   2.3828715e+01  -1.4000000e+02  -3.1309996e+00   1.0974888e+00  -3.6217373e+01   5.3629686e+01
   3.0000000e+00   2.4010930e+01  -1.4000000e+02  -1.8935173e+00   2.1706954e+00  -3.6802948e+01   5.2295570e+01
   3.0000000e+00   2.4679691e+01  -1.4000000e+02  -6.0192501e-01   3.3857910e+00  -3.6361112e+01   5.0474803e+01
   3.0000000e+00   2.3416198e+01  -1.4000000e+02  -4.0912273e-02   4.6454086e+00  -3.6215617e+01   4.8355604e+01
   3.0000000e+00   2.3749459e+01  -1.4000000e+02   5.0818881e-01   8.1505918e+00  -3.5755485e+01   4.7091856e+01
   3.0000000e+00   2.7188065e+01  -1.4000000e+02   1.4797726e+00   9.9181607e+00  -3.4906082e+01   4.4611120e+01
   3.0000000e+00   2.8995926e+01  -1.4000000e+02   2.6418502e+00   1.3420915e+01  -3.3689953e+01   4.3933032e+01
   3.0000000e+00   3.1100651e+01  -1.4000000e+02   4.5327931e+00   1.5811779e+01  -3.1825934e+01   4.1975492e+01
   3.0000000e+00   3.3117434e+01  -1.4000000e+02   5.3162759e+00   1.8969927e+01  -3.0731907e+01   4.1617176e+01
   3.0000000e+00   3.2621727e+01  -1.4000000e+02   6.1329576e+00   2.1768650e+01  -2.9879248e+01   4.0034018e+01
   3.0000000e+00   3.2198392e+01  -1.4000000e+02   7.1514612e+00   2.1882368e+01  -2.9901870e+01   3.4524432e+01
   3.0000000e+00   3.0523576e+01  -1.4000000e+02   7.4797732e+00   2.3892323e+01  -3.0129794e+01   3.2925681e+01
   3.0000000e+00   2.8601450e+01  -1.4000000e+02   8.0510378e+00   2.4018041e+01  -2.9801701e+01   2.9320757e+01
   3.0000000e+00   3.1573333e+01  -1.4000000e+02   9.7539450e+00   2.6277270e+01  -2.7637899e+01   2.5891610e+01
   3.0000000e+00   3.1117891e+01  -1.4000000e+02   1.0690137e+01   2.7648784e+01  -2.6508480e+01   2.3140351e+01
   3.0000000e+00   2.8079983e+01  -1.4000000e+02   1.1042086e+01   2.8983352e+01  -2.5926377e+01   1.9422596e+01
   3.0000000e+00   2.7197959e+01  -1.4000000e+02   1.1826157e+01   2.9383195e+01  -2.4914783e+01   1.5417006e+01
   3.0000000e+00   2.5464762e+01  -1.4000000e+02   1.2424361e+01   3.0843709e+01  -2.4050196e+01   1.1988687e+01
   3.0000000e+00   2.4459977e+01  -1.4000000e+02   1.2416855e+01   3.4005115e+01  -2.3260976e+01   8.5344111e+00
   3.0000000e+00   2.5966576e+01  -1.4000000e+02   1.3371965e+01   3.6536870e+01  -2.0990190e+01   4.8475074e+00
   3.0000000e+00   2.4693332e+01  -1.4000000e+02   1.3795921e+01   3.9624197e+01  -1.8792803e+01   8.7313980e-01
   3.0000000e+00   2.1928727e+01  -1.4000000e+02   1.3873692e+01   4.3211891e+01  -1.6648478e+01  -3.2300122e+00
   3.0000000e+00   2.0900341e+01  -1.4000000e+02   1.4145679e+01   4.4898740e+01  -1.4305570e+01  -8.8344262e+00
   3.0000000e+00   1.9120805e+01  -1.4000000e+02   1.4287886e+01   4.7437877e+01  -1.2057733e+01  -1.3574995e+01
   3.0000000e+00   1.7589542e+01  -1.4000000e+02   1.4376172e+01   5.0974483e+01  -9.8465550e+00  -1.6369376e+01
   3.0000000e+00   1.7050318e+01  -1.4000000e+02   1.4507383e+01   5.3503527e+01  -7.7138431e+00  -2.0250083e+01
   3.0000000e+00   1.9385794e+01  -1.4000000e+02   1.1561465e+01   5.6011523e+01  -9.0571665e+00  -1.8031398e+01
   3.0000000e+00   2.3861707e+01  -1.4000000e+02   8.6911103e+00   5.4052253e+01  -1.1526702e+01  -1.6555833e+01
   3.0000000e+00   2.5330400e+01  -1.4000000e+02   5.2616900e+00   4.9324817e+01  -1.5651148e+01  -1.5571892e+01
   3.0000000e+00   2.3298332e+01  -1.4000000e+02   1.0236391e+00   4.0377106e+01  -2.0048871e+01  -1.3610165e+01
   3.0000000e+00   2.3758041e+01  -1.4000000e+02  -1.5661484e+00   2.9966948e+01  -2.3628415e+01  -6.9047907e+00
   3.0000000e+00   2.6381838e+01  -1.4000000e+02  -2.3009075e+00   1.9444466e+01  -2.6513769e+01   1.7029450e+00
   3.0000000e+00   2.6732345e+01  -1.4000000e+02  -2.8429079e+00   9.3607556e+00  -2.9809401e+01   1.0343128e+01
   3.0000000e+00   2.3648250e+01  -1.4000000e+02  -5.1653203e+00   2.7415388e+00  -3.3519027e+01   1.9975563e+01
   3.0000000e+00   2.3146094e+01  -1.4000000e+02  -5.7034188e+00  -4.3973481e-02  -3.5295067e+01   2.8927730e+01
   3.0000000e+00   2.3550285e+01  -1.4000000e+02  -5.3691414e+00  -4.0064042e+00  -3.6613320e+01   3.4817970e+01
   3.0000000e+00   2.4356189e+01  -1.4000000e+02  -4.6533055e+00  -3.0883933e+00  -3.7543002e+01   4.2303143e+01
   3.0000000e+00   2.5355357e+01  -1.4000000e+02  -2.4439447e+00  -5.2675996e-01  -3.6624302e+01   4.9082872e+01
   3.0000000e+00   2.7143353e+01  -1.4000000e+02   8.5492149e-02   2.1334945e+00  -3.5128899e+01   5.2112888e+01
   3.0000000e+00   2.8678650e+01  -1.4000000e+02   2.0894446e+00   5.5956225e+00  -3.4421667e+01   4.9843320e+01
   3.0000000e+00   2.8073674e+01  -1.4000000e+02   3.3257200e+00   8.0810798e+00  -3.4290721e+01   4.8980036e+01
   3.0000000e+00   3.0537104e+01  -1.4000000e+02   5.7455306e+00   7.2481421e+00  -3.3202590e+01   4.3427775e+01
   3.0000000e+00   3.1044825e+01  -1.4000000e+02   6.8518931e+00   1.0344890e+01  -3.2766991e+01   4.2599754e+01
   3.0000000e+00   3.4580142e+01  -1.4000000e+02   8.7186942e+00   1.2901579e+01  -3.1366069e+01   3.8449747e+01
   3.0000000e+00   3.4968451e+01  -1.4000000e+02   1.0005368e+01   1.5509379e+01  -3.0490934e+01   3.6139408e+01
   3.0000000e+00   3.5755475e+01  -1.4000000e+02   1.0607384e+01   1.8031724e+01  -3.0063721e+01   3.4549283e+01
   3.0000000e+00   3.2705253e+01  -1.4000000e+02   9.9751463e+00   2.2289826e+01  -3.0240914e+01   3.6571287e+01
   3.0000000e+00   2.9998240e+01  -1.4000000e+02   9.9790733e+00   2.0965305e+01  -3.0364507e+01   3.0376159e+01
   3.0000000e+00   3.0399496e+01  -1.4000000e+02   1.0728027e+01   2.2110450e+01  -2.9377915e+01   2.6991254e+01
   3.0000000e+00   3.0305261e+01  -1.4000000e+02   1.1544931e+01   2.3932201e+01  -2.8206686e+01   2.4683980e+01
   3.0000000e+00   2.9746310e+01  -1.4000000e+02   1.2794139e+01   2.3717426e+01  -2.7055974e+01   1.9539830e+01
   3.0000000e+00   2.9707090e+01  -1.4000000e+02   1.3519512e+01   2.5172321e+01  -2.6049914e+01   1.6557916e+01
   3.0000000e+00   3.0038365e+01  -1.4000000e+02   1.4448588e+01   2.8617810e+01  -2.4651544e+01   1.3969103e+01
   3.0000000e+00   2.9363872e+01  -1.4000000e+02   1.5262748e+01   3.0624723e+01  -2.3230676e+01   1.0247883e+01
   3.0000000e+00   2.8726402e+01  -1.4000000e+02   1.5813057e+01   3.3105196e+01  -2.1769163e+01   8.0538286e+00
   3.0000000e+00   2.7825153e+01  -1.4000000e+02   1.6065605e+01   3.6043548e+01  -2.0437350e+01   4.9500831e+00
   3.0000000e+00   2.7724696e+01  -1.4000000e+02   1.6519988e+01   3.8658740e+01  -1.8626495e+01   1.3917985e+00
   3.0000000e+00   2.8478897e+01  -1.4000000e+02   1.6916893e+01   4.1610320e+01  -1.6535433e+01  -2.4498746e+00
   3.0000000e+00   2.7892117e+01  -1.4000000e+02   1.7529365e+01   4.5394912e+01  -1.4279824e+01  -6.8637670e+00
   3.0000000e+00   2.7800301e+01  -1.4000000e+02   1.7835690e+01   4.8391688e+01  -1.2066709e+01  -1.0864484e+01
   3.0000000e+00   2.5653958e+01  -1.4000000e+02   1.7630070e+01   5.0091875e+01  -1.0346588e+01  -1.5663340e+01
   3.0000000e+00   2.1565050e+01  -1.4000000e+02   1.7578871e+01   5.3035943e+01  -8.4565193e+00  -1.8781001e+01
   3.0000000e+00   1.8018516e+01  -1.4000000e+02   1.7345176e+01   5.4873972e+01  -7.0318095e+00  -2.3589427e+01
   3.0000000e+00   1.5984833e+01  -1.4000000e+02   1.6835020e+01   5.6297781e+01  -5.5620471e+00  -2.5792595e+01
   3.0000000e+00   1.9840163e+01  -1.4000000e+02   1.2651177e+01   5.7248499e+01  -7.3082037e+00  -2.3947076e+01
   3.0000000e+00   2.2774979e+01  -1.4000000e+02   9.0594248e+00   5.3517069e+01  -1.0353081e+01  -2.3459126e+01
   3.0000000e+00   2.3704691e+01  -1.4000000e+02   5.2516821e+00   4.6441807e+01  -1.4717791e+01  -2.4600195e+01
   3.0000000e+00   2.5447366e+01  -1.4000000e+02   2.0139976e+00   3.8262129e+01  -1.8519433e+01  -2.1713880e+01
   3.0000000e+00   2.6584823e+01  -1.4000000e+02   5.1414892e-01   2.8767350e+01  -2.1127793e+01  -1.6112209e+01
   3.0000000e+00   2.6557692e+01  -1.4000000e+02  -1.5909833e+00   2.0515017e+01  -2.4747668e+01  -7.7607462e+00
   3.0000000e+00   2.6974288e+01  -1.4000000e+02  -2.1010073e+00   1.2241053e+01  -2.7621678e+01   1.6296440e+00
   3.0000000e+00   2.6080072e+01  -1.4000000e+02  -2.5248805e+00   7.2963358e+00  -3.0258160e+01   1.2590403e+01
   3.0000000e+00   2.3103004e+01  -1.4000000e+02  -5.0612762e+00   5.2843562e+00  -3.3729430e+01   2.3954922e+01
   3.0000000e+00   2.2853587e+01  -1.4000000e+02  -5.9513674e+00   4.4401569e-01  -3.6040502e+01   3.4150078e+01
   3.0000000e+00   1.9619112e+01  -1.4000000e+02  -7.6119201e+00  -2.7151577e+00  -3.9514620e+01   4.3867543e+01
   3.0000000e+00   1.8126170e+01  -1.4000000e+02  -8.2879659e+00  -3.2995929e+00  -4.1710828e+01   5.2444322e+01
   3.0000000e+00   1.8430842e+01  -1.4000000e+02  -7.3245095e+00  -4.1431613e+00  -4.2408845e+01   5.8093956e+01
   3.0000000e+00   2.1861868e+01  -1.4000000e+02  -4.5879879e+00  -3.8596345e+00  -4.1595694e+01   5.8196167e+01
   3.0000000e+00   2.4156828e+01  -1.4000000e+02  -2.1456546e+00  -1.4487091e+00  -4.0403364e+01   5.7906578e+01
   3.0000000e+00   2.5557267e+01  -1.4000000e+02  -6.0187612e-01   1.2804841e+00  -3.9781625e+01   5.4139536e+01
   3.0000000e+00   2.5354067e+01  -1.4000000e+02   2.2679529e-01   3.9192989e+00  -3.9426737e+01   5.1657710e+01
   3.0000000e+00   2.6236541e+01  -1.4000000e+02   1.4230792e+00   4.7083557e+00  -3.8382456e+01   4.9362856e+01
   3.0000000e+00   2.6977396e+01  -1.4000000e+02   2.2467279e+00   6.7631015e+00  -3.7431998e+01   4.7915797e+01
   3.0000000e+00   2.7969389e+01  -1.4000000e+02   2.8809176e+00   9.3992999e+00  -3.6611904e+01   4.6449855e+01
   3.0000000e+00   3.1151051e+01  -1.4000000e+02   3.5208943e+00   1.1341383e+01  -3.5724561e+01   4.4726989e+01
   3.0000000e+00   3.0265311e+01  -1.4000000e+02   4.1023730e+00   1.5161310e+01  -3.4602156e+01   4.6420810e+01
   3.0000000e+00   2.7244077e+01  -1.4000000e+02   2.8262619e+00   1.7944911e+01  -3.5071165e+01   4.7847412e+01
   3.0000000e+00   2.6215377e+01  -1.4000000e+02   2.0769297e+00   1.8936224e+01  -3.4752971e+01   4.7101060e+01
   3.0000000e+00   2.8546207e+01  -1.4000000e+02   3.2115129e+00   1.9991773e+01  -3.3545332e+01   4.4285644e+01
   3.0000000e+00   3.0148666e+01  -1.4000000e+02   4.4053908e+00   2.3817069e+01  -3.3029128e+01   4.4066291e+01
   3.0000000e+00   3.2438273e+01  -1.4000000e+02   5.6102332e+00   2.6309318e+01  -3.1360262e+01   4.0634557e+01
   3.0000000e+00   3.4404481e+01  -1.4000000e+02   7.3806276e+00   2.8961835e+01  -2.9257270e+01   3.8241681e+01
   3.0000000e+00   3.5328824e+01  -1.4000000e+02   8.7543257e+00   2.9261511e+01  -2.7802100e+01   3.4294164e+01
   3.0000000e+00   3.5732632e+01  -1.4000000e+02   9.6175047e+00   3.0241557e+01  -2.6824316e+01   3.0131937e+01
   3.0000000e+00   3.3120259e+01  -1.4000000e+02   9.5467618e+00   3.3030860e+01  -2.6504827e+01   2.8845318e+01
   3.0000000e+00   3.0781296e+01  -1.4000000e+02   9.8682297e+00   3.2904353e+01  -2.6291703e+01   2.5147923e+01
   3.0000000e+00   2.9200193e+01  -1.4000000e+02   1.0307338e+01   3.3220975e+01  -2.5670586e+01   2.0946011e+01
   3.0000000e+00   2.7960167e+01  -1.4000000e+02   1.0769246e+01   3.4512688e+01  -2.4523127e+01   1.6881363e+01
   3.0000000e+00   2.7815352e+01  -1.4000000e+02   1.1371631e+01   3.7435514e+01  -2.2989318e+01   1.3363320e+01
   3.0000000e+00   2.6551055e+01  -1.4000000e+02   1.1704493e+01   3.9646084e+01  -2.1609224e+01   9.6699473e+00
   3.0000000e+00   2.5772672e+01  -1.4000000e+02   1.2232369e+01   4.1053836e+01  -2.0047904e+01   5.4590802e+00
   3.0000000e+00   2.5660617e+01  -1.4000000e+02   1.2696466e+01   4.5396232e+01  -1.7729282e+01   2.6239347e+00
   3.0000000e+00   2.3681837e+01  -1.4000000e+02   1.3258211e+01   4.7946326e+01  -1.5423136e+01  -1.1159804e+00
   3.0000000e+00   2.2666158e+01  -1.4000000e+02   1.3269095e+01   5.0084415e+01  -1.3580435e+01  -5.3792588e+00
   3.0000000e+00   2.0998478e+01  -1.4000000e+02   1.3097509e+01   5.0592653e+01  -1.2297691e+01  -9.8943843e+00
   3.0000000e+00   2.1155754e+01  -1.4000000e+02   1.0917140e+01   5.1667805e+01  -1.3020024e+01  -1.1241075e+01
   3.0000000e+00   2.3424319e+01  -1.4000000e+02   7.4287255e+00   5.1325143e+01  -1.5292561e+01  -1.2564597e+01
   3.0000000e+00   2.6180340e+01  -1.4000000e+02   4.7422818e+00   4.4568954e+01  -1.8352470e+01  -1.4838033e+01
   3.0000000e+00   2.7597518e+01  -1.4000000e+02   1.9533634e+00   3.5525929e+01  -2.1539057e+01  -1.2856090e+01
   3.0000000e+00   3.0318486e+01  -1.4000000e+02   5.5765453e-01   2.5249044e+01  -2.4159534e+01  -5.9811341e+00
   3.0000000e+00   3.0940564e+01  -1.4000000e+02  -4.9957823e-01   1.4717183e+01  -2.7485264e+01   3.0248093e+00
   3.0000000e+00   2.7220456e+01  -1.4000000e+02  -1.8987267e+00   5.7318023e+00  -3.1126049e+01   1.2888465e+01
   3.0000000e+00   2.2715306e+01  -1.4000000e+02  -3.5502398e+00  -5.9219098e-01  -3.4704115e+01   2.2372593e+01
   3.0000000e+00   2.1690722e+01  -1.4000000e+02  -3.6649495e+00  -4.5348213e+00  -3.6369548e+01   3.0925743e+01
   3.0000000e+00   2.0108283e+01  -1.4000000e+02  -4.5041806e+00  -5.1067982e+00  -3.7351040e+01   4.1695530e+01
   3.0000000e+00   2.1476880e+01  -1.4000000e+02  -3.9308423e+00  -6.0412041e+00  -3.7417596e+01   4.8261413e+01
   3.0000000e+00   2.4567311e+01  -1.4000000e+02  -2.6795674e+00  -4.9189308e+00  -3.7066218e+01   4.9964167e+01
   3.0000000e+00   2.6559046e+01  -1.4000000e+02  -1.8233863e+00   1.0629814e-01  -3.6729947e+01   5.6070125e+01
   3.0000000e+00   2.9579565e+01  -1.4000000e+02  -1.0315296e-01   4.7740085e+00  -3.5767593e+01   5.5162822e+01
   3.0000000e+00   2.9379937e+01  -1.4000000e+02   1.2762475e+00   8.0292044e+00  -3.5321296e+01   5.1485245e+01
   3.0000000e+00   2.9841866e+01  -1.4000000e+02   2.8658850e+00   1.0027764e+01  -3.4600436e+01   4.7758326e+01
   3.0000000e+00   3.1707473e+01  -1.4000000e+02   4.2173872e+00   1.1522711e+01  -3.3806685e+01   4.3188297e+01
   3.0000000e+00   3.2905362e+01  -1.4000000e+02   5.4729859e+00   1.6459913e+01  -3.2636305e+01   4.1380669e+01
   3.0000000e+00   3.2375133e+01  -1.4000000e+02   6.8446936e+00   2.1322704e+01  -3.1801735e+01   4.0248919e+01
   3.0000000e+00   3.1264371e+01  -1.4000000e+02   7.5821941e+00   2.5109021e+01  -3.1160237e+01   3.8407135e+01
   3.0000000e+00   3.0591948e+01  -1.4000000e+02   8.5157640e+00   2.5016333e+01  -3.0170198e+01   3.3816149e+01
   3.0000000e+00   2.9345112e+01  -1.4000000e+02   8.9726376e+00   2.6253644e+01  -2.9399227e+01   3.0116192e+01
   3.0000000e+00   3.0108817e+01  -1.4000000e+02   1.0269902e+01   2.7477134e+01  -2.8228021e+01   2.5041993e+01
   3.0000000e+00   2.7125690e+01  -1.4000000e+02   1.0716737e+01   2.9015865e+01  -2.7434021e+01   2.0681369e+01
   3.0000000e+00   2.6173337e+01  -1.4000000e+02   1.1815755e+01   3.0568824e+01  -2.6028611e+01   1.6571605e+01
   3.0000000e+00   2.5846069e+01  -1.4000000e+02   1.2781570e+01   3.1151225e+01  -2.4611781e+01   1.2015415e+01
   3.0000000e+00   2.5529890e+01  -1.4000000e+02   1.3402006e+01   3.3801306e+01  -2.3275289e+01   7.6379192e+00
   3.0000000e+00   2.3865962e+01  -1.4000000e+02   1.3734165e+01   3.5587847e+01  -2.2260006e+01   4.0309660e+00
   3.0000000e+00   2.2718083e+01  -1.4000000e+02   1.3952221e+01   3.7845283e+01  -2.0914461e+01   6.2313873e-01
   3.0000000e+00   2.0896826e+01  -1.4000000e+02   1.4450758e+01   4.0518080e+01  -1.9195180e+01  -3.0844162e+00
   3.0000000e+00   1.9899078e+01  -1.4000000e+02   1.4921241e+01   4.3150715e+01  -1.7164461e+01  -7.9566419e+00
   3.0000000e+00   1.9218342e+01  -1.4000000e+02   1.5300342e+01   4.5665404e+01  -1.5168593e+01  -1.3115021e+01
   3.0000000e+00   1.8038679e+01  -1.4000000e+02   1.5505830e+01   4.9392904e+01  -1.2920305e+01  -1.6840479e+01
   3.0000000e+00   1.5923103e+01  -1.4000000e+02   1.5752546e+01   5.3645951e+01  -1.0589774e+01  -1.9879596e+01
   3.0000000e+00   1.5438805e+01  -1.4000000e+02   1.5697387e+01   5.6374194e+01  -8.2594685e+00  -2.4024189e+01
   3.0000000e+00   1.2808715e+01  -1.4000000e+02   1.5194094e+01   5.9820696e+01  -6.1236438e+00  -2.4465104e+01
   3.0000000e+00   1.3151712e+01  -1.4000000e+02   1.4327337e+01   6.1242898e+01  -4.3772214e+00  -2.7282255e+01
   3.0000000e+00   1.2301612e+01  -1.4000000e+02   1.1548099e+01   6.3841022e+01  -4.4672403e+00  -2.5551409e+01
   3.0000000e+00   1.6814618e+01  -1.4000000e+02   7.9696330e+00   6.4266387e+01  -6.0637103e+00  -2.7632839e+01
   3.0000000e+00   2.1657959e+01  -1.4000000e+02   5.3865363e+00   6.4068245e+01  -7.7123532e+00  -2.7393470e+01
   3.0000000e+00   2.5713624e+01  -1.4000000e+02   3.7648988e+00   5.7877825e+01  -1.0052459e+01  -2.5973724e+01
   3.0000000e+00   2.9303380e+01  -1.4000000e+02   1.6578969e+00   4.8313593e+01  -1.2625262e+01  -2.1771561e+01
   3.0000000e+00   3.2530829e+01  -1.4000000e+02  -5.0540339e-01   3.7742569e+01  -1.5551677e+01  -1.4241332e+01
   3.0000000e+00   3.2658517e+01  -1.4000000e+02  -2.6112859e+00   2.7216451e+01  -1.9486649e+01  -4.8458668e+00
   3.0000000e+00   3.3811561e+01  -1.4000000e+02  -3.1956673e+00   1.6532083e+01  -2.2436208e+01   5.5829549e+00
   3.0000000e+00   2.9803528e+01  -1.4000000e+02  -5.2508740e+00   7.7988008e+00  -2.6778288e+01   1.6263144e+01
   3.0000000e+00   2.6100181e+01  -1.4000000e+02  -6.5141187e+00   2.5291831e+00  -3.0667805e+01   2.6774448e+01
   3.0000000e+00   2.2975575e+01  -1.4000000e+02  -7.5830279e+00   1.1159853e-01  -3.3693215e+01   3.7692706e+01
   3.0000000e+00   2.2905965e+01  -1.4000000e+02  -7.5958880e+00  -1.1686356e+00  -3.5808564e+01   4.7828744e+01
   3.0000000e+00   2.3337473e+01  -1.4000000e+02  -6.9989115e+00  -1.2498725e-01  -3.7905178e+01   5.6313644e+01
   3.0000000e+00   2.2105950e+01  -1.4000000e+02  -5.9278059e+00   6.1248275e-01  -4.0136450e+01   6.0952598e+01
   3.0000000e+00   2.0991025e+01  -1.4000000e+02  -4.2926533e+00   6.6280657e-01  -4.1591366e+01   6.1920122e+01
   3.0000000e+00   2.1418911e+01  -1.4000000e+02  -2.7765406e+00  -3.9823157e-01  -4.2482158e+01   5.9625532e+01
   3.0000000e+00   2.2085626e+01  -1.4000000e+02  -1.4356643e+00  -2.9326992e-01  -4.2443865e+01   5.5875082e+01
   3.0000000e+00   2.0643563e+01  -1.4000000e+02  -1.2707286e+00   2.6627234e+00  -4.3004805e+01   5.5189941e+01
   3.0000000e+00   2.1793830e+01  -1.4000000e+02  -6.9373655e-01   5.9195336e+00  -4.2634149e+01   5.2959580e+01
   3.0000000e+00   2.2643181e+01  -1.4000000e+02   1.8817509e-01   8.8641598e+00  -4.1911124e+01   5.1946912e+01
   3.0000000e+00   2.2920745e+01  -1.4000000e+02   9.5113502e-01   1.0060442e+01  -4.0939331e+01   4.9198446e+01
   3.0000000e+00   2.4087793e+01  -1.4000000e+02   1.4575132e+00   1.3685727e+01  -3.9527377e+01   4.8183135e+01
   3.0000000e+00   2.7591263e+01  -1.4000000e+02   3.2068482e+00   1.5768903e+01  -3.7362074e+01   4.4964099e+01
   3.0000000e+00   3.0444116e+01  -1.4000000e+02   4.5934665e+00   1.8862520e+01  -3.5212895e+01   4.3993265e+01
   3.0000000e+00   3.1500037e+01  -1.4000000e+02   4.9268224e+00   2.1403861e+01  -3.4283786e+01   4.2942497e+01
   3.0000000e+00   3.1034892e+01  -1.4000000e+02   5.5542494e+00   2.3524340e+01  -3.3593504e+01   4.1029563e+01
   3.0000000e+00   3.0517934e+01  -1.4000000e+02   6.3234299e+00   2.5743056e+01  -3.2778143e+01   3.7708262e+01
   3.0000000e+00   3.2162237e+01  -1.4000000e+02   7.2239794e+00   2.7626503e+01  -3.1431374e+01   3.5231069e+01
   3.0000000e+00   3.0490061e+01  -1.4000000e+02   6.9476691e+00   2.8160939e+01  -3.0875454e+01   3.3586086e+01
   3.0000000e+00   3.1458855e+01  -1.4000000e+02   6.9179565e+00   2.9620346e+01  -2.9791861e+01   3.2343325e+01
   3.0000000e+00   3.0003551e+01  -1.4000000e+02   7.1360659e+00   3.0125609e+01  -2.8944506e+01   3.0167154e+01
   3.0000000e+00   2.9301593e+01  -1.4000000e+02   7.2790784e+00   3.0280431e+01  -2.7955903e+01   2.8075121e+01
   3.0000000e+00   2.7131543e+01  -1.4000000e+02   7.1820271e+00   3.1554077e+01  -2.7312231e+01   2.5574739e+01
   3.0000000e+00   2.6893298e+01  -1.4000000e+02   7.9197531e+00   3.3676706e+01  -2.6082853e+01   2.2641311e+01
   3.0000000e+00   2.5504111e+01  -1.4000000e+02   8.8172457e+00   3.4961296e+01  -2.4800421e+01   1.7906715e+01
   3.0000000e+00   2.3137911e+01  -1.4000000e+02   9.6311498e+00   3.6070200e+01  -2.3715759e+01   1.3050372e+01
   3.0000000e+00   2.4392460e+01  -1.4000000e+02   1.1020364e+01   3.8715976e+01  -2.1820711e+01   7.1012194e+00
   3.0000000e+00   2.4194374e+01  -1.4000000e+02   1.2680663e+01   4.1882894e+01  -1.9516590e+01   3.1109761e+00
   3.0000000e+00   2.4528413e+01  -1.4000000e+02   1.3751359e+01   4.4470280e+01  -1.7470279e+01  -6.4434834e-01
   3.0000000e+00   2.4129601e+01  -1.4000000e+02   1.4276755e+01   4.7697917e+01  -1.5372197e+01  -3.3485190e+00
   3.0000000e+00   2.3509484e+01  -1.4000000e+02   1.4430793e+01   5.0339465e+01  -1.3445112e+01  -7.1687727e+00
   3.0000000e+00   2.2100976e+01  -1.4000000e+02   1.4332950e+01   5.1793954e+01  -1.1624500e+01  -1.0379000e+01
   3.0000000e+00   2.0482687e+01  -1.4000000e+02   1.4045610e+01   5.2536018e+01  -1.0129103e+01  -1.3272686e+01
   3.0000000e+00   1.8548700e+01  -1.4000000e+02   1.3621552e+01   5.3178861e+01  -8.8469824e+00  -1.5260002e+01
   3.0000000e+00   1.6976207e+01  -1.4000000e+02   1.2642798e+01   5.4517542e+01  -7.8601295e+00  -1.6048844e+01
   3.0000000e+00   1.8427237e+01  -1.4000000e+02   9.3283613e+00   5.6112041e+01  -9.4210697e+00  -1.8275989e+01
   3.0000000e+00   2.1316100e+01  -1.4000000e+02   6.5950012e+00   5.6824484e+01  -1.1338558e+01  -2.0663511e+01
   3.0000000e+00   2.3406398e+01  -1.4000000e+02   4.3751816e+00   5.5402610e+01  -1.3407747e+01  -2.2237414e+01
   3.0000000e+00   2.5867244e+01  -1.4000000e+02   2.5447351e+00   4.9197102e+01  -1.5224654e+01  -2.0120674e+01
   3.0000000e+00   2.6371952e+01  -1.4000000e+02   8.5246812e-01   4.0349238e+01  -1.7546404e+01  -1.3225824e+01
   3.0000000e+00   2.5882760e+01  -1.4000000e+02  -7.4516746e-01   3.1158767e+01  -2.0729270e+01  -4.6282415e+00
   3.0000000e+00   2.7275513e+01  -1.4000000e+02  -2.0556490e+00   2.1182168e+01  -2.3262575e+01   4.6151430e+00
   3.0000000e+00   2.5543703e+01  -1.4000000e+02  -3.4220954e+00   1.2915888e+01  -2.6305157e+01   1.5022833e+01
   3.0000000e+00   2.2568875e+01  -1.4000000e+02  -4.7116531e+00   8.0394125e+00  -2.9151741e+01   2.6164083e+01
   3.0000000e+00   2.1452465e+01  -1.4000000e+02  -6.8600482e+00   4.2000816e+00  -3.1681138e+01   3.7312718e+01
   3.0000000e+00   2.0497000e+01  -1.4000000e+02  -8.0846079e+00   1.6192896e+00  -3.4073185e+01   4.7996253e+01
   3.0000000e+00   2.0557189e+01  -1.4000000e+02  -8.3241260e+00  -2.0610582e+00  -3.6390782e+01   5.3799473e+01
   3.0000000e+00   2.1664505e+01  -1.4000000e+02  -7.9621125e+00  -1.0372677e+00  -3.8089485e+01   6.0239319e+01
   3.0000000e+00   2.2648357e+01  -1.4000000e+02  -6.8936695e+00  -6.8238869e-01  -3.8931064e+01   6.1149103e+01
   3.0000000e+00   2.4940864e+01  -1.4000000e+02  -4.9221338e+00   9.9057416e-01  -3.8430870e+01   6.0482040e+01
   3.0000000e+00   2.5605047e+01  -1.4000000e+02  -2.8773291e+00   3.2678537e+00  -3.8020366e+01   5.8074126e+01
   3.0000000e+00   2.3934725e+01  -1.4000000e+02  -2.5439254e+00   7.0551400e+00  -3.8471265e+01   5.7686584e+01
   3.0000000e+00   2.4525777e+01  -1.4000000e+02  -1.5474788e+00   9.7918073e+00  -3.8074113e+01   5.3539192e+01
   3.0000000e+00   2.6230657e+01  -1.4000000e+02   8.4098491e-02   1.4179602e+01  -3.6728183e+01   5.1706288e+01
   3.0000000e+00   2.9438262e+01  -1.4000000e+02   3.0596098e+00   1.5303759e+01  -3.4390843e+01   4.5008573e+01
   3.0000000e+00   3.1395089e+01  -1.4000000e+02   4.2632118e+00   2.1224127e+01  -3.2392859e+01   4.3691111e+01
   3.0000000e+00   2.8160840e+01  -1.4000000e+02   4.6020088e+00   2.2938686e+01  -3.1631829e+01   4.0219401e+01
   3.0000000e+00   2.5251027e+01  -1.4000000e+02   4.0123702e+00   2.4820194e+01  -3.1469610e+01   3.8109173e+01
   3.0000000e+00   2.2813817e+01  -1.4000000e+02   3.7594443e+00   2.5530041e+01  -3.1071577e+01   3.5229055e+01
   3.0000000e+00   2.2662678e+01  -1.4000000e+02   3.5699102e+00   2.6912971e+01  -3.0120806e+01   3.2236331e+01
   3.0000000e+00   2.2479441e+01  -1.4000000e+02   5.0137936e+00   2.6470289e+01  -2.8191752e+01   2.6557627e+01
   3.0000000e+00   2.4034507e+01  -1.4000000e+02   6.9558748e+00   2.9013611e+01  -2.6300410e+01   2.1574283e+01
   3.0000000e+00   2.4848959e+01  -1.4000000e+02   8.8829090e+00   3.2376695e+01  -2.4386865e+01   1.7445769e+01
   3.0000000e+00   2.5772945e+01  -1.4000000e+02   1.0613961e+01   3.5861114e+01  -2.2508003e+01   1.3590333e+01
   3.0000000e+00   2.3693538e+01  -1.4000000e+02   1.1682600e+01   3.8764686e+01  -2.1101109e+01   9.5853970e+00
   3.0000000e+00   2.3344584e+01  -1.4000000e+02   1.2763780e+01   4.1338577e+01  -1.9215778e+01   3.9889421e+00
   3.0000000e+00   2.1426179e+01  -1.4000000e+02   1.3833025e+01   4.5099353e+01  -1.6950881e+01   1.5723406e-02
   3.0000000e+00   1.9894421e+01  -1.4000000e+02   1.4944696e+01   4.8986106e+01  -1.4556308e+01  -5.7821179e+00
   3.0000000e+00   1.8008394e+01  -1.4000000e+02   1.5640610e+01   5.2128588e+01  -1.2156528e+01  -1.1455713e+01
   3.0000000e+00   1.4883672e+01  -1.4000000e+02   1.5999972e+01   5.5868962e+01  -9.7317591e+00  -1.4626770e+01
   3.0000000e+00   1.2803124e+01  -1.4000000e+02   1.5671983e+01   5.8913483e+01  -7.6724979e+00  -1.7283522e+01
   3.0000000e+00   9.7608525e+00  -1.4000000e+02   1.4919184e+01   6.1283184e+01  -6.4641276e+00  -2.1902272e+01
   3.0000000e+00   7.4702763e+00  -1.4000000e+02   1.3040706e+01   6.4094078e+01  -6.1875551e+00  -2.4154490e+01
   3.0000000e+00   1.1735787e+01  -1.4000000e+02   9.2181868e+00   6.5404288e+01  -7.9996593e+00  -2.7915327e+01
   3.0000000e+00   1.6658031e+01  -1.4000000e+02   7.3679496e+00   6.4791957e+01  -8.7100630e+00  -3.0219447e+01
   3.0000000e+00   2.1100627e+01  -1.4000000e+02   6.5588944e+00   5.9507695e+01  -9.3421028e+00  -3.0483435e+01
   3.0000000e+00   2.4709228e+01  -1.4000000e+02   5.2761130e+00   5.1873906e+01  -1.1423016e+01  -2.8166945e+01
   3.0000000e+00   2.6906853e+01  -1.4000000e+02   2.4281106e+00   4.3913449e+01  -1.4616828e+01  -2.2322804e+01
   3.0000000e+00   2.8238795e+01  -1.4000000e+02  -3.0503374e-01   3.4925610e+01  -1.8658745e+01  -1.4620102e+01
   3.0000000e+00   2.7054894e+01  -1.4000000e+02  -3.4264738e+00   2.5811686e+01  -2.3543327e+01  -5.1261804e+00
   3.0000000e+00   2.5248734e+01  -1.4000000e+02  -5.6608194e+00   1.6332792e+01  -2.7626435e+01   5.2719921e+00
   3.0000000e+00   2.1921668e+01  -1.4000000e+02  -7.6653952e+00   8.4826382e+00  -3.0691638e+01   1.6675300e+01
