   2.5809016e+01   4.5707440e+01  -1.5449797e+02   3.0981299e+01   1.2570467e+01  -4.2123541e+01   4.7543017e+01
   2.7189285e+01   4.4558905e+01  -1.4055704e+02   2.9911749e+01   1.1622206e+01  -4.0414469e+01   4.3064323e+01
   2.5939551e+01   4.7479890e+01  -1.4000000e+02   2.6399254e+01   1.0161723e+01  -4.0407077e+01   3.9744994e+01
   2.5693729e+01   4.8927593e+01  -1.4000000e+02   2.6895362e+01   1.1492478e+01  -3.7728254e+01   3.5067357e+01
   2.5672335e+01   4.7448474e+01  -1.4000000e+02   2.8252718e+01   1.2099150e+01  -3.6767702e+01   3.0368551e+01
   2.4719733e+01   4.6925430e+01  -1.4000000e+02   2.8000252e+01   1.4642721e+01  -3.5485465e+01   2.7446067e+01
   2.5550080e+01   4.5643993e+01  -1.4000000e+02   2.8923663e+01   1.4047440e+01  -3.4211589e+01   2.2166694e+01
   2.8535953e+01   4.5502453e+01  -1.4000000e+02   3.0053957e+01   1.4026882e+01  -3.2185356e+01   1.9188347e+01
   2.8698913e+01   4.6609657e+01  -1.4000000e+02   3.1911182e+01   1.6337691e+01  -3.0757427e+01   1.3834407e+01
   2.9268476e+01   4.6366295e+01  -1.4000000e+02   3.3645750e+01   1.7800382e+01  -3.0072889e+01   1.0711943e+01
   2.9720065e+01   4.6383373e+01  -1.4000000e+02   3.7098449e+01   1.8448241e+01  -2.9836730e+01   3.7118454e+00
   3.1513975e+01   4.8238046e+01  -1.4000000e+02   4.1414691e+01   1.9982898e+01  -2.9396324e+01  -1.0579026e+00
   3.4373371e+01   4.9470723e+01  -1.4000000e+02   4.7804266e+01   2.0982342e+01  -3.1367774e+01  -7.1837728e+00
   3.5441133e+01   5.1854796e+01  -1.4000000e+02   5.1473496e+01   2.4717081e+01  -3.0880001e+01  -1.1885021e+01
   3.8551301e+01   5.3674599e+01  -1.4000000e+02   5.5546155e+01   2.6605643e+01  -2.9562313e+01  -1.8340257e+01
   4.0599637e+01   5.6428071e+01  -1.4000000e+02   6.0091832e+01   2.9218713e+01  -2.8556152e+01  -2.4443895e+01
   4.3009223e+01   5.7428209e+01  -1.4000000e+02   6.2088200e+01   3.0123396e+01  -2.6729300e+01  -3.0536779e+01
   4.5698263e+01   5.9112313e+01  -1.4000000e+02   6.3739650e+01   3.0568639e+01  -2.4562784e+01  -3.6597713e+01
   4.7648916e+01   5.9919688e+01  -1.4000000e+02   6.5291670e+01   3.2174256e+01  -2.3945298e+01  -3.9248848e+01
   4.7807366e+01   5.8424686e+01  -1.4000000e+02   6.6374719e+01   3.1284408e+01  -2.5350457e+01  -3.9914732e+01
   4.7166201e+01   5.7276392e+01  -1.4000000e+02   6.6569582e+01   3.1383752e+01  -2.8280038e+01  -3.8859016e+01
   4.3093402e+01   6.1390406e+01  -1.4000000e+02   6.2547278e+01   3.5375796e+01  -3.1327344e+01  -3.3315478e+01
   4.0653251e+01   5.7255350e+01  -1.4000000e+02   5.6223937e+01   3.3150151e+01  -3.5789454e+01  -2.8049169e+01
   3.7732620e+01   5.4623251e+01  -1.4000000e+02   4.9170787e+01   2.9309253e+01  -3.9039565e+01  -1.8686108e+01
   3.2678516e+01   4.8886656e+01  -1.4000000e+02   4.2217634e+01   2.2088709e+01  -4.3277289e+01  -1.0829263e+01
   2.8703636e+01   4.1681905e+01  -1.4000000e+02   3.5368958e+01   1.3045671e+01  -4.7242143e+01  -2.6066312e+00
   2.4839492e+01   4.0478425e+01  -1.4000000e+02   2.9615709e+01   5.0308002e+00  -4.8858594e+01   5.4163273e+00
   2.2910965e+01   3.5248572e+01  -1.4000000e+02   2.3808489e+01  -1.2948403e+00  -5.2261506e+01   1.6676117e+01
   2.3627655e+01   3.3238010e+01  -1.4000000e+02   1.8745809e+01  -6.3960005e+00  -5.4571974e+01   2.7986788e+01
   2.6247220e+01   3.4386375e+01  -1.4000000e+02   1.5304497e+01  -1.0294933e+01  -5.5039961e+01   3.8959297e+01
   2.5279461e+01   3.3462665e+01  -1.4000000e+02   1.2914695e+01  -1.3057831e+01  -5.5043199e+01   4.8944466e+01
   2.5414513e+01   3.1608028e+01  -1.4000000e+02   1.0303944e+01  -1.3905226e+01  -5.5291617e+01   5.5160546e+01
   2.3973899e+01   3.2403020e+01  -1.4000000e+02   1.0660935e+01  -1.2992079e+01  -5.2864861e+01   5.5547969e+01
   2.2989598e+01   3.2672834e+01  -1.4000000e+02   1.1755224e+01  -1.1660816e+01  -4.9917252e+01   5.3526038e+01
   2.3287012e+01   3.4160732e+01  -1.4000000e+02   1.3016914e+01  -8.9584727e+00  -4.7129392e+01   5.0255543e+01
   2.3218268e+01   3.6579594e+01  -1.4000000e+02   1.4972430e+01  -5.1173383e+00  -4.4123794e+01   4.6048641e+01
   2.3667146e+01   3.9948598e+01  -1.4000000e+02   1.7592428e+01  -3.2801152e+00  -4.0290707e+01   4.2153713e+01
   2.2999134e+01   4.3663518e+01  -1.4000000e+02   1.8936696e+01   1.9378034e-01  -3.7655865e+01   4.0120905e+01
   2.2472107e+01   4.4674600e+01  -1.4000000e+02   1.9878865e+01   4.6038075e+00  -3.6319078e+01   3.7342618e+01
   2.4133781e+01   4.3409430e+01  -1.4000000e+02   1.9761416e+01   8.8566518e+00  -3.5665513e+01   3.8234744e+01
   2.4814821e+01   4.1926354e+01  -1.4000000e+02   1.9713608e+01   7.2135717e+00  -3.5327384e+01   3.5741871e+01
   2.8016733e+01   4.2756358e+01  -1.4000000e+02   2.0270097e+01   5.7702950e+00  -3.4801039e+01   3.2476018e+01
   2.9423526e+01   4.1690085e+01  -1.4000000e+02   2.2004941e+01   5.9213477e+00  -3.4495105e+01   2.7823549e+01
   2.8606269e+01   3.9453081e+01  -1.4000000e+02   2.2608757e+01   8.1228760e+00  -3.4994188e+01   2.4851052e+01
   2.8360435e+01   4.1330055e+01  -1.4000000e+02   2.4225492e+01   1.1436713e+01  -3.3582607e+01   2.1820146e+01
   2.8481073e+01   4.3457605e+01  -1.4000000e+02   2.6784549e+01   1.3836077e+01  -3.3318099e+01   1.9555082e+01
   2.7487561e+01   4.1287401e+01  -1.4000000e+02   2.8406579e+01   1.4451702e+01  -3.4584173e+01   1.5255064e+01
   2.8964845e+01   4.2221708e+01  -1.4000000e+02   3.0285014e+01   1.5307564e+01  -3.4047838e+01   1.4393876e+01
   2.9921841e+01   4.2555961e+01  -1.4000000e+02   3.2823849e+01   1.7083803e+01  -3.4222646e+01   1.1445772e+01
   3.1325946e+01   4.4984800e+01  -1.4000000e+02   3.5903810e+01   1.8402449e+01  -3.3183035e+01   6.1496034e+00
   3.4070774e+01   4.5035382e+01  -1.4000000e+02   3.9965602e+01   1.8027298e+01  -3.4154982e+01   2.0905991e+00
   3.4401187e+01   4.7912428e+01  -1.4000000e+02   4.4158361e+01   2.0936649e+01  -3.3622899e+01  -2.7247731e+00
   3.4277756e+01   4.9865421e+01  -1.4000000e+02   4.4611334e+01   2.6037822e+01  -3.0436178e+01  -5.3874457e+00
   3.5209254e+01   5.3542434e+01  -1.4000000e+02   4.6790088e+01   3.0347340e+01  -2.6920630e+01  -1.0722489e+01
   3.7424665e+01   5.9365645e+01  -1.4000000e+02   5.0609682e+01   3.4314780e+01  -2.3389224e+01  -1.6584991e+01
   3.9633172e+01   5.9761275e+01  -1.4000000e+02   5.3576799e+01   3.3747030e+01  -2.1731238e+01  -2.2501573e+01
   4.1518887e+01   5.8297475e+01  -1.4000000e+02   5.6718318e+01   3.2706429e+01  -2.2245124e+01  -2.7087198e+01
   4.2687038e+01   5.6973143e+01  -1.4000000e+02   5.9467416e+01   3.1549547e+01  -2.3428267e+01  -3.0950366e+01
   4.3177569e+01   5.5771583e+01  -1.4000000e+02   6.1210540e+01   3.1519923e+01  -2.4163826e+01  -3.2819291e+01
   4.3072410e+01   5.7300546e+01  -1.4000000e+02   6.2824461e+01   3.3969301e+01  -2.4932138e+01  -3.3136677e+01
   4.1624281e+01   5.9629827e+01  -1.4000000e+02   5.9681137e+01   3.7129028e+01  -2.8435788e+01  -3.0226723e+01
   3.9625643e+01   5.6261758e+01  -1.4000000e+02   5.3872272e+01   3.3375412e+01  -3.2711537e+01  -2.3105658e+01
   3.9127635e+01   5.4253862e+01  -1.4000000e+02   4.7363654e+01   2.7935531e+01  -3.6365232e+01  -1.5775478e+01
   3.6746147e+01   4.7266846e+01  -1.4000000e+02   4.0031437e+01   2.1917250e+01  -4.1428873e+01  -6.8349463e+00
   3.2554631e+01   4.1678800e+01  -1.4000000e+02   3.2897976e+01   1.4725537e+01  -4.5879057e+01   7.0148905e-01
   2.9428156e+01   4.0911489e+01  -1.4000000e+02   2.8422117e+01   7.7666723e+00  -4.5907504e+01   7.9188563e+00
   2.5383410e+01   3.9659934e+01  -1.4000000e+02   2.4249191e+01   1.0786973e+00  -4.6523269e+01   1.5716829e+01
   2.4414556e+01   3.5470080e+01  -1.4000000e+02   1.9898622e+01  -5.0542595e+00  -4.9666252e+01   2.3972213e+01
   2.5335922e+01   3.5267625e+01  -1.4000000e+02   1.7425377e+01  -1.0060343e+01  -5.1254453e+01   3.0544177e+01
   2.4756818e+01   3.6864208e+01  -1.4000000e+02   1.6863169e+01  -1.3994954e+01  -5.1289830e+01   3.7274853e+01
   2.6408914e+01   3.3402639e+01  -1.4000000e+02   1.3402727e+01  -1.6967777e+01  -5.3580704e+01   4.5302002e+01
   2.4149992e+01   3.3664925e+01  -1.4000000e+02   1.2286427e+01  -1.6574970e+01  -5.2781206e+01   5.1846386e+01
   2.1829072e+01   3.4291018e+01  -1.4000000e+02   1.4185490e+01  -1.6225077e+01  -4.9966085e+01   5.3333022e+01
   2.1765937e+01   3.4532599e+01  -1.4000000e+02   1.5105828e+01  -1.4577658e+01  -4.8133404e+01   4.9315601e+01
   2.2585232e+01   3.5408017e+01  -1.4000000e+02   1.5683570e+01  -1.2017187e+01  -4.6109158e+01   4.9913129e+01
   2.4031610e+01   3.7891398e+01  -1.4000000e+02   1.6532456e+01  -9.7031418e+00  -4.4480079e+01   4.9198145e+01
   2.4210446e+01   3.9369790e+01  -1.4000000e+02   1.6078327e+01  -6.7734007e+00  -4.3887014e+01   4.7864184e+01
   2.4484534e+01   4.0032692e+01  -1.4000000e+02   1.6863374e+01  -3.7908979e+00  -4.2309251e+01   4.5468890e+01
   2.3673141e+01   4.1278548e+01  -1.4000000e+02   1.7824027e+01  -5.3367387e-01  -4.0192658e+01   4.4935484e+01
   2.4236336e+01   4.2323869e+01  -1.4000000e+02   1.8129645e+01   2.1295052e+00  -3.8983568e+01   4.4320179e+01
   2.4972286e+01   4.0853892e+01  -1.4000000e+02   1.8930442e+01   3.6616308e+00  -3.8304028e+01   4.1682843e+01
   2.4854738e+01   4.1939968e+01  -1.4000000e+02   2.0517470e+01   7.8556948e+00  -3.8043455e+01   3.9288996e+01
   2.5012348e+01   4.2166962e+01  -1.4000000e+02   2.1829623e+01   6.5798637e+00  -3.7365248e+01   3.2539549e+01
   2.4315763e+01   4.2548663e+01  -1.4000000e+02   2.3680364e+01   8.7637751e+00  -3.6892027e+01   2.9243856e+01
   2.6374570e+01   4.0898790e+01  -1.4000000e+02   2.7392205e+01   6.6998786e+00  -3.8134483e+01   2.4067018e+01
   2.7352295e+01   4.4475294e+01  -1.4000000e+02   3.0518851e+01   8.2195890e+00  -3.7333301e+01   2.1794385e+01
   2.7616759e+01   4.5772414e+01  -1.4000000e+02   3.2575963e+01   9.4742101e+00  -3.7102511e+01   1.7455625e+01
   2.8403782e+01   4.4062495e+01  -1.4000000e+02   3.3802346e+01   1.1120778e+01  -3.7754474e+01   1.5189171e+01
   2.9265036e+01   4.5443018e+01  -1.4000000e+02   3.5785979e+01   1.3039076e+01  -3.6222046e+01   1.2180876e+01
   3.0808852e+01   4.6143937e+01  -1.4000000e+02   3.7384450e+01   1.3016179e+01  -3.5128697e+01   6.8693361e+00
   3.2141986e+01   4.8134753e+01  -1.4000000e+02   4.0316748e+01   1.6077121e+01  -3.2808430e+01   7.7389509e-01
   3.4243126e+01   4.9611371e+01  -1.4000000e+02   4.3733815e+01   1.8808753e+01  -3.1315158e+01  -3.1294743e+00
   3.5828881e+01   5.1059179e+01  -1.4000000e+02   4.8336209e+01   1.9362498e+01  -3.1161317e+01  -1.0606847e+01
   3.8010596e+01   5.3169622e+01  -1.4000000e+02   5.3568596e+01   1.9593287e+01  -3.1681466e+01  -1.6070589e+01
   3.8476915e+01   5.3472513e+01  -1.4000000e+02   5.6944383e+01   2.1626856e+01  -3.2372156e+01  -1.8973458e+01
   3.8797194e+01   5.4616772e+01  -1.4000000e+02   5.7765615e+01   2.7701231e+01  -3.0497454e+01  -1.7249108e+01
   3.7272668e+01   5.3005498e+01  -1.4000000e+02   5.5703736e+01   2.6987585e+01  -3.1282004e+01  -1.5478222e+01
   3.3920703e+01   5.2673168e+01  -1.4000000e+02   4.9111903e+01   2.7318589e+01  -3.3069401e+01  -6.5016752e+00
   3.1324534e+01   4.7296383e+01  -1.4000000e+02   4.1350122e+01   2.1055956e+01  -3.8852643e+01   6.7193132e-01
   2.9205140e+01   4.2972292e+01  -1.4000000e+02   3.4467642e+01   1.4044455e+01  -4.2629337e+01   6.2115984e+00
   2.8069016e+01   4.1152537e+01  -1.4000000e+02   2.9357109e+01   8.3016805e+00  -4.4566895e+01   1.1334552e+01
   2.7824193e+01   4.1596889e+01  -1.4000000e+02   2.5398878e+01   1.3050344e+00  -4.6189924e+01   1.8057227e+01
   2.5485884e+01   4.0649482e+01  -1.4000000e+02   2.2241380e+01  -1.5856679e+00  -4.8943155e+01   2.7660457e+01
   2.3683058e+01   3.9345733e+01  -1.4000000e+02   2.0332858e+01  -4.4468982e+00  -5.0223717e+01   3.8527289e+01
   2.0804395e+01   3.6054390e+01  -1.4000000e+02   1.8024406e+01  -8.9638562e+00  -5.1714714e+01   4.8794601e+01
   1.9675818e+01   3.2629407e+01  -1.4000000e+02   1.6023201e+01  -1.2131017e+01  -5.2685431e+01   5.6347080e+01
   2.0428124e+01   3.3719475e+01  -1.4000000e+02   1.5623387e+01  -1.2026290e+01  -5.2065031e+01   5.8609676e+01
   2.0597763e+01   3.5145695e+01  -1.4000000e+02   1.6172890e+01  -9.6843746e+00  -5.0770102e+01   5.6757696e+01
   2.0898808e+01   3.5950168e+01  -1.4000000e+02   1.7484390e+01  -9.7702803e+00  -4.8812254e+01   5.3042267e+01
   2.2221431e+01   3.7918024e+01  -1.4000000e+02   1.8754309e+01  -8.3798519e+00  -4.6376213e+01   5.0040603e+01
   2.3334988e+01   3.9609313e+01  -1.4000000e+02   1.8655988e+01  -6.6336227e+00  -4.5233773e+01   4.8553220e+01
   2.4771595e+01   4.2468479e+01  -1.4000000e+02   2.0541276e+01  -3.6521076e+00  -4.2090884e+01   4.6746271e+01
   2.3146962e+01   4.3899998e+01  -1.4000000e+02   2.1138851e+01  -1.0001109e+00  -4.0970851e+01   4.4175508e+01
   2.2553648e+01   4.4105877e+01  -1.4000000e+02   2.1529584e+01   5.9501595e-01  -3.9886298e+01   4.2320110e+01
   2.2740537e+01   4.4500899e+01  -1.4000000e+02   2.2394653e+01   2.3960220e+00  -3.9462620e+01   4.0502721e+01
   2.5556730e+01   4.3442114e+01  -1.4000000e+02   2.2532637e+01   2.7495336e+00  -3.9118287e+01   3.7860611e+01
   2.6367591e+01   4.2192840e+01  -1.4000000e+02   2.2951630e+01   4.4365236e+00  -3.9429869e+01   3.6665951e+01
   2.6594769e+01   4.1453429e+01  -1.4000000e+02   2.3772086e+01   4.7729339e+00  -3.9399029e+01   3.3342533e+01
   2.8290534e+01   4.2625261e+01  -1.4000000e+02   2.5322745e+01   7.1838138e+00  -3.8067964e+01   3.0801882e+01
   2.7141617e+01   4.3151291e+01  -1.4000000e+02   2.7231819e+01   1.0154611e+01  -3.7744971e+01   2.8417497e+01
   2.7399507e+01   4.3700890e+01  -1.4000000e+02   2.8889030e+01   1.1816934e+01  -3.7292770e+01   2.6390731e+01
   2.7465876e+01   4.2556519e+01  -1.4000000e+02   3.0713434e+01   1.3110351e+01  -3.7599318e+01   2.2114407e+01
   2.8336960e+01   4.4385230e+01  -1.4000000e+02   3.2767534e+01   1.4643411e+01  -3.6594667e+01   1.7577007e+01
   3.0062149e+01   4.5465376e+01  -1.4000000e+02   3.5027979e+01   1.5978193e+01  -3.5475093e+01   1.3323434e+01
   3.2997734e+01   4.5278660e+01  -1.4000000e+02   3.8244600e+01   1.4412582e+01  -3.5461480e+01   6.1984864e+00
   3.2617775e+01   4.5673583e+01  -1.4000000e+02   4.0365949e+01   1.8763563e+01  -3.3774532e+01   2.3829233e+00
   3.3241605e+01   4.7395787e+01  -1.4000000e+02   4.2108756e+01   2.0599005e+01  -3.1344450e+01  -1.8107687e+00
   3.4665046e+01   5.2303230e+01  -1.4000000e+02   4.6288534e+01   2.4225504e+01  -2.8515345e+01  -9.4760399e+00
   3.8451453e+01   4.7660466e+01  -1.4000000e+02   4.9727778e+01   1.9269232e+01  -3.1199590e+01  -1.4043840e+01
   3.8733400e+01   4.8526671e+01  -1.4000000e+02   4.9707272e+01   2.0761972e+01  -2.8247892e+01  -1.8438875e+01
   3.8883659e+01   5.3021407e+01  -1.4000000e+02   5.2211076e+01   2.4643569e+01  -2.5986586e+01  -2.2699888e+01
   3.5286328e+01   5.4021658e+01  -1.4000000e+02   5.0924618e+01   3.0640507e+01  -2.9792555e+01  -2.2036412e+01
   3.3926913e+01   5.1905535e+01  -1.4000000e+02   4.5817840e+01   2.6628968e+01  -3.2677785e+01  -2.4275744e+01
   3.2490061e+01   4.8550354e+01  -1.4000000e+02   4.0997752e+01   2.1356695e+01  -3.5492167e+01  -2.1506731e+01
   3.1015293e+01   4.4789749e+01  -1.4000000e+02   3.7103813e+01   1.6728197e+01  -3.7507650e+01  -1.2803054e+01
   2.8467966e+01   3.9223534e+01  -1.4000000e+02   3.1634654e+01   1.1366395e+01  -4.0988826e+01  -2.6455372e+00
   2.4526322e+01   3.7257470e+01  -1.4000000e+02   2.6796993e+01   5.2949954e+00  -4.3656541e+01   5.7501410e+00
   2.1056278e+01   3.7620523e+01  -1.4000000e+02   2.3475978e+01  -1.0290195e+00  -4.5747953e+01   1.1886027e+01
   2.2169686e+01   3.3617829e+01  -1.4000000e+02   1.8831426e+01  -6.9989162e+00  -4.9746081e+01   2.0738569e+01
   2.2759466e+01   3.3756719e+01  -1.4000000e+02   1.6121614e+01  -7.2114906e+00  -5.1115492e+01   3.2041105e+01
   2.1949045e+01   3.6124612e+01  -1.4000000e+02   1.4755150e+01  -1.0699449e+01  -5.1940352e+01   4.2288761e+01
   2.2736165e+01   3.3890601e+01  -1.4000000e+02   1.2386825e+01  -1.3665228e+01  -5.3659622e+01   5.2101242e+01
   2.2452350e+01   3.2125218e+01  -1.4000000e+02   1.1226971e+01  -1.8490738e+01  -5.4303001e+01   5.6941956e+01
   2.2307857e+01   3.2924592e+01  -1.4000000e+02   1.2453738e+01  -1.9406264e+01  -5.3198408e+01   5.6372882e+01
   2.2978391e+01   3.4646377e+01  -1.4000000e+02   1.4331805e+01  -1.6041856e+01  -5.1166279e+01   5.8152487e+01
   2.2571882e+01   3.7175150e+01  -1.4000000e+02   1.6710833e+01  -1.3161292e+01  -4.8988557e+01   5.3124231e+01
   2.3247858e+01   3.8989657e+01  -1.4000000e+02   1.7911882e+01  -1.0461099e+01  -4.7952609e+01   5.1840847e+01
   2.5411468e+01   3.8758973e+01  -1.4000000e+02   1.8215172e+01  -8.3485511e+00  -4.7602047e+01   5.3080012e+01
   2.3683492e+01   4.0681608e+01  -1.4000000e+02   1.8734888e+01  -5.2638482e+00  -4.6400146e+01   5.2271104e+01
   2.1867895e+01   4.1509066e+01  -1.4000000e+02   1.9319529e+01  -3.3999345e+00  -4.5077042e+01   4.6165041e+01
   2.2660047e+01   4.1255514e+01  -1.4000000e+02   1.9438699e+01  -4.6365482e-01  -4.3791454e+01   4.5888363e+01
   2.2348262e+01   4.1399206e+01  -1.4000000e+02   1.9737401e+01   2.5873343e+00  -4.2556772e+01   4.6098533e+01
   2.2236133e+01   4.1782215e+01  -1.4000000e+02   2.0572253e+01   3.2079551e+00  -4.1895572e+01   4.3514920e+01
   2.3527516e+01   4.4024348e+01  -1.4000000e+02   2.2419696e+01   6.1637297e+00  -4.1348783e+01   4.1460075e+01
   2.4553692e+01   4.5012860e+01  -1.4000000e+02   2.4392335e+01   6.9114225e+00  -4.0152054e+01   3.9009154e+01
   2.5905054e+01   4.4431510e+01  -1.4000000e+02   2.5849705e+01   6.2051033e+00  -3.9264626e+01   3.4058470e+01
   2.7359849e+01   4.4080571e+01  -1.4000000e+02   2.7935546e+01   6.4358410e+00  -3.9327511e+01   3.1099325e+01
   2.9861805e+01   4.9131992e+01  -1.4000000e+02   3.0676939e+01   7.2110749e+00  -3.7528171e+01   2.7990739e+01
   2.9412278e+01   4.6252921e+01  -1.4000000e+02   3.2434866e+01   7.5494205e+00  -3.9223614e+01   2.4519255e+01
   2.8643820e+01   4.5532500e+01  -1.4000000e+02   3.4375936e+01   1.0069441e+01  -3.9905577e+01   2.1261392e+01
   2.9488484e+01   4.5461777e+01  -1.4000000e+02   3.6020019e+01   1.1780567e+01  -3.8849059e+01   1.7224597e+01
   3.0393476e+01   4.5093455e+01  -1.4000000e+02   3.7620156e+01   1.2638537e+01  -3.7442790e+01   1.2994126e+01
   3.1411434e+01   4.7040900e+01  -1.4000000e+02   3.9552210e+01   1.4237337e+01  -3.6069983e+01   7.4236496e+00
   3.1128222e+01   4.6506046e+01  -1.4000000e+02   4.2055301e+01   1.7465001e+01  -3.5874790e+01   2.9302347e+00
   3.1582922e+01   5.1366815e+01  -1.4000000e+02   4.3763251e+01   2.2292023e+01  -3.1775415e+01  -1.6179646e+00
   3.4358940e+01   5.1959533e+01  -1.4000000e+02   4.6368665e+01   2.2337888e+01  -3.0356839e+01  -7.8660530e+00
   3.4464640e+01   5.3115537e+01  -1.4000000e+02   4.9167914e+01   2.4407321e+01  -2.9580677e+01  -1.3316253e+01
   3.5052451e+01   5.5462258e+01  -1.4000000e+02   5.0337745e+01   2.6692755e+01  -2.8628978e+01  -1.4156732e+01
   3.4399403e+01   5.1251836e+01  -1.4000000e+02   4.5978672e+01   2.4638515e+01  -3.2203659e+01  -1.2249825e+01
   3.2317764e+01   4.6409327e+01  -1.4000000e+02   4.0107647e+01   2.1765706e+01  -3.6029022e+01  -1.0339960e+01
   3.1291689e+01   4.1308315e+01  -1.4000000e+02   3.4268673e+01   1.7319293e+01  -3.9290474e+01  -4.3603735e+00
   2.9302426e+01   4.1050647e+01  -1.4000000e+02   2.9503257e+01   1.2402433e+01  -4.1433417e+01   1.8080494e+00
   2.9047016e+01   4.3057956e+01  -1.4000000e+02   2.7605396e+01   5.4112455e+00  -4.3386359e+01   7.3508068e+00
   2.8847351e+01   4.1568860e+01  -1.4000000e+02   2.4078323e+01   2.1945878e-01  -4.6203208e+01   1.4465341e+01
   2.6467463e+01   4.0732009e+01  -1.4000000e+02   2.1806431e+01  -3.1710688e+00  -4.8758910e+01   2.1847923e+01
   2.6613639e+01   3.7416905e+01  -1.4000000e+02   1.8861163e+01  -6.0738772e+00  -5.1892100e+01   3.1482988e+01
   2.4688668e+01   3.8627586e+01  -1.4000000e+02   1.8811518e+01  -9.0974310e+00  -5.2510788e+01   3.7769604e+01
   2.1527042e+01   3.9198981e+01  -1.4000000e+02   1.8285069e+01  -1.0655601e+01  -5.3320277e+01   4.4718975e+01
   2.1145781e+01   3.6310228e+01  -1.4000000e+02   1.7093852e+01  -1.1906955e+01  -5.4462086e+01   5.2348780e+01
   2.1029270e+01   3.6989950e+01  -1.4000000e+02   1.7600535e+01  -1.1992916e+01  -5.2938079e+01   5.8553450e+01
   2.0693392e+01   3.8202472e+01  -1.4000000e+02   1.8492326e+01  -1.0561351e+01  -5.1040940e+01   5.7814116e+01
   2.1961694e+01   3.5554207e+01  -1.4000000e+02   1.7520882e+01  -8.9426714e+00  -5.0566054e+01   5.5369625e+01
   2.2951266e+01   3.5775304e+01  -1.4000000e+02   1.7213388e+01  -8.7671180e+00  -4.8292721e+01   5.2606295e+01
   2.2219519e+01   3.7867935e+01  -1.4000000e+02   1.8600977e+01  -8.4031605e+00  -4.5811424e+01   4.8791496e+01
   2.4368622e+01   3.9178771e+01  -1.4000000e+02   1.8931002e+01  -5.5756282e+00  -4.4442071e+01   4.9030708e+01
   2.4682876e+01   4.1375707e+01  -1.4000000e+02   1.9571570e+01  -3.4708810e+00  -4.2643675e+01   4.7564541e+01
   2.3907642e+01   4.3138007e+01  -1.4000000e+02   2.0189367e+01  -5.7578356e-01  -4.0729418e+01   4.7196090e+01
   2.4459589e+01   4.2542411e+01  -1.4000000e+02   1.9157738e+01   9.2607137e-01  -4.0424688e+01   4.7291227e+01
   2.4073302e+01   4.3843499e+01  -1.4000000e+02   2.0192878e+01   3.1301680e+00  -3.9969346e+01   4.6294934e+01
   2.4091138e+01   4.6544362e+01  -1.4000000e+02   2.2169991e+01   5.4326788e+00  -3.8952831e+01   4.3650707e+01
   2.3605572e+01   4.6214983e+01  -1.4000000e+02   2.3679298e+01   5.5654685e+00  -3.9026723e+01   3.9427762e+01
   2.6981814e+01   4.4870555e+01  -1.4000000e+02   2.4925639e+01   6.6255246e+00  -3.8498595e+01   3.8369777e+01
   2.8511567e+01   4.4874001e+01  -1.4000000e+02   2.6693042e+01   6.0024413e+00  -3.8518776e+01   3.5569905e+01
   2.9449947e+01   4.5621357e+01  -1.4000000e+02   2.9971986e+01   4.1894761e+00  -3.8778958e+01   3.1606029e+01
   2.8696148e+01   4.5005947e+01  -1.4000000e+02   3.2086381e+01   6.8702167e+00  -3.9864402e+01   3.0032253e+01
   2.9543037e+01   4.7883380e+01  -1.4000000e+02   3.4018128e+01   7.8199197e+00  -3.9125308e+01   2.7106314e+01
   2.8641738e+01   4.3061236e+01  -1.4000000e+02   3.3850841e+01   8.3591386e+00  -3.9980968e+01   2.3694125e+01
   2.8248439e+01   4.3471525e+01  -1.4000000e+02   3.4739643e+01   9.2964934e+00  -3.8228530e+01   1.7571443e+01
   2.8929579e+01   4.4442188e+01  -1.4000000e+02   3.6606513e+01   1.0577128e+01  -3.6792390e+01   1.4572961e+01
   3.0192744e+01   4.7125848e+01  -1.4000000e+02   3.8695021e+01   1.2848298e+01  -3.5244583e+01   1.0113657e+01
   3.1577052e+01   4.8996614e+01  -1.4000000e+02   4.1349184e+01   1.5012042e+01  -3.4206757e+01   6.6599876e+00
   3.1363030e+01   4.9865217e+01  -1.4000000e+02   4.3317918e+01   1.7428819e+01  -3.3350407e+01   2.0065287e+00
   3.3213123e+01   5.1171695e+01  -1.4000000e+02   4.5236758e+01   1.7954430e+01  -3.1928070e+01  -2.4565410e+00
   3.3863090e+01   5.1539472e+01  -1.4000000e+02   4.6104764e+01   2.0718643e+01  -2.9805465e+01  -7.2104007e+00
   3.5239353e+01   5.1388500e+01  -1.4000000e+02   4.8436908e+01   2.2441356e+01  -2.9339565e+01  -1.1858926e+01
   3.4522927e+01   5.2618884e+01  -1.4000000e+02   5.0228803e+01   2.4733600e+01  -2.9018566e+01  -1.6244669e+01
   3.1937208e+01   4.9506005e+01  -1.4000000e+02   4.4249568e+01   2.4114857e+01  -3.2266522e+01  -1.5255743e+01
   3.1541972e+01   4.3706681e+01  -1.4000000e+02   3.7569289e+01   2.1544345e+01  -3.6318163e+01  -1.0225096e+01
   2.9323324e+01   3.7753382e+01  -1.4000000e+02   3.0925630e+01   1.7232996e+01  -4.0051313e+01  -4.2856548e+00
   2.9903670e+01   3.5293900e+01  -1.4000000e+02   2.5709185e+01   1.0915047e+01  -4.2322956e+01   3.2337923e+00
   2.5949378e+01   3.8322703e+01  -1.4000000e+02   2.2185579e+01   5.2574168e+00  -4.3348571e+01   9.9726748e+00
   2.2219536e+01   3.6514440e+01  -1.4000000e+02   1.9072434e+01  -7.9866268e-01  -4.5872187e+01   1.6259842e+01
   2.0407875e+01   3.5644030e+01  -1.4000000e+02   1.5924457e+01  -7.2308124e+00  -4.8017439e+01   2.4858149e+01
   2.4184777e+01   3.5417031e+01  -1.4000000e+02   1.3807941e+01  -1.1080031e+01  -4.9601760e+01   3.4561724e+01
   2.7277540e+01   3.2830142e+01  -1.4000000e+02   1.1973522e+01  -1.6661849e+01  -5.2064075e+01   4.3934776e+01
   2.3666944e+01   3.1822284e+01  -1.4000000e+02   1.0409006e+01  -1.7799113e+01  -5.2823724e+01   5.4194214e+01
   2.1933966e+01   3.2910386e+01  -1.4000000e+02   1.1853973e+01  -1.7760858e+01  -5.0658436e+01   5.7532077e+01
   2.1623821e+01   3.5772687e+01  -1.4000000e+02   1.3852984e+01  -1.4604317e+01  -4.7840376e+01   5.9510335e+01
   2.2277981e+01   3.8459267e+01  -1.4000000e+02   1.5653946e+01  -1.1495128e+01  -4.6038682e+01   5.7223096e+01
   2.2820057e+01   4.0032335e+01  -1.4000000e+02   1.7263947e+01  -8.9202139e+00  -4.4409213e+01   5.5872795e+01
   2.2246603e+01   4.2339314e+01  -1.4000000e+02   1.8932984e+01  -6.9966696e+00  -4.2781866e+01   5.1956472e+01
   2.3106140e+01   4.3405071e+01  -1.4000000e+02   2.0075758e+01  -6.3281102e+00  -4.1550905e+01   4.7056771e+01
   2.2538224e+01   4.4203022e+01  -1.4000000e+02   2.0045784e+01  -2.9143661e+00  -4.0849348e+01   4.7190904e+01
   2.3193327e+01   4.6476457e+01  -1.4000000e+02   2.1384027e+01   1.4850353e+00  -3.8380090e+01   4.5421292e+01
   2.3343618e+01   4.6440508e+01  -1.4000000e+02   2.1978046e+01   4.0114030e+00  -3.7138181e+01   4.4548793e+01
   2.5124306e+01   4.2736771e+01  -1.4000000e+02   2.1574727e+01   4.7207871e+00  -3.8090408e+01   4.2496787e+01
   2.5141359e+01   4.1713973e+01  -1.4000000e+02   2.2102211e+01   6.1832486e+00  -3.7958218e+01   3.8318393e+01
   2.4864050e+01   4.3996467e+01  -1.4000000e+02   2.3916491e+01   6.9920853e+00  -3.5807689e+01   3.3825652e+01
   2.5100296e+01   4.4927498e+01  -1.4000000e+02   2.6476599e+01   9.5897886e+00  -3.5040284e+01   3.0336708e+01
   2.8282577e+01   4.7470441e+01  -1.4000000e+02   2.9693125e+01   1.0807711e+01  -3.4627495e+01   2.7950499e+01
   2.7512762e+01   4.4123961e+01  -1.4000000e+02   3.1330194e+01   1.0354020e+01  -3.6594774e+01   2.5357666e+01
   2.7366863e+01   4.5801611e+01  -1.4000000e+02   3.3542189e+01   1.2120893e+01  -3.5886770e+01   1.9433299e+01
   2.9362111e+01   4.5979474e+01  -1.4000000e+02   3.5926016e+01   1.2672426e+01  -3.5387117e+01   1.6532631e+01
   3.0131596e+01   4.5690919e+01  -1.4000000e+02   3.8915006e+01   1.4437552e+01  -3.6070115e+01   1.1776575e+01
   3.2602295e+01   4.5602801e+01  -1.4000000e+02   4.1661137e+01   1.3871561e+01  -3.6061689e+01   7.9630306e+00
   3.3010601e+01   4.9468043e+01  -1.4000000e+02   4.2469137e+01   1.6852363e+01  -3.2769548e+01   3.4630831e+00
   3.3427059e+01   5.3627459e+01  -1.4000000e+02   4.3991255e+01   2.1287937e+01  -2.8827085e+01  -1.9641200e+00
   3.3431727e+01   5.5011583e+01  -1.4000000e+02   4.6833648e+01   2.3998047e+01  -2.7778950e+01  -8.4632120e+00
   3.4723009e+01   5.4391779e+01  -1.4000000e+02   4.8875837e+01   2.5859981e+01  -2.7036450e+01  -1.2412986e+01
   3.6187845e+01   5.3553463e+01  -1.4000000e+02   5.0703058e+01   2.4439660e+01  -2.6309084e+01  -1.7844870e+01
   3.5799600e+01   5.2899292e+01  -1.4000000e+02   5.0637087e+01   2.6395305e+01  -2.5141267e+01  -1.8699509e+01
   3.4007901e+01   5.4320604e+01  -1.4000000e+02   4.7463545e+01   3.0085749e+01  -2.7226691e+01  -1.4916639e+01
   3.1237795e+01   5.3210168e+01  -1.4000000e+02   4.2557841e+01   2.7784699e+01  -3.0231335e+01  -9.5929306e+00
   2.9678303e+01   4.7685512e+01  -1.4000000e+02   3.6725573e+01   2.0284450e+01  -3.4594436e+01  -2.8813673e+00
   2.6780427e+01   4.3656455e+01  -1.4000000e+02   3.1391016e+01   1.4566795e+01  -3.8006579e+01   4.4554055e+00
   2.6237469e+01   4.2445989e+01  -1.4000000e+02   2.7237458e+01   1.0644310e+01  -3.9895256e+01   1.1080387e+01
   2.5637579e+01   4.1813705e+01  -1.4000000e+02   2.3696555e+01   2.8063116e+00  -4.3027546e+01   1.4429020e+01
   2.4326846e+01   4.2363886e+01  -1.4000000e+02   2.1223107e+01  -9.6324558e-01  -4.6292814e+01   2.1742257e+01
   2.2743624e+01   4.0790724e+01  -1.4000000e+02   1.8887580e+01  -6.1047475e+00  -4.9260834e+01   3.1142826e+01
   2.2680112e+01   4.0112793e+01  -1.4000000e+02   1.6825132e+01  -9.1984458e+00  -5.1646490e+01   4.1150251e+01
   2.2324516e+01   3.8715074e+01  -1.4000000e+02   1.5461685e+01  -1.2411463e+01  -5.3523022e+01   4.9833963e+01
   2.1261974e+01   3.5905927e+01  -1.4000000e+02   1.4357908e+01  -1.4994521e+01  -5.4549494e+01   5.9286740e+01
   2.1362735e+01   3.2903967e+01  -1.4000000e+02   1.4602557e+01  -1.7893583e+01  -5.4718806e+01   6.2369176e+01
   2.1431850e+01   3.6157290e+01  -1.4000000e+02   1.6817955e+01  -1.7736078e+01  -5.2071159e+01   6.0598926e+01
   2.1198048e+01   3.7811031e+01  -1.4000000e+02   1.8542953e+01  -1.7068403e+01  -5.0314356e+01   5.7641028e+01
   2.1146896e+01   3.6893647e+01  -1.4000000e+02   1.8588154e+01  -1.4901289e+01  -4.9902292e+01   5.6731579e+01
   2.1627709e+01   3.6812490e+01  -1.4000000e+02   1.9064025e+01  -1.4196468e+01  -4.8182443e+01   5.3521218e+01
   2.2204934e+01   3.8297034e+01  -1.4000000e+02   1.9057552e+01  -1.2185285e+01  -4.6308378e+01   5.1286247e+01
   2.2783196e+01   3.7829157e+01  -1.4000000e+02   1.8569731e+01  -1.1351132e+01  -4.5051461e+01   4.8926436e+01
   2.3970727e+01   3.9562599e+01  -1.4000000e+02   1.8387202e+01  -9.0616294e+00  -4.3088504e+01   4.9460270e+01
   2.3877612e+01   4.3086002e+01  -1.4000000e+02   1.9445902e+01  -6.5599020e+00  -4.0611891e+01   4.7082084e+01
   2.3634481e+01   4.4472076e+01  -1.4000000e+02   1.9974707e+01  -3.4872543e+00  -3.8861992e+01   4.8310146e+01
   2.3624265e+01   4.5111734e+01  -1.4000000e+02   1.9529319e+01  -9.3575341e-01  -3.8040328e+01   4.8853580e+01
   2.5537101e+01   4.4594253e+01  -1.4000000e+02   1.8990148e+01   3.4675811e-01  -3.7372267e+01   4.9239846e+01
   2.5423145e+01   4.1883536e+01  -1.4000000e+02   1.8634261e+01   2.6408266e-01  -3.8106110e+01   4.7276029e+01
   2.4110911e+01   4.2953911e+01  -1.4000000e+02   2.0471518e+01   3.0274445e+00  -3.7911919e+01   4.5642071e+01
   2.4480859e+01   4.4803542e+01  -1.4000000e+02   2.2176586e+01   4.9357085e+00  -3.7443088e+01   4.4710599e+01
   2.3927177e+01   4.7408266e+01  -1.4000000e+02   2.3595488e+01   7.9154662e+00  -3.6249433e+01   4.1966781e+01
   2.4107461e+01   4.8881320e+01  -1.4000000e+02   2.4786625e+01   1.0563797e+01  -3.5544250e+01   3.9409795e+01
   2.5942838e+01   4.9410176e+01  -1.4000000e+02   2.7412452e+01   8.6426889e+00  -3.4596457e+01   3.4962505e+01
   2.6085301e+01   5.0272194e+01  -1.4000000e+02   2.9300205e+01   1.0074962e+01  -3.4598173e+01   3.2315876e+01
   2.7076692e+01   4.8650635e+01  -1.4000000e+02   3.0575943e+01   9.6835503e+00  -3.4898461e+01   2.8953164e+01
   2.7143770e+01   4.8166757e+01  -1.4000000e+02   3.1894214e+01   1.1067830e+01  -3.4516741e+01   2.5440367e+01
   2.5455869e+01   4.9373185e+01  -1.4000000e+02   3.3155613e+01   1.4354658e+01  -3.3044185e+01   2.0917054e+01
   2.5952087e+01   4.8351207e+01  -1.4000000e+02   3.4713297e+01   1.7199921e+01  -3.2196918e+01   1.7716800e+01
   2.6952659e+01   4.5894621e+01  -1.4000000e+02   3.5586111e+01   1.7478655e+01  -3.2303886e+01   1.4121342e+01
   2.8411135e+01   4.9296853e+01  -1.4000000e+02   3.7712698e+01   1.9289349e+01  -2.9437425e+01   8.1394652e+00
   2.9891734e+01   4.8880586e+01  -1.4000000e+02   3.9352678e+01   1.9125714e+01  -2.8389578e+01   3.5544687e+00
   3.2107368e+01   5.1138591e+01  -1.4000000e+02   4.2239217e+01   2.0568135e+01  -2.6456008e+01  -3.4643523e+00
   3.1297936e+01   5.0920332e+01  -1.4000000e+02   4.4286516e+01   2.3228600e+01  -2.6526005e+01  -7.0238420e+00
   3.1383325e+01   4.8794657e+01  -1.4000000e+02   4.1971854e+01   2.3851460e+01  -2.8020208e+01  -5.5886375e+00
   3.0525932e+01   4.8067608e+01  -1.4000000e+02   3.8150771e+01   2.1864564e+01  -3.2048433e+01  -6.5456888e+00
   2.9329027e+01   4.4919693e+01  -1.4000000e+02   3.2525999e+01   1.9505907e+01  -3.6685769e+01  -5.7803877e+00
   3.2107460e+01   3.7975852e+01  -1.4000000e+02   2.6038562e+01   1.1042141e+01  -4.1326110e+01  -6.8694097e+00
   3.0768241e+01   3.6876186e+01  -1.4000000e+02   2.1215298e+01   4.6985902e+00  -4.2522994e+01  -5.0470632e+00
   2.9169348e+01   3.7686968e+01  -1.4000000e+02   1.8940230e+01   6.3968074e-01  -4.3660469e+01   1.5807706e+00
   2.4298376e+01   3.5893791e+01  -1.4000000e+02   1.6310587e+01  -3.8144522e+00  -4.6133581e+01   8.9774687e+00
   2.3017197e+01   3.3524449e+01  -1.4000000e+02   1.4143440e+01  -7.6443195e+00  -4.7718968e+01   1.7637110e+01
   2.5309657e+01   3.2036266e+01  -1.4000000e+02   1.2606844e+01  -1.2826772e+01  -4.8506011e+01   2.7553814e+01
   2.4821556e+01   3.4549222e+01  -1.4000000e+02   1.3117392e+01  -1.4763690e+01  -4.6933194e+01   3.8323989e+01
   2.3600794e+01   3.4433604e+01  -1.4000000e+02   1.2478882e+01  -1.7508478e+01  -4.6169237e+01   4.7173903e+01
   2.2462188e+01   3.2820910e+01  -1.4000000e+02   1.1689902e+01  -1.7422938e+01  -4.6359577e+01   5.5716923e+01
   2.2318112e+01   3.6605236e+01  -1.4000000e+02   1.2930481e+01  -1.4496580e+01  -4.4772018e+01   5.6858095e+01
   2.3702679e+01   3.7809732e+01  -1.4000000e+02   1.3648015e+01  -1.1243613e+01  -4.4664917e+01   5.6399660e+01
   2.1859382e+01   4.0046632e+01  -1.4000000e+02   1.5320393e+01  -7.2850687e+00  -4.3421740e+01   5.5815794e+01
   2.1685304e+01   3.9304906e+01  -1.4000000e+02   1.5838106e+01  -4.9282956e+00  -4.3268905e+01   5.4925512e+01
   2.1496919e+01   4.0782727e+01  -1.4000000e+02   1.6310882e+01  -2.7131058e+00  -4.2080981e+01   5.2187148e+01
   2.1997343e+01   4.1531113e+01  -1.4000000e+02   1.7020610e+01  -1.4623053e+00  -4.0946637e+01   5.1073512e+01
   2.1056083e+01   4.4066162e+01  -1.4000000e+02   1.7705279e+01  -5.8128454e-01  -3.9444858e+01   4.6384801e+01
   2.3393178e+01   4.4441576e+01  -1.4000000e+02   1.8330622e+01   2.7161111e+00  -3.7821430e+01   4.7447114e+01
   2.2351643e+01   4.5674214e+01  -1.4000000e+02   1.9413383e+01   4.8979689e+00  -3.6710548e+01   4.5811824e+01
   2.2985001e+01   4.4911487e+01  -1.4000000e+02   1.9766920e+01   5.5631896e+00  -3.6754669e+01   4.4534689e+01
   2.1841493e+01   4.7087693e+01  -1.4000000e+02   2.1782471e+01   9.4439900e+00  -3.6805695e+01   4.3317542e+01
   2.2630239e+01   4.6997126e+01  -1.4000000e+02   2.3513805e+01   1.0658871e+01  -3.6831690e+01   3.9196556e+01
   2.3777777e+01   4.8011323e+01  -1.4000000e+02   2.5302275e+01   1.0213359e+01  -3.6161568e+01   3.5133159e+01
   2.6012634e+01   5.0483714e+01  -1.4000000e+02   2.7615295e+01   9.3760747e+00  -3.4379522e+01   3.2410243e+01
   2.6964171e+01   5.0258491e+01  -1.4000000e+02   2.9044010e+01   9.9600583e+00  -3.4494349e+01   3.0072870e+01
   2.5110006e+01   4.7437863e+01  -1.4000000e+02   2.9581415e+01   1.1879921e+01  -3.5357811e+01   2.7738185e+01
   2.5193124e+01   4.8220660e+01  -1.4000000e+02   3.1625044e+01   1.2768465e+01  -3.5149675e+01   2.3732428e+01
   2.8698488e+01   4.9665477e+01  -1.4000000e+02   3.4019579e+01   1.2365539e+01  -3.3916644e+01   1.9574725e+01
   2.7932314e+01   4.6472447e+01  -1.4000000e+02   3.4765361e+01   1.3917189e+01  -3.4061588e+01   1.6130633e+01
   2.9049087e+01   4.8946747e+01  -1.4000000e+02   3.6337675e+01   1.5794855e+01  -3.1807136e+01   1.1122717e+01
   2.9192817e+01   4.8833105e+01  -1.4000000e+02   3.7711488e+01   1.8646472e+01  -3.1065302e+01   8.3499552e+00
   2.9330689e+01   4.8088401e+01  -1.4000000e+02   3.8003973e+01   2.0210894e+01  -2.9278138e+01   3.3207187e+00
   2.9327345e+01   5.0928866e+01  -1.4000000e+02   3.8408328e+01   2.5264084e+01  -2.5916423e+01   6.8810119e-01
   3.1913592e+01   5.4387370e+01  -1.4000000e+02   4.2798115e+01   2.6579505e+01  -2.4180343e+01  -6.4145264e+00
   3.3928443e+01   5.4212221e+01  -1.4000000e+02   4.5367959e+01   2.6852007e+01  -2.4251320e+01  -1.0441282e+01
   3.4273112e+01   5.4785977e+01  -1.4000000e+02   4.6808010e+01   2.8192961e+01  -2.3300541e+01  -1.4821995e+01
   3.6084961e+01   5.5367954e+01  -1.4000000e+02   4.8913053e+01   2.7111193e+01  -2.3312847e+01  -1.8512820e+01
   3.4060844e+01   5.3757452e+01  -1.4000000e+02   4.6101939e+01   2.8236285e+01  -2.6556539e+01  -2.0085243e+01
   3.2720845e+01   4.8482144e+01  -1.4000000e+02   4.0279673e+01   2.5651450e+01  -3.0516089e+01  -1.5571237e+01
   3.0921568e+01   4.5467795e+01  -1.4000000e+02   3.5203406e+01   2.2382667e+01  -3.4709686e+01  -9.4458576e+00
   2.7994541e+01   4.2632028e+01  -1.4000000e+02   3.0028886e+01   1.8498124e+01  -3.8456859e+01  -3.5811926e+00
   2.6956410e+01   4.2061614e+01  -1.4000000e+02   2.7142850e+01   1.2046983e+01  -4.1116202e+01   2.3772935e+00
   2.3769104e+01   4.1673871e+01  -1.4000000e+02   2.4746434e+01   5.2593345e+00  -4.3127246e+01   9.2613353e+00
   2.1369815e+01   4.0071899e+01  -1.4000000e+02   2.2113456e+01  -1.8648795e+00  -4.5685512e+01   1.5574176e+01
   2.3326319e+01   3.6633458e+01  -1.4000000e+02   1.8530761e+01  -8.8463338e+00  -4.8899287e+01   2.4266310e+01
   2.3716795e+01   3.5180657e+01  -1.4000000e+02   1.6026025e+01  -1.1260949e+01  -5.0552580e+01   3.3257792e+01
   2.4106672e+01   3.2104115e+01  -1.4000000e+02   1.3670494e+01  -1.4055511e+01  -5.2959142e+01   4.0482757e+01
   2.3005389e+01   3.2219944e+01  -1.4000000e+02   1.2404824e+01  -1.3713081e+01  -5.3517612e+01   4.7662976e+01
   2.2648406e+01   3.2006499e+01  -1.4000000e+02   1.2283277e+01  -1.3382871e+01  -5.2621337e+01   5.4617461e+01
   2.1280430e+01   3.3800778e+01  -1.4000000e+02   1.4449012e+01  -1.2171193e+01  -5.0123949e+01   5.5613618e+01
   2.3038155e+01   3.5369335e+01  -1.4000000e+02   1.5144231e+01  -9.2202118e+00  -4.8885880e+01   5.6244386e+01
   2.2869612e+01   3.8228139e+01  -1.4000000e+02   1.7107215e+01  -8.3566279e+00  -4.6657488e+01   5.2137119e+01
   2.3487730e+01   3.9299228e+01  -1.4000000e+02   1.7929710e+01  -7.0211706e+00  -4.5156742e+01   5.0105427e+01
   2.3475451e+01   4.0262801e+01  -1.4000000e+02   1.8354374e+01  -7.6398190e+00  -4.3501165e+01   4.6019787e+01
   2.3120560e+01   4.1503316e+01  -1.4000000e+02   1.8312746e+01  -4.4957127e+00  -4.1745516e+01   4.5288400e+01
   2.3209924e+01   4.1487089e+01  -1.4000000e+02   1.8016045e+01   7.5082421e-01  -4.0426161e+01   4.7209632e+01
   2.4492568e+01   4.2568616e+01  -1.4000000e+02   1.7698685e+01   4.3426025e+00  -3.8660898e+01   4.7286717e+01
   2.4655453e+01   4.2581643e+01  -1.4000000e+02   1.9130284e+01   4.2051434e+00  -3.8160286e+01   4.4747538e+01
   2.5660168e+01   4.0715530e+01  -1.4000000e+02   1.9123485e+01   4.7911547e+00  -3.8330938e+01   4.3636028e+01
   2.5440623e+01   4.0580149e+01  -1.4000000e+02   2.0334297e+01   6.4656618e+00  -3.7855671e+01   3.9522920e+01
   2.6007366e+01   4.3155481e+01  -1.4000000e+02   2.2061029e+01   6.6461196e+00  -3.6105923e+01   3.4615192e+01
   2.5478657e+01   4.2415389e+01  -1.4000000e+02   2.4061440e+01   8.4664996e+00  -3.5909529e+01   3.1084401e+01
   2.8126081e+01   4.5004696e+01  -1.4000000e+02   2.6821363e+01   8.3353365e+00  -3.5345063e+01   2.7374556e+01
   2.9017761e+01   4.6730048e+01  -1.4000000e+02   2.9688421e+01   9.8192103e+00  -3.5411884e+01   2.4821311e+01
   2.8799444e+01   4.6188837e+01  -1.4000000e+02   3.2153027e+01   1.1258634e+01  -3.6428021e+01   2.0928158e+01
   2.9286284e+01   4.5406594e+01  -1.4000000e+02   3.4313521e+01   1.2440872e+01  -3.6591855e+01   1.7306991e+01
   3.0568681e+01   4.5954229e+01  -1.4000000e+02   3.6562008e+01   1.2841339e+01  -3.6000470e+01   1.4133012e+01
   3.1682864e+01   4.6932593e+01  -1.4000000e+02   3.9012176e+01   1.5923596e+01  -3.5334962e+01   1.0601038e+01
   3.4025779e+01   5.0572125e+01  -1.4000000e+02   4.2375667e+01   1.6278782e+01  -3.3600854e+01   4.1683031e+00
   3.3677232e+01   5.2983145e+01  -1.4000000e+02   4.5220097e+01   2.1024564e+01  -3.1811121e+01   1.5590866e+00
   3.4828487e+01   5.4169360e+01  -1.4000000e+02   4.6429260e+01   2.3399398e+01  -2.9724265e+01  -2.8601905e+00
   3.5608601e+01   5.7718562e+01  -1.4000000e+02   4.9342541e+01   2.8456710e+01  -2.7852936e+01  -6.7813366e+00
   3.7187279e+01   5.9758323e+01  -1.4000000e+02   5.2857734e+01   3.3744266e+01  -2.8047749e+01  -6.9844189e+00
   3.8041271e+01   5.9779619e+01  -1.4000000e+02   5.4488453e+01   3.1114471e+01  -2.7713443e+01  -1.3570927e+01
   3.4694924e+01   5.7013327e+01  -1.4000000e+02   5.0412568e+01   3.1029763e+01  -3.1687437e+01  -1.1632008e+01
   3.2550445e+01   5.0266452e+01  -1.4000000e+02   4.3120668e+01   2.4172148e+01  -3.7415647e+01  -7.0195723e+00
   3.0850520e+01   4.5791703e+01  -1.4000000e+02   3.6218223e+01   1.9732930e+01  -4.1891792e+01  -2.9860863e+00
   3.0195897e+01   4.4408427e+01  -1.4000000e+02   3.1211311e+01   1.2643779e+01  -4.4781199e+01  -1.8340094e+00
   3.1261267e+01   4.1100267e+01  -1.4000000e+02   2.6785884e+01   5.7021366e+00  -4.7690728e+01   6.5414786e+00
   2.6426650e+01   3.9923585e+01  -1.4000000e+02   2.2514268e+01  -2.2348567e-01  -5.0603703e+01   1.4405581e+01
   2.4338856e+01   3.6296815e+01  -1.4000000e+02   1.9471611e+01  -5.8728227e+00  -5.2913886e+01   2.3580094e+01
   2.4485282e+01   3.5618289e+01  -1.4000000e+02   1.7770503e+01  -1.1858669e+01  -5.3931814e+01   3.3403280e+01
   2.2957027e+01   3.6460654e+01  -1.4000000e+02   1.6325847e+01  -1.4165880e+01  -5.4423941e+01   4.2829416e+01
   2.2970905e+01   3.0792358e+01  -1.4000000e+02   1.3099947e+01  -1.5186914e+01  -5.5982958e+01   5.3731992e+01
   2.0503516e+01   3.0622946e+01  -1.4000000e+02   1.3474144e+01  -1.7574282e+01  -5.4010364e+01   5.5480157e+01
   2.0186686e+01   3.4750223e+01  -1.4000000e+02   1.6053985e+01  -1.6048489e+01  -5.0352250e+01   5.0926605e+01
   2.2384132e+01   3.4038562e+01  -1.4000000e+02   1.6039720e+01  -1.1409292e+01  -4.8435300e+01   5.3835755e+01
   2.3209502e+01   3.5256512e+01  -1.4000000e+02   1.5961156e+01  -1.0153509e+01  -4.5849815e+01   5.0204999e+01
   2.3216649e+01   3.7441363e+01  -1.4000000e+02   1.6828546e+01  -8.0072125e+00  -4.3020489e+01   4.7720192e+01
   2.4392579e+01   3.9431189e+01  -1.4000000e+02   1.7599280e+01  -4.6246954e+00  -4.0307012e+01   4.5467046e+01
   2.3043715e+01   4.2447770e+01  -1.4000000e+02   1.7922839e+01  -6.7496897e-01  -3.8097169e+01   4.3688413e+01
   2.2450847e+01   4.4450108e+01  -1.4000000e+02   1.9008053e+01   3.4964667e+00  -3.7110902e+01   4.3890362e+01
   2.1966181e+01   4.5507036e+01  -1.4000000e+02   1.9046095e+01   6.2804133e+00  -3.6860872e+01   4.3318244e+01
   2.5248059e+01   4.6121559e+01  -1.4000000e+02   1.9485848e+01   7.1080348e+00  -3.6743204e+01   4.2196540e+01
   2.6727907e+01   4.3839314e+01  -1.4000000e+02   1.9835643e+01   5.9656063e+00  -3.7522834e+01   3.9710310e+01
   2.6166470e+01   4.2408946e+01  -1.4000000e+02   2.0668604e+01   7.7423934e+00  -3.7560898e+01   3.8256496e+01
   2.5630243e+01   4.3109555e+01  -1.4000000e+02   2.2572207e+01   9.4614469e+00  -3.6427737e+01   3.3605175e+01
   2.8180593e+01   4.3007909e+01  -1.4000000e+02   2.4515577e+01   9.8194695e+00  -3.6149498e+01   3.1102003e+01
   2.9490690e+01   4.4595080e+01  -1.4000000e+02   2.7357813e+01   8.8957444e+00  -3.5744151e+01   2.6419241e+01
   2.9514477e+01   4.5939569e+01  -1.4000000e+02   3.0073393e+01   1.0370683e+01  -3.5789761e+01   2.2856494e+01
   3.1552487e+01   4.8758001e+01  -1.4000000e+02   3.3151624e+01   1.2699182e+01  -3.4575374e+01   1.9438912e+01
   3.0689546e+01   4.6219091e+01  -1.4000000e+02   3.4525847e+01   1.3977773e+01  -3.5029234e+01   1.5687750e+01
   3.3431450e+01   4.6785100e+01  -1.4000000e+02   3.7832287e+01   1.3846015e+01  -3.4968038e+01   1.0177860e+01
   3.3353278e+01   4.9530615e+01  -1.4000000e+02   3.8566603e+01   1.8443229e+01  -3.2145330e+01   7.3378227e+00
   3.2858601e+01   5.0650111e+01  -1.4000000e+02   3.9918600e+01   2.1861834e+01  -2.9627631e+01   1.8300056e+00
   3.2483141e+01   5.4894387e+01  -1.4000000e+02   4.1515288e+01   2.6601635e+01  -2.5757599e+01  -4.0156799e+00
   3.5328159e+01   5.4190940e+01  -1.4000000e+02   4.4708074e+01   2.5998726e+01  -2.5006549e+01  -9.6739668e+00
   3.7762993e+01   5.4359440e+01  -1.4000000e+02   4.7356967e+01   2.4725477e+01  -2.4597828e+01  -1.4901914e+01
   3.8637275e+01   5.4226714e+01  -1.4000000e+02   5.0367598e+01   2.5557619e+01  -2.4042364e+01  -2.0266418e+01
   3.8303089e+01   5.1933982e+01  -1.4000000e+02   5.1623308e+01   2.8182716e+01  -2.4563507e+01  -2.0839169e+01
   3.6914427e+01   5.1928373e+01  -1.4000000e+02   5.0868335e+01   3.0656256e+01  -2.6266946e+01  -1.8223747e+01
   3.4506417e+01   4.9854186e+01  -1.4000000e+02   4.5736032e+01   2.7926397e+01  -2.9386762e+01  -1.4685830e+01
   3.0861235e+01   4.9706943e+01  -1.4000000e+02   3.9620798e+01   2.6446936e+01  -3.2916415e+01  -1.0795676e+01
   3.0051953e+01   4.6058317e+01  -1.4000000e+02   3.3858992e+01   2.1544234e+01  -3.6429789e+01  -5.3445068e+00
   2.8635722e+01   4.3823993e+01  -1.4000000e+02   2.8644856e+01   1.5870050e+01  -3.9121165e+01   3.3493273e+00
   2.5572003e+01   4.3371098e+01  -1.4000000e+02   2.4564347e+01   9.2564446e+00  -4.1407171e+01   1.0368678e+01
   2.5287924e+01   3.9841998e+01  -1.4000000e+02   2.0273236e+01   2.8075846e+00  -4.4838302e+01   2.0765155e+01
   2.3154675e+01   3.6528287e+01  -1.4000000e+02   1.6636666e+01  -1.3597446e+00  -4.6846844e+01   3.2150036e+01
   2.0641575e+01   3.4908431e+01  -1.4000000e+02   1.3151477e+01  -7.6435248e+00  -4.7776487e+01   4.2229370e+01
   2.0509454e+01   3.2348136e+01  -1.4000000e+02   1.0127166e+01  -1.2019011e+01  -4.8365876e+01   5.1156572e+01
   2.0082080e+01   3.2019392e+01  -1.4000000e+02   8.8611547e+00  -1.4048960e+01  -4.7362160e+01   5.5896031e+01
   2.0161315e+01   3.2855188e+01  -1.4000000e+02   9.0211502e+00  -1.5010670e+01  -4.6090263e+01   5.5463899e+01
   1.9869986e+01   3.5035739e+01  -1.4000000e+02   1.1011444e+01  -1.3666078e+01  -4.3479206e+01   5.2437747e+01
   2.0404036e+01   3.6848122e+01  -1.4000000e+02   1.3151405e+01  -1.0289977e+01  -4.1203036e+01   5.1566756e+01
   2.0611893e+01   3.8402856e+01  -1.4000000e+02   1.4518136e+01  -7.9930008e+00  -4.0085724e+01   4.7493789e+01
   2.0571272e+01   3.8981213e+01  -1.4000000e+02   1.5582847e+01  -5.9840900e+00  -3.9371161e+01   4.6793587e+01
   2.1168368e+01   4.0896187e+01  -1.4000000e+02   1.7212873e+01  -2.1906467e+00  -3.8012804e+01   4.5904311e+01
   2.2018013e+01   4.3615899e+01  -1.4000000e+02   1.8786471e+01   7.1670012e-01  -3.6143094e+01   4.4061063e+01
   2.1822425e+01   4.4203510e+01  -1.4000000e+02   1.9763438e+01   4.0537578e+00  -3.5707640e+01   4.1638240e+01
   2.1142208e+01   4.6753578e+01  -1.4000000e+02   2.0974429e+01   9.0881386e+00  -3.4094566e+01   3.7837359e+01
   2.2625564e+01   4.2546434e+01  -1.4000000e+02   2.1563724e+01   8.1722283e+00  -3.4448396e+01   3.4712197e+01
   2.5668814e+01   3.9500386e+01  -1.4000000e+02   2.2173399e+01   7.5129918e+00  -3.4960147e+01   3.2188179e+01
   2.5725996e+01   3.9953888e+01  -1.4000000e+02   2.3476710e+01   8.0187722e+00  -3.4187306e+01   2.8444156e+01
   2.6013947e+01   4.1854515e+01  -1.4000000e+02   2.5162627e+01   9.2174213e+00  -3.2602243e+01   2.4278837e+01
   2.6370383e+01   4.3026736e+01  -1.4000000e+02   2.7108870e+01   1.0839303e+01  -3.1625687e+01   2.0075567e+01
   2.6146804e+01   4.1588254e+01  -1.4000000e+02   2.8366804e+01   1.1891962e+01  -3.1281371e+01   1.5377187e+01
   2.8779124e+01   4.5558216e+01  -1.4000000e+02   3.3013579e+01   1.4902443e+01  -3.0691971e+01   1.1532963e+01
   2.8564870e+01   4.5398305e+01  -1.4000000e+02   3.5498630e+01   1.6654207e+01  -3.1328774e+01   8.6542560e+00
   2.9396276e+01   4.5527962e+01  -1.4000000e+02   3.8111976e+01   1.8835167e+01  -3.2013586e+01   5.7651162e+00
   2.9712438e+01   4.6914583e+01  -1.4000000e+02   4.1259122e+01   2.1694870e+01  -3.1609786e+01   2.3482044e+00
   3.1771965e+01   4.9570276e+01  -1.4000000e+02   4.5497228e+01   2.2452196e+01  -3.1080274e+01  -3.7266158e+00
   3.4926184e+01   5.0941969e+01  -1.4000000e+02   4.9584911e+01   2.1867274e+01  -3.1478115e+01  -9.7502474e+00
   3.5180211e+01   5.2976359e+01  -1.4000000e+02   5.1438437e+01   2.4580001e+01  -2.9690142e+01  -1.3860285e+01
   3.7119469e+01   5.4786977e+01  -1.4000000e+02   5.3077949e+01   2.7399450e+01  -2.7219927e+01  -1.7116100e+01
   3.9049533e+01   5.6909770e+01  -1.4000000e+02   5.3846902e+01   2.8965691e+01  -2.4438228e+01  -2.1495883e+01
   4.0632194e+01   5.7963815e+01  -1.4000000e+02   5.5566246e+01   2.9893743e+01  -2.2701476e+01  -2.6197513e+01
   4.1854057e+01   5.8623223e+01  -1.4000000e+02   5.7062833e+01   2.8426248e+01  -2.1693797e+01  -3.2048393e+01
   4.2543174e+01   5.8565704e+01  -1.4000000e+02   5.8572921e+01   2.7483107e+01  -2.1617263e+01  -3.5978816e+01
   4.2988952e+01   5.8151165e+01  -1.4000000e+02   6.0368771e+01   2.8439376e+01  -2.3005862e+01  -3.6544130e+01
   4.1752074e+01   5.7761739e+01  -1.4000000e+02   5.8702428e+01   3.1322979e+01  -2.6671966e+01  -3.5307625e+01
   3.7159242e+01   5.7760556e+01  -1.4000000e+02   5.3020544e+01   3.3751728e+01  -3.1135743e+01  -3.4293812e+01
   3.3921772e+01   5.2265527e+01  -1.4000000e+02   4.5870597e+01   2.8076391e+01  -3.5916037e+01  -3.1084985e+01
   3.0051231e+01   4.6624155e+01  -1.4000000e+02   3.9234038e+01   2.1532268e+01  -4.0126755e+01  -2.3033390e+01
   2.6195175e+01   4.5687343e+01  -1.4000000e+02   3.4259585e+01   1.5123209e+01  -4.1599029e+01  -1.5158569e+01
   2.4412728e+01   4.7342845e+01  -1.4000000e+02   3.1124016e+01   9.7055822e+00  -4.1534383e+01  -6.5398116e+00
   2.1949588e+01   4.5738158e+01  -1.4000000e+02   2.6727013e+01   4.5439614e+00  -4.4279320e+01   3.4373214e+00
   2.0496275e+01   4.0397361e+01  -1.4000000e+02   2.3039445e+01   3.9356160e-01  -4.7202989e+01   1.4753827e+01
   2.1362722e+01   3.6333403e+01  -1.4000000e+02   1.9045089e+01  -1.8241233e+00  -4.9810891e+01   2.6600811e+01
   1.9641475e+01   3.4434578e+01  -1.4000000e+02   1.6707967e+01  -5.9759933e+00  -5.0657521e+01   3.8039060e+01
   1.9501082e+01   3.3202521e+01  -1.4000000e+02   1.4175267e+01  -9.0276063e+00  -5.0845007e+01   4.8691049e+01
   1.8015736e+01   3.3388934e+01  -1.4000000e+02   1.3911939e+01  -1.2168508e+01  -4.9957289e+01   5.5956741e+01
   1.8084696e+01   3.3384957e+01  -1.4000000e+02   1.4569383e+01  -1.4106038e+01  -4.9401762e+01   5.7772864e+01
   1.8972592e+01   3.5311456e+01  -1.4000000e+02   1.5147661e+01  -1.2683909e+01  -4.7715282e+01   5.7679366e+01
   1.9840546e+01   3.5536436e+01  -1.4000000e+02   1.5593861e+01  -1.2068495e+01  -4.6508257e+01   5.6298852e+01
   2.0240612e+01   3.6433979e+01  -1.4000000e+02   1.5613122e+01  -1.0915508e+01  -4.5272595e+01   5.5821353e+01
   2.0931430e+01   3.7187104e+01  -1.4000000e+02   1.6259521e+01  -9.2200715e+00  -4.3685304e+01   5.3056140e+01
   2.1215394e+01   3.7885291e+01  -1.4000000e+02   1.6852069e+01  -7.0869083e+00  -4.2046598e+01   5.0466280e+01
   2.0837067e+01   4.1913249e+01  -1.4000000e+02   1.9755700e+01  -3.4861026e+00  -3.9006070e+01   4.7426576e+01
   2.2524822e+01   4.2799792e+01  -1.4000000e+02   2.1024444e+01  -2.4469561e-01  -3.7729941e+01   4.6017453e+01
   2.3620572e+01   4.3174498e+01  -1.4000000e+02   2.2243617e+01   1.6818711e+00  -3.6783571e+01   4.3042304e+01
   2.4702008e+01   4.2104844e+01  -1.4000000e+02   2.2149355e+01   1.1932125e+00  -3.7012257e+01   3.9120686e+01
   2.5730127e+01   4.1186388e+01  -1.4000000e+02   2.1592582e+01   4.9946710e+00  -3.6216657e+01   3.8920386e+01
   2.6418526e+01   3.7565970e+01  -1.4000000e+02   2.0293365e+01   1.9539222e+00  -3.5538274e+01   3.5613880e+01
   2.5639718e+01   3.8379802e+01  -1.4000000e+02   2.0325035e+01   3.6227480e+00  -3.3589386e+01   3.3085921e+01
   2.5664488e+01   4.0849293e+01  -1.4000000e+02   2.2004811e+01   6.6910916e+00  -3.2402023e+01   3.1456239e+01
   2.7262673e+01   4.0567318e+01  -1.4000000e+02   2.4055872e+01   6.6389616e+00  -3.2377461e+01   2.7480168e+01
   2.9241581e+01   3.9448857e+01  -1.4000000e+02   2.6414466e+01   3.3130844e+00  -3.3798241e+01   2.4127562e+01
   2.9875840e+01   4.0561856e+01  -1.4000000e+02   2.8665118e+01   5.3464679e+00  -3.4046962e+01   2.3054916e+01
   2.8751038e+01   4.4640753e+01  -1.4000000e+02   3.1839818e+01   1.0279418e+01  -3.3200658e+01   2.0275643e+01
   3.0611285e+01   4.3769943e+01  -1.4000000e+02   3.4966480e+01   9.9278997e+00  -3.4756781e+01   1.7200384e+01
   2.9802358e+01   4.7633741e+01  -1.4000000e+02   3.8154454e+01   1.2395730e+01  -3.4080521e+01   1.1935847e+01
   3.1409829e+01   4.7471847e+01  -1.4000000e+02   3.9907085e+01   1.4110295e+01  -3.3929260e+01   9.6721913e+00
   3.3416541e+01   5.0246587e+01  -1.4000000e+02   4.2206669e+01   1.4413447e+01  -3.2685511e+01   4.9013586e+00
   3.2685280e+01   5.1884598e+01  -1.4000000e+02   4.3566526e+01   1.9859859e+01  -3.0464033e+01   3.0395587e+00
   3.4825504e+01   5.1834424e+01  -1.4000000e+02   4.6519523e+01   1.8955108e+01  -3.0651395e+01  -1.8678950e+00
   3.7134542e+01   5.1937043e+01  -1.4000000e+02   5.0441438e+01   1.7341354e+01  -3.2214166e+01  -8.4468939e+00
   3.8393822e+01   5.1010873e+01  -1.4000000e+02   5.3376925e+01   1.9350181e+01  -3.3653801e+01  -1.1249857e+01
   3.9400136e+01   5.2923288e+01  -1.4000000e+02   5.8276093e+01   1.9646966e+01  -3.4599780e+01  -1.7601341e+01
   4.0392728e+01   5.2610420e+01  -1.4000000e+02   6.1360240e+01   2.2126770e+01  -3.5051351e+01  -2.1665549e+01
   4.2161247e+01   5.3083383e+01  -1.4000000e+02   6.2544646e+01   2.2457430e+01  -3.3174700e+01  -2.6275310e+01
   4.2056503e+01   5.4756706e+01  -1.4000000e+02   6.4168000e+01   2.5442648e+01  -3.1912256e+01  -2.9163771e+01
   3.9484609e+01   5.4685574e+01  -1.4000000e+02   6.0146045e+01   2.8363271e+01  -3.3601645e+01  -3.0658772e+01
   3.5320604e+01   5.4608545e+01  -1.4000000e+02   5.3869066e+01   2.7816173e+01  -3.5258262e+01  -3.2588647e+01
   3.2548400e+01   4.9815059e+01  -1.4000000e+02   4.6869849e+01   2.3879523e+01  -3.8667098e+01  -2.5431581e+01
   3.0354768e+01   4.4584834e+01  -1.4000000e+02   4.0227412e+01   1.7792873e+01  -4.1516831e+01  -1.6647602e+01
   2.5647278e+01   3.9108233e+01  -1.4000000e+02   3.3271548e+01   8.6550524e+00  -4.5300728e+01  -9.5735985e+00
   2.4412361e+01   3.9486334e+01  -1.4000000e+02   2.8438653e+01   2.3263542e+00  -4.6483591e+01  -8.5785929e-01
   2.0942440e+01   3.8079622e+01  -1.4000000e+02   2.3990609e+01  -3.7323841e+00  -4.9034457e+01   8.4616975e+00
   2.2016643e+01   3.3852679e+01  -1.4000000e+02   1.9380903e+01  -8.0007889e+00  -5.1749157e+01   2.0180864e+01
   2.5450687e+01   3.3721803e+01  -1.4000000e+02   1.5495176e+01  -1.4455636e+01  -5.3541252e+01   3.1432483e+01
   2.6495172e+01   3.1099385e+01  -1.4000000e+02   1.2190053e+01  -1.7517077e+01  -5.5270868e+01   4.2261621e+01
   2.5838551e+01   2.9094408e+01  -1.4000000e+02   1.0402218e+01  -1.7381774e+01  -5.6457865e+01   5.2158613e+01
   2.4659090e+01   2.9545696e+01  -1.4000000e+02   9.6148566e+00  -1.7625747e+01  -5.6503496e+01   5.9381864e+01
   2.4431033e+01   3.0955791e+01  -1.4000000e+02   1.0308888e+01  -1.6938950e+01  -5.4806017e+01   6.1933813e+01
   2.3500361e+01   3.3768721e+01  -1.4000000e+02   1.2075519e+01  -1.5539928e+01  -5.3153864e+01   6.1400281e+01
   2.3551406e+01   3.5116120e+01  -1.4000000e+02   1.3625093e+01  -1.3505395e+01  -5.1130017e+01   5.9850043e+01
   2.3460017e+01   3.5039928e+01  -1.4000000e+02   1.4186984e+01  -1.0415156e+01  -4.9889493e+01   5.9180770e+01
   2.3213186e+01   3.6088200e+01  -1.4000000e+02   1.4783256e+01  -9.1434179e+00  -4.8170554e+01   5.4950011e+01
   2.2630035e+01   3.6490011e+01  -1.4000000e+02   1.5671482e+01  -9.7969997e+00  -4.6439838e+01   5.0460111e+01
   2.1947196e+01   3.9511089e+01  -1.4000000e+02   1.6866153e+01  -8.3089016e+00  -4.4068331e+01   4.4827611e+01
   2.2540510e+01   4.2444429e+01  -1.4000000e+02   1.7210186e+01  -3.1124643e+00  -4.1963369e+01   4.5541568e+01
   2.3282251e+01   4.2384188e+01  -1.4000000e+02   1.7785073e+01   7.8189223e-01  -4.0523475e+01   4.5115014e+01
   2.5193609e+01   4.1818996e+01  -1.4000000e+02   1.8581083e+01   1.2605893e+00  -4.0353824e+01   4.6457141e+01
   2.5085628e+01   4.2843290e+01  -1.4000000e+02   2.0069048e+01   2.1879084e+00  -3.9841571e+01   4.3931835e+01
   2.5695627e+01   4.0825983e+01  -1.4000000e+02   2.0207269e+01   3.3964822e+00  -4.0441560e+01   4.1164599e+01
   2.4211434e+01   4.2892639e+01  -1.4000000e+02   2.2108314e+01   5.7827388e+00  -3.9009160e+01   3.6918988e+01
   2.5633997e+01   4.2873167e+01  -1.4000000e+02   2.4039921e+01   7.2008132e+00  -3.8128924e+01   3.2628420e+01
   2.8058199e+01   4.4852571e+01  -1.4000000e+02   2.6558302e+01   7.4515106e+00  -3.7672092e+01   2.8491158e+01
   2.9376251e+01   4.6347508e+01  -1.4000000e+02   2.8796617e+01   8.6248429e+00  -3.7425152e+01   2.5701949e+01
   3.0000455e+01   4.6373217e+01  -1.4000000e+02   3.0854061e+01   8.3110700e+00  -3.7708598e+01   2.2021213e+01
   2.9128595e+01   4.4386709e+01  -1.4000000e+02   3.2183553e+01   9.7338253e+00  -3.7760946e+01   1.7425730e+01
   2.9308290e+01   4.4609480e+01  -1.4000000e+02   3.3644961e+01   1.1874241e+01  -3.5993705e+01   1.3853685e+01
   2.9902664e+01   4.3757821e+01  -1.4000000e+02   3.5564045e+01   1.3932256e+01  -3.5766924e+01   1.1707350e+01
   2.8532536e+01   4.3743784e+01  -1.4000000e+02   3.6127638e+01   1.7841471e+01  -3.4526224e+01   7.6699695e+00
   2.9295981e+01   4.6086624e+01  -1.4000000e+02   3.7163616e+01   2.0805101e+01  -3.1179929e+01   2.5965195e+00
   3.1846782e+01   4.8706087e+01  -1.4000000e+02   3.8704675e+01   2.1841057e+01  -2.8250809e+01  -2.3280542e+00
   3.2967867e+01   5.1985674e+01  -1.4000000e+02   4.1956992e+01   2.7214121e+01  -2.5882563e+01  -5.7629989e+00
   3.4439694e+01   5.0935803e+01  -1.4000000e+02   4.5426345e+01   2.7283639e+01  -2.6945585e+01  -1.0305440e+01
   3.5791159e+01   5.2122909e+01  -1.4000000e+02   4.7042844e+01   2.2968390e+01  -2.6299851e+01  -1.8678648e+01
   3.7007661e+01   4.9448710e+01  -1.4000000e+02   4.8366359e+01   2.6116191e+01  -2.8087049e+01  -1.4125016e+01
   3.6469939e+01   4.7697979e+01  -1.4000000e+02   4.7058172e+01   2.6023041e+01  -2.7490040e+01  -1.4382036e+01
   3.5141795e+01   4.6483320e+01  -1.4000000e+02   4.3281825e+01   2.3247917e+01  -2.9567383e+01  -1.6683073e+01
   3.3237121e+01   4.5187031e+01  -1.4000000e+02   3.7657306e+01   1.7935601e+01  -3.4858286e+01  -1.0889265e+01
   3.1219330e+01   4.4130401e+01  -1.4000000e+02   3.3001670e+01   1.4689088e+01  -3.9275378e+01  -2.4802151e+00
   2.9816688e+01   4.3582892e+01  -1.4000000e+02   2.9622671e+01   8.2937094e+00  -4.2122622e+01   4.3146922e+00
   2.6512188e+01   4.0392755e+01  -1.4000000e+02   2.5388474e+01   1.5155897e+00  -4.5964698e+01   1.2981346e+01
   2.3901166e+01   3.9258823e+01  -1.4000000e+02   2.2068337e+01  -2.2557388e+00  -4.8889538e+01   2.2882650e+01
   2.4547605e+01   3.9601249e+01  -1.4000000e+02   2.0477494e+01  -5.1245623e+00  -5.0490481e+01   3.4086422e+01
   2.2705683e+01   3.9581863e+01  -1.4000000e+02   1.9129255e+01  -1.0316050e+01  -5.1931738e+01   4.3473896e+01
   2.1914807e+01   3.7506993e+01  -1.4000000e+02   1.7512250e+01  -1.2283082e+01  -5.3817117e+01   5.3090892e+01
   2.1711396e+01   3.5365766e+01  -1.4000000e+02   1.6085830e+01  -1.5571930e+01  -5.5441300e+01   5.8401077e+01
   2.2135351e+01   3.4933083e+01  -1.4000000e+02   1.6675304e+01  -1.5636293e+01  -5.4915287e+01   6.1598122e+01
   2.2854856e+01   3.5603930e+01  -1.4000000e+02   1.8066169e+01  -1.4598968e+01  -5.3407985e+01   5.9254501e+01
   2.2304015e+01   3.6020846e+01  -1.4000000e+02   1.7942049e+01  -1.2642219e+01  -5.2238943e+01   5.4970141e+01
   2.4316258e+01   3.6767497e+01  -1.4000000e+02   1.8094746e+01  -1.0975487e+01  -5.0469491e+01   5.3142951e+01
   2.3842500e+01   3.9403855e+01  -1.4000000e+02   1.9216924e+01  -1.0949729e+01  -4.7766186e+01   4.8193338e+01
   2.5757849e+01   4.1360251e+01  -1.4000000e+02   1.9448414e+01  -9.3215356e+00  -4.5654507e+01   4.6815490e+01
   2.5542106e+01   4.2280393e+01  -1.4000000e+02   1.9607432e+01  -7.4320109e+00  -4.3978897e+01   4.4447614e+01
   2.5040815e+01   4.2475709e+01  -1.4000000e+02   1.9082915e+01  -2.9965049e+00  -4.2926208e+01   4.5275410e+01
   2.4957724e+01   4.3792377e+01  -1.4000000e+02   1.9630877e+01   1.1150497e+00  -4.1126983e+01   4.5639723e+01
   2.4565002e+01   4.3380147e+01  -1.4000000e+02   1.9788447e+01   3.8090304e+00  -4.0848416e+01   4.5338957e+01
   2.4848654e+01   4.2937088e+01  -1.4000000e+02   2.1876048e+01   5.1449369e+00  -4.0015994e+01   3.9914030e+01
   2.5018693e+01   4.4892538e+01  -1.4000000e+02   2.3258937e+01   7.1902022e+00  -3.9202458e+01   3.6770194e+01
   2.7392466e+01   4.3040140e+01  -1.4000000e+02   2.4054960e+01   7.1386898e+00  -3.8447925e+01   3.4114953e+01
   2.7673824e+01   4.6000478e+01  -1.4000000e+02   2.6141130e+01   8.5173457e+00  -3.6739867e+01   3.1591398e+01
   2.9799259e+01   4.7405242e+01  -1.4000000e+02   2.9508238e+01   9.3049372e+00  -3.7052117e+01   3.0040125e+01
   3.0054463e+01   4.5422896e+01  -1.4000000e+02   3.1134644e+01   7.9728070e+00  -3.8647410e+01   2.7848575e+01
   2.9161501e+01   4.4136176e+01  -1.4000000e+02   3.2621091e+01   7.9126638e+00  -3.9641784e+01   2.3264344e+01
   2.9672110e+01   4.3641911e+01  -1.4000000e+02   3.4384237e+01   1.0736471e+01  -3.9270680e+01   2.1451674e+01
   2.9583669e+01   4.4949056e+01  -1.4000000e+02   3.5149189e+01   1.2482848e+01  -3.7361340e+01   1.7752119e+01
   3.0464841e+01   4.5757562e+01  -1.4000000e+02   3.6226448e+01   1.2679695e+01  -3.5375794e+01   1.3416963e+01
   3.1252650e+01   4.4984007e+01  -1.4000000e+02   3.7374802e+01   1.5079895e+01  -3.5309959e+01   1.0367400e+01
   3.2014700e+01   4.5165212e+01  -1.4000000e+02   3.8507667e+01   1.4710319e+01  -3.3905202e+01   3.6272156e+00
   3.4102327e+01   4.9698724e+01  -1.4000000e+02   4.1766560e+01   1.8260484e+01  -3.1987118e+01  -3.8410282e-02
   3.4676010e+01   5.1716008e+01  -1.4000000e+02   4.4089444e+01   2.0926922e+01  -3.0698483e+01  -3.1869860e+00
   3.3307958e+01   4.9602967e+01  -1.4000000e+02   4.4197439e+01   2.2691798e+01  -3.0614678e+01  -5.1037859e+00
   3.2015590e+01   5.1000958e+01  -1.4000000e+02   4.1331061e+01   2.4329339e+01  -3.2905244e+01  -6.1351497e+00
   3.0563849e+01   4.8066432e+01  -1.4000000e+02   3.5928462e+01   2.0321249e+01  -3.6929887e+01  -7.0658683e+00
   3.0208539e+01   4.2392099e+01  -1.4000000e+02   2.9924511e+01   1.2757212e+01  -4.1460462e+01  -2.9396642e+00
   2.8707270e+01   4.1600290e+01  -1.4000000e+02   2.6467047e+01   7.1108012e+00  -4.4162614e+01   3.5999344e+00
   2.7958874e+01   3.8815308e+01  -1.4000000e+02   2.2915571e+01   1.2248172e+00  -4.7159445e+01   1.1309946e+01
   2.4720072e+01   3.4381230e+01  -1.4000000e+02   1.9627740e+01  -4.9675518e+00  -5.0495198e+01   1.9474317e+01
   2.4188353e+01   3.2132798e+01  -1.4000000e+02   1.6340509e+01  -6.9162838e+00  -5.2177511e+01   3.0859586e+01
   2.0391928e+01   3.4006163e+01  -1.4000000e+02   1.5979398e+01  -1.0569659e+01  -5.0966805e+01   4.1159570e+01
   1.9839891e+01   3.2166860e+01  -1.4000000e+02   1.3452449e+01  -1.4377744e+01  -5.2197138e+01   5.0901377e+01
   2.1118879e+01   3.3179996e+01  -1.4000000e+02   1.1892695e+01  -1.5923068e+01  -5.2650015e+01   5.7586092e+01
   2.3427929e+01   3.3369349e+01  -1.4000000e+02   1.1919700e+01  -1.6591705e+01  -5.3232705e+01   5.9770754e+01
   2.3916897e+01   3.5340576e+01  -1.4000000e+02   1.2335821e+01  -1.6387384e+01  -5.3052797e+01   6.4831422e+01
   2.4182597e+01   3.8242907e+01  -1.4000000e+02   1.4115436e+01  -1.4946550e+01  -5.1167675e+01   6.5561749e+01
   2.4274858e+01   3.7714249e+01  -1.4000000e+02   1.5106005e+01  -1.2541903e+01  -5.0008804e+01   6.3226285e+01
   2.4389562e+01   3.7670800e+01  -1.4000000e+02   1.5500811e+01  -9.1052375e+00  -4.8830499e+01   6.0530001e+01
   2.3529596e+01   3.9112715e+01  -1.4000000e+02   1.6537477e+01  -6.4946485e+00  -4.6656533e+01   5.8497062e+01
   2.3839113e+01   4.1100757e+01  -1.4000000e+02   1.7916214e+01  -5.9280053e+00  -4.4283733e+01   5.2196863e+01
   2.4550662e+01   4.4401010e+01  -1.4000000e+02   1.8947644e+01  -2.7503464e+00  -4.1986842e+01   5.0043633e+01
   2.3511348e+01   4.5336587e+01  -1.4000000e+02   1.9169059e+01  -1.0099109e+00  -4.1182228e+01   4.5876481e+01
   2.4664447e+01   4.6670111e+01  -1.4000000e+02   1.9851307e+01   3.9521098e+00  -3.9045226e+01   4.7655066e+01
   2.5571157e+01   4.4411091e+01  -1.4000000e+02   2.0135292e+01   3.9060254e+00  -3.9155652e+01   4.7035268e+01
   2.4742764e+01   4.5047889e+01  -1.4000000e+02   2.0405609e+01   7.4689990e+00  -3.9006204e+01   4.6223135e+01
   2.4097241e+01   4.3723689e+01  -1.4000000e+02   2.1199007e+01   8.0183685e+00  -3.8700343e+01   4.3372028e+01
   2.6255625e+01   4.4561324e+01  -1.4000000e+02   2.2285707e+01   9.6957541e+00  -3.7061028e+01   4.0940229e+01
   2.6085620e+01   4.7799751e+01  -1.4000000e+02   2.4981440e+01   9.7560898e+00  -3.5413198e+01   3.5809360e+01
   2.9481694e+01   4.8239355e+01  -1.4000000e+02   2.7945381e+01   8.4391713e+00  -3.5355845e+01   3.1993215e+01
   2.9998311e+01   4.6525287e+01  -1.4000000e+02   3.0647546e+01   8.1098900e+00  -3.6537678e+01   2.8424333e+01
   2.9217776e+01   4.3453232e+01  -1.4000000e+02   3.2320690e+01   8.7964040e+00  -3.8856297e+01   2.6280135e+01
   2.8898299e+01   4.4297588e+01  -1.4000000e+02   3.4317093e+01   1.1476208e+01  -3.8820094e+01   2.3164903e+01
   2.9862141e+01   4.4603335e+01  -1.4000000e+02   3.5284669e+01   1.3615561e+01  -3.7343476e+01   2.0294395e+01
   3.0857947e+01   4.6322307e+01  -1.4000000e+02   3.7441229e+01   1.6063106e+01  -3.6013722e+01   1.6732149e+01
   3.2738427e+01   4.9827585e+01  -1.4000000e+02   3.9472375e+01   1.7964979e+01  -3.3217471e+01   1.1373032e+01
   3.3483391e+01   5.1142028e+01  -1.4000000e+02   4.1840388e+01   1.9324228e+01  -3.1436914e+01   4.4049513e+00
   3.3743364e+01   5.2010291e+01  -1.4000000e+02   4.2877360e+01   2.2158966e+01  -2.8746679e+01   3.3694156e-01
   3.6786603e+01   5.1909690e+01  -1.4000000e+02   4.4869119e+01   2.1434494e+01  -2.7894164e+01  -4.6836052e+00
   3.7715556e+01   5.4134582e+01  -1.4000000e+02   4.7609923e+01   2.8135209e+01  -2.6809730e+01  -6.5106005e+00
   3.7639274e+01   5.4840467e+01  -1.4000000e+02   5.1249157e+01   2.8693064e+01  -2.7190715e+01  -1.2694285e+01
   3.6784646e+01   5.2881365e+01  -1.4000000e+02   5.0234077e+01   2.9362559e+01  -2.8741260e+01  -1.2658608e+01
   3.2998795e+01   5.2843570e+01  -1.4000000e+02   4.5030412e+01   3.0388997e+01  -3.1127120e+01  -1.3076177e+01
   3.0089761e+01   5.0082289e+01  -1.4000000e+02   4.0244132e+01   2.6264140e+01  -3.4518967e+01  -1.5746401e+01
   2.9811009e+01   4.5632707e+01  -1.4000000e+02   3.4708598e+01   1.9808391e+01  -3.7528821e+01  -1.5821228e+01
   2.9440052e+01   3.8957230e+01  -1.4000000e+02   2.8770677e+01   1.1817551e+01  -4.1482467e+01  -8.6714293e+00
   2.6654408e+01   3.9530624e+01  -1.4000000e+02   2.6148270e+01   6.0895729e+00  -4.1841526e+01  -1.0183529e+00
   2.3868662e+01   3.9793042e+01  -1.4000000e+02   2.3414167e+01   8.7698824e-01  -4.2465876e+01   6.7787016e+00
   2.0638868e+01   3.8939359e+01  -1.4000000e+02   2.1140728e+01  -4.1479863e+00  -4.3338534e+01   1.4307141e+01
   2.1770568e+01   3.5596742e+01  -1.4000000e+02   1.7784261e+01  -8.2776246e+00  -4.5481724e+01   2.5043492e+01
   2.2026521e+01   3.7336156e+01  -1.4000000e+02   1.6491443e+01  -1.0334372e+01  -4.5519007e+01   3.6016953e+01
   2.1059309e+01   3.7413496e+01  -1.4000000e+02   1.4906062e+01  -1.0563654e+01  -4.5967309e+01   4.6447794e+01
   2.1269585e+01   3.6307921e+01  -1.4000000e+02   1.3815805e+01  -1.1396274e+01  -4.6537724e+01   5.3447867e+01
   2.1541917e+01   3.5475485e+01  -1.4000000e+02   1.3463631e+01  -1.1553210e+01  -4.6715152e+01   5.6167896e+01
   2.1782340e+01   3.5906693e+01  -1.4000000e+02   1.4000382e+01  -1.0519134e+01  -4.5880216e+01   5.4325078e+01
   2.2367798e+01   3.6974019e+01  -1.4000000e+02   1.4607083e+01  -9.6224170e+00  -4.4099511e+01   5.2478352e+01
   2.4602703e+01   3.6632076e+01  -1.4000000e+02   1.5137827e+01  -1.0013288e+01  -4.2896546e+01   5.0389505e+01
   2.6109095e+01   3.8899532e+01  -1.4000000e+02   1.6684032e+01  -6.9294266e+00  -4.1570594e+01   4.9566895e+01
   2.4098632e+01   4.1569007e+01  -1.4000000e+02   1.6956055e+01  -4.5289461e+00  -4.0791287e+01   4.7189253e+01
   2.3773876e+01   4.2855492e+01  -1.4000000e+02   1.7619050e+01  -8.7191860e-01  -3.9425260e+01   4.6742670e+01
   2.4057276e+01   4.5420646e+01  -1.4000000e+02   1.9699304e+01   1.5102943e+00  -3.6936213e+01   4.4580381e+01
   2.2292892e+01   4.5593584e+01  -1.4000000e+02   1.9052526e+01   4.9157160e+00  -3.6255995e+01   4.4457105e+01
   2.3470993e+01   4.5536026e+01  -1.4000000e+02   2.0064363e+01   7.1191796e+00  -3.5010280e+01   4.2810870e+01
   2.3463477e+01   4.5025021e+01  -1.4000000e+02   2.1320623e+01   6.9838026e+00  -3.5352170e+01   3.7010911e+01
   2.4575021e+01   4.4080755e+01  -1.4000000e+02   2.2272634e+01   8.3001585e+00  -3.5831024e+01   3.5996319e+01
   2.5306608e+01   4.2747094e+01  -1.4000000e+02   2.3689053e+01   7.8674015e+00  -3.5868767e+01   3.2116108e+01
   2.5763279e+01   4.8031567e+01  -1.4000000e+02   2.6846661e+01   1.0634965e+01  -3.3330115e+01   2.8605444e+01
   2.6975668e+01   4.8432835e+01  -1.4000000e+02   2.9163145e+01   1.0777391e+01  -3.3212168e+01   2.5958062e+01
   2.8983812e+01   4.6288792e+01  -1.4000000e+02   3.1289035e+01   1.0140319e+01  -3.4035564e+01   2.2106215e+01
   2.8217661e+01   4.6194122e+01  -1.4000000e+02   3.3537819e+01   1.1069913e+01  -3.4167171e+01   1.8048290e+01
   2.7329309e+01   4.4039601e+01  -1.4000000e+02   3.4032079e+01   1.2980454e+01  -3.3963890e+01   1.5018532e+01
   2.8468218e+01   4.5286476e+01  -1.4000000e+02   3.5271807e+01   1.6333616e+01  -3.2963963e+01   1.1409465e+01
   2.9671872e+01   4.9688182e+01  -1.4000000e+02   3.8344805e+01   1.8075624e+01  -3.0878969e+01   7.3973819e+00
   3.0983303e+01   4.9638795e+01  -1.4000000e+02   3.9682664e+01   1.9358708e+01  -2.9334626e+01   3.3464430e+00
   3.2550580e+01   4.8234132e+01  -1.4000000e+02   3.9921270e+01   2.0770495e+01  -2.7086195e+01  -1.0487222e+00
   3.3599670e+01   4.9814741e+01  -1.4000000e+02   4.1625994e+01   2.1039909e+01  -2.4548513e+01  -8.0047315e+00
   3.4111748e+01   4.9981958e+01  -1.4000000e+02   4.3080541e+01   2.2769160e+01  -2.3027823e+01  -1.2922791e+01
   3.5510940e+01   5.2496686e+01  -1.4000000e+02   4.7449815e+01   2.6750820e+01  -2.2857176e+01  -1.6693536e+01
   3.4771184e+01   5.1959496e+01  -1.4000000e+02   4.9884212e+01   2.8109282e+01  -2.3879061e+01  -2.0760138e+01
   3.3192146e+01   5.2969901e+01  -1.4000000e+02   4.6213590e+01   3.1689567e+01  -2.7599041e+01  -1.4874460e+01
   3.0537811e+01   5.1092751e+01  -1.4000000e+02   4.0754788e+01   2.9196710e+01  -3.2269491e+01  -1.1131835e+01
   3.0213752e+01   4.6079324e+01  -1.4000000e+02   3.4392614e+01   2.3471493e+01  -3.7300735e+01  -8.7878449e+00
   3.1376646e+01   3.8270425e+01  -1.4000000e+02   2.7345088e+01   1.4060493e+01  -4.2274208e+01  -4.5772603e+00
   2.8866815e+01   3.5960528e+01  -1.4000000e+02   2.2405901e+01   7.0151313e+00  -4.4840653e+01   2.5800289e+00
   2.4316191e+01   3.6481059e+01  -1.4000000e+02   1.9492246e+01   1.6670503e+00  -4.6133308e+01   9.5402070e+00
   2.1068839e+01   3.4991021e+01  -1.4000000e+02   1.6868012e+01  -4.3060939e+00  -4.7833658e+01   1.6126021e+01
   2.2495923e+01   3.3018457e+01  -1.4000000e+02   1.3259736e+01  -8.6351387e+00  -4.9102291e+01   2.4939384e+01
   2.4026690e+01   3.4953231e+01  -1.4000000e+02   1.2387946e+01  -1.1724920e+01  -4.8296572e+01   3.3525016e+01
   2.4275886e+01   3.6343983e+01  -1.4000000e+02   1.2502164e+01  -1.6121681e+01  -4.8321335e+01   3.8153625e+01
   2.3367506e+01   3.7221454e+01  -1.4000000e+02   1.2301701e+01  -1.5212596e+01  -4.8056393e+01   4.5378730e+01
   2.1647188e+01   3.7702255e+01  -1.4000000e+02   1.3553423e+01  -1.2603968e+01  -4.5834301e+01   5.1724015e+01
   2.1573881e+01   3.9539315e+01  -1.4000000e+02   1.5546453e+01  -1.0107394e+01  -4.3015592e+01   5.4399376e+01
   2.1820170e+01   4.1093159e+01  -1.4000000e+02   1.7104822e+01  -7.1526098e+00  -4.1489894e+01   5.1901120e+01
   2.2650363e+01   4.0680529e+01  -1.4000000e+02   1.8190833e+01  -5.4242837e+00  -4.0917473e+01   5.1083791e+01
   2.0826189e+01   4.2440524e+01  -1.4000000e+02   2.0143762e+01  -5.2900884e+00  -3.9551298e+01   4.5148441e+01
   2.0880656e+01   4.3092436e+01  -1.4000000e+02   2.0904859e+01  -1.9170006e+00  -3.8664298e+01   4.4748016e+01
   1.9882366e+01   4.6369393e+01  -1.4000000e+02   2.2370960e+01   1.3398484e+00  -3.6919163e+01   4.0488525e+01
   1.9829912e+01   4.6516766e+01  -1.4000000e+02   2.3451780e+01   3.9319737e+00  -3.6041142e+01   3.8264426e+01
   1.9345312e+01   4.6713529e+01  -1.4000000e+02   2.3462414e+01   6.3925594e+00  -3.5626197e+01   3.6876469e+01
   2.2190780e+01   4.5022765e+01  -1.4000000e+02   2.3575723e+01   8.8563389e+00  -3.5498193e+01   3.9489429e+01
   2.4771929e+01   4.3516283e+01  -1.4000000e+02   2.5100166e+01   4.7302090e+00  -3.6014406e+01   3.2490705e+01
   2.5188381e+01   4.5539707e+01  -1.4000000e+02   2.6964936e+01   6.0480950e+00  -3.5233704e+01   2.9678207e+01
   2.5278457e+01   4.6282098e+01  -1.4000000e+02   2.8612994e+01   8.1167739e+00  -3.4485700e+01   2.7578023e+01
   2.4696565e+01   4.5588429e+01  -1.4000000e+02   3.0372060e+01   8.0709741e+00  -3.4030977e+01   2.2021187e+01
   2.4578610e+01   4.6101270e+01  -1.4000000e+02   3.1487225e+01   9.7363698e+00  -3.3291611e+01   1.9422652e+01
   2.4157189e+01   4.7262305e+01  -1.4000000e+02   3.2660914e+01   1.3867718e+01  -3.1876043e+01   1.6981089e+01
   2.7450962e+01   4.9013029e+01  -1.4000000e+02   3.6204161e+01   1.3147729e+01  -3.1271905e+01   1.2716382e+01
   2.8875521e+01   5.0652594e+01  -1.4000000e+02   3.9258367e+01   1.4759151e+01  -3.1197481e+01   1.0720226e+01
   2.9380363e+01   5.1050732e+01  -1.4000000e+02   4.0809212e+01   1.7271547e+01  -3.0843691e+01   7.5665000e+00
   2.9513340e+01   5.2626049e+01  -1.4000000e+02   4.2682567e+01   2.0021387e+01  -2.9739083e+01   3.8743340e+00
   2.9604667e+01   5.5859767e+01  -1.4000000e+02   4.4427390e+01   2.4023824e+01  -2.7691768e+01  -2.9148025e-01
   3.1442512e+01   5.9325481e+01  -1.4000000e+02   4.7561467e+01   2.7622298e+01  -2.5457125e+01  -5.7664774e+00
   3.3062549e+01   6.2381217e+01  -1.4000000e+02   5.0779084e+01   2.9795373e+01  -2.4577446e+01  -1.0596064e+01
   3.4890893e+01   6.0871887e+01  -1.4000000e+02   5.2246200e+01   2.7433640e+01  -2.4780625e+01  -1.6250204e+01
   3.6289363e+01   5.7580141e+01  -1.4000000e+02   5.4278890e+01   2.7625584e+01  -2.5099605e+01  -2.0006674e+01
   3.6457915e+01   5.4770856e+01  -1.4000000e+02   5.6152635e+01   2.7053150e+01  -2.5720015e+01  -2.5791629e+01
   3.5793229e+01   5.3061343e+01  -1.4000000e+02   5.7335553e+01   2.8156192e+01  -2.6490412e+01  -2.6860339e+01
   3.3607973e+01   5.4044971e+01  -1.4000000e+02   5.1339120e+01   2.9510993e+01  -3.0575927e+01  -2.0553308e+01
   3.1195532e+01   4.9137966e+01  -1.4000000e+02   4.4437838e+01   2.4027589e+01  -3.5926100e+01  -1.7103838e+01
   3.0499641e+01   4.3410296e+01  -1.4000000e+02   3.7198734e+01   1.6644074e+01  -4.0829192e+01  -1.6207242e+01
   2.9724792e+01   4.2513346e+01  -1.4000000e+02   3.1430800e+01   1.2301333e+01  -4.3081132e+01  -1.1986312e+01
   2.8123776e+01   4.1517741e+01  -1.4000000e+02   2.8067072e+01   5.9186222e+00  -4.3977315e+01  -6.4237315e+00
   2.8014693e+01   4.1156443e+01  -1.4000000e+02   2.4770974e+01   1.5857011e+00  -4.5842749e+01   1.6195153e+00
   2.4812524e+01   4.0163244e+01  -1.4000000e+02   2.2513379e+01  -2.8672673e+00  -4.7554817e+01   9.9106935e+00
   2.2770828e+01   3.8844401e+01  -1.4000000e+02   2.0662945e+01  -5.0419900e+00  -4.8725249e+01   2.0553154e+01
   2.3470849e+01   3.5905143e+01  -1.4000000e+02   1.6926496e+01  -6.4042446e+00  -5.1268755e+01   3.1701447e+01
   2.2636857e+01   3.5590958e+01  -1.4000000e+02   1.4731682e+01  -1.1023228e+01  -5.1915866e+01   4.0281060e+01
   2.3029783e+01   3.2102632e+01  -1.4000000e+02   1.1552863e+01  -1.4674147e+01  -5.4143114e+01   4.8425882e+01
   2.3153597e+01   3.1180489e+01  -1.4000000e+02   9.7376042e+00  -1.5609246e+01  -5.4264427e+01   5.5953352e+01
   2.2327897e+01   3.1400865e+01  -1.4000000e+02   9.3141671e+00  -1.6839004e+01  -5.3001781e+01   6.0582911e+01
   2.1870014e+01   3.4836177e+01  -1.4000000e+02   1.1162104e+01  -1.6135408e+01  -5.0309491e+01   6.0113193e+01
   2.2050631e+01   3.7105240e+01  -1.4000000e+02   1.2890325e+01  -1.3957230e+01  -4.7846976e+01   5.9769203e+01
   2.2752992e+01   3.8406000e+01  -1.4000000e+02   1.3871163e+01  -1.1759613e+01  -4.6339235e+01   5.5916165e+01
   2.3281873e+01   3.8152143e+01  -1.4000000e+02   1.4238121e+01  -9.6462347e+00  -4.5381869e+01   5.3631718e+01
   2.3608134e+01   3.9326972e+01  -1.4000000e+02   1.5034196e+01  -9.2432786e+00  -4.3364608e+01   5.1281637e+01
   2.3622443e+01   4.0296651e+01  -1.4000000e+02   1.5715623e+01  -7.2691045e+00  -4.1904908e+01   5.0092661e+01
   2.4193788e+01   4.1905676e+01  -1.4000000e+02   1.6630942e+01  -4.7526960e+00  -4.0696743e+01   4.8689729e+01
   2.3139890e+01   4.4506437e+01  -1.4000000e+02   1.6888828e+01  -2.5616158e+00  -3.9991202e+01   4.7145292e+01
   2.4106525e+01   4.3708095e+01  -1.4000000e+02   1.7670563e+01   7.2582225e-01  -3.8898001e+01   4.9122106e+01
   2.4405358e+01   4.0020960e+01  -1.4000000e+02   1.5855788e+01   2.7964552e+00  -3.9572666e+01   5.0768711e+01
   2.6827246e+01   4.0521086e+01  -1.4000000e+02   1.5709880e+01   2.3475694e+00  -3.8422863e+01   4.9889774e+01
   2.5451479e+01   4.3047176e+01  -1.4000000e+02   1.7340894e+01   4.2065194e+00  -3.7476377e+01   4.6969827e+01
   2.4786571e+01   4.4331379e+01  -1.4000000e+02   1.8491684e+01   8.5138518e+00  -3.7377433e+01   4.7193380e+01
   2.4939344e+01   4.6974540e+01  -1.4000000e+02   2.0083448e+01   1.1138658e+01  -3.5718690e+01   4.3620192e+01
   2.4507555e+01   4.9653229e+01  -1.4000000e+02   2.2704865e+01   1.4360193e+01  -3.3827786e+01   4.1236352e+01
   2.5839519e+01   5.1348422e+01  -1.4000000e+02   2.5355346e+01   1.3242521e+01  -3.3231378e+01   3.7078857e+01
   2.6618494e+01   5.2080286e+01  -1.4000000e+02   2.7396734e+01   1.3269466e+01  -3.3548607e+01   3.2852511e+01
   2.8858532e+01   5.0908495e+01  -1.4000000e+02   2.9155560e+01   1.4665274e+01  -3.4329594e+01   3.2211548e+01
   2.9461663e+01   4.9089794e+01  -1.4000000e+02   3.1103379e+01   1.3469458e+01  -3.5640619e+01   2.8232811e+01
   3.0354681e+01   4.9071351e+01  -1.4000000e+02   3.3393083e+01   1.3338554e+01  -3.5910961e+01   2.3944532e+01
   3.0833771e+01   4.9160984e+01  -1.4000000e+02   3.4701164e+01   1.4260954e+01  -3.5012027e+01   2.0072433e+01
   3.0968073e+01   5.1162776e+01  -1.4000000e+02   3.6020271e+01   1.7764537e+01  -3.3274151e+01   1.6824193e+01
   3.2227583e+01   5.1180817e+01  -1.4000000e+02   3.7310838e+01   1.8495472e+01  -3.2376209e+01   1.3072126e+01
   3.2838997e+01   5.1632357e+01  -1.4000000e+02   3.9228520e+01   1.9131716e+01  -3.1656493e+01   8.3193332e+00
   3.3854639e+01   5.5531566e+01  -1.4000000e+02   4.1742795e+01   2.4637850e+01  -2.8993937e+01   5.1133451e+00
   3.4828488e+01   5.3822799e+01  -1.4000000e+02   4.3733744e+01   2.4365567e+01  -2.8881729e+01   1.1136596e+00
   3.5910410e+01   5.4859484e+01  -1.4000000e+02   4.5831917e+01   2.5001781e+01  -2.8562913e+01  -3.5694801e+00
   3.7016387e+01   5.3728491e+01  -1.4000000e+02   4.7608872e+01   2.2680801e+01  -2.9550300e+01  -8.4466430e+00
   3.4893819e+01   5.1123325e+01  -1.4000000e+02   4.5138902e+01   2.4360934e+01  -3.3062934e+01  -7.4942723e+00
   3.4381053e+01   4.9945486e+01  -1.4000000e+02   3.9395963e+01   2.2945256e+01  -3.5818388e+01  -7.2337831e+00
   3.1396237e+01   4.6797542e+01  -1.4000000e+02   3.3921120e+01   1.7552320e+01  -3.9399943e+01  -7.7904989e+00
   3.0050517e+01   4.3339484e+01  -1.4000000e+02   2.8375524e+01   1.0635093e+01  -4.2659050e+01  -4.4244974e+00
   2.6148980e+01   4.2160366e+01  -1.4000000e+02   2.4099265e+01   4.7471375e+00  -4.4428683e+01   2.0629227e+00
   2.1585536e+01   3.8706641e+01  -1.4000000e+02   1.9996893e+01  -1.3586100e+00  -4.7373626e+01   9.7309782e+00
   2.1170552e+01   3.3848699e+01  -1.4000000e+02   1.6704107e+01  -7.0417093e+00  -4.9656460e+01   1.8493850e+01
   2.2487579e+01   3.0768827e+01  -1.4000000e+02   1.3962033e+01  -1.1797418e+01  -5.0533144e+01   2.6700639e+01
   2.1271375e+01   3.0989022e+01  -1.4000000e+02   1.2707264e+01  -1.4931224e+01  -4.9657798e+01   3.4160272e+01
   2.1073901e+01   3.0155327e+01  -1.4000000e+02   1.0770990e+01  -1.6026312e+01  -4.8894912e+01   4.4910403e+01
   1.9679561e+01   3.1461388e+01  -1.4000000e+02   1.0092559e+01  -1.6849478e+01  -4.7086702e+01   5.0483346e+01
   1.9155880e+01   3.4386239e+01  -1.4000000e+02   1.0192470e+01  -1.5561255e+01  -4.5116982e+01   5.1706917e+01
   2.0538882e+01   3.7371255e+01  -1.4000000e+02   1.0685702e+01  -1.1363657e+01  -4.3296455e+01   5.8164833e+01
   2.2266142e+01   4.1864957e+01  -1.4000000e+02   1.2906195e+01  -7.4795070e+00  -4.1042727e+01   5.7186984e+01
   2.2907988e+01   4.1770362e+01  -1.4000000e+02   1.4395831e+01  -5.6404400e+00  -4.0366862e+01   5.3427826e+01
   2.3411821e+01   4.2452941e+01  -1.4000000e+02   1.6145899e+01  -4.1522176e+00  -3.9348682e+01   4.9670693e+01
   2.2773122e+01   4.4222871e+01  -1.4000000e+02   1.7380903e+01  -2.2647633e+00  -3.8417124e+01   4.5188239e+01
   2.2877242e+01   4.5791843e+01  -1.4000000e+02   1.8767418e+01   2.8161503e+00  -3.6956361e+01   4.3886626e+01
   2.2523461e+01   4.5100179e+01  -1.4000000e+02   2.0141959e+01   7.7323432e+00  -3.6332451e+01   4.2993951e+01
   2.2824434e+01   4.4121571e+01  -1.4000000e+02   2.1074481e+01   1.1283871e+01  -3.5845931e+01   4.1281251e+01
   2.4185220e+01   4.4446034e+01  -1.4000000e+02   2.3095021e+01   1.0000462e+01  -3.5003686e+01   3.6303210e+01
   2.5825219e+01   4.4545521e+01  -1.4000000e+02   2.4462405e+01   1.0078176e+01  -3.4346512e+01   3.2916355e+01
   2.5375299e+01   4.5887148e+01  -1.4000000e+02   2.6425929e+01   1.1638863e+01  -3.3669589e+01   2.7745279e+01
   2.7293031e+01   4.3724049e+01  -1.4000000e+02   2.8226558e+01   1.1484304e+01  -3.3716497e+01   2.3325286e+01
   2.8478745e+01   4.5312848e+01  -1.4000000e+02   3.2291814e+01   1.2499748e+01  -3.3646873e+01   1.9138924e+01
   2.9237733e+01   4.5873801e+01  -1.4000000e+02   3.4414212e+01   1.1728903e+01  -3.3093621e+01   1.4462661e+01
   3.0174966e+01   4.7927720e+01  -1.4000000e+02   3.7414299e+01   1.4421246e+01  -3.2918094e+01   1.0026420e+01
   3.1280974e+01   4.6934851e+01  -1.4000000e+02   3.9920054e+01   1.4570294e+01  -3.4100656e+01   6.3389154e+00
   3.2417269e+01   4.8070642e+01  -1.4000000e+02   4.1889518e+01   1.6001619e+01  -3.3447920e+01   2.9002937e+00
   3.3721393e+01   4.8475710e+01  -1.4000000e+02   4.4454647e+01   1.7234946e+01  -3.2770716e+01  -1.1980234e+00
   3.4845856e+01   5.0899281e+01  -1.4000000e+02   4.7512034e+01   1.9450975e+01  -3.1255367e+01  -7.2122847e+00
   3.6815949e+01   5.3320994e+01  -1.4000000e+02   5.2335521e+01   2.0068780e+01  -3.1807710e+01  -1.4204404e+01
   3.8727022e+01   5.7072430e+01  -1.4000000e+02   5.5017038e+01   2.3266202e+01  -2.9743621e+01  -1.8554374e+01
   4.0296710e+01   5.8885847e+01  -1.4000000e+02   5.7122858e+01   2.6314636e+01  -2.7779295e+01  -2.2639565e+01
   4.1366714e+01   6.1717790e+01  -1.4000000e+02   5.9331510e+01   2.8384985e+01  -2.5675101e+01  -2.8701599e+01
   4.3144403e+01   6.1582840e+01  -1.4000000e+02   6.1336699e+01   3.0275395e+01  -2.5706670e+01  -2.9295154e+01
   4.2735761e+01   6.1840697e+01  -1.4000000e+02   6.2680318e+01   2.9566073e+01  -2.6597969e+01  -3.2548094e+01
   4.1767705e+01   5.8977677e+01  -1.4000000e+02   5.8868859e+01   3.0922846e+01  -2.9260320e+01  -2.7608235e+01
   3.8299142e+01   5.6173296e+01  -1.4000000e+02   5.1926246e+01   2.8718102e+01  -3.2519759e+01  -2.7551529e+01
   3.5218041e+01   5.4188118e+01  -1.4000000e+02   4.5864232e+01   2.9614623e+01  -3.5400560e+01  -2.4317736e+01
   3.0966261e+01   5.0258914e+01  -1.4000000e+02   3.9566896e+01   2.5723030e+01  -3.9071627e+01  -1.7989474e+01
   2.7909568e+01   4.5535564e+01  -1.4000000e+02   3.3038439e+01   1.7712965e+01  -4.3060332e+01  -9.7124864e+00
   2.6002182e+01   4.2087082e+01  -1.4000000e+02   2.7262018e+01   9.8773881e+00  -4.6408443e+01  -9.6733482e-01
   2.5445953e+01   3.8966923e+01  -1.4000000e+02   2.3039761e+01   3.3690099e+00  -4.9344196e+01   7.7845253e+00
   2.1590151e+01   3.7687130e+01  -1.4000000e+02   2.0106967e+01  -3.3460983e+00  -5.1025947e+01   1.6558420e+01
   2.2964884e+01   3.5160692e+01  -1.4000000e+02   1.7549346e+01  -8.0542805e+00  -5.2709233e+01   2.5312097e+01
   2.4014840e+01   3.5132682e+01  -1.4000000e+02   1.6545709e+01  -1.1417494e+01  -5.3417236e+01   3.4276932e+01
   2.3724487e+01   3.4399695e+01  -1.4000000e+02   1.4984908e+01  -1.3213999e+01  -5.3690987e+01   4.4370102e+01
   2.2476737e+01   3.5324276e+01  -1.4000000e+02   1.3871339e+01  -1.3980575e+01  -5.3180255e+01   5.3007615e+01
   2.1258126e+01   3.6044679e+01  -1.4000000e+02   1.3263623e+01  -1.2591091e+01  -5.3010570e+01   6.0064982e+01
   2.1190247e+01   3.4316072e+01  -1.4000000e+02   1.2789162e+01  -1.2041072e+01  -5.3552854e+01   6.3555952e+01
   2.1654159e+01   3.3124033e+01  -1.4000000e+02   1.3177902e+01  -1.2171019e+01  -5.3300882e+01   6.3937185e+01
   2.2973936e+01   3.4141324e+01  -1.4000000e+02   1.3971893e+01  -1.3923683e+01  -5.2625000e+01   6.1258060e+01
   2.3800961e+01   3.5393343e+01  -1.4000000e+02   1.4847036e+01  -1.4238862e+01  -5.1197598e+01   5.7464273e+01
   2.5179116e+01   3.4815881e+01  -1.4000000e+02   1.4807076e+01  -1.1539812e+01  -5.0635870e+01   5.7349482e+01
   2.5215209e+01   3.6609541e+01  -1.4000000e+02   1.5179450e+01  -8.2436950e+00  -4.9201798e+01   5.5330971e+01
   2.4778291e+01   3.7336154e+01  -1.4000000e+02   1.5627787e+01  -5.2949340e+00  -4.7789034e+01   5.4490611e+01
   2.4930454e+01   3.7366294e+01  -1.4000000e+02   1.6003220e+01  -4.2002110e+00  -4.6376044e+01   5.1617687e+01
   2.5396941e+01   3.9086187e+01  -1.4000000e+02   1.6395542e+01  -6.9581584e-01  -4.4222168e+01   5.0972929e+01
   2.4155377e+01   4.2514904e+01  -1.4000000e+02   1.8063406e+01   2.1670612e+00  -4.1651614e+01   4.7565036e+01
   2.3802817e+01   4.4969033e+01  -1.4000000e+02   1.8985978e+01   5.4207366e+00  -3.9350199e+01   4.6752342e+01
   2.3500382e+01   4.5099674e+01  -1.4000000e+02   1.8772419e+01   7.4126416e+00  -3.8880306e+01   4.6031008e+01
   2.4195353e+01   4.4321333e+01  -1.4000000e+02   1.9343868e+01   8.5202770e+00  -3.8459304e+01   4.4162916e+01
   2.5205037e+01   4.4562759e+01  -1.4000000e+02   2.0555069e+01   1.0150010e+01  -3.7381605e+01   4.0871700e+01
   2.5014053e+01   4.6655253e+01  -1.4000000e+02   2.1760408e+01   1.1911917e+01  -3.6087813e+01   3.8515036e+01
   2.5777242e+01   4.4460873e+01  -1.4000000e+02   2.1212020e+01   1.1557459e+01  -3.5760172e+01   3.6922938e+01
   2.7076384e+01   4.7141489e+01  -1.4000000e+02   2.2421910e+01   1.2422649e+01  -3.4597281e+01   3.5800122e+01
   2.9070995e+01   4.6986475e+01  -1.4000000e+02   2.4573973e+01   1.1372998e+01  -3.4832708e+01   3.3607675e+01
   3.1377310e+01   4.8862768e+01  -1.4000000e+02   2.6998852e+01   1.0121649e+01  -3.4288378e+01   3.1541258e+01
   3.1586820e+01   4.6595199e+01  -1.4000000e+02   2.8179544e+01   1.0830515e+01  -3.5509348e+01   2.9265905e+01
   3.1208168e+01   4.7772544e+01  -1.4000000e+02   3.0410478e+01   1.3936375e+01  -3.4927121e+01   2.6150180e+01
   3.2018713e+01   4.7400362e+01  -1.4000000e+02   3.3099808e+01   1.4188177e+01  -3.4825845e+01   2.0866567e+01
   3.2737694e+01   4.5682837e+01  -1.4000000e+02   3.5055221e+01   1.4236864e+01  -3.5070591e+01   1.5992758e+01
   3.1259207e+01   4.9796100e+01  -1.4000000e+02   3.7498826e+01   1.9435865e+01  -3.2616398e+01   9.6420588e+00
   3.1329418e+01   5.1195381e+01  -1.4000000e+02   4.0040200e+01   2.2812887e+01  -3.0735907e+01   5.6148637e+00
   3.1843077e+01   5.3781967e+01  -1.4000000e+02   4.2041273e+01   2.5130180e+01  -2.8765815e+01   1.8171579e+00
   3.3341473e+01   5.5732984e+01  -1.4000000e+02   4.4051637e+01   2.7356271e+01  -2.7016177e+01  -1.2538353e+00
   3.4513206e+01   5.6410778e+01  -1.4000000e+02   4.5822938e+01   2.8041029e+01  -2.6461758e+01  -5.7111252e+00
   3.5767099e+01   5.6762832e+01  -1.4000000e+02   4.7405389e+01   2.7773612e+01  -2.5943267e+01  -9.1780023e+00
   3.6516414e+01   5.5388259e+01  -1.4000000e+02   4.8820692e+01   2.6299911e+01  -2.6626888e+01  -1.2194752e+01
   3.7155032e+01   5.4213149e+01  -1.4000000e+02   5.0139196e+01   2.5366419e+01  -2.7223331e+01  -1.3851231e+01
   3.8592921e+01   5.5345609e+01  -1.4000000e+02   5.0916064e+01   2.6047276e+01  -2.6844946e+01  -1.4597430e+01
   3.7614375e+01   5.3117806e+01  -1.4000000e+02   4.6856345e+01   2.5292226e+01  -3.0544000e+01  -1.6118011e+01
   3.7257858e+01   5.2758444e+01  -1.4000000e+02   4.4124198e+01   2.3808175e+01  -3.4921824e+01  -1.7487717e+01
   3.6164255e+01   5.0483681e+01  -1.4000000e+02   3.9408888e+01   2.1820835e+01  -3.7730344e+01  -1.6734879e+01
   3.3602571e+01   4.8241160e+01  -1.4000000e+02   3.4366760e+01   1.7704931e+01  -3.9791393e+01  -1.0843568e+01
   3.1613159e+01   4.3355244e+01  -1.4000000e+02   2.9715061e+01   1.1786890e+01  -4.2185031e+01  -2.2206526e+00
   2.9655367e+01   4.0329060e+01  -1.4000000e+02   2.6760392e+01   6.9808154e+00  -4.4263482e+01   5.9977060e+00
   2.5850187e+01   3.8584228e+01  -1.4000000e+02   2.2450068e+01   1.6783111e+00  -4.5040612e+01   1.3166585e+01
   2.3521301e+01   3.5521609e+01  -1.4000000e+02   1.8924399e+01  -2.6782796e+00  -4.6383941e+01   2.2534379e+01
   2.2296341e+01   3.3160921e+01  -1.4000000e+02   1.6250406e+01  -4.9389466e+00  -4.6917263e+01   3.3143179e+01
   2.0687715e+01   3.2301347e+01  -1.4000000e+02   1.2555626e+01  -7.3616591e+00  -4.7494777e+01   4.3454101e+01
   1.9556298e+01   3.1127607e+01  -1.4000000e+02   9.8741095e+00  -9.3073660e+00  -4.8281409e+01   5.2965603e+01
   2.0119392e+01   3.0909261e+01  -1.4000000e+02   8.1996694e+00  -1.3375635e+01  -4.9065031e+01   5.6505347e+01
   2.1936921e+01   3.3322118e+01  -1.4000000e+02   7.7838597e+00  -1.3650354e+01  -4.8795804e+01   6.2811987e+01
   2.3961720e+01   3.5436199e+01  -1.4000000e+02   8.6112359e+00  -1.4862475e+01  -4.8169707e+01   6.3185736e+01
   2.4187136e+01   3.8307562e+01  -1.4000000e+02   1.0333055e+01  -1.3897251e+01  -4.6469783e+01   6.2514238e+01
   2.3669022e+01   3.8434466e+01  -1.4000000e+02   1.1923030e+01  -1.1702451e+01  -4.5486441e+01   6.0020093e+01
   2.4654172e+01   3.7010600e+01  -1.4000000e+02   1.1928271e+01  -8.1227590e+00  -4.5182492e+01   5.9987524e+01
   2.4348439e+01   3.7855114e+01  -1.4000000e+02   1.2696522e+01  -4.7789110e+00  -4.3800662e+01   5.5711561e+01
   2.4243137e+01   4.0188763e+01  -1.4000000e+02   1.4365137e+01   8.4622371e-02  -4.1530197e+01   5.4231497e+01
   2.2787715e+01   4.2648858e+01  -1.4000000e+02   1.6868174e+01   1.8694482e+00  -3.8968419e+01   4.7221806e+01
   2.5290186e+01   4.6532325e+01  -1.4000000e+02   1.8990885e+01   7.2308997e+00  -3.6091219e+01   4.6610281e+01
   2.5412090e+01   4.2218155e+01  -1.4000000e+02   1.8921770e+01   7.2307396e+00  -3.6096723e+01   4.3072802e+01
   2.6127072e+01   3.8751822e+01  -1.4000000e+02   1.7894816e+01   7.9842759e+00  -3.6104643e+01   4.1260970e+01
   2.8983548e+01   3.8369131e+01  -1.4000000e+02   1.9701249e+01   6.7813051e+00  -3.6086622e+01   3.8445241e+01
   2.9173081e+01   3.9899030e+01  -1.4000000e+02   2.0651573e+01   8.5781471e+00  -3.5081291e+01   3.5696867e+01
   2.8421585e+01   3.9712018e+01  -1.4000000e+02   2.2680496e+01   8.4059982e+00  -3.3861165e+01   2.9398150e+01
   2.8300748e+01   4.3231908e+01  -1.4000000e+02   2.6840164e+01   1.2019396e+01  -3.2880017e+01   2.4301669e+01
   2.9677516e+01   4.6137407e+01  -1.4000000e+02   3.1161961e+01   1.4473153e+01  -3.2290731e+01   2.0329779e+01
   3.0358726e+01   4.9052664e+01  -1.4000000e+02   3.5196296e+01   1.7642775e+01  -3.1871806e+01   1.6261134e+01
   3.1552101e+01   4.7648757e+01  -1.4000000e+02   3.7843694e+01   1.8653486e+01  -3.2467791e+01   1.2237578e+01
   3.1868104e+01   4.9570536e+01  -1.4000000e+02   4.0741839e+01   2.1077311e+01  -3.1251743e+01   5.8526498e+00
   3.4004851e+01   5.0778016e+01  -1.4000000e+02   4.4970075e+01   2.3342244e+01  -3.0684171e+01   1.3535014e+00
   3.5863923e+01   5.4322427e+01  -1.4000000e+02   5.1437376e+01   2.7483326e+01  -3.0430154e+01  -7.0960147e+00
   3.9269021e+01   5.6893760e+01  -1.4000000e+02   5.6777973e+01   2.6590235e+01  -3.0758993e+01  -1.4598997e+01
   4.2233814e+01   5.8190772e+01  -1.4000000e+02   6.2313882e+01   2.7553297e+01  -3.2283284e+01  -1.8135296e+01
   4.3678357e+01   5.9780319e+01  -1.4000000e+02   6.6018151e+01   2.9251910e+01  -3.3266650e+01  -2.1318416e+01
   4.5057070e+01   5.7014497e+01  -1.4000000e+02   6.8003104e+01   2.5738933e+01  -3.5228719e+01  -2.7747412e+01
   4.4975851e+01   5.6212859e+01  -1.4000000e+02   6.6244176e+01   2.7837838e+01  -3.5351815e+01  -2.9457880e+01
   4.0178346e+01   5.4889256e+01  -1.4000000e+02   5.9406536e+01   2.9235220e+01  -3.8203403e+01  -3.0528592e+01
   3.5610651e+01   5.2964847e+01  -1.4000000e+02   5.3388907e+01   2.9598546e+01  -3.9527433e+01  -2.9072288e+01
   3.1714595e+01   4.9927346e+01  -1.4000000e+02   4.7249862e+01   2.5533736e+01  -4.0328125e+01  -2.4110127e+01
   2.9028831e+01   4.6660566e+01  -1.4000000e+02   4.0913796e+01   2.0720289e+01  -4.1833996e+01  -1.8406304e+01
   2.9653088e+01   4.4149623e+01  -1.4000000e+02   3.4719800e+01   1.4664076e+01  -4.3802051e+01  -1.0712764e+01
   2.9603492e+01   4.3125182e+01  -1.4000000e+02   3.0059807e+01   9.0182843e+00  -4.6475858e+01  -2.4484921e+00
   2.9473008e+01   4.0150942e+01  -1.4000000e+02   2.5234249e+01   4.3980768e+00  -5.0008208e+01   6.5094927e+00
   2.6511425e+01   3.7186495e+01  -1.4000000e+02   2.1174529e+01  -9.5619981e-01  -5.2513234e+01   1.5692891e+01
   2.4889294e+01   3.3699065e+01  -1.4000000e+02   1.7437837e+01  -5.8575207e+00  -5.3809118e+01   2.6624159e+01
