   2.5809016e+01   4.5707440e+01  -1.5449797e+02   3.0981299e+01   1.2570467e+01  -4.2123541e+01   4.7543017e+01
   2.7516394e+01   4.4595610e+01  -1.5232218e+02   2.9914735e+01   1.1739194e+01  -4.0413611e+01   4.3068094e+01
   3.1000000e+01   4.5000000e+01  -1.5385703e+02   3.0396004e+01   1.3000000e+01  -3.6936793e+01   4.0221803e+01
   3.1000000e+01   4.5000000e+01  -1.5336564e+02   3.0746426e+01   1.3000000e+01  -3.5512787e+01   3.5714690e+01
   3.1000000e+01   4.5000000e+01  -1.5150610e+02   3.3204026e+01   1.3000000e+01  -3.5965545e+01   3.1099716e+01
   3.1000000e+01   4.5000000e+01  -1.4975043e+02   3.2004644e+01   1.3000000e+01  -3.4540800e+01   2.8429452e+01
   3.1000000e+01   4.5000000e+01  -1.4791695e+02   3.3526687e+01   1.3000000e+01  -3.4198129e+01   2.3034045e+01
   3.1000000e+01   4.5000000e+01  -1.4452753e+02   3.3457533e+01   1.3000000e+01  -3.3077489e+01   1.9794105e+01
   3.1000000e+01   4.5000000e+01  -1.4231234e+02   3.3301446e+01   1.3000000e+01  -3.2067665e+01   1.4364570e+01
   3.1000000e+01   4.5000000e+01  -1.4007849e+02   3.3159880e+01   1.3000000e+01  -3.0970000e+01   1.1128502e+01
   3.1000000e+01   4.5000000e+01  -1.3853579e+02   3.4916376e+01   1.3000000e+01  -3.0159171e+01   4.1529792e+00
   3.1000000e+01   4.5000000e+01  -1.3594424e+02   3.5321510e+01   1.3000000e+01  -2.8891622e+01  -8.4104489e-01
   3.1000000e+01   4.5000000e+01  -1.3180048e+02   3.5409397e+01   1.3000000e+01  -2.8241941e+01  -7.1674371e+00
   3.1000000e+01   4.5000000e+01  -1.2897678e+02   3.5020123e+01   1.3000000e+01  -2.7563659e+01  -1.2144581e+01
   3.1000000e+01   4.5000000e+01  -1.2473443e+02   3.4686719e+01   1.3000000e+01  -2.6419918e+01  -1.8683750e+01
   3.1000000e+01   4.5000000e+01  -1.2213888e+02   3.4256457e+01   1.3000000e+01  -2.4216711e+01  -2.4860112e+01
   3.1000000e+01   4.5000000e+01  -1.1893201e+02   3.3589836e+01   1.3000000e+01  -2.2097962e+01  -3.1961464e+01
   3.1000000e+01   4.5000000e+01  -1.1649790e+02   3.2698591e+01   1.3000000e+01  -1.9709486e+01  -3.8690951e+01
   3.1000000e+01   4.5000000e+01  -1.1381231e+02   3.0889671e+01   1.3000000e+01  -1.7763602e+01  -4.2945611e+01
   3.1000000e+01   4.5000000e+01  -1.1304328e+02   2.9390455e+01   1.3000000e+01  -1.5497188e+01  -4.5024279e+01
   3.1000000e+01   4.5000000e+01  -1.1334383e+02   2.8015291e+01   1.3000000e+01  -1.5182107e+01  -4.5436188e+01
   3.1000000e+01   4.5000000e+01  -1.1892629e+02   2.4982975e+01   1.3000000e+01  -1.6226408e+01  -4.1524503e+01
   3.1000000e+01   4.5000000e+01  -1.2170471e+02   2.1970640e+01   1.3000000e+01  -1.9466021e+01  -3.6066254e+01
   3.1000000e+01   4.5000000e+01  -1.2552116e+02   1.9442645e+01   1.3000000e+01  -2.2142770e+01  -2.7048280e+01
   3.1000000e+01   4.5000000e+01  -1.3315436e+02   1.9694185e+01   1.3000000e+01  -2.4537861e+01  -1.6590906e+01
   3.1000000e+01   4.5000000e+01  -1.4190503e+02   2.1345699e+01   1.3000000e+01  -2.6924450e+01  -5.6721664e+00
   3.1000000e+01   4.5000000e+01  -1.5161091e+02   2.3497617e+01   1.3000000e+01  -3.0827183e+01   5.5701464e+00
   3.1000000e+01   4.5000000e+01  -1.5800685e+02   2.4523862e+01   1.3000000e+01  -3.3707168e+01   1.7412241e+01
   3.1000000e+01   4.5000000e+01  -1.6168939e+02   2.4500467e+01   1.3000000e+01  -3.7708491e+01   2.9222114e+01
   3.1000000e+01   4.5000000e+01  -1.6238672e+02   2.4434383e+01   1.3000000e+01  -4.2113182e+01   4.0523105e+01
   3.1000000e+01   4.5000000e+01  -1.6357919e+02   2.5794279e+01   1.3000000e+01  -4.5281550e+01   5.1095372e+01
   3.1000000e+01   4.5000000e+01  -1.6238158e+02   2.6857516e+01   1.3000000e+01  -4.8788734e+01   5.8323872e+01
   3.1000000e+01   4.5000000e+01  -1.6320900e+02   3.0009707e+01   1.3000000e+01  -5.0243175e+01   5.9275288e+01
   3.1000000e+01   4.5000000e+01  -1.6381622e+02   3.3762327e+01   1.3000000e+01  -5.0370116e+01   5.7349355e+01
   3.1000000e+01   4.5000000e+01  -1.6271815e+02   3.6557489e+01   1.3000000e+01  -5.1165316e+01   5.3779149e+01
   3.1000000e+01   4.5000000e+01  -1.6181033e+02   3.8855274e+01   1.3000000e+01  -5.0791492e+01   4.9043908e+01
   3.1000000e+01   4.5000000e+01  -1.6164424e+02   4.1584287e+01   1.3000000e+01  -4.9476275e+01   4.4699089e+01
   3.1000000e+01   4.5000000e+01  -1.6204855e+02   4.0366549e+01   1.3000000e+01  -4.6904581e+01   4.2374364e+01
   3.1000000e+01   4.5000000e+01  -1.6013311e+02   3.8345561e+01   1.3000000e+01  -4.4143047e+01   3.9466529e+01
   3.1000000e+01   4.5000000e+01  -1.5463213e+02   3.4815478e+01   1.3000000e+01  -4.1525609e+01   4.0238181e+01
   3.1000000e+01   4.5000000e+01  -1.5363407e+02   3.4955619e+01   1.3000000e+01  -4.0722755e+01   3.7538807e+01
   3.1000000e+01   4.5000000e+01  -1.5149464e+02   3.4434665e+01   1.3000000e+01  -4.0721425e+01   3.3832658e+01
   3.1000000e+01   4.5000000e+01  -1.4889201e+02   3.5530702e+01   1.3000000e+01  -4.0692018e+01   2.9055141e+01
   3.1000000e+01   4.5000000e+01  -1.4679550e+02   3.5399164e+01   1.3000000e+01  -4.0390521e+01   2.6224442e+01
   3.1000000e+01   4.5000000e+01  -1.4490126e+02   3.4282560e+01   1.3000000e+01  -3.8617265e+01   2.2869079e+01
   3.1000000e+01   4.5000000e+01  -1.4359583e+02   3.4228066e+01   1.3000000e+01  -3.8001455e+01   2.0408043e+01
   3.1000000e+01   4.5000000e+01  -1.4278715e+02   3.5774332e+01   1.3000000e+01  -3.8336231e+01   1.6203701e+01
   3.1000000e+01   4.5000000e+01  -1.4091375e+02   3.5822745e+01   1.3000000e+01  -3.7885652e+01   1.5077311e+01
   3.1000000e+01   4.5000000e+01  -1.3828757e+02   3.5802186e+01   1.3000000e+01  -3.7668220e+01   1.1924381e+01
   3.1000000e+01   4.5000000e+01  -1.3618931e+02   3.5333539e+01   1.3000000e+01  -3.6220201e+01   6.4998680e+00
   3.1000000e+01   4.5000000e+01  -1.3288592e+02   3.4859813e+01   1.3000000e+01  -3.4886418e+01   1.9491221e+00
   3.1000000e+01   4.5000000e+01  -1.3135492e+02   3.4753067e+01   1.3000000e+01  -3.3095268e+01  -2.9241561e+00
   3.1000000e+01   4.5000000e+01  -1.2866735e+02   3.3046889e+01   1.3000000e+01  -3.1464051e+01  -6.0818630e+00
   3.1000000e+01   4.5000000e+01  -1.2646900e+02   3.1895780e+01   1.3000000e+01  -2.9321174e+01  -1.1120768e+01
   3.1000000e+01   4.5000000e+01  -1.2467291e+02   3.1126998e+01   1.3000000e+01  -2.6655422e+01  -1.6818667e+01
   3.1000000e+01   4.5000000e+01  -1.2252616e+02   3.1220687e+01   1.3000000e+01  -2.3381305e+01  -2.3170685e+01
   3.1000000e+01   4.5000000e+01  -1.2027384e+02   3.0837007e+01   1.3000000e+01  -2.0654878e+01  -2.8402895e+01
   3.1000000e+01   4.5000000e+01  -1.1860708e+02   3.0384811e+01   1.3000000e+01  -1.8384443e+01  -3.3035062e+01
   3.1000000e+01   4.5000000e+01  -1.1714157e+02   2.9754228e+01   1.3000000e+01  -1.6475949e+01  -3.6193758e+01
   3.1000000e+01   4.5000000e+01  -1.1681098e+02   2.8691561e+01   1.3000000e+01  -1.5319914e+01  -3.7699592e+01
   3.1000000e+01   4.5000000e+01  -1.1896363e+02   2.4947928e+01   1.3000000e+01  -1.7061985e+01  -3.6408124e+01
   3.1000000e+01   4.5000000e+01  -1.2148647e+02   2.1703458e+01   1.3000000e+01  -1.8922856e+01  -3.0706032e+01
   3.1000000e+01   4.5000000e+01  -1.2480093e+02   1.8838288e+01   1.3000000e+01  -2.1872521e+01  -2.3051640e+01
   3.1000000e+01   4.5000000e+01  -1.2924379e+02   1.7594120e+01   1.3000000e+01  -2.5193761e+01  -1.3198879e+01
   3.1000000e+01   4.5000000e+01  -1.3764629e+02   1.8559049e+01   1.3000000e+01  -2.8394489e+01  -2.8761856e+00
   3.1000000e+01   4.5000000e+01  -1.4616944e+02   2.1873242e+01   1.3000000e+01  -3.1124837e+01   7.5848350e+00
   3.1000000e+01   4.5000000e+01  -1.5518830e+02   2.5998509e+01   1.3000000e+01  -3.4734506e+01   1.7668753e+01
   3.1000000e+01   4.5000000e+01  -1.6072066e+02   2.8808041e+01   1.3000000e+01  -3.9485215e+01   2.6600207e+01
   3.1000000e+01   4.5000000e+01  -1.6351221e+02   3.1177655e+01   1.3000000e+01  -4.4693852e+01   3.3741961e+01
   3.1000000e+01   4.5000000e+01  -1.6686824e+02   3.4297951e+01   1.3000000e+01  -4.8949859e+01   4.0486538e+01
   3.1000000e+01   4.5000000e+01  -1.6605543e+02   3.4849515e+01   1.3000000e+01  -5.2775144e+01   4.8442285e+01
   3.1000000e+01   4.5000000e+01  -1.6672715e+02   3.6212615e+01   1.3000000e+01  -5.5150705e+01   5.5596840e+01
   3.1000000e+01   4.5000000e+01  -1.6785734e+02   3.9938552e+01   1.3000000e+01  -5.5154219e+01   5.7528039e+01
   3.1000000e+01   4.5000000e+01  -1.6752781e+02   4.2559713e+01   1.3000000e+01  -5.5761760e+01   5.3729117e+01
   3.1000000e+01   4.5000000e+01  -1.6557121e+02   4.4678799e+01   1.3000000e+01  -5.6347790e+01   5.3772215e+01
   3.1000000e+01   4.5000000e+01  -1.6391757e+02   4.5961599e+01   1.3000000e+01  -5.7535182e+01   5.2550588e+01
   3.1000000e+01   4.5000000e+01  -1.6332619e+02   4.3939012e+01   1.3000000e+01  -5.7129420e+01   5.0995405e+01
   3.1000000e+01   4.5000000e+01  -1.6140550e+02   4.3665163e+01   1.3000000e+01  -5.5357780e+01   4.8227627e+01
   3.1000000e+01   4.5000000e+01  -1.6079704e+02   4.2667215e+01   1.3000000e+01  -5.2212840e+01   4.7510797e+01
   3.1000000e+01   4.5000000e+01  -1.5916919e+02   4.0689497e+01   1.3000000e+01  -4.9917039e+01   4.6635376e+01
   3.1000000e+01   4.5000000e+01  -1.5632366e+02   4.0860422e+01   1.3000000e+01  -4.8612828e+01   4.3782718e+01
   3.1000000e+01   4.5000000e+01  -1.5355381e+02   3.9092588e+01   1.3000000e+01  -4.7111143e+01   4.1166106e+01
   3.1000000e+01   4.5000000e+01  -1.5360272e+02   3.8695461e+01   1.3000000e+01  -4.4783212e+01   3.4126427e+01
   3.1000000e+01   4.5000000e+01  -1.5275599e+02   3.8979884e+01   1.3000000e+01  -4.3422193e+01   3.0865762e+01
   3.1000000e+01   4.5000000e+01  -1.5070135e+02   4.4055296e+01   1.3000000e+01  -4.5892033e+01   2.5421898e+01
   3.1000000e+01   4.5000000e+01  -1.5061052e+02   4.4690167e+01   1.3000000e+01  -4.4967002e+01   2.2881454e+01
   3.1000000e+01   4.5000000e+01  -1.4925592e+02   4.3027406e+01   1.3000000e+01  -4.2658542e+01   1.8314751e+01
   3.1000000e+01   4.5000000e+01  -1.4572528e+02   4.1887114e+01   1.3000000e+01  -4.1930886e+01   1.5955868e+01
   3.1000000e+01   4.5000000e+01  -1.4373504e+02   4.0648381e+01   1.3000000e+01  -3.9282153e+01   1.2728150e+01
   3.1000000e+01   4.5000000e+01  -1.4195258e+02   3.9444881e+01   1.3000000e+01  -3.6882691e+01   7.1571245e+00
   3.1000000e+01   4.5000000e+01  -1.3874937e+02   3.8454813e+01   1.3000000e+01  -3.4364915e+01   1.0947313e+00
   3.1000000e+01   4.5000000e+01  -1.3465334e+02   3.7112244e+01   1.3000000e+01  -3.2128447e+01  -3.1033089e+00
   3.1000000e+01   4.5000000e+01  -1.3261392e+02   3.6704960e+01   1.3000000e+01  -2.9395861e+01  -1.0151224e+01
   3.1000000e+01   4.5000000e+01  -1.3037263e+02   3.6289069e+01   1.3000000e+01  -2.6813279e+01  -1.6025514e+01
   3.1000000e+01   4.5000000e+01  -1.2792207e+02   3.5480285e+01   1.3000000e+01  -2.4763472e+01  -2.0095798e+01
   3.1000000e+01   4.5000000e+01  -1.2361711e+02   3.3197081e+01   1.3000000e+01  -2.3967698e+01  -2.0013939e+01
   3.1000000e+01   4.5000000e+01  -1.2493347e+02   3.2042086e+01   1.3000000e+01  -2.3400208e+01  -1.8422785e+01
   3.1000000e+01   4.5000000e+01  -1.2895762e+02   2.8706746e+01   1.3000000e+01  -2.4514988e+01  -1.0393368e+01
   3.1000000e+01   4.5000000e+01  -1.3466116e+02   2.6745841e+01   1.3000000e+01  -2.8221701e+01  -1.4221574e+00
   3.1000000e+01   4.5000000e+01  -1.4160862e+02   2.7287006e+01   1.3000000e+01  -3.2125423e+01   6.2544934e+00
   3.1000000e+01   4.5000000e+01  -1.4726127e+02   2.9742272e+01   1.3000000e+01  -3.7293770e+01   1.2745989e+01
   3.1000000e+01   4.5000000e+01  -1.5412322e+02   3.2643279e+01   1.3000000e+01  -4.2707272e+01   2.0390590e+01
   3.1000000e+01   4.5000000e+01  -1.5873270e+02   3.4953953e+01   1.3000000e+01  -4.8430707e+01   3.0988379e+01
   3.1000000e+01   4.5000000e+01  -1.6243818e+02   3.7329550e+01   1.3000000e+01  -5.1592361e+01   4.2234742e+01
   3.1000000e+01   4.5000000e+01  -1.6607868e+02   3.9004419e+01   1.3000000e+01  -5.3640603e+01   5.2399867e+01
   3.1000000e+01   4.5000000e+01  -1.6602698e+02   4.0717811e+01   1.3000000e+01  -5.5880645e+01   6.0084137e+01
   3.1000000e+01   4.5000000e+01  -1.6482148e+02   4.2208894e+01   1.3000000e+01  -5.8464177e+01   6.2458156e+01
   3.1000000e+01   4.5000000e+01  -1.6465828e+02   4.3899940e+01   1.3000000e+01  -5.9910602e+01   6.0474696e+01
   3.1000000e+01   4.5000000e+01  -1.6498425e+02   4.6248180e+01   1.3000000e+01  -6.0047890e+01   5.6887935e+01
   3.1000000e+01   4.5000000e+01  -1.6433122e+02   4.8167852e+01   1.3000000e+01  -6.0011954e+01   5.3610953e+01
   3.1000000e+01   4.5000000e+01  -1.6422310e+02   4.7255399e+01   1.3000000e+01  -5.9307519e+01   5.1755007e+01
   3.1000000e+01   4.5000000e+01  -1.6258264e+02   4.8077190e+01   1.3000000e+01  -5.7021208e+01   4.9268290e+01
   3.1000000e+01   4.5000000e+01  -1.6327946e+02   4.6316364e+01   1.3000000e+01  -5.4711533e+01   4.6651872e+01
   3.1000000e+01   4.5000000e+01  -1.6288918e+02   4.5198373e+01   1.3000000e+01  -5.2055250e+01   4.4688277e+01
   3.1000000e+01   4.5000000e+01  -1.6161417e+02   4.4645333e+01   1.3000000e+01  -5.0637376e+01   4.2757110e+01
   3.1000000e+01   4.5000000e+01  -1.5745497e+02   4.3690502e+01   1.3000000e+01  -4.9948785e+01   3.9775259e+01
   3.1000000e+01   4.5000000e+01  -1.5434356e+02   4.2488102e+01   1.3000000e+01  -4.9453160e+01   3.8474209e+01
   3.1000000e+01   4.5000000e+01  -1.5333586e+02   4.2096292e+01   1.3000000e+01  -4.8182699e+01   3.5003693e+01
   3.1000000e+01   4.5000000e+01  -1.4955978e+02   3.9132878e+01   1.3000000e+01  -4.4759488e+01   3.1962895e+01
   3.1000000e+01   4.5000000e+01  -1.4847860e+02   3.9475155e+01   1.3000000e+01  -4.3899476e+01   2.9537011e+01
   3.1000000e+01   4.5000000e+01  -1.4740718e+02   3.9087651e+01   1.3000000e+01  -4.2314083e+01   2.7421064e+01
   3.1000000e+01   4.5000000e+01  -1.4501821e+02   4.0090144e+01   1.3000000e+01  -4.2618501e+01   2.2999690e+01
   3.1000000e+01   4.5000000e+01  -1.4352976e+02   3.9314162e+01   1.3000000e+01  -4.0995707e+01   1.8307789e+01
   3.1000000e+01   4.5000000e+01  -1.4085413e+02   3.8502403e+01   1.3000000e+01  -3.9410037e+01   1.3903040e+01
   3.1000000e+01   4.5000000e+01  -1.3820213e+02   3.8817179e+01   1.3000000e+01  -3.8117177e+01   6.6364981e+00
   3.1000000e+01   4.5000000e+01  -1.3473278e+02   3.7704960e+01   1.3000000e+01  -3.6216732e+01   2.5106521e+00
   3.1000000e+01   4.5000000e+01  -1.3330773e+02   3.7076904e+01   1.3000000e+01  -3.3732105e+01  -1.7309920e+00
   3.1000000e+01   4.5000000e+01  -1.3126035e+02   3.5961838e+01   1.3000000e+01  -3.0774456e+01  -8.7379415e+00
   3.1000000e+01   4.5000000e+01  -1.2706597e+02   3.5718860e+01   1.3000000e+01  -2.9025726e+01  -1.4445190e+01
   3.1000000e+01   4.5000000e+01  -1.2575141e+02   3.4700196e+01   1.3000000e+01  -2.6366676e+01  -1.9565752e+01
   3.1000000e+01   4.5000000e+01  -1.2550635e+02   3.3761125e+01   1.3000000e+01  -2.3666120e+01  -2.3946899e+01
   3.1000000e+01   4.5000000e+01  -1.2752952e+02   3.1020118e+01   1.3000000e+01  -2.4839672e+01  -2.4467871e+01
   3.1000000e+01   4.5000000e+01  -1.3123539e+02   2.8732666e+01   1.3000000e+01  -2.5960409e+01  -2.5927073e+01
   3.1000000e+01   4.5000000e+01  -1.3492522e+02   2.8398520e+01   1.3000000e+01  -2.8131164e+01  -2.2730442e+01
   3.1000000e+01   4.5000000e+01  -1.3805807e+02   2.9745789e+01   1.3000000e+01  -3.0679904e+01  -1.3649712e+01
   3.1000000e+01   4.5000000e+01  -1.4316865e+02   3.1181697e+01   1.3000000e+01  -3.3865246e+01  -2.7954114e+00
   3.1000000e+01   4.5000000e+01  -1.5129216e+02   3.3791598e+01   1.3000000e+01  -3.8154464e+01   7.5363280e+00
   3.1000000e+01   4.5000000e+01  -1.5962235e+02   3.6216573e+01   1.3000000e+01  -4.2723808e+01   1.5134896e+01
   3.1000000e+01   4.5000000e+01  -1.6330703e+02   3.7228855e+01   1.3000000e+01  -4.7741361e+01   2.4325282e+01
   3.1000000e+01   4.5000000e+01  -1.6360259e+02   3.8096617e+01   1.3000000e+01  -5.2495877e+01   3.6071172e+01
   3.1000000e+01   4.5000000e+01  -1.6625175e+02   3.8895452e+01   1.3000000e+01  -5.6908646e+01   4.6217238e+01
   3.1000000e+01   4.5000000e+01  -1.6568861e+02   3.9565262e+01   1.3000000e+01  -6.0713918e+01   5.5827519e+01
   3.1000000e+01   4.5000000e+01  -1.6669014e+02   4.0880302e+01   1.3000000e+01  -6.3072303e+01   6.1473053e+01
   3.1000000e+01   4.5000000e+01  -1.6646065e+02   4.3288695e+01   1.3000000e+01  -6.4523266e+01   6.1302550e+01
   3.1000000e+01   4.5000000e+01  -1.6489464e+02   4.6457211e+01   1.3000000e+01  -6.4941224e+01   6.2370244e+01
   3.1000000e+01   4.5000000e+01  -1.6649359e+02   4.9176036e+01   1.3000000e+01  -6.4562057e+01   5.6897887e+01
   3.1000000e+01   4.5000000e+01  -1.6557915e+02   5.0329525e+01   1.3000000e+01  -6.5128721e+01   5.5121756e+01
   3.1000000e+01   4.5000000e+01  -1.6222696e+02   5.0782299e+01   1.3000000e+01  -6.5839841e+01   5.6031469e+01
   3.1000000e+01   4.5000000e+01  -1.6327053e+02   4.9168951e+01   1.3000000e+01  -6.3812914e+01   5.5079184e+01
   3.1000000e+01   4.5000000e+01  -1.6440664e+02   4.8333961e+01   1.3000000e+01  -6.1190376e+01   4.9000231e+01
   3.1000000e+01   4.5000000e+01  -1.6205098e+02   4.7399586e+01   1.3000000e+01  -5.8961413e+01   4.8542813e+01
   3.1000000e+01   4.5000000e+01  -1.6044031e+02   4.6070183e+01   1.3000000e+01  -5.6611076e+01   4.8712473e+01
   3.1000000e+01   4.5000000e+01  -1.5990176e+02   4.5619630e+01   1.3000000e+01  -5.4999816e+01   4.5925648e+01
   3.1000000e+01   4.5000000e+01  -1.5809062e+02   4.4056568e+01   1.3000000e+01  -5.2901268e+01   4.3463070e+01
   3.1000000e+01   4.5000000e+01  -1.5663789e+02   4.2412329e+01   1.3000000e+01  -4.9171749e+01   4.0615515e+01
   3.1000000e+01   4.5000000e+01  -1.5475829e+02   4.1730176e+01   1.3000000e+01  -4.6448929e+01   3.5326307e+01
   3.1000000e+01   4.5000000e+01  -1.5246664e+02   4.3933286e+01   1.3000000e+01  -4.7498784e+01   3.2253650e+01
   3.1000000e+01   4.5000000e+01  -1.5229659e+02   4.2702535e+01   1.3000000e+01  -4.4941946e+01   2.8774893e+01
   3.1000000e+01   4.5000000e+01  -1.4966222e+02   4.4429807e+01   1.3000000e+01  -4.6392906e+01   2.5204957e+01
   3.1000000e+01   4.5000000e+01  -1.4776893e+02   4.4150291e+01   1.3000000e+01  -4.5458629e+01   2.1983138e+01
   3.1000000e+01   4.5000000e+01  -1.4490061e+02   4.2266031e+01   1.3000000e+01  -4.2485627e+01   1.7729542e+01
   3.1000000e+01   4.5000000e+01  -1.4266045e+02   4.1427818e+01   1.3000000e+01  -3.9808372e+01   1.3364442e+01
   3.1000000e+01   4.5000000e+01  -1.4097986e+02   4.0158339e+01   1.3000000e+01  -3.7682016e+01   7.7181572e+00
   3.1000000e+01   4.5000000e+01  -1.3802509e+02   4.0143083e+01   1.3000000e+01  -3.6881941e+01   3.2074666e+00
   3.1000000e+01   4.5000000e+01  -1.3623144e+02   3.7972699e+01   1.3000000e+01  -3.3842806e+01  -1.2010708e+00
   3.1000000e+01   4.5000000e+01  -1.3309747e+02   3.6288735e+01   1.3000000e+01  -3.0827746e+01  -7.3413017e+00
   3.1000000e+01   4.5000000e+01  -1.3175735e+02   3.5256020e+01   1.3000000e+01  -2.7798934e+01  -1.2974041e+01
   3.1000000e+01   4.5000000e+01  -1.3061854e+02   3.3321579e+01   1.3000000e+01  -2.5635388e+01  -1.5038686e+01
   3.1000000e+01   4.5000000e+01  -1.3074574e+02   3.0491174e+01   1.3000000e+01  -2.7230446e+01  -1.3981267e+01
   3.1000000e+01   4.5000000e+01  -1.3344900e+02   2.8887430e+01   1.3000000e+01  -3.0095855e+01  -1.1534574e+01
   3.1000000e+01   4.5000000e+01  -1.3651458e+02   2.8649166e+01   1.3000000e+01  -3.3379466e+01  -5.0521740e+00
   3.1000000e+01   4.5000000e+01  -1.4269319e+02   2.8878917e+01   1.3000000e+01  -3.6302738e+01   2.5773037e+00
   3.1000000e+01   4.5000000e+01  -1.4933603e+02   3.2243955e+01   1.3000000e+01  -4.1098307e+01   9.1506233e+00
   3.1000000e+01   4.5000000e+01  -1.5369534e+02   3.4073836e+01   1.3000000e+01  -4.6171036e+01   1.7137186e+01
   3.1000000e+01   4.5000000e+01  -1.5870866e+02   3.7407735e+01   1.3000000e+01  -5.1674954e+01   2.5236062e+01
   3.1000000e+01   4.5000000e+01  -1.6036341e+02   3.9076591e+01   1.3000000e+01  -5.6118846e+01   3.5021918e+01
   3.1000000e+01   4.5000000e+01  -1.6465397e+02   4.2655620e+01   1.3000000e+01  -5.9629563e+01   4.1319390e+01
   3.1000000e+01   4.5000000e+01  -1.6884695e+02   4.3814112e+01   1.3000000e+01  -6.1938893e+01   4.8439964e+01
   3.1000000e+01   4.5000000e+01  -1.6758661e+02   4.5320882e+01   1.3000000e+01  -6.4091514e+01   5.6090732e+01
   3.1000000e+01   4.5000000e+01  -1.6693891e+02   4.7288826e+01   1.3000000e+01  -6.4913938e+01   6.2336501e+01
   3.1000000e+01   4.5000000e+01  -1.6646061e+02   4.8152307e+01   1.3000000e+01  -6.4583253e+01   6.1342423e+01
   3.1000000e+01   4.5000000e+01  -1.6339186e+02   4.8780294e+01   1.3000000e+01  -6.4907535e+01   5.9115957e+01
   3.1000000e+01   4.5000000e+01  -1.6262287e+02   4.9732306e+01   1.3000000e+01  -6.4383790e+01   5.6292928e+01
   3.1000000e+01   4.5000000e+01  -1.6429462e+02   5.1040076e+01   1.3000000e+01  -6.2973984e+01   5.2384631e+01
   3.1000000e+01   4.5000000e+01  -1.6207404e+02   5.1127156e+01   1.3000000e+01  -6.2569978e+01   5.1908317e+01
   3.1000000e+01   4.5000000e+01  -1.6181433e+02   4.9773417e+01   1.3000000e+01  -6.0378583e+01   5.0145985e+01
   3.1000000e+01   4.5000000e+01  -1.6221522e+02   4.8286467e+01   1.3000000e+01  -5.7269819e+01   4.9626569e+01
   3.1000000e+01   4.5000000e+01  -1.6022685e+02   4.5474355e+01   1.3000000e+01  -5.5474573e+01   4.9760020e+01
   3.1000000e+01   4.5000000e+01  -1.5948948e+02   4.3597455e+01   1.3000000e+01  -5.2971322e+01   4.8521293e+01
   3.1000000e+01   4.5000000e+01  -1.5959704e+02   4.2332429e+01   1.3000000e+01  -5.0105444e+01   4.5505453e+01
   3.1000000e+01   4.5000000e+01  -1.5897494e+02   4.1605381e+01   1.3000000e+01  -4.8120716e+01   4.1097515e+01
   3.1000000e+01   4.5000000e+01  -1.5392866e+02   4.0267333e+01   1.3000000e+01  -4.5881433e+01   3.9704991e+01
   3.1000000e+01   4.5000000e+01  -1.5215464e+02   4.1395872e+01   1.3000000e+01  -4.6129504e+01   3.6630758e+01
   3.1000000e+01   4.5000000e+01  -1.5235671e+02   4.5230271e+01   1.3000000e+01  -4.7219296e+01   3.2508992e+01
   3.1000000e+01   4.5000000e+01  -1.5097168e+02   4.6651281e+01   1.3000000e+01  -4.8075732e+01   3.1026039e+01
   3.1000000e+01   4.5000000e+01  -1.5112007e+02   4.5267784e+01   1.3000000e+01  -4.5614938e+01   2.7846375e+01
   3.1000000e+01   4.5000000e+01  -1.4801395e+02   4.5344206e+01   1.3000000e+01  -4.5509135e+01   2.4573593e+01
   3.1000000e+01   4.5000000e+01  -1.4739519e+02   4.4936035e+01   1.3000000e+01  -4.2954217e+01   1.8282209e+01
   3.1000000e+01   4.5000000e+01  -1.4592235e+02   4.4413671e+01   1.3000000e+01  -4.0595282e+01   1.5157230e+01
   3.1000000e+01   4.5000000e+01  -1.4373338e+02   4.2247836e+01   1.3000000e+01  -3.8004846e+01   1.0500233e+01
   3.1000000e+01   4.5000000e+01  -1.4120497e+02   4.0665768e+01   1.3000000e+01  -3.5684044e+01   6.9414121e+00
   3.1000000e+01   4.5000000e+01  -1.3964962e+02   3.9309410e+01   1.3000000e+01  -3.3225917e+01   2.3120939e+00
   3.1000000e+01   4.5000000e+01  -1.3759552e+02   3.7967492e+01   1.3000000e+01  -3.0789318e+01  -2.2730266e+00
   3.1000000e+01   4.5000000e+01  -1.3449836e+02   3.6234725e+01   1.3000000e+01  -2.8697170e+01  -7.1722405e+00
   3.1000000e+01   4.5000000e+01  -1.3114197e+02   3.5072033e+01   1.3000000e+01  -2.7070914e+01  -1.2218753e+01
   3.1000000e+01   4.5000000e+01  -1.3091619e+02   3.4483117e+01   1.3000000e+01  -2.5221778e+01  -1.6678160e+01
   3.1000000e+01   4.5000000e+01  -1.3324978e+02   3.1552535e+01   1.3000000e+01  -2.7180163e+01  -1.6341676e+01
   3.1000000e+01   4.5000000e+01  -1.3382246e+02   2.8880280e+01   1.3000000e+01  -3.0963883e+01  -1.1387289e+01
   3.1000000e+01   4.5000000e+01  -1.3799991e+02   2.8493064e+01   1.3000000e+01  -3.4133969e+01  -4.4456127e+00
   3.1000000e+01   4.5000000e+01  -1.4256917e+02   2.9215441e+01   1.3000000e+01  -3.7676557e+01   3.8295513e+00
   3.1000000e+01   4.5000000e+01  -1.5167246e+02   3.1581221e+01   1.3000000e+01  -4.1574004e+01   1.2846679e+01
   3.1000000e+01   4.5000000e+01  -1.5933953e+02   3.4783425e+01   1.3000000e+01  -4.5518331e+01   2.0046518e+01
   3.1000000e+01   4.5000000e+01  -1.6610689e+02   3.6369092e+01   1.3000000e+01  -4.9241954e+01   2.9419649e+01
   3.1000000e+01   4.5000000e+01  -1.6511361e+02   3.7561059e+01   1.3000000e+01  -5.3817575e+01   3.8545177e+01
   3.1000000e+01   4.5000000e+01  -1.6262401e+02   3.8815485e+01   1.3000000e+01  -5.8040234e+01   4.6982113e+01
   3.1000000e+01   4.5000000e+01  -1.6498729e+02   3.9712193e+01   1.3000000e+01  -6.0775066e+01   5.7466156e+01
   3.1000000e+01   4.5000000e+01  -1.6652945e+02   4.2419847e+01   1.3000000e+01  -6.1089999e+01   6.1934713e+01
   3.1000000e+01   4.5000000e+01  -1.6585513e+02   4.4674854e+01   1.3000000e+01  -6.0922941e+01   6.3554568e+01
   3.1000000e+01   4.5000000e+01  -1.6491594e+02   4.5796629e+01   1.3000000e+01  -6.0962829e+01   6.0888403e+01
   3.1000000e+01   4.5000000e+01  -1.6431413e+02   4.6905696e+01   1.3000000e+01  -6.0137520e+01   5.9116844e+01
   3.1000000e+01   4.5000000e+01  -1.6516208e+02   4.7558598e+01   1.3000000e+01  -5.9048300e+01   5.5015304e+01
   3.1000000e+01   4.5000000e+01  -1.6559078e+02   4.8354585e+01   1.3000000e+01  -5.7768242e+01   4.9897516e+01
   3.1000000e+01   4.5000000e+01  -1.6505534e+02   4.6316947e+01   1.3000000e+01  -5.5922815e+01   4.9925054e+01
   3.1000000e+01   4.5000000e+01  -1.6342215e+02   4.5232159e+01   1.3000000e+01  -5.2156457e+01   4.7637832e+01
   3.1000000e+01   4.5000000e+01  -1.6135124e+02   4.3531378e+01   1.3000000e+01  -4.9138442e+01   4.6657144e+01
   3.1000000e+01   4.5000000e+01  -1.5623247e+02   4.2665014e+01   1.3000000e+01  -4.9154424e+01   4.4436676e+01
   3.1000000e+01   4.5000000e+01  -1.5402752e+02   4.1402117e+01   1.3000000e+01  -4.7688746e+01   4.0164107e+01
   3.1000000e+01   4.5000000e+01  -1.5491250e+02   4.1493711e+01   1.3000000e+01  -4.4697446e+01   3.5460448e+01
   3.1000000e+01   4.5000000e+01  -1.5301787e+02   4.1300372e+01   1.3000000e+01  -4.2408854e+01   3.1685182e+01
   3.1000000e+01   4.5000000e+01  -1.5018281e+02   4.1050920e+01   1.3000000e+01  -4.1637257e+01   2.8892002e+01
   3.1000000e+01   4.5000000e+01  -1.4854359e+02   4.2855260e+01   1.3000000e+01  -4.2671452e+01   2.6315974e+01
   3.1000000e+01   4.5000000e+01  -1.4780938e+02   4.2058977e+01   1.3000000e+01  -4.0286910e+01   2.0104125e+01
   3.1000000e+01   4.5000000e+01  -1.4477853e+02   4.1784749e+01   1.3000000e+01  -3.9111549e+01   1.7084410e+01
   3.1000000e+01   4.5000000e+01  -1.4143878e+02   4.1311123e+01   1.3000000e+01  -3.8318671e+01   1.2114295e+01
   3.1000000e+01   4.5000000e+01  -1.3854226e+02   4.1086275e+01   1.3000000e+01  -3.7205193e+01   8.0715314e+00
   3.1000000e+01   4.5000000e+01  -1.3749929e+02   3.8540398e+01   1.3000000e+01  -3.3995039e+01   3.5946473e+00
   3.1000000e+01   4.5000000e+01  -1.3600569e+02   3.6284258e+01   1.3000000e+01  -3.0554800e+01  -1.4901313e+00
   3.1000000e+01   4.5000000e+01  -1.3438045e+02   3.5280785e+01   1.3000000e+01  -2.7811238e+01  -7.8346070e+00
   3.1000000e+01   4.5000000e+01  -1.3111346e+02   3.3918254e+01   1.3000000e+01  -2.5561170e+01  -1.2422086e+01
   3.1000000e+01   4.5000000e+01  -1.2933918e+02   3.3521983e+01   1.3000000e+01  -2.2870789e+01  -1.8216214e+01
   3.1000000e+01   4.5000000e+01  -1.2786729e+02   3.2322569e+01   1.3000000e+01  -2.0950376e+01  -2.0232872e+01
   3.1000000e+01   4.5000000e+01  -1.2896213e+02   2.8750145e+01   1.3000000e+01  -2.2539628e+01  -1.7563973e+01
   3.1000000e+01   4.5000000e+01  -1.3297926e+02   2.6305018e+01   1.3000000e+01  -2.3916671e+01  -1.1843361e+01
   3.1000000e+01   4.5000000e+01  -1.3782363e+02   2.6284461e+01   1.3000000e+01  -2.6886547e+01  -3.6716931e+00
   3.1000000e+01   4.5000000e+01  -1.4399346e+02   2.8141441e+01   1.3000000e+01  -3.0806292e+01   5.2211799e+00
   3.1000000e+01   4.5000000e+01  -1.4779987e+02   2.9930729e+01   1.3000000e+01  -3.5958004e+01   1.2987347e+01
   3.1000000e+01   4.5000000e+01  -1.5475830e+02   3.3303197e+01   1.3000000e+01  -4.2138872e+01   1.6819239e+01
   3.1000000e+01   4.5000000e+01  -1.5948055e+02   3.5546343e+01   1.3000000e+01  -4.8860530e+01   2.5307141e+01
   3.1000000e+01   4.5000000e+01  -1.6507490e+02   3.7682539e+01   1.3000000e+01  -5.3273562e+01   3.5445713e+01
   3.1000000e+01   4.5000000e+01  -1.6748292e+02   3.8640832e+01   1.3000000e+01  -5.7490544e+01   4.5535383e+01
   3.1000000e+01   4.5000000e+01  -1.6868501e+02   3.9875828e+01   1.3000000e+01  -6.0984282e+01   5.3960241e+01
   3.1000000e+01   4.5000000e+01  -1.6762764e+02   4.1127436e+01   1.3000000e+01  -6.3290462e+01   6.3392323e+01
   3.1000000e+01   4.5000000e+01  -1.6552416e+02   4.3662936e+01   1.3000000e+01  -6.4562891e+01   6.6878072e+01
   3.1000000e+01   4.5000000e+01  -1.6616147e+02   4.6484730e+01   1.3000000e+01  -6.4669447e+01   6.4982914e+01
   3.1000000e+01   4.5000000e+01  -1.6751830e+02   4.8570527e+01   1.3000000e+01  -6.4650872e+01   6.1996446e+01
   3.1000000e+01   4.5000000e+01  -1.6694381e+02   4.9811182e+01   1.3000000e+01  -6.4916396e+01   6.0886760e+01
   3.1000000e+01   4.5000000e+01  -1.6674453e+02   5.1509422e+01   1.3000000e+01  -6.4417781e+01   5.7838648e+01
   3.1000000e+01   4.5000000e+01  -1.6638234e+02   5.1760891e+01   1.3000000e+01  -6.3983979e+01   5.5309194e+01
   3.1000000e+01   4.5000000e+01  -1.6576415e+02   5.2220921e+01   1.3000000e+01  -6.3368871e+01   5.2917185e+01
   3.1000000e+01   4.5000000e+01  -1.6443305e+02   5.1973125e+01   1.3000000e+01  -6.2680234e+01   5.2848700e+01
   3.1000000e+01   4.5000000e+01  -1.6509577e+02   5.1544892e+01   1.3000000e+01  -6.1104514e+01   5.0129914e+01
   3.1000000e+01   4.5000000e+01  -1.6422123e+02   4.9989184e+01   1.3000000e+01  -5.8268641e+01   5.0977751e+01
   3.1000000e+01   4.5000000e+01  -1.6321289e+02   4.7431633e+01   1.3000000e+01  -5.5926997e+01   5.1448417e+01
   3.1000000e+01   4.5000000e+01  -1.6026969e+02   4.5068501e+01   1.3000000e+01  -5.3615531e+01   5.1499485e+01
   3.1000000e+01   4.5000000e+01  -1.5828152e+02   4.3705169e+01   1.3000000e+01  -5.2564001e+01   4.9598846e+01
   3.1000000e+01   4.5000000e+01  -1.5842337e+02   4.3325732e+01   1.3000000e+01  -5.0397156e+01   4.7694078e+01
   3.1000000e+01   4.5000000e+01  -1.5761280e+02   4.2401710e+01   1.3000000e+01  -4.8630678e+01   4.6564182e+01
   3.1000000e+01   4.5000000e+01  -1.5767337e+02   3.9911143e+01   1.3000000e+01  -4.5120102e+01   4.3639367e+01
   3.1000000e+01   4.5000000e+01  -1.5647731e+02   3.7385657e+01   1.3000000e+01  -4.1966732e+01   4.0942868e+01
   3.1000000e+01   4.5000000e+01  -1.5592401e+02   3.9167324e+01   1.3000000e+01  -4.0361602e+01   3.6050174e+01
   3.1000000e+01   4.5000000e+01  -1.5494140e+02   3.9422938e+01   1.3000000e+01  -3.9795713e+01   3.3411483e+01
   3.1000000e+01   4.5000000e+01  -1.5294300e+02   3.9967219e+01   1.3000000e+01  -3.9092790e+01   2.9843656e+01
   3.1000000e+01   4.5000000e+01  -1.5096816e+02   3.9320507e+01   1.3000000e+01  -3.7435118e+01   2.6285638e+01
   3.1000000e+01   4.5000000e+01  -1.5045848e+02   3.7936693e+01   1.3000000e+01  -3.4525238e+01   2.1829615e+01
   3.1000000e+01   4.5000000e+01  -1.4674161e+02   3.7485983e+01   1.3000000e+01  -3.3252825e+01   1.8580777e+01
   3.1000000e+01   4.5000000e+01  -1.4337801e+02   3.7354384e+01   1.3000000e+01  -3.2840111e+01   1.4807995e+01
   3.1000000e+01   4.5000000e+01  -1.4233083e+02   3.6627810e+01   1.3000000e+01  -3.0366557e+01   8.9094447e+00
   3.1000000e+01   4.5000000e+01  -1.3987353e+02   3.6152915e+01   1.3000000e+01  -2.8479165e+01   4.0020043e+00
   3.1000000e+01   4.5000000e+01  -1.3670441e+02   3.5396477e+01   1.3000000e+01  -2.6813876e+01  -2.9682587e+00
   3.1000000e+01   4.5000000e+01  -1.3520202e+02   3.4779863e+01   1.3000000e+01  -2.5007303e+01  -7.0468669e+00
   3.1000000e+01   4.5000000e+01  -1.3326533e+02   3.2351208e+01   1.3000000e+01  -2.6103614e+01  -6.4167234e+00
   3.1000000e+01   4.5000000e+01  -1.3570153e+02   3.0103013e+01   1.3000000e+01  -2.9118573e+01  -7.0198212e+00
   3.1000000e+01   4.5000000e+01  -1.3800418e+02   2.7286384e+01   1.3000000e+01  -3.2808102e+01  -5.6891619e+00
   3.1000000e+01   4.5000000e+01  -1.4144345e+02   2.6704522e+01   1.3000000e+01  -3.6724617e+01  -5.8668424e+00
   3.1000000e+01   4.5000000e+01  -1.4735052e+02   2.7519724e+01   1.3000000e+01  -3.9165920e+01  -3.0333690e+00
   3.1000000e+01   4.5000000e+01  -1.5188843e+02   3.0131487e+01   1.3000000e+01  -4.3443402e+01   4.4561529e+00
   3.1000000e+01   4.5000000e+01  -1.5880520e+02   3.3123237e+01   1.3000000e+01  -4.7215488e+01   1.3252240e+01
   3.1000000e+01   4.5000000e+01  -1.6338050e+02   3.6479670e+01   1.3000000e+01  -5.0546355e+01   2.2379717e+01
   3.1000000e+01   4.5000000e+01  -1.6508996e+02   3.9592442e+01   1.3000000e+01  -5.3696977e+01   3.1603540e+01
   3.1000000e+01   4.5000000e+01  -1.6683052e+02   4.2277205e+01   1.3000000e+01  -5.5529420e+01   4.2119241e+01
   3.1000000e+01   4.5000000e+01  -1.6811862e+02   4.3563452e+01   1.3000000e+01  -5.7305683e+01   5.0802272e+01
   3.1000000e+01   4.5000000e+01  -1.6700211e+02   4.4636560e+01   1.3000000e+01  -5.8897205e+01   5.9495515e+01
   3.1000000e+01   4.5000000e+01  -1.6672450e+02   4.5589706e+01   1.3000000e+01  -5.9868890e+01   6.0715402e+01
   3.1000000e+01   4.5000000e+01  -1.6439295e+02   4.5672646e+01   1.3000000e+01  -6.1259729e+01   5.9965418e+01
   3.1000000e+01   4.5000000e+01  -1.6520067e+02   4.5473976e+01   1.3000000e+01  -5.9691126e+01   5.9030970e+01
   3.1000000e+01   4.5000000e+01  -1.6368662e+02   4.5100421e+01   1.3000000e+01  -5.8530416e+01   5.8008374e+01
   3.1000000e+01   4.5000000e+01  -1.6350468e+02   4.3713746e+01   1.3000000e+01  -5.6527355e+01   5.5164133e+01
   3.1000000e+01   4.5000000e+01  -1.6283830e+02   4.2913235e+01   1.3000000e+01  -5.4175830e+01   5.3849187e+01
   3.1000000e+01   4.5000000e+01  -1.6436222e+02   4.1694737e+01   1.3000000e+01  -5.1970151e+01   4.8993801e+01
   3.1000000e+01   4.5000000e+01  -1.6089639e+02   4.0804682e+01   1.3000000e+01  -4.9513398e+01   4.9731210e+01
   3.1000000e+01   4.5000000e+01  -1.6093022e+02   3.9777061e+01   1.3000000e+01  -4.7036158e+01   4.7898206e+01
   3.1000000e+01   4.5000000e+01  -1.5900088e+02   3.8291020e+01   1.3000000e+01  -4.5459017e+01   4.6488895e+01
   3.1000000e+01   4.5000000e+01  -1.5904888e+02   3.7369423e+01   1.3000000e+01  -4.3684438e+01   4.5204194e+01
   3.1000000e+01   4.5000000e+01  -1.5650083e+02   3.6522828e+01   1.3000000e+01  -4.2243530e+01   4.0728246e+01
   3.1000000e+01   4.5000000e+01  -1.5589249e+02   3.6357867e+01   1.3000000e+01  -4.0314598e+01   3.6386579e+01
   3.1000000e+01   4.5000000e+01  -1.5583891e+02   3.6753993e+01   1.3000000e+01  -3.7967948e+01   3.3403478e+01
   3.1000000e+01   4.5000000e+01  -1.5378290e+02   3.6654175e+01   1.3000000e+01  -3.7431319e+01   3.0970995e+01
   3.1000000e+01   4.5000000e+01  -1.5205640e+02   3.7048280e+01   1.3000000e+01  -3.7276676e+01   2.8761984e+01
   3.1000000e+01   4.5000000e+01  -1.5151839e+02   3.8040207e+01   1.3000000e+01  -3.6721631e+01   2.4642664e+01
   3.1000000e+01   4.5000000e+01  -1.4863683e+02   3.8121507e+01   1.3000000e+01  -3.5678464e+01   2.0135966e+01
   3.1000000e+01   4.5000000e+01  -1.4540763e+02   3.8275997e+01   1.3000000e+01  -3.5221343e+01   1.6699488e+01
   3.1000000e+01   4.5000000e+01  -1.4385201e+02   3.6993614e+01   1.3000000e+01  -3.2840024e+01   1.1622353e+01
   3.1000000e+01   4.5000000e+01  -1.4122283e+02   3.6023465e+01   1.3000000e+01  -3.1616622e+01   8.8305979e+00
   3.1000000e+01   4.5000000e+01  -1.3871984e+02   3.5231297e+01   1.3000000e+01  -3.0188668e+01   3.7988204e+00
   3.1000000e+01   4.5000000e+01  -1.3650628e+02   3.3074098e+01   1.3000000e+01  -2.8302482e+01   1.1063578e+00
   3.1000000e+01   4.5000000e+01  -1.3447345e+02   3.2518346e+01   1.3000000e+01  -2.5670059e+01  -5.4057628e+00
   3.1000000e+01   4.5000000e+01  -1.3147137e+02   3.1419071e+01   1.3000000e+01  -2.3781706e+01  -1.0168031e+01
   3.1000000e+01   4.5000000e+01  -1.3029363e+02   3.0651424e+01   1.3000000e+01  -2.1658998e+01  -1.4988074e+01
   3.1000000e+01   4.5000000e+01  -1.2898352e+02   3.0092801e+01   1.3000000e+01  -1.9858132e+01  -1.9017188e+01
   3.1000000e+01   4.5000000e+01  -1.3013149e+02   2.8051270e+01   1.3000000e+01  -2.1329939e+01  -2.1543739e+01
   3.1000000e+01   4.5000000e+01  -1.3132629e+02   2.5780229e+01   1.3000000e+01  -2.4157677e+01  -1.7662930e+01
   3.1000000e+01   4.5000000e+01  -1.3458119e+02   2.4716458e+01   1.3000000e+01  -2.7861187e+01  -1.1038864e+01
   3.1000000e+01   4.5000000e+01  -1.3980325e+02   2.4298878e+01   1.3000000e+01  -3.1036799e+01  -3.4684173e+00
   3.1000000e+01   4.5000000e+01  -1.4581412e+02   2.7051218e+01   1.3000000e+01  -3.5422681e+01   4.0121020e+00
   3.1000000e+01   4.5000000e+01  -1.5401362e+02   3.2054312e+01   1.3000000e+01  -4.0412676e+01   1.2418229e+01
   3.1000000e+01   4.5000000e+01  -1.6139248e+02   3.5842108e+01   1.3000000e+01  -4.5134544e+01   1.9230701e+01
   3.1000000e+01   4.5000000e+01  -1.6469066e+02   3.7727621e+01   1.3000000e+01  -4.9704895e+01   2.7856056e+01
   3.1000000e+01   4.5000000e+01  -1.6616642e+02   3.9613481e+01   1.3000000e+01  -5.3952847e+01   3.7189652e+01
   3.1000000e+01   4.5000000e+01  -1.6707148e+02   4.1572648e+01   1.3000000e+01  -5.8039346e+01   4.4426414e+01
   3.1000000e+01   4.5000000e+01  -1.6694409e+02   4.2121161e+01   1.3000000e+01  -6.1056597e+01   5.1674711e+01
   3.1000000e+01   4.5000000e+01  -1.6462764e+02   4.3555115e+01   1.3000000e+01  -6.2995449e+01   5.8453150e+01
   3.1000000e+01   4.5000000e+01  -1.6498910e+02   4.6462576e+01   1.3000000e+01  -6.2993725e+01   5.9506509e+01
   3.1000000e+01   4.5000000e+01  -1.6274046e+02   4.6853116e+01   1.3000000e+01  -6.3376497e+01   5.9711999e+01
   3.1000000e+01   4.5000000e+01  -1.6367217e+02   4.8051968e+01   1.3000000e+01  -6.2557635e+01   5.5490667e+01
   3.1000000e+01   4.5000000e+01  -1.6337650e+02   4.8523104e+01   1.3000000e+01  -6.1748932e+01   5.3250226e+01
   3.1000000e+01   4.5000000e+01  -1.6465963e+02   4.8902648e+01   1.3000000e+01  -6.0339611e+01   4.9213670e+01
   3.1000000e+01   4.5000000e+01  -1.6415408e+02   4.7620166e+01   1.3000000e+01  -5.7989473e+01   4.8110768e+01
   3.1000000e+01   4.5000000e+01  -1.6091073e+02   4.5168588e+01   1.3000000e+01  -5.5332721e+01   4.9875599e+01
   3.1000000e+01   4.5000000e+01  -1.5793619e+02   4.1378016e+01   1.3000000e+01  -5.1546070e+01   4.9533472e+01
   3.1000000e+01   4.5000000e+01  -1.5661427e+02   4.1047112e+01   1.3000000e+01  -4.9942437e+01   4.6750500e+01
   3.1000000e+01   4.5000000e+01  -1.5425606e+02   4.0090845e+01   1.3000000e+01  -4.8921062e+01   4.5652493e+01
   3.1000000e+01   4.5000000e+01  -1.5308016e+02   3.9845941e+01   1.3000000e+01  -4.7399697e+01   4.1291973e+01
   3.1000000e+01   4.5000000e+01  -1.5334669e+02   3.9144500e+01   1.3000000e+01  -4.4437094e+01   3.6040953e+01
   3.1000000e+01   4.5000000e+01  -1.5161498e+02   4.0058549e+01   1.3000000e+01  -4.3615856e+01   3.2511168e+01
   3.1000000e+01   4.5000000e+01  -1.4997507e+02   3.9784417e+01   1.3000000e+01  -4.2488311e+01   2.8311867e+01
   3.1000000e+01   4.5000000e+01  -1.4869527e+02   3.9612198e+01   1.3000000e+01  -4.1357197e+01   2.5610765e+01
   3.1000000e+01   4.5000000e+01  -1.4659394e+02   3.9732506e+01   1.3000000e+01  -4.0915235e+01   2.1539347e+01
   3.1000000e+01   4.5000000e+01  -1.4426237e+02   4.0070404e+01   1.3000000e+01  -4.0203284e+01   1.7825702e+01
   3.1000000e+01   4.5000000e+01  -1.4250197e+02   3.9782058e+01   1.3000000e+01  -3.8463380e+01   1.4455979e+01
   3.1000000e+01   4.5000000e+01  -1.3872859e+02   3.8163562e+01   1.3000000e+01  -3.7085041e+01   1.0764679e+01
   3.1000000e+01   4.5000000e+01  -1.3724059e+02   3.7039716e+01   1.3000000e+01  -3.4241054e+01   4.4161127e+00
   3.1000000e+01   4.5000000e+01  -1.3498544e+02   3.5675206e+01   1.3000000e+01  -3.1524055e+01   1.4792193e+00
   3.1000000e+01   4.5000000e+01  -1.3245595e+02   3.3836382e+01   1.3000000e+01  -2.9267615e+01  -2.9263616e+00
   3.1000000e+01   4.5000000e+01  -1.2963773e+02   3.1820325e+01   1.3000000e+01  -2.7192560e+01  -7.0966509e+00
   3.1000000e+01   4.5000000e+01  -1.2554123e+02   2.9137556e+01   1.3000000e+01  -2.5967211e+01  -8.3497021e+00
   3.1000000e+01   4.5000000e+01  -1.2548857e+02   2.9040513e+01   1.3000000e+01  -2.3277710e+01  -1.4250468e+01
   3.1000000e+01   4.5000000e+01  -1.2824709e+02   2.6892692e+01   1.3000000e+01  -2.4233468e+01  -1.3885596e+01
   3.1000000e+01   4.5000000e+01  -1.3249909e+02   2.5308308e+01   1.3000000e+01  -2.7500949e+01  -8.8530885e+00
   3.1000000e+01   4.5000000e+01  -1.3656234e+02   2.3445824e+01   1.3000000e+01  -3.1137458e+01  -3.8326307e+00
   3.1000000e+01   4.5000000e+01  -1.4242572e+02   2.4618324e+01   1.3000000e+01  -3.5722961e+01  -1.2689996e+00
   3.1000000e+01   4.5000000e+01  -1.4711096e+02   2.6154966e+01   1.3000000e+01  -3.9712263e+01   7.8851247e+00
   3.1000000e+01   4.5000000e+01  -1.5583583e+02   2.9405196e+01   1.3000000e+01  -4.5049044e+01   1.7574497e+01
   3.1000000e+01   4.5000000e+01  -1.6187858e+02   3.3709332e+01   1.3000000e+01  -4.9330312e+01   2.7562445e+01
   3.1000000e+01   4.5000000e+01  -1.6549467e+02   3.6809652e+01   1.3000000e+01  -5.3197769e+01   3.7183667e+01
   3.1000000e+01   4.5000000e+01  -1.6842973e+02   3.8250583e+01   1.3000000e+01  -5.6560714e+01   4.6770329e+01
   3.1000000e+01   4.5000000e+01  -1.6603427e+02   3.9624527e+01   1.3000000e+01  -5.9334663e+01   5.7378028e+01
   3.1000000e+01   4.5000000e+01  -1.6739311e+02   4.2122358e+01   1.3000000e+01  -6.0210431e+01   6.0174186e+01
   3.1000000e+01   4.5000000e+01  -1.6879670e+02   4.5096597e+01   1.3000000e+01  -6.0103516e+01   5.5662913e+01
   3.1000000e+01   4.5000000e+01  -1.6427409e+02   4.7037851e+01   1.3000000e+01  -6.0457600e+01   5.7706688e+01
   3.1000000e+01   4.5000000e+01  -1.6347467e+02   4.7386701e+01   1.3000000e+01  -5.9906086e+01   5.4198742e+01
   3.1000000e+01   4.5000000e+01  -1.6341585e+02   4.8175160e+01   1.3000000e+01  -5.8713541e+01   5.1316453e+01
   3.1000000e+01   4.5000000e+01  -1.6177482e+02   4.7809099e+01   1.3000000e+01  -5.6432083e+01   4.8437813e+01
   3.1000000e+01   4.5000000e+01  -1.6224880e+02   4.5433471e+01   1.3000000e+01  -5.3542302e+01   4.6366723e+01
   3.1000000e+01   4.5000000e+01  -1.6124024e+02   4.3147306e+01   1.3000000e+01  -5.0741827e+01   4.6394812e+01
   3.1000000e+01   4.5000000e+01  -1.6056067e+02   4.0249946e+01   1.3000000e+01  -4.8347511e+01   4.5668156e+01
   3.1000000e+01   4.5000000e+01  -1.5640652e+02   3.6865005e+01   1.3000000e+01  -4.6095532e+01   4.3974334e+01
   3.1000000e+01   4.5000000e+01  -1.5358605e+02   3.5906894e+01   1.3000000e+01  -4.5372968e+01   4.1263933e+01
   3.1000000e+01   4.5000000e+01  -1.5214194e+02   3.5552873e+01   1.3000000e+01  -4.3930554e+01   3.9830601e+01
   3.1000000e+01   4.5000000e+01  -1.5113421e+02   3.5952340e+01   1.3000000e+01  -4.2006903e+01   3.4781381e+01
   3.1000000e+01   4.5000000e+01  -1.4744185e+02   3.6039123e+01   1.3000000e+01  -4.2079416e+01   3.2083627e+01
   3.1000000e+01   4.5000000e+01  -1.4756877e+02   3.7677611e+01   1.3000000e+01  -4.1277136e+01   2.7066173e+01
   3.1000000e+01   4.5000000e+01  -1.4667310e+02   3.8025616e+01   1.3000000e+01  -4.0408647e+01   2.3470932e+01
   3.1000000e+01   4.5000000e+01  -1.4381284e+02   3.6478208e+01   1.3000000e+01  -3.8207268e+01   1.9827559e+01
   3.1000000e+01   4.5000000e+01  -1.4147275e+02   3.6233305e+01   1.3000000e+01  -3.6883719e+01   1.5978182e+01
   3.1000000e+01   4.5000000e+01  -1.3828458e+02   3.5991729e+01   1.3000000e+01  -3.5767566e+01   1.0237132e+01
   3.1000000e+01   4.5000000e+01  -1.3591707e+02   3.3573904e+01   1.3000000e+01  -3.3534221e+01   7.2018685e+00
   3.1000000e+01   4.5000000e+01  -1.3396321e+02   3.2193259e+01   1.3000000e+01  -3.0734908e+01   1.8408016e+00
   3.1000000e+01   4.5000000e+01  -1.3330707e+02   3.0942784e+01   1.3000000e+01  -2.7798107e+01  -3.6505385e+00
   3.1000000e+01   4.5000000e+01  -1.2995952e+02   3.0252131e+01   1.3000000e+01  -2.4996185e+01  -9.6096654e+00
   3.1000000e+01   4.5000000e+01  -1.2766679e+02   2.9546470e+01   1.3000000e+01  -2.2622476e+01  -1.5176817e+01
   3.1000000e+01   4.5000000e+01  -1.2554963e+02   2.9654289e+01   1.3000000e+01  -2.0219169e+01  -2.1272998e+01
   3.1000000e+01   4.5000000e+01  -1.2274580e+02   2.9452417e+01   1.3000000e+01  -1.9794720e+01  -2.3518747e+01
   3.1000000e+01   4.5000000e+01  -1.2287240e+02   2.8041711e+01   1.3000000e+01  -2.0470764e+01  -2.1873885e+01
   3.1000000e+01   4.5000000e+01  -1.2698403e+02   2.6465425e+01   1.3000000e+01  -2.2182575e+01  -1.7850333e+01
   3.1000000e+01   4.5000000e+01  -1.3262990e+02   2.4069339e+01   1.3000000e+01  -2.4823991e+01  -1.2973720e+01
   3.1000000e+01   4.5000000e+01  -1.3616945e+02   2.2957461e+01   1.3000000e+01  -2.8221963e+01  -6.3977676e+00
   3.1000000e+01   4.5000000e+01  -1.4150714e+02   2.2654033e+01   1.3000000e+01  -3.0822279e+01   3.4504601e+00
   3.1000000e+01   4.5000000e+01  -1.4978879e+02   2.5769895e+01   1.3000000e+01  -3.5503972e+01   1.2530835e+01
   3.1000000e+01   4.5000000e+01  -1.5516664e+02   2.8246958e+01   1.3000000e+01  -4.0570458e+01   2.3922258e+01
   3.1000000e+01   4.5000000e+01  -1.5989224e+02   2.9732937e+01   1.3000000e+01  -4.2810684e+01   3.5762033e+01
   3.1000000e+01   4.5000000e+01  -1.6579649e+02   3.0856341e+01   1.3000000e+01  -4.4995788e+01   4.6069001e+01
   3.1000000e+01   4.5000000e+01  -1.6739318e+02   3.1867147e+01   1.3000000e+01  -4.7188883e+01   5.5047395e+01
   3.1000000e+01   4.5000000e+01  -1.6750846e+02   3.3123295e+01   1.3000000e+01  -4.8894097e+01   6.0085262e+01
   3.1000000e+01   4.5000000e+01  -1.6813782e+02   3.4860016e+01   1.3000000e+01  -5.0195961e+01   5.9874846e+01
   3.1000000e+01   4.5000000e+01  -1.6798350e+02   3.7529131e+01   1.3000000e+01  -5.0628896e+01   5.6729752e+01
   3.1000000e+01   4.5000000e+01  -1.6658444e+02   4.0220408e+01   1.3000000e+01  -5.0476680e+01   5.5257617e+01
   3.1000000e+01   4.5000000e+01  -1.6605781e+02   4.1733540e+01   1.3000000e+01  -5.1162549e+01   5.1106248e+01
   3.1000000e+01   4.5000000e+01  -1.6559082e+02   4.3186607e+01   1.3000000e+01  -5.1506197e+01   5.0167195e+01
   3.1000000e+01   4.5000000e+01  -1.6402141e+02   4.3761239e+01   1.3000000e+01  -5.0439586e+01   4.8812235e+01
   3.1000000e+01   4.5000000e+01  -1.6286187e+02   4.3304755e+01   1.3000000e+01  -4.8563245e+01   4.6560063e+01
   3.1000000e+01   4.5000000e+01  -1.6114798e+02   4.2083982e+01   1.3000000e+01  -4.7236377e+01   4.3995869e+01
   3.1000000e+01   4.5000000e+01  -1.6007289e+02   3.9389392e+01   1.3000000e+01  -4.3694180e+01   4.0145712e+01
   3.1000000e+01   4.5000000e+01  -1.5602570e+02   3.9611880e+01   1.3000000e+01  -4.2430255e+01   3.6893094e+01
   3.1000000e+01   4.5000000e+01  -1.5124630e+02   4.0537690e+01   1.3000000e+01  -4.3357836e+01   3.4121112e+01
   3.1000000e+01   4.5000000e+01  -1.5057726e+02   4.1107758e+01   1.3000000e+01  -4.2577458e+01   3.0256537e+01
   3.1000000e+01   4.5000000e+01  -1.5017331e+02   4.0315251e+01   1.3000000e+01  -3.9958538e+01   2.5826741e+01
   3.1000000e+01   4.5000000e+01  -1.4856096e+02   3.9275082e+01   1.3000000e+01  -3.7662441e+01   2.1315956e+01
   3.1000000e+01   4.5000000e+01  -1.4694148e+02   3.9589383e+01   1.3000000e+01  -3.6330847e+01   1.6593144e+01
   3.1000000e+01   4.5000000e+01  -1.4299750e+02   3.8717810e+01   1.3000000e+01  -3.5401407e+01   1.2213707e+01
   3.1000000e+01   4.5000000e+01  -1.4137241e+02   3.8252079e+01   1.3000000e+01  -3.4083171e+01   9.2481836e+00
   3.1000000e+01   4.5000000e+01  -1.3842087e+02   3.7822484e+01   1.3000000e+01  -3.3915238e+01   6.1753654e+00
   3.1000000e+01   4.5000000e+01  -1.3618233e+02   3.7865042e+01   1.3000000e+01  -3.3103333e+01   2.6565860e+00
   3.1000000e+01   4.5000000e+01  -1.3425285e+02   3.7529976e+01   1.3000000e+01  -3.1122633e+01  -3.3312648e+00
   3.1000000e+01   4.5000000e+01  -1.3129698e+02   3.6793426e+01   1.3000000e+01  -2.9554476e+01  -9.4155311e+00
   3.1000000e+01   4.5000000e+01  -1.2984699e+02   3.6220281e+01   1.3000000e+01  -2.7519247e+01  -1.4279881e+01
   3.1000000e+01   4.5000000e+01  -1.2635753e+02   3.4752426e+01   1.3000000e+01  -2.5786522e+01  -1.8221083e+01
   3.1000000e+01   4.5000000e+01  -1.2400182e+02   3.3327451e+01   1.3000000e+01  -2.3711573e+01  -2.3220250e+01
   3.1000000e+01   4.5000000e+01  -1.2230942e+02   3.2402379e+01   1.3000000e+01  -2.1172319e+01  -2.8133597e+01
   3.1000000e+01   4.5000000e+01  -1.2233710e+02   3.2084892e+01   1.3000000e+01  -1.8175110e+01  -3.3819328e+01
   3.1000000e+01   4.5000000e+01  -1.2222471e+02   3.1436432e+01   1.3000000e+01  -1.5487200e+01  -3.8115182e+01
   3.1000000e+01   4.5000000e+01  -1.2090403e+02   2.9993447e+01   1.3000000e+01  -1.3836252e+01  -3.9903842e+01
   3.1000000e+01   4.5000000e+01  -1.2143052e+02   2.7504658e+01   1.3000000e+01  -1.5419687e+01  -4.0161084e+01
   3.1000000e+01   4.5000000e+01  -1.2655088e+02   2.4165008e+01   1.3000000e+01  -1.8185860e+01  -3.9215626e+01
   3.1000000e+01   4.5000000e+01  -1.3118040e+02   2.2487299e+01   1.3000000e+01  -2.1750362e+01  -3.4387869e+01
   3.1000000e+01   4.5000000e+01  -1.3671353e+02   2.2712209e+01   1.3000000e+01  -2.5340998e+01  -2.5016807e+01
   3.1000000e+01   4.5000000e+01  -1.4385593e+02   2.3742119e+01   1.3000000e+01  -2.8144274e+01  -1.4868768e+01
   3.1000000e+01   4.5000000e+01  -1.4990483e+02   2.4954714e+01   1.3000000e+01  -3.0757346e+01  -4.4643933e+00
   3.1000000e+01   4.5000000e+01  -1.5621360e+02   2.5539979e+01   1.3000000e+01  -3.4799673e+01   7.2461446e+00
   3.1000000e+01   4.5000000e+01  -1.6026462e+02   2.7630614e+01   1.3000000e+01  -3.7576252e+01   1.9250681e+01
   3.1000000e+01   4.5000000e+01  -1.6114293e+02   2.8483042e+01   1.3000000e+01  -4.1281220e+01   3.1390843e+01
   3.1000000e+01   4.5000000e+01  -1.6500524e+02   3.0749108e+01   1.3000000e+01  -4.3740080e+01   4.2764681e+01
   3.1000000e+01   4.5000000e+01  -1.6656405e+02   3.2384492e+01   1.3000000e+01  -4.6482974e+01   5.3200678e+01
   3.1000000e+01   4.5000000e+01  -1.6763359e+02   3.4545292e+01   1.3000000e+01  -4.8825737e+01   5.9971695e+01
   3.1000000e+01   4.5000000e+01  -1.6801807e+02   3.7216134e+01   1.3000000e+01  -5.0869702e+01   6.2052248e+01
   3.1000000e+01   4.5000000e+01  -1.6807793e+02   3.8936450e+01   1.3000000e+01  -5.1493031e+01   6.1626608e+01
   3.1000000e+01   4.5000000e+01  -1.6757315e+02   4.0746743e+01   1.3000000e+01  -5.2145875e+01   6.0143406e+01
   3.1000000e+01   4.5000000e+01  -1.6658913e+02   4.1657259e+01   1.3000000e+01  -5.3104868e+01   5.9635765e+01
   3.1000000e+01   4.5000000e+01  -1.6553788e+02   4.3113250e+01   1.3000000e+01  -5.3345569e+01   5.6719893e+01
   3.1000000e+01   4.5000000e+01  -1.6449118e+02   4.4565704e+01   1.3000000e+01  -5.3483192e+01   5.3950738e+01
   3.1000000e+01   4.5000000e+01  -1.6516330e+02   4.6604705e+01   1.3000000e+01  -5.2092405e+01   5.0343090e+01
   3.1000000e+01   4.5000000e+01  -1.6249355e+02   4.7292159e+01   1.3000000e+01  -5.1577389e+01   4.8558337e+01
   3.1000000e+01   4.5000000e+01  -1.6057163e+02   4.7598804e+01   1.3000000e+01  -5.0714229e+01   4.5389891e+01
   3.1000000e+01   4.5000000e+01  -1.5887249e+02   4.6699817e+01   1.3000000e+01  -5.0516398e+01   4.1671181e+01
   3.1000000e+01   4.5000000e+01  -1.5464189e+02   4.3659029e+01   1.3000000e+01  -4.8383439e+01   4.1213900e+01
   3.1000000e+01   4.5000000e+01  -1.5343001e+02   4.3676295e+01   1.3000000e+01  -4.7196151e+01   3.8273131e+01
   3.1000000e+01   4.5000000e+01  -1.5366501e+02   4.3158409e+01   1.3000000e+01  -4.4970395e+01   3.5586302e+01
   3.1000000e+01   4.5000000e+01  -1.5246632e+02   4.2007933e+01   1.3000000e+01  -4.3167147e+01   3.3567061e+01
   3.1000000e+01   4.5000000e+01  -1.4972542e+02   4.2595521e+01   1.3000000e+01  -4.2737540e+01   2.9299587e+01
   3.1000000e+01   4.5000000e+01  -1.4893374e+02   4.4922561e+01   1.3000000e+01  -4.3576315e+01   2.5847995e+01
   3.1000000e+01   4.5000000e+01  -1.4749754e+02   4.5108094e+01   1.3000000e+01  -4.3423095e+01   2.4386292e+01
   3.1000000e+01   4.5000000e+01  -1.4663383e+02   4.2790619e+01   1.3000000e+01  -4.0351024e+01   2.1244650e+01
   3.1000000e+01   4.5000000e+01  -1.4346667e+02   4.2701610e+01   1.3000000e+01  -3.9843957e+01   1.7775403e+01
   3.1000000e+01   4.5000000e+01  -1.4469889e+02   4.1966401e+01   1.3000000e+01  -3.6834264e+01   1.2366312e+01
   3.1000000e+01   4.5000000e+01  -1.4078265e+02   3.9716808e+01   1.3000000e+01  -3.5058602e+01   9.8042036e+00
   3.1000000e+01   4.5000000e+01  -1.3950436e+02   3.8274593e+01   1.3000000e+01  -3.2672258e+01   4.9290251e+00
   3.1000000e+01   4.5000000e+01  -1.3688304e+02   3.6387889e+01   1.3000000e+01  -3.0451068e+01   2.9618263e+00
   3.1000000e+01   4.5000000e+01  -1.3463465e+02   3.5333993e+01   1.3000000e+01  -2.8037370e+01  -1.9167777e+00
   3.1000000e+01   4.5000000e+01  -1.3256148e+02   3.5256129e+01   1.3000000e+01  -2.6889772e+01  -8.4285308e+00
   3.1000000e+01   4.5000000e+01  -1.2881770e+02   3.4337875e+01   1.3000000e+01  -2.6458505e+01  -1.2170316e+01
   3.1000000e+01   4.5000000e+01  -1.2792797e+02   3.4890067e+01   1.3000000e+01  -2.4825337e+01  -1.8045886e+01
   3.1000000e+01   4.5000000e+01  -1.2446416e+02   3.4681448e+01   1.3000000e+01  -2.4052001e+01  -2.3118458e+01
   3.1000000e+01   4.5000000e+01  -1.2227476e+02   3.4149547e+01   1.3000000e+01  -2.2612380e+01  -2.7736617e+01
   3.1000000e+01   4.5000000e+01  -1.2130859e+02   3.3936501e+01   1.3000000e+01  -2.0796958e+01  -3.1635342e+01
   3.1000000e+01   4.5000000e+01  -1.2424173e+02   3.1416070e+01   1.3000000e+01  -2.1314097e+01  -3.3951696e+01
   3.1000000e+01   4.5000000e+01  -1.3015930e+02   2.9638272e+01   1.3000000e+01  -2.2875407e+01  -3.5173807e+01
   3.1000000e+01   4.5000000e+01  -1.3357885e+02   2.7924071e+01   1.3000000e+01  -2.5924578e+01  -2.7667373e+01
   3.1000000e+01   4.5000000e+01  -1.3787061e+02   2.8388998e+01   1.3000000e+01  -2.9552431e+01  -1.7911853e+01
   3.1000000e+01   4.5000000e+01  -1.4727618e+02   3.0496675e+01   1.3000000e+01  -3.3131226e+01  -8.5711215e+00
   3.1000000e+01   4.5000000e+01  -1.5383025e+02   3.2630112e+01   1.3000000e+01  -3.8822010e+01   2.0785851e+00
   3.1000000e+01   4.5000000e+01  -1.6150067e+02   3.4437085e+01   1.3000000e+01  -4.3732028e+01   1.2722291e+01
   3.1000000e+01   4.5000000e+01  -1.6423468e+02   3.5049695e+01   1.3000000e+01  -4.6913475e+01   2.4649826e+01
   3.1000000e+01   4.5000000e+01  -1.6606235e+02   3.4973069e+01   1.3000000e+01  -5.1264174e+01   3.5424668e+01
   3.1000000e+01   4.5000000e+01  -1.6578913e+02   3.5813270e+01   1.3000000e+01  -5.4898980e+01   4.5504813e+01
   3.1000000e+01   4.5000000e+01  -1.6362469e+02   3.7031602e+01   1.3000000e+01  -5.8385081e+01   5.5324136e+01
   3.1000000e+01   4.5000000e+01  -1.6261394e+02   3.7962416e+01   1.3000000e+01  -6.1750633e+01   6.3304445e+01
   3.1000000e+01   4.5000000e+01  -1.6103217e+02   3.9657088e+01   1.3000000e+01  -6.3613990e+01   6.6328326e+01
   3.1000000e+01   4.5000000e+01  -1.6170375e+02   4.1706844e+01   1.3000000e+01  -6.4846617e+01   6.5629309e+01
   3.1000000e+01   4.5000000e+01  -1.6297984e+02   4.4477590e+01   1.3000000e+01  -6.4528679e+01   6.3719411e+01
   3.1000000e+01   4.5000000e+01  -1.6211470e+02   4.6110895e+01   1.3000000e+01  -6.4682500e+01   6.2742160e+01
   3.1000000e+01   4.5000000e+01  -1.6321034e+02   4.7242664e+01   1.3000000e+01  -6.4135037e+01   5.8564891e+01
   3.1000000e+01   4.5000000e+01  -1.6451484e+02   4.8752023e+01   1.3000000e+01  -6.3092694e+01   5.4124100e+01
   3.1000000e+01   4.5000000e+01  -1.6671280e+02   4.9452727e+01   1.3000000e+01  -6.1525179e+01   4.8293196e+01
   3.1000000e+01   4.5000000e+01  -1.6483384e+02   4.6573264e+01   1.3000000e+01  -5.8339101e+01   4.8465123e+01
   3.1000000e+01   4.5000000e+01  -1.6151908e+02   4.4368051e+01   1.3000000e+01  -5.4984727e+01   4.7728913e+01
   3.1000000e+01   4.5000000e+01  -1.5848994e+02   4.3979277e+01   1.3000000e+01  -5.4314564e+01   4.8868298e+01
   3.1000000e+01   4.5000000e+01  -1.5865839e+02   4.4087945e+01   1.3000000e+01  -5.2812166e+01   4.5863844e+01
   3.1000000e+01   4.5000000e+01  -1.5597830e+02   4.3226596e+01   1.3000000e+01  -5.2282448e+01   4.3142715e+01
   3.1000000e+01   4.5000000e+01  -1.5679085e+02   4.2649566e+01   1.3000000e+01  -4.8980490e+01   3.8572892e+01
   3.1000000e+01   4.5000000e+01  -1.5358471e+02   4.2263698e+01   1.3000000e+01  -4.7163950e+01   3.3940279e+01
   3.1000000e+01   4.5000000e+01  -1.5143218e+02   4.1745440e+01   1.3000000e+01  -4.6087574e+01   2.9441765e+01
   3.1000000e+01   4.5000000e+01  -1.4944992e+02   4.0085985e+01   1.3000000e+01  -4.4049631e+01   2.6549827e+01
   3.1000000e+01   4.5000000e+01  -1.4861407e+02   4.0798400e+01   1.3000000e+01  -4.3366293e+01   2.2665021e+01
   3.1000000e+01   4.5000000e+01  -1.4672515e+02   4.1195060e+01   1.3000000e+01  -4.2354595e+01   1.8068306e+01
   3.1000000e+01   4.5000000e+01  -1.4478118e+02   4.0122394e+01   1.3000000e+01  -3.9421056e+01   1.4489113e+01
   3.1000000e+01   4.5000000e+01  -1.4174288e+02   4.0364951e+01   1.3000000e+01  -3.9097323e+01   1.2266334e+01
   3.1000000e+01   4.5000000e+01  -1.3980137e+02   3.9202966e+01   1.3000000e+01  -3.7812145e+01   8.3880064e+00
   3.1000000e+01   4.5000000e+01  -1.3762372e+02   3.7422492e+01   1.3000000e+01  -3.5127222e+01   3.3706622e+00
   3.1000000e+01   4.5000000e+01  -1.3515410e+02   3.5579639e+01   1.3000000e+01  -3.2464458e+01  -1.6760234e+00
   3.1000000e+01   4.5000000e+01  -1.3158774e+02   3.3591365e+01   1.3000000e+01  -3.0088669e+01  -5.5169002e+00
   3.1000000e+01   4.5000000e+01  -1.2876655e+02   3.3080271e+01   1.3000000e+01  -2.8360320e+01  -1.0332945e+01
   3.1000000e+01   4.5000000e+01  -1.3054048e+02   3.3787881e+01   1.3000000e+01  -2.5506873e+01  -1.8079403e+01
   3.1000000e+01   4.5000000e+01  -1.2518369e+02   3.1470715e+01   1.3000000e+01  -2.5434343e+01  -1.6665841e+01
   3.1000000e+01   4.5000000e+01  -1.2449745e+02   3.0385688e+01   1.3000000e+01  -2.4513321e+01  -1.6882048e+01
   3.1000000e+01   4.5000000e+01  -1.2857352e+02   2.9545058e+01   1.3000000e+01  -2.5113141e+01  -1.8516899e+01
   3.1000000e+01   4.5000000e+01  -1.3483940e+02   2.8461975e+01   1.3000000e+01  -2.8833460e+01  -1.2376452e+01
   3.1000000e+01   4.5000000e+01  -1.3962774e+02   2.7879446e+01   1.3000000e+01  -3.3343002e+01  -3.0747884e+00
   3.1000000e+01   4.5000000e+01  -1.4619903e+02   3.0184491e+01   1.3000000e+01  -3.7710353e+01   5.4581011e+00
   3.1000000e+01   4.5000000e+01  -1.5386380e+02   3.3394050e+01   1.3000000e+01  -4.2783670e+01   1.5441955e+01
   3.1000000e+01   4.5000000e+01  -1.5957290e+02   3.5985842e+01   1.3000000e+01  -4.8309289e+01   2.6344438e+01
   3.1000000e+01   4.5000000e+01  -1.6159200e+02   3.8628219e+01   1.3000000e+01  -5.3525405e+01   3.7949564e+01
   3.1000000e+01   4.5000000e+01  -1.6634540e+02   4.0363116e+01   1.3000000e+01  -5.6987803e+01   4.7135120e+01
   3.1000000e+01   4.5000000e+01  -1.6639727e+02   4.1718832e+01   1.3000000e+01  -6.0551866e+01   5.6658517e+01
   3.1000000e+01   4.5000000e+01  -1.6626408e+02   4.2384524e+01   1.3000000e+01  -6.3399761e+01   6.2264467e+01
   3.1000000e+01   4.5000000e+01  -1.6451120e+02   4.4711439e+01   1.3000000e+01  -6.4873319e+01   6.5529031e+01
   3.1000000e+01   4.5000000e+01  -1.6402489e+02   4.7579124e+01   1.3000000e+01  -6.5453226e+01   6.3177866e+01
   3.1000000e+01   4.5000000e+01  -1.6542595e+02   4.8709413e+01   1.3000000e+01  -6.5828152e+01   5.8949578e+01
   3.1000000e+01   4.5000000e+01  -1.6350467e+02   4.9900797e+01   1.3000000e+01  -6.6108464e+01   5.6714906e+01
   3.1000000e+01   4.5000000e+01  -1.6565233e+02   5.1354691e+01   1.3000000e+01  -6.5145260e+01   5.1652188e+01
   3.1000000e+01   4.5000000e+01  -1.6450339e+02   5.1152530e+01   1.3000000e+01  -6.3915095e+01   4.9753432e+01
   3.1000000e+01   4.5000000e+01  -1.6411656e+02   5.0153574e+01   1.3000000e+01  -6.2099890e+01   4.7213256e+01
   3.1000000e+01   4.5000000e+01  -1.6230748e+02   4.7535777e+01   1.3000000e+01  -5.9518580e+01   4.7919767e+01
   3.1000000e+01   4.5000000e+01  -1.6037601e+02   4.4856700e+01   1.3000000e+01  -5.5555703e+01   4.7980548e+01
   3.1000000e+01   4.5000000e+01  -1.5837930e+02   4.2467700e+01   1.3000000e+01  -5.3129973e+01   4.7572855e+01
   3.1000000e+01   4.5000000e+01  -1.5650954e+02   4.3098454e+01   1.3000000e+01  -5.0990527e+01   4.1565218e+01
   3.1000000e+01   4.5000000e+01  -1.5539197e+02   4.0428289e+01   1.3000000e+01  -4.8043421e+01   3.8404710e+01
   3.1000000e+01   4.5000000e+01  -1.5129060e+02   3.8347420e+01   1.3000000e+01  -4.4959453e+01   3.5397644e+01
   3.1000000e+01   4.5000000e+01  -1.5139686e+02   3.7439495e+01   1.3000000e+01  -4.1891474e+01   3.2601671e+01
   3.1000000e+01   4.5000000e+01  -1.4924540e+02   3.9222431e+01   1.3000000e+01  -4.2768059e+01   3.0803512e+01
   3.1000000e+01   4.5000000e+01  -1.4841133e+02   4.1522901e+01   1.3000000e+01  -4.4298238e+01   2.8586337e+01
   3.1000000e+01   4.5000000e+01  -1.4841978e+02   4.4057335e+01   1.3000000e+01  -4.5485079e+01   2.3932344e+01
   3.1000000e+01   4.5000000e+01  -1.4470308e+02   4.2430364e+01   1.3000000e+01  -4.3704099e+01   2.2093325e+01
   3.1000000e+01   4.5000000e+01  -1.4393714e+02   4.0417397e+01   1.3000000e+01  -4.0322887e+01   1.8260228e+01
   3.1000000e+01   4.5000000e+01  -1.4283347e+02   3.9397090e+01   1.3000000e+01  -3.7395469e+01   1.3757002e+01
   3.1000000e+01   4.5000000e+01  -1.3912802e+02   3.8095578e+01   1.3000000e+01  -3.7061512e+01   1.0559833e+01
   3.1000000e+01   4.5000000e+01  -1.3812832e+02   3.7790658e+01   1.3000000e+01  -3.4992511e+01   3.8436773e+00
   3.1000000e+01   4.5000000e+01  -1.3543233e+02   3.5912750e+01   1.3000000e+01  -3.3015382e+01  -7.8378293e-02
   3.1000000e+01   4.5000000e+01  -1.3340998e+02   3.4371699e+01   1.3000000e+01  -3.0641927e+01  -3.5280162e+00
   3.1000000e+01   4.5000000e+01  -1.3215538e+02   3.3611810e+01   1.3000000e+01  -2.9131756e+01  -5.8168034e+00
   3.1000000e+01   4.5000000e+01  -1.3362971e+02   3.0073136e+01   1.3000000e+01  -3.0313779e+01  -6.9121491e+00
   3.1000000e+01   4.5000000e+01  -1.3709236e+02   2.7883501e+01   1.3000000e+01  -3.2871790e+01  -7.2801853e+00
   3.1000000e+01   4.5000000e+01  -1.4200919e+02   2.7732701e+01   1.3000000e+01  -3.6262607e+01  -2.1079921e+00
   3.1000000e+01   4.5000000e+01  -1.4766898e+02   3.0132272e+01   1.3000000e+01  -4.1017101e+01   5.5543869e+00
   3.1000000e+01   4.5000000e+01  -1.5307454e+02   3.2855901e+01   1.3000000e+01  -4.5538691e+01   1.4275391e+01
   3.1000000e+01   4.5000000e+01  -1.6007037e+02   3.6529187e+01   1.3000000e+01  -4.9168138e+01   2.3159173e+01
   3.1000000e+01   4.5000000e+01  -1.6214202e+02   3.7784654e+01   1.3000000e+01  -5.2466958e+01   3.4814547e+01
   3.1000000e+01   4.5000000e+01  -1.6775860e+02   4.0371496e+01   1.3000000e+01  -5.4025203e+01   4.5379252e+01
   3.1000000e+01   4.5000000e+01  -1.6925304e+02   4.1007393e+01   1.3000000e+01  -5.7031834e+01   5.5151278e+01
   3.1000000e+01   4.5000000e+01  -1.6770033e+02   4.1005208e+01   1.3000000e+01  -6.0536221e+01   6.1846863e+01
   3.1000000e+01   4.5000000e+01  -1.6411472e+02   4.2075142e+01   1.3000000e+01  -6.3500869e+01   6.4127774e+01
   3.1000000e+01   4.5000000e+01  -1.6328167e+02   4.2731695e+01   1.3000000e+01  -6.5923552e+01   6.8924101e+01
   3.1000000e+01   4.5000000e+01  -1.6355931e+02   4.4329834e+01   1.3000000e+01  -6.6121142e+01   6.9142164e+01
   3.1000000e+01   4.5000000e+01  -1.6302527e+02   4.5571412e+01   1.3000000e+01  -6.5203303e+01   6.6648914e+01
   3.1000000e+01   4.5000000e+01  -1.6205361e+02   4.6005334e+01   1.3000000e+01  -6.4376711e+01   6.3698579e+01
   3.1000000e+01   4.5000000e+01  -1.6223027e+02   4.5941791e+01   1.3000000e+01  -6.2081441e+01   6.1480549e+01
   3.1000000e+01   4.5000000e+01  -1.6289146e+02   4.6316537e+01   1.3000000e+01  -5.9755385e+01   5.5095408e+01
   3.1000000e+01   4.5000000e+01  -1.6267648e+02   4.4916367e+01   1.3000000e+01  -5.6956835e+01   5.2367471e+01
   3.1000000e+01   4.5000000e+01  -1.6317564e+02   4.2735678e+01   1.3000000e+01  -5.4760285e+01   4.8249694e+01
   3.1000000e+01   4.5000000e+01  -1.6046334e+02   3.9782525e+01   1.3000000e+01  -4.9707242e+01   4.9776712e+01
   3.1000000e+01   4.5000000e+01  -1.5730922e+02   3.9434540e+01   1.3000000e+01  -4.8905327e+01   4.8863022e+01
   3.1000000e+01   4.5000000e+01  -1.5628846e+02   3.6821510e+01   1.3000000e+01  -4.6558715e+01   4.7979940e+01
   3.1000000e+01   4.5000000e+01  -1.5546763e+02   3.6396309e+01   1.3000000e+01  -4.4442771e+01   4.4969867e+01
   3.1000000e+01   4.5000000e+01  -1.5230260e+02   3.3809840e+01   1.3000000e+01  -4.0857569e+01   4.2119258e+01
   3.1000000e+01   4.5000000e+01  -1.5388660e+02   3.5198380e+01   1.3000000e+01  -3.9125746e+01   3.6683601e+01
   3.1000000e+01   4.5000000e+01  -1.5080158e+02   3.7478120e+01   1.3000000e+01  -4.0425333e+01   3.2622588e+01
   3.1000000e+01   4.5000000e+01  -1.4908107e+02   4.1083827e+01   1.3000000e+01  -4.2466251e+01   2.9030118e+01
   3.1000000e+01   4.5000000e+01  -1.4710523e+02   4.4340586e+01   1.3000000e+01  -4.5797752e+01   2.7121146e+01
   3.1000000e+01   4.5000000e+01  -1.4548904e+02   4.2962972e+01   1.3000000e+01  -4.3833526e+01   2.3823590e+01
   3.1000000e+01   4.5000000e+01  -1.4241606e+02   4.0487457e+01   1.3000000e+01  -4.1159267e+01   2.0788144e+01
   3.1000000e+01   4.5000000e+01  -1.4000354e+02   3.9047335e+01   1.3000000e+01  -3.9111710e+01   1.7060891e+01
   3.1000000e+01   4.5000000e+01  -1.3782819e+02   3.6735628e+01   1.3000000e+01  -3.5947020e+01   1.1718680e+01
   3.1000000e+01   4.5000000e+01  -1.3591982e+02   3.5197945e+01   1.3000000e+01  -3.2495428e+01   4.8568743e+00
   3.1000000e+01   4.5000000e+01  -1.3372903e+02   3.3487833e+01   1.3000000e+01  -2.9287642e+01   4.0368865e-01
   3.1000000e+01   4.5000000e+01  -1.3024886e+02   3.1849127e+01   1.3000000e+01  -2.7239212e+01  -4.8188171e+00
   3.1000000e+01   4.5000000e+01  -1.2527773e+02   2.9137008e+01   1.3000000e+01  -2.6332894e+01  -7.7528971e+00
   3.1000000e+01   4.5000000e+01  -1.2481578e+02   2.9217997e+01   1.3000000e+01  -2.3712438e+01  -1.3534850e+01
   3.1000000e+01   4.5000000e+01  -1.2440052e+02   2.8260150e+01   1.3000000e+01  -2.3768192e+01  -1.4926561e+01
   3.1000000e+01   4.5000000e+01  -1.2902336e+02   2.5883527e+01   1.3000000e+01  -2.5060961e+01  -1.5084726e+01
   3.1000000e+01   4.5000000e+01  -1.3413549e+02   2.5759290e+01   1.3000000e+01  -2.7294960e+01  -1.6467889e+01
   3.1000000e+01   4.5000000e+01  -1.3778738e+02   2.5397558e+01   1.3000000e+01  -2.9917754e+01  -1.5747545e+01
   3.1000000e+01   4.5000000e+01  -1.4277653e+02   2.6906621e+01   1.3000000e+01  -3.3640854e+01  -7.7424021e+00
   3.1000000e+01   4.5000000e+01  -1.4931695e+02   3.1436794e+01   1.3000000e+01  -3.7981872e+01   1.4945263e+00
   3.1000000e+01   4.5000000e+01  -1.5657407e+02   3.5269788e+01   1.3000000e+01  -4.1983910e+01   1.0528345e+01
   3.1000000e+01   4.5000000e+01  -1.6344644e+02   3.7898119e+01   1.3000000e+01  -4.4323774e+01   1.8200854e+01
   3.1000000e+01   4.5000000e+01  -1.6599071e+02   3.9420070e+01   1.3000000e+01  -4.7602266e+01   2.8905257e+01
   3.1000000e+01   4.5000000e+01  -1.6745975e+02   4.0676624e+01   1.3000000e+01  -5.0998669e+01   3.9885357e+01
   3.1000000e+01   4.5000000e+01  -1.6781831e+02   4.0801972e+01   1.3000000e+01  -5.3427319e+01   5.0190483e+01
   3.1000000e+01   4.5000000e+01  -1.6606095e+02   4.1544967e+01   1.3000000e+01  -5.5828281e+01   5.7002476e+01
   3.1000000e+01   4.5000000e+01  -1.6467988e+02   4.2743697e+01   1.3000000e+01  -5.7764615e+01   5.9941172e+01
   3.1000000e+01   4.5000000e+01  -1.6441164e+02   4.4305530e+01   1.3000000e+01  -5.8721437e+01   5.8135559e+01
   3.1000000e+01   4.5000000e+01  -1.6424137e+02   4.4983451e+01   1.3000000e+01  -5.8218516e+01   5.6293953e+01
   3.1000000e+01   4.5000000e+01  -1.6204457e+02   4.6110370e+01   1.3000000e+01  -5.8084929e+01   5.4249689e+01
   3.1000000e+01   4.5000000e+01  -1.5992949e+02   4.6958075e+01   1.3000000e+01  -5.8153923e+01   5.2648348e+01
   3.1000000e+01   4.5000000e+01  -1.6256894e+02   4.4950015e+01   1.3000000e+01  -5.6662037e+01   5.0179806e+01
   3.1000000e+01   4.5000000e+01  -1.6191341e+02   4.3134394e+01   1.3000000e+01  -5.3492272e+01   4.9440330e+01
   3.1000000e+01   4.5000000e+01  -1.6155686e+02   4.2703365e+01   1.3000000e+01  -4.9600266e+01   4.6699794e+01
   3.1000000e+01   4.5000000e+01  -1.6123816e+02   3.9108947e+01   1.3000000e+01  -4.6562105e+01   4.6860732e+01
   3.1000000e+01   4.5000000e+01  -1.5858151e+02   3.8152996e+01   1.3000000e+01  -4.3594384e+01   4.4753453e+01
   3.1000000e+01   4.5000000e+01  -1.5725982e+02   3.8441829e+01   1.3000000e+01  -4.3296460e+01   3.8729196e+01
   3.1000000e+01   4.5000000e+01  -1.5431142e+02   3.8101079e+01   1.3000000e+01  -4.3317841e+01   3.7849480e+01
   3.1000000e+01   4.5000000e+01  -1.5253634e+02   3.8828237e+01   1.3000000e+01  -4.2489836e+01   3.3698559e+01
   3.1000000e+01   4.5000000e+01  -1.5372033e+02   3.8532339e+01   1.3000000e+01  -3.9039050e+01   2.9817697e+01
   3.1000000e+01   4.5000000e+01  -1.5205775e+02   3.9042682e+01   1.3000000e+01  -3.8316551e+01   2.6980858e+01
   3.1000000e+01   4.5000000e+01  -1.4814476e+02   4.0130380e+01   1.3000000e+01  -3.8841782e+01   2.2758229e+01
   3.1000000e+01   4.5000000e+01  -1.4775903e+02   4.1207932e+01   1.3000000e+01  -3.7915410e+01   1.8692904e+01
   3.1000000e+01   4.5000000e+01  -1.4558196e+02   4.0995277e+01   1.3000000e+01  -3.7028434e+01   1.5826245e+01
   3.1000000e+01   4.5000000e+01  -1.4187405e+02   3.8606877e+01   1.3000000e+01  -3.5850021e+01   1.2055786e+01
   3.1000000e+01   4.5000000e+01  -1.4159060e+02   3.7799235e+01   1.3000000e+01  -3.3057210e+01   7.9728658e+00
   3.1000000e+01   4.5000000e+01  -1.3849477e+02   3.6313523e+01   1.3000000e+01  -3.0839009e+01   3.6876609e+00
   3.1000000e+01   4.5000000e+01  -1.3415613e+02   3.4450295e+01   1.3000000e+01  -2.8889374e+01  -9.8390214e-01
   3.1000000e+01   4.5000000e+01  -1.3319829e+02   3.3935448e+01   1.3000000e+01  -2.5871092e+01  -7.7352111e+00
   3.1000000e+01   4.5000000e+01  -1.3130444e+02   3.3049907e+01   1.3000000e+01  -2.3389096e+01  -1.3093264e+01
   3.1000000e+01   4.5000000e+01  -1.2827785e+02   3.2419004e+01   1.3000000e+01  -2.2299009e+01  -1.7325383e+01
   3.1000000e+01   4.5000000e+01  -1.2803403e+02   3.2574759e+01   1.3000000e+01  -2.0587984e+01  -2.1702940e+01
   3.1000000e+01   4.5000000e+01  -1.2815405e+02   2.7958097e+01   1.3000000e+01  -2.3101354e+01  -1.7934342e+01
   3.1000000e+01   4.5000000e+01  -1.3179914e+02   2.5232719e+01   1.3000000e+01  -2.6176670e+01  -1.3402407e+01
   3.1000000e+01   4.5000000e+01  -1.3475033e+02   2.3432053e+01   1.3000000e+01  -3.0381333e+01  -9.6768472e+00
   3.1000000e+01   4.5000000e+01  -1.3989081e+02   2.3541809e+01   1.3000000e+01  -3.4031324e+01  -4.2515752e+00
   3.1000000e+01   4.5000000e+01  -1.4696517e+02   2.6002636e+01   1.3000000e+01  -3.7886881e+01   4.2712089e+00
   3.1000000e+01   4.5000000e+01  -1.5510863e+02   2.9972714e+01   1.3000000e+01  -4.2341201e+01   1.3066545e+01
   3.1000000e+01   4.5000000e+01  -1.6235756e+02   3.3272960e+01   1.3000000e+01  -4.5800100e+01   2.0421054e+01
   3.1000000e+01   4.5000000e+01  -1.6477134e+02   3.4248242e+01   1.3000000e+01  -4.8962069e+01   2.9435939e+01
   3.1000000e+01   4.5000000e+01  -1.6588483e+02   3.6039357e+01   1.3000000e+01  -5.1758925e+01   3.7887777e+01
   3.1000000e+01   4.5000000e+01  -1.6854924e+02   3.8169553e+01   1.3000000e+01  -5.4477764e+01   4.2152322e+01
   3.1000000e+01   4.5000000e+01  -1.6960069e+02   3.9427357e+01   1.3000000e+01  -5.6187583e+01   4.9335469e+01
   3.1000000e+01   4.5000000e+01  -1.6912513e+02   4.1261716e+01   1.3000000e+01  -5.5099465e+01   5.5488359e+01
   3.1000000e+01   4.5000000e+01  -1.6682629e+02   4.2880004e+01   1.3000000e+01  -5.4391485e+01   5.7681916e+01
   3.1000000e+01   4.5000000e+01  -1.6567964e+02   4.3693764e+01   1.3000000e+01  -5.4032182e+01   5.4955366e+01
   3.1000000e+01   4.5000000e+01  -1.6399390e+02   4.4792133e+01   1.3000000e+01  -5.3498464e+01   5.3936727e+01
   3.1000000e+01   4.5000000e+01  -1.6623683e+02   4.6170097e+01   1.3000000e+01  -5.2372063e+01   4.8013647e+01
   3.1000000e+01   4.5000000e+01  -1.6528891e+02   4.6023757e+01   1.3000000e+01  -5.0906174e+01   4.7350077e+01
   3.1000000e+01   4.5000000e+01  -1.6628351e+02   4.5522595e+01   1.3000000e+01  -4.9075723e+01   4.2881127e+01
   3.1000000e+01   4.5000000e+01  -1.6477466e+02   4.5067892e+01   1.3000000e+01  -4.7169175e+01   4.0576192e+01
   3.1000000e+01   4.5000000e+01  -1.6330544e+02   4.3429670e+01   1.3000000e+01  -4.5850270e+01   3.9286108e+01
   3.1000000e+01   4.5000000e+01  -1.5823135e+02   4.2220622e+01   1.3000000e+01  -4.4607903e+01   4.1685018e+01
   3.1000000e+01   4.5000000e+01  -1.5626386e+02   4.4058319e+01   1.3000000e+01  -4.5310535e+01   3.4528390e+01
   3.1000000e+01   4.5000000e+01  -1.5612402e+02   4.3825892e+01   1.3000000e+01  -4.3909003e+01   3.1414763e+01
   3.1000000e+01   4.5000000e+01  -1.5495687e+02   4.3041698e+01   1.3000000e+01  -4.1610662e+01   2.9114165e+01
   3.1000000e+01   4.5000000e+01  -1.5471165e+02   4.3908191e+01   1.3000000e+01  -3.9821965e+01   2.3503598e+01
   3.1000000e+01   4.5000000e+01  -1.5389765e+02   4.3800002e+01   1.3000000e+01  -3.8563573e+01   2.0856587e+01
   3.1000000e+01   4.5000000e+01  -1.5159861e+02   4.1574944e+01   1.3000000e+01  -3.5822256e+01   1.8364324e+01
   3.1000000e+01   4.5000000e+01  -1.4907826e+02   4.2339598e+01   1.3000000e+01  -3.4697456e+01   1.3530175e+01
   3.1000000e+01   4.5000000e+01  -1.4678838e+02   4.1649604e+01   1.3000000e+01  -3.3325234e+01   1.1364817e+01
   3.1000000e+01   4.5000000e+01  -1.4382690e+02   3.9693269e+01   1.3000000e+01  -3.1658013e+01   8.1096619e+00
   3.1000000e+01   4.5000000e+01  -1.4204767e+02   3.8211289e+01   1.3000000e+01  -2.9564212e+01   4.4547481e+00
   3.1000000e+01   4.5000000e+01  -1.4067416e+02   3.6525107e+01   1.3000000e+01  -2.7543166e+01   4.4494045e-01
   3.1000000e+01   4.5000000e+01  -1.3754631e+02   3.4966703e+01   1.3000000e+01  -2.5432906e+01  -4.8839904e+00
   3.1000000e+01   4.5000000e+01  -1.3592180e+02   3.3579880e+01   1.3000000e+01  -2.3133154e+01  -9.7029194e+00
   3.1000000e+01   4.5000000e+01  -1.3392819e+02   3.2744758e+01   1.3000000e+01  -2.0727403e+01  -1.5766250e+01
   3.1000000e+01   4.5000000e+01  -1.2988831e+02   3.2570590e+01   1.3000000e+01  -1.9336809e+01  -2.0417411e+01
   3.1000000e+01   4.5000000e+01  -1.2812277e+02   3.3813756e+01   1.3000000e+01  -1.8448315e+01  -2.6575263e+01
   3.1000000e+01   4.5000000e+01  -1.2740797e+02   3.4435451e+01   1.3000000e+01  -1.7823728e+01  -2.8656248e+01
   3.1000000e+01   4.5000000e+01  -1.2988916e+02   2.9875569e+01   1.3000000e+01  -2.1235707e+01  -2.3977664e+01
   3.1000000e+01   4.5000000e+01  -1.3424591e+02   2.8115720e+01   1.3000000e+01  -2.5471720e+01  -1.8857486e+01
   3.1000000e+01   4.5000000e+01  -1.3859711e+02   2.7937724e+01   1.3000000e+01  -3.0871061e+01  -1.6239217e+01
   3.1000000e+01   4.5000000e+01  -1.4254523e+02   2.7109577e+01   1.3000000e+01  -3.5247057e+01  -1.0988110e+01
   3.1000000e+01   4.5000000e+01  -1.4826991e+02   3.0559155e+01   1.3000000e+01  -3.9329849e+01  -4.1679092e+00
   3.1000000e+01   4.5000000e+01  -1.5211997e+02   3.2565748e+01   1.3000000e+01  -4.4584352e+01   4.9286073e+00
   3.1000000e+01   4.5000000e+01  -1.5902902e+02   3.7230083e+01   1.3000000e+01  -4.9599456e+01   1.4349867e+01
   3.1000000e+01   4.5000000e+01  -1.6299816e+02   3.9768092e+01   1.3000000e+01  -5.2590444e+01   2.5871533e+01
   3.1000000e+01   4.5000000e+01  -1.6392907e+02   3.9592742e+01   1.3000000e+01  -5.6018152e+01   3.7366794e+01
   3.1000000e+01   4.5000000e+01  -1.6747251e+02   4.0629501e+01   1.3000000e+01  -5.8305916e+01   4.4809405e+01
   3.1000000e+01   4.5000000e+01  -1.6780799e+02   4.1000197e+01   1.3000000e+01  -6.1396680e+01   5.2676400e+01
   3.1000000e+01   4.5000000e+01  -1.6609863e+02   4.1302329e+01   1.3000000e+01  -6.3834190e+01   6.0281165e+01
   3.1000000e+01   4.5000000e+01  -1.6582861e+02   4.2121809e+01   1.3000000e+01  -6.4864051e+01   6.5195685e+01
   3.1000000e+01   4.5000000e+01  -1.6593118e+02   4.3776182e+01   1.3000000e+01  -6.4851152e+01   6.4500105e+01
   3.1000000e+01   4.5000000e+01  -1.6630503e+02   4.5012489e+01   1.3000000e+01  -6.3272561e+01   6.3623306e+01
   3.1000000e+01   4.5000000e+01  -1.6563793e+02   4.5496510e+01   1.3000000e+01  -6.2428523e+01   5.9544618e+01
   3.1000000e+01   4.5000000e+01  -1.6461565e+02   4.5938810e+01   1.3000000e+01  -6.1559581e+01   5.7169599e+01
   3.1000000e+01   4.5000000e+01  -1.6447472e+02   4.6409016e+01   1.3000000e+01  -6.0370125e+01   5.4769518e+01
   3.1000000e+01   4.5000000e+01  -1.6384528e+02   4.6329475e+01   1.3000000e+01  -5.9135669e+01   5.3312801e+01
   3.1000000e+01   4.5000000e+01  -1.6303984e+02   4.6107002e+01   1.3000000e+01  -5.7838323e+01   5.1479867e+01
   3.1000000e+01   4.5000000e+01  -1.6376075e+02   4.3137125e+01   1.3000000e+01  -5.5928550e+01   4.9864983e+01
   3.1000000e+01   4.5000000e+01  -1.6061115e+02   4.1993240e+01   1.3000000e+01  -5.2669631e+01   5.1541186e+01
   3.1000000e+01   4.5000000e+01  -1.5717121e+02   3.9294593e+01   1.3000000e+01  -5.1155856e+01   5.3228063e+01
   3.1000000e+01   4.5000000e+01  -1.5505682e+02   3.7407571e+01   1.3000000e+01  -4.9130272e+01   5.1959718e+01
   3.1000000e+01   4.5000000e+01  -1.5632541e+02   3.6324987e+01   1.3000000e+01  -4.6454025e+01   4.8732774e+01
   3.1000000e+01   4.5000000e+01  -1.5513746e+02   3.4302361e+01   1.3000000e+01  -4.4682086e+01   4.9090089e+01
   3.1000000e+01   4.5000000e+01  -1.5424641e+02   3.1777634e+01   1.3000000e+01  -4.0638008e+01   4.4979624e+01
   3.1000000e+01   4.5000000e+01  -1.5381092e+02   3.1443871e+01   1.3000000e+01  -3.7654074e+01   4.2534172e+01
   3.1000000e+01   4.5000000e+01  -1.5380041e+02   3.2342336e+01   1.3000000e+01  -3.6342050e+01   3.7989297e+01
   3.1000000e+01   4.5000000e+01  -1.5259389e+02   3.2406629e+01   1.3000000e+01  -3.5768266e+01   3.3659110e+01
   3.1000000e+01   4.5000000e+01  -1.4798747e+02   3.1780670e+01   1.3000000e+01  -3.5930639e+01   3.2867837e+01
   3.1000000e+01   4.5000000e+01  -1.4625561e+02   3.3531941e+01   1.3000000e+01  -3.6854255e+01   2.8650400e+01
   3.1000000e+01   4.5000000e+01  -1.4489888e+02   3.4491782e+01   1.3000000e+01  -3.6537007e+01   2.4221898e+01
   3.1000000e+01   4.5000000e+01  -1.4300925e+02   3.3818318e+01   1.3000000e+01  -3.4927963e+01   2.0254564e+01
   3.1000000e+01   4.5000000e+01  -1.4065838e+02   3.2524876e+01   1.3000000e+01  -3.3692433e+01   1.6973301e+01
   3.1000000e+01   4.5000000e+01  -1.3801249e+02   3.1449578e+01   1.3000000e+01  -3.2250110e+01   1.2975618e+01
   3.1000000e+01   4.5000000e+01  -1.3658104e+02   3.0966869e+01   1.3000000e+01  -3.0334040e+01   8.1165150e+00
   3.1000000e+01   4.5000000e+01  -1.3363117e+02   2.9461242e+01   1.3000000e+01  -2.8875638e+01   4.8424522e+00
   3.1000000e+01   4.5000000e+01  -1.3139613e+02   2.9001615e+01   1.3000000e+01  -2.6751325e+01   5.9246949e-01
   3.1000000e+01   4.5000000e+01  -1.3002597e+02   2.8194750e+01   1.3000000e+01  -2.5060426e+01  -4.1359490e+00
   3.1000000e+01   4.5000000e+01  -1.2916421e+02   2.8718779e+01   1.3000000e+01  -2.4048127e+01  -9.4984750e+00
   3.1000000e+01   4.5000000e+01  -1.2977075e+02   2.7393826e+01   1.3000000e+01  -2.6196177e+01  -9.4562762e+00
   3.1000000e+01   4.5000000e+01  -1.3161417e+02   2.4533925e+01   1.3000000e+01  -2.9474637e+01  -9.0757874e+00
   3.1000000e+01   4.5000000e+01  -1.3788811e+02   2.4629590e+01   1.3000000e+01  -3.2264110e+01  -8.1224821e+00
   3.1000000e+01   4.5000000e+01  -1.4371874e+02   2.5420637e+01   1.3000000e+01  -3.6070971e+01  -3.3944015e+00
   3.1000000e+01   4.5000000e+01  -1.5130186e+02   2.7545244e+01   1.3000000e+01  -3.9614397e+01   5.0052121e+00
   3.1000000e+01   4.5000000e+01  -1.5944861e+02   2.9874691e+01   1.3000000e+01  -4.2966840e+01   1.4121093e+01
   3.1000000e+01   4.5000000e+01  -1.6451284e+02   3.3085182e+01   1.3000000e+01  -4.5742073e+01   2.3277731e+01
   3.1000000e+01   4.5000000e+01  -1.6689938e+02   3.6071728e+01   1.3000000e+01  -4.8635303e+01   3.1272153e+01
   3.1000000e+01   4.5000000e+01  -1.7078555e+02   3.9078472e+01   1.3000000e+01  -5.1039938e+01   3.8833748e+01
   3.1000000e+01   4.5000000e+01  -1.7077749e+02   3.9829502e+01   1.3000000e+01  -5.2368440e+01   4.9594988e+01
   3.1000000e+01   4.5000000e+01  -1.7140440e+02   4.0329813e+01   1.3000000e+01  -5.3550063e+01   5.5215428e+01
   3.1000000e+01   4.5000000e+01  -1.7185426e+02   4.0695501e+01   1.3000000e+01  -5.4608530e+01   5.6196538e+01
   3.1000000e+01   4.5000000e+01  -1.6813216e+02   4.0472063e+01   1.3000000e+01  -5.5241941e+01   6.2116620e+01
   3.1000000e+01   4.5000000e+01  -1.6613291e+02   4.0710507e+01   1.3000000e+01  -5.4818441e+01   6.0163385e+01
   3.1000000e+01   4.5000000e+01  -1.6438654e+02   4.0824692e+01   1.3000000e+01  -5.3970045e+01   5.6327719e+01
   3.1000000e+01   4.5000000e+01  -1.6322202e+02   4.1580363e+01   1.3000000e+01  -5.2508019e+01   5.2236112e+01
   3.1000000e+01   4.5000000e+01  -1.6381308e+02   4.0993367e+01   1.3000000e+01  -5.0733508e+01   4.7664566e+01
   3.1000000e+01   4.5000000e+01  -1.6134566e+02   3.9235424e+01   1.3000000e+01  -4.7407888e+01   4.6052978e+01
   3.1000000e+01   4.5000000e+01  -1.5805780e+02   3.7557105e+01   1.3000000e+01  -4.4331227e+01   4.5010190e+01
   3.1000000e+01   4.5000000e+01  -1.5491717e+02   3.5725267e+01   1.3000000e+01  -4.1518835e+01   4.3116110e+01
   3.1000000e+01   4.5000000e+01  -1.5394486e+02   3.7519365e+01   1.3000000e+01  -4.0932793e+01   3.7649147e+01
   3.1000000e+01   4.5000000e+01  -1.5201417e+02   3.6733606e+01   1.3000000e+01  -3.9204796e+01   3.4127018e+01
   3.1000000e+01   4.5000000e+01  -1.5138203e+02   3.6781575e+01   1.3000000e+01  -3.7947500e+01   2.8807038e+01
   3.1000000e+01   4.5000000e+01  -1.4707922e+02   3.7232322e+01   1.3000000e+01  -3.7679964e+01   2.4191004e+01
   3.1000000e+01   4.5000000e+01  -1.4554234e+02   3.9576198e+01   1.3000000e+01  -3.7867157e+01   1.9750399e+01
   3.1000000e+01   4.5000000e+01  -1.4531869e+02   4.0064806e+01   1.3000000e+01  -3.6053679e+01   1.4891522e+01
   3.1000000e+01   4.5000000e+01  -1.4288937e+02   3.9435707e+01   1.3000000e+01  -3.5296598e+01   1.0419860e+01
   3.1000000e+01   4.5000000e+01  -1.4044534e+02   3.9731234e+01   1.3000000e+01  -3.5164885e+01   6.5577837e+00
   3.1000000e+01   4.5000000e+01  -1.3812729e+02   3.8540918e+01   1.3000000e+01  -3.3679581e+01   2.9503671e+00
   3.1000000e+01   4.5000000e+01  -1.3534991e+02   3.7783036e+01   1.3000000e+01  -3.1904756e+01  -1.2943126e+00
   3.1000000e+01   4.5000000e+01  -1.3298399e+02   3.7028216e+01   1.3000000e+01  -2.9949258e+01  -7.3003234e+00
   3.1000000e+01   4.5000000e+01  -1.3138733e+02   3.6496658e+01   1.3000000e+01  -2.7760126e+01  -1.3983915e+01
   3.1000000e+01   4.5000000e+01  -1.2852908e+02   3.5110668e+01   1.3000000e+01  -2.5847542e+01  -1.9072606e+01
   3.1000000e+01   4.5000000e+01  -1.2529561e+02   3.3823760e+01   1.3000000e+01  -2.3777852e+01  -2.4039513e+01
   3.1000000e+01   4.5000000e+01  -1.2461968e+02   3.3119695e+01   1.3000000e+01  -2.1047922e+01  -2.9790101e+01
   3.1000000e+01   4.5000000e+01  -1.2125929e+02   3.1264130e+01   1.3000000e+01  -1.9247254e+01  -3.1918572e+01
   3.1000000e+01   4.5000000e+01  -1.2245243e+02   3.0531851e+01   1.3000000e+01  -1.6857804e+01  -3.5076367e+01
   3.1000000e+01   4.5000000e+01  -1.2143065e+02   2.7152732e+01   1.3000000e+01  -1.8241204e+01  -3.2580682e+01
   3.1000000e+01   4.5000000e+01  -1.2649640e+02   2.4356273e+01   1.3000000e+01  -1.9920840e+01  -3.1758690e+01
   3.1000000e+01   4.5000000e+01  -1.2890647e+02   2.1587200e+01   1.3000000e+01  -2.3270991e+01  -2.8305638e+01
   3.1000000e+01   4.5000000e+01  -1.3377469e+02   2.0080358e+01   1.3000000e+01  -2.5700213e+01  -2.0663650e+01
   3.1000000e+01   4.5000000e+01  -1.4087763e+02   2.0167605e+01   1.3000000e+01  -2.8815328e+01  -1.0375730e+01
   3.1000000e+01   4.5000000e+01  -1.4751583e+02   2.1577234e+01   1.3000000e+01  -3.3391078e+01   3.8912319e-01
   3.1000000e+01   4.5000000e+01  -1.5309704e+02   2.4880776e+01   1.3000000e+01  -3.9079052e+01   1.0660310e+01
   3.1000000e+01   4.5000000e+01  -1.6194935e+02   2.9239742e+01   1.3000000e+01  -4.3472378e+01   2.0952060e+01
   3.1000000e+01   4.5000000e+01  -1.6461305e+02   3.2977670e+01   1.3000000e+01  -4.8280728e+01   2.9878544e+01
   3.1000000e+01   4.5000000e+01  -1.6640528e+02   3.6501570e+01   1.3000000e+01  -5.2844067e+01   3.8605194e+01
   3.1000000e+01   4.5000000e+01  -1.6695690e+02   3.8106384e+01   1.3000000e+01  -5.5670566e+01   4.8507120e+01
   3.1000000e+01   4.5000000e+01  -1.6797121e+02   3.8924340e+01   1.3000000e+01  -5.7852034e+01   5.7171553e+01
   3.1000000e+01   4.5000000e+01  -1.6731517e+02   3.9395187e+01   1.3000000e+01  -6.0064435e+01   6.4101829e+01
   3.1000000e+01   4.5000000e+01  -1.6484234e+02   4.0466634e+01   1.3000000e+01  -6.2072865e+01   6.7347709e+01
   3.1000000e+01   4.5000000e+01  -1.6302667e+02   4.2578818e+01   1.3000000e+01  -6.3369073e+01   6.7748447e+01
   3.1000000e+01   4.5000000e+01  -1.6274177e+02   4.4559679e+01   1.3000000e+01  -6.4859267e+01   6.5380887e+01
   3.1000000e+01   4.5000000e+01  -1.6407089e+02   4.6698272e+01   1.3000000e+01  -6.5448513e+01   6.1577857e+01
   3.1000000e+01   4.5000000e+01  -1.6181178e+02   4.8043224e+01   1.3000000e+01  -6.6553851e+01   6.1025096e+01
   3.1000000e+01   4.5000000e+01  -1.6154429e+02   4.7326755e+01   1.3000000e+01  -6.5647985e+01   5.8540878e+01
   3.1000000e+01   4.5000000e+01  -1.6033465e+02   4.6682074e+01   1.3000000e+01  -6.4359248e+01   5.7496682e+01
   3.1000000e+01   4.5000000e+01  -1.5962933e+02   4.6438480e+01   1.3000000e+01  -6.2568154e+01   5.4615874e+01
   3.1000000e+01   4.5000000e+01  -1.5826535e+02   4.4150271e+01   1.3000000e+01  -5.9195863e+01   5.3600676e+01
   3.1000000e+01   4.5000000e+01  -1.5910321e+02   4.2736429e+01   1.3000000e+01  -5.5108091e+01   4.9716569e+01
   3.1000000e+01   4.5000000e+01  -1.5922219e+02   3.9555261e+01   1.3000000e+01  -5.0035834e+01   4.8808357e+01
   3.1000000e+01   4.5000000e+01  -1.5824113e+02   3.6118831e+01   1.3000000e+01  -4.6787119e+01   4.8133873e+01
   3.1000000e+01   4.5000000e+01  -1.5589039e+02   3.4526877e+01   1.3000000e+01  -4.4496065e+01   4.5997482e+01
   3.1000000e+01   4.5000000e+01  -1.5320204e+02   3.3158725e+01   1.3000000e+01  -4.2042146e+01   4.2302211e+01
   3.1000000e+01   4.5000000e+01  -1.5298617e+02   3.1670226e+01   1.3000000e+01  -3.9518757e+01   3.9916747e+01
   3.1000000e+01   4.5000000e+01  -1.5043941e+02   2.9732820e+01   1.3000000e+01  -3.7584559e+01   3.8166768e+01
   3.1000000e+01   4.5000000e+01  -1.5012186e+02   2.9139795e+01   1.3000000e+01  -3.6461354e+01   3.6850985e+01
   3.1000000e+01   4.5000000e+01  -1.4792529e+02   3.0760629e+01   1.3000000e+01  -3.7431660e+01   3.4318077e+01
   3.1000000e+01   4.5000000e+01  -1.4730829e+02   3.1576523e+01   1.3000000e+01  -3.6794750e+01   3.1993538e+01
   3.1000000e+01   4.5000000e+01  -1.4446527e+02   3.1572665e+01   1.3000000e+01  -3.7142441e+01   2.9592991e+01
   3.1000000e+01   4.5000000e+01  -1.4303186e+02   3.2142012e+01   1.3000000e+01  -3.6743771e+01   2.6502831e+01
   3.1000000e+01   4.5000000e+01  -1.4093431e+02   3.3127744e+01   1.3000000e+01  -3.6083264e+01   2.1044195e+01
   3.1000000e+01   4.5000000e+01  -1.3846039e+02   3.3806107e+01   1.3000000e+01  -3.5646699e+01   1.6068452e+01
   3.1000000e+01   4.5000000e+01  -1.3752633e+02   3.2964473e+01   1.3000000e+01  -3.3554419e+01   9.9320366e+00
   3.1000000e+01   4.5000000e+01  -1.3516200e+02   3.2335559e+01   1.3000000e+01  -3.1251455e+01   5.6733660e+00
   3.1000000e+01   4.5000000e+01  -1.3405925e+02   3.1530014e+01   1.3000000e+01  -2.9042351e+01   1.7253130e+00
   3.1000000e+01   4.5000000e+01  -1.3191135e+02   3.0334458e+01   1.3000000e+01  -2.7120870e+01  -1.5904687e+00
   3.1000000e+01   4.5000000e+01  -1.3025794e+02   2.9257807e+01   1.3000000e+01  -2.5298281e+01  -6.1725748e+00
   3.1000000e+01   4.5000000e+01  -1.2871093e+02   2.8521785e+01   1.3000000e+01  -2.3242494e+01  -1.0426962e+01
   3.1000000e+01   4.5000000e+01  -1.2783311e+02   2.8682759e+01   1.3000000e+01  -2.2019734e+01  -1.3782523e+01
   3.1000000e+01   4.5000000e+01  -1.2682766e+02   2.8758521e+01   1.3000000e+01  -2.0979772e+01  -1.5963670e+01
   3.1000000e+01   4.5000000e+01  -1.2520783e+02   2.7802916e+01   1.3000000e+01  -2.0657259e+01  -1.7233377e+01
   3.1000000e+01   4.5000000e+01  -1.2692382e+02   2.4899654e+01   1.3000000e+01  -2.2448626e+01  -1.8914105e+01
   3.1000000e+01   4.5000000e+01  -1.2919914e+02   2.3133407e+01   1.3000000e+01  -2.5477851e+01  -2.0158795e+01
   3.1000000e+01   4.5000000e+01  -1.3146363e+02   2.1632688e+01   1.3000000e+01  -2.8276993e+01  -1.9179323e+01
   3.1000000e+01   4.5000000e+01  -1.3617428e+02   2.1021337e+01   1.3000000e+01  -3.0026706e+01  -1.2449969e+01
   3.1000000e+01   4.5000000e+01  -1.4153307e+02   2.3032784e+01   1.3000000e+01  -3.2556602e+01  -2.6023269e+00
   3.1000000e+01   4.5000000e+01  -1.4656562e+02   2.6860431e+01   1.3000000e+01  -3.6643484e+01   7.0718084e+00
   3.1000000e+01   4.5000000e+01  -1.5439417e+02   2.9597651e+01   1.3000000e+01  -3.9175548e+01   1.6013798e+01
   3.1000000e+01   4.5000000e+01  -1.5985540e+02   3.2374485e+01   1.3000000e+01  -4.1873256e+01   2.5954632e+01
   3.1000000e+01   4.5000000e+01  -1.6215400e+02   3.4834071e+01   1.3000000e+01  -4.4663548e+01   3.6598900e+01
   3.1000000e+01   4.5000000e+01  -1.6444608e+02   3.4344889e+01   1.3000000e+01  -4.7045179e+01   4.6957395e+01
   3.1000000e+01   4.5000000e+01  -1.6561759e+02   3.4299031e+01   1.3000000e+01  -4.9411995e+01   5.6826835e+01
   3.1000000e+01   4.5000000e+01  -1.6658141e+02   3.4370073e+01   1.3000000e+01  -5.2063036e+01   6.0935249e+01
   3.1000000e+01   4.5000000e+01  -1.6438199e+02   3.4526822e+01   1.3000000e+01  -5.5028018e+01   6.6994118e+01
   3.1000000e+01   4.5000000e+01  -1.6283733e+02   3.5505933e+01   1.3000000e+01  -5.7197044e+01   6.7228951e+01
   3.1000000e+01   4.5000000e+01  -1.6413367e+02   3.7207528e+01   1.3000000e+01  -5.7614138e+01   6.6203255e+01
   3.1000000e+01   4.5000000e+01  -1.6431731e+02   3.9546668e+01   1.3000000e+01  -5.7425161e+01   6.3328383e+01
   3.1000000e+01   4.5000000e+01  -1.6118316e+02   3.9508883e+01   1.3000000e+01  -5.7110987e+01   6.3154516e+01
   3.1000000e+01   4.5000000e+01  -1.6027187e+02   3.9675976e+01   1.3000000e+01  -5.6128998e+01   5.8565085e+01
   3.1000000e+01   4.5000000e+01  -1.5900680e+02   3.9062340e+01   1.3000000e+01  -5.3226465e+01   5.6584740e+01
   3.1000000e+01   4.5000000e+01  -1.6056615e+02   3.9371878e+01   1.3000000e+01  -4.9315507e+01   4.9102326e+01
   3.1000000e+01   4.5000000e+01  -1.5709453e+02   3.6023096e+01   1.3000000e+01  -4.4431350e+01   4.8323153e+01
   3.1000000e+01   4.5000000e+01  -1.5376030e+02   3.5371774e+01   1.3000000e+01  -4.2966067e+01   4.4745049e+01
   3.1000000e+01   4.5000000e+01  -1.5049089e+02   3.4036828e+01   1.3000000e+01  -4.2101938e+01   4.3132375e+01
   3.1000000e+01   4.5000000e+01  -1.4746940e+02   3.5503438e+01   1.3000000e+01  -4.3147256e+01   3.9994446e+01
   3.1000000e+01   4.5000000e+01  -1.4641439e+02   3.4179092e+01   1.3000000e+01  -4.1610906e+01   3.7017807e+01
   3.1000000e+01   4.5000000e+01  -1.4691200e+02   3.6048212e+01   1.3000000e+01  -3.9764672e+01   3.0583381e+01
   3.1000000e+01   4.5000000e+01  -1.4563150e+02   3.7076825e+01   1.3000000e+01  -3.8767483e+01   2.5110172e+01
   3.1000000e+01   4.5000000e+01  -1.4345227e+02   3.7690374e+01   1.3000000e+01  -3.7935641e+01   2.0970949e+01
   3.1000000e+01   4.5000000e+01  -1.4143006e+02   3.6791021e+01   1.3000000e+01  -3.5991567e+01   1.6876001e+01
   3.1000000e+01   4.5000000e+01  -1.3745563e+02   3.5568356e+01   1.3000000e+01  -3.4557235e+01   1.2639132e+01
   3.1000000e+01   4.5000000e+01  -1.3560700e+02   3.4986702e+01   1.3000000e+01  -3.2575582e+01   6.3412515e+00
   3.1000000e+01   4.5000000e+01  -1.3169978e+02   3.4197719e+01   1.3000000e+01  -3.0783853e+01   1.4966882e+00
   3.1000000e+01   4.5000000e+01  -1.2822235e+02   3.3566881e+01   1.3000000e+01  -2.9065197e+01  -5.9030282e+00
   3.1000000e+01   4.5000000e+01  -1.2580042e+02   3.3418324e+01   1.3000000e+01  -2.6832114e+01  -1.3381622e+01
   3.1000000e+01   4.5000000e+01  -1.2190180e+02   3.2544275e+01   1.3000000e+01  -2.4983570e+01  -1.8566783e+01
   3.1000000e+01   4.5000000e+01  -1.1960344e+02   3.1356997e+01   1.3000000e+01  -2.3240038e+01  -2.2801422e+01
   3.1000000e+01   4.5000000e+01  -1.1844804e+02   3.0931718e+01   1.3000000e+01  -2.1323539e+01  -2.9144864e+01
   3.1000000e+01   4.5000000e+01  -1.1752983e+02   2.9159283e+01   1.3000000e+01  -2.0786209e+01  -3.3082357e+01
   3.1000000e+01   4.5000000e+01  -1.2369238e+02   2.7457982e+01   1.3000000e+01  -2.2579763e+01  -3.4594346e+01
   3.1000000e+01   4.5000000e+01  -1.2837842e+02   2.6323407e+01   1.3000000e+01  -2.4179174e+01  -3.2592522e+01
   3.1000000e+01   4.5000000e+01  -1.3349415e+02   2.6531050e+01   1.3000000e+01  -2.5926656e+01  -2.6322121e+01
   3.1000000e+01   4.5000000e+01  -1.3792671e+02   2.6196269e+01   1.3000000e+01  -2.8494161e+01  -1.9021392e+01
   3.1000000e+01   4.5000000e+01  -1.4142439e+02   2.5004278e+01   1.3000000e+01  -3.1980429e+01  -1.0196376e+01
   3.1000000e+01   4.5000000e+01  -1.4550339e+02   2.5655738e+01   1.3000000e+01  -3.7021811e+01  -9.8505334e-01
   3.1000000e+01   4.5000000e+01  -1.4936302e+02   2.6954918e+01   1.3000000e+01  -4.2714217e+01   8.9021124e+00
   3.1000000e+01   4.5000000e+01  -1.5619341e+02   2.9895683e+01   1.3000000e+01  -4.6681808e+01   1.9438942e+01
   3.1000000e+01   4.5000000e+01  -1.6120422e+02   3.2361730e+01   1.3000000e+01  -4.9018759e+01   3.0880319e+01
