   1.8179079e+00  -4.0256568e+01  -1.4546362e+02   3.0987385e+01   1.2526628e+01  -4.2172842e+01   4.7548902e+01
   2.7120025e+00  -3.7711796e+01  -1.4171314e+02   2.9918166e+01   1.1569307e+01  -4.0732760e+01   4.3069309e+01
   3.0000000e+00  -3.7000000e+01  -1.4000000e+02   3.0515202e+01   1.1028134e+01  -4.1000000e+01   4.1271587e+01
   3.0000000e+00  -3.7000000e+01  -1.4000000e+02   3.2166712e+01   1.0984645e+01  -4.1000000e+01   3.8207811e+01
   3.0000000e+00  -3.7000000e+01  -1.4000000e+02   3.5230123e+01   1.1556687e+01  -4.1000000e+01   3.3827798e+01
   3.0000000e+00  -3.7000000e+01  -1.4000000e+02   3.6034631e+01   1.2647477e+01  -4.1000000e+01   3.1212468e+01
   3.0000000e+00  -3.7000000e+01  -1.4000000e+02   3.8843978e+01   1.3725569e+01  -4.1000000e+01   2.7286426e+01
   3.0000000e+00  -3.7000000e+01  -1.4000000e+02   4.2275829e+01   1.5962633e+01  -4.1000000e+01   2.4201670e+01
   3.0000000e+00  -3.7000000e+01  -1.4000000e+02   4.4240087e+01   1.7793380e+01  -4.1000000e+01   2.0760586e+01
   3.0000000e+00  -3.7000000e+01  -1.4000000e+02   4.6571759e+01   1.9691216e+01  -4.1000000e+01   1.7780869e+01
   3.0000000e+00  -3.7000000e+01  -1.4000000e+02   4.9904796e+01   2.1161737e+01  -4.1000000e+01   1.3797453e+01
   3.0000000e+00  -3.7000000e+01  -1.4000000e+02   5.3304970e+01   2.2886818e+01  -4.1000000e+01   1.0085831e+01
   3.0000000e+00  -3.7000000e+01  -1.4000000e+02   5.6749936e+01   2.5072292e+01  -4.1000000e+01   6.6343213e+00
   3.0000000e+00  -3.7000000e+01  -1.4000000e+02   5.9129926e+01   2.7347685e+01  -4.1000000e+01   3.1586094e+00
   3.0000000e+00  -3.7000000e+01  -1.4000000e+02   6.2505379e+01   2.9929898e+01  -4.1000000e+01   2.3736800e-01
   3.0000000e+00  -3.7000000e+01  -1.4000000e+02   6.5880832e+01   3.2512111e+01  -4.1000000e+01  -2.6838734e+00
   3.0000000e+00  -3.7000000e+01  -1.4000000e+02   6.8737275e+01   3.5060602e+01  -4.1000000e+01  -5.5984848e+00
   3.0000000e+00  -3.7000000e+01  -1.4000000e+02   7.1213818e+01   3.7537541e+01  -4.1000000e+01  -8.4313644e+00
   3.0000000e+00  -3.7000000e+01  -1.4000000e+02   7.3033592e+01   3.9896506e+01  -4.1000000e+01  -1.0497948e+01
   3.0000000e+00  -3.7000000e+01  -1.4000000e+02   7.4232452e+01   4.2203374e+01  -4.1000000e+01  -1.2480591e+01
   3.0000000e+00  -3.7000000e+01  -1.4000000e+02   7.3490221e+01   4.4171813e+01  -4.1000000e+01  -1.3873019e+01
   3.0000000e+00  -3.7000000e+01  -1.4000000e+02   6.6417035e+01   4.5774654e+01  -4.1000000e+01  -1.5276467e+01
   3.0000000e+00  -3.7000000e+01  -1.4000000e+02   5.9300241e+01   4.6923338e+01  -4.1000000e+01  -1.5782484e+01
   3.0000000e+00  -3.7000000e+01  -1.4000000e+02   5.1572074e+01   4.6410545e+01  -4.1000000e+01  -1.4384882e+01
   3.0000000e+00  -3.7000000e+01  -1.4000000e+02   4.4478637e+01   4.1991204e+01  -4.1000000e+01  -1.1819240e+01
   3.0000000e+00  -3.7000000e+01  -1.4000000e+02   3.9114940e+01   3.5857257e+01  -4.1000000e+01  -8.1205918e+00
   3.0000000e+00  -3.7000000e+01  -1.4000000e+02   3.2661643e+01   2.8953076e+01  -4.1000000e+01  -3.8063020e+00
   3.0000000e+00  -3.7000000e+01  -1.4000000e+02   2.6334825e+01   2.3688116e+01  -4.1000000e+01   1.7736220e+00
   3.0000000e+00  -3.7000000e+01  -1.4000000e+02   2.0445585e+01   1.8974518e+01  -4.1000000e+01   8.2089959e+00
   3.0000000e+00  -3.7000000e+01  -1.4000000e+02   1.5656043e+01   1.4810612e+01  -4.1000000e+01   1.5350773e+01
   3.0000000e+00  -3.7000000e+01  -1.4000000e+02   1.3286881e+01   1.1463028e+01  -4.1000000e+01   2.2591554e+01
   3.0000000e+00  -3.7000000e+01  -1.4000000e+02   1.1774873e+01   8.8189916e+00  -4.1000000e+01   2.9749986e+01
   3.0000000e+00  -3.7000000e+01  -1.4000000e+02   1.3478803e+01   6.3149291e+00  -4.1000000e+01   3.6383119e+01
   3.0000000e+00  -3.7000000e+01  -1.4000000e+02   1.6676345e+01   3.9755613e+00  -4.1000000e+01   4.1895894e+01
   3.0000000e+00  -3.7000000e+01  -1.4000000e+02   1.9635083e+01   1.8879774e+00  -4.1000000e+01   4.5753722e+01
   3.0000000e+00  -3.7000000e+01  -1.4000000e+02   2.2709159e+01   6.6895679e-01  -4.1000000e+01   4.6272362e+01
   3.0000000e+00  -3.7000000e+01  -1.4000000e+02   2.6203770e+01   2.1737433e-02  -4.1000000e+01   4.4532142e+01
   3.0000000e+00  -3.7000000e+01  -1.4000000e+02   2.7143455e+01   2.9521457e-01  -4.1000000e+01   4.2882638e+01
   3.0000000e+00  -3.7000000e+01  -1.4000000e+02   2.8565322e+01   1.5222897e+00  -4.1000000e+01   4.0724436e+01
   3.0000000e+00  -3.7000000e+01  -1.4000000e+02   3.0317853e+01   5.2087208e+00  -4.1000000e+01   4.0216320e+01
   3.0000000e+00  -3.7000000e+01  -1.4000000e+02   3.1718605e+01   7.7114929e+00  -4.1000000e+01   3.8001651e+01
   3.0000000e+00  -3.7000000e+01  -1.4000000e+02   3.2575783e+01   9.8984336e+00  -4.1000000e+01   3.4961014e+01
   3.0000000e+00  -3.7000000e+01  -1.4000000e+02   3.5197181e+01   1.1937087e+01  -4.1000000e+01   3.1477356e+01
   3.0000000e+00  -3.7000000e+01  -1.4000000e+02   3.6683391e+01   1.4082846e+01  -4.1000000e+01   2.8666209e+01
   3.0000000e+00  -3.7000000e+01  -1.4000000e+02   3.8472538e+01   1.6492156e+01  -4.1000000e+01   2.5587203e+01
   3.0000000e+00  -3.7000000e+01  -1.4000000e+02   4.0061258e+01   1.8504340e+01  -4.1000000e+01   2.2963012e+01
   3.0000000e+00  -3.7000000e+01  -1.4000000e+02   4.1753322e+01   1.9539621e+01  -4.1000000e+01   1.9789076e+01
   3.0000000e+00  -3.7000000e+01  -1.4000000e+02   4.3583522e+01   2.1049173e+01  -4.1000000e+01   1.8059348e+01
   3.0000000e+00  -3.7000000e+01  -1.4000000e+02   4.5636199e+01   2.2947264e+01  -4.1000000e+01   1.6082927e+01
   3.0000000e+00  -3.7000000e+01  -1.4000000e+02   4.7460122e+01   2.4466884e+01  -4.1000000e+01   1.3419963e+01
   3.0000000e+00  -3.7000000e+01  -1.4000000e+02   5.0297701e+01   2.5999836e+01  -4.1000000e+01   1.0874146e+01
   3.0000000e+00  -3.7000000e+01  -1.4000000e+02   5.2848467e+01   2.7598104e+01  -4.1000000e+01   8.2541905e+00
   3.0000000e+00  -3.7000000e+01  -1.4000000e+02   5.4422330e+01   2.9811735e+01  -4.1000000e+01   5.9283102e+00
   3.0000000e+00  -3.7000000e+01  -1.4000000e+02   5.6425925e+01   3.1960148e+01  -4.1000000e+01   3.6006791e+00
   3.0000000e+00  -3.7000000e+01  -1.4000000e+02   5.8658085e+01   3.3935295e+01  -4.1000000e+01   1.2480758e+00
   3.0000000e+00  -3.7000000e+01  -1.4000000e+02   6.2242001e+01   3.5357129e+01  -4.1000000e+01  -1.3719307e+00
   3.0000000e+00  -3.7000000e+01  -1.4000000e+02   6.6152461e+01   3.6818271e+01  -4.1000000e+01  -3.9674785e+00
   3.0000000e+00  -3.7000000e+01  -1.4000000e+02   6.9157683e+01   3.8373433e+01  -4.1000000e+01  -6.6081381e+00
   3.0000000e+00  -3.7000000e+01  -1.4000000e+02   7.1510956e+01   4.0001043e+01  -4.1000000e+01  -9.1747021e+00
   3.0000000e+00  -3.7000000e+01  -1.4000000e+02   7.2023017e+01   4.1593865e+01  -4.1000000e+01  -1.1048005e+01
   3.0000000e+00  -3.7000000e+01  -1.4000000e+02   6.6251924e+01   4.3453494e+01  -4.1000000e+01  -1.2556678e+01
   3.0000000e+00  -3.7000000e+01  -1.4000000e+02   5.9912923e+01   4.4516166e+01  -4.1000000e+01  -1.2752020e+01
   3.0000000e+00  -3.7000000e+01  -1.4000000e+02   5.2626779e+01   4.4600495e+01  -4.1000000e+01  -1.1621258e+01
   3.0000000e+00  -3.7000000e+01  -1.4000000e+02   4.5567166e+01   4.2859089e+01  -4.1000000e+01  -8.8535944e+00
   3.0000000e+00  -3.7000000e+01  -1.4000000e+02   3.8702058e+01   3.7864385e+01  -4.1000000e+01  -5.1407333e+00
   3.0000000e+00  -3.7000000e+01  -1.4000000e+02   3.4138432e+01   3.1165819e+01  -4.1000000e+01  -2.9342912e-01
   3.0000000e+00  -3.7000000e+01  -1.4000000e+02   2.9391039e+01   2.4628142e+01  -4.1000000e+01   4.9730717e+00
   3.0000000e+00  -3.7000000e+01  -1.4000000e+02   2.4768472e+01   1.9230481e+01  -4.1000000e+01   1.0234748e+01
   3.0000000e+00  -3.7000000e+01  -1.4000000e+02   2.0709605e+01   1.4338588e+01  -4.1000000e+01   1.5691880e+01
   3.0000000e+00  -3.7000000e+01  -1.4000000e+02   1.7908566e+01   9.5192468e+00  -4.1000000e+01   2.1319144e+01
   3.0000000e+00  -3.7000000e+01  -1.4000000e+02   1.4631206e+01   5.9039225e+00  -4.1000000e+01   2.7746294e+01
   3.0000000e+00  -3.7000000e+01  -1.4000000e+02   1.3729041e+01   3.1164940e+00  -4.1000000e+01   3.4329600e+01
   3.0000000e+00  -3.7000000e+01  -1.4000000e+02   1.7024961e+01   4.1385841e-01  -4.1000000e+01   4.0067913e+01
   3.0000000e+00  -3.7000000e+01  -1.4000000e+02   1.9499343e+01  -2.1642676e+00  -4.1000000e+01   4.3854296e+01
   3.0000000e+00  -3.7000000e+01  -1.4000000e+02   2.1578907e+01  -3.8034447e+00  -4.1000000e+01   4.6829201e+01
   3.0000000e+00  -3.7000000e+01  -1.4000000e+02   2.2575242e+01  -4.5951478e+00  -4.1000000e+01   4.8383672e+01
   3.0000000e+00  -3.7000000e+01  -1.4000000e+02   2.1858918e+01  -4.3502011e+00  -4.1000000e+01   4.8494275e+01
   3.0000000e+00  -3.7000000e+01  -1.4000000e+02   2.3665444e+01  -3.1861905e+00  -4.1000000e+01   4.7328878e+01
   3.0000000e+00  -3.7000000e+01  -1.4000000e+02   2.5680852e+01  -1.7323931e+00  -4.1000000e+01   4.6730033e+01
   3.0000000e+00  -3.7000000e+01  -1.4000000e+02   2.6620277e+01   2.8880193e-01  -4.1000000e+01   4.6036950e+01
   3.0000000e+00  -3.7000000e+01  -1.4000000e+02   2.9234448e+01   2.7455357e+00  -4.1000000e+01   4.4212039e+01
   3.0000000e+00  -3.7000000e+01  -1.4000000e+02   3.0698490e+01   6.5165170e+00  -4.1000000e+01   4.1811140e+01
   3.0000000e+00  -3.7000000e+01  -1.4000000e+02   3.2092024e+01   8.3531243e+00  -4.1000000e+01   3.5385007e+01
   3.0000000e+00  -3.7000000e+01  -1.4000000e+02   3.4029292e+01   9.9689087e+00  -4.1000000e+01   3.1776719e+01
   3.0000000e+00  -3.7000000e+01  -1.4000000e+02   3.8069032e+01   1.0789399e+01  -4.1000000e+01   2.7687438e+01
   3.0000000e+00  -3.7000000e+01  -1.4000000e+02   3.9648358e+01   1.2108482e+01  -4.1000000e+01   2.4223501e+01
   3.0000000e+00  -3.7000000e+01  -1.4000000e+02   4.0618330e+01   1.3150706e+01  -4.1000000e+01   2.0595269e+01
   3.0000000e+00  -3.7000000e+01  -1.4000000e+02   4.2484078e+01   1.5396112e+01  -4.1000000e+01   1.8353283e+01
   3.0000000e+00  -3.7000000e+01  -1.4000000e+02   4.4805301e+01   1.7600506e+01  -4.1000000e+01   1.6123807e+01
   3.0000000e+00  -3.7000000e+01  -1.4000000e+02   4.6704972e+01   1.9011753e+01  -4.1000000e+01   1.2928415e+01
   3.0000000e+00  -3.7000000e+01  -1.4000000e+02   4.9942352e+01   2.1139469e+01  -4.1000000e+01   9.4406522e+00
   3.0000000e+00  -3.7000000e+01  -1.4000000e+02   5.3422170e+01   2.3717567e+01  -4.1000000e+01   6.7057203e+00
   3.0000000e+00  -3.7000000e+01  -1.4000000e+02   5.6787461e+01   2.5789815e+01  -4.1000000e+01   3.2633546e+00
   3.0000000e+00  -3.7000000e+01  -1.4000000e+02   5.9829411e+01   2.7800774e+01  -4.1000000e+01  -1.3800196e-01
   3.0000000e+00  -3.7000000e+01  -1.4000000e+02   6.2282591e+01   2.9570832e+01  -4.1000000e+01  -2.8501939e+00
   3.0000000e+00  -3.7000000e+01  -1.4000000e+02   6.4063194e+01   3.1923802e+01  -4.1000000e+01  -4.1403890e+00
   3.0000000e+00  -3.7000000e+01  -1.4000000e+02   6.3208035e+01   3.3405282e+01  -4.1000000e+01  -5.1200062e+00
   3.0000000e+00  -3.7000000e+01  -1.4000000e+02   5.6658823e+01   3.3841109e+01  -4.1000000e+01  -3.8612530e+00
   3.0000000e+00  -3.7000000e+01  -1.4000000e+02   4.8334724e+01   3.2209138e+01  -4.1000000e+01  -1.1610675e+00
   3.0000000e+00  -3.7000000e+01  -1.4000000e+02   4.1017802e+01   2.7883675e+01  -4.1000000e+01   2.7100960e+00
   3.0000000e+00  -3.7000000e+01  -1.4000000e+02   3.5266527e+01   2.2485539e+01  -4.1000000e+01   7.4319946e+00
   3.0000000e+00  -3.7000000e+01  -1.4000000e+02   2.9499328e+01   1.7593108e+01  -4.1000000e+01   1.1807457e+01
   3.0000000e+00  -3.7000000e+01  -1.4000000e+02   2.3954729e+01   1.3665907e+01  -4.1000000e+01   1.7451572e+01
   3.0000000e+00  -3.7000000e+01  -1.4000000e+02   2.0564548e+01   1.0353960e+01  -4.1000000e+01   2.3961656e+01
   3.0000000e+00  -3.7000000e+01  -1.4000000e+02   1.8218115e+01   7.1234346e+00  -4.1000000e+01   3.0491667e+01
   3.0000000e+00  -3.7000000e+01  -1.4000000e+02   1.7560628e+01   4.5807935e+00  -4.1000000e+01   3.6866392e+01
   3.0000000e+00  -3.7000000e+01  -1.4000000e+02   1.7506709e+01   2.4207375e+00  -4.1000000e+01   4.2755052e+01
   3.0000000e+00  -3.7000000e+01  -1.4000000e+02   1.8454822e+01   6.3160914e-01  -4.1000000e+01   4.7422133e+01
   3.0000000e+00  -3.7000000e+01  -1.4000000e+02   2.0724357e+01  -1.2456372e+00  -4.1000000e+01   4.9990001e+01
   3.0000000e+00  -3.7000000e+01  -1.4000000e+02   2.2940137e+01  -2.7792099e+00  -4.1000000e+01   5.0394687e+01
   3.0000000e+00  -3.7000000e+01  -1.4000000e+02   2.3011108e+01  -3.4380676e+00  -4.1000000e+01   4.9805974e+01
   3.0000000e+00  -3.7000000e+01  -1.4000000e+02   2.5909282e+01  -2.8540003e+00  -4.1000000e+01   4.8429456e+01
   3.0000000e+00  -3.7000000e+01  -1.4000000e+02   2.6205130e+01  -2.2804804e+00  -4.1000000e+01   4.6960997e+01
   3.0000000e+00  -3.7000000e+01  -1.4000000e+02   2.7184085e+01  -1.6674615e+00  -4.1000000e+01   4.5111239e+01
   3.0000000e+00  -3.7000000e+01  -1.4000000e+02   2.8422517e+01  -9.9158471e-01  -4.1000000e+01   4.3270366e+01
   3.0000000e+00  -3.7000000e+01  -1.4000000e+02   3.0062238e+01   2.1881484e+00  -4.1000000e+01   4.0122910e+01
   3.0000000e+00  -3.7000000e+01  -1.4000000e+02   3.1382135e+01   5.8113279e+00  -4.1000000e+01   3.8425074e+01
   3.0000000e+00  -3.7000000e+01  -1.4000000e+02   3.2801841e+01   8.3404407e+00  -4.1000000e+01   3.5207133e+01
   3.0000000e+00  -3.7000000e+01  -1.4000000e+02   3.5044212e+01   1.1864362e+01  -4.1000000e+01   3.2658976e+01
   3.0000000e+00  -3.7000000e+01  -1.4000000e+02   3.7035954e+01   1.4431053e+01  -4.1000000e+01   3.0039562e+01
   3.0000000e+00  -3.7000000e+01  -1.4000000e+02   3.8921534e+01   1.6340468e+01  -4.1000000e+01   2.7869566e+01
   3.0000000e+00  -3.7000000e+01  -1.4000000e+02   4.1144528e+01   1.7858128e+01  -4.1000000e+01   2.4769479e+01
   3.0000000e+00  -3.7000000e+01  -1.4000000e+02   4.2771330e+01   1.9428663e+01  -4.1000000e+01   2.1131257e+01
   3.0000000e+00  -3.7000000e+01  -1.4000000e+02   4.5161146e+01   2.1341849e+01  -4.1000000e+01   1.7980072e+01
   3.0000000e+00  -3.7000000e+01  -1.4000000e+02   4.8352312e+01   2.2905114e+01  -4.1000000e+01   1.4215200e+01
   3.0000000e+00  -3.7000000e+01  -1.4000000e+02   5.1000495e+01   2.5030217e+01  -4.1000000e+01   1.1108681e+01
   3.0000000e+00  -3.7000000e+01  -1.4000000e+02   5.3520039e+01   2.7097260e+01  -4.1000000e+01   8.0032893e+00
   3.0000000e+00  -3.7000000e+01  -1.4000000e+02   5.5887100e+01   2.8629707e+01  -4.1000000e+01   4.6406278e+00
   3.0000000e+00  -3.7000000e+01  -1.4000000e+02   5.9938442e+01   3.0410504e+01  -4.1000000e+01   1.8587806e+00
   3.0000000e+00  -3.7000000e+01  -1.4000000e+02   6.2036210e+01   3.2252765e+01  -4.1000000e+01  -1.0575581e+00
   3.0000000e+00  -3.7000000e+01  -1.4000000e+02   6.3357241e+01   3.4034846e+01  -4.1000000e+01  -4.0301310e+00
   3.0000000e+00  -3.7000000e+01  -1.4000000e+02   5.9309157e+01   3.6020419e+01  -4.1000000e+01  -7.2620399e+00
   3.0000000e+00  -3.7000000e+01  -1.4000000e+02   5.3681371e+01   3.6690618e+01  -4.1000000e+01  -1.0715451e+01
   3.0000000e+00  -3.7000000e+01  -1.4000000e+02   4.8956782e+01   3.5696099e+01  -4.1000000e+01  -1.2958808e+01
   3.0000000e+00  -3.7000000e+01  -1.4000000e+02   4.5846947e+01   3.2413028e+01  -4.1000000e+01  -1.1081179e+01
   3.0000000e+00  -3.7000000e+01  -1.4000000e+02   4.1616718e+01   2.7772199e+01  -4.1000000e+01  -6.3307115e+00
   3.0000000e+00  -3.7000000e+01  -1.4000000e+02   3.6148152e+01   2.1841360e+01  -4.1000000e+01  -1.2917737e+00
   3.0000000e+00  -3.7000000e+01  -1.4000000e+02   3.0299008e+01   1.6212818e+01  -4.1000000e+01   2.9754826e+00
   3.0000000e+00  -3.7000000e+01  -1.4000000e+02   2.4538936e+01   1.1682683e+01  -4.1000000e+01   8.0312286e+00
   3.0000000e+00  -3.7000000e+01  -1.4000000e+02   1.9858580e+01   8.5900870e+00  -4.1000000e+01   1.4677870e+01
   3.0000000e+00  -3.7000000e+01  -1.4000000e+02   1.5557357e+01   5.5043443e+00  -4.1000000e+01   2.1362989e+01
   3.0000000e+00  -3.7000000e+01  -1.4000000e+02   1.2772547e+01   2.8776300e+00  -4.1000000e+01   2.8627611e+01
   3.0000000e+00  -3.7000000e+01  -1.4000000e+02   1.1967961e+01   2.4543366e-01  -4.1000000e+01   3.5758867e+01
   3.0000000e+00  -3.7000000e+01  -1.4000000e+02   1.3346999e+01  -2.2456667e+00  -4.1000000e+01   4.1701855e+01
   3.0000000e+00  -3.7000000e+01  -1.4000000e+02   1.6173691e+01  -3.7430919e+00  -4.1000000e+01   4.6799312e+01
   3.0000000e+00  -3.7000000e+01  -1.4000000e+02   1.8885201e+01  -4.9585979e+00  -4.1000000e+01   4.9166837e+01
   3.0000000e+00  -3.7000000e+01  -1.4000000e+02   1.9883449e+01  -5.6446296e+00  -4.1000000e+01   5.0497359e+01
   3.0000000e+00  -3.7000000e+01  -1.4000000e+02   2.1050386e+01  -5.2863328e+00  -4.1000000e+01   5.2282533e+01
   3.0000000e+00  -3.7000000e+01  -1.4000000e+02   2.1421203e+01  -4.8239905e+00  -4.1000000e+01   5.2551804e+01
   3.0000000e+00  -3.7000000e+01  -1.4000000e+02   2.2188135e+01  -4.4536902e+00  -4.1000000e+01   4.9829828e+01
   3.0000000e+00  -3.7000000e+01  -1.4000000e+02   2.3819169e+01  -3.2656922e+00  -4.1000000e+01   4.8516850e+01
   3.0000000e+00  -3.7000000e+01  -1.4000000e+02   2.5446295e+01  -1.6313050e+00  -4.1000000e+01   4.7987406e+01
   3.0000000e+00  -3.7000000e+01  -1.4000000e+02   2.6687596e+01  -1.6942950e-01  -4.1000000e+01   4.6179312e+01
   3.0000000e+00  -3.7000000e+01  -1.4000000e+02   2.8000397e+01   2.1068037e+00  -4.1000000e+01   4.4179033e+01
   3.0000000e+00  -3.7000000e+01  -1.4000000e+02   3.0303572e+01   4.4387585e+00  -4.1000000e+01   4.1576618e+01
   3.0000000e+00  -3.7000000e+01  -1.4000000e+02   3.2968586e+01   6.9139392e+00  -4.1000000e+01   3.6530938e+01
   3.0000000e+00  -3.7000000e+01  -1.4000000e+02   3.5633805e+01   9.4389974e+00  -4.1000000e+01   3.3076095e+01
   3.0000000e+00  -3.7000000e+01  -1.4000000e+02   3.6578352e+01   1.0803609e+01  -4.1000000e+01   3.0700549e+01
   3.0000000e+00  -3.7000000e+01  -1.4000000e+02   3.8820370e+01   1.2565863e+01  -4.1000000e+01   2.6816393e+01
   3.0000000e+00  -3.7000000e+01  -1.4000000e+02   4.0623053e+01   1.4559637e+01  -4.1000000e+01   2.3590487e+01
   3.0000000e+00  -3.7000000e+01  -1.4000000e+02   4.3018715e+01   1.6548337e+01  -4.1000000e+01   2.0434456e+01
   3.0000000e+00  -3.7000000e+01  -1.4000000e+02   4.5980403e+01   1.8507136e+01  -4.1000000e+01   1.7338272e+01
   3.0000000e+00  -3.7000000e+01  -1.4000000e+02   4.7753383e+01   2.0194842e+01  -4.1000000e+01   1.3714921e+01
   3.0000000e+00  -3.7000000e+01  -1.4000000e+02   5.0480209e+01   2.2298688e+01  -4.1000000e+01   1.0323237e+01
   3.0000000e+00  -3.7000000e+01  -1.4000000e+02   5.1802845e+01   2.4212267e+01  -4.1000000e+01   7.4603580e+00
   3.0000000e+00  -3.7000000e+01  -1.4000000e+02   5.4825799e+01   2.6093314e+01  -4.1000000e+01   4.6584265e+00
   3.0000000e+00  -3.7000000e+01  -1.4000000e+02   5.7126674e+01   2.7850031e+01  -4.1000000e+01   1.2577100e+00
   3.0000000e+00  -3.7000000e+01  -1.4000000e+02   5.7693955e+01   2.9417676e+01  -4.1000000e+01  -1.1528886e+00
   3.0000000e+00  -3.7000000e+01  -1.4000000e+02   5.4495330e+01   3.1207229e+01  -4.1000000e+01  -2.9468540e+00
   3.0000000e+00  -3.7000000e+01  -1.4000000e+02   4.9256152e+01   3.1916635e+01  -4.1000000e+01  -4.2934591e+00
   3.0000000e+00  -3.7000000e+01  -1.4000000e+02   4.4312818e+01   3.0914559e+01  -4.1000000e+01  -3.1751089e+00
   3.0000000e+00  -3.7000000e+01  -1.4000000e+02   3.8203488e+01   2.6498412e+01  -4.1000000e+01   2.0031013e-01
   3.0000000e+00  -3.7000000e+01  -1.4000000e+02   3.3523720e+01   2.1685094e+01  -4.1000000e+01   3.4553411e+00
   3.0000000e+00  -3.7000000e+01  -1.4000000e+02   2.8291541e+01   1.7358434e+01  -4.1000000e+01   7.7848481e+00
   3.0000000e+00  -3.7000000e+01  -1.4000000e+02   2.3766072e+01   1.3220580e+01  -4.1000000e+01   1.2654298e+01
   3.0000000e+00  -3.7000000e+01  -1.4000000e+02   1.9920804e+01   1.0151130e+01  -4.1000000e+01   1.8411529e+01
   3.0000000e+00  -3.7000000e+01  -1.4000000e+02   1.7959528e+01   7.0852212e+00  -4.1000000e+01   2.3716469e+01
   3.0000000e+00  -3.7000000e+01  -1.4000000e+02   1.5201941e+01   4.0773362e+00  -4.1000000e+01   2.9044910e+01
   3.0000000e+00  -3.7000000e+01  -1.4000000e+02   1.4402126e+01   1.7069644e+00  -4.1000000e+01   3.5228248e+01
   3.0000000e+00  -3.7000000e+01  -1.4000000e+02   1.6099087e+01  -5.2957627e-01  -4.1000000e+01   4.1479460e+01
   3.0000000e+00  -3.7000000e+01  -1.4000000e+02   1.7824793e+01  -2.2460358e+00  -4.1000000e+01   4.6535092e+01
   3.0000000e+00  -3.7000000e+01  -1.4000000e+02   1.9413638e+01  -3.3093612e+00  -4.1000000e+01   5.0060133e+01
   3.0000000e+00  -3.7000000e+01  -1.4000000e+02   2.1288431e+01  -4.0526648e+00  -4.1000000e+01   5.1654688e+01
   3.0000000e+00  -3.7000000e+01  -1.4000000e+02   2.3277454e+01  -4.8280370e+00  -4.1000000e+01   5.0712120e+01
   3.0000000e+00  -3.7000000e+01  -1.4000000e+02   2.4346229e+01  -4.2104812e+00  -4.1000000e+01   5.0587307e+01
   3.0000000e+00  -3.7000000e+01  -1.4000000e+02   2.5156910e+01  -3.2595653e+00  -4.1000000e+01   4.9348696e+01
   3.0000000e+00  -3.7000000e+01  -1.4000000e+02   2.6194057e+01  -2.2080288e+00  -4.1000000e+01   4.8684662e+01
   3.0000000e+00  -3.7000000e+01  -1.4000000e+02   2.5906024e+01  -7.8832810e-01  -4.1000000e+01   4.8535681e+01
   3.0000000e+00  -3.7000000e+01  -1.4000000e+02   2.6737382e+01   6.5551414e-01  -4.1000000e+01   4.7819139e+01
   3.0000000e+00  -3.7000000e+01  -1.4000000e+02   2.7890410e+01   1.9242170e+00  -4.1000000e+01   4.6096170e+01
   3.0000000e+00  -3.7000000e+01  -1.4000000e+02   2.9209763e+01   2.9814831e+00  -4.1000000e+01   4.2826057e+01
   3.0000000e+00  -3.7000000e+01  -1.4000000e+02   3.2509749e+01   6.8256348e+00  -4.1000000e+01   4.0261443e+01
   3.0000000e+00  -3.7000000e+01  -1.4000000e+02   3.4498666e+01   9.2762316e+00  -4.1000000e+01   3.7236274e+01
   3.0000000e+00  -3.7000000e+01  -1.4000000e+02   3.7119608e+01   9.5648866e+00  -4.1000000e+01   3.4088654e+01
   3.0000000e+00  -3.7000000e+01  -1.4000000e+02   3.8744056e+01   1.1134975e+01  -4.1000000e+01   3.1776466e+01
   3.0000000e+00  -3.7000000e+01  -1.4000000e+02   3.9364329e+01   1.2130735e+01  -4.1000000e+01   2.9062221e+01
   3.0000000e+00  -3.7000000e+01  -1.4000000e+02   4.1355037e+01   1.3424692e+01  -4.1000000e+01   2.6455368e+01
   3.0000000e+00  -3.7000000e+01  -1.4000000e+02   4.3322344e+01   1.4273142e+01  -4.1000000e+01   2.2153390e+01
   3.0000000e+00  -3.7000000e+01  -1.4000000e+02   4.5844769e+01   1.5466696e+01  -4.1000000e+01   1.8803202e+01
   3.0000000e+00  -3.7000000e+01  -1.4000000e+02   4.7320534e+01   1.7082106e+01  -4.1000000e+01   1.5556947e+01
   3.0000000e+00  -3.7000000e+01  -1.4000000e+02   4.9531669e+01   1.9064074e+01  -4.1000000e+01   1.2768746e+01
   3.0000000e+00  -3.7000000e+01  -1.4000000e+02   5.1321103e+01   2.1006534e+01  -4.1000000e+01   9.8925360e+00
   3.0000000e+00  -3.7000000e+01  -1.4000000e+02   5.3429540e+01   2.2613549e+01  -4.1000000e+01   6.8189698e+00
   3.0000000e+00  -3.7000000e+01  -1.4000000e+02   5.5401942e+01   2.4327495e+01  -4.1000000e+01   3.7982349e+00
   3.0000000e+00  -3.7000000e+01  -1.4000000e+02   5.8008809e+01   2.6599499e+01  -4.1000000e+01   1.0589712e+00
   3.0000000e+00  -3.7000000e+01  -1.4000000e+02   5.9125865e+01   2.8336484e+01  -4.1000000e+01  -2.0711341e+00
   3.0000000e+00  -3.7000000e+01  -1.4000000e+02   5.3764657e+01   2.9851653e+01  -4.1000000e+01  -4.8831783e+00
   3.0000000e+00  -3.7000000e+01  -1.4000000e+02   4.8146206e+01   3.1151822e+01  -4.1000000e+01  -5.3550775e+00
   3.0000000e+00  -3.7000000e+01  -1.4000000e+02   4.2864003e+01   3.0032742e+01  -4.1000000e+01  -3.9269710e+00
   3.0000000e+00  -3.7000000e+01  -1.4000000e+02   3.8069855e+01   2.7177854e+01  -4.1000000e+01  -7.4360329e-01
   3.0000000e+00  -3.7000000e+01  -1.4000000e+02   3.1646309e+01   2.1853306e+01  -4.1000000e+01   3.5150708e+00
   3.0000000e+00  -3.7000000e+01  -1.4000000e+02   2.6743993e+01   1.6924131e+01  -4.1000000e+01   7.5502129e+00
   3.0000000e+00  -3.7000000e+01  -1.4000000e+02   2.1095847e+01   1.2189344e+01  -4.1000000e+01   1.2456409e+01
   3.0000000e+00  -3.7000000e+01  -1.4000000e+02   1.7340178e+01   8.2586784e+00  -4.1000000e+01   1.8587316e+01
   3.0000000e+00  -3.7000000e+01  -1.4000000e+02   1.5002790e+01   5.2703544e+00  -4.1000000e+01   2.4566791e+01
   3.0000000e+00  -3.7000000e+01  -1.4000000e+02   1.2920812e+01   2.6076067e+00  -4.1000000e+01   3.1755199e+01
   3.0000000e+00  -3.7000000e+01  -1.4000000e+02   1.5274465e+01   2.4101050e-02  -4.1000000e+01   3.8733789e+01
   3.0000000e+00  -3.7000000e+01  -1.4000000e+02   1.8148589e+01  -1.9299944e+00  -4.1000000e+01   4.4866488e+01
   3.0000000e+00  -3.7000000e+01  -1.4000000e+02   1.9791344e+01  -3.4996307e+00  -4.1000000e+01   4.9558319e+01
   3.0000000e+00  -3.7000000e+01  -1.4000000e+02   2.1667757e+01  -4.5652807e+00  -4.1000000e+01   5.2437409e+01
   3.0000000e+00  -3.7000000e+01  -1.4000000e+02   2.2901022e+01  -5.3147091e+00  -4.1000000e+01   5.2287179e+01
   3.0000000e+00  -3.7000000e+01  -1.4000000e+02   2.4298247e+01  -5.7138473e+00  -4.1000000e+01   4.9860950e+01
   3.0000000e+00  -3.7000000e+01  -1.4000000e+02   2.4483021e+01  -5.3699269e+00  -4.1000000e+01   4.9034287e+01
   3.0000000e+00  -3.7000000e+01  -1.4000000e+02   2.6747656e+01  -3.9809526e+00  -4.1000000e+01   4.7617287e+01
   3.0000000e+00  -3.7000000e+01  -1.4000000e+02   2.8498990e+01  -2.2328000e+00  -4.1000000e+01   4.6613602e+01
   3.0000000e+00  -3.7000000e+01  -1.4000000e+02   3.0459865e+01   1.6006057e+00  -4.1000000e+01   4.4571703e+01
   3.0000000e+00  -3.7000000e+01  -1.4000000e+02   3.2029706e+01   5.8640643e+00  -4.1000000e+01   4.0771572e+01
   3.0000000e+00  -3.7000000e+01  -1.4000000e+02   3.4092067e+01   7.1986216e+00  -4.1000000e+01   3.6556173e+01
   3.0000000e+00  -3.7000000e+01  -1.4000000e+02   3.6845497e+01   9.1784306e+00  -4.1000000e+01   3.3019810e+01
   3.0000000e+00  -3.7000000e+01  -1.4000000e+02   3.9162355e+01   1.1621286e+01  -4.1000000e+01   3.0585524e+01
   3.0000000e+00  -3.7000000e+01  -1.4000000e+02   4.1136650e+01   1.3466119e+01  -4.1000000e+01   2.7610365e+01
   3.0000000e+00  -3.7000000e+01  -1.4000000e+02   4.2762078e+01   1.4741013e+01  -4.1000000e+01   2.3208756e+01
   3.0000000e+00  -3.7000000e+01  -1.4000000e+02   4.5475837e+01   1.6539837e+01  -4.1000000e+01   2.0380953e+01
   3.0000000e+00  -3.7000000e+01  -1.4000000e+02   4.7801455e+01   1.8361891e+01  -4.1000000e+01   1.7507312e+01
   3.0000000e+00  -3.7000000e+01  -1.4000000e+02   5.0525971e+01   2.0179056e+01  -4.1000000e+01   1.4687413e+01
   3.0000000e+00  -3.7000000e+01  -1.4000000e+02   5.1253933e+01   2.2015779e+01  -4.1000000e+01   1.1758343e+01
   3.0000000e+00  -3.7000000e+01  -1.4000000e+02   5.2775151e+01   2.3791867e+01  -4.1000000e+01   8.8668182e+00
   3.0000000e+00  -3.7000000e+01  -1.4000000e+02   5.4868950e+01   2.5177683e+01  -4.1000000e+01   5.4312441e+00
   3.0000000e+00  -3.7000000e+01  -1.4000000e+02   5.7775860e+01   2.7106558e+01  -4.1000000e+01   2.3542930e+00
   3.0000000e+00  -3.7000000e+01  -1.4000000e+02   6.0682770e+01   2.9035432e+01  -4.1000000e+01  -7.2265811e-01
   3.0000000e+00  -3.7000000e+01  -1.4000000e+02   6.2278944e+01   3.0522743e+01  -4.1000000e+01  -3.2871534e+00
   3.0000000e+00  -3.7000000e+01  -1.4000000e+02   5.7851317e+01   3.2321209e+01  -4.1000000e+01  -4.7706338e+00
   3.0000000e+00  -3.7000000e+01  -1.4000000e+02   5.1841072e+01   3.2398212e+01  -4.1000000e+01  -4.7324946e+00
   3.0000000e+00  -3.7000000e+01  -1.4000000e+02   4.6188252e+01   2.9788841e+01  -4.1000000e+01  -2.3766791e+00
   3.0000000e+00  -3.7000000e+01  -1.4000000e+02   4.0533017e+01   2.4444519e+01  -4.1000000e+01   2.7642685e+00
   3.0000000e+00  -3.7000000e+01  -1.4000000e+02   3.5559514e+01   1.9452838e+01  -4.1000000e+01   9.0693749e+00
   3.0000000e+00  -3.7000000e+01  -1.4000000e+02   2.9959808e+01   1.4746701e+01  -4.1000000e+01   1.1720128e+01
   3.0000000e+00  -3.7000000e+01  -1.4000000e+02   2.4055019e+01   1.1267904e+01  -4.1000000e+01   1.5526508e+01
   3.0000000e+00  -3.7000000e+01  -1.4000000e+02   1.9000656e+01   7.9216525e+00  -4.1000000e+01   2.0405527e+01
   3.0000000e+00  -3.7000000e+01  -1.4000000e+02   1.4582645e+01   4.9706118e+00  -4.1000000e+01   2.6293703e+01
   3.0000000e+00  -3.7000000e+01  -1.4000000e+02   1.2086629e+01   2.1106508e+00  -4.1000000e+01   3.2336378e+01
   3.0000000e+00  -3.7000000e+01  -1.4000000e+02   1.1617573e+01  -1.5140717e-01  -4.1000000e+01   3.9213414e+01
   3.0000000e+00  -3.7000000e+01  -1.4000000e+02   1.3811310e+01  -2.1833113e+00  -4.1000000e+01   4.5370446e+01
   3.0000000e+00  -3.7000000e+01  -1.4000000e+02   1.6493354e+01  -4.0924493e+00  -4.1000000e+01   5.0174018e+01
   3.0000000e+00  -3.7000000e+01  -1.4000000e+02   1.8277133e+01  -5.9133736e+00  -4.1000000e+01   5.2953163e+01
   3.0000000e+00  -3.7000000e+01  -1.4000000e+02   1.9458323e+01  -7.2446561e+00  -4.1000000e+01   5.4666325e+01
   3.0000000e+00  -3.7000000e+01  -1.4000000e+02   2.1629614e+01  -8.4135581e+00  -4.1000000e+01   5.4589650e+01
   3.0000000e+00  -3.7000000e+01  -1.4000000e+02   2.2602210e+01  -9.1641457e+00  -4.1000000e+01   5.3433095e+01
   3.0000000e+00  -3.7000000e+01  -1.4000000e+02   2.3490848e+01  -9.4268041e+00  -4.1000000e+01   5.1725094e+01
   3.0000000e+00  -3.7000000e+01  -1.4000000e+02   2.4261027e+01  -8.8346890e+00  -4.1000000e+01   5.1264864e+01
   3.0000000e+00  -3.7000000e+01  -1.4000000e+02   2.5033431e+01  -7.9950326e+00  -4.1000000e+01   4.9349123e+01
   3.0000000e+00  -3.7000000e+01  -1.4000000e+02   2.5995148e+01  -6.8155407e+00  -4.1000000e+01   4.9276886e+01
   3.0000000e+00  -3.7000000e+01  -1.4000000e+02   2.5990142e+01  -5.6064828e+00  -4.1000000e+01   4.9235942e+01
   3.0000000e+00  -3.7000000e+01  -1.4000000e+02   2.6848802e+01  -3.3344586e+00  -4.1000000e+01   4.9900979e+01
   3.0000000e+00  -3.7000000e+01  -1.4000000e+02   2.7787084e+01  -9.2368195e-01  -4.1000000e+01   4.8880222e+01
   3.0000000e+00  -3.7000000e+01  -1.4000000e+02   2.9385135e+01   9.6982012e-01  -4.1000000e+01   4.7480778e+01
   3.0000000e+00  -3.7000000e+01  -1.4000000e+02   3.0331515e+01   2.7360339e+00  -4.1000000e+01   4.6341983e+01
   3.0000000e+00  -3.7000000e+01  -1.4000000e+02   3.0876848e+01   4.0517609e+00  -4.1000000e+01   4.4474108e+01
   3.0000000e+00  -3.7000000e+01  -1.4000000e+02   3.1637856e+01   5.3795114e+00  -4.1000000e+01   4.2579182e+01
   3.0000000e+00  -3.7000000e+01  -1.4000000e+02   3.4706524e+01   6.3836288e+00  -4.1000000e+01   3.8844609e+01
   3.0000000e+00  -3.7000000e+01  -1.4000000e+02   3.6015064e+01   7.5756898e+00  -4.1000000e+01   3.5912403e+01
   3.0000000e+00  -3.7000000e+01  -1.4000000e+02   3.8385931e+01   9.3058362e+00  -4.1000000e+01   3.1969015e+01
   3.0000000e+00  -3.7000000e+01  -1.4000000e+02   4.0274413e+01   1.1107868e+01  -4.1000000e+01   2.8630812e+01
   3.0000000e+00  -3.7000000e+01  -1.4000000e+02   4.1397713e+01   1.2033739e+01  -4.1000000e+01   2.5612888e+01
   3.0000000e+00  -3.7000000e+01  -1.4000000e+02   4.4386807e+01   1.4185724e+01  -4.1000000e+01   2.2787628e+01
   3.0000000e+00  -3.7000000e+01  -1.4000000e+02   4.6856896e+01   1.6353158e+01  -4.1000000e+01   1.9924730e+01
   3.0000000e+00  -3.7000000e+01  -1.4000000e+02   4.9126978e+01   1.8253226e+01  -4.1000000e+01   1.6152834e+01
   3.0000000e+00  -3.7000000e+01  -1.4000000e+02   5.1786820e+01   2.0122795e+01  -4.1000000e+01   1.2435148e+01
   3.0000000e+00  -3.7000000e+01  -1.4000000e+02   5.4170573e+01   2.1975378e+01  -4.1000000e+01   8.7464133e+00
   3.0000000e+00  -3.7000000e+01  -1.4000000e+02   5.6162286e+01   2.3786934e+01  -4.1000000e+01   5.1130034e+00
   3.0000000e+00  -3.7000000e+01  -1.4000000e+02   5.4767205e+01   2.5760682e+01  -4.1000000e+01   3.2735538e+00
   3.0000000e+00  -3.7000000e+01  -1.4000000e+02   4.9082065e+01   2.7114392e+01  -4.1000000e+01   8.8566457e-01
   3.0000000e+00  -3.7000000e+01  -1.4000000e+02   4.2114428e+01   2.7962203e+01  -4.1000000e+01  -1.0504170e+00
   3.0000000e+00  -3.7000000e+01  -1.4000000e+02   3.6680349e+01   2.6741025e+01  -4.1000000e+01  -2.7993913e+00
   3.0000000e+00  -3.7000000e+01  -1.4000000e+02   3.1516656e+01   2.2744100e+01  -4.1000000e+01  -3.5004351e+00
   3.0000000e+00  -3.7000000e+01  -1.4000000e+02   2.7612044e+01   1.8209831e+01  -4.1000000e+01  -9.4985590e-01
   3.0000000e+00  -3.7000000e+01  -1.4000000e+02   2.3756837e+01   1.3964819e+01  -4.1000000e+01   2.4242717e+00
   3.0000000e+00  -3.7000000e+01  -1.4000000e+02   2.0906647e+01   9.7674988e+00  -4.1000000e+01   7.2850915e+00
   3.0000000e+00  -3.7000000e+01  -1.4000000e+02   1.9238662e+01   5.7994443e+00  -4.1000000e+01   1.3315986e+01
   3.0000000e+00  -3.7000000e+01  -1.4000000e+02   1.8751208e+01   2.4058716e+00  -4.1000000e+01   2.0400676e+01
   3.0000000e+00  -3.7000000e+01  -1.4000000e+02   1.8522708e+01  -9.2052764e-01  -4.1000000e+01   2.7539459e+01
   3.0000000e+00  -3.7000000e+01  -1.4000000e+02   1.8789038e+01  -2.9246275e+00  -4.1000000e+01   3.4783221e+01
   3.0000000e+00  -3.7000000e+01  -1.4000000e+02   1.9384064e+01  -4.5825224e+00  -4.1000000e+01   4.1181769e+01
   3.0000000e+00  -3.7000000e+01  -1.4000000e+02   1.9612686e+01  -5.4743806e+00  -4.1000000e+01   4.6730022e+01
   3.0000000e+00  -3.7000000e+01  -1.4000000e+02   2.0695322e+01  -5.8715227e+00  -4.1000000e+01   5.0149465e+01
   3.0000000e+00  -3.7000000e+01  -1.4000000e+02   2.1743247e+01  -5.8282513e+00  -4.1000000e+01   5.2444513e+01
   3.0000000e+00  -3.7000000e+01  -1.4000000e+02   2.2436056e+01  -5.4433529e+00  -4.1000000e+01   5.2567496e+01
   3.0000000e+00  -3.7000000e+01  -1.4000000e+02   2.3622338e+01  -4.7654916e+00  -4.1000000e+01   5.2217528e+01
   3.0000000e+00  -3.7000000e+01  -1.4000000e+02   2.3597591e+01  -4.3204170e+00  -4.1000000e+01   4.9837922e+01
   3.0000000e+00  -3.7000000e+01  -1.4000000e+02   2.5889748e+01  -2.6380562e+00  -4.1000000e+01   4.9381291e+01
   3.0000000e+00  -3.7000000e+01  -1.4000000e+02   2.7047349e+01  -1.2231571e+00  -4.1000000e+01   4.8165348e+01
   3.0000000e+00  -3.7000000e+01  -1.4000000e+02   2.7963963e+01   2.3763921e-01  -4.1000000e+01   4.6915367e+01
   3.0000000e+00  -3.7000000e+01  -1.4000000e+02   2.8805412e+01   1.7068522e+00  -4.1000000e+01   4.5693460e+01
   3.0000000e+00  -3.7000000e+01  -1.4000000e+02   3.0513265e+01   3.7834312e+00  -4.1000000e+01   4.2718516e+01
   3.0000000e+00  -3.7000000e+01  -1.4000000e+02   3.2187870e+01   5.5560721e+00  -4.1000000e+01   3.9157488e+01
   3.0000000e+00  -3.7000000e+01  -1.4000000e+02   3.4334634e+01   6.7524874e+00  -4.1000000e+01   3.6360748e+01
   3.0000000e+00  -3.7000000e+01  -1.4000000e+02   3.6019198e+01   8.4915901e+00  -4.1000000e+01   3.3452608e+01
   3.0000000e+00  -3.7000000e+01  -1.4000000e+02   3.7662822e+01   1.0271561e+01  -4.1000000e+01   3.0528014e+01
   3.0000000e+00  -3.7000000e+01  -1.4000000e+02   3.9431267e+01   1.1391737e+01  -4.1000000e+01   2.7252321e+01
   3.0000000e+00  -3.7000000e+01  -1.4000000e+02   4.2043291e+01   1.3187228e+01  -4.1000000e+01   2.3958538e+01
   3.0000000e+00  -3.7000000e+01  -1.4000000e+02   4.4677903e+01   1.5477210e+01  -4.1000000e+01   2.0617507e+01
   3.0000000e+00  -3.7000000e+01  -1.4000000e+02   4.6380894e+01   1.7173282e+01  -4.1000000e+01   1.7255028e+01
   3.0000000e+00  -3.7000000e+01  -1.4000000e+02   4.8464108e+01   1.9379651e+01  -4.1000000e+01   1.4416182e+01
   3.0000000e+00  -3.7000000e+01  -1.4000000e+02   5.0165383e+01   2.1125931e+01  -4.1000000e+01   1.1507514e+01
   3.0000000e+00  -3.7000000e+01  -1.4000000e+02   5.0853224e+01   2.3074428e+01  -4.1000000e+01   9.4347613e+00
   3.0000000e+00  -3.7000000e+01  -1.4000000e+02   5.4054957e+01   2.4784485e+01  -4.1000000e+01   6.4054326e+00
   3.0000000e+00  -3.7000000e+01  -1.4000000e+02   5.6732164e+01   2.6570064e+01  -4.1000000e+01   3.3744477e+00
   3.0000000e+00  -3.7000000e+01  -1.4000000e+02   5.8541649e+01   2.8383793e+01  -4.1000000e+01   3.0074021e-01
   3.0000000e+00  -3.7000000e+01  -1.4000000e+02   6.0222687e+01   2.9929999e+01  -4.1000000e+01  -2.5055741e+00
   3.0000000e+00  -3.7000000e+01  -1.4000000e+02   5.6847408e+01   3.1684513e+01  -4.1000000e+01  -5.6060389e+00
   3.0000000e+00  -3.7000000e+01  -1.4000000e+02   5.2310909e+01   3.3192441e+01  -4.1000000e+01  -7.1215799e+00
   3.0000000e+00  -3.7000000e+01  -1.4000000e+02   4.6463332e+01   3.2968198e+01  -4.1000000e+01  -6.3673682e+00
   3.0000000e+00  -3.7000000e+01  -1.4000000e+02   4.0247285e+01   2.9488382e+01  -4.1000000e+01  -3.3793217e+00
   3.0000000e+00  -3.7000000e+01  -1.4000000e+02   3.5889341e+01   2.4968033e+01  -4.1000000e+01  -1.0068918e-01
   3.0000000e+00  -3.7000000e+01  -1.4000000e+02   3.1414164e+01   1.9707965e+01  -4.1000000e+01   3.6412073e+00
   3.0000000e+00  -3.7000000e+01  -1.4000000e+02   2.6703673e+01   1.4480822e+01  -4.1000000e+01   7.3894632e+00
   3.0000000e+00  -3.7000000e+01  -1.4000000e+02   2.2031225e+01   9.9369147e+00  -4.1000000e+01   1.2399430e+01
   3.0000000e+00  -3.7000000e+01  -1.4000000e+02   1.8828476e+01   6.3695969e+00  -4.1000000e+01   1.8278703e+01
   3.0000000e+00  -3.7000000e+01  -1.4000000e+02   1.6369950e+01   3.4469486e+00  -4.1000000e+01   2.4039784e+01
   3.0000000e+00  -3.7000000e+01  -1.4000000e+02   1.4422108e+01   1.0896418e+00  -4.1000000e+01   3.0392918e+01
   3.0000000e+00  -3.7000000e+01  -1.4000000e+02   1.4957333e+01  -6.4559142e-01  -4.1000000e+01   3.7088246e+01
   3.0000000e+00  -3.7000000e+01  -1.4000000e+02   1.7970303e+01  -2.2176595e+00  -4.1000000e+01   4.2692858e+01
   3.0000000e+00  -3.7000000e+01  -1.4000000e+02   1.9334492e+01  -2.9379490e+00  -4.1000000e+01   4.7848554e+01
   3.0000000e+00  -3.7000000e+01  -1.4000000e+02   2.1115179e+01  -3.7550907e+00  -4.1000000e+01   4.9960742e+01
   3.0000000e+00  -3.7000000e+01  -1.4000000e+02   2.2402324e+01  -4.2312428e+00  -4.1000000e+01   5.0379837e+01
   3.0000000e+00  -3.7000000e+01  -1.4000000e+02   2.3310837e+01  -4.7967165e+00  -4.1000000e+01   4.8394585e+01
   3.0000000e+00  -3.7000000e+01  -1.4000000e+02   2.3960423e+01  -4.4390255e+00  -4.1000000e+01   4.7423739e+01
   3.0000000e+00  -3.7000000e+01  -1.4000000e+02   2.5333615e+01  -2.5000630e+00  -4.1000000e+01   4.7983133e+01
   3.0000000e+00  -3.7000000e+01  -1.4000000e+02   2.6400638e+01   3.0534702e-01  -4.1000000e+01   4.8205269e+01
   3.0000000e+00  -3.7000000e+01  -1.4000000e+02   2.8194950e+01   2.7493075e+00  -4.1000000e+01   4.6565212e+01
   3.0000000e+00  -3.7000000e+01  -1.4000000e+02   2.9445226e+01   5.2907342e+00  -4.1000000e+01   4.5479137e+01
   3.0000000e+00  -3.7000000e+01  -1.4000000e+02   3.1384962e+01   7.8544037e+00  -4.1000000e+01   4.1942587e+01
   3.0000000e+00  -3.7000000e+01  -1.4000000e+02   3.2933540e+01   9.2156173e+00  -4.1000000e+01   3.6578638e+01
   3.0000000e+00  -3.7000000e+01  -1.4000000e+02   3.5559399e+01   1.0799142e+01  -4.1000000e+01   3.2939014e+01
   3.0000000e+00  -3.7000000e+01  -1.4000000e+02   3.7204149e+01   1.2152144e+01  -4.1000000e+01   2.9909224e+01
   3.0000000e+00  -3.7000000e+01  -1.4000000e+02   3.9024881e+01   1.3773423e+01  -4.1000000e+01   2.7330794e+01
   3.0000000e+00  -3.7000000e+01  -1.4000000e+02   4.0756903e+01   1.5408337e+01  -4.1000000e+01   2.4090863e+01
   3.0000000e+00  -3.7000000e+01  -1.4000000e+02   4.3051369e+01   1.7011648e+01  -4.1000000e+01   2.1299974e+01
   3.0000000e+00  -3.7000000e+01  -1.4000000e+02   4.5389846e+01   1.8378624e+01  -4.1000000e+01   1.8771194e+01
   3.0000000e+00  -3.7000000e+01  -1.4000000e+02   4.7449445e+01   2.0424848e+01  -4.1000000e+01   1.6502378e+01
   3.0000000e+00  -3.7000000e+01  -1.4000000e+02   4.9581057e+01   2.1969907e+01  -4.1000000e+01   1.3389570e+01
   3.0000000e+00  -3.7000000e+01  -1.4000000e+02   5.1953403e+01   2.3773322e+01  -4.1000000e+01   1.0876161e+01
   3.0000000e+00  -3.7000000e+01  -1.4000000e+02   5.3908790e+01   2.5631922e+01  -4.1000000e+01   8.3340472e+00
   3.0000000e+00  -3.7000000e+01  -1.4000000e+02   5.5455188e+01   2.7549466e+01  -4.1000000e+01   5.8448966e+00
   3.0000000e+00  -3.7000000e+01  -1.4000000e+02   5.7398992e+01   3.0265569e+01  -4.1000000e+01   4.6403693e+00
   3.0000000e+00  -3.7000000e+01  -1.4000000e+02   5.9053168e+01   3.1846797e+01  -4.1000000e+01   2.3186403e+00
   3.0000000e+00  -3.7000000e+01  -1.4000000e+02   5.4981674e+01   3.3295357e+01  -4.1000000e+01   1.2980678e-01
   3.0000000e+00  -3.7000000e+01  -1.4000000e+02   4.8476234e+01   3.3303718e+01  -4.1000000e+01  -1.0041481e+00
   3.0000000e+00  -3.7000000e+01  -1.4000000e+02   4.1345126e+01   3.1850477e+01  -4.1000000e+01  -7.9050050e-01
   3.0000000e+00  -3.7000000e+01  -1.4000000e+02   3.4988986e+01   2.7832049e+01  -4.1000000e+01  -9.9201508e-01
   3.0000000e+00  -3.7000000e+01  -1.4000000e+02   3.0650064e+01   2.4465431e+01  -4.1000000e+01   1.9950019e+00
   3.0000000e+00  -3.7000000e+01  -1.4000000e+02   2.4456919e+01   1.9718274e+01  -4.1000000e+01   5.8052197e+00
   3.0000000e+00  -3.7000000e+01  -1.4000000e+02   2.0684758e+01   1.5453709e+01  -4.1000000e+01   1.0583062e+01
   3.0000000e+00  -3.7000000e+01  -1.4000000e+02   1.7352887e+01   1.1095632e+01  -4.1000000e+01   1.6515264e+01
   3.0000000e+00  -3.7000000e+01  -1.4000000e+02   1.4189055e+01   7.2797228e+00  -4.1000000e+01   2.3051183e+01
   3.0000000e+00  -3.7000000e+01  -1.4000000e+02   1.3189029e+01   4.9397842e+00  -4.1000000e+01   3.0158105e+01
   3.0000000e+00  -3.7000000e+01  -1.4000000e+02   1.5363508e+01   2.1081572e+00  -4.1000000e+01   3.6653577e+01
   3.0000000e+00  -3.7000000e+01  -1.4000000e+02   1.8324913e+01  -1.0170803e+00  -4.1000000e+01   4.1538629e+01
   3.0000000e+00  -3.7000000e+01  -1.4000000e+02   2.1015123e+01  -2.3127772e+00  -4.1000000e+01   4.6679244e+01
   3.0000000e+00  -3.7000000e+01  -1.4000000e+02   2.2637632e+01  -3.5108022e+00  -4.1000000e+01   4.8869591e+01
   3.0000000e+00  -3.7000000e+01  -1.4000000e+02   2.4473396e+01  -4.2191257e+00  -4.1000000e+01   4.8858900e+01
   3.0000000e+00  -3.7000000e+01  -1.4000000e+02   2.6482611e+01  -3.1186821e+00  -4.1000000e+01   4.7593348e+01
   3.0000000e+00  -3.7000000e+01  -1.4000000e+02   2.6507645e+01  -2.0400348e+00  -4.1000000e+01   4.6272331e+01
   3.0000000e+00  -3.7000000e+01  -1.4000000e+02   2.7193669e+01  -7.6337946e-01  -4.1000000e+01   4.5680068e+01
   3.0000000e+00  -3.7000000e+01  -1.4000000e+02   2.6751597e+01   5.1994371e-01  -4.1000000e+01   4.5065344e+01
   3.0000000e+00  -3.7000000e+01  -1.4000000e+02   2.7511349e+01   3.4696295e+00  -4.1000000e+01   4.3867844e+01
   3.0000000e+00  -3.7000000e+01  -1.4000000e+02   2.8849971e+01   6.7490577e+00  -4.1000000e+01   4.1539996e+01
   3.0000000e+00  -3.7000000e+01  -1.4000000e+02   3.0732435e+01   9.8302474e+00  -4.1000000e+01   3.9913321e+01
   3.0000000e+00  -3.7000000e+01  -1.4000000e+02   3.3316742e+01   1.1842844e+01  -4.1000000e+01   3.5489188e+01
   3.0000000e+00  -3.7000000e+01  -1.4000000e+02   3.5567830e+01   1.3955563e+01  -4.1000000e+01   3.3315258e+01
   3.0000000e+00  -3.7000000e+01  -1.4000000e+02   3.7838421e+01   1.4865862e+01  -4.1000000e+01   2.9637681e+01
   3.0000000e+00  -3.7000000e+01  -1.4000000e+02   3.9518434e+01   1.5881475e+01  -4.1000000e+01   2.6259159e+01
   3.0000000e+00  -3.7000000e+01  -1.4000000e+02   4.1607503e+01   1.7614383e+01  -4.1000000e+01   2.3733248e+01
   3.0000000e+00  -3.7000000e+01  -1.4000000e+02   4.3907676e+01   1.9315527e+01  -4.1000000e+01   2.1164811e+01
   3.0000000e+00  -3.7000000e+01  -1.4000000e+02   4.6695843e+01   2.0976069e+01  -4.1000000e+01   1.8047355e+01
   3.0000000e+00  -3.7000000e+01  -1.4000000e+02   4.7791710e+01   2.3046279e+01  -4.1000000e+01   1.5438677e+01
   3.0000000e+00  -3.7000000e+01  -1.4000000e+02   4.9825674e+01   2.5039684e+01  -4.1000000e+01   1.2808211e+01
   3.0000000e+00  -3.7000000e+01  -1.4000000e+02   5.1233179e+01   2.6491700e+01  -4.1000000e+01   9.5380158e+00
   3.0000000e+00  -3.7000000e+01  -1.4000000e+02   5.5105974e+01   2.7927784e+01  -4.1000000e+01   6.4415534e+00
   3.0000000e+00  -3.7000000e+01  -1.4000000e+02   5.8137802e+01   2.9468227e+01  -4.1000000e+01   3.2765764e+00
   3.0000000e+00  -3.7000000e+01  -1.4000000e+02   6.1423664e+01   3.1051901e+01  -4.1000000e+01   1.1373942e-01
   3.0000000e+00  -3.7000000e+01  -1.4000000e+02   6.4039475e+01   3.3209942e+01  -4.1000000e+01  -2.4036154e+00
   3.0000000e+00  -3.7000000e+01  -1.4000000e+02   6.2758246e+01   3.5203178e+01  -4.1000000e+01  -4.1286892e+00
   3.0000000e+00  -3.7000000e+01  -1.4000000e+02   5.7445013e+01   3.5972245e+01  -4.1000000e+01  -5.2380174e+00
   3.0000000e+00  -3.7000000e+01  -1.4000000e+02   4.9426950e+01   3.5258976e+01  -4.1000000e+01  -5.7764475e+00
   3.0000000e+00  -3.7000000e+01  -1.4000000e+02   4.3151180e+01   3.3144103e+01  -4.1000000e+01  -4.0037078e+00
   3.0000000e+00  -3.7000000e+01  -1.4000000e+02   3.7262187e+01   2.8516779e+01  -4.1000000e+01   1.2772693e+00
   3.0000000e+00  -3.7000000e+01  -1.4000000e+02   3.1593856e+01   2.2747726e+01  -4.1000000e+01   5.8972252e+00
   3.0000000e+00  -3.7000000e+01  -1.4000000e+02   2.6035299e+01   1.8155802e+01  -4.1000000e+01   1.1743210e+01
   3.0000000e+00  -3.7000000e+01  -1.4000000e+02   2.1785104e+01   1.4272270e+01  -4.1000000e+01   1.8526154e+01
   3.0000000e+00  -3.7000000e+01  -1.4000000e+02   1.8068629e+01   1.0374484e+01  -4.1000000e+01   2.5242651e+01
   3.0000000e+00  -3.7000000e+01  -1.4000000e+02   1.6021839e+01   6.6277961e+00  -4.1000000e+01   3.2021424e+01
   3.0000000e+00  -3.7000000e+01  -1.4000000e+02   1.5780296e+01   3.7148587e+00  -4.1000000e+01   3.8414131e+01
   3.0000000e+00  -3.7000000e+01  -1.4000000e+02   1.6285635e+01   1.0116863e+00  -4.1000000e+01   4.3744354e+01
   3.0000000e+00  -3.7000000e+01  -1.4000000e+02   1.8858630e+01  -1.5312344e+00  -4.1000000e+01   4.7256248e+01
   3.0000000e+00  -3.7000000e+01  -1.4000000e+02   2.1949158e+01  -3.2928704e+00  -4.1000000e+01   4.9374095e+01
   3.0000000e+00  -3.7000000e+01  -1.4000000e+02   2.3303826e+01  -4.6108839e+00  -4.1000000e+01   4.8928684e+01
   3.0000000e+00  -3.7000000e+01  -1.4000000e+02   2.4619077e+01  -5.2235054e+00  -4.1000000e+01   4.8528977e+01
   3.0000000e+00  -3.7000000e+01  -1.4000000e+02   2.6615799e+01  -4.6257275e+00  -4.1000000e+01   4.7775801e+01
   3.0000000e+00  -3.7000000e+01  -1.4000000e+02   2.8076512e+01  -3.5570360e+00  -4.1000000e+01   4.6426005e+01
   3.0000000e+00  -3.7000000e+01  -1.4000000e+02   2.9111171e+01  -1.8128744e+00  -4.1000000e+01   4.4550109e+01
   3.0000000e+00  -3.7000000e+01  -1.4000000e+02   3.0033462e+01   5.6035629e-02  -4.1000000e+01   4.2274031e+01
   3.0000000e+00  -3.7000000e+01  -1.4000000e+02   3.3228923e+01   3.5286954e+00  -4.1000000e+01   3.8524155e+01
   3.0000000e+00  -3.7000000e+01  -1.4000000e+02   3.6243027e+01   7.4052857e+00  -4.1000000e+01   3.5695175e+01
   3.0000000e+00  -3.7000000e+01  -1.4000000e+02   3.7957618e+01   1.0025545e+01  -4.1000000e+01   3.1933208e+01
   3.0000000e+00  -3.7000000e+01  -1.4000000e+02   3.9561609e+01   1.1492271e+01  -4.1000000e+01   2.8044878e+01
   3.0000000e+00  -3.7000000e+01  -1.4000000e+02   4.1376197e+01   1.2927847e+01  -4.1000000e+01   2.4474072e+01
   3.0000000e+00  -3.7000000e+01  -1.4000000e+02   4.3906346e+01   1.4335504e+01  -4.1000000e+01   2.0633880e+01
   3.0000000e+00  -3.7000000e+01  -1.4000000e+02   4.6415985e+01   1.6638457e+01  -4.1000000e+01   1.7613377e+01
   3.0000000e+00  -3.7000000e+01  -1.4000000e+02   4.8289872e+01   1.8908805e+01  -4.1000000e+01   1.4581334e+01
   3.0000000e+00  -3.7000000e+01  -1.4000000e+02   5.0242568e+01   2.1155206e+01  -4.1000000e+01   1.2129082e+01
   3.0000000e+00  -3.7000000e+01  -1.4000000e+02   5.2469246e+01   2.3358766e+01  -4.1000000e+01   9.7041934e+00
   3.0000000e+00  -3.7000000e+01  -1.4000000e+02   5.4907125e+01   2.4959327e+01  -4.1000000e+01   6.7647316e+00
   3.0000000e+00  -3.7000000e+01  -1.4000000e+02   5.7523509e+01   2.6591066e+01  -4.1000000e+01   3.7951637e+00
   3.0000000e+00  -3.7000000e+01  -1.4000000e+02   5.9273232e+01   2.8252198e+01  -4.1000000e+01   7.7121302e-01
   3.0000000e+00  -3.7000000e+01  -1.4000000e+02   6.1409355e+01   3.0182518e+01  -4.1000000e+01  -1.5032781e+00
   3.0000000e+00  -3.7000000e+01  -1.4000000e+02   6.2902884e+01   3.2120172e+01  -4.1000000e+01  -3.7828162e+00
   3.0000000e+00  -3.7000000e+01  -1.4000000e+02   6.5276331e+01   3.3988852e+01  -4.1000000e+01  -5.9937470e+00
   3.0000000e+00  -3.7000000e+01  -1.4000000e+02   6.7234673e+01   3.5738159e+01  -4.1000000e+01  -8.3720307e+00
   3.0000000e+00  -3.7000000e+01  -1.4000000e+02   6.9010599e+01   3.6915261e+01  -4.1000000e+01  -1.1115021e+01
   3.0000000e+00  -3.7000000e+01  -1.4000000e+02   7.0245969e+01   3.8163475e+01  -4.1000000e+01  -1.3716138e+01
   3.0000000e+00  -3.7000000e+01  -1.4000000e+02   6.7080278e+01   4.0047114e+01  -4.1000000e+01  -1.5533443e+01
   3.0000000e+00  -3.7000000e+01  -1.4000000e+02   5.9092660e+01   4.1943395e+01  -4.1000000e+01  -1.8062337e+01
   3.0000000e+00  -3.7000000e+01  -1.4000000e+02   5.1335581e+01   4.2056118e+01  -4.1000000e+01  -2.0034548e+01
   3.0000000e+00  -3.7000000e+01  -1.4000000e+02   4.4516345e+01   3.8020494e+01  -4.1000000e+01  -1.9060158e+01
   3.0000000e+00  -3.7000000e+01  -1.4000000e+02   3.9022313e+01   3.1274345e+01  -4.1000000e+01  -1.5548866e+01
   3.0000000e+00  -3.7000000e+01  -1.4000000e+02   3.4933455e+01   2.6242797e+01  -4.1000000e+01  -1.1774900e+01
   3.0000000e+00  -3.7000000e+01  -1.4000000e+02   2.8799557e+01   2.1580466e+01  -4.1000000e+01  -7.1171098e+00
   3.0000000e+00  -3.7000000e+01  -1.4000000e+02   2.4892532e+01   1.7295009e+01  -4.1000000e+01  -9.8044309e-01
   3.0000000e+00  -3.7000000e+01  -1.4000000e+02   2.1055619e+01   1.3747484e+01  -4.1000000e+01   6.3388156e+00
   3.0000000e+00  -3.7000000e+01  -1.4000000e+02   1.9184580e+01   1.0220551e+01  -4.1000000e+01   1.3734968e+01
   3.0000000e+00  -3.7000000e+01  -1.4000000e+02   1.7597530e+01   7.3434879e+00  -4.1000000e+01   2.1213382e+01
   3.0000000e+00  -3.7000000e+01  -1.4000000e+02   1.7459840e+01   4.4597861e+00  -4.1000000e+01   2.8635992e+01
   3.0000000e+00  -3.7000000e+01  -1.4000000e+02   1.8446505e+01   1.6369254e+00  -4.1000000e+01   3.5561810e+01
   3.0000000e+00  -3.7000000e+01  -1.4000000e+02   1.9612996e+01  -7.2775250e-01  -4.1000000e+01   4.1619755e+01
   3.0000000e+00  -3.7000000e+01  -1.4000000e+02   2.0848386e+01  -2.7513062e+00  -4.1000000e+01   4.6476732e+01
   3.0000000e+00  -3.7000000e+01  -1.4000000e+02   2.1421450e+01  -4.3412075e+00  -4.1000000e+01   5.0195884e+01
   3.0000000e+00  -3.7000000e+01  -1.4000000e+02   2.2997619e+01  -5.4052200e+00  -4.1000000e+01   5.1733705e+01
   3.0000000e+00  -3.7000000e+01  -1.4000000e+02   2.4574946e+01  -5.9153333e+00  -4.1000000e+01   5.1593060e+01
   3.0000000e+00  -3.7000000e+01  -1.4000000e+02   2.7378017e+01  -5.9118705e+00  -4.1000000e+01   5.0077862e+01
   3.0000000e+00  -3.7000000e+01  -1.4000000e+02   2.9485855e+01  -4.4557536e+00  -4.1000000e+01   4.8606155e+01
   3.0000000e+00  -3.7000000e+01  -1.4000000e+02   3.1597680e+01  -2.3575167e+00  -4.1000000e+01   4.5892483e+01
   3.0000000e+00  -3.7000000e+01  -1.4000000e+02   3.2063649e+01   1.0404102e-01  -4.1000000e+01   4.1881008e+01
   3.0000000e+00  -3.7000000e+01  -1.4000000e+02   3.3156898e+01   4.5663122e+00  -4.1000000e+01   4.0890514e+01
   3.0000000e+00  -3.7000000e+01  -1.4000000e+02   3.4681796e+01   5.6674968e+00  -4.1000000e+01   3.8982158e+01
   3.0000000e+00  -3.7000000e+01  -1.4000000e+02   3.6011252e+01   6.8549117e+00  -4.1000000e+01   3.6417406e+01
   3.0000000e+00  -3.7000000e+01  -1.4000000e+02   3.7147131e+01   8.7197072e+00  -4.1000000e+01   3.4238715e+01
   3.0000000e+00  -3.7000000e+01  -1.4000000e+02   3.9544080e+01   1.0184318e+01  -4.1000000e+01   3.1486340e+01
   3.0000000e+00  -3.7000000e+01  -1.4000000e+02   4.1650313e+01   1.0562792e+01  -4.1000000e+01   2.8994776e+01
   3.0000000e+00  -3.7000000e+01  -1.4000000e+02   4.2923150e+01   1.1896869e+01  -4.1000000e+01   2.7040436e+01
   3.0000000e+00  -3.7000000e+01  -1.4000000e+02   4.3755209e+01   1.3479720e+01  -4.1000000e+01   2.4558831e+01
   3.0000000e+00  -3.7000000e+01  -1.4000000e+02   4.6010653e+01   1.5037340e+01  -4.1000000e+01   2.2194899e+01
   3.0000000e+00  -3.7000000e+01  -1.4000000e+02   4.7100290e+01   1.6016028e+01  -4.1000000e+01   1.8514203e+01
   3.0000000e+00  -3.7000000e+01  -1.4000000e+02   4.8964172e+01   1.7891498e+01  -4.1000000e+01   1.6053432e+01
   3.0000000e+00  -3.7000000e+01  -1.4000000e+02   5.0531832e+01   1.9615408e+01  -4.1000000e+01   1.3049416e+01
   3.0000000e+00  -3.7000000e+01  -1.4000000e+02   5.2362841e+01   2.1752034e+01  -4.1000000e+01   1.0856238e+01
   3.0000000e+00  -3.7000000e+01  -1.4000000e+02   5.5170090e+01   2.3623590e+01  -4.1000000e+01   8.1993808e+00
   3.0000000e+00  -3.7000000e+01  -1.4000000e+02   5.7582850e+01   2.5312653e+01  -4.1000000e+01   5.0033421e+00
   3.0000000e+00  -3.7000000e+01  -1.4000000e+02   6.0098784e+01   2.7641157e+01  -4.1000000e+01   2.3233011e+00
   3.0000000e+00  -3.7000000e+01  -1.4000000e+02   6.2455372e+01   2.9478215e+01  -4.1000000e+01  -7.9892570e-01
   3.0000000e+00  -3.7000000e+01  -1.4000000e+02   6.5078710e+01   3.1438815e+01  -4.1000000e+01  -3.7538714e+00
   3.0000000e+00  -3.7000000e+01  -1.4000000e+02   6.7403527e+01   3.3499252e+01  -4.1000000e+01  -6.5482862e+00
   3.0000000e+00  -3.7000000e+01  -1.4000000e+02   6.9161974e+01   3.5591957e+01  -4.1000000e+01  -9.2504773e+00
   3.0000000e+00  -3.7000000e+01  -1.4000000e+02   6.5087924e+01   3.7971965e+01  -4.1000000e+01  -1.2272715e+01
   3.0000000e+00  -3.7000000e+01  -1.4000000e+02   5.7911036e+01   3.8915801e+01  -4.1000000e+01  -1.6139242e+01
   3.0000000e+00  -3.7000000e+01  -1.4000000e+02   5.1175872e+01   3.8186007e+01  -4.1000000e+01  -1.7262332e+01
   3.0000000e+00  -3.7000000e+01  -1.4000000e+02   4.5713620e+01   3.4643288e+01  -4.1000000e+01  -1.5352364e+01
   3.0000000e+00  -3.7000000e+01  -1.4000000e+02   3.9659069e+01   2.8198339e+01  -4.1000000e+01  -1.2924830e+01
   3.0000000e+00  -3.7000000e+01  -1.4000000e+02   3.3319122e+01   2.1885063e+01  -4.1000000e+01  -8.1270259e+00
   3.0000000e+00  -3.7000000e+01  -1.4000000e+02   2.7148740e+01   1.6664159e+01  -4.1000000e+01  -3.5115723e+00
   3.0000000e+00  -3.7000000e+01  -1.4000000e+02   2.1443788e+01   1.2429772e+01  -4.1000000e+01   2.9509963e+00
   3.0000000e+00  -3.7000000e+01  -1.4000000e+02   1.6623315e+01   8.2078562e+00  -4.1000000e+01   9.6132666e+00
   3.0000000e+00  -3.7000000e+01  -1.4000000e+02   1.3611147e+01   5.0727143e+00  -4.1000000e+01   1.6644055e+01
   3.0000000e+00  -3.7000000e+01  -1.4000000e+02   1.2218876e+01   3.0592002e+00  -4.1000000e+01   2.3655471e+01
   3.0000000e+00  -3.7000000e+01  -1.4000000e+02   1.1281852e+01   1.1323192e+00  -4.1000000e+01   3.0833204e+01
   3.0000000e+00  -3.7000000e+01  -1.4000000e+02   1.2227180e+01  -3.0035180e-01  -4.1000000e+01   3.7954377e+01
   3.0000000e+00  -3.7000000e+01  -1.4000000e+02   1.3386288e+01  -1.6981837e+00  -4.1000000e+01   4.4343376e+01
   3.0000000e+00  -3.7000000e+01  -1.4000000e+02   1.5706478e+01  -2.8232136e+00  -4.1000000e+01   4.9289527e+01
   3.0000000e+00  -3.7000000e+01  -1.4000000e+02   1.7540749e+01  -3.4135174e+00  -4.1000000e+01   5.2972621e+01
   3.0000000e+00  -3.7000000e+01  -1.4000000e+02   1.8973175e+01  -3.8984506e+00  -4.1000000e+01   5.4119505e+01
   3.0000000e+00  -3.7000000e+01  -1.4000000e+02   2.0665910e+01  -4.6168518e+00  -4.1000000e+01   5.2974140e+01
   3.0000000e+00  -3.7000000e+01  -1.4000000e+02   2.1690371e+01  -5.2933782e+00  -4.1000000e+01   4.9697054e+01
   3.0000000e+00  -3.7000000e+01  -1.4000000e+02   2.2277231e+01  -4.6370638e+00  -4.1000000e+01   4.8531887e+01
   3.0000000e+00  -3.7000000e+01  -1.4000000e+02   2.4427139e+01  -2.7322687e+00  -4.1000000e+01   4.7529381e+01
   3.0000000e+00  -3.7000000e+01  -1.4000000e+02   2.6208394e+01  -5.8318446e-01  -4.1000000e+01   4.7650892e+01
   3.0000000e+00  -3.7000000e+01  -1.4000000e+02   2.7699672e+01   1.2429160e+00  -4.1000000e+01   4.6061503e+01
   3.0000000e+00  -3.7000000e+01  -1.4000000e+02   2.8803707e+01   3.6290396e+00  -4.1000000e+01   4.3798534e+01
   3.0000000e+00  -3.7000000e+01  -1.4000000e+02   3.0642076e+01   5.3476217e+00  -4.1000000e+01   4.0427628e+01
   3.0000000e+00  -3.7000000e+01  -1.4000000e+02   3.3592669e+01   8.3458909e+00  -4.1000000e+01   3.5641743e+01
   3.0000000e+00  -3.7000000e+01  -1.4000000e+02   3.5363923e+01   1.0866967e+01  -4.1000000e+01   3.1254543e+01
   3.0000000e+00  -3.7000000e+01  -1.4000000e+02   3.6815760e+01   1.3200048e+01  -4.1000000e+01   2.8043912e+01
   3.0000000e+00  -3.7000000e+01  -1.4000000e+02   3.8729496e+01   1.4490801e+01  -4.1000000e+01   2.4435866e+01
   3.0000000e+00  -3.7000000e+01  -1.4000000e+02   4.1078200e+01   1.5893573e+01  -4.1000000e+01   2.0393671e+01
   3.0000000e+00  -3.7000000e+01  -1.4000000e+02   4.3818417e+01   1.7631936e+01  -4.1000000e+01   1.7211193e+01
   3.0000000e+00  -3.7000000e+01  -1.4000000e+02   4.6576068e+01   1.9664332e+01  -4.1000000e+01   1.5225827e+01
   3.0000000e+00  -3.7000000e+01  -1.4000000e+02   4.7811068e+01   2.1635518e+01  -4.1000000e+01   1.2661642e+01
   3.0000000e+00  -3.7000000e+01  -1.4000000e+02   4.9515679e+01   2.3566821e+01  -4.1000000e+01   1.0087250e+01
   3.0000000e+00  -3.7000000e+01  -1.4000000e+02   5.1619620e+01   2.5470004e+01  -4.1000000e+01   7.4770643e+00
   3.0000000e+00  -3.7000000e+01  -1.4000000e+02   5.4179112e+01   2.7899804e+01  -4.1000000e+01   5.1247645e+00
   3.0000000e+00  -3.7000000e+01  -1.4000000e+02   5.7282927e+01   3.0265139e+01  -4.1000000e+01   2.7525312e+00
   3.0000000e+00  -3.7000000e+01  -1.4000000e+02   5.8573561e+01   3.1044433e+01  -4.1000000e+01  -1.1032134e+00
   3.0000000e+00  -3.7000000e+01  -1.4000000e+02   6.0550257e+01   3.3120522e+01  -4.1000000e+01  -2.3903734e+00
   3.0000000e+00  -3.7000000e+01  -1.4000000e+02   6.1207622e+01   3.4679100e+01  -4.1000000e+01  -3.4991341e+00
   3.0000000e+00  -3.7000000e+01  -1.4000000e+02   5.7474304e+01   3.5385091e+01  -4.1000000e+01  -5.5775542e+00
   3.0000000e+00  -3.7000000e+01  -1.4000000e+02   4.9673897e+01   3.3895160e+01  -4.1000000e+01  -6.4777623e+00
   3.0000000e+00  -3.7000000e+01  -1.4000000e+02   4.1939450e+01   3.0308607e+01  -4.1000000e+01  -3.3683915e+00
   3.0000000e+00  -3.7000000e+01  -1.4000000e+02   3.6406137e+01   2.5105828e+01  -4.1000000e+01   4.7335877e-01
   3.0000000e+00  -3.7000000e+01  -1.4000000e+02   3.0572222e+01   1.9735609e+01  -4.1000000e+01   5.2479440e+00
   3.0000000e+00  -3.7000000e+01  -1.4000000e+02   2.4933880e+01   1.5367362e+01  -4.1000000e+01   1.0702734e+01
   3.0000000e+00  -3.7000000e+01  -1.4000000e+02   2.0770335e+01   1.1990874e+01  -4.1000000e+01   1.7211037e+01
   3.0000000e+00  -3.7000000e+01  -1.4000000e+02   1.7176511e+01   8.5273576e+00  -4.1000000e+01   2.3732099e+01
   3.0000000e+00  -3.7000000e+01  -1.4000000e+02   1.4868006e+01   5.6029726e+00  -4.1000000e+01   3.0775540e+01
   3.0000000e+00  -3.7000000e+01  -1.4000000e+02   1.3436604e+01   2.7306352e+00  -4.1000000e+01   3.7730562e+01
   3.0000000e+00  -3.7000000e+01  -1.4000000e+02   1.4949614e+01   5.9240384e-01  -4.1000000e+01   4.4027667e+01
   3.0000000e+00  -3.7000000e+01  -1.4000000e+02   1.7370247e+01  -1.1895529e+00  -4.1000000e+01   4.8813152e+01
   3.0000000e+00  -3.7000000e+01  -1.4000000e+02   1.8147370e+01  -2.7609910e+00  -4.1000000e+01   5.1300427e+01
   3.0000000e+00  -3.7000000e+01  -1.4000000e+02   1.9640281e+01  -3.7880203e+00  -4.1000000e+01   5.2459431e+01
   3.0000000e+00  -3.7000000e+01  -1.4000000e+02   2.0994890e+01  -4.9030461e+00  -4.1000000e+01   5.0739867e+01
   3.0000000e+00  -3.7000000e+01  -1.4000000e+02   2.1917300e+01  -5.0320353e+00  -4.1000000e+01   4.9145298e+01
   3.0000000e+00  -3.7000000e+01  -1.4000000e+02   2.2897000e+01  -4.7188619e+00  -4.1000000e+01   4.6900589e+01
   3.0000000e+00  -3.7000000e+01  -1.4000000e+02   2.3503282e+01  -3.3459091e+00  -4.1000000e+01   4.6666651e+01
   3.0000000e+00  -3.7000000e+01  -1.4000000e+02   2.5199254e+01  -1.2551441e+00  -4.1000000e+01   4.6658828e+01
   3.0000000e+00  -3.7000000e+01  -1.4000000e+02   2.6079386e+01   8.4667917e-01  -4.1000000e+01   4.6612245e+01
   3.0000000e+00  -3.7000000e+01  -1.4000000e+02   2.9430025e+01   3.2228706e+00  -4.1000000e+01   4.3181686e+01
   3.0000000e+00  -3.7000000e+01  -1.4000000e+02   3.0164950e+01   5.5979194e+00  -4.1000000e+01   3.9750197e+01
   3.0000000e+00  -3.7000000e+01  -1.4000000e+02   3.3076133e+01   9.9081574e+00  -4.1000000e+01   3.6297505e+01
   3.0000000e+00  -3.7000000e+01  -1.4000000e+02   3.4691909e+01   1.1457109e+01  -4.1000000e+01   3.3569171e+01
   3.0000000e+00  -3.7000000e+01  -1.4000000e+02   3.7216920e+01   1.3113049e+01  -4.1000000e+01   3.1910259e+01
   3.0000000e+00  -3.7000000e+01  -1.4000000e+02   3.8683056e+01   1.4002341e+01  -4.1000000e+01   2.9714329e+01
   3.0000000e+00  -3.7000000e+01  -1.4000000e+02   4.0033114e+01   1.4327628e+01  -4.1000000e+01   2.5993763e+01
   3.0000000e+00  -3.7000000e+01  -1.4000000e+02   4.2261735e+01   1.6135876e+01  -4.1000000e+01   2.4257507e+01
   3.0000000e+00  -3.7000000e+01  -1.4000000e+02   4.3685395e+01   1.7642100e+01  -4.1000000e+01   2.1476204e+01
   3.0000000e+00  -3.7000000e+01  -1.4000000e+02   4.5803015e+01   1.8738615e+01  -4.1000000e+01   1.8349361e+01
   3.0000000e+00  -3.7000000e+01  -1.4000000e+02   4.7364082e+01   2.0656729e+01  -4.1000000e+01   1.6013630e+01
   3.0000000e+00  -3.7000000e+01  -1.4000000e+02   4.9219222e+01   2.1930904e+01  -4.1000000e+01   1.2523987e+01
   3.0000000e+00  -3.7000000e+01  -1.4000000e+02   5.1109496e+01   2.4000497e+01  -4.1000000e+01   9.5740501e+00
   3.0000000e+00  -3.7000000e+01  -1.4000000e+02   5.2862611e+01   2.6057387e+01  -4.1000000e+01   6.7534286e+00
   3.0000000e+00  -3.7000000e+01  -1.4000000e+02   5.4294095e+01   2.7675906e+01  -4.1000000e+01   4.5791307e+00
   3.0000000e+00  -3.7000000e+01  -1.4000000e+02   4.9654493e+01   2.9458126e+01  -4.1000000e+01   2.0996246e+00
   3.0000000e+00  -3.7000000e+01  -1.4000000e+02   4.3290120e+01   2.9639926e+01  -4.1000000e+01  -8.7272018e-01
   3.0000000e+00  -3.7000000e+01  -1.4000000e+02   3.7513617e+01   2.6942263e+01  -4.1000000e+01  -1.0482911e+00
   3.0000000e+00  -3.7000000e+01  -1.4000000e+02   3.2500598e+01   2.2386906e+01  -4.1000000e+01   1.6219793e+00
   3.0000000e+00  -3.7000000e+01  -1.4000000e+02   2.8178103e+01   1.8208167e+01  -4.1000000e+01   5.4724636e+00
   3.0000000e+00  -3.7000000e+01  -1.4000000e+02   2.4557362e+01   1.4017804e+01  -4.1000000e+01   9.4570664e+00
   3.0000000e+00  -3.7000000e+01  -1.4000000e+02   2.0321974e+01   1.0700740e+01  -4.1000000e+01   1.5782287e+01
   3.0000000e+00  -3.7000000e+01  -1.4000000e+02   1.8660770e+01   7.3257468e+00  -4.1000000e+01   2.2271369e+01
   3.0000000e+00  -3.7000000e+01  -1.4000000e+02   1.5946561e+01   4.1857980e+00  -4.1000000e+01   2.9151552e+01
   3.0000000e+00  -3.7000000e+01  -1.4000000e+02   1.3690890e+01   1.2138666e+00  -4.1000000e+01   3.6078271e+01
   3.0000000e+00  -3.7000000e+01  -1.4000000e+02   1.3039815e+01  -5.5995852e-01  -4.1000000e+01   4.2361088e+01
   3.0000000e+00  -3.7000000e+01  -1.4000000e+02   1.2654407e+01  -2.2027576e+00  -4.1000000e+01   4.8632886e+01
   3.0000000e+00  -3.7000000e+01  -1.4000000e+02   1.4223847e+01  -3.3754336e+00  -4.1000000e+01   5.3873849e+01
   3.0000000e+00  -3.7000000e+01  -1.4000000e+02   1.6409759e+01  -4.0686533e+00  -4.1000000e+01   5.7154134e+01
   3.0000000e+00  -3.7000000e+01  -1.4000000e+02   1.8200766e+01  -4.2765807e+00  -4.1000000e+01   5.8660272e+01
   3.0000000e+00  -3.7000000e+01  -1.4000000e+02   2.0202028e+01  -4.2927970e+00  -4.1000000e+01   5.8873969e+01
   3.0000000e+00  -3.7000000e+01  -1.4000000e+02   2.2073718e+01  -4.3194968e+00  -4.1000000e+01   5.5769689e+01
   3.0000000e+00  -3.7000000e+01  -1.4000000e+02   2.2944610e+01  -3.6668672e+00  -4.1000000e+01   5.3401862e+01
   3.0000000e+00  -3.7000000e+01  -1.4000000e+02   2.2963393e+01  -3.0090311e+00  -4.1000000e+01   5.0104418e+01
   3.0000000e+00  -3.7000000e+01  -1.4000000e+02   2.5178159e+01  -1.2920812e+00  -4.1000000e+01   4.9568678e+01
   3.0000000e+00  -3.7000000e+01  -1.4000000e+02   2.7030509e+01   1.0682214e+00  -4.1000000e+01   4.8595712e+01
   3.0000000e+00  -3.7000000e+01  -1.4000000e+02   2.7429681e+01   3.4319457e+00  -4.1000000e+01   4.7639036e+01
   3.0000000e+00  -3.7000000e+01  -1.4000000e+02   2.9175431e+01   5.5413349e+00  -4.1000000e+01   4.5613849e+01
   3.0000000e+00  -3.7000000e+01  -1.4000000e+02   3.1580480e+01   8.7959224e+00  -4.1000000e+01   4.3077890e+01
   3.0000000e+00  -3.7000000e+01  -1.4000000e+02   3.3329582e+01   9.6644259e+00  -4.1000000e+01   3.9259510e+01
   3.0000000e+00  -3.7000000e+01  -1.4000000e+02   3.6251356e+01   1.1267929e+01  -4.1000000e+01   3.5293165e+01
   3.0000000e+00  -3.7000000e+01  -1.4000000e+02   3.9319946e+01   1.2877745e+01  -4.1000000e+01   3.1333620e+01
   3.0000000e+00  -3.7000000e+01  -1.4000000e+02   4.0889078e+01   1.4334769e+01  -4.1000000e+01   2.8907700e+01
   3.0000000e+00  -3.7000000e+01  -1.4000000e+02   4.2252582e+01   1.6021674e+01  -4.1000000e+01   2.6151565e+01
   3.0000000e+00  -3.7000000e+01  -1.4000000e+02   4.4060769e+01   1.8086677e+01  -4.1000000e+01   2.3984850e+01
   3.0000000e+00  -3.7000000e+01  -1.4000000e+02   4.6235127e+01   2.0318492e+01  -4.1000000e+01   2.1421546e+01
   3.0000000e+00  -3.7000000e+01  -1.4000000e+02   4.7877150e+01   2.2161463e+01  -4.1000000e+01   1.8555282e+01
   3.0000000e+00  -3.7000000e+01  -1.4000000e+02   5.0327390e+01   2.3696484e+01  -4.1000000e+01   1.4993043e+01
   3.0000000e+00  -3.7000000e+01  -1.4000000e+02   5.2796913e+01   2.5407792e+01  -4.1000000e+01   1.1795093e+01
   3.0000000e+00  -3.7000000e+01  -1.4000000e+02   5.5480936e+01   2.7172400e+01  -4.1000000e+01   8.6882870e+00
   3.0000000e+00  -3.7000000e+01  -1.4000000e+02   5.7391803e+01   2.9981907e+01  -4.1000000e+01   6.7113854e+00
   3.0000000e+00  -3.7000000e+01  -1.4000000e+02   5.9756028e+01   3.1907371e+01  -4.1000000e+01   3.9413570e+00
   3.0000000e+00  -3.7000000e+01  -1.4000000e+02   5.9440192e+01   3.3796489e+01  -4.1000000e+01   1.6207106e+00
   3.0000000e+00  -3.7000000e+01  -1.4000000e+02   5.3538546e+01   3.5053783e+01  -4.1000000e+01  -1.3143006e+00
   3.0000000e+00  -3.7000000e+01  -1.4000000e+02   4.7804961e+01   3.4528877e+01  -4.1000000e+01  -5.3296053e+00
   3.0000000e+00  -3.7000000e+01  -1.4000000e+02   4.2871388e+01   3.2583172e+01  -4.1000000e+01  -8.5641401e+00
   3.0000000e+00  -3.7000000e+01  -1.4000000e+02   3.8562753e+01   2.8763636e+01  -4.1000000e+01  -7.6850544e+00
   3.0000000e+00  -3.7000000e+01  -1.4000000e+02   3.5225589e+01   2.2622698e+01  -4.1000000e+01  -3.7992345e+00
   3.0000000e+00  -3.7000000e+01  -1.4000000e+02   3.1263170e+01   1.7089466e+01  -4.1000000e+01   4.9656515e-01
   3.0000000e+00  -3.7000000e+01  -1.4000000e+02   2.7674246e+01   1.1585996e+01  -4.1000000e+01   4.9252591e+00
   3.0000000e+00  -3.7000000e+01  -1.4000000e+02   2.4040843e+01   7.3300717e+00  -4.1000000e+01   1.1272232e+01
   3.0000000e+00  -3.7000000e+01  -1.4000000e+02   2.1206348e+01   3.8796080e+00  -4.1000000e+01   1.8346732e+01
   3.0000000e+00  -3.7000000e+01  -1.4000000e+02   1.9015822e+01   1.4996170e+00  -4.1000000e+01   2.5357772e+01
   3.0000000e+00  -3.7000000e+01  -1.4000000e+02   1.8367243e+01  -7.7148973e-01  -4.1000000e+01   3.2344874e+01
   3.0000000e+00  -3.7000000e+01  -1.4000000e+02   1.8580371e+01  -2.4187945e+00  -4.1000000e+01   3.8716742e+01
   3.0000000e+00  -3.7000000e+01  -1.4000000e+02   1.9744892e+01  -3.7334346e+00  -4.1000000e+01   4.4021034e+01
   3.0000000e+00  -3.7000000e+01  -1.4000000e+02   2.1300698e+01  -4.8361851e+00  -4.1000000e+01   4.7993768e+01
   3.0000000e+00  -3.7000000e+01  -1.4000000e+02   2.3342485e+01  -5.4208628e+00  -4.1000000e+01   4.9776843e+01
   3.0000000e+00  -3.7000000e+01  -1.4000000e+02   2.5028520e+01  -4.5533780e+00  -4.1000000e+01   5.0141824e+01
   3.0000000e+00  -3.7000000e+01  -1.4000000e+02   2.3875782e+01  -3.9200252e+00  -4.1000000e+01   4.8978683e+01
   3.0000000e+00  -3.7000000e+01  -1.4000000e+02   2.4879394e+01  -2.7541936e+00  -4.1000000e+01   4.8401777e+01
   3.0000000e+00  -3.7000000e+01  -1.4000000e+02   2.7381010e+01  -1.5602774e+00  -4.1000000e+01   4.6874385e+01
   3.0000000e+00  -3.7000000e+01  -1.4000000e+02   2.7007186e+01  -3.8581663e-01  -4.1000000e+01   4.6307874e+01
   3.0000000e+00  -3.7000000e+01  -1.4000000e+02   2.9601713e+01   1.5697671e+00  -4.1000000e+01   4.5023018e+01
   3.0000000e+00  -3.7000000e+01  -1.4000000e+02   3.0967700e+01   3.4859433e+00  -4.1000000e+01   4.0906289e+01
   3.0000000e+00  -3.7000000e+01  -1.4000000e+02   3.2269903e+01   6.7689737e+00  -4.1000000e+01   3.8324626e+01
   3.0000000e+00  -3.7000000e+01  -1.4000000e+02   3.4685885e+01   9.2403550e+00  -4.1000000e+01   3.4172582e+01
   3.0000000e+00  -3.7000000e+01  -1.4000000e+02   3.6578000e+01   1.0144544e+01  -4.1000000e+01   3.2013670e+01
   3.0000000e+00  -3.7000000e+01  -1.4000000e+02   3.8745639e+01   1.1164235e+01  -4.1000000e+01   2.9066880e+01
   3.0000000e+00  -3.7000000e+01  -1.4000000e+02   4.1755737e+01   1.3188436e+01  -4.1000000e+01   2.5462107e+01
   3.0000000e+00  -3.7000000e+01  -1.4000000e+02   4.3842861e+01   1.4301405e+01  -4.1000000e+01   2.1762308e+01
   3.0000000e+00  -3.7000000e+01  -1.4000000e+02   4.5674281e+01   1.5611522e+01  -4.1000000e+01   1.9162614e+01
   3.0000000e+00  -3.7000000e+01  -1.4000000e+02   4.6765849e+01   1.7721629e+01  -4.1000000e+01   1.6805388e+01
   3.0000000e+00  -3.7000000e+01  -1.4000000e+02   4.8499969e+01   1.9247468e+01  -4.1000000e+01   1.4055353e+01
   3.0000000e+00  -3.7000000e+01  -1.4000000e+02   5.0838262e+01   2.0812530e+01  -4.1000000e+01   1.1367917e+01
   3.0000000e+00  -3.7000000e+01  -1.4000000e+02   5.3588191e+01   2.3148538e+01  -4.1000000e+01   8.9662081e+00
   3.0000000e+00  -3.7000000e+01  -1.4000000e+02   5.6052004e+01   2.4857465e+01  -4.1000000e+01   5.6782976e+00
   3.0000000e+00  -3.7000000e+01  -1.4000000e+02   5.8515818e+01   2.6566391e+01  -4.1000000e+01   2.3903872e+00
   3.0000000e+00  -3.7000000e+01  -1.4000000e+02   6.1086002e+01   2.8753886e+01  -4.1000000e+01  -4.9525478e-01
   3.0000000e+00  -3.7000000e+01  -1.4000000e+02   6.3046068e+01   3.0877073e+01  -4.1000000e+01  -3.5036815e+00
   3.0000000e+00  -3.7000000e+01  -1.4000000e+02   5.7097840e+01   3.2992376e+01  -4.1000000e+01  -4.8689888e+00
   3.0000000e+00  -3.7000000e+01  -1.4000000e+02   4.9833171e+01   3.3815900e+01  -4.1000000e+01  -5.4198164e+00
   3.0000000e+00  -3.7000000e+01  -1.4000000e+02   4.2888574e+01   3.3594004e+01  -4.1000000e+01  -5.3628458e+00
   3.0000000e+00  -3.7000000e+01  -1.4000000e+02   3.7361267e+01   3.1151579e+01  -4.1000000e+01  -4.6023009e+00
   3.0000000e+00  -3.7000000e+01  -1.4000000e+02   3.2064538e+01   2.6120596e+01  -4.1000000e+01  -1.6407997e+00
   3.0000000e+00  -3.7000000e+01  -1.4000000e+02   2.7242378e+01   2.0598684e+01  -4.1000000e+01   2.3637054e+00
   3.0000000e+00  -3.7000000e+01  -1.4000000e+02   2.3249583e+01   1.5625699e+01  -4.1000000e+01   6.3331648e+00
   3.0000000e+00  -3.7000000e+01  -1.4000000e+02   1.9120097e+01   1.1115835e+01  -4.1000000e+01   1.1765058e+01
   3.0000000e+00  -3.7000000e+01  -1.4000000e+02   1.7200231e+01   7.0921002e+00  -4.1000000e+01   1.7997942e+01
   3.0000000e+00  -3.7000000e+01  -1.4000000e+02   1.5683326e+01   3.0687974e+00  -4.1000000e+01   2.4064082e+01
   3.0000000e+00  -3.7000000e+01  -1.4000000e+02   1.4806786e+01   3.3083379e-01  -4.1000000e+01   3.0156473e+01
   3.0000000e+00  -3.7000000e+01  -1.4000000e+02   1.7448203e+01  -1.4702302e+00  -4.1000000e+01   3.6134372e+01
   3.0000000e+00  -3.7000000e+01  -1.4000000e+02   2.0945541e+01  -3.2254071e+00  -4.1000000e+01   4.2142103e+01
   3.0000000e+00  -3.7000000e+01  -1.4000000e+02   2.3112602e+01  -4.4155461e+00  -4.1000000e+01   4.6150173e+01
   3.0000000e+00  -3.7000000e+01  -1.4000000e+02   2.5120314e+01  -4.8426844e+00  -4.1000000e+01   4.8657512e+01
   3.0000000e+00  -3.7000000e+01  -1.4000000e+02   2.6566438e+01  -5.4239663e+00  -4.1000000e+01   4.7131018e+01
   3.0000000e+00  -3.7000000e+01  -1.4000000e+02   2.7796164e+01  -5.1400987e+00  -4.1000000e+01   4.6542958e+01
   3.0000000e+00  -3.7000000e+01  -1.4000000e+02   2.8420371e+01  -4.7416293e+00  -4.1000000e+01   4.4340828e+01
   3.0000000e+00  -3.7000000e+01  -1.4000000e+02   2.9973670e+01  -3.8350857e+00  -4.1000000e+01   4.2146415e+01
   3.0000000e+00  -3.7000000e+01  -1.4000000e+02   3.0287273e+01  -2.7393282e+00  -4.1000000e+01   4.0341948e+01
   3.0000000e+00  -3.7000000e+01  -1.4000000e+02   3.2630889e+01   3.2416204e-01  -4.1000000e+01   4.0951645e+01
   3.0000000e+00  -3.7000000e+01  -1.4000000e+02   3.5355048e+01   4.0546201e+00  -4.1000000e+01   3.4647555e+01
   3.0000000e+00  -3.7000000e+01  -1.4000000e+02   3.6286288e+01   5.4807136e+00  -4.1000000e+01   3.2017228e+01
   3.0000000e+00  -3.7000000e+01  -1.4000000e+02   3.7989273e+01   7.0489274e+00  -4.1000000e+01   2.9930061e+01
   3.0000000e+00  -3.7000000e+01  -1.4000000e+02   4.0440064e+01   7.6399297e+00  -4.1000000e+01   2.5585697e+01
   3.0000000e+00  -3.7000000e+01  -1.4000000e+02   4.1779817e+01   8.5285763e+00  -4.1000000e+01   2.2770568e+01
   3.0000000e+00  -3.7000000e+01  -1.4000000e+02   4.3136595e+01   1.0251651e+01  -4.1000000e+01   2.0801560e+01
   3.0000000e+00  -3.7000000e+01  -1.4000000e+02   4.6510547e+01   1.2096823e+01  -4.1000000e+01   1.7691800e+01
   3.0000000e+00  -3.7000000e+01  -1.4000000e+02   4.8552796e+01   1.4076909e+01  -4.1000000e+01   1.5428358e+01
   3.0000000e+00  -3.7000000e+01  -1.4000000e+02   5.0005365e+01   1.6111176e+01  -4.1000000e+01   1.3120792e+01
   3.0000000e+00  -3.7000000e+01  -1.4000000e+02   5.1361990e+01   1.8124170e+01  -4.1000000e+01   1.0793030e+01
   3.0000000e+00  -3.7000000e+01  -1.4000000e+02   5.2000888e+01   1.9640402e+01  -4.1000000e+01   8.3925847e+00
   3.0000000e+00  -3.7000000e+01  -1.4000000e+02   5.3744272e+01   2.1162176e+01  -4.1000000e+01   6.0539378e+00
   3.0000000e+00  -3.7000000e+01  -1.4000000e+02   5.5305820e+01   2.2713351e+01  -4.1000000e+01   3.6143847e+00
   3.0000000e+00  -3.7000000e+01  -1.4000000e+02   5.7704948e+01   2.4239502e+01  -4.1000000e+01   3.9782909e-01
   3.0000000e+00  -3.7000000e+01  -1.4000000e+02   6.1763597e+01   2.6411117e+01  -4.1000000e+01  -2.5658444e+00
   3.0000000e+00  -3.7000000e+01  -1.4000000e+02   6.5223305e+01   2.8578388e+01  -4.1000000e+01  -5.6997835e+00
   3.0000000e+00  -3.7000000e+01  -1.4000000e+02   6.7505608e+01   3.0760068e+01  -4.1000000e+01  -8.9402135e+00
   3.0000000e+00  -3.7000000e+01  -1.4000000e+02   5.9722747e+01   3.2657377e+01  -4.1000000e+01  -1.0676834e+01
   3.0000000e+00  -3.7000000e+01  -1.4000000e+02   5.2032354e+01   3.2874461e+01  -4.1000000e+01  -1.1611839e+01
   3.0000000e+00  -3.7000000e+01  -1.4000000e+02   4.4649512e+01   3.1366691e+01  -4.1000000e+01  -1.2588534e+01
   3.0000000e+00  -3.7000000e+01  -1.4000000e+02   3.7445497e+01   2.7676336e+01  -4.1000000e+01  -1.1339767e+01
   3.0000000e+00  -3.7000000e+01  -1.4000000e+02   3.4050355e+01   2.2553314e+01  -4.1000000e+01  -8.7150026e+00
   3.0000000e+00  -3.7000000e+01  -1.4000000e+02   2.9394187e+01   1.8462792e+01  -4.1000000e+01  -4.4847791e+00
   3.0000000e+00  -3.7000000e+01  -1.4000000e+02   2.5767610e+01   1.4307486e+01  -4.1000000e+01  -1.2146076e-01
   3.0000000e+00  -3.7000000e+01  -1.4000000e+02   2.2622853e+01   1.0638008e+01  -4.1000000e+01   5.8662983e+00
   3.0000000e+00  -3.7000000e+01  -1.4000000e+02   1.8730837e+01   7.8877257e+00  -4.1000000e+01   1.2679557e+01
   3.0000000e+00  -3.7000000e+01  -1.4000000e+02   1.5858423e+01   5.0208515e+00  -4.1000000e+01   1.9485709e+01
   3.0000000e+00  -3.7000000e+01  -1.4000000e+02   1.2986009e+01   2.1539773e+00  -4.1000000e+01   2.6291860e+01
   3.0000000e+00  -3.7000000e+01  -1.4000000e+02   1.1803348e+01   1.2103510e-01  -4.1000000e+01   3.3528751e+01
   3.0000000e+00  -3.7000000e+01  -1.4000000e+02   1.2213385e+01  -1.8515763e+00  -4.1000000e+01   4.0642061e+01
   3.0000000e+00  -3.7000000e+01  -1.4000000e+02   1.3888407e+01  -3.6440220e+00  -4.1000000e+01   4.6547129e+01
   3.0000000e+00  -3.7000000e+01  -1.4000000e+02   1.6120313e+01  -4.9517158e+00  -4.1000000e+01   5.1005891e+01
   3.0000000e+00  -3.7000000e+01  -1.4000000e+02   1.7500780e+01  -5.8498808e+00  -4.1000000e+01   5.3147623e+01
   3.0000000e+00  -3.7000000e+01  -1.4000000e+02   1.8953152e+01  -6.1764190e+00  -4.1000000e+01   5.3729059e+01
   3.0000000e+00  -3.7000000e+01  -1.4000000e+02   2.0679153e+01  -6.4397426e+00  -4.1000000e+01   5.3007093e+01
   3.0000000e+00  -3.7000000e+01  -1.4000000e+02   2.2102485e+01  -6.1343431e+00  -4.1000000e+01   5.2011604e+01
   3.0000000e+00  -3.7000000e+01  -1.4000000e+02   2.3227195e+01  -5.1567507e+00  -4.1000000e+01   5.0706122e+01
   3.0000000e+00  -3.7000000e+01  -1.4000000e+02   2.2211655e+01  -4.2221282e+00  -4.1000000e+01   4.9357050e+01
   3.0000000e+00  -3.7000000e+01  -1.4000000e+02   2.4753071e+01  -2.5771541e+00  -4.1000000e+01   4.9889341e+01
   3.0000000e+00  -3.7000000e+01  -1.4000000e+02   2.5154611e+01  -4.5241198e-01  -4.1000000e+01   5.1190351e+01
   3.0000000e+00  -3.7000000e+01  -1.4000000e+02   2.6219916e+01   1.9636448e+00  -4.1000000e+01   5.1127481e+01
   3.0000000e+00  -3.7000000e+01  -1.4000000e+02   2.7025832e+01   3.9053958e+00  -4.1000000e+01   4.9125624e+01
   3.0000000e+00  -3.7000000e+01  -1.4000000e+02   2.7468087e+01   5.8958414e+00  -4.1000000e+01   4.8719161e+01
   3.0000000e+00  -3.7000000e+01  -1.4000000e+02   2.8748631e+01   7.6649394e+00  -4.1000000e+01   4.6550340e+01
   3.0000000e+00  -3.7000000e+01  -1.4000000e+02   3.1079863e+01   9.3843409e+00  -4.1000000e+01   4.4452943e+01
   3.0000000e+00  -3.7000000e+01  -1.4000000e+02   3.2962315e+01   1.0285863e+01  -4.1000000e+01   4.1408368e+01
   3.0000000e+00  -3.7000000e+01  -1.4000000e+02   3.4101206e+01   1.1136835e+01  -4.1000000e+01   3.7898741e+01
   3.0000000e+00  -3.7000000e+01  -1.4000000e+02   3.6397678e+01   1.3657629e+01  -4.1000000e+01   3.5657226e+01
   3.0000000e+00  -3.7000000e+01  -1.4000000e+02   3.8486020e+01   1.5604595e+01  -4.1000000e+01   3.1988257e+01
   3.0000000e+00  -3.7000000e+01  -1.4000000e+02   4.0442422e+01   1.6930252e+01  -4.1000000e+01   2.8464414e+01
   3.0000000e+00  -3.7000000e+01  -1.4000000e+02   4.2131854e+01   1.8279061e+01  -4.1000000e+01   2.5311034e+01
   3.0000000e+00  -3.7000000e+01  -1.4000000e+02   4.3232670e+01   1.9875972e+01  -4.1000000e+01   2.2811697e+01
   3.0000000e+00  -3.7000000e+01  -1.4000000e+02   4.4899169e+01   2.1451193e+01  -4.1000000e+01   2.0352119e+01
   3.0000000e+00  -3.7000000e+01  -1.4000000e+02   4.6897250e+01   2.2961272e+01  -4.1000000e+01   1.7823321e+01
   3.0000000e+00  -3.7000000e+01  -1.4000000e+02   4.8714247e+01   2.4593415e+01  -4.1000000e+01   1.5327924e+01
   3.0000000e+00  -3.7000000e+01  -1.4000000e+02   5.1877101e+01   2.6258780e+01  -4.1000000e+01   1.2869627e+01
   3.0000000e+00  -3.7000000e+01  -1.4000000e+02   5.3593167e+01   2.8001362e+01  -4.1000000e+01   1.0231563e+01
   3.0000000e+00  -3.7000000e+01  -1.4000000e+02   5.5171368e+01   2.9298107e+01  -4.1000000e+01   7.0557114e+00
   3.0000000e+00  -3.7000000e+01  -1.4000000e+02   5.2670379e+01   3.1002723e+01  -4.1000000e+01   4.1973222e+00
   3.0000000e+00  -3.7000000e+01  -1.4000000e+02   4.6316896e+01   3.2481741e+01  -4.1000000e+01   1.7629243e+00
   3.0000000e+00  -3.7000000e+01  -1.4000000e+02   4.0268918e+01   3.1041545e+01  -4.1000000e+01  -1.8140456e+00
   3.0000000e+00  -3.7000000e+01  -1.4000000e+02   3.4292419e+01   2.6512694e+01  -4.1000000e+01  -2.5535085e+00
   3.0000000e+00  -3.7000000e+01  -1.4000000e+02   2.9023880e+01   2.1080247e+01  -4.1000000e+01  -1.2306205e-01
   3.0000000e+00  -3.7000000e+01  -1.4000000e+02   2.4165080e+01   1.6456682e+01  -4.1000000e+01   2.9920796e+00
   3.0000000e+00  -3.7000000e+01  -1.4000000e+02   2.1279087e+01   1.1848015e+01  -4.1000000e+01   7.6610253e+00
   3.0000000e+00  -3.7000000e+01  -1.4000000e+02   1.9652234e+01   7.5173343e+00  -4.1000000e+01   1.3155102e+01
   3.0000000e+00  -3.7000000e+01  -1.4000000e+02   1.8481043e+01   3.3046147e+00  -4.1000000e+01   1.8787826e+01
   3.0000000e+00  -3.7000000e+01  -1.4000000e+02   1.7422122e+01   3.3340235e-01  -4.1000000e+01   2.5797869e+01
   3.0000000e+00  -3.7000000e+01  -1.4000000e+02   1.7499592e+01  -2.4564213e+00  -4.1000000e+01   3.2385917e+01
   3.0000000e+00  -3.7000000e+01  -1.4000000e+02   1.7238702e+01  -4.7883819e+00  -4.1000000e+01   3.7937025e+01
   3.0000000e+00  -3.7000000e+01  -1.4000000e+02   1.7809683e+01  -5.5179085e+00  -4.1000000e+01   4.4054078e+01
   3.0000000e+00  -3.7000000e+01  -1.4000000e+02   1.9289151e+01  -5.8964491e+00  -4.1000000e+01   4.8578475e+01
   3.0000000e+00  -3.7000000e+01  -1.4000000e+02   2.1113954e+01  -5.9090587e+00  -4.1000000e+01   5.0857476e+01
   3.0000000e+00  -3.7000000e+01  -1.4000000e+02   2.3386389e+01  -5.4191298e+00  -4.1000000e+01   5.0467247e+01
   3.0000000e+00  -3.7000000e+01  -1.4000000e+02   2.4135825e+01  -4.7252942e+00  -4.1000000e+01   4.8174073e+01
   3.0000000e+00  -3.7000000e+01  -1.4000000e+02   2.6048838e+01  -2.9017492e+00  -4.1000000e+01   4.6840346e+01
   3.0000000e+00  -3.7000000e+01  -1.4000000e+02   2.8710504e+01  -1.4303131e-01  -4.1000000e+01   4.5741651e+01
   3.0000000e+00  -3.7000000e+01  -1.4000000e+02   3.1077636e+01   3.4526234e+00  -4.1000000e+01   4.4112332e+01
   3.0000000e+00  -3.7000000e+01  -1.4000000e+02   3.3925196e+01   6.6269377e+00  -4.1000000e+01   3.9746871e+01
   3.0000000e+00  -3.7000000e+01  -1.4000000e+02   3.5814256e+01   9.8116301e+00  -4.1000000e+01   3.5703521e+01
   3.0000000e+00  -3.7000000e+01  -1.4000000e+02   3.7291676e+01   1.1343558e+01  -4.1000000e+01   3.1483560e+01
   3.0000000e+00  -3.7000000e+01  -1.4000000e+02   4.0304977e+01   1.3425255e+01  -4.1000000e+01   2.7786366e+01
   3.0000000e+00  -3.7000000e+01  -1.4000000e+02   4.3672652e+01   1.5476180e+01  -4.1000000e+01   2.4088818e+01
   3.0000000e+00  -3.7000000e+01  -1.4000000e+02   4.5837331e+01   1.6444123e+01  -4.1000000e+01   1.9850074e+01
   3.0000000e+00  -3.7000000e+01  -1.4000000e+02   4.7458798e+01   1.8019346e+01  -4.1000000e+01   1.6334497e+01
   3.0000000e+00  -3.7000000e+01  -1.4000000e+02   4.9636830e+01   1.9606131e+01  -4.1000000e+01   1.2895392e+01
   3.0000000e+00  -3.7000000e+01  -1.4000000e+02   5.1146043e+01   2.1388635e+01  -4.1000000e+01   1.0231151e+01
   3.0000000e+00  -3.7000000e+01  -1.4000000e+02   5.3690984e+01   2.3161491e+01  -4.1000000e+01   7.6531922e+00
   3.0000000e+00  -3.7000000e+01  -1.4000000e+02   5.5803414e+01   2.4928216e+01  -4.1000000e+01   4.9991189e+00
   3.0000000e+00  -3.7000000e+01  -1.4000000e+02   5.8254685e+01   2.6554982e+01  -4.1000000e+01   1.6176036e+00
   3.0000000e+00  -3.7000000e+01  -1.4000000e+02   5.9912770e+01   2.8360452e+01  -4.1000000e+01  -1.2047029e+00
   3.0000000e+00  -3.7000000e+01  -1.4000000e+02   6.2193846e+01   3.0205006e+01  -4.1000000e+01  -3.8828245e+00
   3.0000000e+00  -3.7000000e+01  -1.4000000e+02   6.4222984e+01   3.2039443e+01  -4.1000000e+01  -6.6036257e+00
   3.0000000e+00  -3.7000000e+01  -1.4000000e+02   6.6384616e+01   3.4174372e+01  -4.1000000e+01  -8.4680115e+00
   3.0000000e+00  -3.7000000e+01  -1.4000000e+02   6.7185121e+01   3.5737216e+01  -4.1000000e+01  -1.0769783e+01
   3.0000000e+00  -3.7000000e+01  -1.4000000e+02   6.4278749e+01   3.7894714e+01  -4.1000000e+01  -1.1827021e+01
   3.0000000e+00  -3.7000000e+01  -1.4000000e+02   5.7751508e+01   3.9561366e+01  -4.1000000e+01  -1.3789806e+01
   3.0000000e+00  -3.7000000e+01  -1.4000000e+02   5.0823751e+01   4.0822977e+01  -4.1000000e+01  -1.4858183e+01
   3.0000000e+00  -3.7000000e+01  -1.4000000e+02   4.3834714e+01   3.8794517e+01  -4.1000000e+01  -1.3992621e+01
   3.0000000e+00  -3.7000000e+01  -1.4000000e+02   3.7037079e+01   3.3219213e+01  -4.1000000e+01  -1.0351872e+01
   3.0000000e+00  -3.7000000e+01  -1.4000000e+02   3.0949633e+01   2.7466168e+01  -4.1000000e+01  -5.9438650e+00
   3.0000000e+00  -3.7000000e+01  -1.4000000e+02   2.6608698e+01   2.2630143e+01  -4.1000000e+01  -1.4904786e+00
   3.0000000e+00  -3.7000000e+01  -1.4000000e+02   2.2123551e+01   1.7817099e+01  -4.1000000e+01   2.9735820e+00
   3.0000000e+00  -3.7000000e+01  -1.4000000e+02   1.9171878e+01   1.3320460e+01  -4.1000000e+01   8.5874444e+00
   3.0000000e+00  -3.7000000e+01  -1.4000000e+02   1.7082109e+01   9.2652893e+00  -4.1000000e+01   1.4945718e+01
   3.0000000e+00  -3.7000000e+01  -1.4000000e+02   1.5245807e+01   5.9219963e+00  -4.1000000e+01   2.2113206e+01
   3.0000000e+00  -3.7000000e+01  -1.4000000e+02   1.3983416e+01   3.3612826e+00  -4.1000000e+01   2.9276709e+01
   3.0000000e+00  -3.7000000e+01  -1.4000000e+02   1.3032225e+01   1.6432965e+00  -4.1000000e+01   3.6082770e+01
   3.0000000e+00  -3.7000000e+01  -1.4000000e+02   1.2974077e+01   2.8948586e-02  -4.1000000e+01   4.2799265e+01
   3.0000000e+00  -3.7000000e+01  -1.4000000e+02   1.4300374e+01  -1.1791477e+00  -4.1000000e+01   4.8392052e+01
   3.0000000e+00  -3.7000000e+01  -1.4000000e+02   1.5116434e+01  -2.3650941e+00  -4.1000000e+01   5.2527675e+01
   3.0000000e+00  -3.7000000e+01  -1.4000000e+02   1.6425053e+01  -3.5029839e+00  -4.1000000e+01   5.4569646e+01
   3.0000000e+00  -3.7000000e+01  -1.4000000e+02   1.7662432e+01  -3.8395876e+00  -4.1000000e+01   5.6047095e+01
   3.0000000e+00  -3.7000000e+01  -1.4000000e+02   1.8610906e+01  -3.7229294e+00  -4.1000000e+01   5.6141901e+01
   3.0000000e+00  -3.7000000e+01  -1.4000000e+02   1.9786289e+01  -3.1073964e+00  -4.1000000e+01   5.5851869e+01
   3.0000000e+00  -3.7000000e+01  -1.4000000e+02   2.1329525e+01  -2.3523348e+00  -4.1000000e+01   5.4343242e+01
   3.0000000e+00  -3.7000000e+01  -1.4000000e+02   2.2809603e+01  -5.8454587e-01  -4.1000000e+01   5.3310655e+01
   3.0000000e+00  -3.7000000e+01  -1.4000000e+02   2.4321322e+01   8.6602001e-01  -4.1000000e+01   5.0727292e+01
   3.0000000e+00  -3.7000000e+01  -1.4000000e+02   2.5482939e+01   2.2185744e+00  -4.1000000e+01   4.9299765e+01
   3.0000000e+00  -3.7000000e+01  -1.4000000e+02   2.5558950e+01   3.5685346e+00  -4.1000000e+01   4.7910331e+01
   3.0000000e+00  -3.7000000e+01  -1.4000000e+02   2.7220635e+01   5.4765341e+00  -4.1000000e+01   4.6339883e+01
   3.0000000e+00  -3.7000000e+01  -1.4000000e+02   2.9431169e+01   8.2746706e+00  -4.1000000e+01   4.3524878e+01
   3.0000000e+00  -3.7000000e+01  -1.4000000e+02   3.0334272e+01   9.9703441e+00  -4.1000000e+01   4.1465082e+01
   3.0000000e+00  -3.7000000e+01  -1.4000000e+02   3.1325648e+01   1.2171169e+01  -4.1000000e+01   3.9099313e+01
   3.0000000e+00  -3.7000000e+01  -1.4000000e+02   3.2243442e+01   1.3688778e+01  -4.1000000e+01   3.7817281e+01
   3.0000000e+00  -3.7000000e+01  -1.4000000e+02   3.4383004e+01   1.5110938e+01  -4.1000000e+01   3.5712143e+01
   3.0000000e+00  -3.7000000e+01  -1.4000000e+02   3.5988625e+01   1.5785753e+01  -4.1000000e+01   3.4013197e+01
   3.0000000e+00  -3.7000000e+01  -1.4000000e+02   3.7463531e+01   1.7189754e+01  -4.1000000e+01   3.1934346e+01
   3.0000000e+00  -3.7000000e+01  -1.4000000e+02   3.9509157e+01   1.8872885e+01  -4.1000000e+01   2.9503090e+01
   3.0000000e+00  -3.7000000e+01  -1.4000000e+02   4.2247791e+01   2.0317039e+01  -4.1000000e+01   2.6239526e+01
   3.0000000e+00  -3.7000000e+01  -1.4000000e+02   4.4634603e+01   2.1735704e+01  -4.1000000e+01   2.2973338e+01
   3.0000000e+00  -3.7000000e+01  -1.4000000e+02   4.5812732e+01   2.2902206e+01  -4.1000000e+01   1.9294262e+01
   3.0000000e+00  -3.7000000e+01  -1.4000000e+02   4.8264618e+01   2.4177055e+01  -4.1000000e+01   1.6226583e+01
   3.0000000e+00  -3.7000000e+01  -1.4000000e+02   4.9912674e+01   2.5443953e+01  -4.1000000e+01   1.3166060e+01
   3.0000000e+00  -3.7000000e+01  -1.4000000e+02   5.1963278e+01   2.6877250e+01  -4.1000000e+01   1.0711656e+01
   3.0000000e+00  -3.7000000e+01  -1.4000000e+02   5.3672170e+01   2.8319350e+01  -4.1000000e+01   8.1904487e+00
   3.0000000e+00  -3.7000000e+01  -1.4000000e+02   5.5252983e+01   2.9698376e+01  -4.1000000e+01   5.6654530e+00
   3.0000000e+00  -3.7000000e+01  -1.4000000e+02   5.7231953e+01   3.0966493e+01  -4.1000000e+01   3.1619058e+00
   3.0000000e+00  -3.7000000e+01  -1.4000000e+02   5.8982209e+01   3.2096162e+01  -4.1000000e+01   7.4921787e-01
   3.0000000e+00  -3.7000000e+01  -1.4000000e+02   5.9698552e+01   3.3162226e+01  -4.1000000e+01  -8.4539996e-01
   3.0000000e+00  -3.7000000e+01  -1.4000000e+02   5.5422692e+01   3.4512750e+01  -4.1000000e+01  -2.8152621e+00
   3.0000000e+00  -3.7000000e+01  -1.4000000e+02   4.9943959e+01   3.5934581e+01  -4.1000000e+01  -4.9556622e+00
   3.0000000e+00  -3.7000000e+01  -1.4000000e+02   4.4590028e+01   3.6787341e+01  -4.1000000e+01  -7.2174884e+00
   3.0000000e+00  -3.7000000e+01  -1.4000000e+02   3.9486104e+01   3.4738098e+01  -4.1000000e+01  -7.2906018e+00
   3.0000000e+00  -3.7000000e+01  -1.4000000e+02   3.6178417e+01   3.0145792e+01  -4.1000000e+01  -3.8935482e+00
   3.0000000e+00  -3.7000000e+01  -1.4000000e+02   3.3933366e+01   2.5389752e+01  -4.1000000e+01   6.4627628e-01
   3.0000000e+00  -3.7000000e+01  -1.4000000e+02   2.9427392e+01   1.9906864e+01  -4.1000000e+01   5.4099296e+00
   3.0000000e+00  -3.7000000e+01  -1.4000000e+02   2.6028577e+01   1.5172867e+01  -4.1000000e+01   1.1047864e+01
   3.0000000e+00  -3.7000000e+01  -1.4000000e+02   2.3860568e+01   1.1199649e+01  -4.1000000e+01   1.7827991e+01
   3.0000000e+00  -3.7000000e+01  -1.4000000e+02   2.0023741e+01   7.9471041e+00  -4.1000000e+01   2.4890046e+01
   3.0000000e+00  -3.7000000e+01  -1.4000000e+02   1.7256308e+01   5.5496390e+00  -4.1000000e+01   3.1614125e+01
   3.0000000e+00  -3.7000000e+01  -1.4000000e+02   1.4827457e+01   3.1182201e+00  -4.1000000e+01   3.8215999e+01
   3.0000000e+00  -3.7000000e+01  -1.4000000e+02   1.3247705e+01   1.5361259e+00  -4.1000000e+01   4.4796774e+01
   3.0000000e+00  -3.7000000e+01  -1.4000000e+02   1.3068675e+01  -2.5172466e-02  -4.1000000e+01   5.0525973e+01
   3.0000000e+00  -3.7000000e+01  -1.4000000e+02   1.4373884e+01  -1.3667494e+00  -4.1000000e+01   5.4724363e+01
   3.0000000e+00  -3.7000000e+01  -1.4000000e+02   1.6464038e+01  -2.3438065e+00  -4.1000000e+01   5.6852657e+01
   3.0000000e+00  -3.7000000e+01  -1.4000000e+02   1.8197077e+01  -2.4050369e+00  -4.1000000e+01   5.8559663e+01
   3.0000000e+00  -3.7000000e+01  -1.4000000e+02   1.9892121e+01  -2.1513221e+00  -4.1000000e+01   5.7606612e+01
   3.0000000e+00  -3.7000000e+01  -1.4000000e+02   2.2369857e+01  -8.6610161e-01  -4.1000000e+01   5.6459561e+01
   3.0000000e+00  -3.7000000e+01  -1.4000000e+02   2.5168831e+01   3.9453996e-02  -4.1000000e+01   5.2602899e+01
   3.0000000e+00  -3.7000000e+01  -1.4000000e+02   2.7810624e+01   2.1214776e+00  -4.1000000e+01   5.0621286e+01
   3.0000000e+00  -3.7000000e+01  -1.4000000e+02   3.0129981e+01   5.2270709e+00  -4.1000000e+01   4.6928737e+01
   3.0000000e+00  -3.7000000e+01  -1.4000000e+02   3.1487861e+01   8.3866257e+00  -4.1000000e+01   4.4664089e+01
   3.0000000e+00  -3.7000000e+01  -1.4000000e+02   3.4049578e+01   1.0765625e+01  -4.1000000e+01   4.2282788e+01
   3.0000000e+00  -3.7000000e+01  -1.4000000e+02   3.4880498e+01   1.3323629e+01  -4.1000000e+01   3.9416097e+01
   3.0000000e+00  -3.7000000e+01  -1.4000000e+02   3.7739486e+01   1.4546610e+01  -4.1000000e+01   3.4576817e+01
   3.0000000e+00  -3.7000000e+01  -1.4000000e+02   4.0650530e+01   1.6261434e+01  -4.1000000e+01   2.9316944e+01
   3.0000000e+00  -3.7000000e+01  -1.4000000e+02   4.3590818e+01   1.8185905e+01  -4.1000000e+01   2.5465244e+01
   3.0000000e+00  -3.7000000e+01  -1.4000000e+02   4.5670667e+01   2.0036669e+01  -4.1000000e+01   2.2214864e+01
   3.0000000e+00  -3.7000000e+01  -1.4000000e+02   4.8282036e+01   2.1906805e+01  -4.1000000e+01   1.9052963e+01
   3.0000000e+00  -3.7000000e+01  -1.4000000e+02   5.0440732e+01   2.3776109e+01  -4.1000000e+01   1.5804474e+01
   3.0000000e+00  -3.7000000e+01  -1.4000000e+02   5.3952119e+01   2.5677487e+01  -4.1000000e+01   1.2672994e+01
   3.0000000e+00  -3.7000000e+01  -1.4000000e+02   5.7607841e+01   2.8059830e+01  -4.1000000e+01   9.0856560e+00
   3.0000000e+00  -3.7000000e+01  -1.4000000e+02   6.0689458e+01   3.0392214e+01  -4.1000000e+01   5.4515441e+00
   3.0000000e+00  -3.7000000e+01  -1.4000000e+02   6.4057529e+01   3.2667162e+01  -4.1000000e+01   2.5525389e+00
   3.0000000e+00  -3.7000000e+01  -1.4000000e+02   6.6239020e+01   3.4978428e+01  -4.1000000e+01  -3.2418180e-01
   3.0000000e+00  -3.7000000e+01  -1.4000000e+02   6.8420511e+01   3.7289694e+01  -4.1000000e+01  -3.2009025e+00
   3.0000000e+00  -3.7000000e+01  -1.4000000e+02   6.7934767e+01   3.9737830e+01  -4.1000000e+01  -6.1286779e+00
   3.0000000e+00  -3.7000000e+01  -1.4000000e+02   6.1311184e+01   4.1940941e+01  -4.1000000e+01  -9.9491765e+00
   3.0000000e+00  -3.7000000e+01  -1.4000000e+02   5.5063759e+01   4.2733948e+01  -4.1000000e+01  -1.3531334e+01
   3.0000000e+00  -3.7000000e+01  -1.4000000e+02   5.0049636e+01   4.0369452e+01  -4.1000000e+01  -1.5533955e+01
   3.0000000e+00  -3.7000000e+01  -1.4000000e+02   4.4704928e+01   3.5782328e+01  -4.1000000e+01  -1.5039398e+01
   3.0000000e+00  -3.7000000e+01  -1.4000000e+02   3.9079446e+01   3.1460592e+01  -4.1000000e+01  -1.1650278e+01
   3.0000000e+00  -3.7000000e+01  -1.4000000e+02   3.3347315e+01   2.6990954e+01  -4.1000000e+01  -7.2404800e+00
   3.0000000e+00  -3.7000000e+01  -1.4000000e+02   2.7647710e+01   2.2871348e+01  -4.1000000e+01  -2.1558043e+00
   3.0000000e+00  -3.7000000e+01  -1.4000000e+02   2.3188748e+01   1.8730188e+01  -4.1000000e+01   2.9851921e+00
   3.0000000e+00  -3.7000000e+01  -1.4000000e+02   1.9299567e+01   1.4689804e+01  -4.1000000e+01   9.3052343e+00
