   2.5809016e+01   4.5707440e+01  -1.5449797e+02   3.0981299e+01   1.2570467e+01  -4.2123541e+01   4.7543017e+01
   2.7189285e+01   4.4558905e+01  -1.4055704e+02   2.9911749e+01   1.1622206e+01  -4.0973434e+01   4.3064323e+01
   2.5945398e+01   4.7399092e+01  -1.4000000e+02   2.6704768e+01   1.0203802e+01  -4.1000000e+01   3.9737643e+01
   2.5573820e+01   4.8664102e+01  -1.4000000e+02   2.9223868e+01   1.1501121e+01  -4.1000000e+01   3.5317571e+01
   2.5847466e+01   4.7680557e+01  -1.4000000e+02   3.1818314e+01   1.1985442e+01  -4.1000000e+01   3.0727970e+01
   2.5037407e+01   4.7576048e+01  -1.4000000e+02   3.2809815e+01   1.4578846e+01  -4.1000000e+01   2.7977361e+01
   2.5902591e+01   4.6512521e+01  -1.4000000e+02   3.5045914e+01   1.4031912e+01  -4.1000000e+01   2.2802281e+01
   2.9063630e+01   4.6838823e+01  -1.4000000e+02   3.8424678e+01   1.3980364e+01  -4.1000000e+01   1.9907995e+01
   2.9677931e+01   4.8747554e+01  -1.4000000e+02   4.1977598e+01   1.6075583e+01  -4.1000000e+01   1.4753509e+01
   3.0463592e+01   4.9114491e+01  -1.4000000e+02   4.4641106e+01   1.7554512e+01  -4.1000000e+01   1.1662701e+01
   3.1083871e+01   4.9564524e+01  -1.4000000e+02   4.8661787e+01   1.8136393e+01  -4.1000000e+01   4.7148613e+00
   3.2984220e+01   5.1497601e+01  -1.4000000e+02   5.3505440e+01   1.9501293e+01  -4.1000000e+01  -1.0786569e-01
   3.5911216e+01   5.2838685e+01  -1.4000000e+02   5.8257071e+01   2.0432203e+01  -4.1000000e+01  -6.5032650e+00
   3.7135121e+01   5.5275932e+01  -1.4000000e+02   6.2229489e+01   2.3827971e+01  -4.1000000e+01  -1.1141752e+01
   4.0507999e+01   5.7884878e+01  -1.4000000e+02   6.7838806e+01   2.5723201e+01  -4.1000000e+01  -1.7634916e+01
   4.3035485e+01   6.1664696e+01  -1.4000000e+02   7.3908860e+01   2.8306585e+01  -4.1000000e+01  -2.4030068e+01
   4.5770036e+01   6.3548020e+01  -1.4000000e+02   7.7526393e+01   2.8974391e+01  -4.1000000e+01  -2.9872192e+01
   4.8805960e+01   6.6087641e+01  -1.4000000e+02   8.1126944e+01   2.9086319e+01  -4.1000000e+01  -3.5639989e+01
   5.1433343e+01   6.8344524e+01  -1.4000000e+02   8.3983425e+01   3.0655595e+01  -4.1000000e+01  -3.8723738e+01
   5.1853578e+01   6.7323821e+01  -1.4000000e+02   8.4322170e+01   2.9734632e+01  -4.1000000e+01  -3.9837402e+01
   5.0849423e+01   6.5584220e+01  -1.4000000e+02   8.1864755e+01   3.0056778e+01  -4.1000000e+01  -3.9184255e+01
   4.5966134e+01   6.8058138e+01  -1.4000000e+02   7.4649820e+01   3.4243269e+01  -4.1000000e+01  -3.4034808e+01
   4.2770391e+01   6.3413345e+01  -1.4000000e+02   6.4796757e+01   3.3197620e+01  -4.1000000e+01  -2.9509132e+01
   3.9067525e+01   5.9826983e+01  -1.4000000e+02   5.4854635e+01   3.0212495e+01  -4.1000000e+01  -2.0617308e+01
   3.3578936e+01   5.4715623e+01  -1.4000000e+02   4.4969242e+01   2.3593122e+01  -4.1000000e+01  -1.2767786e+01
   2.9053377e+01   4.8166992e+01  -1.4000000e+02   3.5360089e+01   1.4832066e+01  -4.1000000e+01  -4.3906673e+00
   2.4801595e+01   4.4975206e+01  -1.4000000e+02   2.6712884e+01   6.3227284e+00  -4.1000000e+01   4.3274269e+00
   2.2806501e+01   3.9702872e+01  -1.4000000e+02   1.8443946e+01  -2.4447055e-01  -4.1000000e+01   1.5537276e+01
   2.3697195e+01   3.6460527e+01  -1.4000000e+02   1.0603696e+01  -5.8804115e+00  -4.1000000e+01   2.6894107e+01
   2.6386781e+01   3.5602988e+01  -1.4000000e+02   5.0214701e+00  -1.0180197e+01  -4.1000000e+01   3.7974455e+01
   2.5522049e+01   3.3688304e+01  -1.4000000e+02   1.8215502e+00  -1.3150290e+01  -4.1000000e+01   4.8118355e+01
   2.5609341e+01   3.1365681e+01  -1.4000000e+02  -1.1279444e+00  -1.3955698e+01  -4.1000000e+01   5.4365598e+01
   2.3946528e+01   3.1468867e+01  -1.4000000e+02   3.8073569e-01  -1.2992358e+01  -4.1000000e+01   5.4831876e+01
   2.2577646e+01   3.1102669e+01  -1.4000000e+02   3.2365650e+00  -1.1580560e+01  -4.1000000e+01   5.2866206e+01
   2.2766508e+01   3.2544773e+01  -1.4000000e+02   6.7016175e+00  -8.8699884e+00  -4.1000000e+01   4.9681216e+01
   2.2636550e+01   3.4948651e+01  -1.4000000e+02   1.0959559e+01  -5.0541370e+00  -4.1000000e+01   4.5697315e+01
   2.3060619e+01   3.8349745e+01  -1.4000000e+02   1.6556705e+01  -3.2277369e+00  -4.1000000e+01   4.2109964e+01
   2.2504153e+01   4.2360276e+01  -1.4000000e+02   2.0415536e+01   1.8536333e-01  -4.1000000e+01   4.0253533e+01
   2.2110527e+01   4.3930046e+01  -1.4000000e+02   2.2946179e+01   4.6580283e+00  -4.1000000e+01   3.7643106e+01
   2.4079036e+01   4.3348601e+01  -1.4000000e+02   2.3930508e+01   8.8665296e+00  -4.1000000e+01   3.8641912e+01
   2.4899906e+01   4.2261754e+01  -1.4000000e+02   2.4588245e+01   7.2679998e+00  -4.1000000e+01   3.6166391e+01
   2.8173804e+01   4.3380503e+01  -1.4000000e+02   2.5914600e+01   5.8676489e+00  -4.1000000e+01   3.2929233e+01
   2.9764699e+01   4.2597686e+01  -1.4000000e+02   2.8081404e+01   5.8752592e+00  -4.1000000e+01   2.8332790e+01
   2.9041099e+01   4.0524412e+01  -1.4000000e+02   2.8321463e+01   7.9920951e+00  -4.1000000e+01   2.5360483e+01
   2.8841944e+01   4.2459313e+01  -1.4000000e+02   3.1214126e+01   1.1269093e+01  -4.1000000e+01   2.2421257e+01
   2.9038720e+01   4.4699064e+01  -1.4000000e+02   3.4193638e+01   1.3636781e+01  -4.1000000e+01   2.0114439e+01
   2.8187288e+01   4.2883348e+01  -1.4000000e+02   3.4960893e+01   1.4208784e+01  -4.1000000e+01   1.5748289e+01
   2.9674949e+01   4.3854576e+01  -1.4000000e+02   3.7339594e+01   1.5047471e+01  -4.1000000e+01   1.4881224e+01
   3.0707652e+01   4.4399720e+01  -1.4000000e+02   3.9863612e+01   1.6798364e+01  -4.1000000e+01   1.1905761e+01
   3.2189672e+01   4.6955054e+01  -1.4000000e+02   4.3846714e+01   1.8046451e+01  -4.1000000e+01   6.7421017e+00
   3.4941614e+01   4.7040682e+01  -1.4000000e+02   4.7142857e+01   1.7646449e+01  -4.1000000e+01   2.5799103e+00
   3.5445408e+01   4.9971566e+01  -1.4000000e+02   5.1785715e+01   2.0283893e+01  -4.1000000e+01  -2.1551878e+00
   3.5804587e+01   5.2694116e+01  -1.4000000e+02   5.5212131e+01   2.4915161e+01  -4.1000000e+01  -4.5746137e+00
   3.7040314e+01   5.6889296e+01  -1.4000000e+02   6.0373699e+01   2.8782528e+01  -4.1000000e+01  -9.4365905e+00
   3.9445155e+01   6.3180235e+01  -1.4000000e+02   6.7076154e+01   3.2420387e+01  -4.1000000e+01  -1.4895572e+01
   4.2208469e+01   6.5498976e+01  -1.4000000e+02   7.2544293e+01   3.2323109e+01  -4.1000000e+01  -2.0853380e+01
   4.4946636e+01   6.6056271e+01  -1.4000000e+02   7.6874935e+01   3.1554128e+01  -4.1000000e+01  -2.6053916e+01
   4.6487292e+01   6.5510800e+01  -1.4000000e+02   7.9156029e+01   3.0445819e+01  -4.1000000e+01  -3.0303909e+01
   4.7067267e+01   6.4437528e+01  -1.4000000e+02   8.0417633e+01   3.0369693e+01  -4.1000000e+01  -3.2402567e+01
   4.6950318e+01   6.5763159e+01  -1.4000000e+02   8.1296249e+01   3.2789303e+01  -4.1000000e+01  -3.2976866e+01
   4.4735430e+01   6.7006049e+01  -1.4000000e+02   7.4678628e+01   3.6250688e+01  -4.1000000e+01  -3.0627226e+01
   4.1917695e+01   6.2725947e+01  -1.4000000e+02   6.5404362e+01   3.3684170e+01  -4.1000000e+01  -2.4361858e+01
   4.0513144e+01   5.9692752e+01  -1.4000000e+02   5.5415353e+01   2.8815076e+01  -4.1000000e+01  -1.7278130e+01
   3.7852609e+01   5.4081015e+01  -1.4000000e+02   4.4949898e+01   2.3258249e+01  -4.1000000e+01  -8.9985533e+00
   3.3373249e+01   4.8959988e+01  -1.4000000e+02   3.4492221e+01   1.5789750e+01  -4.1000000e+01  -1.1333252e+00
   2.9915067e+01   4.4398488e+01  -1.4000000e+02   2.6926398e+01   8.1056591e+00  -4.1000000e+01   7.1885693e+00
   2.5667982e+01   4.1313377e+01  -1.4000000e+02   2.0883646e+01   1.1808531e+00  -4.1000000e+01   1.5397785e+01
   2.4740601e+01   3.7035309e+01  -1.4000000e+02   1.3990599e+01  -5.1046280e+00  -4.1000000e+01   2.3575973e+01
   2.5496502e+01   3.5977636e+01  -1.4000000e+02   9.4234149e+00  -1.0157842e+01  -4.1000000e+01   3.0130892e+01
   2.4678105e+01   3.6794246e+01  -1.4000000e+02   8.2132813e+00  -1.3968147e+01  -4.1000000e+01   3.6805056e+01
   2.6358090e+01   3.3420123e+01  -1.4000000e+02   3.2593467e+00  -1.6921777e+01  -4.1000000e+01   4.4697068e+01
   2.4106956e+01   3.2963267e+01  -1.4000000e+02   2.2531218e+00  -1.6526442e+01  -4.1000000e+01   5.1202628e+01
   2.1625752e+01   3.3000909e+01  -1.4000000e+02   5.7498200e+00  -1.6229155e+01  -4.1000000e+01   5.2744226e+01
   2.1372271e+01   3.3193946e+01  -1.4000000e+02   8.1859850e+00  -1.4551075e+01  -4.1000000e+01   4.8749590e+01
   2.2138620e+01   3.4146858e+01  -1.4000000e+02   1.0382613e+01  -1.1964446e+01  -4.1000000e+01   4.9516297e+01
   2.3598745e+01   3.6819053e+01  -1.4000000e+02   1.2712798e+01  -9.6184977e+00  -4.1000000e+01   4.8901907e+01
   2.3865207e+01   3.8465003e+01  -1.4000000e+02   1.2992145e+01  -6.6436816e+00  -4.1000000e+01   4.7577816e+01
   2.4119041e+01   3.9344158e+01  -1.4000000e+02   1.5149240e+01  -3.5836569e+00  -4.1000000e+01   4.5331642e+01
   2.3323664e+01   4.0504507e+01  -1.4000000e+02   1.7716206e+01  -4.3981224e-01  -4.1000000e+01   4.4921541e+01
   2.4016335e+01   4.1838346e+01  -1.4000000e+02   1.9283915e+01   2.1760814e+00  -4.1000000e+01   4.4406817e+01
   2.4915298e+01   4.0759062e+01  -1.4000000e+02   2.1036349e+01   3.6432460e+00  -4.1000000e+01   4.1841060e+01
   2.4906383e+01   4.2105521e+01  -1.4000000e+02   2.3040446e+01   7.8613729e+00  -4.1000000e+01   3.9484545e+01
   2.5020464e+01   4.2294882e+01  -1.4000000e+02   2.4897593e+01   6.6220111e+00  -4.1000000e+01   3.2800990e+01
   2.4496508e+01   4.3045458e+01  -1.4000000e+02   2.7421462e+01   8.7717958e+00  -4.1000000e+01   2.9562487e+01
   2.6702936e+01   4.1597004e+01  -1.4000000e+02   3.0414355e+01   6.5953723e+00  -4.1000000e+01   2.4246598e+01
   2.7629830e+01   4.5071082e+01  -1.4000000e+02   3.4102115e+01   8.1319770e+00  -4.1000000e+01   2.2036986e+01
   2.8015916e+01   4.6527508e+01  -1.4000000e+02   3.6451195e+01   9.2877652e+00  -4.1000000e+01   1.7740115e+01
   2.8822089e+01   4.4925072e+01  -1.4000000e+02   3.7196983e+01   1.0941890e+01  -4.1000000e+01   1.5417550e+01
   2.9711333e+01   4.6382213e+01  -1.4000000e+02   4.0521992e+01   1.2846650e+01  -4.1000000e+01   1.2525816e+01
   3.1334839e+01   4.7331935e+01  -1.4000000e+02   4.3243540e+01   1.2814590e+01  -4.1000000e+01   7.3226035e+00
   3.3029120e+01   4.9923273e+01  -1.4000000e+02   4.8532080e+01   1.5588577e+01  -4.1000000e+01   1.4675490e+00
   3.5411725e+01   5.2073486e+01  -1.4000000e+02   5.3675701e+01   1.8228477e+01  -4.1000000e+01  -2.3900600e+00
   3.7292838e+01   5.4141696e+01  -1.4000000e+02   5.8821139e+01   1.8642213e+01  -4.1000000e+01  -9.8356132e+00
   3.9629702e+01   5.6599215e+01  -1.4000000e+02   6.3831540e+01   1.8881057e+01  -4.1000000e+01  -1.5502472e+01
   4.0146755e+01   5.7042190e+01  -1.4000000e+02   6.6609511e+01   2.0935398e+01  -4.1000000e+01  -1.8497589e+01
   4.0711650e+01   5.8517931e+01  -1.4000000e+02   6.9005229e+01   2.6810849e+01  -4.1000000e+01  -1.6748757e+01
   3.9262882e+01   5.7437552e+01  -1.4000000e+02   6.6783430e+01   2.6502843e+01  -4.1000000e+01  -1.5146565e+01
   3.5871270e+01   5.7305774e+01  -1.4000000e+02   5.9063761e+01   2.7178780e+01  -4.1000000e+01  -6.7137345e+00
   3.3095516e+01   5.4356672e+01  -1.4000000e+02   4.8674475e+01   2.2489783e+01  -4.1000000e+01  -3.1092409e-01
   3.0494625e+01   5.0004166e+01  -1.4000000e+02   3.8593654e+01   1.5398404e+01  -4.1000000e+01   5.4406207e+00
   2.8965271e+01   4.5526615e+01  -1.4000000e+02   2.9716207e+01   8.6985133e+00  -4.1000000e+01   1.1042407e+01
   2.8286606e+01   4.3934256e+01  -1.4000000e+02   2.2894581e+01   1.4313169e+00  -4.1000000e+01   1.7796002e+01
   2.5984504e+01   4.2223619e+01  -1.4000000e+02   1.6978384e+01  -1.6963047e+00  -4.1000000e+01   2.7284834e+01
   2.4013373e+01   4.0027888e+01  -1.4000000e+02   1.3358018e+01  -4.5673649e+00  -4.1000000e+01   3.8088495e+01
   2.1003726e+01   3.6328010e+01  -1.4000000e+02   9.7530134e+00  -9.0144860e+00  -4.1000000e+01   4.8298089e+01
   1.9753045e+01   3.2496163e+01  -1.4000000e+02   6.8219852e+00  -1.2148338e+01  -4.1000000e+01   5.5778643e+01
   2.0277525e+01   3.3146063e+01  -1.4000000e+02   6.4233257e+00  -1.1976952e+01  -4.1000000e+01   5.8039197e+01
   2.0287425e+01   3.4073205e+01  -1.4000000e+02   7.5306926e+00  -9.6855045e+00  -4.1000000e+01   5.6142800e+01
   2.0526445e+01   3.4694252e+01  -1.4000000e+02   1.0070640e+01  -9.7941668e+00  -4.1000000e+01   5.2499388e+01
   2.1709250e+01   3.6548627e+01  -1.4000000e+02   1.3101474e+01  -8.3286553e+00  -4.1000000e+01   4.9614516e+01
   2.2843925e+01   3.8379519e+01  -1.4000000e+02   1.4220138e+01  -6.6177354e+00  -4.1000000e+01   4.8183052e+01
   2.4252366e+01   4.1209086e+01  -1.4000000e+02   1.8377663e+01  -3.5886368e+00  -4.1000000e+01   4.6597564e+01
   2.2692423e+01   4.2949297e+01  -1.4000000e+02   2.0286052e+01  -8.8038853e-01  -4.1000000e+01   4.4096324e+01
   2.2274302e+01   4.3461147e+01  -1.4000000e+02   2.1817182e+01   6.2144232e-01  -4.1000000e+01   4.2348609e+01
   2.2444615e+01   4.3973535e+01  -1.4000000e+02   2.3176953e+01   2.4984834e+00  -4.1000000e+01   4.0529237e+01
   2.5372671e+01   4.3170178e+01  -1.4000000e+02   2.3857446e+01   2.8516304e+00  -4.1000000e+01   3.7951611e+01
   2.6414636e+01   4.2379515e+01  -1.4000000e+02   2.4413666e+01   4.4550074e+00  -4.1000000e+01   3.6766628e+01
   2.6664949e+01   4.1693176e+01  -1.4000000e+02   2.5267469e+01   4.7909139e+00  -4.1000000e+01   3.3463075e+01
   2.8378724e+01   4.2843484e+01  -1.4000000e+02   2.7905105e+01   7.1619090e+00  -4.1000000e+01   3.0999584e+01
   2.7358720e+01   4.3663828e+01  -1.4000000e+02   3.0344404e+01   1.0100987e+01  -4.1000000e+01   2.8638656e+01
   2.7641817e+01   4.4288484e+01  -1.4000000e+02   3.2446488e+01   1.1769274e+01  -4.1000000e+01   2.6636994e+01
   2.7797164e+01   4.3314017e+01  -1.4000000e+02   3.4176696e+01   1.3013562e+01  -4.1000000e+01   2.2328433e+01
   2.8723462e+01   4.5224263e+01  -1.4000000e+02   3.7124774e+01   1.4492204e+01  -4.1000000e+01   1.7872028e+01
   3.0555611e+01   4.6495551e+01  -1.4000000e+02   4.0508055e+01   1.5744500e+01  -4.1000000e+01   1.3658885e+01
   3.3650599e+01   4.6634975e+01  -1.4000000e+02   4.4004272e+01   1.4081441e+01  -4.1000000e+01   6.5447558e+00
   3.3546315e+01   4.7509461e+01  -1.4000000e+02   4.7744521e+01   1.8222753e+01  -4.1000000e+01   2.9323644e+00
   3.4392251e+01   4.9731687e+01  -1.4000000e+02   5.1863064e+01   1.9924970e+01  -4.1000000e+01  -1.0332444e+00
   3.6100275e+01   5.4973772e+01  -1.4000000e+02   5.8363648e+01   2.3084512e+01  -4.1000000e+01  -8.1592034e+00
   3.9887829e+01   5.1388379e+01  -1.4000000e+02   6.0415475e+01   1.8936303e+01  -4.1000000e+01  -1.3282250e+01
   4.0575971e+01   5.2788827e+01  -1.4000000e+02   6.3093952e+01   1.9851124e+01  -4.1000000e+01  -1.7342811e+01
   4.1123800e+01   5.7543797e+01  -1.4000000e+02   6.7502454e+01   2.2995456e+01  -4.1000000e+01  -2.1348796e+01
   3.7764704e+01   5.8913029e+01  -1.4000000e+02   6.3425514e+01   2.8778989e+01  -4.1000000e+01  -2.1544028e+01
   3.5803455e+01   5.6580926e+01  -1.4000000e+02   5.5974051e+01   2.5504024e+01  -4.1000000e+01  -2.4021546e+01
   3.3841446e+01   5.2331149e+01  -1.4000000e+02   4.8305347e+01   2.0558373e+01  -4.1000000e+01  -2.1464711e+01
   3.2079429e+01   4.7545266e+01  -1.4000000e+02   4.2028013e+01   1.6141089e+01  -4.1000000e+01  -1.2797811e+01
   2.9448187e+01   4.1940223e+01  -1.4000000e+02   3.3737608e+01   1.0966677e+01  -4.1000000e+01  -2.8570193e+00
   2.5309899e+01   3.9376234e+01  -1.4000000e+02   2.6208061e+01   4.9610474e+00  -4.1000000e+01   5.5887264e+00
   2.1482656e+01   3.9034421e+01  -1.4000000e+02   2.0592287e+01  -1.1606792e+00  -4.1000000e+01   1.1721434e+01
   2.2464294e+01   3.5348880e+01  -1.4000000e+02   1.3030185e+01  -7.0871675e+00  -4.1000000e+01   2.0406907e+01
   2.3217520e+01   3.4713329e+01  -1.4000000e+02   8.4755819e+00  -7.4881399e+00  -4.1000000e+01   3.1667215e+01
   2.2092571e+01   3.6403495e+01  -1.4000000e+02   6.0690556e+00  -1.0758829e+01  -4.1000000e+01   4.1792728e+01
   2.2815753e+01   3.3938138e+01  -1.4000000e+02   2.4823032e+00  -1.3646535e+01  -4.1000000e+01   5.1451283e+01
   2.2464151e+01   3.1893510e+01  -1.4000000e+02   6.9978264e-01  -1.8330876e+01  -4.1000000e+01   5.6252431e+01
   2.2113395e+01   3.2238877e+01  -1.4000000e+02   2.1782649e+00  -1.9194333e+01  -4.1000000e+01   5.5756726e+01
   2.2610873e+01   3.3487559e+01  -1.4000000e+02   5.1115879e+00  -1.5846559e+01  -4.1000000e+01   5.7557910e+01
   2.2098444e+01   3.5826753e+01  -1.4000000e+02   8.9267314e+00  -1.2958122e+01  -4.1000000e+01   5.2619521e+01
   2.2821786e+01   3.7752244e+01  -1.4000000e+02   1.1150079e+01  -1.0332634e+01  -4.1000000e+01   5.1350830e+01
   2.5007984e+01   3.7773386e+01  -1.4000000e+02   1.2032470e+01  -8.2726317e+00  -4.1000000e+01   5.2658478e+01
   2.3274039e+01   3.9532887e+01  -1.4000000e+02   1.3399447e+01  -5.2287966e+00  -4.1000000e+01   5.1847621e+01
   2.1480636e+01   4.0369047e+01  -1.4000000e+02   1.4992144e+01  -3.4125767e+00  -4.1000000e+01   4.5805938e+01
   2.2282190e+01   4.0246573e+01  -1.4000000e+02   1.6261766e+01  -4.7818615e-01  -4.1000000e+01   4.5636638e+01
   2.2026637e+01   4.0543183e+01  -1.4000000e+02   1.7708883e+01   2.5580262e+00  -4.1000000e+01   4.5930648e+01
   2.2003573e+01   4.1268163e+01  -1.4000000e+02   1.9389404e+01   3.2387256e+00  -4.1000000e+01   4.3416611e+01
   2.3332870e+01   4.3632465e+01  -1.4000000e+02   2.1781850e+01   6.2054777e+00  -4.1000000e+01   4.1405243e+01
   2.4392874e+01   4.4644515e+01  -1.4000000e+02   2.4714945e+01   6.9310075e+00  -4.1000000e+01   3.9048905e+01
   2.5846015e+01   4.4236910e+01  -1.4000000e+02   2.7082876e+01   6.1829123e+00  -4.1000000e+01   3.4167288e+01
   2.7426938e+01   4.4214277e+01  -1.4000000e+02   2.9455219e+01   6.4088717e+00  -4.1000000e+01   3.1200444e+01
   2.9961560e+01   4.9299916e+01  -1.4000000e+02   3.3709529e+01   7.1509581e+00  -4.1000000e+01   2.8219000e+01
   2.9623546e+01   4.6741284e+01  -1.4000000e+02   3.4380756e+01   7.5018080e+00  -4.1000000e+01   2.4617404e+01
   2.8763035e+01   4.5865271e+01  -1.4000000e+02   3.5582100e+01   1.0076687e+01  -4.1000000e+01   2.1320717e+01
   2.9589128e+01   4.5820555e+01  -1.4000000e+02   3.8115049e+01   1.1818244e+01  -4.1000000e+01   1.7363109e+01
   3.0600044e+01   4.5598683e+01  -1.4000000e+02   4.1026804e+01   1.2572443e+01  -4.1000000e+01   1.3234941e+01
   3.1793143e+01   4.7954404e+01  -1.4000000e+02   4.4433696e+01   1.4118386e+01  -4.1000000e+01   7.7687608e+00
   3.1795455e+01   4.7950577e+01  -1.4000000e+02   4.7452149e+01   1.7201320e+01  -4.1000000e+01   3.2750273e+00
   3.2555274e+01   5.2988548e+01  -1.4000000e+02   5.2572037e+01   2.1497142e+01  -4.1000000e+01  -7.9748258e-01
   3.5649567e+01   5.4736773e+01  -1.4000000e+02   5.7221791e+01   2.1693872e+01  -4.1000000e+01  -6.9154093e+00
   3.6240677e+01   5.6748955e+01  -1.4000000e+02   6.1123033e+01   2.3401217e+01  -4.1000000e+01  -1.2304448e+01
   3.7040358e+01   5.9687308e+01  -1.4000000e+02   6.3541696e+01   2.5813590e+01  -4.1000000e+01  -1.3370085e+01
   3.6234768e+01   5.5842004e+01  -1.4000000e+02   5.6559062e+01   2.4147857e+01  -4.1000000e+01  -1.1993855e+01
   3.4006923e+01   5.1051582e+01  -1.4000000e+02   4.7545049e+01   2.1263773e+01  -4.1000000e+01  -1.0404267e+01
   3.2497623e+01   4.5143798e+01  -1.4000000e+02   3.8426580e+01   1.6980326e+01  -4.1000000e+01  -4.5598599e+00
   3.0135333e+01   4.3426788e+01  -1.4000000e+02   3.0867817e+01   1.2037526e+01  -4.1000000e+01   1.7067969e+00
   2.9556282e+01   4.4275736e+01  -1.4000000e+02   2.6465331e+01   5.0973188e+00  -4.1000000e+01   7.2405993e+00
   2.9236794e+01   4.2429923e+01  -1.4000000e+02   2.0307872e+01  -7.0364162e-02  -4.1000000e+01   1.4222836e+01
   2.6855445e+01   4.1418691e+01  -1.4000000e+02   1.5791143e+01  -3.4430349e+00  -4.1000000e+01   2.1496848e+01
   2.6913801e+01   3.8010776e+01  -1.4000000e+02   1.0291327e+01  -6.2936168e+00  -4.1000000e+01   3.0969413e+01
   2.4753174e+01   3.8531512e+01  -1.4000000e+02   9.1209438e+00  -9.1871508e+00  -4.1000000e+01   3.7202587e+01
   2.1557406e+01   3.8694647e+01  -1.4000000e+02   7.8464048e+00  -1.0800340e+01  -4.1000000e+01   4.4044776e+01
   2.1076140e+01   3.5679761e+01  -1.4000000e+02   5.8076850e+00  -1.1983434e+01  -4.1000000e+01   5.1645139e+01
   2.0744082e+01   3.5831058e+01  -1.4000000e+02   7.0865786e+00  -1.2010393e+01  -4.1000000e+01   5.7858541e+01
   2.0276890e+01   3.6726346e+01  -1.4000000e+02   9.0716464e+00  -1.0542242e+01  -4.1000000e+01   5.7171786e+01
   2.1656335e+01   3.4270324e+01  -1.4000000e+02   8.8062054e+00  -9.1108099e+00  -4.1000000e+01   5.4725777e+01
   2.2431787e+01   3.4442730e+01  -1.4000000e+02   1.0144011e+01  -8.6306201e+00  -4.1000000e+01   5.2087415e+01
   2.1612551e+01   3.6442344e+01  -1.4000000e+02   1.3357228e+01  -8.2222921e+00  -4.1000000e+01   4.8399551e+01
   2.3900782e+01   3.7963653e+01  -1.4000000e+02   1.5021720e+01  -5.5760842e+00  -4.1000000e+01   4.8744841e+01
   2.4271511e+01   4.0332315e+01  -1.4000000e+02   1.7234797e+01  -3.4435171e+00  -4.1000000e+01   4.7385273e+01
   2.3560231e+01   4.2241461e+01  -1.4000000e+02   1.9515478e+01  -5.8108624e-01  -4.1000000e+01   4.7151007e+01
   2.4320822e+01   4.2080959e+01  -1.4000000e+02   1.9179546e+01   8.4538296e-01  -4.1000000e+01   4.7291339e+01
   2.3927251e+01   4.3566220e+01  -1.4000000e+02   2.0755784e+01   3.1641394e+00  -4.1000000e+01   4.6342742e+01
   2.4019018e+01   4.6397611e+01  -1.4000000e+02   2.3651264e+01   5.4258220e+00  -4.1000000e+01   4.3775269e+01
   2.3687814e+01   4.6286232e+01  -1.4000000e+02   2.5320574e+01   5.4859091e+00  -4.1000000e+01   3.9567573e+01
   2.7049116e+01   4.4950909e+01  -1.4000000e+02   2.7020536e+01   6.5735241e+00  -4.1000000e+01   3.8532739e+01
   2.8588646e+01   4.5139704e+01  -1.4000000e+02   2.8991489e+01   6.0471068e+00  -4.1000000e+01   3.5724242e+01
   2.9641764e+01   4.5955734e+01  -1.4000000e+02   3.2154924e+01   4.0900045e+00  -4.1000000e+01   3.1732404e+01
   2.8887121e+01   4.5410614e+01  -1.4000000e+02   3.3394538e+01   6.8252480e+00  -4.1000000e+01   3.0101563e+01
   2.9706109e+01   4.8126805e+01  -1.4000000e+02   3.5780279e+01   7.7110547e+00  -4.1000000e+01   2.7238848e+01
   2.8801863e+01   4.3418291e+01  -1.4000000e+02   3.4991035e+01   8.3183487e+00  -4.1000000e+01   2.3766413e+01
   2.8444511e+01   4.3891813e+01  -1.4000000e+02   3.7394840e+01   9.2257999e+00  -4.1000000e+01   1.7771637e+01
   2.9219832e+01   4.5170235e+01  -1.4000000e+02   4.0761503e+01   1.0536287e+01  -4.1000000e+01   1.4853473e+01
   3.0696601e+01   4.8249712e+01  -1.4000000e+02   4.4459332e+01   1.2700849e+01  -4.1000000e+01   1.0518587e+01
   3.2436004e+01   5.0675673e+01  -1.4000000e+02   4.8423139e+01   1.4636907e+01  -4.1000000e+01   7.1256779e+00
   3.2423413e+01   5.2041308e+01  -1.4000000e+02   5.1440047e+01   1.7039374e+01  -4.1000000e+01   2.5645707e+00
   3.4440802e+01   5.3732927e+01  -1.4000000e+02   5.4804281e+01   1.7477511e+01  -4.1000000e+01  -1.7732112e+00
   3.5501181e+01   5.4884559e+01  -1.4000000e+02   5.7821526e+01   1.9935268e+01  -4.1000000e+01  -6.2483724e+00
   3.7109669e+01   5.5389619e+01  -1.4000000e+02   6.0868636e+01   2.1634323e+01  -4.1000000e+01  -1.0891211e+01
   3.6577256e+01   5.6979318e+01  -1.4000000e+02   6.3078393e+01   2.3786672e+01  -4.1000000e+01  -1.5275130e+01
   3.3970388e+01   5.4727383e+01  -1.4000000e+02   5.5224205e+01   2.3591239e+01  -4.1000000e+01  -1.4995158e+01
   3.3211715e+01   4.9506517e+01  -1.4000000e+02   4.5613415e+01   2.1469629e+01  -4.1000000e+01  -1.0567819e+01
   3.0796160e+01   4.3479191e+01  -1.4000000e+02   3.5851842e+01   1.7031673e+01  -4.1000000e+01  -4.7267614e+00
   3.0959788e+01   3.8621676e+01  -1.4000000e+02   2.7021584e+01   1.0372758e+01  -4.1000000e+01   2.9717986e+00
   2.6714416e+01   4.0188875e+01  -1.4000000e+02   2.1572080e+01   4.7931568e+00  -4.1000000e+01   9.8994374e+00
   2.3005530e+01   3.8099314e+01  -1.4000000e+02   1.6211646e+01  -1.2643506e+00  -4.1000000e+01   1.6138364e+01
   2.0952281e+01   3.6932263e+01  -1.4000000e+02   1.1138156e+01  -7.5579343e+00  -4.1000000e+01   2.4667404e+01
   2.4488052e+01   3.6036590e+01  -1.4000000e+02   7.1672030e+00  -1.1358123e+01  -4.1000000e+01   3.4236553e+01
   2.7364224e+01   3.3264965e+01  -1.4000000e+02   3.2420823e+00  -1.6786354e+01  -4.1000000e+01   4.3463662e+01
   2.3917506e+01   3.1736109e+01  -1.4000000e+02   1.0386728e+00  -1.7885708e+01  -4.1000000e+01   5.3582901e+01
   2.2041563e+01   3.2167473e+01  -1.4000000e+02   3.4574220e+00  -1.7819924e+01  -4.1000000e+01   5.6941591e+01
   2.1382101e+01   3.4535062e+01  -1.4000000e+02   7.1609836e+00  -1.4632631e+01  -4.1000000e+01   5.9009610e+01
   2.1928836e+01   3.7305612e+01  -1.4000000e+02   1.0486421e+01  -1.1488195e+01  -4.1000000e+01   5.6832637e+01
   2.2421395e+01   3.8964067e+01  -1.4000000e+02   1.3467327e+01  -8.9456114e+00  -4.1000000e+01   5.5578076e+01
   2.1950114e+01   4.1350558e+01  -1.4000000e+02   1.6441508e+01  -6.9741475e+00  -4.1000000e+01   5.1726284e+01
   2.2831571e+01   4.2645581e+01  -1.4000000e+02   1.8858942e+01  -6.3422384e+00  -4.1000000e+01   4.6947529e+01
   2.2320000e+01   4.3620493e+01  -1.4000000e+02   1.9618340e+01  -2.9321648e+00  -4.1000000e+01   4.7147290e+01
   2.2972552e+01   4.5881114e+01  -1.4000000e+02   2.2824808e+01   1.4342446e+00  -4.1000000e+01   4.5570571e+01
   2.3299975e+01   4.6224884e+01  -1.4000000e+02   2.4839264e+01   3.9117315e+00  -4.1000000e+01   4.4788048e+01
   2.5203841e+01   4.3001861e+01  -1.4000000e+02   2.4221993e+01   4.7472102e+00  -4.1000000e+01   4.2675622e+01
   2.5201757e+01   4.2069099e+01  -1.4000000e+02   2.4850049e+01   6.2894452e+00  -4.1000000e+01   3.8543943e+01
   2.5015462e+01   4.4288392e+01  -1.4000000e+02   2.8320605e+01   6.9506677e+00  -4.1000000e+01   3.4236503e+01
   2.5436993e+01   4.5624372e+01  -1.4000000e+02   3.1991144e+01   9.5112614e+00  -4.1000000e+01   3.0765237e+01
   2.8773857e+01   4.8393340e+01  -1.4000000e+02   3.5821179e+01   1.0628266e+01  -4.1000000e+01   2.8374770e+01
   2.8081676e+01   4.5327835e+01  -1.4000000e+02   3.5978502e+01   1.0209817e+01  -4.1000000e+01   2.5665925e+01
   2.7902554e+01   4.6951953e+01  -1.4000000e+02   3.8721482e+01   1.1981229e+01  -4.1000000e+01   1.9801673e+01
   2.9965441e+01   4.7275324e+01  -1.4000000e+02   4.1694406e+01   1.2498364e+01  -4.1000000e+01   1.6905804e+01
   3.0810816e+01   4.7121120e+01  -1.4000000e+02   4.4193915e+01   1.4228598e+01  -4.1000000e+01   1.2097124e+01
   3.3280901e+01   4.7030746e+01  -1.4000000e+02   4.6935173e+01   1.3633470e+01  -4.1000000e+01   8.2847265e+00
   3.3886371e+01   5.1169089e+01  -1.4000000e+02   5.0604209e+01   1.6391100e+01  -4.1000000e+01   4.1470776e+00
   3.4756823e+01   5.5974002e+01  -1.4000000e+02   5.5812915e+01   2.0350676e+01  -4.1000000e+01  -8.2384418e-01
   3.5384487e+01   5.8881025e+01  -1.4000000e+02   6.0397163e+01   2.3015203e+01  -4.1000000e+01  -7.2373385e+00
   3.7000824e+01   5.9260603e+01  -1.4000000e+02   6.3730994e+01   2.4981729e+01  -4.1000000e+01  -1.1310744e+01
   3.8634176e+01   5.9210367e+01  -1.4000000e+02   6.6673339e+01   2.3768051e+01  -4.1000000e+01  -1.6652523e+01
   3.8686493e+01   5.9431173e+01  -1.4000000e+02   6.8127069e+01   2.5609987e+01  -4.1000000e+01  -1.7699154e+01
   3.6862816e+01   6.0443785e+01  -1.4000000e+02   6.3148730e+01   2.8934161e+01  -4.1000000e+01  -1.4481755e+01
   3.3632332e+01   5.8986999e+01  -1.4000000e+02   5.5761852e+01   2.7322476e+01  -4.1000000e+01  -9.4591030e+00
   3.1688456e+01   5.4098678e+01  -1.4000000e+02   4.6927456e+01   2.0652755e+01  -4.1000000e+01  -3.0532276e+00
   2.8381394e+01   4.9574983e+01  -1.4000000e+02   3.8415425e+01   1.5029839e+01  -4.1000000e+01   4.3097194e+00
   2.7315123e+01   4.6341295e+01  -1.4000000e+02   3.1142462e+01   1.0778125e+01  -4.1000000e+01   1.1137119e+01
   2.6335032e+01   4.4451803e+01  -1.4000000e+02   2.4144107e+01   2.7543532e+00  -4.1000000e+01   1.4385010e+01
   2.4933223e+01   4.4279146e+01  -1.4000000e+02   1.8436455e+01  -1.1090217e+00  -4.1000000e+01   2.1527573e+01
   2.3162412e+01   4.2271678e+01  -1.4000000e+02   1.3423157e+01  -6.1832887e+00  -4.1000000e+01   3.0818615e+01
   2.2977343e+01   4.1085117e+01  -1.4000000e+02   9.2004593e+00  -9.2402849e+00  -4.1000000e+01   4.0664798e+01
   2.2533047e+01   3.9100089e+01  -1.4000000e+02   6.0537309e+00  -1.2402663e+01  -4.1000000e+01   4.9174476e+01
   2.1439090e+01   3.5860305e+01  -1.4000000e+02   4.0230685e+00  -1.4976913e+01  -4.1000000e+01   5.8535329e+01
   2.1332188e+01   3.2490865e+01  -1.4000000e+02   3.7751857e+00  -1.7727082e+01  -4.1000000e+01   6.1623747e+01
   2.1095280e+01   3.5109844e+01  -1.4000000e+02   6.9903858e+00  -1.7448170e+01  -4.1000000e+01   6.0002634e+01
   2.0636552e+01   3.6525531e+01  -1.4000000e+02   9.9158815e+00  -1.6835395e+01  -4.1000000e+01   5.7080167e+01
   2.0672408e+01   3.5608165e+01  -1.4000000e+02   1.0429026e+01  -1.4678514e+01  -4.1000000e+01   5.6115370e+01
   2.1096770e+01   3.5395852e+01  -1.4000000e+02   1.2008095e+01  -1.4077359e+01  -4.1000000e+01   5.2997557e+01
   2.1611101e+01   3.6868407e+01  -1.4000000e+02   1.3499816e+01  -1.2054063e+01  -4.1000000e+01   5.0852578e+01
   2.2303849e+01   3.6645910e+01  -1.4000000e+02   1.4222601e+01  -1.1251361e+01  -4.1000000e+01   4.8585811e+01
   2.3503433e+01   3.8539109e+01  -1.4000000e+02   1.5729372e+01  -8.9454299e+00  -4.1000000e+01   4.9246768e+01
   2.3462895e+01   4.2145677e+01  -1.4000000e+02   1.8799106e+01  -6.4854325e+00  -4.1000000e+01   4.7035599e+01
   2.3285934e+01   4.3804463e+01  -1.4000000e+02   2.0998384e+01  -3.4001632e+00  -4.1000000e+01   4.8393028e+01
   2.3487416e+01   4.4793204e+01  -1.4000000e+02   2.1549804e+01  -9.3661480e-01  -4.1000000e+01   4.9011950e+01
   2.5522689e+01   4.4585476e+01  -1.4000000e+02   2.1901201e+01   3.2966502e-01  -4.1000000e+01   4.9399017e+01
   2.5447874e+01   4.2247094e+01  -1.4000000e+02   2.1298666e+01   4.2508157e-01  -4.1000000e+01   4.7478109e+01
   2.4124467e+01   4.3283648e+01  -1.4000000e+02   2.3229781e+01   3.1916793e+00  -4.1000000e+01   4.5833484e+01
   2.4586133e+01   4.5082736e+01  -1.4000000e+02   2.5253522e+01   4.9547452e+00  -4.1000000e+01   4.4950570e+01
   2.4032503e+01   4.7559707e+01  -1.4000000e+02   2.7447528e+01   7.8682719e+00  -4.1000000e+01   4.2319669e+01
   2.4323081e+01   4.9288176e+01  -1.4000000e+02   2.9430851e+01   1.0520686e+01  -4.1000000e+01   3.9853239e+01
   2.6261905e+01   5.0017145e+01  -1.4000000e+02   3.3200793e+01   8.5765679e+00  -4.1000000e+01   3.5416758e+01
   2.6571913e+01   5.1314016e+01  -1.4000000e+02   3.5491842e+01   1.0027434e+01  -4.1000000e+01   3.2765756e+01
   2.7637967e+01   4.9876770e+01  -1.4000000e+02   3.6692455e+01   9.6216204e+00  -4.1000000e+01   2.9381439e+01
   2.7682508e+01   4.9401414e+01  -1.4000000e+02   3.8261045e+01   1.1027101e+01  -4.1000000e+01   2.5952118e+01
   2.5972486e+01   5.0544755e+01  -1.4000000e+02   4.0512728e+01   1.4298187e+01  -4.1000000e+01   2.1609272e+01
   2.6787224e+01   5.0224193e+01  -1.4000000e+02   4.3355945e+01   1.7100944e+01  -4.1000000e+01   1.8438245e+01
   2.7990467e+01   4.8302889e+01  -1.4000000e+02   4.4509250e+01   1.7396346e+01  -4.1000000e+01   1.4872820e+01
   2.9574030e+01   5.1727954e+01  -1.4000000e+02   4.9111487e+01   1.8946247e+01  -4.1000000e+01   9.1862463e+00
   3.1340628e+01   5.2161247e+01  -1.4000000e+02   5.2242189e+01   1.8851328e+01  -4.1000000e+01   4.6819353e+00
   3.3840247e+01   5.4925162e+01  -1.4000000e+02   5.6920531e+01   2.0012580e+01  -4.1000000e+01  -1.9738162e+00
   3.3621374e+01   5.5826127e+01  -1.4000000e+02   5.9685992e+01   2.2485659e+01  -4.1000000e+01  -5.7760332e+00
   3.3638313e+01   5.4192963e+01  -1.4000000e+02   5.6504792e+01   2.3479287e+01  -4.1000000e+01  -4.7552762e+00
   3.2285646e+01   5.2782812e+01  -1.4000000e+02   4.8942226e+01   2.1537348e+01  -4.1000000e+01  -6.0411606e+00
   3.0892411e+01   4.9845573e+01  -1.4000000e+02   3.9609640e+01   1.9048343e+01  -4.1000000e+01  -5.7194830e+00
   3.2878270e+01   4.2763938e+01  -1.4000000e+02   2.9225552e+01   1.0651396e+01  -4.1000000e+01  -7.1758958e+00
   3.1394091e+01   3.9124473e+01  -1.4000000e+02   2.1497184e+01   4.0201230e+00  -4.1000000e+01  -5.1326746e+00
   2.9645304e+01   3.8729367e+01  -1.4000000e+02   1.7368618e+01   1.6198710e-01  -4.1000000e+01   1.4927551e+00
   2.4721007e+01   3.6916334e+01  -1.4000000e+02   1.2736117e+01  -4.1689314e+00  -4.1000000e+01   8.7738445e+00
   2.3365311e+01   3.4168722e+01  -1.4000000e+02   8.9316190e+00  -7.9147679e+00  -4.1000000e+01   1.7390151e+01
   2.5423337e+01   3.2263999e+01  -1.4000000e+02   6.4174592e+00  -1.2965358e+01  -4.1000000e+01   2.7227354e+01
   2.4863915e+01   3.4279258e+01  -1.4000000e+02   7.8087300e+00  -1.4905375e+01  -4.1000000e+01   3.7992081e+01
   2.3675268e+01   3.3983525e+01  -1.4000000e+02   7.7782922e+00  -1.7721712e+01  -4.1000000e+01   4.6852601e+01
   2.2469136e+01   3.2457784e+01  -1.4000000e+02   7.1663209e+00  -1.7483575e+01  -4.1000000e+01   5.5374406e+01
   2.2172570e+01   3.6052806e+01  -1.4000000e+02   9.3446597e+00  -1.4474915e+01  -4.1000000e+01   5.6604571e+01
   2.3532328e+01   3.7368170e+01  -1.4000000e+02   1.0396275e+01  -1.1188554e+01  -4.1000000e+01   5.6122503e+01
   2.1647891e+01   3.9412070e+01  -1.4000000e+02   1.2776046e+01  -7.2812105e+00  -4.1000000e+01   5.5602709e+01
   2.1551986e+01   3.8779142e+01  -1.4000000e+02   1.3600459e+01  -5.0184299e+00  -4.1000000e+01   5.4668028e+01
   2.1346280e+01   4.0133071e+01  -1.4000000e+02   1.4828329e+01  -2.8411499e+00  -4.1000000e+01   5.2038838e+01
   2.1849989e+01   4.1000468e+01  -1.4000000e+02   1.6525708e+01  -1.5593817e+00  -4.1000000e+01   5.1030480e+01
   2.0856395e+01   4.3487451e+01  -1.4000000e+02   1.8359322e+01  -6.8131576e-01  -4.1000000e+01   4.6456640e+01
   2.3146420e+01   4.4087095e+01  -1.4000000e+02   2.0490829e+01   2.8717587e+00  -4.1000000e+01   4.7615388e+01
   2.2293218e+01   4.5632640e+01  -1.4000000e+02   2.2781588e+01   4.9611109e+00  -4.1000000e+01   4.6077393e+01
   2.3165919e+01   4.5292118e+01  -1.4000000e+02   2.3505807e+01   5.5235270e+00  -4.1000000e+01   4.4831716e+01
   2.2052027e+01   4.7613301e+01  -1.4000000e+02   2.5583890e+01   9.4665085e+00  -4.1000000e+01   4.3625196e+01
   2.2929312e+01   4.7666049e+01  -1.4000000e+02   2.7351155e+01   1.0669238e+01  -4.1000000e+01   3.9547226e+01
   2.4065947e+01   4.8548922e+01  -1.4000000e+02   2.9630029e+01   1.0143764e+01  -4.1000000e+01   3.5528523e+01
   2.6367349e+01   5.1023671e+01  -1.4000000e+02   3.3514966e+01   9.1920901e+00  -4.1000000e+01   3.2893949e+01
   2.7353139e+01   5.1329982e+01  -1.4000000e+02   3.5361995e+01   1.0059953e+01  -4.1000000e+01   3.0524172e+01
   2.5610893e+01   4.8795061e+01  -1.4000000e+02   3.5328799e+01   1.1958846e+01  -4.1000000e+01   2.8147398e+01
   2.5787245e+01   4.9533327e+01  -1.4000000e+02   3.7547047e+01   1.2696903e+01  -4.1000000e+01   2.4158299e+01
   2.9364804e+01   5.1097541e+01  -1.4000000e+02   4.1136666e+01   1.2230737e+01  -4.1000000e+01   2.0072228e+01
   2.8755350e+01   4.8319717e+01  -1.4000000e+02   4.1997089e+01   1.3741598e+01  -4.1000000e+01   1.6638785e+01
   2.9972528e+01   5.0929994e+01  -1.4000000e+02   4.5558778e+01   1.5525955e+01  -4.1000000e+01   1.1848765e+01
   3.0395933e+01   5.1399898e+01  -1.4000000e+02   4.7934738e+01   1.8295502e+01  -4.1000000e+01   9.1027676e+00
   3.0858346e+01   5.1420768e+01  -1.4000000e+02   5.0060216e+01   1.9739911e+01  -4.1000000e+01   4.3870883e+00
   3.1077028e+01   5.4466898e+01  -1.4000000e+02   5.2943856e+01   2.4476765e+01  -4.1000000e+01   2.1140747e+00
   3.3858146e+01   5.8433932e+01  -1.4000000e+02   5.9363385e+01   2.5662752e+01  -4.1000000e+01  -4.7160101e+00
   3.6305222e+01   5.9589577e+01  -1.4000000e+02   6.2787657e+01   2.6184262e+01  -4.1000000e+01  -8.9936391e+00
   3.7101711e+01   6.1082608e+01  -1.4000000e+02   6.5538643e+01   2.7278900e+01  -4.1000000e+01  -1.3328986e+01
   3.8956755e+01   6.2129247e+01  -1.4000000e+02   6.7963637e+01   2.6492789e+01  -4.1000000e+01  -1.7127494e+01
   3.6960775e+01   6.0869169e+01  -1.4000000e+02   6.2844670e+01   2.7385877e+01  -4.1000000e+01  -1.9346538e+01
   3.5382977e+01   5.5924512e+01  -1.4000000e+02   5.4316706e+01   2.5173146e+01  -4.1000000e+01  -1.5685103e+01
   3.2921642e+01   5.1608387e+01  -1.4000000e+02   4.4990750e+01   2.2066843e+01  -4.1000000e+01  -9.7788524e+00
   2.9562273e+01   4.8015937e+01  -1.4000000e+02   3.6149328e+01   1.8266371e+01  -4.1000000e+01  -3.8259602e+00
   2.8095153e+01   4.5302537e+01  -1.4000000e+02   2.9491122e+01   1.1589257e+01  -4.1000000e+01   2.3100637e+00
   2.4489021e+01   4.3503685e+01  -1.4000000e+02   2.4379807e+01   4.9512743e+00  -4.1000000e+01   9.1707725e+00
   2.1800133e+01   4.1439326e+01  -1.4000000e+02   1.9297518e+01  -2.0082431e+00  -4.1000000e+01   1.5389000e+01
   2.3619653e+01   3.7888690e+01  -1.4000000e+02   1.2985858e+01  -8.9767346e+00  -4.1000000e+01   2.3960040e+01
   2.4047052e+01   3.5931810e+01  -1.4000000e+02   8.7149253e+00  -1.1495509e+01  -4.1000000e+01   3.2897525e+01
   2.4317348e+01   3.2660499e+01  -1.4000000e+02   4.4651303e+00  -1.4191534e+01  -4.1000000e+01   3.9931990e+01
   2.3226825e+01   3.2078044e+01  -1.4000000e+02   2.2240634e+00  -1.3807865e+01  -4.1000000e+01   4.7001452e+01
   2.2668679e+01   3.1326246e+01  -1.4000000e+02   2.3812414e+00  -1.3417462e+01  -4.1000000e+01   5.3920427e+01
   2.1010374e+01   3.2647316e+01  -1.4000000e+02   5.9807295e+00  -1.2179686e+01  -4.1000000e+01   5.5044560e+01
   2.2593715e+01   3.4146705e+01  -1.4000000e+02   7.7653116e+00  -9.1156065e+00  -4.1000000e+01   5.5712581e+01
   2.2385762e+01   3.6938810e+01  -1.4000000e+02   1.1312078e+01  -8.2898540e+00  -4.1000000e+01   5.1714997e+01
   2.3019626e+01   3.8111594e+01  -1.4000000e+02   1.3476326e+01  -6.9495083e+00  -4.1000000e+01   4.9760377e+01
   2.3054616e+01   3.9196475e+01  -1.4000000e+02   1.5320296e+01  -7.5522429e+00  -4.1000000e+01   4.5769835e+01
   2.2712413e+01   4.0487545e+01  -1.4000000e+02   1.6754311e+01  -4.4398367e+00  -4.1000000e+01   4.5156496e+01
   2.2903847e+01   4.0790434e+01  -1.4000000e+02   1.7814510e+01   7.8811943e-01  -4.1000000e+01   4.7190760e+01
   2.4253148e+01   4.1997307e+01  -1.4000000e+02   1.8990684e+01   4.3280490e+00  -4.1000000e+01   4.7401579e+01
   2.4499495e+01   4.2336811e+01  -1.4000000e+02   2.1212791e+01   4.2749489e+00  -4.1000000e+01   4.4901841e+01
   2.5793924e+01   4.0858255e+01  -1.4000000e+02   2.1401392e+01   4.6682307e+00  -4.1000000e+01   4.3811799e+01
   2.5539909e+01   4.0850330e+01  -1.4000000e+02   2.3093815e+01   6.4637654e+00  -4.1000000e+01   3.9750078e+01
   2.6236991e+01   4.3346419e+01  -1.4000000e+02   2.6209489e+01   6.4182757e+00  -4.1000000e+01   3.4971773e+01
   2.5780433e+01   4.3140880e+01  -1.4000000e+02   2.8883474e+01   8.4376358e+00  -4.1000000e+01   3.1441167e+01
   2.8501928e+01   4.5945525e+01  -1.4000000e+02   3.2329716e+01   8.3183450e+00  -4.1000000e+01   2.7768686e+01
   2.9533102e+01   4.7963931e+01  -1.4000000e+02   3.5402483e+01   9.7545685e+00  -4.1000000e+01   2.5187232e+01
   2.9354722e+01   4.7426236e+01  -1.4000000e+02   3.6985856e+01   1.1114290e+01  -4.1000000e+01   2.1230779e+01
   2.9776404e+01   4.6476442e+01  -1.4000000e+02   3.8851417e+01   1.2277660e+01  -4.1000000e+01   1.7595195e+01
   3.1131574e+01   4.7151918e+01  -1.4000000e+02   4.1707757e+01   1.2637275e+01  -4.1000000e+01   1.4467448e+01
   3.2390933e+01   4.8437840e+01  -1.4000000e+02   4.4884593e+01   1.5665868e+01  -4.1000000e+01   1.0983695e+01
   3.4846714e+01   5.2329156e+01  -1.4000000e+02   4.9898096e+01   1.5963419e+01  -4.1000000e+01   4.7340264e+00
   3.4917987e+01   5.5360894e+01  -1.4000000e+02   5.4582147e+01   2.0396934e+01  -4.1000000e+01   2.2376377e+00
   3.6437868e+01   5.7435244e+01  -1.4000000e+02   5.8062164e+01   2.2654146e+01  -4.1000000e+01  -1.9653107e+00
   3.7585962e+01   6.1487533e+01  -1.4000000e+02   6.2629336e+01   2.7359607e+01  -4.1000000e+01  -5.7512803e+00
   3.9392348e+01   6.4079319e+01  -1.4000000e+02   6.6275711e+01   3.2745799e+01  -4.1000000e+01  -6.2934135e+00
   4.0298322e+01   6.4927844e+01  -1.4000000e+02   6.8695632e+01   3.0662958e+01  -4.1000000e+01  -1.2763405e+01
   3.6865875e+01   6.2243270e+01  -1.4000000e+02   6.1697072e+01   3.0714886e+01  -4.1000000e+01  -1.1499829e+01
   3.4416578e+01   5.7291833e+01  -1.4000000e+02   5.1431441e+01   2.5321201e+01  -4.1000000e+01  -7.9173764e+00
   3.2337185e+01   5.3045875e+01  -1.4000000e+02   4.0954606e+01   2.0661461e+01  -4.1000000e+01  -4.0734686e+00
   3.0973930e+01   4.9149188e+01  -1.4000000e+02   3.1530539e+01   1.2885149e+01  -4.1000000e+01  -2.4503127e+00
   3.1851692e+01   4.4098431e+01  -1.4000000e+02   2.3309292e+01   5.4599825e+00  -4.1000000e+01   5.9629651e+00
   2.7049717e+01   4.2005922e+01  -1.4000000e+02   1.6114935e+01  -5.6870879e-01  -4.1000000e+01   1.3820577e+01
   2.4851522e+01   3.7703763e+01  -1.4000000e+02   1.0599778e+01  -6.2135939e+00  -4.1000000e+01   2.3025127e+01
   2.4575824e+01   3.6091419e+01  -1.4000000e+02   7.3494324e+00  -1.1947096e+01  -4.1000000e+01   3.2797084e+01
   2.2956390e+01   3.6104467e+01  -1.4000000e+02   5.1015837e+00  -1.4176220e+01  -4.1000000e+01   4.2137384e+01
   2.3320227e+01   3.0421049e+01  -1.4000000e+02   1.1425781e+00  -1.5444293e+01  -4.1000000e+01   5.2892726e+01
   2.0613255e+01   2.9643025e+01  -1.4000000e+02   2.3113353e+00  -1.7736990e+01  -4.1000000e+01   5.4695905e+01
   1.9870978e+01   3.3199913e+01  -1.4000000e+02   6.9195151e+00  -1.6134524e+01  -4.1000000e+01   5.0283895e+01
   2.2002377e+01   3.2462098e+01  -1.4000000e+02   8.6739990e+00  -1.1528117e+01  -4.1000000e+01   5.3253768e+01
   2.2702943e+01   3.3714515e+01  -1.4000000e+02   1.0643695e+01  -1.0097506e+01  -4.1000000e+01   4.9743294e+01
   2.2674665e+01   3.6017508e+01  -1.4000000e+02   1.3859171e+01  -7.9200444e+00  -4.1000000e+01   4.7456898e+01
   2.3899666e+01   3.8242658e+01  -1.4000000e+02   1.7016388e+01  -4.5350481e+00  -4.1000000e+01   4.5399127e+01
   2.2662879e+01   4.1552329e+01  -1.4000000e+02   1.9391429e+01  -6.4984383e-01  -4.1000000e+01   4.3819678e+01
   2.2262144e+01   4.4031201e+01  -1.4000000e+02   2.1707893e+01   3.4918631e+00  -4.1000000e+01   4.4127878e+01
   2.1945265e+01   4.5499823e+01  -1.4000000e+02   2.2327049e+01   6.2083453e+00  -4.1000000e+01   4.3624759e+01
   2.5311003e+01   4.6227834e+01  -1.4000000e+02   2.3037283e+01   7.0624433e+00  -4.1000000e+01   4.2489026e+01
   2.6770272e+01   4.4211334e+01  -1.4000000e+02   2.3019430e+01   6.1072528e+00  -4.1000000e+01   3.9940128e+01
   2.6348884e+01   4.2996444e+01  -1.4000000e+02   2.3912471e+01   7.7968728e+00  -4.1000000e+01   3.8522784e+01
   2.5975380e+01   4.3685170e+01  -1.4000000e+02   2.6764385e+01   9.2872909e+00  -4.1000000e+01   3.3946888e+01
   2.8515363e+01   4.3729617e+01  -1.4000000e+02   2.9115310e+01   9.7256661e+00  -4.1000000e+01   3.1446674e+01
   2.9776990e+01   4.5440711e+01  -1.4000000e+02   3.2451298e+01   8.9245298e+00  -4.1000000e+01   2.6764571e+01
   2.9935774e+01   4.6974707e+01  -1.4000000e+02   3.5268859e+01   1.0294596e+01  -4.1000000e+01   2.3202055e+01
   3.2093874e+01   4.9914841e+01  -1.4000000e+02   3.9464362e+01   1.2513493e+01  -4.1000000e+01   1.9883056e+01
   3.1374584e+01   4.7762705e+01  -1.4000000e+02   4.0702198e+01   1.3775767e+01  -4.1000000e+01   1.6112246e+01
   3.4180578e+01   4.8398891e+01  -1.4000000e+02   4.4140040e+01   1.3556973e+01  -4.1000000e+01   1.0589391e+01
   3.4299767e+01   5.1352995e+01  -1.4000000e+02   4.7218634e+01   1.7907189e+01  -4.1000000e+01   8.0532162e+00
   3.4221944e+01   5.3352162e+01  -1.4000000e+02   5.1126351e+01   2.1117740e+01  -4.1000000e+01   2.8816339e+00
   3.4155261e+01   5.7871710e+01  -1.4000000e+02   5.5812132e+01   2.5319663e+01  -4.1000000e+01  -2.4319109e+00
   3.7378692e+01   5.8860855e+01  -1.4000000e+02   6.0937285e+01   2.5212313e+01  -4.1000000e+01  -8.1592897e+00
   4.0121627e+01   5.9980338e+01  -1.4000000e+02   6.4581296e+01   2.4060812e+01  -4.1000000e+01  -1.3470639e+01
   4.1420612e+01   6.0726209e+01  -1.4000000e+02   6.8472946e+01   2.4684289e+01  -4.1000000e+01  -1.8871577e+01
   4.1436043e+01   5.9242123e+01  -1.4000000e+02   6.9851370e+01   2.7335283e+01  -4.1000000e+01  -1.9954139e+01
   3.9939540e+01   5.9129575e+01  -1.4000000e+02   6.7584499e+01   2.9967207e+01  -4.1000000e+01  -1.7691546e+01
   3.7087259e+01   5.7202282e+01  -1.4000000e+02   6.0303979e+01   2.8052970e+01  -4.1000000e+01  -1.4584632e+01
   3.3020750e+01   5.6451512e+01  -1.4000000e+02   5.1095413e+01   2.6583771e+01  -4.1000000e+01  -1.0971645e+01
   3.1543711e+01   5.2079733e+01  -1.4000000e+02   4.2026534e+01   2.1870967e+01  -4.1000000e+01  -5.6501641e+00
   2.9819500e+01   4.8477925e+01  -1.4000000e+02   3.3747529e+01   1.5942872e+01  -4.1000000e+01   3.0680587e+00
   2.6504836e+01   4.6728990e+01  -1.4000000e+02   2.6870774e+01   9.1926045e+00  -4.1000000e+01   1.0272933e+01
   2.6001359e+01   4.2901975e+01  -1.4000000e+02   1.9682362e+01   2.8297074e+00  -4.1000000e+01   2.0548313e+01
   2.3814620e+01   3.8851489e+01  -1.4000000e+02   1.3892865e+01  -1.4272112e+00  -4.1000000e+01   3.1890116e+01
   2.1115905e+01   3.6318418e+01  -1.4000000e+02   8.9824611e+00  -7.7099669e+00  -4.1000000e+01   4.1994752e+01
   2.0926719e+01   3.3230110e+01  -1.4000000e+02   5.1596061e+00  -1.2127730e+01  -4.1000000e+01   5.0873065e+01
   2.0280426e+01   3.2118471e+01  -1.4000000e+02   3.9636587e+00  -1.4145786e+01  -4.1000000e+01   5.5573242e+01
   2.0210409e+01   3.2518627e+01  -1.4000000e+02   4.6656199e+00  -1.5052679e+01  -4.1000000e+01   5.5147862e+01
   1.9721762e+01   3.4232269e+01  -1.4000000e+02   8.1311010e+00  -1.3632748e+01  -4.1000000e+01   5.2214336e+01
   2.0148330e+01   3.5895451e+01  -1.4000000e+02   1.1952286e+01  -1.0323027e+01  -4.1000000e+01   5.1445248e+01
   2.0378516e+01   3.7715389e+01  -1.4000000e+02   1.4556720e+01  -8.0266801e+00  -4.1000000e+01   4.7484989e+01
   2.0406804e+01   3.8554507e+01  -1.4000000e+02   1.6464231e+01  -5.9967701e+00  -4.1000000e+01   4.6860791e+01
   2.0983314e+01   4.0534737e+01  -1.4000000e+02   1.9228512e+01  -2.1528204e+00  -4.1000000e+01   4.6061657e+01
   2.1905043e+01   4.3281721e+01  -1.4000000e+02   2.2327214e+01   6.6550243e-01  -4.1000000e+01   4.4353174e+01
   2.1787066e+01   4.4328022e+01  -1.4000000e+02   2.4065572e+01   4.1655904e+00  -4.1000000e+01   4.2031524e+01
   2.1133319e+01   4.6883820e+01  -1.4000000e+02   2.6468285e+01   9.1677095e+00  -4.1000000e+01   3.8438755e+01
   2.2840412e+01   4.3191083e+01  -1.4000000e+02   2.7336592e+01   8.2607627e+00  -4.1000000e+01   3.5299877e+01
   2.6020949e+01   4.0466942e+01  -1.4000000e+02   2.7920163e+01   7.5571443e+00  -4.1000000e+01   3.2676336e+01
   2.6117252e+01   4.0979964e+01  -1.4000000e+02   2.9886572e+01   8.0329490e+00  -4.1000000e+01   2.9010250e+01
   2.6448246e+01   4.2982204e+01  -1.4000000e+02   3.2924713e+01   9.2188729e+00  -4.1000000e+01   2.5020912e+01
   2.7108477e+01   4.4709973e+01  -1.4000000e+02   3.6119811e+01   1.0700494e+01  -4.1000000e+01   2.0894710e+01
   2.7113527e+01   4.3713991e+01  -1.4000000e+02   3.8072333e+01   1.1633063e+01  -4.1000000e+01   1.6245970e+01
   2.9916788e+01   4.7992577e+01  -1.4000000e+02   4.3544861e+01   1.4577952e+01  -4.1000000e+01   1.2329406e+01
   2.9810995e+01   4.8202834e+01  -1.4000000e+02   4.5638381e+01   1.6367363e+01  -4.1000000e+01   9.4138200e+00
   3.0670322e+01   4.8371620e+01  -1.4000000e+02   4.7717106e+01   1.8488988e+01  -4.1000000e+01   6.4186144e+00
   3.1105144e+01   4.9812174e+01  -1.4000000e+02   5.1176706e+01   2.1164500e+01  -4.1000000e+01   3.0353534e+00
   3.3158415e+01   5.2533749e+01  -1.4000000e+02   5.5877787e+01   2.1913383e+01  -4.1000000e+01  -2.9114866e+00
   3.6323105e+01   5.4124084e+01  -1.4000000e+02   5.9709345e+01   2.1404104e+01  -4.1000000e+01  -8.9379579e+00
   3.6938023e+01   5.6682432e+01  -1.4000000e+02   6.3308008e+01   2.3771471e+01  -4.1000000e+01  -1.2983162e+01
   3.9131785e+01   5.9119339e+01  -1.4000000e+02   6.7218008e+01   2.6456243e+01  -4.1000000e+01  -1.6080010e+01
   4.1355385e+01   6.2231184e+01  -1.4000000e+02   7.0557626e+01   2.8046447e+01  -4.1000000e+01  -2.0175089e+01
   4.3539183e+01   6.4720983e+01  -1.4000000e+02   7.4606292e+01   2.8904473e+01  -4.1000000e+01  -2.4845763e+01
   4.5375069e+01   6.6865892e+01  -1.4000000e+02   7.7836765e+01   2.7341964e+01  -4.1000000e+01  -3.0628156e+01
   4.6626643e+01   6.7891782e+01  -1.4000000e+02   8.0278330e+01   2.6263977e+01  -4.1000000e+01  -3.4848482e+01
   4.7274740e+01   6.7551492e+01  -1.4000000e+02   8.1108211e+01   2.6941169e+01  -4.1000000e+01  -3.5974004e+01
   4.5499453e+01   6.6340149e+01  -1.4000000e+02   7.5915058e+01   2.9593009e+01  -4.1000000e+01  -3.5388138e+01
   4.0285261e+01   6.5264713e+01  -1.4000000e+02   6.6331951e+01   3.1949219e+01  -4.1000000e+01  -3.5176294e+01
   3.6327736e+01   6.0477278e+01  -1.4000000e+02   5.6314574e+01   2.7946856e+01  -4.1000000e+01  -3.2993270e+01
   3.1864112e+01   5.4900931e+01  -1.4000000e+02   4.6638321e+01   2.2239840e+01  -4.1000000e+01  -2.5485072e+01
   2.7315120e+01   5.1377937e+01  -1.4000000e+02   3.8541408e+01   1.5697300e+01  -4.1000000e+01  -1.6838917e+01
   2.4987377e+01   5.0471596e+01  -1.4000000e+02   3.3438959e+01   1.0097594e+01  -4.1000000e+01  -7.5893967e+00
   2.2321611e+01   4.8678657e+01  -1.4000000e+02   2.6684397e+01   4.9941510e+00  -4.1000000e+01   2.5490188e+00
   2.0818113e+01   4.3304083e+01  -1.4000000e+02   2.0603717e+01   8.6720341e-01  -4.1000000e+01   1.3873665e+01
   2.1818326e+01   3.8906483e+01  -1.4000000e+02   1.4291838e+01  -1.5897994e+00  -4.1000000e+01   2.5702808e+01
   2.0078356e+01   3.5895076e+01  -1.4000000e+02   1.0347753e+01  -5.9016009e+00  -4.1000000e+01   3.7198534e+01
   1.9792075e+01   3.3647787e+01  -1.4000000e+02   6.8765723e+00  -9.0856655e+00  -4.1000000e+01   4.7981727e+01
   1.8098992e+01   3.3119506e+01  -1.4000000e+02   6.6721974e+00  -1.2239220e+01  -4.1000000e+01   5.5394954e+01
   1.8022100e+01   3.2749210e+01  -1.4000000e+02   7.5193846e+00  -1.4159345e+01  -4.1000000e+01   5.7240472e+01
   1.8751729e+01   3.4227704e+01  -1.4000000e+02   8.9056184e+00  -1.2719817e+01  -4.1000000e+01   5.7166119e+01
   1.9614773e+01   3.4395095e+01  -1.4000000e+02   1.0199027e+01  -1.2128423e+01  -4.1000000e+01   5.5844616e+01
   1.9974757e+01   3.5287871e+01  -1.4000000e+02   1.1175439e+01  -1.0980853e+01  -4.1000000e+01   5.5429368e+01
   2.0614416e+01   3.6164729e+01  -1.4000000e+02   1.3112570e+01  -9.1475778e+00  -4.1000000e+01   5.2791565e+01
   2.0850258e+01   3.6979517e+01  -1.4000000e+02   1.5132003e+01  -7.0698598e+00  -4.1000000e+01   5.0283903e+01
   2.0344720e+01   4.0852323e+01  -1.4000000e+02   2.0180814e+01  -3.4010670e+00  -4.1000000e+01   4.7489084e+01
   2.2273813e+01   4.2248430e+01  -1.4000000e+02   2.3100259e+01  -2.3639122e-01  -4.1000000e+01   4.6175578e+01
   2.3602439e+01   4.3095473e+01  -1.4000000e+02   2.5560716e+01   1.6395603e+00  -4.1000000e+01   4.3309300e+01
   2.4962152e+01   4.2506110e+01  -1.4000000e+02   2.5680006e+01   1.0618077e+00  -4.1000000e+01   3.9444231e+01
   2.6052599e+01   4.1817927e+01  -1.4000000e+02   2.5875457e+01   4.8936092e+00  -4.1000000e+01   3.9350493e+01
   2.6595329e+01   3.8241730e+01  -1.4000000e+02   2.5192047e+01   2.0676321e+00  -4.1000000e+01   3.6108805e+01
   2.5946893e+01   3.9130627e+01  -1.4000000e+02   2.6837482e+01   3.5919001e+00  -4.1000000e+01   3.3765211e+01
   2.5919774e+01   4.1718839e+01  -1.4000000e+02   2.9607989e+01   6.8138423e+00  -4.1000000e+01   3.2217667e+01
   2.7737478e+01   4.1840833e+01  -1.4000000e+02   3.2245496e+01   6.6729385e+00  -4.1000000e+01   2.8188056e+01
   2.9884235e+01   4.0895727e+01  -1.4000000e+02   3.3714032e+01   3.1719950e+00  -4.1000000e+01   2.4663269e+01
   3.0590561e+01   4.2144926e+01  -1.4000000e+02   3.5753484e+01   5.1572836e+00  -4.1000000e+01   2.3589878e+01
   2.9571105e+01   4.6421330e+01  -1.4000000e+02   3.9657018e+01   1.0103302e+01  -4.1000000e+01   2.0927322e+01
   3.1432911e+01   4.5583192e+01  -1.4000000e+02   4.1589962e+01   9.7446215e+00  -4.1000000e+01   1.7673308e+01
   3.0609294e+01   4.9358280e+01  -1.4000000e+02   4.5275949e+01   1.2194230e+01  -4.1000000e+01   1.2477762e+01
   3.2366789e+01   4.9504300e+01  -1.4000000e+02   4.7365216e+01   1.3826716e+01  -4.1000000e+01   1.0198242e+01
   3.4408014e+01   5.2431558e+01  -1.4000000e+02   5.0861937e+01   1.4123019e+01  -4.1000000e+01   5.5180801e+00
   3.4241849e+01   5.4781651e+01  -1.4000000e+02   5.4458548e+01   1.9078697e+01  -4.1000000e+01   3.8226699e+00
   3.6383039e+01   5.5135123e+01  -1.4000000e+02   5.7654285e+01   1.8446275e+01  -4.1000000e+01  -1.1376688e+00
   3.8630911e+01   5.5126177e+01  -1.4000000e+02   6.0177888e+01   1.6812826e+01  -4.1000000e+01  -7.9044045e+00
   3.9741603e+01   5.3846614e+01  -1.4000000e+02   6.1557849e+01   1.8760522e+01  -4.1000000e+01  -1.0849496e+01
   4.0666708e+01   5.5554276e+01  -1.4000000e+02   6.5543817e+01   1.9076671e+01  -4.1000000e+01  -1.7347886e+01
   4.1607736e+01   5.5225986e+01  -1.4000000e+02   6.8086583e+01   2.1565886e+01  -4.1000000e+01  -2.1405515e+01
   4.3592190e+01   5.6157983e+01  -1.4000000e+02   7.1093014e+01   2.1692791e+01  -4.1000000e+01  -2.5789826e+01
   4.3828617e+01   5.8465134e+01  -1.4000000e+02   7.4110013e+01   2.4415768e+01  -4.1000000e+01  -2.8716336e+01
   4.1258441e+01   5.8568767e+01  -1.4000000e+02   6.8833389e+01   2.7193181e+01  -4.1000000e+01  -3.0534651e+01
   3.6822721e+01   5.8213584e+01  -1.4000000e+02   6.1148615e+01   2.6804380e+01  -4.1000000e+01  -3.2619237e+01
   3.3806228e+01   5.3833744e+01  -1.4000000e+02   5.1846229e+01   2.3681587e+01  -4.1000000e+01  -2.6169418e+01
   3.1216615e+01   4.8243716e+01  -1.4000000e+02   4.2625741e+01   1.7954305e+01  -4.1000000e+01  -1.7527871e+01
   2.6237222e+01   4.3388380e+01  -1.4000000e+02   3.3069614e+01   9.0938482e+00  -4.1000000e+01  -1.0391519e+01
   2.4847657e+01   4.1791390e+01  -1.4000000e+02   2.5593323e+01   2.3364232e+00  -4.1000000e+01  -1.3936544e+00
   2.1433417e+01   4.0047946e+01  -1.4000000e+02   1.8809527e+01  -3.9036293e+00  -4.1000000e+01   7.9921588e+00
   2.2447751e+01   3.5668937e+01  -1.4000000e+02   1.1986318e+01  -8.2079169e+00  -4.1000000e+01   1.9674752e+01
   2.5640248e+01   3.4744058e+01  -1.4000000e+02   6.0169439e+00  -1.4702899e+01  -4.1000000e+01   3.0873058e+01
   2.6671570e+01   3.1610140e+01  -1.4000000e+02   9.7834118e-01  -1.7674399e+01  -4.1000000e+01   4.1584218e+01
   2.6111149e+01   2.9180344e+01  -1.4000000e+02  -1.8629650e+00  -1.7534071e+01  -4.1000000e+01   5.1351608e+01
   2.4840138e+01   2.9096004e+01  -1.4000000e+02  -2.7912120e+00  -1.7672928e+01  -4.1000000e+01   5.8484191e+01
   2.4289384e+01   3.0056057e+01  -1.4000000e+02  -1.3299472e+00  -1.6790058e+01  -4.1000000e+01   6.1183653e+01
   2.3168101e+01   3.2616850e+01  -1.4000000e+02   1.4669074e+00  -1.5429051e+01  -4.1000000e+01   6.0722420e+01
   2.3172776e+01   3.3856738e+01  -1.4000000e+02   4.3652435e+00  -1.3373923e+01  -4.1000000e+01   5.9250456e+01
   2.3057055e+01   3.3791462e+01  -1.4000000e+02   6.0234072e+00  -1.0271076e+01  -4.1000000e+01   5.8605099e+01
   2.2766859e+01   3.4783009e+01  -1.4000000e+02   7.8847778e+00  -9.0398959e+00  -4.1000000e+01   5.4427823e+01
   2.2208133e+01   3.5292871e+01  -1.4000000e+02   1.0170118e+01  -9.7206882e+00  -4.1000000e+01   5.0049977e+01
   2.1466870e+01   3.8254251e+01  -1.4000000e+02   1.3156131e+01  -8.2176134e+00  -4.1000000e+01   4.4534862e+01
   2.2055237e+01   4.1205562e+01  -1.4000000e+02   1.5249245e+01  -3.0585545e+00  -4.1000000e+01   4.5371964e+01
   2.2826560e+01   4.1441220e+01  -1.4000000e+02   1.7294245e+01   9.0015396e-01  -4.1000000e+01   4.5064612e+01
   2.4846246e+01   4.1225052e+01  -1.4000000e+02   1.8601051e+01   1.4000911e+00  -4.1000000e+01   4.6424800e+01
   2.4867688e+01   4.2494685e+01  -1.4000000e+02   2.0716061e+01   2.2970344e+00  -4.1000000e+01   4.3961454e+01
   2.5645164e+01   4.0771994e+01  -1.4000000e+02   2.0642199e+01   3.4278688e+00  -4.1000000e+01   4.1184842e+01
   2.4242882e+01   4.2867125e+01  -1.4000000e+02   2.3680521e+01   5.7275755e+00  -4.1000000e+01   3.7038680e+01
   2.5754773e+01   4.3074203e+01  -1.4000000e+02   2.6581250e+01   7.1352366e+00  -4.1000000e+01   3.2803807e+01
   2.8233749e+01   4.5210114e+01  -1.4000000e+02   2.9647359e+01   7.3902005e+00  -4.1000000e+01   2.8702583e+01
   2.9612094e+01   4.6889287e+01  -1.4000000e+02   3.2246056e+01   8.5709289e+00  -4.1000000e+01   2.5940675e+01
   3.0352810e+01   4.7057769e+01  -1.4000000e+02   3.4211550e+01   8.1498581e+00  -4.1000000e+01   2.2237433e+01
   2.9478370e+01   4.5108797e+01  -1.4000000e+02   3.5485564e+01   9.5824065e+00  -4.1000000e+01   1.7651986e+01
   2.9668200e+01   4.5380641e+01  -1.4000000e+02   3.8457844e+01   1.1708809e+01  -4.1000000e+01   1.4219899e+01
   3.0555075e+01   4.5028958e+01  -1.4000000e+02   4.0967008e+01   1.3610292e+01  -4.1000000e+01   1.2072019e+01
   2.9342964e+01   4.5337695e+01  -1.4000000e+02   4.2690740e+01   1.7441923e+01  -4.1000000e+01   8.1920746e+00
   3.0269151e+01   4.7966866e+01  -1.4000000e+02   4.6588509e+01   2.0218270e+01  -4.1000000e+01   3.5270892e+00
   3.3034179e+01   5.1236164e+01  -1.4000000e+02   5.1084124e+01   2.1186429e+01  -4.1000000e+01  -1.1151538e+00
   3.4765716e+01   5.5342052e+01  -1.4000000e+02   5.6653150e+01   2.5900574e+01  -4.1000000e+01  -4.4041116e+00
   3.6554245e+01   5.5601597e+01  -1.4000000e+02   6.0201086e+01   2.6372721e+01  -4.1000000e+01  -9.2224796e+00
   3.7769054e+01   5.7160951e+01  -1.4000000e+02   6.2580318e+01   2.2419820e+01  -4.1000000e+01  -1.7120517e+01
   3.9358867e+01   5.4743685e+01  -1.4000000e+02   6.2638852e+01   2.5196314e+01  -4.1000000e+01  -1.3518124e+01
   3.8847634e+01   5.3290323e+01  -1.4000000e+02   6.1975007e+01   2.5218001e+01  -4.1000000e+01  -1.3629972e+01
   3.7283615e+01   5.1856004e+01  -1.4000000e+02   5.6478921e+01   2.2347991e+01  -4.1000000e+01  -1.6026115e+01
   3.4991224e+01   5.0176143e+01  -1.4000000e+02   4.6605168e+01   1.7409267e+01  -4.1000000e+01  -1.1058921e+01
   3.2652142e+01   4.8146498e+01  -1.4000000e+02   3.7588261e+01   1.4180758e+01  -4.1000000e+01  -2.8407176e+00
   3.0792464e+01   4.6091013e+01  -1.4000000e+02   3.0596537e+01   7.7699176e+00  -4.1000000e+01   4.1314377e+00
   2.7348516e+01   4.2562596e+01  -1.4000000e+02   2.2951703e+01   1.0601167e+00  -4.1000000e+01   1.2700329e+01
   2.4622508e+01   4.0862616e+01  -1.4000000e+02   1.6807732e+01  -2.6499856e+00  -4.1000000e+01   2.2518247e+01
   2.4887876e+01   4.0300197e+01  -1.4000000e+02   1.3193404e+01  -5.3408587e+00  -4.1000000e+01   3.3638020e+01
   2.2745494e+01   3.9688493e+01  -1.4000000e+02   1.0345564e+01  -1.0351552e+01  -4.1000000e+01   4.2936864e+01
   2.1903159e+01   3.7396950e+01  -1.4000000e+02   7.3902351e+00  -1.2245983e+01  -4.1000000e+01   5.2427535e+01
   2.1627773e+01   3.5074643e+01  -1.4000000e+02   4.7435959e+00  -1.5380270e+01  -4.1000000e+01   5.7620198e+01
   2.1956397e+01   3.4082911e+01  -1.4000000e+02   5.0914709e+00  -1.5351581e+01  -4.1000000e+01   6.0858259e+01
   2.2378759e+01   3.4376050e+01  -1.4000000e+02   7.0926304e+00  -1.4357652e+01  -4.1000000e+01   5.8600492e+01
   2.1803506e+01   3.4613495e+01  -1.4000000e+02   7.8100789e+00  -1.2595743e+01  -4.1000000e+01   5.4233872e+01
   2.3783829e+01   3.5349945e+01  -1.4000000e+02   9.2315226e+00  -1.0881938e+01  -4.1000000e+01   5.2511303e+01
   2.3275825e+01   3.7927375e+01  -1.4000000e+02   1.2259860e+01  -1.0830178e+01  -4.1000000e+01   4.7708378e+01
   2.5175420e+01   4.0018274e+01  -1.4000000e+02   1.4333171e+01  -9.1289740e+00  -4.1000000e+01   4.6459974e+01
   2.5025265e+01   4.1153467e+01  -1.4000000e+02   1.6121645e+01  -7.2308391e+00  -4.1000000e+01   4.4188296e+01
   2.4630786e+01   4.1570159e+01  -1.4000000e+02   1.6721576e+01  -2.8582443e+00  -4.1000000e+01   4.5074571e+01
   2.4638279e+01   4.3022531e+01  -1.4000000e+02   1.8789704e+01   1.1571475e+00  -4.1000000e+01   4.5567481e+01
   2.4413748e+01   4.3040784e+01  -1.4000000e+02   1.9615445e+01   3.8206601e+00  -4.1000000e+01   4.5315744e+01
   2.4704087e+01   4.2751292e+01  -1.4000000e+02   2.2510551e+01   5.2262013e+00  -4.1000000e+01   3.9955096e+01
   2.4941006e+01   4.4807925e+01  -1.4000000e+02   2.4621075e+01   7.2643444e+00  -4.1000000e+01   3.6884256e+01
   2.7440221e+01   4.3152925e+01  -1.4000000e+02   2.6222852e+01   7.1316772e+00  -4.1000000e+01   3.4292097e+01
   2.7737999e+01   4.6168945e+01  -1.4000000e+02   2.9777124e+01   8.5114949e+00  -4.1000000e+01   3.1881852e+01
   3.0015089e+01   4.7884111e+01  -1.4000000e+02   3.3258346e+01   9.2591207e+00  -4.1000000e+01   3.0267120e+01
   3.0405450e+01   4.6089297e+01  -1.4000000e+02   3.3683298e+01   7.8225086e+00  -4.1000000e+01   2.7997197e+01
   2.9538536e+01   4.4873659e+01  -1.4000000e+02   3.4343621e+01   7.7670356e+00  -4.1000000e+01   2.3371470e+01
   2.9828763e+01   4.3963621e+01  -1.4000000e+02   3.6085729e+01   1.0673029e+01  -4.1000000e+01   2.1564994e+01
   2.9767145e+01   4.5441280e+01  -1.4000000e+02   3.8574839e+01   1.2458766e+01  -4.1000000e+01   1.8004613e+01
   3.0874180e+01   4.6679920e+01  -1.4000000e+02   4.1688399e+01   1.2538912e+01  -4.1000000e+01   1.3819712e+01
   3.1894444e+01   4.6426879e+01  -1.4000000e+02   4.3217501e+01   1.4865425e+01  -4.1000000e+01   1.0783201e+01
   3.2802969e+01   4.6972339e+01  -1.4000000e+02   4.5768345e+01   1.4420100e+01  -4.1000000e+01   4.2581791e+00
   3.5128424e+01   5.1796654e+01  -1.4000000e+02   5.0883869e+01   1.7724773e+01  -4.1000000e+01   6.6764974e-01
   3.6040174e+01   5.4494068e+01  -1.4000000e+02   5.4694696e+01   2.0202804e+01  -4.1000000e+01  -2.4067693e+00
   3.5029772e+01   5.3296285e+01  -1.4000000e+02   5.5410487e+01   2.1948070e+01  -4.1000000e+01  -4.3739101e+00
   3.3471458e+01   5.4259125e+01  -1.4000000e+02   5.0392363e+01   2.3660750e+01  -4.1000000e+01  -5.6650449e+00
   3.1847511e+01   5.1528588e+01  -1.4000000e+02   4.1817222e+01   1.9789396e+01  -4.1000000e+01  -6.9448419e+00
   3.1218062e+01   4.6186573e+01  -1.4000000e+02   3.2347771e+01   1.2364213e+01  -4.1000000e+01  -3.1920920e+00
   2.9448258e+01   4.4004973e+01  -1.4000000e+02   2.5552688e+01   6.6827675e+00  -4.1000000e+01   3.3878847e+00
   2.8550652e+01   4.0555376e+01  -1.4000000e+02   1.9001439e+01   8.1321953e-01  -4.1000000e+01   1.1033334e+01
   2.5305158e+01   3.5984645e+01  -1.4000000e+02   1.2914819e+01  -5.3690446e+00  -4.1000000e+01   1.9095071e+01
   2.4617504e+01   3.2997596e+01  -1.4000000e+02   7.7805196e+00  -7.1908167e+00  -4.1000000e+01   3.0414836e+01
   2.0652919e+01   3.3849780e+01  -1.4000000e+02   7.5904786e+00  -1.0807299e+01  -4.1000000e+01   4.0684835e+01
   1.9996893e+01   3.1869534e+01  -1.4000000e+02   4.4489133e+00  -1.4531637e+01  -4.1000000e+01   5.0312317e+01
   2.1106960e+01   3.2758339e+01  -1.4000000e+02   2.5333256e+00  -1.5949324e+01  -4.1000000e+01   5.6931120e+01
   2.3328747e+01   3.2902260e+01  -1.4000000e+02   1.9597626e+00  -1.6534380e+01  -4.1000000e+01   5.9185436e+01
   2.3692174e+01   3.4584511e+01  -1.4000000e+02   2.4598245e+00  -1.6211381e+01  -4.1000000e+01   6.4141719e+01
   2.3787859e+01   3.7142136e+01  -1.4000000e+02   5.1759804e+00  -1.4730662e+01  -4.1000000e+01   6.4953628e+01
   2.3946495e+01   3.6539850e+01  -1.4000000e+02   6.9265836e+00  -1.2322988e+01  -4.1000000e+01   6.2656403e+01
   2.3995741e+01   3.6434067e+01  -1.4000000e+02   8.2347286e+00  -9.0169445e+00  -4.1000000e+01   5.9984054e+01
   2.3092982e+01   3.7815342e+01  -1.4000000e+02   1.0832761e+01  -6.4741691e+00  -4.1000000e+01   5.8044986e+01
   2.3382578e+01   3.9876596e+01  -1.4000000e+02   1.4046565e+01  -5.9084485e+00  -4.1000000e+01   5.1889841e+01
   2.4074340e+01   4.3286646e+01  -1.4000000e+02   1.7011728e+01  -2.6988641e+00  -4.1000000e+01   4.9905612e+01
   2.3167936e+01   4.4466308e+01  -1.4000000e+02   1.8224232e+01  -1.0044099e+00  -4.1000000e+01   4.5790380e+01
   2.4330690e+01   4.5870925e+01  -1.4000000e+02   2.0582516e+01   3.9656368e+00  -4.1000000e+01   4.7726588e+01
   2.5485397e+01   4.4218509e+01  -1.4000000e+02   2.1473237e+01   3.8967793e+00  -4.1000000e+01   4.7125279e+01
   2.4773365e+01   4.5136744e+01  -1.4000000e+02   2.2078348e+01   7.4649007e+00  -4.1000000e+01   4.6341778e+01
   2.4230036e+01   4.3950287e+01  -1.4000000e+02   2.3190350e+01   7.9662912e+00  -4.1000000e+01   4.3545440e+01
   2.6407784e+01   4.4704924e+01  -1.4000000e+02   2.5505245e+01   9.5614775e+00  -4.1000000e+01   4.1234035e+01
   2.6233084e+01   4.8035078e+01  -1.4000000e+02   2.9717902e+01   9.6832745e+00  -4.1000000e+01   3.6202262e+01
   2.9721795e+01   4.8787210e+01  -1.4000000e+02   3.3194293e+01   8.4099219e+00  -4.1000000e+01   3.2326034e+01
   3.0363640e+01   4.7535379e+01  -1.4000000e+02   3.5317122e+01   8.1743575e+00  -4.1000000e+01   2.8673793e+01
   2.9607543e+01   4.4334488e+01  -1.4000000e+02   3.4861162e+01   8.7107338e+00  -4.1000000e+01   2.6416521e+01
   2.9175988e+01   4.4901052e+01  -1.4000000e+02   3.6622318e+01   1.1406493e+01  -4.1000000e+01   2.3308860e+01
   3.0191439e+01   4.5297809e+01  -1.4000000e+02   3.8885755e+01   1.3493483e+01  -4.1000000e+01   2.0538712e+01
   3.1283600e+01   4.7283956e+01  -1.4000000e+02   4.2381761e+01   1.5938899e+01  -4.1000000e+01   1.7050181e+01
   3.3333088e+01   5.1108141e+01  -1.4000000e+02   4.6940209e+01   1.7722731e+01  -4.1000000e+01   1.1977594e+01
   3.4614046e+01   5.3411283e+01  -1.4000000e+02   5.1483560e+01   1.8793040e+01  -4.1000000e+01   5.2189128e+00
   3.5345318e+01   5.5280616e+01  -1.4000000e+02   5.5406985e+01   2.1431406e+01  -4.1000000e+01   1.3192769e+00
   3.8457706e+01   5.5764890e+01  -1.4000000e+02   5.8519543e+01   2.0912090e+01  -4.1000000e+01  -3.6208327e+00
   3.9955512e+01   5.8520606e+01  -1.4000000e+02   6.2165697e+01   2.6865354e+01  -4.1000000e+01  -5.5468131e+00
   4.0073375e+01   6.0096819e+01  -1.4000000e+02   6.6074380e+01   2.7781724e+01  -4.1000000e+01  -1.1804224e+01
   3.9230257e+01   5.8434678e+01  -1.4000000e+02   6.3956331e+01   2.8609440e+01  -4.1000000e+01  -1.2112355e+01
   3.5240390e+01   5.7966169e+01  -1.4000000e+02   5.6706497e+01   2.9448423e+01  -4.1000000e+01  -1.2777591e+01
   3.1803971e+01   5.4619467e+01  -1.4000000e+02   4.8785751e+01   2.5556621e+01  -4.1000000e+01  -1.5545846e+01
   3.0894020e+01   4.9446263e+01  -1.4000000e+02   4.0333405e+01   1.9373996e+01  -4.1000000e+01  -1.5847247e+01
   3.0267273e+01   4.2780075e+01  -1.4000000e+02   3.1205200e+01   1.1461943e+01  -4.1000000e+01  -9.0268371e+00
   2.7299172e+01   4.1281247e+01  -1.4000000e+02   2.6712950e+01   5.6714942e+00  -4.1000000e+01  -1.0831194e+00
   2.4207782e+01   4.0630518e+01  -1.4000000e+02   2.2828516e+01   6.7983602e-01  -4.1000000e+01   6.6673368e+00
   2.0966324e+01   3.9510444e+01  -1.4000000e+02   1.9628733e+01  -4.3424310e+00  -4.1000000e+01   1.4198572e+01
   2.2058769e+01   3.6365221e+01  -1.4000000e+02   1.4735071e+01  -8.4252573e+00  -4.1000000e+01   2.4877069e+01
   2.2167011e+01   3.7596485e+01  -1.4000000e+02   1.2944431e+01  -1.0416645e+01  -4.1000000e+01   3.5831551e+01
   2.1070598e+01   3.7494789e+01  -1.4000000e+02   1.0989354e+01  -1.0582723e+01  -4.1000000e+01   4.6228836e+01
   2.1254339e+01   3.6297312e+01  -1.4000000e+02   9.4184658e+00  -1.1424321e+01  -4.1000000e+01   5.3182957e+01
   2.1499421e+01   3.5266970e+01  -1.4000000e+02   8.7387577e+00  -1.1515491e+01  -4.1000000e+01   5.5884609e+01
   2.1660195e+01   3.5410352e+01  -1.4000000e+02   9.5887324e+00  -1.0424940e+01  -4.1000000e+01   5.4038506e+01
   2.2118016e+01   3.6172387e+01  -1.4000000e+02   1.1334326e+01  -9.6177603e+00  -4.1000000e+01   5.2206284e+01
   2.4440672e+01   3.6128516e+01  -1.4000000e+02   1.3121280e+01  -1.0027994e+01  -4.1000000e+01   5.0212413e+01
   2.5978921e+01   3.8501354e+01  -1.4000000e+02   1.5798374e+01  -6.9416670e+00  -4.1000000e+01   4.9497183e+01
   2.3982935e+01   4.1212650e+01  -1.4000000e+02   1.6753623e+01  -4.5453976e+00  -4.1000000e+01   4.7176339e+01
   2.3633829e+01   4.2410467e+01  -1.4000000e+02   1.8388318e+01  -9.1407414e-01  -4.1000000e+01   4.6822110e+01
   2.3946263e+01   4.4967188e+01  -1.4000000e+02   2.2444344e+01   1.3971037e+00  -4.1000000e+01   4.4832925e+01
   2.2298803e+01   4.5492040e+01  -1.4000000e+02   2.2615481e+01   4.8808323e+00  -4.1000000e+01   4.4808038e+01
   2.3545194e+01   4.5651401e+01  -1.4000000e+02   2.4921536e+01   7.0797730e+00  -4.1000000e+01   4.3237130e+01
   2.3761252e+01   4.5793271e+01  -1.4000000e+02   2.6553175e+01   7.0181227e+00  -4.1000000e+01   3.7454621e+01
   2.4954277e+01   4.5005850e+01  -1.4000000e+02   2.7202702e+01   8.3150610e+00  -4.1000000e+01   3.6437129e+01
   2.5703864e+01   4.3690288e+01  -1.4000000e+02   2.8619121e+01   7.8473117e+00  -4.1000000e+01   3.2552747e+01
   2.6090401e+01   4.8715053e+01  -1.4000000e+02   3.3657146e+01   1.0561176e+01  -4.1000000e+01   2.9225424e+01
   2.7481472e+01   4.9618854e+01  -1.4000000e+02   3.6655986e+01   1.0750190e+01  -4.1000000e+01   2.6528720e+01
   2.9588556e+01   4.7789890e+01  -1.4000000e+02   3.8378225e+01   1.0122854e+01  -4.1000000e+01   2.2585308e+01
   2.8954495e+01   4.7841956e+01  -1.4000000e+02   4.0609054e+01   1.0927662e+01  -4.1000000e+01   1.8532060e+01
   2.8232105e+01   4.5940156e+01  -1.4000000e+02   4.1374871e+01   1.2718389e+01  -4.1000000e+01   1.5564836e+01
   2.9443723e+01   4.7305643e+01  -1.4000000e+02   4.3459471e+01   1.6027404e+01  -4.1000000e+01   1.2085622e+01
   3.0758001e+01   5.1879885e+01  -1.4000000e+02   4.8457009e+01   1.7676418e+01  -4.1000000e+01   8.2372605e+00
   3.2409437e+01   5.2683064e+01  -1.4000000e+02   5.1644953e+01   1.8912299e+01  -4.1000000e+01   4.3464988e+00
   3.4430871e+01   5.2303015e+01  -1.4000000e+02   5.4302747e+01   2.0113315e+01  -4.1000000e+01   2.3715622e-01
   3.5603368e+01   5.4401320e+01  -1.4000000e+02   5.8327191e+01   2.0382704e+01  -4.1000000e+01  -6.2320214e+00
   3.6604830e+01   5.5825700e+01  -1.4000000e+02   6.1812789e+01   2.2025018e+01  -4.1000000e+01  -1.1162243e+01
   3.8436566e+01   5.8873790e+01  -1.4000000e+02   6.6648970e+01   2.5619526e+01  -4.1000000e+01  -1.5234010e+01
   3.8018411e+01   5.9146381e+01  -1.4000000e+02   6.8842095e+01   2.6991963e+01  -4.1000000e+01  -1.9588720e+01
   3.6126282e+01   5.9949920e+01  -1.4000000e+02   6.1961831e+01   3.0978060e+01  -4.1000000e+01  -1.4561449e+01
   3.2975745e+01   5.7835532e+01  -1.4000000e+02   5.2763812e+01   2.9021976e+01  -4.1000000e+01  -1.1258829e+01
   3.1704135e+01   5.3159772e+01  -1.4000000e+02   4.2587356e+01   2.4076329e+01  -4.1000000e+01  -9.4049093e+00
   3.1781653e+01   4.6119922e+01  -1.4000000e+02   3.2159407e+01   1.5064986e+01  -4.1000000e+01  -5.6728366e+00
   2.9448716e+01   4.0931074e+01  -1.4000000e+02   2.2932438e+01   6.9569043e+00  -4.1000000e+01   1.9630243e+00
   2.4834105e+01   3.9042952e+01  -1.4000000e+02   1.7115155e+01   1.4742538e+00  -4.1000000e+01   9.2819234e+00
   2.1489002e+01   3.6499786e+01  -1.4000000e+02   1.2306068e+01  -4.5047759e+00  -4.1000000e+01   1.5876113e+01
   2.2814874e+01   3.3646252e+01  -1.4000000e+02   6.9335647e+00  -8.8714882e+00  -4.1000000e+01   2.4648343e+01
   2.4112940e+01   3.4913179e+01  -1.4000000e+02   6.1395659e+00  -1.1827186e+01  -4.1000000e+01   3.3219571e+01
   2.4149603e+01   3.6134039e+01  -1.4000000e+02   6.1702427e+00  -1.6093552e+01  -4.1000000e+01   3.7827051e+01
   2.3280367e+01   3.6830223e+01  -1.4000000e+02   6.1904643e+00  -1.5234657e+01  -4.1000000e+01   4.5028890e+01
   2.1469628e+01   3.6753849e+01  -1.4000000e+02   8.6507084e+00  -1.2667056e+01  -4.1000000e+01   5.1387288e+01
   2.1253485e+01   3.8393256e+01  -1.4000000e+02   1.2638853e+01  -1.0206388e+01  -4.1000000e+01   5.4183471e+01
   2.1492471e+01   4.0137914e+01  -1.4000000e+02   1.5726048e+01  -7.1955035e+00  -4.1000000e+01   5.1789937e+01
   2.2434870e+01   4.0124739e+01  -1.4000000e+02   1.7725202e+01  -5.5009911e+00  -4.1000000e+01   5.1045244e+01
   2.0657942e+01   4.1941464e+01  -1.4000000e+02   2.0805368e+01  -5.3277338e+00  -4.1000000e+01   4.5186525e+01
   2.0763399e+01   4.2759713e+01  -1.4000000e+02   2.2444437e+01  -1.9503570e+00  -4.1000000e+01   4.4862853e+01
   1.9767166e+01   4.6072026e+01  -1.4000000e+02   2.5338800e+01   1.3215247e+00  -4.1000000e+01   4.0747374e+01
   1.9894516e+01   4.6574033e+01  -1.4000000e+02   2.7487112e+01   3.8671878e+00  -4.1000000e+01   3.8623281e+01
   1.9528597e+01   4.7142714e+01  -1.4000000e+02   2.8115260e+01   6.4046053e+00  -4.1000000e+01   3.7325265e+01
   2.2521268e+01   4.5805997e+01  -1.4000000e+02   2.8688208e+01   8.9084393e+00  -4.1000000e+01   3.9928063e+01
   2.5060048e+01   4.4226856e+01  -1.4000000e+02   2.9848824e+01   4.7505968e+00  -4.1000000e+01   3.2867169e+01
   2.5558396e+01   4.6397131e+01  -1.4000000e+02   3.2343356e+01   6.0311457e+00  -4.1000000e+01   3.0170494e+01
   2.5684737e+01   4.7301795e+01  -1.4000000e+02   3.4717697e+01   8.1525510e+00  -4.1000000e+01   2.8142048e+01
   2.5174913e+01   4.6801992e+01  -1.4000000e+02   3.7051662e+01   8.1026024e+00  -4.1000000e+01   2.2633580e+01
   2.5102975e+01   4.7482693e+01  -1.4000000e+02   3.8898716e+01   9.7959364e+00  -4.1000000e+01   2.0086114e+01
   2.4767362e+01   4.8763993e+01  -1.4000000e+02   4.1176940e+01   1.3864349e+01  -4.1000000e+01   1.7803442e+01
   2.8383316e+01   5.0995184e+01  -1.4000000e+02   4.5969096e+01   1.2958442e+01  -4.1000000e+01   1.3469588e+01
   3.0035982e+01   5.3046567e+01  -1.4000000e+02   4.9412918e+01   1.4493102e+01  -4.1000000e+01   1.1424351e+01
   3.0752103e+01   5.3880406e+01  -1.4000000e+02   5.1444266e+01   1.6918899e+01  -4.1000000e+01   8.3364502e+00
   3.1013806e+01   5.5806032e+01  -1.4000000e+02   5.4401719e+01   1.9685196e+01  -4.1000000e+01   4.7641562e+00
   3.1287691e+01   5.9226776e+01  -1.4000000e+02   5.7725749e+01   2.3456971e+01  -4.1000000e+01   8.7418881e-01
   3.3462513e+01   6.3311635e+01  -1.4000000e+02   6.2844511e+01   2.6787122e+01  -4.1000000e+01  -4.2850015e+00
   3.5513061e+01   6.7392668e+01  -1.4000000e+02   6.7417521e+01   2.8998450e+01  -4.1000000e+01  -9.1303213e+00
   3.7636983e+01   6.7285932e+01  -1.4000000e+02   6.9758543e+01   2.7259155e+01  -4.1000000e+01  -1.4873701e+01
   3.9433604e+01   6.4767815e+01  -1.4000000e+02   7.2173863e+01   2.7288215e+01  -4.1000000e+01  -1.8957084e+01
   3.9786186e+01   6.2252737e+01  -1.4000000e+02   7.3719899e+01   2.6331674e+01  -4.1000000e+01  -2.4825142e+01
   3.9172158e+01   6.0437240e+01  -1.4000000e+02   7.4388791e+01   2.7262904e+01  -4.1000000e+01  -2.6229573e+01
   3.6654140e+01   6.1248562e+01  -1.4000000e+02   6.5222159e+01   2.9045772e+01  -4.1000000e+01  -2.0968516e+01
   3.3623461e+01   5.7276382e+01  -1.4000000e+02   5.4966240e+01   2.4852180e+01  -4.1000000e+01  -1.8261964e+01
   3.1934849e+01   5.2611965e+01  -1.4000000e+02   4.4299276e+01   1.7877456e+01  -4.1000000e+01  -1.7540317e+01
   3.0747833e+01   4.8921406e+01  -1.4000000e+02   3.4486935e+01   1.2323659e+01  -4.1000000e+01  -1.2959197e+01
   2.8861953e+01   4.4687418e+01  -1.4000000e+02   2.7835910e+01   5.4771734e+00  -4.1000000e+01  -6.7689808e+00
   2.8502065e+01   4.2693598e+01  -1.4000000e+02   2.1757800e+01   1.1999805e+00  -4.1000000e+01   1.2936031e+00
   2.5206488e+01   4.1009302e+01  -1.4000000e+02   1.7581521e+01  -3.1649347e+00  -4.1000000e+01   9.5165116e+00
   2.3023022e+01   3.9132148e+01  -1.4000000e+02   1.4353732e+01  -5.2400829e+00  -4.1000000e+01   2.0135684e+01
   2.3684237e+01   3.6287627e+01  -1.4000000e+02   8.8567609e+00  -6.5436135e+00  -4.1000000e+01   3.1215954e+01
   2.2761354e+01   3.5548338e+01  -1.4000000e+02   5.7488287e+00  -1.1163815e+01  -4.1000000e+01   3.9730182e+01
   2.3115558e+01   3.2128607e+01  -1.4000000e+02   1.2787470e+00  -1.4627589e+01  -4.1000000e+01   4.7722595e+01
   2.3227150e+01   3.0730190e+01  -1.4000000e+02  -9.6210600e-01  -1.5609437e+01  -4.1000000e+01   5.5188613e+01
   2.2329124e+01   3.0533980e+01  -1.4000000e+02  -7.2549538e-01  -1.6792724e+01  -4.1000000e+01   5.9821626e+01
   2.1649323e+01   3.3713158e+01  -1.4000000e+02   2.6998523e+00  -1.6054339e+01  -4.1000000e+01   5.9510762e+01
   2.1697612e+01   3.5810968e+01  -1.4000000e+02   6.1243204e+00  -1.3889215e+01  -4.1000000e+01   5.9272204e+01
   2.2348331e+01   3.7226761e+01  -1.4000000e+02   8.4620388e+00  -1.1685364e+01  -4.1000000e+01   5.5510558e+01
   2.2838248e+01   3.7119804e+01  -1.4000000e+02   9.8088169e+00  -9.5577249e+00  -4.1000000e+01   5.3286733e+01
   2.3247205e+01   3.8300331e+01  -1.4000000e+02   1.2111390e+01  -9.2267173e+00  -4.1000000e+01   5.1040789e+01
   2.3326998e+01   3.9502316e+01  -1.4000000e+02   1.4221294e+01  -7.2796060e+00  -4.1000000e+01   4.9971366e+01
   2.3973764e+01   4.1292415e+01  -1.4000000e+02   1.6240714e+01  -4.7598401e+00  -4.1000000e+01   4.8717090e+01
   2.2968440e+01   4.4063943e+01  -1.4000000e+02   1.7260017e+01  -2.5699816e+00  -4.1000000e+01   4.7173714e+01
   2.3978106e+01   4.3389278e+01  -1.4000000e+02   1.9001449e+01   7.2437097e-01  -4.1000000e+01   4.9228091e+01
   2.4401263e+01   4.0034858e+01  -1.4000000e+02   1.7020481e+01   2.7867651e+00  -4.1000000e+01   5.0851678e+01
   2.6813562e+01   4.0560395e+01  -1.4000000e+02   1.7760442e+01   2.3979873e+00  -4.1000000e+01   5.0054623e+01
   2.5531118e+01   4.3229723e+01  -1.4000000e+02   2.0245480e+01   4.1887360e+00  -4.1000000e+01   4.7231382e+01
   2.4909793e+01   4.4753786e+01  -1.4000000e+02   2.1641636e+01   8.5866935e+00  -4.1000000e+01   4.7495956e+01
   2.5045694e+01   4.7078298e+01  -1.4000000e+02   2.4240152e+01   1.1069701e+01  -4.1000000e+01   4.4035272e+01
   2.4666889e+01   4.9842361e+01  -1.4000000e+02   2.8527109e+01   1.4238080e+01  -4.1000000e+01   4.1741554e+01
   2.6105673e+01   5.1847633e+01  -1.4000000e+02   3.2164145e+01   1.3154226e+01  -4.1000000e+01   3.7584605e+01
   2.7099735e+01   5.3165878e+01  -1.4000000e+02   3.4487114e+01   1.3264532e+01  -4.1000000e+01   3.3355670e+01
   2.9498711e+01   5.2278913e+01  -1.4000000e+02   3.5840265e+01   1.4557036e+01  -4.1000000e+01   3.2629682e+01
   3.0230101e+01   5.0628336e+01  -1.4000000e+02   3.6823829e+01   1.3245381e+01  -4.1000000e+01   2.8581837e+01
   3.1106268e+01   5.0467996e+01  -1.4000000e+02   3.8753526e+01   1.3030690e+01  -4.1000000e+01   2.4277169e+01
   3.1557783e+01   5.0629070e+01  -1.4000000e+02   4.0791467e+01   1.4003895e+01  -4.1000000e+01   2.0513300e+01
   3.1572565e+01   5.2572966e+01  -1.4000000e+02   4.3398156e+01   1.7630368e+01  -4.1000000e+01   1.7420436e+01
   3.3083545e+01   5.3213435e+01  -1.4000000e+02   4.5856606e+01   1.8344644e+01  -4.1000000e+01   1.3772748e+01
   3.3927843e+01   5.4149624e+01  -1.4000000e+02   4.8727111e+01   1.8884552e+01  -4.1000000e+01   9.0940434e+00
   3.5316084e+01   5.8364376e+01  -1.4000000e+02   5.3533714e+01   2.3906132e+01  -4.1000000e+01   6.0921268e+00
   3.6548788e+01   5.7660042e+01  -1.4000000e+02   5.6369800e+01   2.3888129e+01  -4.1000000e+01   2.0332806e+00
   3.7715473e+01   5.8955470e+01  -1.4000000e+02   5.8878263e+01   2.4493300e+01  -4.1000000e+01  -2.6340910e+00
   3.8803207e+01   5.8107216e+01  -1.4000000e+02   5.9997786e+01   2.2366528e+01  -4.1000000e+01  -7.6045137e+00
   3.6525094e+01   5.5033339e+01  -1.4000000e+02   5.4351091e+01   2.3821531e+01  -4.1000000e+01  -7.1158451e+00
   3.5548426e+01   5.3313165e+01  -1.4000000e+02   4.5969505e+01   2.2578227e+01  -4.1000000e+01  -7.0884202e+00
   3.2326596e+01   4.9796691e+01  -1.4000000e+02   3.7387865e+01   1.7129442e+01  -4.1000000e+01  -7.8465437e+00
   3.0737417e+01   4.5670820e+01  -1.4000000e+02   2.8696230e+01   1.0208411e+01  -4.1000000e+01  -4.6537567e+00
   2.6689009e+01   4.3776867e+01  -1.4000000e+02   2.2370524e+01   4.3758496e+00  -4.1000000e+01   1.8952689e+00
   2.2063688e+01   4.0441468e+01  -1.4000000e+02   1.6058890e+01  -1.5933368e+00  -4.1000000e+01   9.4893637e+00
   2.1604776e+01   3.5384176e+01  -1.4000000e+02   1.0721523e+01  -7.2872121e+00  -4.1000000e+01   1.8211480e+01
   2.2816951e+01   3.1519996e+01  -1.4000000e+02   6.5707710e+00  -1.2088602e+01  -4.1000000e+01   2.6353621e+01
   2.1602070e+01   3.1002932e+01  -1.4000000e+02   5.4777367e+00  -1.5250576e+01  -4.1000000e+01   3.3803695e+01
   2.1318803e+01   2.9712648e+01  -1.4000000e+02   3.9718654e+00  -1.6260825e+01  -4.1000000e+01   4.4523047e+01
   1.9746016e+01   3.0603114e+01  -1.4000000e+02   4.4270030e+00  -1.7030197e+01  -4.1000000e+01   5.0043875e+01
   1.9078735e+01   3.3312622e+01  -1.4000000e+02   5.8572400e+00  -1.5717959e+01  -4.1000000e+01   5.1327000e+01
   2.0314671e+01   3.6284649e+01  -1.4000000e+02   7.7599646e+00  -1.1504767e+01  -4.1000000e+01   5.7875256e+01
   2.1943920e+01   4.0835178e+01  -1.4000000e+02   1.1687275e+01  -7.6165528e+00  -4.1000000e+01   5.7087962e+01
   2.2682936e+01   4.1024038e+01  -1.4000000e+02   1.4142906e+01  -5.7550485e+00  -4.1000000e+01   5.3399559e+01
   2.3257010e+01   4.1939922e+01  -1.4000000e+02   1.6940847e+01  -4.2319595e+00  -4.1000000e+01   4.9735378e+01
   2.2650421e+01   4.3849485e+01  -1.4000000e+02   1.9067530e+01  -2.3074952e+00  -4.1000000e+01   4.5330182e+01
   2.2747586e+01   4.5483192e+01  -1.4000000e+02   2.1666059e+01   2.7995765e+00  -4.1000000e+01   4.4134881e+01
   2.2471199e+01   4.5145099e+01  -1.4000000e+02   2.3865171e+01   7.8005940e+00  -4.1000000e+01   4.3316100e+01
   2.2928928e+01   4.4487965e+01  -1.4000000e+02   2.5455261e+01   1.1350709e+01  -4.1000000e+01   4.1673317e+01
   2.4422390e+01   4.4980216e+01  -1.4000000e+02   2.8467760e+01   9.9914561e+00  -4.1000000e+01   3.6722876e+01
   2.6165698e+01   4.5326829e+01  -1.4000000e+02   3.0522991e+01   1.0053753e+01  -4.1000000e+01   3.3431629e+01
   2.5786735e+01   4.6900077e+01  -1.4000000e+02   3.3199615e+01   1.1626123e+01  -4.1000000e+01   2.8342016e+01
   2.8021954e+01   4.5299537e+01  -1.4000000e+02   3.5454896e+01   1.1310410e+01  -4.1000000e+01   2.3942176e+01
   2.9289778e+01   4.7032643e+01  -1.4000000e+02   3.9846296e+01   1.2282364e+01  -4.1000000e+01   1.9651311e+01
   3.0043218e+01   4.7674517e+01  -1.4000000e+02   4.2543934e+01   1.1515670e+01  -4.1000000e+01   1.5011846e+01
   3.1132099e+01   5.0028779e+01  -1.4000000e+02   4.5855384e+01   1.4156380e+01  -4.1000000e+01   1.0589312e+01
   3.2236775e+01   4.9081504e+01  -1.4000000e+02   4.7415015e+01   1.4306844e+01  -4.1000000e+01   6.7798916e+00
   3.3440510e+01   5.0293958e+01  -1.4000000e+02   4.9905707e+01   1.5632674e+01  -4.1000000e+01   3.4294971e+00
   3.4897392e+01   5.0983313e+01  -1.4000000e+02   5.3196821e+01   1.6738049e+01  -4.1000000e+01  -5.9660423e-01
   3.6234593e+01   5.3774981e+01  -1.4000000e+02   5.7681390e+01   1.8773514e+01  -4.1000000e+01  -6.3766378e+00
   3.8297965e+01   5.6494420e+01  -1.4000000e+02   6.2245140e+01   1.9406313e+01  -4.1000000e+01  -1.3459699e+01
   4.0481736e+01   6.0819527e+01  -1.4000000e+02   6.6851798e+01   2.2434376e+01  -4.1000000e+01  -1.7717407e+01
   4.2427618e+01   6.3654537e+01  -1.4000000e+02   7.1029601e+01   2.5453524e+01  -4.1000000e+01  -2.1747806e+01
   4.4003855e+01   6.7504279e+01  -1.4000000e+02   7.5482506e+01   2.7205703e+01  -4.1000000e+01  -2.7616961e+01
   4.6280880e+01   6.8568839e+01  -1.4000000e+02   7.8229310e+01   2.9343636e+01  -4.1000000e+01  -2.8723156e+01
   4.6119126e+01   6.9256015e+01  -1.4000000e+02   7.9203218e+01   2.8471570e+01  -4.1000000e+01  -3.2142994e+01
   4.4843449e+01   6.6501812e+01  -1.4000000e+02   7.3332687e+01   3.0405809e+01  -4.1000000e+01  -2.7942450e+01
   4.0795733e+01   6.3443853e+01  -1.4000000e+02   6.3979966e+01   2.8452907e+01  -4.1000000e+01  -2.8283100e+01
   3.7186291e+01   5.9709533e+01  -1.4000000e+02   5.4431840e+01   2.8798624e+01  -4.1000000e+01  -2.5121830e+01
   3.2464809e+01   5.5408856e+01  -1.4000000e+02   4.5030026e+01   2.5558481e+01  -4.1000000e+01  -1.9003430e+01
   2.8971912e+01   5.0988599e+01  -1.4000000e+02   3.5619525e+01   1.7971919e+01  -4.1000000e+01  -1.0898923e+01
   2.6649976e+01   4.7050074e+01  -1.4000000e+02   2.6656973e+01   1.0082979e+01  -4.1000000e+01  -1.9821524e+00
   2.6048843e+01   4.2593319e+01  -1.4000000e+02   1.8918772e+01   3.2303426e+00  -4.1000000e+01   6.9732513e+00
   2.2205641e+01   4.0081356e+01  -1.4000000e+02   1.3670866e+01  -3.5867623e+00  -4.1000000e+01   1.5924637e+01
   2.3441255e+01   3.6603951e+01  -1.4000000e+02   8.9149832e+00  -8.3522308e+00  -4.1000000e+01   2.4786692e+01
   2.4223387e+01   3.5546223e+01  -1.4000000e+02   6.6072199e+00  -1.1586232e+01  -4.1000000e+01   3.3679620e+01
   2.3901388e+01   3.4136788e+01  -1.4000000e+02   4.4746817e+00  -1.3359712e+01  -4.1000000e+01   4.3696092e+01
   2.2496381e+01   3.4527680e+01  -1.4000000e+02   3.5480900e+00  -1.4068517e+01  -4.1000000e+01   5.2287737e+01
   2.1268676e+01   3.5048767e+01  -1.4000000e+02   3.1460551e+00  -1.2748817e+01  -4.1000000e+01   5.9297420e+01
   2.1154895e+01   3.3452404e+01  -1.4000000e+02   2.4553425e+00  -1.2171627e+01  -4.1000000e+01   6.2816629e+01
   2.1438501e+01   3.2192398e+01  -1.4000000e+02   2.8648072e+00  -1.2216015e+01  -4.1000000e+01   6.3289618e+01
   2.2542083e+01   3.3204735e+01  -1.4000000e+02   4.0425047e+00  -1.3850051e+01  -4.1000000e+01   6.0704521e+01
   2.3371318e+01   3.4362639e+01  -1.4000000e+02   5.7843408e+00  -1.4129790e+01  -4.1000000e+01   5.6923383e+01
   2.4801150e+01   3.3822434e+01  -1.4000000e+02   6.3117259e+00  -1.1371465e+01  -4.1000000e+01   5.6802143e+01
   2.4840911e+01   3.5431286e+01  -1.4000000e+02   7.6564121e+00  -8.0865476e+00  -4.1000000e+01   5.4743488e+01
   2.4303244e+01   3.6109054e+01  -1.4000000e+02   9.2240846e+00  -5.2093740e+00  -4.1000000e+01   5.3949322e+01
   2.4507893e+01   3.6258647e+01  -1.4000000e+02   1.0746360e+01  -4.1245861e+00  -4.1000000e+01   5.1196763e+01
   2.4921488e+01   3.7931000e+01  -1.4000000e+02   1.2775941e+01  -5.9266594e-01  -4.1000000e+01   5.0669020e+01
   2.3696962e+01   4.1436156e+01  -1.4000000e+02   1.6482757e+01   2.2204766e+00  -4.1000000e+01   4.7445728e+01
   2.3430179e+01   4.4031603e+01  -1.4000000e+02   1.9349807e+01   5.4066907e+00  -4.1000000e+01   4.6808413e+01
   2.3340237e+01   4.4621895e+01  -1.4000000e+02   2.0006099e+01   7.3478049e+00  -4.1000000e+01   4.6137383e+01
   2.4157501e+01   4.4229667e+01  -1.4000000e+02   2.1239899e+01   8.5217330e+00  -4.1000000e+01   4.4346429e+01
   2.5212992e+01   4.4609591e+01  -1.4000000e+02   2.3414602e+01   1.0169037e+01  -4.1000000e+01   4.1152983e+01
   2.5053320e+01   4.6807027e+01  -1.4000000e+02   2.5722358e+01   1.1951478e+01  -4.1000000e+01   3.8903148e+01
   2.6053415e+01   4.5031139e+01  -1.4000000e+02   2.5833192e+01   1.1493315e+01  -4.1000000e+01   3.7349407e+01
   2.7319151e+01   4.7739909e+01  -1.4000000e+02   2.8086476e+01   1.2423996e+01  -4.1000000e+01   3.6266294e+01
   2.9521494e+01   4.7921118e+01  -1.4000000e+02   3.0432588e+01   1.1238492e+01  -4.1000000e+01   3.4030698e+01
   3.1804586e+01   4.9867442e+01  -1.4000000e+02   3.3430529e+01   1.0072663e+01  -4.1000000e+01   3.1969572e+01
   3.2145968e+01   4.7742658e+01  -1.4000000e+02   3.3655561e+01   1.0632057e+01  -4.1000000e+01   2.9626063e+01
   3.1831142e+01   4.9055024e+01  -1.4000000e+02   3.6434013e+01   1.3729694e+01  -4.1000000e+01   2.6576566e+01
   3.2611715e+01   4.8728671e+01  -1.4000000e+02   3.9325005e+01   1.4013272e+01  -4.1000000e+01   2.1265217e+01
   3.3436520e+01   4.7234730e+01  -1.4000000e+02   4.1129648e+01   1.4001837e+01  -4.1000000e+01   1.6432468e+01
   3.2155047e+01   5.1485218e+01  -1.4000000e+02   4.5520615e+01   1.8955190e+01  -4.1000000e+01   1.0410727e+01
   3.2596744e+01   5.3711196e+01  -1.4000000e+02   5.0095981e+01   2.2239996e+01  -4.1000000e+01   6.5289525e+00
   3.3243353e+01   5.6786996e+01  -1.4000000e+02   5.3939376e+01   2.4637522e+01  -4.1000000e+01   2.9050193e+00
   3.5066380e+01   5.9547682e+01  -1.4000000e+02   5.7972170e+01   2.6847808e+01  -4.1000000e+01  -9.5435678e-02
   3.6613986e+01   6.1234250e+01  -1.4000000e+02   6.0914685e+01   2.7573403e+01  -4.1000000e+01  -4.5754192e+00
   3.8098052e+01   6.2342441e+01  -1.4000000e+02   6.3282476e+01   2.7457348e+01  -4.1000000e+01  -8.0586280e+00
   3.8988737e+01   6.1402433e+01  -1.4000000e+02   6.4558732e+01   2.6040597e+01  -4.1000000e+01  -1.1238144e+01
   3.9644327e+01   6.0298365e+01  -1.4000000e+02   6.5489990e+01   2.5132937e+01  -4.1000000e+01  -1.3033782e+01
   4.0933831e+01   6.1182175e+01  -1.4000000e+02   6.6344761e+01   2.5847504e+01  -4.1000000e+01  -1.3783979e+01
   3.9722144e+01   5.8652977e+01  -1.4000000e+02   5.9209932e+01   2.4762544e+01  -4.1000000e+01  -1.5745820e+01
   3.8530911e+01   5.5977392e+01  -1.4000000e+02   5.1366100e+01   2.3003129e+01  -4.1000000e+01  -1.7332117e+01
   3.7010245e+01   5.2722196e+01  -1.4000000e+02   4.3646472e+01   2.1145499e+01  -4.1000000e+01  -1.6723969e+01
   3.4141170e+01   4.9686641e+01  -1.4000000e+02   3.6415242e+01   1.7302059e+01  -4.1000000e+01  -1.0911712e+01
   3.2046540e+01   4.4602255e+01  -1.4000000e+02   2.9608522e+01   1.1494096e+01  -4.1000000e+01  -2.3604492e+00
   2.9790346e+01   4.0930281e+01  -1.4000000e+02   2.4388663e+01   6.9456026e+00  -4.1000000e+01   5.8266500e+00
   2.5884874e+01   3.8717708e+01  -1.4000000e+02   1.9102985e+01   1.6695958e+00  -4.1000000e+01   1.2989357e+01
   2.3549820e+01   3.5723099e+01  -1.4000000e+02   1.4597404e+01  -2.6545357e+00  -4.1000000e+01   2.2286420e+01
   2.2340706e+01   3.3114219e+01  -1.4000000e+02   1.1327330e+01  -4.9709845e+00  -4.1000000e+01   3.2855944e+01
   2.0688131e+01   3.1813518e+01  -1.4000000e+02   6.9164107e+00  -7.5194678e+00  -4.1000000e+01   4.3121828e+01
   1.9583234e+01   3.0701123e+01  -1.4000000e+02   3.8634863e+00  -9.4191524e+00  -4.1000000e+01   5.2556459e+01
   2.0109388e+01   3.0641682e+01  -1.4000000e+02   1.7799646e+00  -1.3384253e+01  -4.1000000e+01   5.6044427e+01
   2.1833388e+01   3.2909243e+01  -1.4000000e+02   1.4772829e+00  -1.3539642e+01  -4.1000000e+01   6.2347259e+01
   2.3782966e+01   3.5004495e+01  -1.4000000e+02   2.6665445e+00  -1.4713915e+01  -4.1000000e+01   6.2796539e+01
   2.3935196e+01   3.7588654e+01  -1.4000000e+02   5.3287692e+00  -1.3773779e+01  -4.1000000e+01   6.2155961e+01
   2.3350597e+01   3.7732252e+01  -1.4000000e+02   7.7174955e+00  -1.1462682e+01  -4.1000000e+01   5.9699542e+01
   2.4421572e+01   3.6379499e+01  -1.4000000e+02   8.1268221e+00  -7.9745215e+00  -4.1000000e+01   5.9677312e+01
   2.4081757e+01   3.7150550e+01  -1.4000000e+02   9.8168455e+00  -4.6960453e+00  -4.1000000e+01   5.5474904e+01
   2.3913530e+01   3.9399779e+01  -1.4000000e+02   1.3115851e+01   1.5582492e-01  -4.1000000e+01   5.4134594e+01
   2.2470714e+01   4.1725854e+01  -1.4000000e+02   1.7529788e+01   1.8417915e+00  -4.1000000e+01   4.7265208e+01
   2.4976655e+01   4.5731512e+01  -1.4000000e+02   2.2065637e+01   7.1772285e+00  -4.1000000e+01   4.6839594e+01
   2.5397038e+01   4.2142099e+01  -1.4000000e+02   2.2807548e+01   7.1992986e+00  -4.1000000e+01   4.3382490e+01
   2.6371438e+01   3.9197628e+01  -1.4000000e+02   2.2126387e+01   7.8618103e+00  -4.1000000e+01   4.1662180e+01
   2.9234103e+01   3.8994660e+01  -1.4000000e+02   2.4236785e+01   6.7568227e+00  -4.1000000e+01   3.8798268e+01
   2.9512834e+01   4.0592527e+01  -1.4000000e+02   2.6020187e+01   8.4509034e+00  -4.1000000e+01   3.6144121e+01
   2.8824473e+01   4.0627352e+01  -1.4000000e+02   2.9218545e+01   8.3006857e+00  -4.1000000e+01   2.9995857e+01
   2.8824719e+01   4.4428257e+01  -1.4000000e+02   3.4513970e+01   1.1898475e+01  -4.1000000e+01   2.4921091e+01
   3.0356122e+01   4.7616038e+01  -1.4000000e+02   3.9676953e+01   1.4289813e+01  -4.1000000e+01   2.0910899e+01
   3.1296456e+01   5.1052925e+01  -1.4000000e+02   4.4404086e+01   1.7390620e+01  -4.1000000e+01   1.6886241e+01
   3.2632039e+01   5.0074342e+01  -1.4000000e+02   4.6747566e+01   1.8408951e+01  -4.1000000e+01   1.2837088e+01
   3.3115455e+01   5.2166443e+01  -1.4000000e+02   5.0677983e+01   2.0600830e+01  -4.1000000e+01   6.6536804e+00
   3.5430509e+01   5.3723718e+01  -1.4000000e+02   5.5623500e+01   2.2761467e+01  -4.1000000e+01   2.1329666e+00
   3.7476646e+01   5.7408931e+01  -1.4000000e+02   6.2186326e+01   2.6542155e+01  -4.1000000e+01  -6.1204477e+00
   4.0868558e+01   6.0390423e+01  -1.4000000e+02   6.7551268e+01   2.5983169e+01  -4.1000000e+01  -1.3791297e+01
   4.3947039e+01   6.1847615e+01  -1.4000000e+02   7.1936628e+01   2.7009137e+01  -4.1000000e+01  -1.7810979e+01
   4.5323958e+01   6.3256737e+01  -1.4000000e+02   7.4641925e+01   2.8726695e+01  -4.1000000e+01  -2.1132334e+01
   4.6427029e+01   5.9964434e+01  -1.4000000e+02   7.4660414e+01   2.5190053e+01  -4.1000000e+01  -2.7660094e+01
   4.6297813e+01   5.9176664e+01  -1.4000000e+02   7.2723927e+01   2.7171077e+01  -4.1000000e+01  -2.9402405e+01
   4.1329681e+01   5.7867589e+01  -1.4000000e+02   6.3714547e+01   2.8781389e+01  -4.1000000e+01  -3.0950828e+01
   3.6343248e+01   5.4985500e+01  -1.4000000e+02   5.5990905e+01   2.9279290e+01  -4.1000000e+01  -2.9376981e+01
   3.2159035e+01   5.1253214e+01  -1.4000000e+02   4.8763693e+01   2.5398605e+01  -4.1000000e+01  -2.4308191e+01
   2.9346392e+01   4.7745992e+01  -1.4000000e+02   4.0999361e+01   2.0684924e+01  -4.1000000e+01  -1.8602431e+01
   2.9865462e+01   4.5206312e+01  -1.4000000e+02   3.3105789e+01   1.4688041e+01  -4.1000000e+01  -1.1000746e+01
   2.9680619e+01   4.3867146e+01  -1.4000000e+02   2.5933016e+01   9.0859422e+00  -4.1000000e+01  -2.8614369e+00
   2.9568909e+01   4.1037566e+01  -1.4000000e+02   1.8277646e+01   4.4022407e+00  -4.1000000e+01   5.9396806e+00
   2.6702885e+01   3.7741405e+01  -1.4000000e+02   1.1902756e+01  -1.0546641e+00  -4.1000000e+01   1.5112080e+01
   2.5044900e+01   3.3766918e+01  -1.4000000e+02   6.8046434e+00  -5.9593571e+00  -4.1000000e+01   2.6028047e+01
