  -2.9167209e+01  -3.0475577e+01  -3.8961999e+01   1.8278307e+01  -1.2204019e+01  -2.8585071e+01   3.6314271e+01
  -3.1000000e+01  -3.5000000e+01  -4.1013131e+01   2.5822500e+01  -1.0869383e+01  -3.5000000e+01   3.4702865e+01
  -3.1000000e+01  -3.5000000e+01  -4.1824172e+01   2.7528688e+01  -1.1325916e+01  -3.5000000e+01   3.2076440e+01
  -3.1000000e+01  -3.5000000e+01  -4.2270271e+01   2.8342071e+01  -1.2264062e+01  -3.5000000e+01   3.0265661e+01
  -3.1000000e+01  -3.5000000e+01  -4.1550818e+01   3.0354757e+01  -1.4167964e+01  -3.5000000e+01   2.8334710e+01
  -3.1000000e+01  -3.5000000e+01  -4.1801671e+01   3.1329775e+01  -1.5628294e+01  -3.5000000e+01   2.6223505e+01
  -3.1000000e+01  -3.5000000e+01  -4.1958453e+01   3.2668154e+01  -1.5912966e+01  -3.5000000e+01   2.3921101e+01
  -3.1000000e+01  -3.5000000e+01  -4.2320084e+01   3.4224585e+01  -1.7193075e+01  -3.5000000e+01   2.1505467e+01
  -3.1000000e+01  -3.5000000e+01  -4.2197143e+01   3.5890917e+01  -1.8058706e+01  -3.5000000e+01   1.9031079e+01
  -3.1000000e+01  -3.5000000e+01  -4.2706440e+01   3.7109517e+01  -1.8671785e+01  -3.5000000e+01   1.7227329e+01
  -3.1000000e+01  -3.5000000e+01  -4.2798716e+01   3.8837969e+01  -1.8963025e+01  -3.5000000e+01   1.4677818e+01
  -3.1000000e+01  -3.5000000e+01  -4.2507558e+01   4.0197512e+01  -1.9353904e+01  -3.5000000e+01   1.1824917e+01
  -3.1000000e+01  -3.5000000e+01  -4.2779627e+01   4.0126622e+01  -2.0474968e+01  -3.5000000e+01   8.4831000e+00
  -3.1000000e+01  -3.5000000e+01  -4.1519495e+01   3.4485595e+01  -2.0615834e+01  -3.5000000e+01   2.5171978e+00
  -3.1000000e+01  -3.5000000e+01  -3.9395540e+01   2.8980207e+01  -2.2195392e+01  -3.5000000e+01   1.5641808e+00
  -3.1000000e+01  -3.5000000e+01  -3.8350058e+01   2.4252781e+01  -1.9748906e+01  -3.5000000e+01   5.1086216e+00
  -3.1000000e+01  -3.5000000e+01  -3.5289521e+01   2.0530755e+01  -1.9121514e+01  -3.5000000e+01   1.0867617e+01
  -3.1000000e+01  -3.5000000e+01  -3.0697278e+01   1.9132072e+01  -1.8926243e+01  -3.5000000e+01   1.5753608e+01
  -3.1000000e+01  -3.5000000e+01  -2.7484167e+01   1.6164302e+01  -1.4764245e+01  -3.5000000e+01   2.0882588e+01
  -3.1000000e+01  -3.5000000e+01  -2.8277774e+01   1.2689928e+01  -9.7363031e+00  -3.5000000e+01   2.7565119e+01
  -3.1000000e+01  -3.5000000e+01  -2.8781240e+01   9.8163208e+00  -3.8479686e+00  -3.5000000e+01   3.3876761e+01
  -3.1000000e+01  -3.5000000e+01  -2.6485992e+01   7.2190794e+00  -4.9905652e-01  -3.5000000e+01   4.1240111e+01
  -3.1000000e+01  -3.5000000e+01  -2.6363757e+01   5.8798156e+00   2.1214342e+00  -3.5000000e+01   4.7948593e+01
  -3.1000000e+01  -3.5000000e+01  -2.5340594e+01   7.5100333e+00   4.2721440e+00  -3.5000000e+01   5.2675368e+01
  -3.1000000e+01  -3.5000000e+01  -2.5362651e+01   1.2069964e+01   5.1707650e+00  -3.5000000e+01   5.7881832e+01
  -3.1000000e+01  -3.5000000e+01  -2.6243255e+01   1.4810423e+01   5.7806718e+00  -3.5000000e+01   5.9492529e+01
  -3.1000000e+01  -3.5000000e+01  -2.7235096e+01   1.7413706e+01   5.3564976e+00  -3.5000000e+01   5.9050507e+01
  -3.1000000e+01  -3.5000000e+01  -2.7110852e+01   1.9121688e+01   3.9150442e+00  -3.5000000e+01   5.7282660e+01
  -3.1000000e+01  -3.5000000e+01  -2.8461691e+01   2.0785616e+01   2.8387766e+00  -3.5000000e+01   5.4375404e+01
  -3.1000000e+01  -3.5000000e+01  -2.9296696e+01   2.2730808e+01   6.3895518e-01  -3.5000000e+01   5.0873231e+01
  -3.1000000e+01  -3.5000000e+01  -2.8121765e+01   2.5052405e+01  -6.3324973e-01  -3.5000000e+01   4.7478424e+01
  -3.1000000e+01  -3.5000000e+01  -2.8005816e+01   2.4495535e+01  -3.8724262e+00  -3.5000000e+01   4.7181543e+01
  -3.1000000e+01  -3.5000000e+01  -3.1355076e+01   2.4750309e+01  -6.9150575e+00  -3.5000000e+01   4.6088572e+01
  -3.1000000e+01  -3.5000000e+01  -3.3021200e+01   2.5682804e+01  -7.5272951e+00  -3.5000000e+01   4.3883844e+01
  -3.1000000e+01  -3.5000000e+01  -3.2673110e+01   2.7602900e+01  -8.2861630e+00  -3.5000000e+01   3.9582692e+01
  -3.1000000e+01  -3.5000000e+01  -3.3404572e+01   2.8082472e+01  -9.9605066e+00  -3.5000000e+01   3.7903611e+01
  -3.1000000e+01  -3.5000000e+01  -3.4226470e+01   2.9148763e+01  -1.1356694e+01  -3.5000000e+01   3.5584294e+01
  -3.1000000e+01  -3.5000000e+01  -3.6575008e+01   3.0013786e+01  -1.1217281e+01  -3.5000000e+01   3.2219807e+01
  -3.1000000e+01  -3.5000000e+01  -3.9039242e+01   2.9568933e+01  -1.1446371e+01  -3.5000000e+01   3.0911733e+01
  -3.1000000e+01  -3.5000000e+01  -4.0391497e+01   2.9839836e+01  -1.2189969e+01  -3.5000000e+01   2.9204529e+01
  -3.1000000e+01  -3.5000000e+01  -4.2018650e+01   3.0937127e+01  -1.2580807e+01  -3.5000000e+01   2.6513336e+01
  -3.1000000e+01  -3.5000000e+01  -4.4748606e+01   3.1098323e+01  -1.2356307e+01  -3.5000000e+01   2.4734807e+01
  -3.1000000e+01  -3.5000000e+01  -4.4742399e+01   3.2984817e+01  -1.3732419e+01  -3.5000000e+01   2.1961552e+01
  -3.1000000e+01  -3.5000000e+01  -4.6260293e+01   3.3412756e+01  -1.3629313e+01  -3.5000000e+01   1.9465338e+01
  -3.1000000e+01  -3.5000000e+01  -4.5494509e+01   3.4861773e+01  -1.5569367e+01  -3.5000000e+01   1.6895971e+01
  -3.1000000e+01  -3.5000000e+01  -4.5529363e+01   3.5957762e+01  -1.7422567e+01  -3.5000000e+01   1.4699152e+01
  -3.1000000e+01  -3.5000000e+01  -4.4409130e+01   3.7741337e+01  -1.9623935e+01  -3.5000000e+01   1.2357050e+01
  -3.1000000e+01  -3.5000000e+01  -4.4429203e+01   3.9590976e+01  -2.0795936e+01  -3.5000000e+01   9.5540778e+00
  -3.1000000e+01  -3.5000000e+01  -4.5249450e+01   4.0742628e+01  -2.1673750e+01  -3.5000000e+01   6.5590581e+00
  -3.1000000e+01  -3.5000000e+01  -4.4862514e+01   4.2422456e+01  -2.3214519e+01  -3.5000000e+01   4.1030037e+00
  -3.1000000e+01  -3.5000000e+01  -4.5442370e+01   4.2459680e+01  -2.4802371e+01  -3.5000000e+01   1.6392767e+00
  -3.1000000e+01  -3.5000000e+01  -4.3707041e+01   4.1127433e+01  -2.6207601e+01  -3.5000000e+01  -2.6776202e-01
  -3.1000000e+01  -3.5000000e+01  -4.2346516e+01   3.5336267e+01  -2.6343352e+01  -3.5000000e+01  -5.1661838e+00
  -3.1000000e+01  -3.5000000e+01  -4.1585961e+01   2.8298450e+01  -2.3872173e+01  -3.5000000e+01  -3.5841525e+00
  -3.1000000e+01  -3.5000000e+01  -4.1703926e+01   2.2958531e+01  -2.2162095e+01  -3.5000000e+01   1.4754248e+00
  -3.1000000e+01  -3.5000000e+01  -4.0243983e+01   1.9729487e+01  -2.0424062e+01  -3.5000000e+01   7.7234721e+00
  -3.1000000e+01  -3.5000000e+01  -3.8348565e+01   1.4903028e+01  -1.6788754e+01  -3.5000000e+01   1.2198385e+01
  -3.1000000e+01  -3.5000000e+01  -3.7502055e+01   1.0872141e+01  -1.3858827e+01  -3.5000000e+01   1.7699815e+01
  -3.1000000e+01  -3.5000000e+01  -3.6278439e+01   8.6208310e+00  -1.1242513e+01  -3.5000000e+01   2.5031905e+01
  -3.1000000e+01  -3.5000000e+01  -3.4380450e+01   6.6433339e+00  -8.2257896e+00  -3.5000000e+01   3.3246285e+01
  -3.1000000e+01  -3.5000000e+01  -3.2490327e+01   5.1646756e+00  -4.4934944e+00  -3.5000000e+01   4.0216508e+01
  -3.1000000e+01  -3.5000000e+01  -3.0724176e+01   3.9504097e+00  -7.5627356e-01  -3.5000000e+01   4.6131394e+01
  -3.1000000e+01  -3.5000000e+01  -2.8452183e+01   5.0510852e+00   1.9156296e+00  -3.5000000e+01   5.3842970e+01
  -3.1000000e+01  -3.5000000e+01  -2.5711531e+01   8.3917329e+00   4.3678591e+00  -3.5000000e+01   5.9592894e+01
  -3.1000000e+01  -3.5000000e+01  -2.3353696e+01   1.0689654e+01   5.2221321e+00  -3.5000000e+01   6.1734989e+01
  -3.1000000e+01  -3.5000000e+01  -2.2936843e+01   1.4436584e+01   4.8289600e+00  -3.5000000e+01   6.0190189e+01
  -3.1000000e+01  -3.5000000e+01  -2.4614273e+01   1.6550616e+01   3.8651162e+00  -3.5000000e+01   5.9068439e+01
  -3.1000000e+01  -3.5000000e+01  -2.7344709e+01   1.7437408e+01   2.9209708e+00  -3.5000000e+01   5.7257522e+01
  -3.1000000e+01  -3.5000000e+01  -2.8724296e+01   1.8067078e+01   2.0443048e+00  -3.5000000e+01   5.5031844e+01
  -3.1000000e+01  -3.5000000e+01  -2.7751579e+01   2.0722375e+01   2.0886042e-01  -3.5000000e+01   5.1525258e+01
  -3.1000000e+01  -3.5000000e+01  -2.8474278e+01   2.2488322e+01  -9.1255504e-01  -3.5000000e+01   4.9251847e+01
  -3.1000000e+01  -3.5000000e+01  -2.9536308e+01   2.2698847e+01  -3.3654277e+00  -3.5000000e+01   4.8582197e+01
  -3.1000000e+01  -3.5000000e+01  -3.1975778e+01   2.3359086e+01  -6.0958267e+00  -3.5000000e+01   4.6352596e+01
  -3.1000000e+01  -3.5000000e+01  -3.2865033e+01   2.4957983e+01  -7.1646772e+00  -3.5000000e+01   4.3749001e+01
  -3.1000000e+01  -3.5000000e+01  -3.3042722e+01   2.6808793e+01  -9.3950837e+00  -3.5000000e+01   4.2306406e+01
  -3.1000000e+01  -3.5000000e+01  -3.3111676e+01   2.8548031e+01  -1.0660750e+01  -3.5000000e+01   3.9635465e+01
  -3.1000000e+01  -3.5000000e+01  -3.3399990e+01   2.9184133e+01  -1.1477220e+01  -3.5000000e+01   3.7822130e+01
  -3.1000000e+01  -3.5000000e+01  -3.4751619e+01   2.9858700e+01  -1.3289392e+01  -3.5000000e+01   3.6443383e+01
  -3.1000000e+01  -3.5000000e+01  -3.6287837e+01   3.0066722e+01  -1.4197700e+01  -3.5000000e+01   3.4228513e+01
  -3.1000000e+01  -3.5000000e+01  -3.8072868e+01   3.0191218e+01  -1.4080427e+01  -3.5000000e+01   3.1920158e+01
  -3.1000000e+01  -3.5000000e+01  -3.8764317e+01   3.0241742e+01  -1.5071814e+01  -3.5000000e+01   3.0415366e+01
  -3.1000000e+01  -3.5000000e+01  -3.9729107e+01   3.1157472e+01  -1.5720841e+01  -3.5000000e+01   2.8987270e+01
  -3.1000000e+01  -3.5000000e+01  -4.2205339e+01   3.0913031e+01  -1.5788254e+01  -3.5000000e+01   2.7315702e+01
  -3.1000000e+01  -3.5000000e+01  -4.2059136e+01   3.2548120e+01  -1.7167424e+01  -3.5000000e+01   2.4873515e+01
  -3.1000000e+01  -3.5000000e+01  -4.2232063e+01   3.5019450e+01  -1.8142082e+01  -3.5000000e+01   2.1731357e+01
  -3.1000000e+01  -3.5000000e+01  -4.2365185e+01   3.6842296e+01  -1.8504028e+01  -3.5000000e+01   1.9025146e+01
  -3.1000000e+01  -3.5000000e+01  -4.3380094e+01   3.7893898e+01  -1.9310772e+01  -3.5000000e+01   1.6712057e+01
  -3.1000000e+01  -3.5000000e+01  -4.2845129e+01   3.9063603e+01  -2.0968071e+01  -3.5000000e+01   1.5070697e+01
  -3.1000000e+01  -3.5000000e+01  -4.3902857e+01   3.9467123e+01  -2.2143282e+01  -3.5000000e+01   1.3089540e+01
  -3.1000000e+01  -3.5000000e+01  -4.4486747e+01   4.0171358e+01  -2.2992565e+01  -3.5000000e+01   1.1055093e+01
  -3.1000000e+01  -3.5000000e+01  -4.4853470e+01   4.1343923e+01  -2.3157192e+01  -3.5000000e+01   8.4895123e+00
  -3.1000000e+01  -3.5000000e+01  -4.4862849e+01   4.2814011e+01  -2.4378744e+01  -3.5000000e+01   6.3722898e+00
  -3.1000000e+01  -3.5000000e+01  -4.4810487e+01   4.3246803e+01  -2.5820624e+01  -3.5000000e+01   3.9247679e+00
  -3.1000000e+01  -3.5000000e+01  -4.3406187e+01   4.0626157e+01  -2.6766456e+01  -3.5000000e+01   1.4331998e+00
  -3.1000000e+01  -3.5000000e+01  -4.2205361e+01   3.3944907e+01  -2.6455464e+01  -3.5000000e+01  -3.1955969e+00
  -3.1000000e+01  -3.5000000e+01  -4.0668897e+01   2.7750493e+01  -2.6444554e+01  -3.5000000e+01  -4.5703757e+00
  -3.1000000e+01  -3.5000000e+01  -3.9996200e+01   2.2778670e+01  -2.3524575e+01  -3.5000000e+01  -5.1919197e+00
  -3.1000000e+01  -3.5000000e+01  -3.8793368e+01   1.8646294e+01  -2.1199125e+01  -3.5000000e+01   7.9017332e-01
  -3.1000000e+01  -3.5000000e+01  -3.5779135e+01   1.5078374e+01  -1.8199722e+01  -3.5000000e+01   6.5392849e+00
  -3.1000000e+01  -3.5000000e+01  -3.1982540e+01   1.1684392e+01  -1.8332166e+01  -3.5000000e+01   1.3417317e+01
  -3.1000000e+01  -3.5000000e+01  -3.2124903e+01   8.2096937e+00  -1.6625841e+01  -3.5000000e+01   2.0187532e+01
  -3.1000000e+01  -3.5000000e+01  -3.2709007e+01   4.1462554e+00  -1.3720242e+01  -3.5000000e+01   2.7728412e+01
  -3.1000000e+01  -3.5000000e+01  -3.5722162e+01   6.5879148e-01  -9.1459888e+00  -3.5000000e+01   3.4288197e+01
  -3.1000000e+01  -3.5000000e+01  -3.5994759e+01  -4.4312095e-01  -5.0969196e+00  -3.5000000e+01   4.1587399e+01
  -3.1000000e+01  -3.5000000e+01  -2.9582299e+01   3.2923135e+00  -8.5297966e-01  -3.5000000e+01   4.8332733e+01
  -3.1000000e+01  -3.5000000e+01  -2.5629062e+01   8.0474781e+00   2.9336074e+00  -3.5000000e+01   5.2671374e+01
  -3.1000000e+01  -3.5000000e+01  -2.3213603e+01   1.2358445e+01   4.6052063e+00  -3.5000000e+01   5.8046132e+01
  -3.1000000e+01  -3.5000000e+01  -2.3042747e+01   1.4260599e+01   5.1484906e+00  -3.5000000e+01   6.0235745e+01
  -3.1000000e+01  -3.5000000e+01  -2.5172750e+01   1.5028761e+01   5.2302298e+00  -3.5000000e+01   5.9970763e+01
  -3.1000000e+01  -3.5000000e+01  -2.7080500e+01   1.6704527e+01   4.5335510e+00  -3.5000000e+01   5.8141760e+01
  -3.1000000e+01  -3.5000000e+01  -2.7761673e+01   1.7937659e+01   2.0901994e+00  -3.5000000e+01   5.6944759e+01
  -3.1000000e+01  -3.5000000e+01  -2.8756245e+01   2.0212579e+01   3.0689116e-02  -3.5000000e+01   5.3892153e+01
  -3.1000000e+01  -3.5000000e+01  -3.1079047e+01   2.1840850e+01  -3.5938517e-01  -3.5000000e+01   4.9411268e+01
  -3.1000000e+01  -3.5000000e+01  -2.9154420e+01   2.4038230e+01  -8.4042503e-01  -3.5000000e+01   4.6459790e+01
  -3.1000000e+01  -3.5000000e+01  -2.9648786e+01   2.3901104e+01  -3.7786142e+00  -3.5000000e+01   4.3915057e+01
  -3.1000000e+01  -3.5000000e+01  -3.1957947e+01   2.4431527e+01  -6.0112851e+00  -3.5000000e+01   4.3301079e+01
  -3.1000000e+01  -3.5000000e+01  -3.2679975e+01   2.5874429e+01  -7.2124241e+00  -3.5000000e+01   4.0561480e+01
  -3.1000000e+01  -3.5000000e+01  -3.2321001e+01   2.7784367e+01  -8.7948892e+00  -3.5000000e+01   3.8541368e+01
  -3.1000000e+01  -3.5000000e+01  -3.2105736e+01   2.8702490e+01  -9.9272334e+00  -3.5000000e+01   3.6886110e+01
  -3.1000000e+01  -3.5000000e+01  -3.3011217e+01   2.9705945e+01  -1.0219960e+01  -3.5000000e+01   3.2615078e+01
  -3.1000000e+01  -3.5000000e+01  -3.6811187e+01   2.9669432e+01  -1.1034046e+01  -3.5000000e+01   3.0035068e+01
  -3.1000000e+01  -3.5000000e+01  -4.0334315e+01   2.9107358e+01  -1.1285983e+01  -3.5000000e+01   2.8392023e+01
  -3.1000000e+01  -3.5000000e+01  -4.0964622e+01   3.0130293e+01  -1.1057465e+01  -3.5000000e+01   2.6004174e+01
  -3.1000000e+01  -3.5000000e+01  -4.0113034e+01   3.2630027e+01  -1.1705661e+01  -3.5000000e+01   2.2171741e+01
  -3.1000000e+01  -3.5000000e+01  -4.1972248e+01   3.3804035e+01  -1.2673617e+01  -3.5000000e+01   2.0135825e+01
  -3.1000000e+01  -3.5000000e+01  -4.1587238e+01   3.6073647e+01  -1.4227594e+01  -3.5000000e+01   1.7171408e+01
  -3.1000000e+01  -3.5000000e+01  -4.1085045e+01   3.7959636e+01  -1.6314480e+01  -3.5000000e+01   1.4871012e+01
  -3.1000000e+01  -3.5000000e+01  -4.2100550e+01   3.8990588e+01  -1.7330533e+01  -3.5000000e+01   1.2658867e+01
  -3.1000000e+01  -3.5000000e+01  -4.2191899e+01   3.9612030e+01  -1.8821540e+01  -3.5000000e+01   1.0774757e+01
  -3.1000000e+01  -3.5000000e+01  -4.3513394e+01   4.0060220e+01  -1.9432242e+01  -3.5000000e+01   8.7890481e+00
  -3.1000000e+01  -3.5000000e+01  -4.4707101e+01   4.0728828e+01  -2.0424717e+01  -3.5000000e+01   4.9764605e+00
  -3.1000000e+01  -3.5000000e+01  -4.4977535e+01   4.2045332e+01  -2.1796837e+01  -3.5000000e+01   2.1967074e+00
  -3.1000000e+01  -3.5000000e+01  -4.5050565e+01   4.3518823e+01  -2.2488953e+01  -3.5000000e+01  -1.3551013e+00
  -3.1000000e+01  -3.5000000e+01  -4.5397271e+01   4.4840774e+01  -2.3684631e+01  -3.5000000e+01  -3.4898980e+00
  -3.1000000e+01  -3.5000000e+01  -4.5889552e+01   4.4208735e+01  -2.3876675e+01  -3.5000000e+01  -7.0960000e+00
  -3.1000000e+01  -3.5000000e+01  -4.3693269e+01   3.7390717e+01  -2.4114937e+01  -3.5000000e+01  -1.1291897e+01
  -3.1000000e+01  -3.5000000e+01  -4.0619157e+01   3.1862403e+01  -2.4325417e+01  -3.5000000e+01  -1.2831534e+01
  -3.1000000e+01  -3.5000000e+01  -3.8527361e+01   2.7323546e+01  -2.4781305e+01  -3.5000000e+01  -9.2398557e+00
  -3.1000000e+01  -3.5000000e+01  -3.7187132e+01   2.1776129e+01  -2.2212006e+01  -3.5000000e+01  -2.8133520e+00
  -3.1000000e+01  -3.5000000e+01  -3.6054691e+01   1.7326413e+01  -1.9240397e+01  -3.5000000e+01   3.8853282e+00
  -3.1000000e+01  -3.5000000e+01  -3.2419839e+01   1.6667521e+01  -1.8752799e+01  -3.5000000e+01   1.1032798e+01
  -3.1000000e+01  -3.5000000e+01  -2.9404854e+01   1.5276177e+01  -1.7685512e+01  -3.5000000e+01   1.8942480e+01
  -3.1000000e+01  -3.5000000e+01  -2.8089094e+01   1.2393605e+01  -1.4578583e+01  -3.5000000e+01   2.7261571e+01
  -3.1000000e+01  -3.5000000e+01  -3.0766332e+01   8.9487425e+00  -1.0134753e+01  -3.5000000e+01   3.4144423e+01
  -3.1000000e+01  -3.5000000e+01  -3.0493402e+01   5.7124702e+00  -5.6193868e+00  -3.5000000e+01   4.0741579e+01
  -3.1000000e+01  -3.5000000e+01  -2.7583726e+01   4.6093542e+00  -1.8755585e+00  -3.5000000e+01   4.6595254e+01
  -3.1000000e+01  -3.5000000e+01  -2.5637822e+01   5.2863873e+00   2.0154714e+00  -3.5000000e+01   5.1179014e+01
  -3.1000000e+01  -3.5000000e+01  -2.2347504e+01   1.0462566e+01   5.2280985e+00  -3.5000000e+01   5.4616512e+01
  -3.1000000e+01  -3.5000000e+01  -2.0779328e+01   1.5528376e+01   6.3752344e+00  -3.5000000e+01   5.6718744e+01
  -3.1000000e+01  -3.5000000e+01  -2.2573743e+01   1.7520877e+01   7.2382964e+00  -3.5000000e+01   5.5926169e+01
  -3.1000000e+01  -3.5000000e+01  -2.4649783e+01   1.8585130e+01   7.9521847e+00  -3.5000000e+01   5.5205392e+01
  -3.1000000e+01  -3.5000000e+01  -2.6278938e+01   1.9621356e+01   6.4833983e+00  -3.5000000e+01   5.4771289e+01
  -3.1000000e+01  -3.5000000e+01  -2.7134186e+01   2.0876435e+01   3.2675623e+00  -3.5000000e+01   5.2770803e+01
  -3.1000000e+01  -3.5000000e+01  -2.8948707e+01   2.2660883e+01   8.0573372e-01  -3.5000000e+01   5.0382935e+01
  -3.1000000e+01  -3.5000000e+01  -2.8536052e+01   2.4787966e+01  -8.2988851e-01  -3.5000000e+01   4.7306583e+01
  -3.1000000e+01  -3.5000000e+01  -2.7262510e+01   2.5111480e+01  -3.5097775e+00  -3.5000000e+01   4.6114402e+01
  -3.1000000e+01  -3.5000000e+01  -2.9294098e+01   2.5800216e+01  -6.8891297e+00  -3.5000000e+01   4.4898335e+01
  -3.1000000e+01  -3.5000000e+01  -3.3945159e+01   2.5322294e+01  -6.7976655e+00  -3.5000000e+01   4.2130580e+01
  -3.1000000e+01  -3.5000000e+01  -3.2933738e+01   2.7780513e+01  -8.0011902e+00  -3.5000000e+01   3.8448533e+01
  -3.1000000e+01  -3.5000000e+01  -3.3526652e+01   2.8423052e+01  -9.9302208e+00  -3.5000000e+01   3.7051371e+01
  -3.1000000e+01  -3.5000000e+01  -3.4783961e+01   2.9044573e+01  -9.7366707e+00  -3.5000000e+01   3.4604743e+01
  -3.1000000e+01  -3.5000000e+01  -3.7755658e+01   2.8767644e+01  -1.1070476e+01  -3.5000000e+01   3.2681571e+01
  -3.1000000e+01  -3.5000000e+01  -3.9393214e+01   2.8586986e+01  -1.1098172e+01  -3.5000000e+01   3.1184169e+01
  -3.1000000e+01  -3.5000000e+01  -4.1659496e+01   2.8232366e+01  -1.1909478e+01  -3.5000000e+01   2.9936722e+01
  -3.1000000e+01  -3.5000000e+01  -4.2061313e+01   2.9715395e+01  -1.1914803e+01  -3.5000000e+01   2.7646905e+01
  -3.1000000e+01  -3.5000000e+01  -4.1404768e+01   3.1686571e+01  -1.2806280e+01  -3.5000000e+01   2.5152910e+01
  -3.1000000e+01  -3.5000000e+01  -4.1532494e+01   3.2598889e+01  -1.3094365e+01  -3.5000000e+01   2.3715577e+01
  -3.1000000e+01  -3.5000000e+01  -4.3056277e+01   3.3176705e+01  -1.4123098e+01  -3.5000000e+01   2.1533214e+01
  -3.1000000e+01  -3.5000000e+01  -4.4079345e+01   3.4353227e+01  -1.4880851e+01  -3.5000000e+01   1.9346635e+01
  -3.1000000e+01  -3.5000000e+01  -4.4546948e+01   3.5618577e+01  -1.5298725e+01  -3.5000000e+01   1.7013833e+01
  -3.1000000e+01  -3.5000000e+01  -4.4168930e+01   3.7528697e+01  -1.6336098e+01  -3.5000000e+01   1.4514080e+01
  -3.1000000e+01  -3.5000000e+01  -4.3655914e+01   3.8553198e+01  -1.8006291e+01  -3.5000000e+01   1.3380656e+01
  -3.1000000e+01  -3.5000000e+01  -4.3515553e+01   3.9653706e+01  -1.9949639e+01  -3.5000000e+01   1.1566927e+01
  -3.1000000e+01  -3.5000000e+01  -4.3558587e+01   4.0521553e+01  -1.9893460e+01  -3.5000000e+01   9.2854802e+00
  -3.1000000e+01  -3.5000000e+01  -4.3959590e+01   4.1059044e+01  -2.0416693e+01  -3.5000000e+01   7.0807054e+00
  -3.1000000e+01  -3.5000000e+01  -4.4401245e+01   4.1707268e+01  -2.1129210e+01  -3.5000000e+01   4.5721269e+00
  -3.1000000e+01  -3.5000000e+01  -4.4331629e+01   4.2077403e+01  -2.2410554e+01  -3.5000000e+01   2.7633235e+00
  -3.1000000e+01  -3.5000000e+01  -4.3920943e+01   3.7755817e+01  -2.4141310e+01  -3.5000000e+01  -2.2567589e-01
  -3.1000000e+01  -3.5000000e+01  -4.4225824e+01   2.9904722e+01  -2.3011752e+01  -3.5000000e+01  -3.1920271e+00
  -3.1000000e+01  -3.5000000e+01  -4.0591491e+01   2.5456222e+01  -2.2757660e+01  -3.5000000e+01  -3.8937378e+00
  -3.1000000e+01  -3.5000000e+01  -3.8427257e+01   2.2476370e+01  -2.2399144e+01  -3.5000000e+01   2.1091981e+00
  -3.1000000e+01  -3.5000000e+01  -3.7793567e+01   1.9523894e+01  -2.0657487e+01  -3.5000000e+01   9.3283636e+00
  -3.1000000e+01  -3.5000000e+01  -3.6352085e+01   1.5313350e+01  -1.8087055e+01  -3.5000000e+01   1.6540149e+01
  -3.1000000e+01  -3.5000000e+01  -3.4439944e+01   1.2617286e+01  -1.5928771e+01  -3.5000000e+01   2.4656158e+01
  -3.1000000e+01  -3.5000000e+01  -3.2273634e+01   1.0139289e+01  -1.3169982e+01  -3.5000000e+01   3.2495783e+01
  -3.1000000e+01  -3.5000000e+01  -2.9714095e+01   9.2095008e+00  -9.3620903e+00  -3.5000000e+01   3.9120262e+01
  -3.1000000e+01  -3.5000000e+01  -3.1230027e+01   7.6475087e+00  -4.9332091e+00  -3.5000000e+01   4.4755437e+01
  -3.1000000e+01  -3.5000000e+01  -2.9875380e+01   6.0331838e+00  -1.1343158e+00  -3.5000000e+01   4.8869042e+01
  -3.1000000e+01  -3.5000000e+01  -2.9944300e+01   5.8034538e+00   1.2210223e+00  -3.5000000e+01   5.1968087e+01
  -3.1000000e+01  -3.5000000e+01  -2.9738916e+01   7.0756971e+00   1.9319312e+00  -3.5000000e+01   5.5462230e+01
  -3.1000000e+01  -3.5000000e+01  -2.7425421e+01   9.3642427e+00   1.7094448e+00  -3.5000000e+01   5.6831074e+01
  -3.1000000e+01  -3.5000000e+01  -2.8167508e+01   1.1418983e+01   1.1860888e+00  -3.5000000e+01   5.8804967e+01
  -3.1000000e+01  -3.5000000e+01  -2.8280791e+01   1.2321471e+01   1.8884948e+00  -3.5000000e+01   5.9582180e+01
  -3.1000000e+01  -3.5000000e+01  -2.7389467e+01   1.3878971e+01   2.6717106e+00  -3.5000000e+01   5.9035876e+01
  -3.1000000e+01  -3.5000000e+01  -2.8411965e+01   1.4698147e+01   2.9514614e+00  -3.5000000e+01   5.8419481e+01
  -3.1000000e+01  -3.5000000e+01  -2.8116274e+01   1.5772536e+01   1.3010573e+00  -3.5000000e+01   5.7703316e+01
  -3.1000000e+01  -3.5000000e+01  -2.8177719e+01   1.6999549e+01   3.2739059e-01  -3.5000000e+01   5.6751288e+01
  -3.1000000e+01  -3.5000000e+01  -2.9585138e+01   1.7658791e+01  -1.0383630e+00  -3.5000000e+01   5.5766277e+01
  -3.1000000e+01  -3.5000000e+01  -3.0600985e+01   1.8731958e+01  -2.4912677e+00  -3.5000000e+01   5.4695709e+01
  -3.1000000e+01  -3.5000000e+01  -3.1528769e+01   1.9828539e+01  -3.8279745e+00  -3.5000000e+01   5.3360526e+01
  -3.1000000e+01  -3.5000000e+01  -3.2086210e+01   2.1083427e+01  -3.7638934e+00  -3.5000000e+01   5.2142390e+01
  -3.1000000e+01  -3.5000000e+01  -3.2244519e+01   2.1697725e+01  -5.1225433e+00  -3.5000000e+01   5.1954680e+01
  -3.1000000e+01  -3.5000000e+01  -3.2626913e+01   2.2305037e+01  -6.5960761e+00  -3.5000000e+01   5.1737568e+01
  -3.1000000e+01  -3.5000000e+01  -3.2539935e+01   2.2978104e+01  -8.3829974e+00  -3.5000000e+01   5.0310370e+01
  -3.1000000e+01  -3.5000000e+01  -3.4789602e+01   2.3816851e+01  -9.9773284e+00  -3.5000000e+01   4.9146158e+01
  -3.1000000e+01  -3.5000000e+01  -3.7128004e+01   2.3707884e+01  -1.2496124e+01  -3.5000000e+01   4.9721516e+01
  -3.1000000e+01  -3.5000000e+01  -3.7017640e+01   2.4376727e+01  -1.4191359e+01  -3.5000000e+01   4.7886491e+01
  -3.1000000e+01  -3.5000000e+01  -3.7068543e+01   2.4139094e+01  -1.4777458e+01  -3.5000000e+01   4.6095841e+01
  -3.1000000e+01  -3.5000000e+01  -3.9676498e+01   2.2911192e+01  -1.5215678e+01  -3.5000000e+01   4.4979901e+01
  -3.1000000e+01  -3.5000000e+01  -3.9838131e+01   2.4489141e+01  -1.4322764e+01  -3.5000000e+01   4.2794000e+01
  -3.1000000e+01  -3.5000000e+01  -3.9843794e+01   2.6013568e+01  -1.3666439e+01  -3.5000000e+01   4.1284850e+01
  -3.1000000e+01  -3.5000000e+01  -4.1456970e+01   2.6446671e+01  -1.4911345e+01  -3.5000000e+01   4.0308411e+01
  -3.1000000e+01  -3.5000000e+01  -4.0397742e+01   2.8030935e+01  -1.5901590e+01  -3.5000000e+01   3.8046424e+01
  -3.1000000e+01  -3.5000000e+01  -4.0706397e+01   2.9668510e+01  -1.6838921e+01  -3.5000000e+01   3.6348685e+01
  -3.1000000e+01  -3.5000000e+01  -4.0477073e+01   3.0780434e+01  -1.7476409e+01  -3.5000000e+01   3.4088563e+01
  -3.1000000e+01  -3.5000000e+01  -4.1624189e+01   3.1431168e+01  -1.7920321e+01  -3.5000000e+01   3.2329205e+01
  -3.1000000e+01  -3.5000000e+01  -4.1492641e+01   3.2266488e+01  -1.8689974e+01  -3.5000000e+01   3.0642726e+01
  -3.1000000e+01  -3.5000000e+01  -4.2428638e+01   3.2380857e+01  -1.9656565e+01  -3.5000000e+01   2.9284863e+01
  -3.1000000e+01  -3.5000000e+01  -4.2560870e+01   3.3308741e+01  -1.9677051e+01  -3.5000000e+01   2.7585940e+01
  -3.1000000e+01  -3.5000000e+01  -4.3487470e+01   3.4654446e+01  -1.9665896e+01  -3.5000000e+01   2.5385032e+01
  -3.1000000e+01  -3.5000000e+01  -4.4748353e+01   3.5160121e+01  -1.9993202e+01  -3.5000000e+01   2.3101054e+01
  -3.1000000e+01  -3.5000000e+01  -4.5331941e+01   3.5695504e+01  -2.0866787e+01  -3.5000000e+01   2.1524604e+01
  -3.1000000e+01  -3.5000000e+01  -4.5394602e+01   3.6293004e+01  -2.1486220e+01  -3.5000000e+01   2.0039543e+01
  -3.1000000e+01  -3.5000000e+01  -4.5197039e+01   3.7354690e+01  -2.2263158e+01  -3.5000000e+01   1.8452496e+01
  -3.1000000e+01  -3.5000000e+01  -4.5333910e+01   3.8059530e+01  -2.3380176e+01  -3.5000000e+01   1.6871379e+01
  -3.1000000e+01  -3.5000000e+01  -4.4974206e+01   3.9289769e+01  -2.3976413e+01  -3.5000000e+01   1.5198575e+01
  -3.1000000e+01  -3.5000000e+01  -4.5725569e+01   3.9777974e+01  -2.4934712e+01  -3.5000000e+01   1.3302430e+01
  -3.1000000e+01  -3.5000000e+01  -4.6425123e+01   4.0699998e+01  -2.6104416e+01  -3.5000000e+01   1.0822160e+01
  -3.1000000e+01  -3.5000000e+01  -4.6168678e+01   4.1653719e+01  -2.6789788e+01  -3.5000000e+01   8.3599989e+00
  -3.1000000e+01  -3.5000000e+01  -4.6628526e+01   4.2252930e+01  -2.7725950e+01  -3.5000000e+01   6.2506243e+00
  -3.1000000e+01  -3.5000000e+01  -4.5399121e+01   3.9719314e+01  -2.7979020e+01  -3.5000000e+01   3.9175059e+00
  -3.1000000e+01  -3.5000000e+01  -4.4152482e+01   3.5961619e+01  -2.8235007e+01  -3.5000000e+01   6.0440152e-01
  -3.1000000e+01  -3.5000000e+01  -4.2864518e+01   3.0198064e+01  -2.8106913e+01  -3.5000000e+01  -6.8383535e-01
  -3.1000000e+01  -3.5000000e+01  -4.0278357e+01   2.4485798e+01  -2.5929373e+01  -3.5000000e+01   3.1288627e+00
  -3.1000000e+01  -3.5000000e+01  -3.7931994e+01   1.9721463e+01  -2.2107561e+01  -3.5000000e+01   8.0124223e+00
  -3.1000000e+01  -3.5000000e+01  -3.3674925e+01   1.5501587e+01  -2.0976262e+01  -3.5000000e+01   1.4067286e+01
  -3.1000000e+01  -3.5000000e+01  -2.8782126e+01   1.4699425e+01  -2.0141711e+01  -3.5000000e+01   1.9645970e+01
  -3.1000000e+01  -3.5000000e+01  -2.7964263e+01   1.3126764e+01  -1.6409739e+01  -3.5000000e+01   2.4814063e+01
  -3.1000000e+01  -3.5000000e+01  -2.8778664e+01   1.1271312e+01  -1.0198355e+01  -3.5000000e+01   3.1707825e+01
  -3.1000000e+01  -3.5000000e+01  -2.7196928e+01   1.1524498e+01  -5.8958836e+00  -3.5000000e+01   3.9992574e+01
  -3.1000000e+01  -3.5000000e+01  -2.4861513e+01   1.1093131e+01  -2.8674408e+00  -3.5000000e+01   4.7147112e+01
  -3.1000000e+01  -3.5000000e+01  -2.4533295e+01   1.1402179e+01  -8.8532461e-01  -3.5000000e+01   5.2779398e+01
  -3.1000000e+01  -3.5000000e+01  -2.4743942e+01   1.2376063e+01  -1.1690958e+00  -3.5000000e+01   5.6635772e+01
  -3.1000000e+01  -3.5000000e+01  -2.4920107e+01   1.4650082e+01   3.4894846e-01  -3.5000000e+01   5.7993344e+01
  -3.1000000e+01  -3.5000000e+01  -2.6909895e+01   1.6141207e+01   1.8503920e+00  -3.5000000e+01   6.0081859e+01
  -3.1000000e+01  -3.5000000e+01  -2.7509565e+01   1.7382505e+01   2.4727064e+00  -3.5000000e+01   5.8871372e+01
  -3.1000000e+01  -3.5000000e+01  -2.7824998e+01   1.9466502e+01   2.4302427e+00  -3.5000000e+01   5.5351546e+01
  -3.1000000e+01  -3.5000000e+01  -2.7103521e+01   2.1203781e+01  -5.6994699e-01  -3.5000000e+01   5.4672231e+01
  -3.1000000e+01  -3.5000000e+01  -2.7317300e+01   2.1999096e+01  -2.7801526e+00  -3.5000000e+01   5.2625289e+01
  -3.1000000e+01  -3.5000000e+01  -2.9275998e+01   2.2200651e+01  -5.3784746e+00  -3.5000000e+01   5.0274376e+01
  -3.1000000e+01  -3.5000000e+01  -3.3544027e+01   2.1191309e+01  -6.8307210e+00  -3.5000000e+01   4.9090638e+01
  -3.1000000e+01  -3.5000000e+01  -3.5904835e+01   2.1114778e+01  -8.9167192e+00  -3.5000000e+01   4.7395627e+01
  -3.1000000e+01  -3.5000000e+01  -3.6389493e+01   2.2181046e+01  -1.0228242e+01  -3.5000000e+01   4.5219962e+01
  -3.1000000e+01  -3.5000000e+01  -3.4090353e+01   2.5513302e+01  -1.1723754e+01  -3.5000000e+01   4.1837707e+01
  -3.1000000e+01  -3.5000000e+01  -3.4241344e+01   2.6511340e+01  -1.3497236e+01  -3.5000000e+01   4.0623213e+01
  -3.1000000e+01  -3.5000000e+01  -3.5155352e+01   2.7587972e+01  -1.5351372e+01  -3.5000000e+01   3.8635032e+01
  -3.1000000e+01  -3.5000000e+01  -3.8783728e+01   2.6954132e+01  -1.4776849e+01  -3.5000000e+01   3.7187177e+01
  -3.1000000e+01  -3.5000000e+01  -3.9619836e+01   2.6709860e+01  -1.5444248e+01  -3.5000000e+01   3.5999814e+01
  -3.1000000e+01  -3.5000000e+01  -4.0806158e+01   2.7571690e+01  -1.5703751e+01  -3.5000000e+01   3.3162628e+01
  -3.1000000e+01  -3.5000000e+01  -4.2744078e+01   2.7774013e+01  -1.5181733e+01  -3.5000000e+01   3.1506459e+01
