   4.0317491e+01   5.5962850e+01  -1.7205915e+02   6.8530975e+01   2.5079622e+01  -4.6480282e+01   9.1070994e+00
   4.0147762e+01   4.1962865e+01  -1.7679236e+02   5.8661060e+01   2.1287234e+01  -4.7415515e+01   1.4233970e+01
   4.2465029e+01   2.7962998e+01  -1.8111055e+02   4.8932332e+01   1.9487613e+01  -4.9164217e+01   1.9831602e+01
   4.4782297e+01   1.3963131e+01  -1.8542875e+02   3.9203604e+01   1.7687992e+01  -5.0912919e+01   2.5429234e+01
   4.7099564e+01  -3.6736163e-02  -1.8974695e+02   2.9474875e+01   1.5888371e+01  -5.2661621e+01   3.1026867e+01
   4.9416832e+01  -1.4036603e+01  -1.9406514e+02   1.9746147e+01   1.4088751e+01  -5.4410323e+01   3.6624499e+01
   5.1734099e+01  -2.8036470e+01  -1.9838334e+02   1.0017419e+01   1.2289130e+01  -5.6159025e+01   4.2222132e+01
   5.4051367e+01  -4.2036337e+01  -2.0270154e+02   2.8869144e-01   1.0489509e+01  -5.7907727e+01   4.7819764e+01
   5.6385524e+01  -4.3000000e+01  -2.0697062e+02  -9.3993524e+00   8.7443883e+00  -5.9648663e+01   5.3459316e+01
   5.9652416e+01  -4.3000000e+01  -2.0150773e+02  -7.5721016e+00   1.7603415e+01  -5.6880116e+01   5.9597742e+01
   6.2729601e+01  -4.3000000e+01  -2.0222306e+02  -5.0044651e+00   2.4510624e+01  -5.3532928e+01   6.0804650e+01
   6.2369910e+01  -4.3000000e+01  -1.9784429e+02  -3.4523948e+00   2.9647258e+01  -5.1333010e+01   5.9430992e+01
   6.3734953e+01  -4.3000000e+01  -1.9581491e+02  -1.8635055e+00   3.2733955e+01  -4.8520770e+01   5.6834678e+01
   6.4343792e+01  -4.3000000e+01  -1.9390655e+02   2.4613610e-01   3.4570117e+01  -4.5320643e+01   5.3543171e+01
   6.8471961e+01  -4.3000000e+01  -1.9600455e+02   4.0764968e+00   3.3763469e+01  -4.0270522e+01   5.1067440e+01
   7.3757363e+01  -4.3000000e+01  -1.9704306e+02   9.1269061e+00   3.0479781e+01  -3.4621915e+01   4.7750526e+01
   7.8579239e+01  -4.3000000e+01  -1.9844105e+02   1.4706642e+01   2.6247083e+01  -2.8598302e+01   4.3139233e+01
   8.2940246e+01  -4.3000000e+01  -2.0020204e+02   2.0111079e+01   2.1405594e+01  -2.2689319e+01   3.8394703e+01
   8.7379143e+01  -4.3000000e+01  -2.0473747e+02   2.5110638e+01   1.5012424e+01  -1.6889538e+01   3.4269828e+01
   9.1447763e+01  -4.3000000e+01  -2.0742728e+02   2.9925510e+01   7.9459500e+00  -1.1771025e+01   2.8910014e+01
   9.3645273e+01  -4.3000000e+01  -2.1083293e+02   3.3937259e+01   2.2608828e+00  -7.2086488e+00   2.4496753e+01
   9.6446079e+01  -4.3000000e+01  -2.1213011e+02   3.7428722e+01  -3.2066068e+00  -3.7929072e+00   1.9181429e+01
   9.6539417e+01  -4.3000000e+01  -2.1396417e+02   4.0859461e+01  -7.4367863e+00  -5.1638739e-01   1.3617431e+01
   9.6935720e+01  -4.3000000e+01  -2.1483588e+02   4.3531637e+01  -1.1560850e+01   1.6927205e+00   7.2334318e+00
   9.8468518e+01  -4.3000000e+01  -2.1539185e+02   4.6318386e+01  -1.5307054e+01   3.9800113e+00   7.5753122e-01
   9.7351846e+01  -4.3000000e+01  -2.1604462e+02   4.8724636e+01  -1.7536628e+01   6.2173116e+00  -6.1319776e+00
   9.6236306e+01  -4.3000000e+01  -2.1626325e+02   5.1017019e+01  -1.9205017e+01   8.4198539e+00  -1.2549411e+01
   9.4732404e+01  -4.3000000e+01  -2.1824036e+02   5.3709419e+01  -1.9882134e+01   1.1532438e+01  -1.9229830e+01
   9.3300720e+01  -4.3000000e+01  -2.1806923e+02   5.6288486e+01  -2.1901180e+01   1.3959492e+01  -2.6062637e+01
   9.1697377e+01  -4.3000000e+01  -2.1733770e+02   5.8644429e+01  -2.3723244e+01   1.6085900e+01  -3.3229907e+01
   8.9838410e+01  -4.3000000e+01  -2.1804019e+02   6.0438703e+01  -2.5314091e+01   1.8098182e+01  -4.0100099e+01
   8.7775661e+01  -4.3000000e+01  -2.1828099e+02   6.1973442e+01  -2.6428549e+01   1.9802984e+01  -4.7294446e+01
   8.7267534e+01  -4.3000000e+01  -2.1867364e+02   6.3708087e+01  -2.8496399e+01   2.2020205e+01  -5.2886081e+01
   8.5908955e+01  -4.3000000e+01  -2.1906280e+02   6.5578576e+01  -3.1238650e+01   2.4489016e+01  -5.7924950e+01
   8.4575401e+01  -4.3000000e+01  -2.1921227e+02   6.6990372e+01  -3.4485668e+01   2.6459967e+01  -6.1359372e+01
   8.4187747e+01  -4.3000000e+01  -2.1980092e+02   6.7962722e+01  -3.8063238e+01   2.8350171e+01  -6.3360623e+01
   8.5030361e+01  -4.3000000e+01  -2.1974778e+02   6.8557933e+01  -4.1709261e+01   2.9653945e+01  -6.4769988e+01
   8.8070735e+01  -4.3000000e+01  -2.1886289e+02   7.0346361e+01  -4.2336424e+01   3.2209907e+01  -6.9691323e+01
   9.0476783e+01  -4.3000000e+01  -2.1746716e+02   7.1865515e+01  -4.0644029e+01   3.4338912e+01  -7.6540699e+01
   9.4240564e+01  -4.3000000e+01  -2.1737722e+02   7.2504216e+01  -3.9785644e+01   3.6134447e+01  -7.7916242e+01
   9.6773002e+01  -4.3000000e+01  -2.1713034e+02   7.1738011e+01  -3.8966363e+01   3.6332360e+01  -7.9484572e+01
   1.0085738e+02  -4.3000000e+01  -2.1825116e+02   7.0294397e+01  -3.8288317e+01   3.6895765e+01  -7.7057919e+01
   1.0568114e+02  -4.3000000e+01  -2.2009442e+02   6.8194067e+01  -3.7691041e+01   3.7213669e+01  -7.1583289e+01
   1.0907394e+02  -4.3000000e+01  -2.2155546e+02   6.4813295e+01  -3.6458801e+01   3.5973145e+01  -6.5792773e+01
   1.1242797e+02  -4.3000000e+01  -2.2274264e+02   6.1179873e+01  -3.4193833e+01   3.4692779e+01  -5.8855385e+01
   1.1519485e+02  -4.3000000e+01  -2.2460584e+02   5.7246464e+01  -3.2292840e+01   3.3524847e+01  -5.0042376e+01
   1.1712450e+02  -4.3000000e+01  -2.2683822e+02   5.2885935e+01  -3.0474525e+01   3.2029030e+01  -4.0545462e+01
   1.1552247e+02  -4.3000000e+01  -2.2861326e+02   4.7810591e+01  -2.5594828e+01   2.9396724e+01  -3.0710519e+01
   1.1088913e+02  -4.3000000e+01  -2.3122540e+02   4.2942103e+01  -1.8551461e+01   2.6853541e+01  -2.0389411e+01
   1.1016117e+02  -4.3000000e+01  -2.3401273e+02   3.8215719e+01  -1.1756448e+01   2.4532431e+01  -9.4983481e+00
   1.0731107e+02  -4.3000000e+01  -2.3645107e+02   3.3868197e+01  -5.9100788e+00   2.2721178e+01   1.7192298e+00
   1.0614284e+02  -4.3000000e+01  -2.3783849e+02   2.9823921e+01  -2.5890853e+00   2.1369126e+01   1.3037970e+01
   1.0100671e+02  -4.3000000e+01  -2.3664340e+02   2.5884595e+01   1.1432372e-01   1.8958635e+01   2.3951265e+01
   1.0336857e+02  -4.3000000e+01  -2.3522434e+02   2.3774677e+01  -1.7075955e+00   1.7523360e+01   3.4016581e+01
   1.0552348e+02  -4.3000000e+01  -2.3404587e+02   2.3172390e+01  -5.3406448e+00   1.6688568e+01   4.0651834e+01
   1.0582827e+02  -4.3000000e+01  -2.3269985e+02   2.2967792e+01  -8.8784570e+00   1.5682763e+01   4.2419070e+01
   1.0723551e+02  -4.3000000e+01  -2.3141524e+02   2.3945849e+01  -1.1913431e+01   1.5317556e+01   4.1593163e+01
   1.0901003e+02  -4.3000000e+01  -2.3055947e+02   2.5834745e+01  -1.5710970e+01   1.5452999e+01   3.8564544e+01
   1.0798394e+02  -4.3000000e+01  -2.2918622e+02   2.7624904e+01  -1.8393032e+01   1.5332205e+01   3.4151623e+01
   1.0770826e+02  -4.3000000e+01  -2.2695303e+02   2.9065925e+01  -2.0351491e+01   1.4752124e+01   3.0312463e+01
   1.0758539e+02  -4.3000000e+01  -2.2506985e+02   3.0883287e+01  -2.3077464e+01   1.4653278e+01   2.6300235e+01
   1.0799700e+02  -4.3000000e+01  -2.2398109e+02   3.2737157e+01  -2.5790118e+01   1.4924156e+01   2.2375271e+01
   1.0989833e+02  -4.3000000e+01  -2.2358260e+02   3.5136039e+01  -2.9555186e+01   1.5793779e+01   1.8543648e+01
   1.1114530e+02  -4.3000000e+01  -2.2254517e+02   3.7750381e+01  -3.3919669e+01   1.6631346e+01   1.3552472e+01
   1.1009591e+02  -4.3000000e+01  -2.2280859e+02   3.9925928e+01  -3.6386779e+01   1.8047788e+01   8.3601755e+00
   1.0993256e+02  -4.3000000e+01  -2.2180412e+02   4.1424572e+01  -3.7976337e+01   1.8815571e+01   3.2381962e+00
   1.0727180e+02  -4.3000000e+01  -2.2146985e+02   4.2436978e+01  -3.7227901e+01   1.9398365e+01  -2.4279669e+00
   1.0420803e+02  -4.3000000e+01  -2.2079539e+02   4.3268159e+01  -3.5615047e+01   1.9735719e+01  -8.3138791e+00
   1.0188866e+02  -4.3000000e+01  -2.2124974e+02   4.4612293e+01  -3.2951045e+01   2.0803038e+01  -1.3965811e+01
   9.9292230e+01  -4.3000000e+01  -2.2029981e+02   4.5867149e+01  -3.0440605e+01   2.1447485e+01  -1.9570542e+01
   9.7903093e+01  -4.3000000e+01  -2.1896464e+02   4.7023130e+01  -2.9826140e+01   2.2001512e+01  -2.5427721e+01
   9.6301954e+01  -4.3000000e+01  -2.1898429e+02   4.8896614e+01  -3.0366873e+01   2.3445129e+01  -3.2188512e+01
   9.5079894e+01  -4.3000000e+01  -2.1823469e+02   5.0523927e+01  -3.1999278e+01   2.4501251e+01  -3.8508016e+01
   9.3834916e+01  -4.3000000e+01  -2.1841629e+02   5.2256206e+01  -3.3524610e+01   2.6027516e+01  -4.4597509e+01
   9.2414478e+01  -4.3000000e+01  -2.1941649e+02   5.3899735e+01  -3.4827144e+01   2.7896452e+01  -5.0068254e+01
   9.1060315e+01  -4.3000000e+01  -2.1990448e+02   5.4996174e+01  -3.6342736e+01   2.9331712e+01  -5.3572523e+01
   8.9397687e+01  -4.3000000e+01  -2.1908155e+02   5.6343024e+01  -3.7821517e+01   3.0872195e+01  -5.7252420e+01
   8.8158391e+01  -4.3000000e+01  -2.1857775e+02   5.7276905e+01  -3.9280514e+01   3.2355846e+01  -6.0343977e+01
   8.7130495e+01  -4.3000000e+01  -2.1775494e+02   5.7664520e+01  -4.1178681e+01   3.3048013e+01  -6.2698686e+01
   8.5817110e+01  -4.3000000e+01  -2.1759597e+02   5.8102776e+01  -4.3199495e+01   3.4080244e+01  -6.4147023e+01
   8.6185620e+01  -4.3000000e+01  -2.1718328e+02   5.9033872e+01  -4.4593433e+01   3.5713323e+01  -6.5882402e+01
   8.8892697e+01  -4.3000000e+01  -2.1656477e+02   6.0013916e+01  -4.5273990e+01   3.7700089e+01  -6.6689440e+01
   9.1328604e+01  -4.3000000e+01  -2.1574280e+02   6.0359512e+01  -4.4327829e+01   3.9272144e+01  -6.7638982e+01
   9.4757512e+01  -4.3000000e+01  -2.1486271e+02   5.9876863e+01  -4.3878680e+01   4.0171963e+01  -6.3747071e+01
   9.7780710e+01  -4.3000000e+01  -2.1357562e+02   5.8541937e+01  -4.1325464e+01   4.0444173e+01  -5.9779286e+01
   1.0161384e+02  -4.3000000e+01  -2.1382813e+02   5.6113814e+01  -3.7694222e+01   4.0414394e+01  -5.4005107e+01
   1.0745772e+02  -4.3000000e+01  -2.1509671e+02   5.2444514e+01  -3.3571559e+01   3.9149775e+01  -4.7088374e+01
   1.0954626e+02  -4.3000000e+01  -2.1796578e+02   4.8430871e+01  -2.8581287e+01   3.7608326e+01  -3.8982302e+01
   1.1213089e+02  -4.3000000e+01  -2.2057852e+02   4.4065711e+01  -2.3132217e+01   3.5228785e+01  -3.0122503e+01
   1.1383483e+02  -4.3000000e+01  -2.2143305e+02   3.9769945e+01  -1.8468319e+01   3.2438381e+01  -2.0465900e+01
   1.1557999e+02  -4.3000000e+01  -2.2333046e+02   3.5416032e+01  -1.5435670e+01   2.9990215e+01  -1.0279992e+01
   1.1563692e+02  -4.3000000e+01  -2.2538832e+02   3.0994233e+01  -1.2981161e+01   2.7473814e+01   1.2598201e-01
   1.0864019e+02  -4.3000000e+01  -2.2766832e+02   2.6348952e+01  -5.9963784e+00   2.4243157e+01   1.0397206e+01
   1.0930192e+02  -4.3000000e+01  -2.2866868e+02   2.2536155e+01  -1.3768885e+00   2.1775555e+01   2.0449000e+01
   1.0637853e+02  -4.3000000e+01  -2.2895779e+02   1.9087757e+01   1.6066312e+00   2.0078546e+01   3.0373866e+01
   9.9336052e+01  -4.3000000e+01  -2.2857031e+02   1.5121346e+01   5.7862567e+00   1.8769946e+01   3.9809034e+01
   9.4672213e+01  -4.3000000e+01  -2.2860591e+02   1.1730504e+01   8.6622280e+00   1.7379095e+01   4.7810786e+01
   9.4512075e+01  -4.3000000e+01  -2.2620808e+02   9.7261431e+00   9.0144283e+00   1.6151976e+01   5.2058389e+01
   9.8264100e+01  -4.3000000e+01  -2.2450877e+02   1.0018575e+01   7.0170817e+00   1.5896501e+01   5.0868720e+01
   9.9197218e+01  -4.3000000e+01  -2.2331600e+02   1.0652106e+01   4.0507677e+00   1.5751757e+01   4.8528878e+01
   9.9705159e+01  -4.3000000e+01  -2.2218331e+02   1.1784397e+01   1.1945670e+00   1.5662645e+01   4.5022566e+01
   1.0053523e+02  -4.3000000e+01  -2.2076880e+02   1.3183895e+01  -1.5949778e+00   1.5730630e+01   4.1472455e+01
   1.0210176e+02  -4.3000000e+01  -2.1932553e+02   1.4875909e+01  -4.4817933e+00   1.5711186e+01   3.6713099e+01
   1.0246455e+02  -4.3000000e+01  -2.1828314e+02   1.6570713e+01  -7.9720028e+00   1.5635054e+01   3.1817648e+01
   1.0298474e+02  -4.3000000e+01  -2.1860541e+02   1.9296718e+01  -1.0768132e+01   1.6669136e+01   2.6379995e+01
   1.0533226e+02  -4.3000000e+01  -2.1810976e+02   2.2511892e+01  -1.6036799e+01   1.7791931e+01   2.0640895e+01
   1.0662225e+02  -4.3000000e+01  -2.1837563e+02   2.5779550e+01  -2.1175806e+01   1.9188813e+01   1.5210130e+01
   1.0482030e+02  -4.3000000e+01  -2.1765561e+02   2.7903107e+01  -2.2819753e+01   2.0077968e+01   1.1217052e+01
   1.0397112e+02  -4.3000000e+01  -2.1727985e+02   2.9922431e+01  -2.3275039e+01   2.0770953e+01   5.3960099e+00
   1.0301603e+02  -4.3000000e+01  -2.1629755e+02   3.1895321e+01  -2.4361739e+01   2.1077233e+01  -1.2315885e+00
   1.0287299e+02  -4.3000000e+01  -2.1618210e+02   3.4525634e+01  -2.6445275e+01   2.2013553e+01  -8.5344675e+00
   1.0143637e+02  -4.3000000e+01  -2.1617551e+02   3.7323668e+01  -2.8186545e+01   2.3601404e+01  -1.4809982e+01
   1.0010353e+02  -4.3000000e+01  -2.1617834e+02   3.9782828e+01  -2.8836697e+01   2.5199120e+01  -2.1401557e+01
   9.8990376e+01  -4.3000000e+01  -2.1565252e+02   4.1890992e+01  -2.9972418e+01   2.6229071e+01  -2.8566308e+01
   9.6580694e+01  -4.3000000e+01  -2.1568851e+02   4.3999453e+01  -3.0603911e+01   2.7416531e+01  -3.6350698e+01
   9.4483066e+01  -4.3000000e+01  -2.1630627e+02   4.6181213e+01  -3.1451436e+01   2.8967494e+01  -4.2898633e+01
   9.2340205e+01  -4.3000000e+01  -2.1667704e+02   4.7902887e+01  -3.1649250e+01   3.0393424e+01  -4.9696870e+01
   9.1450326e+01  -4.3000000e+01  -2.1803533e+02   4.9591198e+01  -3.3311720e+01   3.2094022e+01  -5.4485988e+01
   8.9368494e+01  -4.3000000e+01  -2.1754205e+02   5.1397897e+01  -3.4007231e+01   3.3993326e+01  -5.8673109e+01
   8.7103978e+01  -4.3000000e+01  -2.1731830e+02   5.2870240e+01  -3.4265973e+01   3.5614708e+01  -6.3366139e+01
   8.5464969e+01  -4.3000000e+01  -2.1749817e+02   5.4002788e+01  -3.5065684e+01   3.7203490e+01  -6.6506105e+01
   8.4305968e+01  -4.3000000e+01  -2.1733280e+02   5.4712858e+01  -3.5976858e+01   3.8095427e+01  -6.9294202e+01
   8.3582080e+01  -4.3000000e+01  -2.1681957e+02   5.5040251e+01  -3.6985841e+01   3.8826193e+01  -7.0277904e+01
   8.4185292e+01  -4.3000000e+01  -2.1555774e+02   5.5613065e+01  -3.7749898e+01   3.9662308e+01  -7.1619764e+01
   8.6121528e+01  -4.3000000e+01  -2.1517835e+02   5.6455150e+01  -3.8122439e+01   4.1204840e+01  -7.2775541e+01
   8.8123860e+01  -4.3000000e+01  -2.1512140e+02   5.6921352e+01  -3.7238846e+01   4.2903395e+01  -7.1705151e+01
   8.9983626e+01  -4.3000000e+01  -2.1352948e+02   5.6685271e+01  -3.5972186e+01   4.3494500e+01  -7.1110596e+01
   9.4300728e+01  -4.3000000e+01  -2.1255472e+02   5.5377440e+01  -3.3658863e+01   4.4021606e+01  -6.9726265e+01
   9.7707915e+01  -4.3000000e+01  -2.1360343e+02   5.2864234e+01  -3.2050170e+01   4.3822991e+01  -6.4603479e+01
   1.0266454e+02  -4.3000000e+01  -2.1514319e+02   4.9750873e+01  -3.0224096e+01   4.3121270e+01  -5.7333459e+01
   1.0833897e+02  -4.3000000e+01  -2.1684972e+02   4.6152428e+01  -2.8515627e+01   4.2023067e+01  -4.8796437e+01
   1.1029315e+02  -4.3000000e+01  -2.1866561e+02   4.1903532e+01  -2.4741357e+01   4.0023852e+01  -4.0047948e+01
   1.1234599e+02  -4.3000000e+01  -2.2101612e+02   3.7262524e+01  -2.1053241e+01   3.7680309e+01  -3.0508037e+01
   1.1375821e+02  -4.3000000e+01  -2.2309789e+02   3.2842264e+01  -1.7767019e+01   3.5644075e+01  -2.0442590e+01
   1.1696556e+02  -4.3000000e+01  -2.2544563e+02   2.8924668e+01  -1.6128074e+01   3.4641090e+01  -9.7383427e+00
   1.1522547e+02  -4.3000000e+01  -2.2697996e+02   2.4134289e+01  -1.2669353e+01   3.2193899e+01   8.6904277e-01
   1.1138265e+02  -4.3000000e+01  -2.2855044e+02   1.9851106e+01  -8.0916688e+00   2.9691913e+01   1.1521525e+01
   1.0813358e+02  -4.3000000e+01  -2.2889419e+02   1.6056428e+01  -3.1831473e+00   2.7504177e+01   2.2006172e+01
   1.0614862e+02  -4.3000000e+01  -2.2853181e+02   1.2218126e+01   4.9436256e-01   2.5627908e+01   3.2109286e+01
   9.9971994e+01  -4.3000000e+01  -2.2908497e+02   7.9332319e+00   4.4069683e+00   2.3512890e+01   4.1532046e+01
   1.0079413e+02  -4.3000000e+01  -2.2813133e+02   5.4106719e+00   5.3163092e+00   2.2174148e+01   4.9193328e+01
   9.9407649e+01  -4.3000000e+01  -2.2640398e+02   3.8561463e+00   5.3636929e+00   2.1535123e+01   5.3568637e+01
   9.9132444e+01  -4.3000000e+01  -2.2500452e+02   3.2719994e+00   4.6526090e+00   2.1208229e+01   5.5172081e+01
   1.0031661e+02  -4.3000000e+01  -2.2429738e+02   3.6924832e+00   2.7252532e+00   2.0645895e+01   5.3502357e+01
   1.0214731e+02  -4.3000000e+01  -2.2328003e+02   5.2388415e+00   4.2535650e-01   2.0888564e+01   5.0928638e+01
   1.0288338e+02  -4.3000000e+01  -2.2285495e+02   6.4235856e+00  -2.2530347e+00   2.0737974e+01   4.8408039e+01
   1.0395344e+02  -4.3000000e+01  -2.2162493e+02   7.8782736e+00  -4.6092919e+00   2.0771997e+01   4.5849358e+01
   1.0486284e+02  -4.3000000e+01  -2.2065538e+02   9.1165567e+00  -7.1110969e+00   2.0462999e+01   4.2884197e+01
   1.0442195e+02  -4.3000000e+01  -2.1976539e+02   1.0746971e+01  -9.6246541e+00   2.0408227e+01   4.0206877e+01
   1.0522481e+02  -4.3000000e+01  -2.1898944e+02   1.2645240e+01  -1.1596678e+01   2.0472894e+01   3.6197129e+01
   1.0572360e+02  -4.3000000e+01  -2.2043623e+02   1.5089681e+01  -1.4247814e+01   2.1190279e+01   3.2213689e+01
   1.0813208e+02  -4.3000000e+01  -2.2073043e+02   1.8144381e+01  -1.9266997e+01   2.2167841e+01   2.8713808e+01
   1.0644431e+02  -4.3000000e+01  -2.2033200e+02   2.0451095e+01  -2.0637499e+01   2.2629414e+01   2.4755356e+01
   1.0400315e+02  -4.3000000e+01  -2.1991573e+02   2.2113879e+01  -1.9853838e+01   2.2367880e+01   2.0369026e+01
   1.0504780e+02  -4.3000000e+01  -2.1848146e+02   2.3916027e+01  -2.0713419e+01   2.2144991e+01   1.6722432e+01
   1.0439369e+02  -4.3000000e+01  -2.1691690e+02   2.5562422e+01  -2.2760323e+01   2.1896946e+01   1.2384388e+01
   1.0332086e+02  -4.3000000e+01  -2.1502764e+02   2.7147292e+01  -2.4774437e+01   2.1443816e+01   7.1869271e+00
   1.0480335e+02  -4.3000000e+01  -2.1420150e+02   2.9401084e+01  -2.8424695e+01   2.1665772e+01   2.1497103e+00
   1.0396038e+02  -4.3000000e+01  -2.1347563e+02   3.1480085e+01  -3.0827797e+01   2.2336476e+01  -3.0358902e+00
   1.0452091e+02  -4.3000000e+01  -2.1265449e+02   3.3873058e+01  -3.4475491e+01   2.3395320e+01  -8.9983111e+00
   1.0435312e+02  -4.3000000e+01  -2.1255602e+02   3.6104535e+01  -3.8201443e+01   2.4834061e+01  -1.3211047e+01
   1.0391588e+02  -4.3000000e+01  -2.1248666e+02   3.8252855e+01  -4.1719320e+01   2.6426264e+01  -1.7939002e+01
   1.0264439e+02  -4.3000000e+01  -2.1363873e+02   4.0309147e+01  -4.3835626e+01   2.8547188e+01  -2.2661173e+01
   1.0124910e+02  -4.3000000e+01  -2.1504773e+02   4.2051490e+01  -4.4407931e+01   3.0494547e+01  -2.7993994e+01
   9.9916333e+01  -4.3000000e+01  -2.1532999e+02   4.3569991e+01  -4.5433792e+01   3.1936565e+01  -3.2865981e+01
   9.7663806e+01  -4.3000000e+01  -2.1510301e+02   4.4992251e+01  -4.6577190e+01   3.3154818e+01  -3.8252887e+01
   9.6115408e+01  -4.3000000e+01  -2.1421107e+02   4.5735840e+01  -4.7411340e+01   3.3864810e+01  -4.3103450e+01
   9.4764160e+01  -4.3000000e+01  -2.1491131e+02   4.6447031e+01  -4.7708270e+01   3.5350414e+01  -4.7212075e+01
   9.3876430e+01  -4.3000000e+01  -2.1515883e+02   4.6947820e+01  -4.8069808e+01   3.6697202e+01  -5.0444306e+01
   9.3262062e+01  -4.3000000e+01  -2.1496835e+02   4.6947127e+01  -4.8676268e+01   3.7718234e+01  -5.3226733e+01
   9.2647062e+01  -4.3000000e+01  -2.1488227e+02   4.6864686e+01  -4.9294183e+01   3.8660782e+01  -5.6050099e+01
   9.2050888e+01  -4.3000000e+01  -2.1484848e+02   4.6753535e+01  -4.9914579e+01   3.9569145e+01  -5.8889540e+01
   9.1187918e+01  -4.3000000e+01  -2.1545060e+02   4.7135480e+01  -5.0341316e+01   4.0724185e+01  -6.1937097e+01
   9.0213650e+01  -4.3000000e+01  -2.1559156e+02   4.7537697e+01  -5.0745521e+01   4.1562769e+01  -6.5554554e+01
   8.9121210e+01  -4.3000000e+01  -2.1569242e+02   4.7988269e+01  -5.1156326e+01   4.2444287e+01  -6.9100899e+01
   8.8293954e+01  -4.3000000e+01  -2.1616209e+02   4.8327649e+01  -5.1473430e+01   4.3441558e+01  -7.1670720e+01
   8.7792576e+01  -4.3000000e+01  -2.1656104e+02   4.8547841e+01  -5.1906267e+01   4.4134143e+01  -7.2292426e+01
   8.6617547e+01  -4.3000000e+01  -2.1673627e+02   4.8954892e+01  -5.2364584e+01   4.4986985e+01  -7.2685346e+01
   8.5630329e+01  -4.3000000e+01  -2.1646045e+02   4.9341468e+01  -5.2964349e+01   4.5254182e+01  -7.3508329e+01
   8.4271532e+01  -4.3000000e+01  -2.1663597e+02   5.0052290e+01  -5.3392976e+01   4.5885663e+01  -7.4767633e+01
   8.4337100e+01  -4.3000000e+01  -2.1643007e+02   5.1155846e+01  -5.3292840e+01   4.6801517e+01  -7.7322757e+01
   8.6555556e+01  -4.3000000e+01  -2.1556455e+02   5.1908034e+01  -5.2878070e+01   4.7832053e+01  -8.1233881e+01
   8.7680567e+01  -4.3000000e+01  -2.1563470e+02   5.2608808e+01  -5.2427524e+01   4.9490951e+01  -8.5959256e+01
   9.0534230e+01  -4.3000000e+01  -2.1538718e+02   5.2287496e+01  -5.2351907e+01   5.0657370e+01  -8.8701275e+01
   9.3392371e+01  -4.3000000e+01  -2.1629855e+02   5.1526118e+01  -5.2354843e+01   5.2276267e+01  -9.0737634e+01
   9.7333818e+01  -4.3000000e+01  -2.1789229e+02   5.0625182e+01  -5.2392786e+01   5.4325057e+01  -9.1115585e+01
   1.0043297e+02  -4.3000000e+01  -2.1833303e+02   4.8802331e+01  -5.2404434e+01   5.5314383e+01  -9.1363716e+01
   1.0261528e+02  -4.3000000e+01  -2.1906906e+02   4.6726873e+01  -5.2404131e+01   5.6101041e+01  -9.1274699e+01
   1.0412822e+02  -4.3000000e+01  -2.2132226e+02   4.4319867e+01  -5.2384533e+01   5.6829829e+01  -9.0138517e+01
   1.0552346e+02  -4.3000000e+01  -2.2343374e+02   4.1957674e+01  -5.2369540e+01   5.7572584e+01  -8.8898920e+01
   1.0609976e+02  -4.3000000e+01  -2.2554978e+02   3.9540358e+01  -5.2372792e+01   5.8204988e+01  -8.7341713e+01
   1.0835696e+02  -4.3000000e+01  -2.2667500e+02   3.7066645e+01  -5.2572740e+01   5.8964208e+01  -8.2839469e+01
   1.1088225e+02  -4.3000000e+01  -2.2805973e+02   3.4689057e+01  -5.2912800e+01   5.9989280e+01  -7.6465337e+01
   1.1384245e+02  -4.3000000e+01  -2.2915269e+02   3.2304290e+01  -5.3198428e+01   6.1122735e+01  -6.8774747e+01
   1.1700887e+02  -4.3000000e+01  -2.3030813e+02   2.9609528e+01  -5.3501070e+01   6.2129985e+01  -5.9791276e+01
   1.1843335e+02  -4.3000000e+01  -2.3069401e+02   2.6310012e+01  -5.3816764e+01   6.2559711e+01  -5.0104237e+01
   1.1837910e+02  -4.3000000e+01  -2.3130128e+02   2.3421854e+01  -5.4860902e+01   6.3381616e+01  -3.9401882e+01
   1.2038273e+02  -4.3000000e+01  -2.3161733e+02   2.0852468e+01  -5.6796555e+01   6.4393882e+01  -2.8410379e+01
   1.2311995e+02  -4.3000000e+01  -2.3153222e+02   1.8465359e+01  -5.8633121e+01   6.5556383e+01  -1.7285949e+01
   1.2605811e+02  -4.3000000e+01  -2.3079088e+02   1.6212624e+01  -6.1175394e+01   6.6483557e+01  -6.1110321e+00
   1.2818414e+02  -4.3000000e+01  -2.2947354e+02   1.4030611e+01  -6.3810026e+01   6.7276939e+01   4.6550253e+00
   1.2956778e+02  -4.3000000e+01  -2.2739734e+02   1.1880150e+01  -6.6470378e+01   6.7577850e+01   1.4099000e+01
   1.2956845e+02  -4.3000000e+01  -2.2487570e+02   9.9568369e+00  -6.9032244e+01   6.7745677e+01   2.0252340e+01
   1.3046958e+02  -4.3000000e+01  -2.2259295e+02   8.9674477e+00  -7.1163761e+01   6.7984686e+01   2.3175464e+01
   1.2985585e+02  -4.3000000e+01  -2.2070829e+02   8.7188511e+00  -7.3365821e+01   6.8530662e+01   2.2037068e+01
   1.2902103e+02  -4.3000000e+01  -2.1937464e+02   8.9336956e+00  -7.5496620e+01   6.9326178e+01   1.9784151e+01
   1.2849782e+02  -4.3000000e+01  -2.1798598e+02   9.2413731e+00  -7.7632670e+01   7.0222347e+01   1.6167410e+01
   1.2914815e+02  -4.3000000e+01  -2.1651028e+02   9.7109989e+00  -7.9896036e+01   7.1232836e+01   1.2408975e+01
   1.2896220e+02  -4.3000000e+01  -2.1487352e+02   1.0384555e+01  -8.3244152e+01   7.2404375e+01   7.8037826e+00
   1.2750671e+02  -4.3000000e+01  -2.1318223e+02   1.0966907e+01  -8.6688909e+01   7.3563700e+01   3.8061400e+00
   1.2443441e+02  -4.3000000e+01  -2.1194252e+02   1.1646201e+01  -8.9980909e+01   7.4884392e+01  -7.0038960e-03
   1.2255555e+02  -4.3000000e+01  -2.1094409e+02   1.2345961e+01  -9.3357725e+01   7.6166372e+01  -4.1363757e+00
   1.1973263e+02  -4.3000000e+01  -2.1009131e+02   1.3059238e+01  -9.6756584e+01   7.7660824e+01  -9.4073184e+00
   1.1647695e+02  -4.3000000e+01  -2.1126577e+02   1.4113371e+01  -9.9796187e+01   7.9612526e+01  -1.5069442e+01
   1.1333431e+02  -4.3000000e+01  -2.1149371e+02   1.5341761e+01  -1.0322219e+02   8.0953144e+01  -2.1034196e+01
   1.0996005e+02  -4.3000000e+01  -2.1178034e+02   1.6818120e+01  -1.0701621e+02   8.1944242e+01  -2.7660373e+01
   1.0687642e+02  -4.3000000e+01  -2.1272874e+02   1.8480356e+01  -1.1082102e+02   8.2600295e+01  -3.3673719e+01
   1.0233742e+02  -4.3000000e+01  -2.1330041e+02   1.9826206e+01  -1.1514703e+02   8.2483220e+01  -4.1592229e+01
   9.9475023e+01  -4.3000000e+01  -2.1415994e+02   2.1464505e+01  -1.1918816e+02   8.1936361e+01  -4.8624888e+01
   9.5908815e+01  -4.3000000e+01  -2.1470188e+02   2.3704027e+01  -1.2190619e+02   8.0173309e+01  -5.4714710e+01
   9.3859426e+01  -4.3000000e+01  -2.1513444e+02   2.5574778e+01  -1.2416397e+02   7.7800882e+01  -5.9362103e+01
   9.0646127e+01  -4.3000000e+01  -2.1333513e+02   2.7720351e+01  -1.2581024e+02   7.5676489e+01  -6.3119962e+01
   8.8250552e+01  -4.3000000e+01  -2.1366076e+02   2.9868457e+01  -1.2711581e+02   7.4222857e+01  -6.7062099e+01
   8.6697006e+01  -4.3000000e+01  -2.1374383e+02   3.2450567e+01  -1.2794400e+02   7.2289385e+01  -6.9848038e+01
   8.4839755e+01  -4.3000000e+01  -2.1365861e+02   3.5064185e+01  -1.2870444e+02   6.9793410e+01  -7.2631093e+01
   8.3323169e+01  -4.3000000e+01  -2.1416495e+02   3.7925787e+01  -1.2901336e+02   6.7721713e+01  -7.4148413e+01
   8.3272643e+01  -4.3000000e+01  -2.1463806e+02   4.0545254e+01  -1.2878318e+02   6.5818729e+01  -7.4163991e+01
   8.4183466e+01  -4.3000000e+01  -2.1492154e+02   4.2739126e+01  -1.2896179e+02   6.3634020e+01  -7.5988365e+01
   8.7908525e+01  -4.3000000e+01  -2.1423776e+02   4.3707024e+01  -1.3026370e+02   6.1104948e+01  -8.1561310e+01
   8.9771391e+01  -4.3000000e+01  -2.1352262e+02   4.5360881e+01  -1.3077878e+02   6.1294341e+01  -8.5275441e+01
   9.0357233e+01  -4.3000000e+01  -2.1387075e+02   4.5845564e+01  -1.3104080e+02   6.1585978e+01  -8.9847249e+01
   9.3549682e+01  -4.3000000e+01  -2.1335382e+02   4.5714682e+01  -1.3104291e+02   6.2211336e+01  -9.1150897e+01
   9.6112264e+01  -4.3000000e+01  -2.1385013e+02   4.4691273e+01  -1.3104156e+02   6.2085915e+01  -9.1970193e+01
   9.8456985e+01  -4.3000000e+01  -2.1532871e+02   4.3027735e+01  -1.3111615e+02   6.3122966e+01  -9.2112464e+01
   1.0069477e+02  -4.3000000e+01  -2.1707313e+02   4.0699225e+01  -1.3117464e+02   6.3745945e+01  -9.1197965e+01
   1.0370239e+02  -4.3000000e+01  -2.1888727e+02   3.8195495e+01  -1.3122175e+02   6.4299652e+01  -9.0487653e+01
   1.0669421e+02  -4.3000000e+01  -2.2102479e+02   3.5344247e+01  -1.3126504e+02   6.4661264e+01  -8.9685200e+01
   1.0916231e+02  -4.3000000e+01  -2.2248768e+02   3.1579920e+01  -1.3127385e+02   6.5424780e+01  -8.9138331e+01
   1.1173468e+02  -4.3000000e+01  -2.2371330e+02   2.8067948e+01  -1.3127980e+02   6.6503691e+01  -8.8667032e+01
   1.1229377e+02  -4.3000000e+01  -2.2514663e+02   2.4510313e+01  -1.3127785e+02   6.7488548e+01  -8.7769158e+01
   1.1111314e+02  -4.3000000e+01  -2.2581308e+02   2.1571026e+01  -1.3126808e+02   6.9040930e+01  -8.6803564e+01
   1.1071085e+02  -4.3000000e+01  -2.2620252e+02   1.9061024e+01  -1.3127078e+02   7.0992433e+01  -8.6119969e+01
   1.0916634e+02  -4.3000000e+01  -2.2658908e+02   1.6682059e+01  -1.3127267e+02   7.3061403e+01  -8.5266448e+01
   9.9590624e+01  -4.3000000e+01  -2.2960978e+02   1.4871777e+01  -1.3145516e+02   7.4947917e+01  -8.7332850e+01
   9.4678053e+01  -4.3000000e+01  -2.3146176e+02   1.2884755e+01  -1.3143579e+02   7.6232118e+01  -9.1453482e+01
   9.5355917e+01  -4.3000000e+01  -2.3210455e+02   1.1583368e+01  -1.3131850e+02   7.8144770e+01  -9.6612816e+01
   9.9888792e+01  -4.3000000e+01  -2.3159679e+02   9.9371557e+00  -1.3168060e+02   8.1902862e+01  -1.0164345e+02
   9.9914414e+01  -4.3000000e+01  -2.3136705e+02   7.9110508e+00  -1.3240807e+02   8.5057251e+01  -1.0626026e+02
   9.8280701e+01  -4.3000000e+01  -2.3135154e+02   5.4876360e+00  -1.3368561e+02   8.7482802e+01  -1.1265123e+02
   9.5582693e+01  -4.3000000e+01  -2.3116653e+02   2.8416992e+00  -1.3530276e+02   8.9191542e+01  -1.2034628e+02
   9.3171061e+01  -4.3000000e+01  -2.3056439e+02  -1.6173311e-02  -1.3763155e+02   8.9130589e+01  -1.2883522e+02
   9.1125465e+01  -4.3000000e+01  -2.2992460e+02  -2.9713025e+00  -1.4048260e+02   8.8585384e+01  -1.3807615e+02
   9.0513787e+01  -4.3000000e+01  -2.2917118e+02  -6.0622333e+00  -1.4556416e+02   8.7180582e+01  -1.4703257e+02
   9.0112662e+01  -4.3000000e+01  -2.2713523e+02  -9.3990979e+00  -1.5187996e+02   8.4272324e+01  -1.5635220e+02
   9.0262427e+01  -4.3000000e+01  -2.2491983e+02  -1.2885636e+01  -1.5844926e+02   7.9837987e+01  -1.6537093e+02
   9.0305432e+01  -4.3000000e+01  -2.2222722e+02  -1.5790540e+01  -1.6526296e+02   7.5705643e+01  -1.7379573e+02
   9.2001958e+01  -4.3000000e+01  -2.1906204e+02  -1.7775683e+01  -1.7199405e+02   7.1420787e+01  -1.7915113e+02
   9.4665522e+01  -4.3000000e+01  -2.1586073e+02  -1.7924352e+01  -1.7889562e+02   6.7604282e+01  -1.8074682e+02
   9.7272401e+01  -4.3000000e+01  -2.1291798e+02  -1.6053374e+01  -1.8588629e+02   6.4841021e+01  -1.7946125e+02
   9.8164634e+01  -4.3000000e+01  -2.1080075e+02  -1.3369951e+01  -1.9219200e+02   6.2470627e+01  -1.7620432e+02
   9.9572516e+01  -4.3000000e+01  -2.0948430e+02  -9.9786440e+00  -1.9752641e+02   6.0617540e+01  -1.7174764e+02
   1.0072221e+02  -4.3000000e+01  -2.0798104e+02  -6.2194366e+00  -2.0299398e+02   5.9195743e+01  -1.6659425e+02
   1.0098998e+02  -4.3000000e+01  -2.0746188e+02  -2.1527407e+00  -2.0789106e+02   5.8175065e+01  -1.6139272e+02
   1.0072137e+02  -4.3000000e+01  -2.0794783e+02   2.1203650e+00  -2.1219766e+02   5.7722422e+01  -1.5663370e+02
   9.9790642e+01  -4.3000000e+01  -2.0870126e+02   6.4201763e+00  -2.1527602e+02   5.7739864e+01  -1.5149060e+02
   9.7694448e+01  -4.3000000e+01  -2.0851056e+02   1.0032344e+01  -2.1758158e+02   5.7357645e+01  -1.4573648e+02
   9.5193934e+01  -4.3000000e+01  -2.0853257e+02   1.3444773e+01  -2.1923746e+02   5.7360011e+01  -1.4032684e+02
   9.4200575e+01  -4.3000000e+01  -2.0827926e+02   1.6195087e+01  -2.2142060e+02   5.7041412e+01  -1.3569268e+02
   9.2856329e+01  -4.3000000e+01  -2.0936734e+02   1.9102974e+01  -2.2318931e+02   5.7072685e+01  -1.3104262e+02
   9.1404621e+01  -4.3000000e+01  -2.1033633e+02   2.2132913e+01  -2.2491195e+02   5.7209060e+01  -1.2644698e+02
   9.0344465e+01  -4.3000000e+01  -2.1105589e+02   2.4871215e+01  -2.2613511e+02   5.7014309e+01  -1.2256807e+02
   8.9021038e+01  -4.3000000e+01  -2.1174038e+02   2.7637586e+01  -2.2738688e+02   5.6847772e+01  -1.1879511e+02
   8.7515626e+01  -4.3000000e+01  -2.1253469e+02   3.0089023e+01  -2.2823274e+02   5.6823597e+01  -1.1596505e+02
   8.9483638e+01  -4.3000000e+01  -2.1282726e+02   3.2407333e+01  -2.2905036e+02   5.6950062e+01  -1.1477605e+02
   9.1564932e+01  -4.3000000e+01  -2.1236439e+02   3.3510880e+01  -2.2795215e+02   5.7655735e+01  -1.1198988e+02
   9.4913248e+01  -4.3000000e+01  -2.1157686e+02   3.3247169e+01  -2.2650359e+02   5.8585348e+01  -1.1135891e+02
   9.8589200e+01  -4.3000000e+01  -2.1210138e+02   3.1958112e+01  -2.2572969e+02   5.9350028e+01  -1.1601116e+02
   1.0368274e+02  -4.3000000e+01  -2.1329886e+02   2.9659403e+01  -2.2506999e+02   5.9406420e+01  -1.2273808e+02
   1.0874993e+02  -4.3000000e+01  -2.1460895e+02   2.6975448e+01  -2.2433688e+02   5.9140937e+01  -1.3076507e+02
   1.1203834e+02  -4.3000000e+01  -2.1561808e+02   2.3966626e+01  -2.2174686e+02   5.8273415e+01  -1.3881807e+02
   1.1680020e+02  -4.3000000e+01  -2.1787202e+02   2.0076301e+01  -2.1958350e+02   5.6673415e+01  -1.4807515e+02
   1.2161210e+02  -4.3000000e+01  -2.1969841e+02   1.6198017e+01  -2.1893131e+02   5.6095074e+01  -1.5793524e+02
   1.2461656e+02  -4.3000000e+01  -2.2181402e+02   1.2141848e+01  -2.1883438e+02   5.5425836e+01  -1.6805453e+02
   1.2539367e+02  -4.3000000e+01  -2.2382281e+02   8.1183438e+00  -2.1657817e+02   5.4292796e+01  -1.7811800e+02
   1.2682905e+02  -4.3000000e+01  -2.2546854e+02   4.8543687e+00  -2.1396919e+02   5.3785096e+01  -1.8841992e+02
   1.2137617e+02  -4.3000000e+01  -2.2817886e+02   8.8005619e-01  -2.0796793e+02   5.2036332e+01  -1.9811331e+02
   1.1475733e+02  -4.3000000e+01  -2.2933145e+02  -2.9952152e+00  -2.0212123e+02   4.9892644e+01  -2.0761948e+02
   1.1211117e+02  -4.3000000e+01  -2.3064511e+02  -6.4924973e+00  -1.9743659e+02   4.7852627e+01  -2.1629556e+02
   1.1227063e+02  -4.3000000e+01  -2.3108373e+02  -7.3757028e+00  -1.9712706e+02   4.7386410e+01  -2.2353118e+02
   1.1362277e+02  -4.3000000e+01  -2.3069822e+02  -6.9570416e+00  -1.9814085e+02   4.7089112e+01  -2.2548360e+02
   1.1096690e+02  -4.3000000e+01  -2.2958309e+02  -6.6789454e+00  -1.9832007e+02   4.5941086e+01  -2.2504881e+02
   1.0992134e+02  -4.3000000e+01  -2.2853566e+02  -6.4833505e+00  -1.9805021e+02   4.4519957e+01  -2.2424645e+02
   1.0813823e+02  -4.3000000e+01  -2.2705075e+02  -5.8130234e+00  -1.9787652e+02   4.3369225e+01  -2.2339436e+02
   1.0747650e+02  -4.3000000e+01  -2.2548248e+02  -5.1021637e+00  -1.9755373e+02   4.2101116e+01  -2.2225708e+02
   1.0663941e+02  -4.3000000e+01  -2.2493544e+02  -3.7693107e+00  -1.9719360e+02   4.0914073e+01  -2.2030478e+02
