   4.0317491e+01   5.5962850e+01  -1.7205915e+02   6.8530975e+01   2.5079622e+01  -4.6480282e+01   9.1070994e+00
   3.7770367e+01   5.3861098e+01  -1.5806689e+02   5.8385298e+01   1.9001246e+01  -4.5446344e+01   1.5039144e+01
   3.5223243e+01   5.1759345e+01  -1.4407462e+02   4.8239622e+01   1.2922871e+01  -4.4412406e+01   2.0971188e+01
   2.7054874e+01   5.5831692e+01  -1.4300000e+02   3.8744070e+01   3.6928964e+00  -4.8141042e+01   2.5468340e+01
   3.0781583e+01   5.4649704e+01  -1.4300000e+02   3.4547694e+01  -3.8954669e+00  -4.9492420e+01   3.2550005e+01
   3.4083573e+01   4.9565981e+01  -1.4300000e+02   2.9016334e+01  -1.0415455e+01  -5.2770512e+01   3.8845562e+01
   3.4714689e+01   4.1927250e+01  -1.4300000e+02   2.3680183e+01  -1.3987908e+01  -5.5960917e+01   4.4193005e+01
   3.2049653e+01   3.4760315e+01  -1.4300000e+02   1.8720209e+01  -1.5384110e+01  -5.7764830e+01   4.8192606e+01
   2.9323537e+01   3.1956759e+01  -1.4300000e+02   1.5695727e+01  -1.4430623e+01  -5.6531118e+01   5.3439571e+01
   2.5131377e+01   3.3339310e+01  -1.4300000e+02   1.5545745e+01  -1.2342244e+01  -5.1896095e+01   5.6160986e+01
   2.5259351e+01   3.5244175e+01  -1.4300000e+02   1.5668881e+01  -1.0046808e+01  -4.7023369e+01   5.6153010e+01
   2.4616112e+01   3.5509168e+01  -1.4300000e+02   1.5051764e+01  -7.3780760e+00  -4.3418648e+01   5.5939384e+01
   2.4149779e+01   3.9357050e+01  -1.4300000e+02   1.5585339e+01  -3.5534071e+00  -3.9189620e+01   5.3434725e+01
   2.4866130e+01   4.1296741e+01  -1.4300000e+02   1.6006257e+01  -5.2463609e-01  -3.5862779e+01   4.9856684e+01
   2.6635733e+01   4.4635913e+01  -1.4300000e+02   1.7888951e+01   2.2432130e+00  -3.2762524e+01   4.6334068e+01
   2.8477355e+01   4.8419759e+01  -1.4300000e+02   1.9673777e+01   4.9847914e+00  -2.9749902e+01   4.3062103e+01
   3.0159868e+01   4.9857834e+01  -1.4300000e+02   2.1512379e+01   6.1902853e+00  -2.7475534e+01   3.8399494e+01
   2.9782675e+01   5.0764760e+01  -1.4300000e+02   2.3411476e+01   9.4028596e+00  -2.5499345e+01   3.4142655e+01
   3.1125489e+01   5.4756172e+01  -1.4300000e+02   2.5434861e+01   1.3191322e+01  -2.3099110e+01   3.0612114e+01
   3.1309969e+01   5.7617816e+01  -1.4300000e+02   2.7567193e+01   1.7237827e+01  -2.0519472e+01   2.6064194e+01
   3.2418410e+01   5.6163444e+01  -1.4300000e+02   2.8774996e+01   1.6645031e+01  -2.0026050e+01   2.2804357e+01
   3.3068566e+01   5.5602158e+01  -1.4300000e+02   2.9848653e+01   1.6942739e+01  -1.9425531e+01   1.8473346e+01
   3.7758390e+01   5.8665824e+01  -1.4300000e+02   3.2389458e+01   1.6167107e+01  -1.7328096e+01   1.3371656e+01
   3.9816839e+01   6.0008584e+01  -1.4300000e+02   3.4866631e+01   1.6810400e+01  -1.6046100e+01   7.6941234e+00
   3.9916090e+01   6.1535922e+01  -1.4300000e+02   3.7763877e+01   1.9344216e+01  -1.4236393e+01   1.2619009e+00
   4.0949056e+01   5.8808529e+01  -1.4300000e+02   4.0901123e+01   1.9133173e+01  -1.4649494e+01  -5.6616821e+00
   4.2163670e+01   5.7677599e+01  -1.4300000e+02   4.3963757e+01   2.0030472e+01  -1.4640392e+01  -1.1325704e+01
   4.3599908e+01   6.1117109e+01  -1.4300000e+02   4.9076972e+01   2.3699947e+01  -1.4045353e+01  -1.7765573e+01
   4.5859222e+01   6.2671425e+01  -1.4300000e+02   5.5011206e+01   2.7475443e+01  -1.4758072e+01  -2.3818837e+01
   4.8521240e+01   6.2150388e+01  -1.4300000e+02   5.9885735e+01   2.8394726e+01  -1.6785183e+01  -2.9860323e+01
   5.0134494e+01   6.3895011e+01  -1.4300000e+02   6.3942533e+01   3.1012122e+01  -1.6014190e+01  -3.5398461e+01
   5.1000424e+01   6.2473657e+01  -1.4300000e+02   6.6862723e+01   3.1932882e+01  -1.6120105e+01  -4.0819541e+01
   5.2172320e+01   6.4993099e+01  -1.4300000e+02   6.8785670e+01   3.5879136e+01  -1.5276202e+01  -4.3257286e+01
   5.4659539e+01   6.7644314e+01  -1.4300000e+02   7.0783939e+01   3.9287104e+01  -1.4254048e+01  -4.5704760e+01
   5.6662892e+01   6.9573561e+01  -1.4300000e+02   7.2505900e+01   4.2469057e+01  -1.4414800e+01  -4.6284567e+01
   5.7572899e+01   7.1112902e+01  -1.4300000e+02   7.4249266e+01   4.5757475e+01  -1.4900419e+01  -4.6574331e+01
   5.8418300e+01   7.3654848e+01  -1.4300000e+02   7.5091116e+01   4.8166393e+01  -1.5537329e+01  -4.6948560e+01
   5.9909789e+01   7.7068107e+01  -1.4300000e+02   7.3617122e+01   4.9479885e+01  -1.7867979e+01  -5.0766623e+01
   6.0403337e+01   7.6098950e+01  -1.4300000e+02   6.9067038e+01   4.1724659e+01  -2.0904319e+01  -5.3333533e+01
   5.7587067e+01   7.7906812e+01  -1.4300000e+02   6.3352870e+01   4.0864506e+01  -2.2326850e+01  -4.6251156e+01
   5.4476499e+01   7.5168598e+01  -1.4300000e+02   5.8288049e+01   3.5231254e+01  -2.3814602e+01  -4.0655553e+01
   5.0125037e+01   7.4268985e+01  -1.4300000e+02   5.3422534e+01   3.1680837e+01  -2.5127174e+01  -3.2422197e+01
   4.5005169e+01   7.2434154e+01  -1.4300000e+02   4.8297544e+01   2.8496815e+01  -2.7239846e+01  -2.3093267e+01
   4.1024970e+01   6.9055035e+01  -1.4300000e+02   4.3525228e+01   2.2273996e+01  -2.9442486e+01  -1.3548128e+01
   3.8358305e+01   6.3516800e+01  -1.4300000e+02   3.8567196e+01   1.4880246e+01  -3.3085997e+01  -4.5017086e+00
   3.5860580e+01   5.5671818e+01  -1.4300000e+02   3.4392550e+01   8.6895915e+00  -3.7156265e+01   5.6733949e+00
   3.3662301e+01   4.9124951e+01  -1.4300000e+02   2.9977552e+01   2.9091076e+00  -4.1515418e+01   1.5547923e+01
   3.2364437e+01   4.8271257e+01  -1.4300000e+02   2.7842371e+01  -2.5522451e+00  -4.2769672e+01   2.4369238e+01
   3.0679846e+01   4.6740189e+01  -1.4300000e+02   2.6925297e+01  -6.8309534e+00  -4.4648050e+01   3.1570167e+01
   2.6913915e+01   4.7106490e+01  -1.4300000e+02   2.5156814e+01  -8.0698281e+00  -4.5007687e+01   3.7827364e+01
   2.3627011e+01   4.5075972e+01  -1.4300000e+02   2.2787563e+01  -8.0296052e+00  -4.5181915e+01   4.4858947e+01
   2.1184091e+01   4.1163001e+01  -1.4300000e+02   2.0797741e+01  -7.9128537e+00  -4.4860674e+01   5.0402236e+01
   2.2684920e+01   4.3383544e+01  -1.4300000e+02   2.1972282e+01  -7.2958884e+00  -4.1721668e+01   5.2305114e+01
   2.1485182e+01   4.4954177e+01  -1.4300000e+02   2.2754227e+01  -4.0449503e+00  -3.8943743e+01   5.3617845e+01
   2.0718076e+01   4.5479715e+01  -1.4300000e+02   2.2937311e+01   3.1816200e-01  -3.6666235e+01   5.1137202e+01
   2.1773006e+01   5.0341872e+01  -1.4300000e+02   2.4303200e+01   4.8570945e+00  -3.2838625e+01   4.8282572e+01
   2.1837049e+01   5.3464967e+01  -1.4300000e+02   2.6263120e+01   8.8039284e+00  -2.9427808e+01   4.5505641e+01
   2.1646715e+01   5.4971115e+01  -1.4300000e+02   2.7528194e+01   1.3009148e+01  -2.7742927e+01   4.1972079e+01
   2.4615651e+01   5.5995713e+01  -1.4300000e+02   2.8924493e+01   1.3962933e+01  -2.6573029e+01   3.7253249e+01
   2.7867417e+01   5.7821413e+01  -1.4300000e+02   3.0106212e+01   1.3903801e+01  -2.5105876e+01   3.3714482e+01
   2.8806164e+01   5.4075437e+01  -1.4300000e+02   3.0881403e+01   1.3949759e+01  -2.5502382e+01   3.0287628e+01
   2.9207569e+01   5.3579452e+01  -1.4300000e+02   3.1554658e+01   1.5477600e+01  -2.4771246e+01   2.6707104e+01
   2.9069131e+01   5.6807827e+01  -1.4300000e+02   3.2935282e+01   1.9063510e+01  -2.2073980e+01   2.3323328e+01
   3.0548467e+01   5.9448127e+01  -1.4300000e+02   3.4484417e+01   2.1538362e+01  -1.9280613e+01   1.8769229e+01
   3.1253519e+01   5.7689454e+01  -1.4300000e+02   3.6010083e+01   2.1759204e+01  -1.8272988e+01   1.3618646e+01
   3.2401533e+01   5.5201690e+01  -1.4300000e+02   3.6520683e+01   1.9788368e+01  -1.8427674e+01   8.8498244e+00
   3.5142522e+01   5.6602559e+01  -1.4300000e+02   3.8817682e+01   1.9074138e+01  -1.7339973e+01   3.4852059e+00
   3.8019861e+01   5.8616650e+01  -1.4300000e+02   4.1295859e+01   1.9060745e+01  -1.5949024e+01  -1.7782523e+00
   3.9676692e+01   6.2461998e+01  -1.4300000e+02   4.4656967e+01   2.0947762e+01  -1.4008627e+01  -7.3363546e+00
   4.1350718e+01   6.0683017e+01  -1.4300000e+02   4.7603275e+01   2.0250750e+01  -1.4281369e+01  -1.2740047e+01
   4.1247515e+01   5.7286817e+01  -1.4300000e+02   5.0522800e+01   2.1353486e+01  -1.5233915e+01  -1.9306102e+01
   4.3707372e+01   6.3026654e+01  -1.4300000e+02   5.5440600e+01   2.6025061e+01  -1.3215981e+01  -2.6207086e+01
   4.5016678e+01   6.3326576e+01  -1.4300000e+02   5.8759674e+01   2.7906893e+01  -1.3208316e+01  -3.1662257e+01
   4.6160652e+01   6.4496869e+01  -1.4300000e+02   6.1947557e+01   3.0596888e+01  -1.2900457e+01  -3.6889506e+01
   4.6128542e+01   6.3524202e+01  -1.4300000e+02   6.3994589e+01   3.2769699e+01  -1.3290051e+01  -4.0138962e+01
   4.5852463e+01   6.1672226e+01  -1.4300000e+02   6.4272571e+01   3.4538292e+01  -1.2950772e+01  -4.0930207e+01
   4.8006987e+01   6.1190529e+01  -1.4300000e+02   6.4162049e+01   3.5671354e+01  -1.2189545e+01  -4.2904097e+01
   5.0047179e+01   6.2280050e+01  -1.4300000e+02   6.4116649e+01   3.7037146e+01  -1.0925753e+01  -4.4235308e+01
   5.1594620e+01   6.3630155e+01  -1.4300000e+02   6.5083703e+01   3.9125815e+01  -9.7532177e+00  -4.5760530e+01
   5.2766990e+01   6.4091480e+01  -1.4300000e+02   6.6136794e+01   4.1240175e+01  -9.2983906e+00  -4.6319185e+01
   5.4706309e+01   6.6507319e+01  -1.4300000e+02   6.6161827e+01   4.2824361e+01  -1.0068274e+01  -4.6705239e+01
   5.6048588e+01   7.0523022e+01  -1.4300000e+02   6.4470003e+01   4.4303400e+01  -1.1776273e+01  -4.5275228e+01
   5.5991358e+01   7.1650283e+01  -1.4300000e+02   6.0156953e+01   4.2155572e+01  -1.3592275e+01  -4.1969314e+01
   5.4613509e+01   7.2382892e+01  -1.4300000e+02   5.4877843e+01   4.1456495e+01  -1.5401682e+01  -3.5037180e+01
   5.3226065e+01   6.8056173e+01  -1.4300000e+02   4.9236856e+01   3.6341445e+01  -1.9343511e+01  -2.7745967e+01
   5.0721764e+01   6.5976455e+01  -1.4300000e+02   4.4055746e+01   3.1191661e+01  -2.1894560e+01  -2.1034990e+01
   4.5806587e+01   6.6918901e+01  -1.4300000e+02   3.9645107e+01   2.5988762e+01  -2.3461282e+01  -1.6291417e+01
   4.2211669e+01   6.6713859e+01  -1.4300000e+02   3.5958238e+01   2.0404877e+01  -2.5296108e+01  -7.8269859e+00
   3.8878369e+01   6.8832169e+01  -1.4300000e+02   3.3178203e+01   1.4896706e+01  -2.6311615e+01   2.8449053e-01
   3.7498385e+01   6.7605281e+01  -1.4300000e+02   3.0227569e+01   9.4751662e+00  -2.8119238e+01   9.1175105e+00
   3.4709392e+01   6.0371669e+01  -1.4300000e+02   2.6849977e+01   4.0307979e+00  -3.1849276e+01   1.8365548e+01
   3.2143270e+01   5.5853735e+01  -1.4300000e+02   2.3674673e+01  -2.4037394e-01  -3.5009513e+01   2.7234357e+01
   3.2677291e+01   5.7972828e+01  -1.4300000e+02   2.2781203e+01  -4.7950603e+00  -3.5240058e+01   3.4575251e+01
   2.9694408e+01   5.3393863e+01  -1.4300000e+02   1.9723263e+01  -7.0463434e+00  -3.7699881e+01   4.0193782e+01
   2.9364703e+01   4.5019400e+01  -1.4300000e+02   1.5441797e+01  -9.2418988e+00  -4.0972660e+01   4.6731011e+01
   2.9240226e+01   3.5873897e+01  -1.4300000e+02   1.0710687e+01  -1.0333537e+01  -4.4102320e+01   5.1618414e+01
   2.5811833e+01   3.2661464e+01  -1.4300000e+02   8.9451298e+00  -8.5255509e+00  -4.3133505e+01   5.5019035e+01
   2.5365672e+01   3.3210205e+01  -1.4300000e+02   8.8097142e+00  -6.7235195e+00  -4.0051809e+01   5.5665424e+01
   2.3806100e+01   3.5415301e+01  -1.4300000e+02   9.4062678e+00  -3.5357538e+00  -3.7068307e+01   5.2429767e+01
   2.4767473e+01   4.0107767e+01  -1.4300000e+02   1.1625960e+01   1.6514177e-01  -3.3256361e+01   4.9193748e+01
   2.5890809e+01   4.3606523e+01  -1.4300000e+02   1.4352767e+01   2.5563878e+00  -3.0584630e+01   4.5732729e+01
   2.7285630e+01   4.6389812e+01  -1.4300000e+02   1.6708268e+01   4.5765206e+00  -2.7891687e+01   4.2510050e+01
   2.8024110e+01   4.7866258e+01  -1.4300000e+02   1.8488865e+01   5.8892641e+00  -2.5853311e+01   3.7884436e+01
   2.9195081e+01   4.9224498e+01  -1.4300000e+02   2.0604773e+01   8.2752384e+00  -2.4323873e+01   3.3184563e+01
   2.9378603e+01   5.1688039e+01  -1.4300000e+02   2.3493891e+01   1.1264470e+01  -2.2017621e+01   2.7875989e+01
   2.9179276e+01   5.5315570e+01  -1.4300000e+02   2.6165458e+01   1.6865077e+01  -1.9405499e+01   2.3039381e+01
   3.0244681e+01   5.8528744e+01  -1.4300000e+02   2.8900722e+01   2.0733103e+01  -1.6899389e+01   1.8231677e+01
   3.3725347e+01   5.6009789e+01  -1.4300000e+02   3.0156014e+01   1.7485536e+01  -1.6866829e+01   1.5283211e+01
   3.5016052e+01   5.4653211e+01  -1.4300000e+02   3.2300002e+01   1.6170086e+01  -1.6805450e+01   8.8860089e+00
   3.7460055e+01   5.7042760e+01  -1.4300000e+02   3.5154138e+01   1.6679850e+01  -1.5086696e+01   2.6632549e+00
   3.8395618e+01   6.0828494e+01  -1.4300000e+02   3.8860364e+01   2.0111520e+01  -1.2537424e+01  -4.6312101e+00
   4.0164001e+01   6.1856497e+01  -1.4300000e+02   4.2732998e+01   2.1967513e+01  -1.1371447e+01  -1.0257544e+01
   4.1094161e+01   6.0963971e+01  -1.4300000e+02   4.6141980e+01   2.3123934e+01  -1.1459977e+01  -1.6864844e+01
   4.2124821e+01   6.0719777e+01  -1.4300000e+02   4.9197800e+01   2.4717603e+01  -1.0848684e+01  -2.4146830e+01
   4.4648216e+01   6.1844392e+01  -1.4300000e+02   5.3675518e+01   2.5187388e+01  -1.0338767e+01  -3.2262885e+01
   4.5172715e+01   6.2465156e+01  -1.4300000e+02   5.7764214e+01   2.9549024e+01  -1.0385617e+01  -3.6764186e+01
   4.5092082e+01   5.8598783e+01  -1.4300000e+02   5.9890033e+01   2.9639717e+01  -1.1879139e+01  -4.1962224e+01
   4.4844771e+01   6.0510236e+01  -1.4300000e+02   6.1774429e+01   3.4208897e+01  -1.0612069e+01  -4.3446345e+01
   4.7583820e+01   6.0108881e+01  -1.4300000e+02   6.2738850e+01   3.4999743e+01  -1.1275495e+01  -4.5144352e+01
   4.9726688e+01   6.0115665e+01  -1.4300000e+02   6.4490578e+01   3.6252253e+01  -1.1610407e+01  -4.7626855e+01
   5.0961455e+01   6.0734623e+01  -1.4300000e+02   6.6207736e+01   3.9187643e+01  -1.1463422e+01  -4.8498555e+01
   5.1900469e+01   6.1194397e+01  -1.4300000e+02   6.7603862e+01   4.0759828e+01  -1.1729235e+01  -4.9305478e+01
   5.2937853e+01   6.1384617e+01  -1.4300000e+02   6.7856534e+01   4.1353246e+01  -1.2106205e+01  -4.8752111e+01
   5.4730503e+01   6.2944019e+01  -1.4300000e+02   6.7152290e+01   4.0901865e+01  -1.3250601e+01  -4.8329378e+01
   5.6516550e+01   6.7494416e+01  -1.4300000e+02   6.5980518e+01   4.1127538e+01  -1.4397660e+01  -4.6820933e+01
   5.6118253e+01   6.7562750e+01  -1.4300000e+02   6.1710178e+01   3.8493049e+01  -1.7384480e+01  -3.9255668e+01
   5.5747353e+01   6.3122916e+01  -1.4300000e+02   5.6425303e+01   3.2728841e+01  -2.1692557e+01  -3.3084301e+01
   5.4397797e+01   6.1058603e+01  -1.4300000e+02   5.0712253e+01   2.7221572e+01  -2.4694652e+01  -2.7762854e+01
   5.1468298e+01   6.3183937e+01  -1.4300000e+02   4.6509183e+01   2.4678024e+01  -2.4677636e+01  -2.0308731e+01
   4.7295669e+01   6.3555440e+01  -1.4300000e+02   4.1595392e+01   2.1241577e+01  -2.6454523e+01  -1.2015268e+01
   4.2639805e+01   6.3572123e+01  -1.4300000e+02   3.6942771e+01   1.7610645e+01  -2.8244099e+01  -4.2859392e+00
   4.0456064e+01   6.2513345e+01  -1.4300000e+02   3.3704618e+01   1.1777918e+01  -2.9625253e+01   2.6371238e+00
   3.7352199e+01   6.1129753e+01  -1.4300000e+02   3.0729242e+01   6.6615552e+00  -3.0917719e+01   1.0784793e+01
   3.4553297e+01   5.6723905e+01  -1.4300000e+02   2.7226480e+01   2.7354293e+00  -3.3592844e+01   1.8539649e+01
   3.0794191e+01   5.3029695e+01  -1.4300000e+02   2.3899098e+01  -1.9019266e-01  -3.6206019e+01   2.6653384e+01
   3.0023916e+01   5.2564698e+01  -1.4300000e+02   2.1161839e+01  -3.3726015e+00  -3.7225417e+01   3.3555996e+01
   2.9812268e+01   5.5446588e+01  -1.4300000e+02   1.9478144e+01  -4.4910392e+00  -3.6937223e+01   3.9973442e+01
   3.0151425e+01   5.3139562e+01  -1.4300000e+02   1.7063474e+01  -6.8398453e+00  -3.8096851e+01   4.5736034e+01
   3.0317129e+01   4.4121015e+01  -1.4300000e+02   1.3018366e+01  -1.0046039e+01  -4.1792523e+01   5.0194391e+01
   2.8350618e+01   3.6237490e+01  -1.4300000e+02   9.1750190e+00  -1.0881703e+01  -4.4781207e+01   5.3992674e+01
   2.6026634e+01   3.2436796e+01  -1.4300000e+02   6.9389621e+00  -1.0411445e+01  -4.5207043e+01   5.6966085e+01
   2.4538074e+01   3.1120274e+01  -1.4300000e+02   6.8179909e+00  -8.7164065e+00  -4.2882863e+01   5.7224331e+01
   2.3569117e+01   3.1275587e+01  -1.4300000e+02   6.9772100e+00  -7.1889625e+00  -3.9836935e+01   5.7292666e+01
   2.3099851e+01   3.4268166e+01  -1.4300000e+02   8.0822535e+00  -4.4049613e+00  -3.6974576e+01   5.4771744e+01
   2.2643809e+01   3.6376362e+01  -1.4300000e+02   9.6335783e+00  -1.3258376e+00  -3.4284476e+01   5.2186423e+01
   2.4490570e+01   4.1104641e+01  -1.4300000e+02   1.1211057e+01   6.9746429e-01  -3.1623386e+01   4.9885693e+01
   2.6149516e+01   4.1509119e+01  -1.4300000e+02   1.1847113e+01   7.0598359e-01  -3.0369113e+01   4.7422170e+01
   2.7459169e+01   4.3306914e+01  -1.4300000e+02   1.3132989e+01   1.4305730e+00  -2.8492967e+01   4.4719672e+01
   2.8472608e+01   4.4653906e+01  -1.4300000e+02   1.5327392e+01   3.0673929e+00  -2.6870490e+01   4.2545875e+01
   2.8477463e+01   4.6189552e+01  -1.4300000e+02   1.7234513e+01   5.2369608e+00  -2.5449388e+01   3.8302090e+01
   2.8034049e+01   5.1662186e+01  -1.4300000e+02   2.0226884e+01   1.0173712e+01  -2.2570783e+01   3.4720468e+01
   2.7394978e+01   5.4863929e+01  -1.4300000e+02   2.2466333e+01   1.6151336e+01  -2.0951386e+01   3.2524593e+01
   3.1041744e+01   5.5805438e+01  -1.4300000e+02   2.4906117e+01   1.4971759e+01  -2.0069330e+01   2.8856942e+01
   3.3766889e+01   5.5510602e+01  -1.4300000e+02   2.7404409e+01   1.2958269e+01  -2.0261131e+01   2.4396030e+01
   3.3876909e+01   5.4923617e+01  -1.4300000e+02   2.9285456e+01   1.3435792e+01  -2.0548268e+01   2.0919175e+01
   3.5581640e+01   5.4165419e+01  -1.4300000e+02   3.0414131e+01   1.3990311e+01  -1.9378269e+01   1.7270577e+01
   3.8188843e+01   5.3859464e+01  -1.4300000e+02   3.2086610e+01   1.3211243e+01  -1.8341840e+01   1.2448799e+01
   3.8224537e+01   5.7842022e+01  -1.4300000e+02   3.4038990e+01   1.6868168e+01  -1.5817584e+01   8.3228621e+00
   4.0306203e+01   5.8962377e+01  -1.4300000e+02   3.6122256e+01   1.7422816e+01  -1.3821036e+01   3.2769174e+00
   4.0006884e+01   5.8428701e+01  -1.4300000e+02   3.7862038e+01   2.0188130e+01  -1.2821506e+01  -2.3379016e+00
   4.0525591e+01   5.8619000e+01  -1.4300000e+02   3.9245176e+01   2.2342308e+01  -1.1607396e+01  -5.3853184e+00
   4.1383348e+01   5.8553194e+01  -1.4300000e+02   4.0769445e+01   2.3725267e+01  -1.0470857e+01  -9.7014837e+00
   4.2581647e+01   6.0204639e+01  -1.4300000e+02   4.3863943e+01   2.5366380e+01  -9.9811485e+00  -1.3981794e+01
   4.3797526e+01   6.2735398e+01  -1.4300000e+02   4.7039254e+01   2.6753384e+01  -9.9997430e+00  -1.8151152e+01
   4.4852164e+01   6.3111757e+01  -1.4300000e+02   5.0589988e+01   2.7862695e+01  -1.0680578e+01  -2.2324210e+01
   4.6756725e+01   6.2476618e+01  -1.4300000e+02   5.4844703e+01   2.7665612e+01  -1.2390362e+01  -2.7152021e+01
   4.7831284e+01   5.9664753e+01  -1.4300000e+02   5.5806097e+01   2.4952050e+01  -1.3468448e+01  -3.0256794e+01
   4.7607172e+01   5.9142548e+01  -1.4300000e+02   5.7200446e+01   2.6432969e+01  -1.3488517e+01  -3.2648494e+01
   4.7718817e+01   5.8995380e+01  -1.4300000e+02   5.8291016e+01   2.7898006e+01  -1.3408740e+01  -3.4419901e+01
   4.7355202e+01   5.7231805e+01  -1.4300000e+02   5.7854260e+01   2.8098255e+01  -1.3160447e+01  -3.5959936e+01
   4.7604025e+01   5.7131299e+01  -1.4300000e+02   5.8292744e+01   2.8437008e+01  -1.2614969e+01  -3.8516082e+01
   4.8256980e+01   5.9284573e+01  -1.4300000e+02   5.9435653e+01   2.9507671e+01  -1.2238050e+01  -3.9888070e+01
   4.8818962e+01   6.0556627e+01  -1.4300000e+02   6.1698018e+01   3.0670240e+01  -1.2671410e+01  -4.2209741e+01
   4.9287821e+01   6.0823342e+01  -1.4300000e+02   6.3037017e+01   3.1116835e+01  -1.2745421e+01  -4.5016397e+01
   4.9407775e+01   6.0264597e+01  -1.4300000e+02   6.4285008e+01   3.1641981e+01  -1.3347098e+01  -4.6846365e+01
   4.8981265e+01   5.8897181e+01  -1.4300000e+02   6.4578235e+01   3.1842546e+01  -1.4014370e+01  -4.7365588e+01
   4.8596201e+01   5.8934608e+01  -1.4300000e+02   6.4999008e+01   3.4367999e+01  -1.3864777e+01  -4.6860509e+01
   4.9646447e+01   5.9570811e+01  -1.4300000e+02   6.6028813e+01   3.6944256e+01  -1.3396070e+01  -4.7539946e+01
   5.1168286e+01   6.1259002e+01  -1.4300000e+02   6.7750122e+01   3.8863118e+01  -1.2926749e+01  -4.8936346e+01
   5.2070566e+01   6.0880510e+01  -1.4300000e+02   6.9317388e+01   4.0082824e+01  -1.3773995e+01  -4.9641960e+01
   5.3308266e+01   6.2526546e+01  -1.4300000e+02   6.9715127e+01   4.0858558e+01  -1.5522244e+01  -4.9690932e+01
   5.4014085e+01   6.4149942e+01  -1.4300000e+02   6.7302048e+01   3.9515979e+01  -1.6003818e+01  -5.1594549e+01
   5.2820684e+01   6.1083426e+01  -1.4300000e+02   6.2850565e+01   3.5023330e+01  -1.7700688e+01  -5.0115371e+01
   5.0918036e+01   6.2139293e+01  -1.4300000e+02   5.7401914e+01   3.1846610e+01  -1.7750688e+01  -4.5031497e+01
   4.7176797e+01   6.0282431e+01  -1.4300000e+02   5.1822190e+01   2.8082180e+01  -2.0299291e+01  -3.6769014e+01
   4.3614987e+01   6.2825799e+01  -1.4300000e+02   4.7156413e+01   2.6313787e+01  -2.1296545e+01  -2.9722371e+01
   4.0676073e+01   6.1881353e+01  -1.4300000e+02   4.2567616e+01   2.2397184e+01  -2.3202439e+01  -2.1461972e+01
   3.8446460e+01   6.3426438e+01  -1.4300000e+02   3.8972461e+01   1.9238934e+01  -2.3514189e+01  -1.3569215e+01
   3.5660903e+01   6.4264426e+01  -1.4300000e+02   3.6478231e+01   1.6427773e+01  -2.4005039e+01  -4.9765135e+00
   3.3507604e+01   6.4850218e+01  -1.4300000e+02   3.4262496e+01   1.3622202e+01  -2.4509208e+01   3.1454763e+00
   3.2197426e+01   6.6363182e+01  -1.4300000e+02   3.3011414e+01   1.1691817e+01  -2.4522606e+01   1.0925025e+01
   2.9895908e+01   6.5445600e+01  -1.4300000e+02   3.0932688e+01   1.1078373e+01  -2.6142835e+01   1.8263783e+01
   2.7711907e+01   6.4354858e+01  -1.4300000e+02   2.8548379e+01   1.0953565e+01  -2.8380325e+01   2.4973653e+01
   2.6528655e+01   6.2883274e+01  -1.4300000e+02   2.6418035e+01   9.9122506e+00  -3.0605550e+01   3.1211735e+01
   2.5059461e+01   5.9937158e+01  -1.4300000e+02   2.4348661e+01   8.7227105e+00  -3.2987483e+01   3.6107740e+01
   2.5723468e+01   5.7769699e+01  -1.4300000e+02   2.2652957e+01   6.4721763e+00  -3.3786904e+01   4.0571194e+01
   2.5128580e+01   5.6224664e+01  -1.4300000e+02   2.2604200e+01   9.0289953e+00  -3.3219097e+01   4.6531206e+01
   2.4854696e+01   5.4343369e+01  -1.4300000e+02   2.2283540e+01   9.5929160e+00  -3.3466416e+01   4.7525585e+01
   2.4799464e+01   5.1870587e+01  -1.4300000e+02   2.1455914e+01   9.3328316e+00  -3.4151442e+01   4.7418331e+01
   2.4990211e+01   5.0002541e+01  -1.4300000e+02   2.0946399e+01   9.0548680e+00  -3.4369464e+01   4.7118167e+01
   2.5990301e+01   4.8688719e+01  -1.4300000e+02   2.0688626e+01   7.9421811e+00  -3.4223833e+01   4.5723720e+01
   2.7322290e+01   4.8161026e+01  -1.4300000e+02   2.0811842e+01   6.7646896e+00  -3.3611875e+01   4.3427659e+01
   2.9047042e+01   4.8691859e+01  -1.4300000e+02   2.1645440e+01   6.0694375e+00  -3.2312503e+01   4.0697168e+01
   2.9490151e+01   4.7763583e+01  -1.4300000e+02   2.2543100e+01   6.2258340e+00  -3.1213005e+01   3.8507674e+01
   2.9942537e+01   4.9063336e+01  -1.4300000e+02   2.3758024e+01   8.2511541e+00  -2.9706517e+01   3.5230759e+01
   3.0291703e+01   5.0600161e+01  -1.4300000e+02   2.5413833e+01   1.0661470e+01  -2.7945103e+01   3.2416860e+01
   3.1195442e+01   5.0048110e+01  -1.4300000e+02   2.6583243e+01   1.1489570e+01  -2.7225656e+01   2.8337298e+01
   3.0758944e+01   4.9932288e+01  -1.4300000e+02   2.7467765e+01   1.3070937e+01  -2.5805896e+01   2.4583186e+01
   3.1077417e+01   5.0904773e+01  -1.4300000e+02   2.7959852e+01   1.4368491e+01  -2.3834916e+01   2.0152202e+01
   3.2591781e+01   5.2063814e+01  -1.4300000e+02   2.8893229e+01   1.4635154e+01  -2.1555697e+01   1.6320451e+01
   3.5105756e+01   5.3647920e+01  -1.4300000e+02   3.0501597e+01   1.5229888e+01  -1.9779542e+01   1.3053548e+01
   3.5916996e+01   5.3441442e+01  -1.4300000e+02   3.2341325e+01   1.5842948e+01  -1.9097884e+01   9.1059253e+00
   3.7521908e+01   5.3024330e+01  -1.4300000e+02   3.3720334e+01   1.6132927e+01  -1.8142560e+01   3.7628851e+00
   3.7882996e+01   5.5450970e+01  -1.4300000e+02   3.6485570e+01   1.8651834e+01  -1.6491844e+01  -1.1248532e+00
   4.0063199e+01   5.8412025e+01  -1.4300000e+02   3.9523131e+01   1.9916752e+01  -1.4482911e+01  -6.4320443e+00
   4.1969567e+01   6.0285256e+01  -1.4300000e+02   4.3320580e+01   2.1444132e+01  -1.3361871e+01  -1.3150005e+01
   4.2798553e+01   6.1498512e+01  -1.4300000e+02   4.7945394e+01   2.4278251e+01  -1.3121818e+01  -1.9189481e+01
   4.4882953e+01   5.8631614e+01  -1.4300000e+02   5.3490802e+01   2.2883399e+01  -1.5247793e+01  -2.8732036e+01
   4.5478375e+01   6.1929154e+01  -1.4300000e+02   5.8553659e+01   2.8351892e+01  -1.4649820e+01  -3.5160670e+01
   4.6955955e+01   6.3078114e+01  -1.4300000e+02   6.2868152e+01   3.1617747e+01  -1.5140002e+01  -3.9196993e+01
   4.6408367e+01   6.1985108e+01  -1.4300000e+02   6.5134698e+01   3.3884765e+01  -1.5461491e+01  -4.2112488e+01
   4.9022185e+01   5.9491016e+01  -1.4300000e+02   6.5464380e+01   3.3359855e+01  -1.6091595e+01  -4.3732021e+01
   5.0571473e+01   6.0626118e+01  -1.4300000e+02   6.6443712e+01   3.6092001e+01  -1.5324320e+01  -4.5424191e+01
   5.2701499e+01   6.3400918e+01  -1.4300000e+02   6.8491109e+01   4.0049943e+01  -1.4011420e+01  -4.8091254e+01
   5.4883962e+01   6.4837124e+01  -1.4300000e+02   7.0803201e+01   4.2926924e+01  -1.3562920e+01  -5.1017058e+01
   5.5956054e+01   6.5618519e+01  -1.4300000e+02   7.3085944e+01   4.5675389e+01  -1.4032949e+01  -5.1958433e+01
   5.6508880e+01   6.7492555e+01  -1.4300000e+02   7.4708289e+01   4.7926482e+01  -1.4669897e+01  -5.1856302e+01
   5.7064224e+01   6.9288827e+01  -1.4300000e+02   7.5873929e+01   4.9205112e+01  -1.6045837e+01  -5.3670991e+01
   5.7197631e+01   7.1846403e+01  -1.4300000e+02   7.4497148e+01   4.6550269e+01  -1.8436725e+01  -5.9406373e+01
   5.8171506e+01   7.4967926e+01  -1.4300000e+02   7.1758051e+01   4.4702753e+01  -2.1540009e+01  -5.6109448e+01
   5.6690450e+01   7.2460851e+01  -1.4300000e+02   6.6366571e+01   3.8703112e+01  -2.4510443e+01  -4.9132091e+01
   5.4437685e+01   7.4676372e+01  -1.4300000e+02   6.0769433e+01   3.6016528e+01  -2.5650405e+01  -4.1153672e+01
   5.0493821e+01   7.2765031e+01  -1.4300000e+02   5.6110850e+01   3.2290271e+01  -2.6934632e+01  -3.2601650e+01
   4.6080589e+01   7.0262328e+01  -1.4300000e+02   5.1196808e+01   2.9127030e+01  -2.8596069e+01  -2.2495930e+01
   4.1786652e+01   6.8626385e+01  -1.4300000e+02   4.6564772e+01   2.4896879e+01  -2.9837201e+01  -1.2620535e+01
   3.7304160e+01   6.3341373e+01  -1.4300000e+02   4.1845391e+01   1.8743844e+01  -3.2942459e+01  -3.0760546e+00
   3.2442590e+01   5.6678969e+01  -1.4300000e+02   3.7312482e+01   1.2623117e+01  -3.6414272e+01   7.0212951e+00
   3.0013159e+01   5.0794141e+01  -1.4300000e+02   3.2056112e+01   5.3712716e+00  -4.0497945e+01   1.6213427e+01
   2.7259705e+01   4.6263282e+01  -1.4300000e+02   2.7932061e+01  -1.0811631e-01  -4.3332762e+01   2.4403283e+01
   2.5772984e+01   4.7177741e+01  -1.4300000e+02   2.5528566e+01  -2.9817078e+00  -4.3820339e+01   3.1148873e+01
   2.6783030e+01   4.4206781e+01  -1.4300000e+02   2.1911061e+01  -6.1572106e+00  -4.5019335e+01   3.8090983e+01
   2.6046739e+01   4.3046226e+01  -1.4300000e+02   1.8499324e+01  -7.3343329e+00  -4.5327090e+01   4.3814188e+01
   2.6507808e+01   4.1192408e+01  -1.4300000e+02   1.5249594e+01  -7.9074208e+00  -4.5444169e+01   4.8794167e+01
   2.7998499e+01   3.7548992e+01  -1.4300000e+02   1.2570059e+01  -8.5068370e+00  -4.5134165e+01   5.3128733e+01
   2.6554230e+01   3.6509821e+01  -1.4300000e+02   1.1385383e+01  -8.9160956e+00  -4.3513442e+01   5.5455706e+01
   2.4875908e+01   3.7729949e+01  -1.4300000e+02   1.1772608e+01  -6.6704826e+00  -4.1120827e+01   5.6812559e+01
   2.4012528e+01   3.5532285e+01  -1.4300000e+02   1.0658958e+01  -4.4945159e+00  -4.0159139e+01   5.6287011e+01
   2.4701083e+01   3.6746850e+01  -1.4300000e+02   1.0390610e+01  -1.4974197e+00  -3.7722649e+01   5.4024163e+01
   2.5551494e+01   3.8175652e+01  -1.4300000e+02   1.0698520e+01   1.0866460e+00  -3.4855455e+01   5.1945822e+01
   2.7018186e+01   3.9214287e+01  -1.4300000e+02   1.1161270e+01   2.6651633e+00  -3.2811614e+01   4.8628161e+01
   2.7638910e+01   4.4406442e+01  -1.4300000e+02   1.4218470e+01   5.6439056e+00  -2.9965513e+01   4.4490688e+01
   2.8441873e+01   4.7286910e+01  -1.4300000e+02   1.7339984e+01   8.1946250e+00  -2.7538059e+01   4.1100557e+01
   2.7657380e+01   5.2051122e+01  -1.4300000e+02   1.9993019e+01   1.2612783e+01  -2.4981707e+01   3.6252151e+01
   3.0375134e+01   5.6433194e+01  -1.4300000e+02   2.2671501e+01   1.4961092e+01  -2.2521201e+01   3.3006914e+01
   3.3118019e+01   5.8057773e+01  -1.4300000e+02   2.5072274e+01   1.3623684e+01  -2.1383498e+01   2.9023368e+01
   3.4193194e+01   5.5146751e+01  -1.4300000e+02   2.6644477e+01   1.2758460e+01  -2.1900033e+01   2.6548864e+01
   3.5456557e+01   5.5474559e+01  -1.4300000e+02   2.8254201e+01   1.2721476e+01  -2.1315256e+01   2.2146833e+01
   3.6656158e+01   5.8558431e+01  -1.4300000e+02   3.0066490e+01   1.4512348e+01  -1.9298760e+01   1.8309229e+01
   3.6592266e+01   5.9844801e+01  -1.4300000e+02   3.1945355e+01   1.8209223e+01  -1.7144887e+01   1.4315798e+01
   3.7815787e+01   5.7640781e+01  -1.4300000e+02   3.3221944e+01   1.9131780e+01  -1.6413642e+01   9.1410566e+00
   3.8835280e+01   5.7686645e+01  -1.4300000e+02   3.4503335e+01   1.9526325e+01  -1.5050525e+01   3.7480069e+00
   3.9469869e+01   5.7443761e+01  -1.4300000e+02   3.6050290e+01   2.0985751e+01  -1.3261217e+01  -1.4305895e+00
   4.0894365e+01   5.8498126e+01  -1.4300000e+02   3.8360804e+01   2.2172860e+01  -1.1558726e+01  -6.7976819e+00
   4.1548126e+01   5.9258011e+01  -1.4300000e+02   4.1563253e+01   2.4195244e+01  -1.0845066e+01  -1.1400131e+01
   4.2476098e+01   5.8991296e+01  -1.4300000e+02   4.5303263e+01   2.5452029e+01  -1.1382869e+01  -1.6433487e+01
   4.4600432e+01   5.7149593e+01  -1.4300000e+02   4.8667616e+01   2.4051141e+01  -1.2619652e+01  -2.1646613e+01
   4.6086753e+01   5.6258360e+01  -1.4300000e+02   5.1807751e+01   2.5457998e+01  -1.2441002e+01  -2.6462452e+01
   4.6352089e+01   5.6440692e+01  -1.4300000e+02   5.2421232e+01   2.7367563e+01  -1.1002787e+01  -2.8955788e+01
   4.6932117e+01   5.7789732e+01  -1.4300000e+02   5.4483056e+01   2.9813604e+01  -9.5826994e+00  -3.3230892e+01
   4.7690392e+01   5.8770239e+01  -1.4300000e+02   5.7276457e+01   3.2219243e+01  -9.6467702e+00  -3.6773028e+01
   4.8425543e+01   5.9625068e+01  -1.4300000e+02   5.9500354e+01   3.3631855e+01  -1.0339765e+01  -3.9053832e+01
   4.9131429e+01   6.0418695e+01  -1.4300000e+02   6.1868851e+01   3.5911434e+01  -1.0610102e+01  -4.1401498e+01
   5.0001736e+01   5.9929790e+01  -1.4300000e+02   6.3960075e+01   3.5777858e+01  -1.2625903e+01  -4.1968838e+01
   5.1286466e+01   6.5307877e+01  -1.4300000e+02   6.5022340e+01   3.7915620e+01  -1.4242471e+01  -4.1086592e+01
   5.1413515e+01   6.3252650e+01  -1.4300000e+02   6.0834497e+01   3.0743539e+01  -1.8081793e+01  -3.8257640e+01
   5.0372289e+01   6.1602955e+01  -1.4300000e+02   5.4747145e+01   2.5481563e+01  -2.1514756e+01  -3.1812473e+01
   4.7970382e+01   6.2983986e+01  -1.4300000e+02   4.9865920e+01   2.5248370e+01  -2.2682525e+01  -2.2953886e+01
   4.4203886e+01   6.3515038e+01  -1.4300000e+02   4.5319201e+01   2.3376133e+01  -2.3915902e+01  -1.4697177e+01
   4.1037233e+01   6.5150950e+01  -1.4300000e+02   4.0524198e+01   2.1246540e+01  -2.5326161e+01  -6.4621768e+00
   3.9736973e+01   6.4306465e+01  -1.4300000e+02   3.6114199e+01   1.6816881e+01  -2.7754160e+01   6.0847151e-01
   3.5371229e+01   6.2697945e+01  -1.4300000e+02   3.2835253e+01   1.2765518e+01  -2.9323970e+01   8.8940919e+00
   3.2104452e+01   5.5558874e+01  -1.4300000e+02   2.8748140e+01   7.8823518e+00  -3.3175171e+01   1.6663882e+01
   2.9769270e+01   4.9700434e+01  -1.4300000e+02   2.4661473e+01   3.3269796e+00  -3.6718495e+01   2.4160813e+01
   2.8593569e+01   4.7817312e+01  -1.4300000e+02   2.1477069e+01  -1.8207677e-01  -3.8682220e+01   3.0985124e+01
   2.7005139e+01   4.7625495e+01  -1.4300000e+02   1.8552122e+01  -1.3041493e+00  -4.0149121e+01   3.7652171e+01
   2.6643393e+01   4.9645982e+01  -1.4300000e+02   1.7215134e+01  -2.5515342e+00  -4.0017966e+01   4.1571593e+01
   2.8030077e+01   4.6801738e+01  -1.4300000e+02   1.5633073e+01  -4.4063983e+00  -4.0520015e+01   4.7293978e+01
   2.5657756e+01   4.1921421e+01  -1.4300000e+02   1.3409998e+01  -5.8450012e+00  -4.0613932e+01   5.0601425e+01
   2.3295293e+01   3.8463356e+01  -1.4300000e+02   1.2430272e+01  -4.5869276e+00  -3.9273780e+01   5.4435450e+01
   2.2041760e+01   3.7842832e+01  -1.4300000e+02   1.2105527e+01  -3.0685668e+00  -3.7398831e+01   5.2719556e+01
   2.3249761e+01   4.2977133e+01  -1.4300000e+02   1.4378013e+01  -3.7227301e-01  -3.3583174e+01   5.0664499e+01
   2.4429818e+01   4.5279385e+01  -1.4300000e+02   1.5655976e+01   1.4331038e+00  -3.1384749e+01   4.9258649e+01
   2.5955754e+01   4.6707102e+01  -1.4300000e+02   1.7365355e+01   2.6544237e+00  -3.0372892e+01   4.8232417e+01
   2.7228751e+01   4.5611987e+01  -1.4300000e+02   1.7779954e+01   3.1965360e+00  -3.0497298e+01   4.7396776e+01
   2.7244284e+01   4.8497476e+01  -1.4300000e+02   1.9786485e+01   4.6251441e+00  -2.8822316e+01   4.5275601e+01
