   4.0317491e+01   5.5962850e+01  -1.7205915e+02   6.8530975e+01   2.5079622e+01  -4.6480282e+01   9.1070994e+00
   2.6317492e+01   5.3156286e+01  -1.5805915e+02   5.8868746e+01   1.9144473e+01  -3.2480373e+01   1.5397642e+01
   1.2317571e+01   6.4349906e+01  -1.4405925e+02   4.6794731e+01   2.5691427e+01  -1.8547215e+01   1.4378310e+01
   1.1000000e+01   7.3630933e+01  -1.4300000e+02   3.4922168e+01   3.2976907e+01  -2.8000000e+01   1.3627740e+01
   1.1000000e+01   6.2455856e+01  -1.4300000e+02   2.9661790e+01   2.6892362e+01  -2.8000000e+01   2.2495372e+01
   1.1000000e+01   5.2911884e+01  -1.4300000e+02   2.0542634e+01   2.0487999e+01  -2.8000000e+01   3.0448643e+01
   1.1000000e+01   4.3607866e+01  -1.4300000e+02   1.0906557e+01   1.4320069e+01  -2.8000000e+01   3.7934562e+01
   1.1000000e+01   3.5755529e+01  -1.4300000e+02   1.5662155e+00   7.8619439e+00  -2.8000000e+01   4.4605993e+01
   1.1000000e+01   2.8636711e+01  -1.4300000e+02  -6.0304603e+00   3.8011950e+00  -2.8000000e+01   5.0886874e+01
   1.1000000e+01   2.7573197e+01  -1.4300000e+02  -6.9060374e+00   1.7783441e+00  -2.8000000e+01   5.4159145e+01
   1.1000000e+01   2.7575575e+01  -1.4300000e+02  -5.4055575e+00   2.2264905e+00  -2.8000000e+01   5.4337047e+01
   1.1000000e+01   2.7603984e+01  -1.4300000e+02  -3.5034306e+00   4.2122410e+00  -2.8000000e+01   5.4101682e+01
   1.1000000e+01   3.1269671e+01  -1.4300000e+02   3.2252221e-02   7.1524213e+00  -2.8000000e+01   5.1701903e+01
   1.1000000e+01   3.2929394e+01  -1.4300000e+02   2.8993032e+00   1.0598500e+01  -2.8000000e+01   4.8215307e+01
   1.1000000e+01   3.4778131e+01  -1.4300000e+02   5.9887800e+00   1.4104274e+01  -2.8000000e+01   4.4927429e+01
   1.1000000e+01   3.7024548e+01  -1.4300000e+02   9.0266899e+00   1.8205484e+01  -2.8000000e+01   4.1473688e+01
   1.1000000e+01   3.7269538e+01  -1.4300000e+02   1.1883119e+01   2.1204695e+01  -2.8000000e+01   3.6989925e+01
   1.1000000e+01   3.7817607e+01  -1.4300000e+02   1.5229501e+01   2.4445080e+01  -2.8000000e+01   3.2939483e+01
   1.1000000e+01   4.0201510e+01  -1.4300000e+02   1.8180591e+01   2.8630916e+01  -2.8000000e+01   2.9606041e+01
   1.1000000e+01   4.1986446e+01  -1.4300000e+02   2.1857552e+01   3.2632305e+01  -2.8000000e+01   2.5599122e+01
   1.1000000e+01   4.0564782e+01  -1.4300000e+02   2.4190454e+01   3.4059778e+01  -2.8000000e+01   2.2351899e+01
   1.1000000e+01   3.9506778e+01  -1.4300000e+02   2.5899066e+01   3.5713552e+01  -2.8000000e+01   1.8158858e+01
   1.1000000e+01   3.8398530e+01  -1.4300000e+02   2.7355786e+01   3.8209357e+01  -2.8000000e+01   1.4122072e+01
   1.1000000e+01   3.7081968e+01  -1.4300000e+02   2.9207227e+01   4.0571761e+01  -2.8000000e+01   9.6678572e+00
   1.1000000e+01   3.6291400e+01  -1.4300000e+02   3.2209191e+01   4.2754708e+01  -2.8000000e+01   4.6948101e+00
   1.1000000e+01   3.3080704e+01  -1.4300000e+02   3.4876075e+01   4.4581382e+01  -2.8000000e+01  -5.3190865e-01
   1.1000000e+01   2.9947018e+01  -1.4300000e+02   3.7049244e+01   4.6877546e+01  -2.8000000e+01  -5.0011175e+00
   1.1000000e+01   2.9385736e+01  -1.4300000e+02   3.9309848e+01   4.9436873e+01  -2.8000000e+01  -8.5734629e+00
   1.1000000e+01   2.6305119e+01  -1.4300000e+02   4.1725981e+01   5.2993486e+01  -2.8000000e+01  -1.1840839e+01
   1.1000000e+01   2.1895765e+01  -1.4300000e+02   4.3053099e+01   5.6475902e+01  -2.8000000e+01  -1.5277249e+01
   1.1000000e+01   1.9529600e+01  -1.4300000e+02   4.4802216e+01   5.8491727e+01  -2.8000000e+01  -1.8112256e+01
   1.1000000e+01   1.6531616e+01  -1.4300000e+02   4.6232325e+01   6.0045926e+01  -2.8000000e+01  -2.1259913e+01
   1.1000000e+01   1.4963780e+01  -1.4300000e+02   4.6903408e+01   6.1743323e+01  -2.8000000e+01  -2.2822285e+01
   1.1000000e+01   1.3032392e+01  -1.4300000e+02   4.7520817e+01   6.3739435e+01  -2.8000000e+01  -2.3382273e+01
   1.1000000e+01   1.1967483e+01  -1.4300000e+02   4.7733835e+01   6.5204709e+01  -2.8000000e+01  -2.2665292e+01
   1.1000000e+01   1.1105601e+01  -1.4300000e+02   4.7947195e+01   6.6336075e+01  -2.8000000e+01  -2.2247754e+01
   1.1000000e+01   1.1271025e+01  -1.4300000e+02   4.7262852e+01   6.7347017e+01  -2.8000000e+01  -2.2144518e+01
   1.1000000e+01   1.3142998e+01  -1.4300000e+02   4.3346136e+01   7.0374192e+01  -2.8000000e+01  -2.2013581e+01
   1.1000000e+01   1.6901376e+01  -1.4300000e+02   3.8931822e+01   7.3079551e+01  -2.8000000e+01  -2.2102856e+01
   1.1000000e+01   2.2539588e+01  -1.4300000e+02   3.5394123e+01   7.4365224e+01  -2.8000000e+01  -2.0728948e+01
   1.1000000e+01   2.6884393e+01  -1.4300000e+02   3.3444902e+01   7.3386010e+01  -2.8000000e+01  -2.0401988e+01
   1.1000000e+01   3.2418257e+01  -1.4300000e+02   3.2556213e+01   7.1262129e+01  -2.8000000e+01  -1.9244257e+01
   1.1000000e+01   3.8371524e+01  -1.4300000e+02   3.1527241e+01   6.7215828e+01  -2.8000000e+01  -1.6983809e+01
   1.1000000e+01   4.3084756e+01  -1.4300000e+02   3.0723691e+01   6.0502811e+01  -2.8000000e+01  -1.3873238e+01
   1.1000000e+01   4.4809975e+01  -1.4300000e+02   2.8142428e+01   5.2234366e+01  -2.8000000e+01  -1.0313957e+01
   1.1000000e+01   4.3485817e+01  -1.4300000e+02   2.4112690e+01   4.2944349e+01  -2.8000000e+01  -2.3388199e+00
   1.1000000e+01   4.1858902e+01  -1.4300000e+02   1.8588451e+01   3.3248466e+01  -2.8000000e+01   6.6607299e+00
   1.1000000e+01   4.0077681e+01  -1.4300000e+02   1.3420813e+01   2.4042186e+01  -2.8000000e+01   1.5817464e+01
   1.1000000e+01   3.7336709e+01  -1.4300000e+02   8.7272572e+00   1.5591945e+01  -2.8000000e+01   2.4399153e+01
   1.1000000e+01   3.8266093e+01  -1.4300000e+02   5.4837948e+00   8.6535948e+00  -2.8000000e+01   3.2786035e+01
   1.1000000e+01   3.7427350e+01  -1.4300000e+02   2.9628110e+00   4.2786336e+00  -2.8000000e+01   4.1397620e+01
   1.1000000e+01   3.4729083e+01  -1.4300000e+02   1.7817756e+00   1.5535264e+00  -2.8000000e+01   4.8243111e+01
   1.1000000e+01   3.5877276e+01  -1.4300000e+02   4.3456715e+00   2.1421082e+00  -2.8000000e+01   5.0628762e+01
   1.1000000e+01   3.7669441e+01  -1.4300000e+02   7.4504289e+00   4.8669785e+00  -2.8000000e+01   5.2114886e+01
   1.1000000e+01   3.8769603e+01  -1.4300000e+02   1.0105754e+01   8.5356688e+00  -2.8000000e+01   4.9756565e+01
   1.1000000e+01   4.2809134e+01  -1.4300000e+02   1.3688670e+01   1.3088167e+01  -2.8000000e+01   4.7126503e+01
   1.1000000e+01   4.5637816e+01  -1.4300000e+02   1.8153107e+01   1.7173764e+01  -2.8000000e+01   4.4595313e+01
   1.1000000e+01   4.7313223e+01  -1.4300000e+02   2.1318297e+01   2.1431481e+01  -2.8000000e+01   4.1102188e+01
   1.1000000e+01   4.6824324e+01  -1.4300000e+02   2.2875591e+01   2.4490328e+01  -2.8000000e+01   3.6421929e+01
   1.1000000e+01   4.6528681e+01  -1.4300000e+02   2.3937681e+01   2.7327160e+01  -2.8000000e+01   3.2862996e+01
   1.1000000e+01   4.2467975e+01  -1.4300000e+02   2.4527788e+01   2.9147542e+01  -2.8000000e+01   2.9187304e+01
   1.1000000e+01   4.1157070e+01  -1.4300000e+02   2.5325423e+01   3.1054923e+01  -2.8000000e+01   2.5627882e+01
   1.1000000e+01   4.3069805e+01  -1.4300000e+02   2.7909110e+01   3.3791978e+01  -2.8000000e+01   2.2664326e+01
   1.1000000e+01   4.3795839e+01  -1.4300000e+02   3.0595202e+01   3.6805737e+01  -2.8000000e+01   1.8817732e+01
   1.1000000e+01   4.1668011e+01  -1.4300000e+02   3.3019414e+01   3.8290670e+01  -2.8000000e+01   1.4388893e+01
   1.1000000e+01   3.8918516e+01  -1.4300000e+02   3.3886680e+01   3.8781844e+01  -2.8000000e+01   9.5954177e+00
   1.1000000e+01   3.7494168e+01  -1.4300000e+02   3.5111265e+01   4.0077945e+01  -2.8000000e+01   5.2594023e+00
   1.1000000e+01   3.6168054e+01  -1.4300000e+02   3.6297690e+01   4.1914812e+01  -2.8000000e+01   1.4840704e+00
   1.1000000e+01   3.6777382e+01  -1.4300000e+02   3.8579824e+01   4.3993289e+01  -2.8000000e+01  -1.8245762e+00
   1.1000000e+01   3.3591191e+01  -1.4300000e+02   4.1088095e+01   4.6344574e+01  -2.8000000e+01  -5.9804731e+00
   1.1000000e+01   2.9411188e+01  -1.4300000e+02   4.3011883e+01   4.8594242e+01  -2.8000000e+01  -1.1086887e+01
   1.1000000e+01   2.8475194e+01  -1.4300000e+02   4.4315942e+01   5.1010527e+01  -2.8000000e+01  -1.4732224e+01
   1.1000000e+01   2.5917388e+01  -1.4300000e+02   4.5851399e+01   5.3452904e+01  -2.8000000e+01  -1.8299833e+01
   1.1000000e+01   2.4245579e+01  -1.4300000e+02   4.7171531e+01   5.5537268e+01  -2.8000000e+01  -2.1390714e+01
   1.1000000e+01   2.2758285e+01  -1.4300000e+02   4.8346233e+01   5.7411154e+01  -2.8000000e+01  -2.3594972e+01
   1.1000000e+01   2.0820428e+01  -1.4300000e+02   4.9326344e+01   5.8778518e+01  -2.8000000e+01  -2.4754551e+01
   1.1000000e+01   1.7931027e+01  -1.4300000e+02   4.8851653e+01   6.0950837e+01  -2.8000000e+01  -2.5156200e+01
   1.1000000e+01   1.5920504e+01  -1.4300000e+02   4.8433099e+01   6.2662225e+01  -2.8000000e+01  -2.5165342e+01
   1.1000000e+01   1.3924191e+01  -1.4300000e+02   4.8510686e+01   6.3932864e+01  -2.8000000e+01  -2.5133447e+01
   1.1000000e+01   1.2278502e+01  -1.4300000e+02   4.8742030e+01   6.4729681e+01  -2.8000000e+01  -2.4856220e+01
   1.1000000e+01   1.2225866e+01  -1.4300000e+02   4.7245879e+01   6.6415131e+01  -2.8000000e+01  -2.3736815e+01
   1.1000000e+01   1.3780365e+01  -1.4300000e+02   4.4255562e+01   6.8841093e+01  -2.8000000e+01  -2.1964770e+01
   1.1000000e+01   1.7316333e+01  -1.4300000e+02   4.0884588e+01   7.0898850e+01  -2.8000000e+01  -1.9860387e+01
   1.1000000e+01   2.1644495e+01  -1.4300000e+02   3.7343297e+01   7.2020788e+01  -2.8000000e+01  -1.7032512e+01
   1.1000000e+01   2.4223340e+01  -1.4300000e+02   3.3591542e+01   7.3074619e+01  -2.8000000e+01  -1.4098678e+01
   1.1000000e+01   2.7975917e+01  -1.4300000e+02   3.0946500e+01   7.2083977e+01  -2.8000000e+01  -1.3229638e+01
   1.1000000e+01   3.4672009e+01  -1.4300000e+02   2.9630960e+01   6.7855113e+01  -2.8000000e+01  -1.4695411e+01
   1.1000000e+01   4.1108338e+01  -1.4300000e+02   2.8951850e+01   6.1194110e+01  -2.8000000e+01  -1.1973864e+01
   1.1000000e+01   4.8272878e+01  -1.4300000e+02   2.8404521e+01   5.3127272e+01  -2.8000000e+01  -7.5129364e+00
   1.1000000e+01   5.1851383e+01  -1.4300000e+02   2.6163261e+01   4.4970620e+01  -2.8000000e+01  -1.3298239e-01
   1.1000000e+01   5.0069990e+01  -1.4300000e+02   2.2349870e+01   3.5989129e+01  -2.8000000e+01   8.9558162e+00
   1.1000000e+01   4.8797313e+01  -1.4300000e+02   1.7733719e+01   2.7434609e+01  -2.8000000e+01   1.8564509e+01
   1.1000000e+01   4.7441466e+01  -1.4300000e+02   1.3113214e+01   2.0185183e+01  -2.8000000e+01   2.6813610e+01
   1.1000000e+01   4.5058256e+01  -1.4300000e+02   8.3284748e+00   1.3606718e+01  -2.8000000e+01   3.4802511e+01
   1.1000000e+01   3.7744531e+01  -1.4300000e+02   2.0319301e+00   8.7981107e+00  -2.8000000e+01   4.2837032e+01
   1.1000000e+01   2.8865172e+01  -1.4300000e+02  -5.0670334e+00   5.6153930e+00  -2.8000000e+01   4.8805159e+01
   1.1000000e+01   2.5374437e+01  -1.4300000e+02  -7.7616682e+00   4.4199120e+00  -2.8000000e+01   5.2948282e+01
   1.1000000e+01   2.5486902e+01  -1.4300000e+02  -6.4204259e+00   4.7183182e+00  -2.8000000e+01   5.3904739e+01
   1.1000000e+01   2.8061338e+01  -1.4300000e+02  -3.4965885e+00   7.0100316e+00  -2.8000000e+01   5.0775048e+01
   1.1000000e+01   3.1781112e+01  -1.4300000e+02   5.4788811e-01   1.0840678e+01  -2.8000000e+01   4.7739948e+01
   1.1000000e+01   3.4398434e+01  -1.4300000e+02   4.8046716e+00   1.3939013e+01  -2.8000000e+01   4.4316189e+01
   1.1000000e+01   3.6049937e+01  -1.4300000e+02   8.4574204e+00   1.7173326e+01  -2.8000000e+01   4.1064105e+01
   1.1000000e+01   3.6995745e+01  -1.4300000e+02   1.1650731e+01   1.9571580e+01  -2.8000000e+01   3.6635590e+01
   1.1000000e+01   3.7444824e+01  -1.4300000e+02   1.4524017e+01   2.2957821e+01  -2.8000000e+01   3.2036860e+01
   1.1000000e+01   3.8775015e+01  -1.4300000e+02   1.8432284e+01   2.6083610e+01  -2.8000000e+01   2.7103938e+01
   1.1000000e+01   4.1373240e+01  -1.4300000e+02   2.2675966e+01   3.0968763e+01  -2.8000000e+01   2.2744520e+01
   1.1000000e+01   4.3035489e+01  -1.4300000e+02   2.6586731e+01   3.5113008e+01  -2.8000000e+01   1.8662649e+01
   1.1000000e+01   3.9540296e+01  -1.4300000e+02   2.8248397e+01   3.6674433e+01  -2.8000000e+01   1.5328884e+01
   1.1000000e+01   3.7030833e+01  -1.4300000e+02   2.9881049e+01   3.7569322e+01  -2.8000000e+01   9.8958164e+00
   1.1000000e+01   3.6026041e+01  -1.4300000e+02   3.1700069e+01   3.9547400e+01  -2.8000000e+01   4.9950009e+00
   1.1000000e+01   3.6319611e+01  -1.4300000e+02   3.4841070e+01   4.2181474e+01  -2.8000000e+01  -8.4034110e-02
   1.1000000e+01   3.4481372e+01  -1.4300000e+02   3.8163261e+01   4.5109766e+01  -2.8000000e+01  -4.0783760e+00
   1.1000000e+01   3.1950064e+01  -1.4300000e+02   4.0844922e+01   4.8033067e+01  -2.8000000e+01  -8.8730249e+00
   1.1000000e+01   2.9196915e+01  -1.4300000e+02   4.2790923e+01   5.0612269e+01  -2.8000000e+01  -1.3846259e+01
   1.1000000e+01   2.6757130e+01  -1.4300000e+02   4.4798807e+01   5.2807670e+01  -2.8000000e+01  -1.8244166e+01
   1.1000000e+01   2.4365079e+01  -1.4300000e+02   4.6619334e+01   5.5200804e+01  -2.8000000e+01  -2.1292316e+01
   1.1000000e+01   2.1138190e+01  -1.4300000e+02   4.7661939e+01   5.7257431e+01  -2.8000000e+01  -2.4957331e+01
   1.1000000e+01   2.0407589e+01  -1.4300000e+02   4.8920088e+01   5.8321926e+01  -2.8000000e+01  -2.6812232e+01
   1.1000000e+01   1.7791542e+01  -1.4300000e+02   4.8440843e+01   6.0853069e+01  -2.8000000e+01  -2.6713866e+01
   1.1000000e+01   1.5434671e+01  -1.4300000e+02   4.8313552e+01   6.2862312e+01  -2.8000000e+01  -2.6743211e+01
   1.1000000e+01   1.3134548e+01  -1.4300000e+02   4.8574877e+01   6.4432624e+01  -2.8000000e+01  -2.6575755e+01
   1.1000000e+01   1.1512630e+01  -1.4300000e+02   4.8770775e+01   6.5495094e+01  -2.8000000e+01  -2.6654114e+01
   1.1000000e+01   1.0183123e+01  -1.4300000e+02   4.8292012e+01   6.6267850e+01  -2.8000000e+01  -2.5920645e+01
   1.1000000e+01   9.4604367e+00  -1.4300000e+02   4.6406930e+01   6.7715980e+01  -2.8000000e+01  -2.4977537e+01
   1.1000000e+01   1.1280002e+01  -1.4300000e+02   4.3868861e+01   6.9230169e+01  -2.8000000e+01  -2.3172170e+01
   1.1000000e+01   1.4288647e+01  -1.4300000e+02   4.0878549e+01   7.0905339e+01  -2.8000000e+01  -1.9620052e+01
   1.1000000e+01   1.6011078e+01  -1.4300000e+02   3.6997533e+01   7.1973246e+01  -2.8000000e+01  -1.7260941e+01
   1.1000000e+01   1.8758603e+01  -1.4300000e+02   3.2847420e+01   7.2267498e+01  -2.8000000e+01  -1.6474425e+01
   1.1000000e+01   2.4035552e+01  -1.4300000e+02   3.1172690e+01   6.9527311e+01  -2.8000000e+01  -1.4940472e+01
   1.1000000e+01   3.0613144e+01  -1.4300000e+02   2.9156243e+01   6.4804955e+01  -2.8000000e+01  -1.2756624e+01
   1.1000000e+01   3.7576376e+01  -1.4300000e+02   2.7134673e+01   5.7771261e+01  -2.8000000e+01  -9.8497726e+00
   1.1000000e+01   4.2154814e+01  -1.4300000e+02   2.5516736e+01   4.9900990e+01  -2.8000000e+01  -5.8124515e+00
   1.1000000e+01   4.5781982e+01  -1.4300000e+02   2.3534636e+01   4.1093902e+01  -2.8000000e+01   1.3735822e+00
   1.1000000e+01   4.5809514e+01  -1.4300000e+02   1.9533455e+01   3.2434277e+01  -2.8000000e+01   9.6918804e+00
   1.1000000e+01   4.5756492e+01  -1.4300000e+02   1.5352923e+01   2.4240910e+01  -2.8000000e+01   1.9096607e+01
   1.1000000e+01   4.4936425e+01  -1.4300000e+02   1.0711874e+01   1.7553109e+01  -2.8000000e+01   2.7538499e+01
   1.1000000e+01   4.5990415e+01  -1.4300000e+02   7.2609622e+00   1.4107962e+01  -2.8000000e+01   3.5043044e+01
   1.1000000e+01   4.3442156e+01  -1.4300000e+02   3.6240068e+00   1.0981594e+01  -2.8000000e+01   4.1719796e+01
   1.1000000e+01   3.5686901e+01  -1.4300000e+02  -2.0629810e+00   7.3392844e+00  -2.8000000e+01   4.7253867e+01
   1.1000000e+01   2.8469848e+01  -1.4300000e+02  -7.8968680e+00   4.1174033e+00  -2.8000000e+01   5.1520636e+01
   1.1000000e+01   2.5614534e+01  -1.4300000e+02  -1.0506264e+01   2.4354084e+00  -2.8000000e+01   5.4975775e+01
   1.1000000e+01   2.4340887e+01  -1.4300000e+02  -9.6577719e+00   2.6167287e+00  -2.8000000e+01   5.5488202e+01
   1.1000000e+01   2.4539580e+01  -1.4300000e+02  -7.3850059e+00   3.1016253e+00  -2.8000000e+01   5.5742961e+01
   1.1000000e+01   2.7448986e+01  -1.4300000e+02  -4.2206666e+00   5.4263210e+00  -2.8000000e+01   5.3249221e+01
   1.1000000e+01   2.9692822e+01  -1.4300000e+02  -6.0144800e-01   8.1213816e+00  -2.8000000e+01   5.0745965e+01
   1.1000000e+01   3.3236094e+01  -1.4300000e+02   2.1379052e+00   1.0923949e+01  -2.8000000e+01   4.8521892e+01
   1.1000000e+01   3.3247161e+01  -1.4300000e+02   3.6760311e+00   1.2734420e+01  -2.8000000e+01   4.6062305e+01
   1.1000000e+01   3.4266387e+01  -1.4300000e+02   5.8398795e+00   1.4925869e+01  -2.8000000e+01   4.3335012e+01
   1.1000000e+01   3.4551577e+01  -1.4300000e+02   8.4661482e+00   1.7544120e+01  -2.8000000e+01   4.1009285e+01
   1.1000000e+01   3.5440656e+01  -1.4300000e+02   1.0974587e+01   1.9940164e+01  -2.8000000e+01   3.6856998e+01
   1.1000000e+01   3.9845897e+01  -1.4300000e+02   1.5215012e+01   2.4054654e+01  -2.8000000e+01   3.3591119e+01
   1.1000000e+01   4.3173928e+01  -1.4300000e+02   1.9275922e+01   2.9367212e+01  -2.8000000e+01   3.1396593e+01
   1.1000000e+01   4.2181618e+01  -1.4300000e+02   2.1409874e+01   3.1230129e+01  -2.8000000e+01   2.8039407e+01
   1.1000000e+01   4.0208913e+01  -1.4300000e+02   2.2848499e+01   3.2188898e+01  -2.8000000e+01   2.3883433e+01
   1.1000000e+01   3.8952311e+01  -1.4300000e+02   2.4355978e+01   3.3401250e+01  -2.8000000e+01   2.0234476e+01
   1.1000000e+01   3.6845985e+01  -1.4300000e+02   2.5774597e+01   3.5471290e+01  -2.8000000e+01   1.6832879e+01
   1.1000000e+01   3.4352227e+01  -1.4300000e+02   2.7080518e+01   3.7338548e+01  -2.8000000e+01   1.2606571e+01
   1.1000000e+01   3.5485839e+01  -1.4300000e+02   2.9219426e+01   3.9709702e+01  -2.8000000e+01   9.2636894e+00
   1.1000000e+01   3.4081069e+01  -1.4300000e+02   3.1473126e+01   4.1763793e+01  -2.8000000e+01   5.6361149e+00
   1.1000000e+01   3.2446558e+01  -1.4300000e+02   3.3518248e+01   4.4085645e+01  -2.8000000e+01   1.3212135e+00
   1.1000000e+01   3.1057267e+01  -1.4300000e+02   3.5425271e+01   4.6258817e+01  -2.8000000e+01  -1.4047569e+00
   1.1000000e+01   2.9335895e+01  -1.4300000e+02   3.7064471e+01   4.8371702e+01  -2.8000000e+01  -4.5198061e+00
   1.1000000e+01   2.8477199e+01  -1.4300000e+02   3.8844535e+01   5.0170306e+01  -2.8000000e+01  -7.1939610e+00
   1.1000000e+01   2.8899362e+01  -1.4300000e+02   4.0399635e+01   5.1730434e+01  -2.8000000e+01  -9.6058783e+00
   1.1000000e+01   2.7423235e+01  -1.4300000e+02   4.2231108e+01   5.3555208e+01  -2.8000000e+01  -1.2175388e+01
   1.1000000e+01   2.4457158e+01  -1.4300000e+02   4.3651655e+01   5.5413917e+01  -2.8000000e+01  -1.4968609e+01
   1.1000000e+01   2.0858171e+01  -1.4300000e+02   4.4068809e+01   5.6818156e+01  -2.8000000e+01  -1.7819514e+01
   1.1000000e+01   1.9061523e+01  -1.4300000e+02   4.4660482e+01   5.7743338e+01  -2.8000000e+01  -1.9862803e+01
   1.1000000e+01   1.7302618e+01  -1.4300000e+02   4.5121204e+01   5.8890012e+01  -2.8000000e+01  -2.1443218e+01
   1.1000000e+01   1.5775929e+01  -1.4300000e+02   4.5280547e+01   5.9725418e+01  -2.8000000e+01  -2.3090899e+01
   1.1000000e+01   1.4839888e+01  -1.4300000e+02   4.5407296e+01   6.0267930e+01  -2.8000000e+01  -2.4718781e+01
   1.1000000e+01   1.5291084e+01  -1.4300000e+02   4.5540348e+01   6.0467038e+01  -2.8000000e+01  -2.5425189e+01
   1.1000000e+01   1.5491268e+01  -1.4300000e+02   4.6003369e+01   6.0617086e+01  -2.8000000e+01  -2.5983177e+01
   1.1000000e+01   1.5220954e+01  -1.4300000e+02   4.6316392e+01   6.1253686e+01  -2.8000000e+01  -2.6891822e+01
   1.1000000e+01   1.4358276e+01  -1.4300000e+02   4.6687392e+01   6.1919826e+01  -2.8000000e+01  -2.8019777e+01
   1.1000000e+01   1.3519052e+01  -1.4300000e+02   4.6889290e+01   6.2601365e+01  -2.8000000e+01  -2.8815603e+01
   1.1000000e+01   1.3125258e+01  -1.4300000e+02   4.7213642e+01   6.3070127e+01  -2.8000000e+01  -2.8808403e+01
   1.1000000e+01   1.2387716e+01  -1.4300000e+02   4.7511992e+01   6.3791657e+01  -2.8000000e+01  -2.8209295e+01
   1.1000000e+01   1.1608655e+01  -1.4300000e+02   4.7903067e+01   6.4461272e+01  -2.8000000e+01  -2.7643419e+01
   1.1000000e+01   1.0583183e+01  -1.4300000e+02   4.8128626e+01   6.5304822e+01  -2.8000000e+01  -2.7048210e+01
   1.1000000e+01   1.1324738e+01  -1.4300000e+02   4.6844889e+01   6.6676557e+01  -2.8000000e+01  -2.6041729e+01
   1.1000000e+01   1.2393622e+01  -1.4300000e+02   4.4324763e+01   6.8722815e+01  -2.8000000e+01  -2.6164568e+01
   1.1000000e+01   1.4101241e+01  -1.4300000e+02   4.1982231e+01   7.0154283e+01  -2.8000000e+01  -2.6362238e+01
   1.1000000e+01   1.7525816e+01  -1.4300000e+02   3.9791955e+01   7.0305039e+01  -2.8000000e+01  -2.6165506e+01
   1.1000000e+01   2.2221735e+01  -1.4300000e+02   3.7659171e+01   6.8669267e+01  -2.8000000e+01  -2.5296643e+01
   1.1000000e+01   2.9261124e+01  -1.4300000e+02   3.6023514e+01   6.5479091e+01  -2.8000000e+01  -2.4484545e+01
   1.1000000e+01   3.4705837e+01  -1.4300000e+02   3.4552069e+01   6.0692803e+01  -2.8000000e+01  -2.1696150e+01
   1.1000000e+01   4.0752047e+01  -1.4300000e+02   3.3647542e+01   5.4979407e+01  -2.8000000e+01  -1.7432584e+01
   1.1000000e+01   4.6239761e+01  -1.4300000e+02   3.3186090e+01   4.8343525e+01  -2.8000000e+01  -1.0819587e+01
   1.1000000e+01   5.0215167e+01  -1.4300000e+02   3.1910031e+01   4.1743551e+01  -2.8000000e+01  -3.3735979e+00
   1.1000000e+01   5.3085977e+01  -1.4300000e+02   3.0524569e+01   3.6312060e+01  -2.8000000e+01   4.4452547e+00
   1.1000000e+01   5.4460173e+01  -1.4300000e+02   2.7766398e+01   3.2117087e+01  -2.8000000e+01   1.2596403e+01
   1.1000000e+01   5.5340043e+01  -1.4300000e+02   2.4274791e+01   2.9073017e+01  -2.8000000e+01   2.0255989e+01
   1.1000000e+01   5.5092211e+01  -1.4300000e+02   2.0741376e+01   2.6474799e+01  -2.8000000e+01   2.7108844e+01
   1.1000000e+01   5.3382188e+01  -1.4300000e+02   1.7195177e+01   2.3478609e+01  -2.8000000e+01   3.2795292e+01
   1.1000000e+01   5.0763908e+01  -1.4300000e+02   1.4056028e+01   2.0919822e+01  -2.8000000e+01   3.7630055e+01
   1.1000000e+01   4.8973193e+01  -1.4300000e+02   1.3849545e+01   2.2816788e+01  -2.8000000e+01   4.3854644e+01
   1.1000000e+01   4.7427445e+01  -1.4300000e+02   1.3528872e+01   2.2975935e+01  -2.8000000e+01   4.5211525e+01
   1.1000000e+01   4.5190948e+01  -1.4300000e+02   1.2301782e+01   2.2548228e+01  -2.8000000e+01   4.5196065e+01
   1.1000000e+01   4.3204547e+01  -1.4300000e+02   1.1483332e+01   2.2161251e+01  -2.8000000e+01   4.4874122e+01
   1.1000000e+01   4.1334622e+01  -1.4300000e+02   1.0746372e+01   2.1675475e+01  -2.8000000e+01   4.3517038e+01
   1.1000000e+01   3.9675770e+01  -1.4300000e+02   1.0313161e+01   2.1221590e+01  -2.8000000e+01   4.1219687e+01
   1.1000000e+01   3.8703688e+01  -1.4300000e+02   1.0818945e+01   2.1696276e+01  -2.8000000e+01   3.8531590e+01
   1.1000000e+01   3.7048757e+01  -1.4300000e+02   1.1976330e+01   2.2248275e+01  -2.8000000e+01   3.6285155e+01
   1.1000000e+01   3.7324027e+01  -1.4300000e+02   1.3555558e+01   2.4303201e+01  -2.8000000e+01   3.3204263e+01
   1.1000000e+01   3.7802419e+01  -1.4300000e+02   1.5731425e+01   2.6605374e+01  -2.8000000e+01   3.0669163e+01
   1.1000000e+01   3.6691859e+01  -1.4300000e+02   1.7329246e+01   2.8360256e+01  -2.8000000e+01   2.6761473e+01
   1.1000000e+01   3.6344046e+01  -1.4300000e+02   1.9387828e+01   2.9831445e+01  -2.8000000e+01   2.3165869e+01
   1.1000000e+01   3.6680708e+01  -1.4300000e+02   2.1285026e+01   3.1427183e+01  -2.8000000e+01   1.8965538e+01
   1.1000000e+01   3.6527056e+01  -1.4300000e+02   2.3493683e+01   3.3234346e+01  -2.8000000e+01   1.5413070e+01
   1.1000000e+01   3.5859920e+01  -1.4300000e+02   2.5354802e+01   3.5910394e+01  -2.8000000e+01   1.2462522e+01
   1.1000000e+01   3.4696231e+01  -1.4300000e+02   2.7451873e+01   3.7817316e+01  -2.8000000e+01   9.0422780e+00
   1.1000000e+01   3.2865907e+01  -1.4300000e+02   2.8799615e+01   3.9902140e+01  -2.8000000e+01   4.6492296e+00
   1.1000000e+01   3.3036385e+01  -1.4300000e+02   3.1127013e+01   4.1855575e+01  -2.8000000e+01   1.1977897e+00
   1.1000000e+01   3.2723637e+01  -1.4300000e+02   3.3640993e+01   4.4288100e+01  -2.8000000e+01  -2.2586290e+00
   1.1000000e+01   3.1641962e+01  -1.4300000e+02   3.6214764e+01   4.6975831e+01  -2.8000000e+01  -6.2861591e+00
   1.1000000e+01   3.0202256e+01  -1.4300000e+02   3.9242516e+01   4.9566720e+01  -2.8000000e+01  -1.0073428e+01
   1.1000000e+01   2.6233517e+01  -1.4300000e+02   4.1793401e+01   5.2295041e+01  -2.8000000e+01  -1.5404669e+01
   1.1000000e+01   2.4837277e+01  -1.4300000e+02   4.3699481e+01   5.4696976e+01  -2.8000000e+01  -1.9347617e+01
   1.1000000e+01   2.2907558e+01  -1.4300000e+02   4.5485406e+01   5.7101158e+01  -2.8000000e+01  -2.1711117e+01
   1.1000000e+01   2.0930231e+01  -1.4300000e+02   4.7076137e+01   5.8583531e+01  -2.8000000e+01  -2.4301132e+01
   1.1000000e+01   1.6548889e+01  -1.4300000e+02   4.6794548e+01   6.1156758e+01  -2.8000000e+01  -2.4942961e+01
   1.1000000e+01   1.4750863e+01  -1.4300000e+02   4.6508781e+01   6.2854029e+01  -2.8000000e+01  -2.5057441e+01
   1.1000000e+01   1.3085843e+01  -1.4300000e+02   4.6853400e+01   6.4409943e+01  -2.8000000e+01  -2.5142290e+01
   1.1000000e+01   1.0866410e+01  -1.4300000e+02   4.7378446e+01   6.6156557e+01  -2.8000000e+01  -2.5124578e+01
   1.1000000e+01   9.0036406e+00  -1.4300000e+02   4.8134938e+01   6.7333644e+01  -2.8000000e+01  -2.5393414e+01
   1.1000000e+01   8.6713344e+00  -1.4300000e+02   4.8182592e+01   6.7880679e+01  -2.8000000e+01  -2.5375816e+01
   1.1000000e+01   8.9570920e+00  -1.4300000e+02   4.7249109e+01   6.8883394e+01  -2.8000000e+01  -2.5735775e+01
   1.1000000e+01   1.1967535e+01  -1.4300000e+02   4.3508000e+01   7.0839582e+01  -2.8000000e+01  -2.7978926e+01
   1.1000000e+01   1.5641670e+01  -1.4300000e+02   4.0011140e+01   7.3065543e+01  -2.8000000e+01  -2.6018576e+01
   1.1000000e+01   2.0232226e+01  -1.4300000e+02   3.7066894e+01   7.3958575e+01  -2.8000000e+01  -2.3659636e+01
   1.1000000e+01   2.5904072e+01  -1.4300000e+02   3.4362834e+01   7.3793285e+01  -2.8000000e+01  -2.1519056e+01
   1.1000000e+01   3.0227045e+01  -1.4300000e+02   3.3474252e+01   7.1494087e+01  -2.8000000e+01  -1.9602520e+01
   1.1000000e+01   3.5155257e+01  -1.4300000e+02   3.2398689e+01   6.7423890e+01  -2.8000000e+01  -1.5817958e+01
   1.1000000e+01   4.0819176e+01  -1.4300000e+02   3.1723424e+01   6.1091847e+01  -2.8000000e+01  -1.1846424e+01
   1.1000000e+01   4.3815022e+01  -1.4300000e+02   3.0003773e+01   5.2694794e+01  -2.8000000e+01  -7.0918011e+00
   1.1000000e+01   4.5484165e+01  -1.4300000e+02   2.7288844e+01   4.2917038e+01  -2.8000000e+01   1.0646083e+00
   1.1000000e+01   4.5617502e+01  -1.4300000e+02   2.2180013e+01   3.2885125e+01  -2.8000000e+01   9.4399659e+00
   1.1000000e+01   4.4588085e+01  -1.4300000e+02   1.7104071e+01   2.3110065e+01  -2.8000000e+01   1.8537347e+01
   1.1000000e+01   4.3663914e+01  -1.4300000e+02   1.2051366e+01   1.5114866e+01  -2.8000000e+01   2.6500041e+01
   1.1000000e+01   3.9042132e+01  -1.4300000e+02   5.9038995e+00   9.6107345e+00  -2.8000000e+01   3.4270495e+01
   1.1000000e+01   3.6534143e+01  -1.4300000e+02   7.0224952e-01   6.2159199e+00  -2.8000000e+01   4.0794617e+01
   1.1000000e+01   3.3684853e+01  -1.4300000e+02  -3.5076828e+00   4.8069779e+00  -2.8000000e+01   4.6209251e+01
   1.1000000e+01   2.8170048e+01  -1.4300000e+02  -7.1150033e+00   4.0413781e+00  -2.8000000e+01   5.0300886e+01
   1.1000000e+01   2.7163004e+01  -1.4300000e+02  -7.7992918e+00   3.0404330e+00  -2.8000000e+01   5.3188237e+01
   1.1000000e+01   2.9057666e+01  -1.4300000e+02  -5.6358903e+00   4.1637950e+00  -2.8000000e+01   5.5009501e+01
   1.1000000e+01   2.8023296e+01  -1.4300000e+02  -4.5458467e+00   6.1760694e+00  -2.8000000e+01   5.4423962e+01
   1.1000000e+01   2.9222275e+01  -1.4300000e+02  -2.9327775e+00   9.4682451e+00  -2.8000000e+01   5.2150377e+01
   1.1000000e+01   3.0091294e+01  -1.4300000e+02  -9.0609991e-01   1.2736531e+01  -2.8000000e+01   5.0090678e+01
   1.1000000e+01   3.0755318e+01  -1.4300000e+02   1.0443243e+00   1.5582142e+01  -2.8000000e+01   4.6747928e+01
   1.1000000e+01   3.4441160e+01  -1.4300000e+02   4.7700338e+00   1.8845448e+01  -2.8000000e+01   4.2766640e+01
   1.1000000e+01   3.6141143e+01  -1.4300000e+02   8.8324669e+00   2.1974127e+01  -2.8000000e+01   3.9461706e+01
   1.1000000e+01   4.0452529e+01  -1.4300000e+02   1.3236603e+01   2.5810008e+01  -2.8000000e+01   3.4907579e+01
   1.1000000e+01   4.2932549e+01  -1.4300000e+02   1.6652890e+01   2.9703100e+01  -2.8000000e+01   3.1861413e+01
   1.1000000e+01   4.2788597e+01  -1.4300000e+02   1.9067539e+01   3.1291366e+01  -2.8000000e+01   2.8115549e+01
   1.1000000e+01   3.9739571e+01  -1.4300000e+02   2.0756577e+01   3.2578700e+01  -2.8000000e+01   2.5307247e+01
   1.1000000e+01   3.8727422e+01  -1.4300000e+02   2.2144096e+01   3.3825096e+01  -2.8000000e+01   2.1194298e+01
   1.1000000e+01   3.9614333e+01  -1.4300000e+02   2.4155956e+01   3.6135870e+01  -2.8000000e+01   1.7802558e+01
   1.1000000e+01   3.9408436e+01  -1.4300000e+02   2.7108475e+01   3.9239036e+01  -2.8000000e+01   1.4406569e+01
   1.1000000e+01   3.6607547e+01  -1.4300000e+02   2.9041181e+01   4.1729003e+01  -2.8000000e+01   1.0160749e+01
   1.1000000e+01   3.5019937e+01  -1.4300000e+02   3.0687910e+01   4.3340235e+01  -2.8000000e+01   5.5969676e+00
   1.1000000e+01   3.2955314e+01  -1.4300000e+02   3.2679157e+01   4.5187546e+01  -2.8000000e+01   1.5353693e+00
   1.1000000e+01   3.1316033e+01  -1.4300000e+02   3.4739552e+01   4.6918449e+01  -2.8000000e+01  -2.2127980e+00
   1.1000000e+01   2.9722329e+01  -1.4300000e+02   3.7007560e+01   4.8818356e+01  -2.8000000e+01  -5.4095967e+00
   1.1000000e+01   2.7776890e+01  -1.4300000e+02   3.9280224e+01   5.0930966e+01  -2.8000000e+01  -8.6961294e+00
   1.1000000e+01   2.4341811e+01  -1.4300000e+02   4.0932799e+01   5.2952406e+01  -2.8000000e+01  -1.2246149e+01
   1.1000000e+01   2.0620574e+01  -1.4300000e+02   4.2434694e+01   5.5080971e+01  -2.8000000e+01  -1.5049393e+01
   1.1000000e+01   1.8247447e+01  -1.4300000e+02   4.3196324e+01   5.6642243e+01  -2.8000000e+01  -1.7405773e+01
   1.1000000e+01   1.7301640e+01  -1.4300000e+02   4.4368760e+01   5.7746544e+01  -2.8000000e+01  -1.9481399e+01
   1.1000000e+01   1.6374857e+01  -1.4300000e+02   4.5444415e+01   5.9047866e+01  -2.8000000e+01  -2.1209810e+01
   1.1000000e+01   1.5900969e+01  -1.4300000e+02   4.6171182e+01   6.0276338e+01  -2.8000000e+01  -2.2308659e+01
   1.1000000e+01   1.5196755e+01  -1.4300000e+02   4.7125306e+01   6.1420932e+01  -2.8000000e+01  -2.3277052e+01
   1.1000000e+01   1.4286065e+01  -1.4300000e+02   4.7421912e+01   6.2414332e+01  -2.8000000e+01  -2.3394780e+01
   1.1000000e+01   1.5891392e+01  -1.4300000e+02   4.5975232e+01   6.3995107e+01  -2.8000000e+01  -2.2872470e+01
   1.1000000e+01   1.7963811e+01  -1.4300000e+02   4.3001416e+01   6.5920107e+01  -2.8000000e+01  -2.2314433e+01
   1.1000000e+01   2.1152577e+01  -1.4300000e+02   3.8903429e+01   6.6565382e+01  -2.8000000e+01  -2.1186057e+01
   1.1000000e+01   2.6038419e+01  -1.4300000e+02   3.6239093e+01   6.5150607e+01  -2.8000000e+01  -1.7977805e+01
   1.1000000e+01   3.1855320e+01  -1.4300000e+02   3.4349775e+01   6.1493968e+01  -2.8000000e+01  -1.4770000e+01
   1.1000000e+01   3.8886762e+01  -1.4300000e+02   3.1679639e+01   5.6542608e+01  -2.8000000e+01  -1.0255330e+01
   1.1000000e+01   4.3331814e+01  -1.4300000e+02   2.8448521e+01   5.1054390e+01  -2.8000000e+01  -5.9351446e+00
   1.1000000e+01   4.7528590e+01  -1.4300000e+02   2.6496499e+01   4.3225021e+01  -2.8000000e+01   1.4088221e+00
   1.1000000e+01   4.6323215e+01  -1.4300000e+02   2.2109229e+01   3.4446180e+01  -2.8000000e+01   9.5778996e+00
   1.1000000e+01   4.4129609e+01  -1.4300000e+02   1.6612442e+01   2.6144494e+01  -2.8000000e+01   1.8079041e+01
   1.1000000e+01   4.2534103e+01  -1.4300000e+02   1.1294115e+01   1.9292498e+01  -2.8000000e+01   2.5980673e+01
   1.1000000e+01   4.2174570e+01  -1.4300000e+02   6.4656474e+00   1.5021486e+01  -2.8000000e+01   3.3692715e+01
   1.1000000e+01   4.2356669e+01  -1.4300000e+02   3.3456016e+00   1.1770152e+01  -2.8000000e+01   3.8369862e+01
   1.1000000e+01   3.8431228e+01  -1.4300000e+02   6.0214424e-01   1.0097024e+01  -2.8000000e+01   4.4170731e+01
   1.1000000e+01   3.4455581e+01  -1.4300000e+02  -1.6355271e+00   7.2116985e+00  -2.8000000e+01   4.8292638e+01
   1.1000000e+01   3.1815460e+01  -1.4300000e+02  -1.4059741e+00   6.8412830e+00  -2.8000000e+01   5.2613889e+01
   1.1000000e+01   3.1888582e+01  -1.4300000e+02   1.2123332e-01   6.8349278e+00  -2.8000000e+01   5.1166738e+01
   1.1000000e+01   3.5742218e+01  -1.4300000e+02   4.0211481e+00   9.4020940e+00  -2.8000000e+01   4.9238887e+01
   1.1000000e+01   3.7214990e+01  -1.4300000e+02   6.5380335e+00   1.2047553e+01  -2.8000000e+01   4.7829206e+01
   1.1000000e+01   3.7877015e+01  -1.4300000e+02   8.6050494e+00   1.4698371e+01  -2.8000000e+01   4.6871326e+01
   1.1000000e+01   3.6377110e+01  -1.4300000e+02   8.8382711e+00   1.6649048e+01  -2.8000000e+01   4.5814867e+01
   1.1000000e+01   3.8369240e+01  -1.4300000e+02   1.1177498e+01   1.8179699e+01  -2.8000000e+01   4.3746040e+01
