   4.0317491e+01   5.5962850e+01  -1.7205915e+02   6.8530975e+01   2.5079622e+01  -4.6480282e+01   9.1070994e+00
   2.6317491e+01   4.1962850e+01  -1.7374408e+02   5.6865416e+01   2.0485066e+01  -3.2480283e+01   1.4355781e+01
   1.2317597e+01   2.7963011e+01  -1.7712366e+02   4.3806153e+01   1.5909698e+01  -1.8480769e+01   1.7782446e+01
  -1.6822974e+00   1.3963173e+01  -1.8050324e+02   3.0746891e+01   1.1334329e+01  -4.4812552e+00   2.1209111e+01
  -1.5681882e+01  -3.6647173e-02  -1.7223416e+02   1.8699904e+01   6.7591719e+00   9.5177138e+00   3.0927264e+01
  -2.9681330e+01  -1.4036538e+01  -1.6373461e+02   6.6957686e+00   2.1840813e+00   2.3516502e+01   4.0749193e+01
  -4.3679488e+01  -2.8036401e+01  -1.5296815e+02  -4.5417920e+00  -2.3904495e+00   3.7513729e+01   5.1896355e+01
  -3.3494686e+01  -4.2036134e+01  -1.4251977e+02  -1.6121305e+01   2.8821278e+00   2.3513839e+01   6.2963085e+01
  -2.3309883e+01  -5.6035867e+01  -1.3207140e+02  -2.7700817e+01   8.1547051e+00   9.5139485e+00   7.4029815e+01
  -1.3109963e+01  -7.0018700e+01  -1.2737001e+02  -3.8289266e+01   1.3432028e+01  -4.4859491e+00   7.9267883e+01
  -2.9100429e+00  -8.4001533e+01  -1.2266862e+02  -4.8877715e+01   1.8709350e+01  -1.8485847e+01   8.4505952e+01
   1.1000000e+01  -7.0001533e+01  -1.1801208e+02  -5.9360231e+01   2.1000000e+01  -2.8000000e+01   8.9608637e+01
   1.1000000e+01  -5.6001533e+01  -1.1602043e+02  -6.2541719e+01   2.1000000e+01  -2.8000000e+01   8.5825075e+01
   1.1000000e+01  -4.2998633e+01  -1.1440242e+02  -6.5351255e+01   2.1000000e+01  -2.8000000e+01   8.1362400e+01
   1.1000000e+01  -4.3000000e+01  -1.2391381e+02  -5.9926673e+01   2.1000000e+01  -2.8000000e+01   7.0563286e+01
   1.1000000e+01  -4.3000000e+01  -1.3369912e+02  -5.5277740e+01   2.1000000e+01  -2.8000000e+01   5.9749319e+01
   1.1000000e+01  -4.3000000e+01  -1.4279951e+02  -5.0590045e+01   2.1000000e+01  -2.8000000e+01   4.9203912e+01
   1.1000000e+01  -4.3000000e+01  -1.4868721e+02  -4.5647377e+01   2.1000000e+01  -2.8000000e+01   3.9240708e+01
   1.1000000e+01  -4.3000000e+01  -1.5070730e+02  -4.1844737e+01   2.1000000e+01  -2.8000000e+01   3.1204294e+01
   1.1000000e+01  -4.3000000e+01  -1.4938402e+02  -3.7989769e+01   2.1000000e+01  -2.8000000e+01   2.4314212e+01
   1.1000000e+01  -4.3000000e+01  -1.4828700e+02  -3.4150901e+01   2.1000000e+01  -2.8000000e+01   1.9046988e+01
   1.1000000e+01  -4.3000000e+01  -1.4609622e+02  -3.0848673e+01   2.1000000e+01  -2.8000000e+01   1.3651232e+01
   1.1000000e+01  -4.3000000e+01  -1.4476143e+02  -2.7276154e+01   2.1000000e+01  -2.8000000e+01   8.9166192e+00
   1.1000000e+01  -4.3000000e+01  -1.4338558e+02  -2.4204136e+01   2.1000000e+01  -2.8000000e+01   4.0667886e+00
   1.1000000e+01  -4.3000000e+01  -1.4161563e+02  -2.0957274e+01   2.1000000e+01  -2.8000000e+01  -7.8743125e-01
   1.1000000e+01  -4.3000000e+01  -1.4037875e+02  -1.7016717e+01   2.1000000e+01  -2.8000000e+01  -5.6103604e+00
   1.1000000e+01  -4.3000000e+01  -1.3914187e+02  -1.3076159e+01   2.1000000e+01  -2.8000000e+01  -1.0433290e+01
   1.1000000e+01  -4.3000000e+01  -1.3838786e+02  -1.0052217e+01   2.1000000e+01  -2.8000000e+01  -1.5462632e+01
   1.1000000e+01  -4.3000000e+01  -1.3646494e+02  -5.9971030e+00   2.1000000e+01  -2.8000000e+01  -1.9816922e+01
   1.1000000e+01  -4.3000000e+01  -1.3414180e+02  -2.3117152e+00   2.1000000e+01  -2.8000000e+01  -2.4385251e+01
   1.1000000e+01  -4.3000000e+01  -1.3362257e+02   8.9358241e-01   2.1000000e+01  -2.8000000e+01  -2.9031515e+01
   1.1000000e+01  -4.3000000e+01  -1.3323689e+02   3.8181429e+00   2.1000000e+01  -2.8000000e+01  -3.3649356e+01
   1.1000000e+01  -4.3000000e+01  -1.3210320e+02   5.8328228e+00   2.1000000e+01  -2.8000000e+01  -3.6857658e+01
   1.1000000e+01  -4.3000000e+01  -1.3069480e+02   8.1294750e+00   2.1000000e+01  -2.8000000e+01  -3.9794873e+01
   1.1000000e+01  -4.3000000e+01  -1.2955360e+02   9.4062894e+00   2.1000000e+01  -2.8000000e+01  -4.1034495e+01
   1.1000000e+01  -4.3000000e+01  -1.2870383e+02   1.0462366e+01   2.1000000e+01  -2.8000000e+01  -4.2333887e+01
   1.1000000e+01  -4.3000000e+01  -1.2767489e+02   1.0322553e+01   2.1000000e+01  -2.8000000e+01  -4.3686831e+01
   1.1000000e+01  -4.3000000e+01  -1.2426512e+02   7.2278994e+00   2.1000000e+01  -2.8000000e+01  -4.5725311e+01
   1.1000000e+01  -4.3000000e+01  -1.2082761e+02   3.0815280e+00   2.1000000e+01  -2.8000000e+01  -4.7644213e+01
   1.1000000e+01  -4.3000000e+01  -1.1863970e+02  -1.2906720e+00   2.1000000e+01  -2.8000000e+01  -4.7475913e+01
   1.1000000e+01  -4.3000000e+01  -1.1842051e+02  -4.9206493e+00   2.1000000e+01  -2.8000000e+01  -4.6780712e+01
   1.1000000e+01  -4.3000000e+01  -1.1909404e+02  -9.2159642e+00   2.1000000e+01  -2.8000000e+01  -4.4278036e+01
   1.1000000e+01  -4.3000000e+01  -1.2069304e+02  -1.4395806e+01   2.1000000e+01  -2.8000000e+01  -4.0271042e+01
   1.1000000e+01  -4.3000000e+01  -1.2422550e+02  -1.9274473e+01   2.1000000e+01  -2.8000000e+01  -3.5707425e+01
   1.1000000e+01  -4.3000000e+01  -1.2743855e+02  -2.4234987e+01   2.1000000e+01  -2.8000000e+01  -3.0252792e+01
   1.1000000e+01  -4.3000000e+01  -1.3143678e+02  -2.8160437e+01   2.1000000e+01  -2.8000000e+01  -2.2578325e+01
   1.1000000e+01  -4.3000000e+01  -1.3635467e+02  -3.2959394e+01   2.1000000e+01  -2.8000000e+01  -1.4329664e+01
   1.1000000e+01  -4.3000000e+01  -1.4225435e+02  -3.7312522e+01   2.1000000e+01  -2.8000000e+01  -6.7106040e+00
   1.1000000e+01  -4.3000000e+01  -1.4878955e+02  -4.0563662e+01   2.1000000e+01  -2.8000000e+01   5.7172597e-01
   1.1000000e+01  -4.3000000e+01  -1.5446256e+02  -4.4455645e+01   2.1000000e+01  -2.8000000e+01   7.6317725e+00
   1.1000000e+01  -4.3000000e+01  -1.5976004e+02  -4.7417395e+01   2.1000000e+01  -2.8000000e+01   1.5539895e+01
   1.1000000e+01  -4.3000000e+01  -1.6339296e+02  -4.9124860e+01   2.1000000e+01  -2.8000000e+01   2.3876529e+01
   1.1000000e+01  -4.3000000e+01  -1.6703522e+02  -4.8905871e+01   2.1000000e+01  -2.8000000e+01   2.9757173e+01
   1.1000000e+01  -4.3000000e+01  -1.6706241e+02  -4.9478157e+01   2.1000000e+01  -2.8000000e+01   3.4535610e+01
   1.1000000e+01  -4.3000000e+01  -1.6551389e+02  -4.8776188e+01   2.1000000e+01  -2.8000000e+01   3.6069204e+01
   1.1000000e+01  -4.3000000e+01  -1.6515900e+02  -4.8261910e+01   2.1000000e+01  -2.8000000e+01   3.5370168e+01
   1.1000000e+01  -4.3000000e+01  -1.6378913e+02  -4.6515535e+01   2.1000000e+01  -2.8000000e+01   3.4089344e+01
   1.1000000e+01  -4.3000000e+01  -1.6153678e+02  -4.5221454e+01   2.1000000e+01  -2.8000000e+01   3.1510791e+01
   1.1000000e+01  -4.3000000e+01  -1.5968804e+02  -4.2706747e+01   2.1000000e+01  -2.8000000e+01   2.8249216e+01
   1.1000000e+01  -4.3000000e+01  -1.5726636e+02  -4.0334886e+01   2.1000000e+01  -2.8000000e+01   2.5079915e+01
   1.1000000e+01  -4.3000000e+01  -1.5402255e+02  -3.6698149e+01   2.1000000e+01  -2.8000000e+01   2.2333146e+01
   1.1000000e+01  -4.3000000e+01  -1.5161399e+02  -3.4027241e+01   2.1000000e+01  -2.8000000e+01   1.8829022e+01
   1.1000000e+01  -4.3000000e+01  -1.4985374e+02  -3.1954599e+01   2.1000000e+01  -2.8000000e+01   1.5162884e+01
   1.1000000e+01  -4.3000000e+01  -1.4805447e+02  -2.9570573e+01   2.1000000e+01  -2.8000000e+01   1.1608970e+01
   1.1000000e+01  -4.3000000e+01  -1.4697516e+02  -2.6313121e+01   2.1000000e+01  -2.8000000e+01   8.1454751e+00
   1.1000000e+01  -4.3000000e+01  -1.4543535e+02  -2.3503552e+01   2.1000000e+01  -2.8000000e+01   3.6768196e+00
   1.1000000e+01  -4.3000000e+01  -1.4474013e+02  -2.0908642e+01   2.1000000e+01  -2.8000000e+01  -8.4227824e-01
   1.1000000e+01  -4.3000000e+01  -1.4401490e+02  -1.8155387e+01   2.1000000e+01  -2.8000000e+01  -4.9191683e+00
   1.1000000e+01  -4.3000000e+01  -1.4357372e+02  -1.6074401e+01   2.1000000e+01  -2.8000000e+01  -8.9927574e+00
   1.1000000e+01  -4.3000000e+01  -1.4194161e+02  -1.2565275e+01   2.1000000e+01  -2.8000000e+01  -1.2323868e+01
   1.1000000e+01  -4.3000000e+01  -1.3983378e+02  -8.5967849e+00   2.1000000e+01  -2.8000000e+01  -1.7162837e+01
   1.1000000e+01  -4.3000000e+01  -1.3872882e+02  -5.9277980e+00   2.1000000e+01  -2.8000000e+01  -2.2530990e+01
   1.1000000e+01  -4.3000000e+01  -1.3733549e+02  -2.8201720e+00   2.1000000e+01  -2.8000000e+01  -2.7525998e+01
   1.1000000e+01  -4.3000000e+01  -1.3654079e+02  -4.5802136e-01   2.1000000e+01  -2.8000000e+01  -3.1679304e+01
   1.1000000e+01  -4.3000000e+01  -1.3611831e+02   1.5616043e+00   2.1000000e+01  -2.8000000e+01  -3.5110423e+01
   1.1000000e+01  -4.3000000e+01  -1.3559883e+02   3.6721098e+00   2.1000000e+01  -2.8000000e+01  -3.7458385e+01
   1.1000000e+01  -4.3000000e+01  -1.3376388e+02   5.5779270e+00   2.1000000e+01  -2.8000000e+01  -3.9585245e+01
   1.1000000e+01  -4.3000000e+01  -1.3222388e+02   7.1353159e+00   2.1000000e+01  -2.8000000e+01  -4.1735140e+01
   1.1000000e+01  -4.3000000e+01  -1.3124932e+02   8.7078479e+00   2.1000000e+01  -2.8000000e+01  -4.2870574e+01
   1.1000000e+01  -4.3000000e+01  -1.3075781e+02   1.0095843e+01   2.1000000e+01  -2.8000000e+01  -4.3644740e+01
   1.1000000e+01  -4.3000000e+01  -1.2883913e+02   9.6693921e+00   2.1000000e+01  -2.8000000e+01  -4.4606629e+01
   1.1000000e+01  -4.3000000e+01  -1.2576534e+02   7.3286303e+00   2.1000000e+01  -2.8000000e+01  -4.4896702e+01
   1.1000000e+01  -4.3000000e+01  -1.2314908e+02   3.8623481e+00   2.1000000e+01  -2.8000000e+01  -4.4679121e+01
   1.1000000e+01  -4.3000000e+01  -1.2120079e+02  -7.0762263e-03   2.1000000e+01  -2.8000000e+01  -4.2785216e+01
   1.1000000e+01  -4.3000000e+01  -1.1931080e+02  -4.2523529e+00   2.1000000e+01  -2.8000000e+01  -3.9819588e+01
   1.1000000e+01  -4.3000000e+01  -1.1925413e+02  -8.8123970e+00   2.1000000e+01  -2.8000000e+01  -3.7191268e+01
   1.1000000e+01  -4.3000000e+01  -1.2122939e+02  -1.4750627e+01   2.1000000e+01  -2.8000000e+01  -3.5486511e+01
   1.1000000e+01  -4.3000000e+01  -1.2548781e+02  -2.0068560e+01   2.1000000e+01  -2.8000000e+01  -3.1738516e+01
   1.1000000e+01  -4.3000000e+01  -1.3024761e+02  -2.5582633e+01   2.1000000e+01  -2.8000000e+01  -2.7965088e+01
   1.1000000e+01  -4.3000000e+01  -1.3392708e+02  -3.0366568e+01   2.1000000e+01  -2.8000000e+01  -2.2386930e+01
   1.1000000e+01  -4.3000000e+01  -1.3800354e+02  -3.4703278e+01   2.1000000e+01  -2.8000000e+01  -1.4531725e+01
   1.1000000e+01  -4.3000000e+01  -1.4298181e+02  -3.9120489e+01   2.1000000e+01  -2.8000000e+01  -6.4261092e+00
   1.1000000e+01  -4.3000000e+01  -1.4974217e+02  -4.2809121e+01   2.1000000e+01  -2.8000000e+01  -3.1386373e-04
   1.1000000e+01  -4.3000000e+01  -1.5366376e+02  -4.6647531e+01   2.1000000e+01  -2.8000000e+01   7.8142798e+00
   1.1000000e+01  -4.3000000e+01  -1.5660441e+02  -4.9153966e+01   2.1000000e+01  -2.8000000e+01   1.7002003e+01
   1.1000000e+01  -4.3000000e+01  -1.5943965e+02  -5.0387144e+01   2.1000000e+01  -2.8000000e+01   2.6088335e+01
   1.1000000e+01  -4.3000000e+01  -1.6223622e+02  -5.0686266e+01   2.1000000e+01  -2.8000000e+01   3.3968063e+01
   1.1000000e+01  -4.3000000e+01  -1.6298509e+02  -5.0649073e+01   2.1000000e+01  -2.8000000e+01   3.9309624e+01
   1.1000000e+01  -4.3000000e+01  -1.6141471e+02  -5.0792935e+01   2.1000000e+01  -2.8000000e+01   3.9459040e+01
   1.1000000e+01  -4.3000000e+01  -1.6063016e+02  -4.9480607e+01   2.1000000e+01  -2.8000000e+01   3.7764572e+01
   1.1000000e+01  -4.3000000e+01  -1.5933697e+02  -4.7713072e+01   2.1000000e+01  -2.8000000e+01   3.5130789e+01
   1.1000000e+01  -4.3000000e+01  -1.5752802e+02  -4.5466887e+01   2.1000000e+01  -2.8000000e+01   3.2197876e+01
   1.1000000e+01  -4.3000000e+01  -1.5533991e+02  -4.3440605e+01   2.1000000e+01  -2.8000000e+01   2.8214397e+01
   1.1000000e+01  -4.3000000e+01  -1.5318242e+02  -4.0513690e+01   2.1000000e+01  -2.8000000e+01   2.4361539e+01
   1.1000000e+01  -4.3000000e+01  -1.5161427e+02  -3.7604892e+01   2.1000000e+01  -2.8000000e+01   2.0033548e+01
   1.1000000e+01  -4.3000000e+01  -1.4923579e+02  -3.4629325e+01   2.1000000e+01  -2.8000000e+01   1.5842004e+01
   1.1000000e+01  -4.3000000e+01  -1.4750356e+02  -3.1832564e+01   2.1000000e+01  -2.8000000e+01   1.1687877e+01
   1.1000000e+01  -4.3000000e+01  -1.4584814e+02  -2.8063780e+01   2.1000000e+01  -2.8000000e+01   8.2364860e+00
   1.1000000e+01  -4.3000000e+01  -1.4462611e+02  -2.4971085e+01   2.1000000e+01  -2.8000000e+01   4.1083359e+00
   1.1000000e+01  -4.3000000e+01  -1.4326009e+02  -2.1954936e+01   2.1000000e+01  -2.8000000e+01  -9.8741722e-01
   1.1000000e+01  -4.3000000e+01  -1.4209695e+02  -1.9034576e+01   2.1000000e+01  -2.8000000e+01  -6.1625635e+00
   1.1000000e+01  -4.3000000e+01  -1.4052632e+02  -1.4988788e+01   2.1000000e+01  -2.8000000e+01  -1.0647235e+01
   1.1000000e+01  -4.3000000e+01  -1.3910769e+02  -1.1317155e+01   2.1000000e+01  -2.8000000e+01  -1.5386352e+01
   1.1000000e+01  -4.3000000e+01  -1.3776910e+02  -8.0637917e+00   2.1000000e+01  -2.8000000e+01  -2.0495270e+01
   1.1000000e+01  -4.3000000e+01  -1.3691391e+02  -4.7801079e+00   2.1000000e+01  -2.8000000e+01  -2.5691449e+01
   1.1000000e+01  -4.3000000e+01  -1.3615458e+02  -1.3070787e+00   2.1000000e+01  -2.8000000e+01  -3.0591032e+01
   1.1000000e+01  -4.3000000e+01  -1.3549539e+02   1.3451748e+00   2.1000000e+01  -2.8000000e+01  -3.5252874e+01
   1.1000000e+01  -4.3000000e+01  -1.3547167e+02   3.2868289e+00   2.1000000e+01  -2.8000000e+01  -3.8480585e+01
   1.1000000e+01  -4.3000000e+01  -1.3345393e+02   5.3556187e+00   2.1000000e+01  -2.8000000e+01  -4.0991780e+01
   1.1000000e+01  -4.3000000e+01  -1.3217985e+02   7.0097367e+00   2.1000000e+01  -2.8000000e+01  -4.2437492e+01
   1.1000000e+01  -4.3000000e+01  -1.3113147e+02   8.8287433e+00   2.1000000e+01  -2.8000000e+01  -4.3790116e+01
   1.1000000e+01  -4.3000000e+01  -1.3042858e+02   1.0216513e+01   2.1000000e+01  -2.8000000e+01  -4.5251160e+01
   1.1000000e+01  -4.3000000e+01  -1.2960355e+02   1.0779528e+01   2.1000000e+01  -2.8000000e+01  -4.5428723e+01
   1.1000000e+01  -4.3000000e+01  -1.2764618e+02   1.0113761e+01   2.1000000e+01  -2.8000000e+01  -4.5845690e+01
   1.1000000e+01  -4.3000000e+01  -1.2528982e+02   8.2265327e+00   2.1000000e+01  -2.8000000e+01  -4.6372718e+01
   1.1000000e+01  -4.3000000e+01  -1.2310711e+02   5.2380406e+00   2.1000000e+01  -2.8000000e+01  -4.4715232e+01
   1.1000000e+01  -4.3000000e+01  -1.2121338e+02   1.6879596e+00   2.1000000e+01  -2.8000000e+01  -4.3114277e+01
   1.1000000e+01  -4.3000000e+01  -1.1970220e+02  -2.9424424e+00   2.1000000e+01  -2.8000000e+01  -4.1814161e+01
   1.1000000e+01  -4.3000000e+01  -1.2103872e+02  -7.1794694e+00   2.1000000e+01  -2.8000000e+01  -3.8634218e+01
   1.1000000e+01  -4.3000000e+01  -1.2342025e+02  -1.2799325e+01   2.1000000e+01  -2.8000000e+01  -3.4528991e+01
   1.1000000e+01  -4.3000000e+01  -1.2591197e+02  -1.8914356e+01   2.1000000e+01  -2.8000000e+01  -3.0410631e+01
   1.1000000e+01  -4.3000000e+01  -1.2999530e+02  -2.3962093e+01   2.1000000e+01  -2.8000000e+01  -2.5937575e+01
   1.1000000e+01  -4.3000000e+01  -1.3495880e+02  -2.8975806e+01   2.1000000e+01  -2.8000000e+01  -2.0422897e+01
   1.1000000e+01  -4.3000000e+01  -1.3929387e+02  -3.3557759e+01   2.1000000e+01  -2.8000000e+01  -1.3681736e+01
   1.1000000e+01  -4.3000000e+01  -1.4314951e+02  -3.8680056e+01   2.1000000e+01  -2.8000000e+01  -5.7556699e+00
   1.1000000e+01  -4.3000000e+01  -1.4804530e+02  -4.2923011e+01   2.1000000e+01  -2.8000000e+01   1.6564555e+00
   1.1000000e+01  -4.3000000e+01  -1.5315123e+02  -4.6458793e+01   2.1000000e+01  -2.8000000e+01   8.2952179e+00
   1.1000000e+01  -4.3000000e+01  -1.5704700e+02  -4.9336845e+01   2.1000000e+01  -2.8000000e+01   1.5548465e+01
   1.1000000e+01  -4.3000000e+01  -1.5881332e+02  -5.1879436e+01   2.1000000e+01  -2.8000000e+01   2.4075726e+01
   1.1000000e+01  -4.3000000e+01  -1.6166544e+02  -5.3157329e+01   2.1000000e+01  -2.8000000e+01   3.1623560e+01
   1.1000000e+01  -4.3000000e+01  -1.6275349e+02  -5.4727546e+01   2.1000000e+01  -2.8000000e+01   3.8892536e+01
   1.1000000e+01  -4.3000000e+01  -1.6359790e+02  -5.4034898e+01   2.1000000e+01  -2.8000000e+01   4.2849654e+01
   1.1000000e+01  -4.3000000e+01  -1.6404553e+02  -5.3251085e+01   2.1000000e+01  -2.8000000e+01   4.4637388e+01
   1.1000000e+01  -4.3000000e+01  -1.6334855e+02  -5.2234326e+01   2.1000000e+01  -2.8000000e+01   4.3233451e+01
   1.1000000e+01  -4.3000000e+01  -1.6167268e+02  -5.0799334e+01   2.1000000e+01  -2.8000000e+01   4.1291408e+01
   1.1000000e+01  -4.3000000e+01  -1.6068832e+02  -4.9932582e+01   2.1000000e+01  -2.8000000e+01   3.8750705e+01
   1.1000000e+01  -4.3000000e+01  -1.5903929e+02  -4.8616281e+01   2.1000000e+01  -2.8000000e+01   3.6385130e+01
   1.1000000e+01  -4.3000000e+01  -1.5735488e+02  -4.6956909e+01   2.1000000e+01  -2.8000000e+01   3.3582879e+01
   1.1000000e+01  -4.3000000e+01  -1.5580942e+02  -4.4478204e+01   2.1000000e+01  -2.8000000e+01   3.1212162e+01
   1.1000000e+01  -4.3000000e+01  -1.5413381e+02  -4.2284162e+01   2.1000000e+01  -2.8000000e+01   2.7452448e+01
   1.1000000e+01  -4.3000000e+01  -1.5352497e+02  -4.0569362e+01   2.1000000e+01  -2.8000000e+01   2.3841161e+01
   1.1000000e+01  -4.3000000e+01  -1.5169180e+02  -3.8897988e+01   2.1000000e+01  -2.8000000e+01   2.1737694e+01
   1.1000000e+01  -4.3000000e+01  -1.5068450e+02  -3.6307542e+01   2.1000000e+01  -2.8000000e+01   1.9602478e+01
   1.1000000e+01  -4.3000000e+01  -1.4998246e+02  -3.3852247e+01   2.1000000e+01  -2.8000000e+01   1.6703409e+01
   1.1000000e+01  -4.3000000e+01  -1.4767927e+02  -3.1255116e+01   2.1000000e+01  -2.8000000e+01   1.3227342e+01
   1.1000000e+01  -4.3000000e+01  -1.4570928e+02  -2.8000185e+01   2.1000000e+01  -2.8000000e+01   9.9129583e+00
   1.1000000e+01  -4.3000000e+01  -1.4423325e+02  -2.4943546e+01   2.1000000e+01  -2.8000000e+01   6.0680808e+00
   1.1000000e+01  -4.3000000e+01  -1.4296478e+02  -2.2650406e+01   2.1000000e+01  -2.8000000e+01   1.8773268e+00
   1.1000000e+01  -4.3000000e+01  -1.4157542e+02  -1.9616540e+01   2.1000000e+01  -2.8000000e+01  -1.9542012e+00
   1.1000000e+01  -4.3000000e+01  -1.4009822e+02  -1.6817751e+01   2.1000000e+01  -2.8000000e+01  -6.1384347e+00
   1.1000000e+01  -4.3000000e+01  -1.3879560e+02  -1.3715751e+01   2.1000000e+01  -2.8000000e+01  -9.9364740e+00
   1.1000000e+01  -4.3000000e+01  -1.3775674e+02  -1.1082653e+01   2.1000000e+01  -2.8000000e+01  -1.3856604e+01
   1.1000000e+01  -4.3000000e+01  -1.3727501e+02  -8.8366198e+00   2.1000000e+01  -2.8000000e+01  -1.7122824e+01
   1.1000000e+01  -4.3000000e+01  -1.3704963e+02  -7.3956164e+00   2.1000000e+01  -2.8000000e+01  -2.0585998e+01
   1.1000000e+01  -4.3000000e+01  -1.3618393e+02  -5.2164207e+00   2.1000000e+01  -2.8000000e+01  -2.3585257e+01
   1.1000000e+01  -4.3000000e+01  -1.3520535e+02  -2.6047848e+00   2.1000000e+01  -2.8000000e+01  -2.6459163e+01
   1.1000000e+01  -4.3000000e+01  -1.3430427e+02  -3.1687349e-01   2.1000000e+01  -2.8000000e+01  -2.9586948e+01
   1.1000000e+01  -4.3000000e+01  -1.3375533e+02   1.5735981e+00   2.1000000e+01  -2.8000000e+01  -3.2851086e+01
   1.1000000e+01  -4.3000000e+01  -1.3299847e+02   3.0730969e+00   2.1000000e+01  -2.8000000e+01  -3.5454304e+01
   1.1000000e+01  -4.3000000e+01  -1.3246470e+02   4.3598459e+00   2.1000000e+01  -2.8000000e+01  -3.8091056e+01
   1.1000000e+01  -4.3000000e+01  -1.3211921e+02   5.3704529e+00   2.1000000e+01  -2.8000000e+01  -4.0714111e+01
   1.1000000e+01  -4.3000000e+01  -1.3197307e+02   5.5183360e+00   2.1000000e+01  -2.8000000e+01  -4.1978860e+01
   1.1000000e+01  -4.3000000e+01  -1.3193466e+02   6.0715016e+00   2.1000000e+01  -2.8000000e+01  -4.3080203e+01
   1.1000000e+01  -4.3000000e+01  -1.3196317e+02   6.4741740e+00   2.1000000e+01  -2.8000000e+01  -4.4281961e+01
   1.1000000e+01  -4.3000000e+01  -1.3174137e+02   7.1256433e+00   2.1000000e+01  -2.8000000e+01  -4.5386241e+01
   1.1000000e+01  -4.3000000e+01  -1.3151957e+02   7.7771126e+00   2.1000000e+01  -2.8000000e+01  -4.6490520e+01
   1.1000000e+01  -4.3000000e+01  -1.3135356e+02   8.5196861e+00   2.1000000e+01  -2.8000000e+01  -4.7339468e+01
   1.1000000e+01  -4.3000000e+01  -1.3084916e+02   9.5576752e+00   2.1000000e+01  -2.8000000e+01  -4.7868772e+01
   1.1000000e+01  -4.3000000e+01  -1.3034477e+02   1.0595664e+01   2.1000000e+01  -2.8000000e+01  -4.8398076e+01
   1.1000000e+01  -4.3000000e+01  -1.2990612e+02   1.1323664e+01   2.1000000e+01  -2.8000000e+01  -4.8021705e+01
   1.1000000e+01  -4.3000000e+01  -1.2869774e+02   1.0246317e+01   2.1000000e+01  -2.8000000e+01  -4.8013764e+01
   1.1000000e+01  -4.3000000e+01  -1.2648698e+02   7.5871792e+00   2.1000000e+01  -2.8000000e+01  -4.8674229e+01
   1.1000000e+01  -4.3000000e+01  -1.2490188e+02   4.8338678e+00   2.1000000e+01  -2.8000000e+01  -4.9421719e+01
   1.1000000e+01  -4.3000000e+01  -1.2389354e+02   1.5388417e+00   2.1000000e+01  -2.8000000e+01  -4.9422963e+01
   1.1000000e+01  -4.3000000e+01  -1.2418131e+02  -2.8093543e+00   2.1000000e+01  -2.8000000e+01  -4.7939150e+01
   1.1000000e+01  -4.3000000e+01  -1.2476327e+02  -7.5918373e+00   2.1000000e+01  -2.8000000e+01  -4.6490387e+01
   1.1000000e+01  -4.3000000e+01  -1.2593675e+02  -1.2238019e+01   2.1000000e+01  -2.8000000e+01  -4.2829941e+01
   1.1000000e+01  -4.3000000e+01  -1.2817097e+02  -1.6344671e+01   2.1000000e+01  -2.8000000e+01  -3.8919758e+01
   1.1000000e+01  -4.3000000e+01  -1.3224075e+02  -2.0492634e+01   2.1000000e+01  -2.8000000e+01  -3.3801181e+01
   1.1000000e+01  -4.3000000e+01  -1.3647464e+02  -2.4350317e+01   2.1000000e+01  -2.8000000e+01  -2.8389935e+01
   1.1000000e+01  -4.3000000e+01  -1.4105195e+02  -2.7818482e+01   2.1000000e+01  -2.8000000e+01  -2.2693833e+01
   1.1000000e+01  -4.3000000e+01  -1.4424109e+02  -3.1385152e+01   2.1000000e+01  -2.8000000e+01  -1.6249606e+01
   1.1000000e+01  -4.3000000e+01  -1.4703244e+02  -3.5747306e+01   2.1000000e+01  -2.8000000e+01  -9.5527701e+00
   1.1000000e+01  -4.3000000e+01  -1.4931827e+02  -3.9684003e+01   2.1000000e+01  -2.8000000e+01  -2.4417483e+00
   1.1000000e+01  -4.3000000e+01  -1.5115337e+02  -4.3275514e+01   2.1000000e+01  -2.8000000e+01   5.0279258e+00
   1.1000000e+01  -4.3000000e+01  -1.5321129e+02  -4.5776540e+01   2.1000000e+01  -2.8000000e+01   1.2090057e+01
   1.1000000e+01  -4.3000000e+01  -1.5509285e+02  -4.6626672e+01   2.1000000e+01  -2.8000000e+01   2.0076200e+01
   1.1000000e+01  -4.3000000e+01  -1.5627098e+02  -4.7234573e+01   2.1000000e+01  -2.8000000e+01   2.5549685e+01
   1.1000000e+01  -4.3000000e+01  -1.5656251e+02  -4.7721054e+01   2.1000000e+01  -2.8000000e+01   2.9023228e+01
   1.1000000e+01  -4.3000000e+01  -1.5647605e+02  -4.7832600e+01   2.1000000e+01  -2.8000000e+01   3.0931820e+01
   1.1000000e+01  -4.3000000e+01  -1.5619531e+02  -4.7155176e+01   2.1000000e+01  -2.8000000e+01   3.1121098e+01
   1.1000000e+01  -4.3000000e+01  -1.5562194e+02  -4.6190871e+01   2.1000000e+01  -2.8000000e+01   3.0062707e+01
   1.1000000e+01  -4.3000000e+01  -1.5496748e+02  -4.4412773e+01   2.1000000e+01  -2.8000000e+01   2.8288608e+01
   1.1000000e+01  -4.3000000e+01  -1.5342111e+02  -4.2209296e+01   2.1000000e+01  -2.8000000e+01   2.6751276e+01
   1.1000000e+01  -4.3000000e+01  -1.5222513e+02  -4.0532719e+01   2.1000000e+01  -2.8000000e+01   2.4429616e+01
   1.1000000e+01  -4.3000000e+01  -1.5094639e+02  -3.8351859e+01   2.1000000e+01  -2.8000000e+01   2.2140545e+01
   1.1000000e+01  -4.3000000e+01  -1.4935140e+02  -3.6067590e+01   2.1000000e+01  -2.8000000e+01   1.9029018e+01
   1.1000000e+01  -4.3000000e+01  -1.4775642e+02  -3.3783320e+01   2.1000000e+01  -2.8000000e+01   1.5917492e+01
   1.1000000e+01  -4.3000000e+01  -1.4630421e+02  -3.1999805e+01   2.1000000e+01  -2.8000000e+01   1.2121298e+01
   1.1000000e+01  -4.3000000e+01  -1.4466860e+02  -2.9501113e+01   2.1000000e+01  -2.8000000e+01   8.5334930e+00
   1.1000000e+01  -4.3000000e+01  -1.4350228e+02  -2.6661484e+01   2.1000000e+01  -2.8000000e+01   5.2278279e+00
   1.1000000e+01  -4.3000000e+01  -1.4233596e+02  -2.3821855e+01   2.1000000e+01  -2.8000000e+01   1.9221629e+00
   1.1000000e+01  -4.3000000e+01  -1.4134440e+02  -2.1531281e+01   2.1000000e+01  -2.8000000e+01  -1.8913571e+00
   1.1000000e+01  -4.3000000e+01  -1.4077701e+02  -1.9305487e+01   2.1000000e+01  -2.8000000e+01  -5.7632369e+00
   1.1000000e+01  -4.3000000e+01  -1.3988467e+02  -1.6685057e+01   2.1000000e+01  -2.8000000e+01  -9.4422569e+00
   1.1000000e+01  -4.3000000e+01  -1.3874634e+02  -1.3801812e+01   2.1000000e+01  -2.8000000e+01  -1.3399999e+01
   1.1000000e+01  -4.3000000e+01  -1.3759990e+02  -1.0597326e+01   2.1000000e+01  -2.8000000e+01  -1.7344807e+01
   1.1000000e+01  -4.3000000e+01  -1.3655134e+02  -6.6591019e+00   2.1000000e+01  -2.8000000e+01  -2.2444053e+01
   1.1000000e+01  -4.3000000e+01  -1.3560101e+02  -3.9366031e+00   2.1000000e+01  -2.8000000e+01  -2.7642867e+01
   1.1000000e+01  -4.3000000e+01  -1.3507227e+02  -9.1010533e-01   2.1000000e+01  -2.8000000e+01  -3.1859236e+01
   1.1000000e+01  -4.3000000e+01  -1.3451761e+02   1.5351834e+00   2.1000000e+01  -2.8000000e+01  -3.5672107e+01
   1.1000000e+01  -4.3000000e+01  -1.3238298e+02   4.5355685e+00   2.1000000e+01  -2.8000000e+01  -3.8607795e+01
   1.1000000e+01  -4.3000000e+01  -1.3144293e+02   6.0468841e+00   2.1000000e+01  -2.8000000e+01  -4.0390769e+01
   1.1000000e+01  -4.3000000e+01  -1.3014605e+02   7.7683722e+00   2.1000000e+01  -2.8000000e+01  -4.2052019e+01
   1.1000000e+01  -4.3000000e+01  -1.2884917e+02   9.4898603e+00   2.1000000e+01  -2.8000000e+01  -4.3713270e+01
   1.1000000e+01  -4.3000000e+01  -1.2831921e+02   1.1307792e+01   2.1000000e+01  -2.8000000e+01  -4.5256934e+01
   1.1000000e+01  -4.3000000e+01  -1.2801322e+02   1.1836180e+01   2.1000000e+01  -2.8000000e+01  -4.6138860e+01
   1.1000000e+01  -4.3000000e+01  -1.2715290e+02   1.1172825e+01   2.1000000e+01  -2.8000000e+01  -4.7505699e+01
   1.1000000e+01  -4.3000000e+01  -1.2509598e+02   7.1491542e+00   2.1000000e+01  -2.8000000e+01  -5.0939792e+01
   1.1000000e+01  -4.3000000e+01  -1.2156595e+02   4.0461788e+00   2.1000000e+01  -2.8000000e+01  -5.1612176e+01
   1.1000000e+01  -4.3000000e+01  -1.2012518e+02   4.8701409e-01   2.1000000e+01  -2.8000000e+01  -5.0426850e+01
   1.1000000e+01  -4.3000000e+01  -1.1859553e+02  -3.5397015e+00   2.1000000e+01  -2.8000000e+01  -4.8431448e+01
   1.1000000e+01  -4.3000000e+01  -1.1917692e+02  -6.9704667e+00   2.1000000e+01  -2.8000000e+01  -4.5977538e+01
   1.1000000e+01  -4.3000000e+01  -1.2137748e+02  -1.1544939e+01   2.1000000e+01  -2.8000000e+01  -4.1041557e+01
   1.1000000e+01  -4.3000000e+01  -1.2523953e+02  -1.6155579e+01   2.1000000e+01  -2.8000000e+01  -3.5938553e+01
   1.1000000e+01  -4.3000000e+01  -1.2902619e+02  -2.1345785e+01   2.1000000e+01  -2.8000000e+01  -2.9804150e+01
   1.1000000e+01  -4.3000000e+01  -1.3405768e+02  -2.6685941e+01   2.1000000e+01  -2.8000000e+01  -2.1966239e+01
   1.1000000e+01  -4.3000000e+01  -1.3918171e+02  -3.2530502e+01   2.1000000e+01  -2.8000000e+01  -1.4253641e+01
   1.1000000e+01  -4.3000000e+01  -1.4388735e+02  -3.7846934e+01   2.1000000e+01  -2.8000000e+01  -5.9552124e+00
   1.1000000e+01  -4.3000000e+01  -1.4897453e+02  -4.2489302e+01   2.1000000e+01  -2.8000000e+01   1.4305462e+00
   1.1000000e+01  -4.3000000e+01  -1.5338588e+02  -4.5866410e+01   2.1000000e+01  -2.8000000e+01   9.7136282e+00
   1.1000000e+01  -4.3000000e+01  -1.5668815e+02  -4.9122338e+01   2.1000000e+01  -2.8000000e+01   1.7453750e+01
   1.1000000e+01  -4.3000000e+01  -1.5965046e+02  -5.1242312e+01   2.1000000e+01  -2.8000000e+01   2.5051634e+01
   1.1000000e+01  -4.3000000e+01  -1.6582615e+02  -5.0613519e+01   2.1000000e+01  -2.8000000e+01   3.1007718e+01
   1.1000000e+01  -4.3000000e+01  -1.7046206e+02  -5.0547923e+01   2.1000000e+01  -2.8000000e+01   3.6236567e+01
   1.1000000e+01  -4.3000000e+01  -1.7156479e+02  -5.1045324e+01   2.1000000e+01  -2.8000000e+01   4.0423946e+01
   1.1000000e+01  -4.3000000e+01  -1.6594070e+02  -5.2188952e+01   2.1000000e+01  -2.8000000e+01   4.2865488e+01
   1.1000000e+01  -4.3000000e+01  -1.6238471e+02  -5.1609563e+01   2.1000000e+01  -2.8000000e+01   4.2066395e+01
   1.1000000e+01  -4.3000000e+01  -1.5952795e+02  -5.0278197e+01   2.1000000e+01  -2.8000000e+01   4.0622657e+01
   1.1000000e+01  -4.3000000e+01  -1.5738465e+02  -4.8694866e+01   2.1000000e+01  -2.8000000e+01   3.7976962e+01
   1.1000000e+01  -4.3000000e+01  -1.5625127e+02  -4.6889007e+01   2.1000000e+01  -2.8000000e+01   3.4388143e+01
   1.1000000e+01  -4.3000000e+01  -1.5451435e+02  -4.4206722e+01   2.1000000e+01  -2.8000000e+01   3.1310193e+01
   1.1000000e+01  -4.3000000e+01  -1.5273176e+02  -4.2663258e+01   2.1000000e+01  -2.8000000e+01   2.7239114e+01
   1.1000000e+01  -4.3000000e+01  -1.5119912e+02  -4.0380743e+01   2.1000000e+01  -2.8000000e+01   2.3849692e+01
   1.1000000e+01  -4.3000000e+01  -1.5069250e+02  -3.8194797e+01   2.1000000e+01  -2.8000000e+01   2.0398452e+01
   1.1000000e+01  -4.3000000e+01  -1.4879493e+02  -3.4777027e+01   2.1000000e+01  -2.8000000e+01   1.7852006e+01
   1.1000000e+01  -4.3000000e+01  -1.4705553e+02  -3.2421524e+01   2.1000000e+01  -2.8000000e+01   1.4440498e+01
   1.1000000e+01  -4.3000000e+01  -1.4542192e+02  -3.0362377e+01   2.1000000e+01  -2.8000000e+01   1.0716436e+01
   1.1000000e+01  -4.3000000e+01  -1.4319520e+02  -2.7387552e+01   2.1000000e+01  -2.8000000e+01   7.3558469e+00
   1.1000000e+01  -4.3000000e+01  -1.4168743e+02  -2.3971018e+01   2.1000000e+01  -2.8000000e+01   3.6506180e+00
   1.1000000e+01  -4.3000000e+01  -1.4054556e+02  -2.1292097e+01   2.1000000e+01  -2.8000000e+01  -6.4769753e-01
   1.1000000e+01  -4.3000000e+01  -1.3911542e+02  -1.8102118e+01   2.1000000e+01  -2.8000000e+01  -4.8902486e+00
   1.1000000e+01  -4.3000000e+01  -1.3811054e+02  -1.5036290e+01   2.1000000e+01  -2.8000000e+01  -9.3041002e+00
   1.1000000e+01  -4.3000000e+01  -1.3748311e+02  -1.1798260e+01   2.1000000e+01  -2.8000000e+01  -1.3527725e+01
   1.1000000e+01  -4.3000000e+01  -1.3659203e+02  -8.6005133e+00   2.1000000e+01  -2.8000000e+01  -1.7601470e+01
   1.1000000e+01  -4.3000000e+01  -1.3570096e+02  -5.4027671e+00   2.1000000e+01  -2.8000000e+01  -2.1675215e+01
   1.1000000e+01  -4.3000000e+01  -1.3455937e+02  -1.7497191e+00   2.1000000e+01  -2.8000000e+01  -2.5458532e+01
   1.1000000e+01  -4.3000000e+01  -1.3366523e+02   6.0996714e-01   2.1000000e+01  -2.8000000e+01  -2.9304916e+01
   1.1000000e+01  -4.3000000e+01  -1.3358105e+02   2.3846464e+00   2.1000000e+01  -2.8000000e+01  -3.2316352e+01
   1.1000000e+01  -4.3000000e+01  -1.3322190e+02   4.1900126e+00   2.1000000e+01  -2.8000000e+01  -3.5160692e+01
   1.1000000e+01  -4.3000000e+01  -1.3284207e+02   5.1392970e+00   2.1000000e+01  -2.8000000e+01  -3.7102747e+01
   1.1000000e+01  -4.3000000e+01  -1.3232994e+02   6.3951991e+00   2.1000000e+01  -2.8000000e+01  -3.8887431e+01
   1.1000000e+01  -4.3000000e+01  -1.3194913e+02   7.4707780e+00   2.1000000e+01  -2.8000000e+01  -3.9879132e+01
   1.1000000e+01  -4.3000000e+01  -1.3020277e+02   6.2519278e+00   2.1000000e+01  -2.8000000e+01  -4.1268191e+01
   1.1000000e+01  -4.3000000e+01  -1.2817833e+02   3.0697521e+00   2.1000000e+01  -2.8000000e+01  -4.1791056e+01
   1.1000000e+01  -4.3000000e+01  -1.2641264e+02  -1.5263816e+00   2.1000000e+01  -2.8000000e+01  -4.1240130e+01
   1.1000000e+01  -4.3000000e+01  -1.2612928e+02  -5.7393215e+00   2.1000000e+01  -2.8000000e+01  -3.8458670e+01
   1.1000000e+01  -4.3000000e+01  -1.2721889e+02  -1.0321729e+01   2.1000000e+01  -2.8000000e+01  -3.5447139e+01
   1.1000000e+01  -4.3000000e+01  -1.2917104e+02  -1.6078823e+01   2.1000000e+01  -2.8000000e+01  -3.1158473e+01
   1.1000000e+01  -4.3000000e+01  -1.3122273e+02  -2.1448494e+01   2.1000000e+01  -2.8000000e+01  -2.6662234e+01
   1.1000000e+01  -4.3000000e+01  -1.3489685e+02  -2.6906663e+01   2.1000000e+01  -2.8000000e+01  -2.0810131e+01
   1.1000000e+01  -4.3000000e+01  -1.3813101e+02  -3.1910490e+01   2.1000000e+01  -2.8000000e+01  -1.3143324e+01
   1.1000000e+01  -4.3000000e+01  -1.4230485e+02  -3.6608923e+01   2.1000000e+01  -2.8000000e+01  -5.2124421e+00
   1.1000000e+01  -4.3000000e+01  -1.4647868e+02  -4.1307356e+01   2.1000000e+01  -2.8000000e+01   2.7184400e+00
   1.1000000e+01  -4.3000000e+01  -1.4939939e+02  -4.5910100e+01   2.1000000e+01  -2.8000000e+01   1.0557163e+01
   1.1000000e+01  -4.3000000e+01  -1.5375424e+02  -4.9295511e+01   2.1000000e+01  -2.8000000e+01   1.6109853e+01
   1.1000000e+01  -4.3000000e+01  -1.5772341e+02  -5.0549671e+01   2.1000000e+01  -2.8000000e+01   2.3092243e+01
   1.1000000e+01  -4.3000000e+01  -1.6083232e+02  -5.1713638e+01   2.1000000e+01  -2.8000000e+01   2.9370814e+01
   1.1000000e+01  -4.3000000e+01  -1.6223436e+02  -5.1602443e+01   2.1000000e+01  -2.8000000e+01   3.5967271e+01
   1.1000000e+01  -4.3000000e+01  -1.6243475e+02  -5.1370415e+01   2.1000000e+01  -2.8000000e+01   3.7854099e+01
   1.1000000e+01  -4.3000000e+01  -1.6333655e+02  -5.0326506e+01   2.1000000e+01  -2.8000000e+01   3.7397405e+01
   1.1000000e+01  -4.3000000e+01  -1.6285755e+02  -4.9255363e+01   2.1000000e+01  -2.8000000e+01   3.6651263e+01
   1.1000000e+01  -4.3000000e+01  -1.6228803e+02  -4.7741435e+01   2.1000000e+01  -2.8000000e+01   3.6139845e+01
   1.1000000e+01  -4.3000000e+01  -1.6060937e+02  -4.6394221e+01   2.1000000e+01  -2.8000000e+01   3.5573357e+01
   1.1000000e+01  -4.3000000e+01  -1.6001412e+02  -4.5367248e+01   2.1000000e+01  -2.8000000e+01   3.3982239e+01
