   4.0317491e+01   5.5962850e+01  -1.7205915e+02   6.8530975e+01   2.5079622e+01  -4.6480282e+01   9.1070994e+00
   2.6317493e+01   4.1962850e+01  -1.7214029e+02   5.8077893e+01   2.0961317e+01  -4.6110341e+01   1.4896578e+01
   1.2317601e+01   2.7962928e+01  -1.6633875e+02   4.6506387e+01   3.0188596e+01  -5.6298146e+01   1.7066075e+01
  -1.6822905e+00   1.3963006e+01  -1.6053720e+02   3.4934881e+01   3.9415874e+01  -6.6485951e+01   1.9235572e+01
  -1.5681795e+01  -3.6816572e-02  -1.5751744e+02   2.5407312e+01   3.9846305e+01  -7.2594679e+01   2.0098194e+01
  -2.9681300e+01  -1.4036639e+01  -1.5449768e+02   1.5879742e+01   4.0276735e+01  -7.8703408e+01   2.0960816e+01
  -4.3678475e+01  -2.8036493e+01  -1.5087765e+02   7.5378114e+00   3.7230120e+01  -8.3390140e+01   2.3069204e+01
  -5.7627630e+01  -4.2036322e+01  -1.4713682e+02   8.0995133e-01   2.7735294e+01  -8.6053810e+01   2.8780695e+01
  -4.3627630e+01  -4.3000000e+01  -1.4337428e+02  -5.8978963e+00   1.8223079e+01  -8.8688187e+01   3.4527189e+01
  -2.9627955e+01  -4.3000000e+01  -1.4109368e+02  -8.4388361e+00   9.3180575e+00  -8.5428825e+01   4.1749122e+01
  -1.5628280e+01  -4.3000000e+01  -1.3881307e+02  -1.0979776e+01   4.1303575e-01  -8.2169463e+01   4.8971055e+01
  -1.6286055e+00  -4.3000000e+01  -1.3653246e+02  -1.3520716e+01  -8.4919860e+00  -7.8910101e+01   5.6192988e+01
   1.1011755e+01  -4.3000000e+01  -1.3426012e+02  -1.6067272e+01  -1.7377354e+01  -7.5653281e+01   6.3378989e+01
   1.1000000e+01  -4.3000000e+01  -1.3635779e+02  -1.9562358e+01  -1.2142091e+01  -7.1881572e+01   5.3508212e+01
   1.1000000e+01  -4.3000000e+01  -1.3850265e+02  -2.0982598e+01  -7.0660085e+00  -6.6843144e+01   4.5645072e+01
   1.1000000e+01  -4.3000000e+01  -1.3982715e+02  -2.1956534e+01  -2.2133169e+00  -6.1920310e+01   3.9247318e+01
   1.1000000e+01  -4.3000000e+01  -1.4106722e+02  -2.2321573e+01   2.2932956e+00  -5.6643602e+01   3.3173574e+01
   1.1000000e+01  -4.3000000e+01  -1.4143234e+02  -2.2499455e+01   5.7483228e+00  -5.1736112e+01   2.8030557e+01
   1.1000000e+01  -4.3000000e+01  -1.4233095e+02  -2.3162122e+01   8.6035356e+00  -4.7279085e+01   2.3779867e+01
   1.1000000e+01  -4.3000000e+01  -1.4191350e+02  -2.3898591e+01   1.1219523e+01  -4.2830765e+01   1.9429469e+01
   1.1000000e+01  -4.3000000e+01  -1.4235180e+02  -2.4222668e+01   1.2989832e+01  -3.8376914e+01   1.5692905e+01
   1.1000000e+01  -4.3000000e+01  -1.4134223e+02  -2.4527936e+01   1.4358501e+01  -3.4453724e+01   1.1139534e+01
   1.1000000e+01  -4.3000000e+01  -1.4079931e+02  -2.4469620e+01   1.5569714e+01  -3.0290395e+01   6.8081156e+00
   1.1000000e+01  -4.3000000e+01  -1.4038377e+02  -2.4703616e+01   1.6774059e+01  -2.6491246e+01   2.2184458e+00
   1.1000000e+01  -4.3000000e+01  -1.3930382e+02  -2.4555027e+01   1.7749314e+01  -2.2644974e+01  -3.2322442e+00
   1.1000000e+01  -4.3000000e+01  -1.3867092e+02  -2.3854570e+01   1.8298919e+01  -1.8549100e+01  -8.6943215e+00
   1.1000000e+01  -4.3000000e+01  -1.3757686e+02  -2.3143037e+01   1.9043602e+01  -1.4572670e+01  -1.4103665e+01
   1.1000000e+01  -4.3000000e+01  -1.3732289e+02  -2.2930627e+01   1.9804657e+01  -1.1152105e+01  -1.9454925e+01
   1.1000000e+01  -4.3000000e+01  -1.3573495e+02  -2.2065108e+01   2.0953883e+01  -7.2512400e+00  -2.4516802e+01
   1.1000000e+01  -4.3000000e+01  -1.3368595e+02  -2.0977006e+01   2.1852280e+01  -3.7301695e+00  -3.0262546e+01
   1.1000000e+01  -4.3000000e+01  -1.3327823e+02  -2.0466835e+01   2.2398957e+01  -5.8126675e-01  -3.5519408e+01
   1.1000000e+01  -4.3000000e+01  -1.3291058e+02  -2.0009333e+01   2.2953854e+01   2.4861462e+00  -4.0795159e+01
   1.1000000e+01  -4.3000000e+01  -1.3182215e+02  -1.9965493e+01   2.3785366e+01   5.1349842e+00  -4.5097542e+01
   1.1000000e+01  -4.3000000e+01  -1.3038263e+02  -1.9790420e+01   2.4695415e+01   7.9327453e+00  -4.9042785e+01
   1.1000000e+01  -4.3000000e+01  -1.2945155e+02  -2.0068857e+01   2.5574052e+01   1.0486468e+01  -5.1441166e+01
   1.1000000e+01  -4.3000000e+01  -1.2853949e+02  -2.0608118e+01   2.6494047e+01   1.2792871e+01  -5.3876705e+01
   1.1000000e+01  -4.3000000e+01  -1.2757434e+02  -2.1938273e+01   2.7476816e+01   1.4252513e+01  -5.5437898e+01
   1.1000000e+01  -4.3000000e+01  -1.2427205e+02  -2.5073102e+01   2.9359822e+01   1.3853621e+01  -5.7200520e+01
   1.1000000e+01  -4.3000000e+01  -1.2115067e+02  -2.8126180e+01   3.1790766e+01   1.2233745e+01  -5.8413177e+01
   1.1000000e+01  -4.3000000e+01  -1.1933269e+02  -3.0993242e+01   3.3690002e+01   1.0963961e+01  -5.7877377e+01
   1.1000000e+01  -4.3000000e+01  -1.1971392e+02  -3.3390830e+01   3.5013410e+01   9.4969588e+00  -5.6772714e+01
   1.1000000e+01  -4.3000000e+01  -1.2081389e+02  -3.6011020e+01   3.6004690e+01   7.9633449e+00  -5.4317157e+01
   1.1000000e+01  -4.3000000e+01  -1.2295182e+02  -3.9061579e+01   3.6402357e+01   5.8663603e+00  -5.0209004e+01
   1.1000000e+01  -4.3000000e+01  -1.2701910e+02  -4.1821607e+01   3.6401361e+01   3.3424811e+00  -4.5297298e+01
   1.1000000e+01  -4.3000000e+01  -1.3078643e+02  -4.4103499e+01   3.6340355e+01   5.0607450e-01  -3.9483792e+01
   1.1000000e+01  -4.3000000e+01  -1.3516403e+02  -4.5407515e+01   3.4618369e+01  -2.6124459e+00  -3.1385184e+01
   1.1000000e+01  -4.3000000e+01  -1.4031314e+02  -4.7276490e+01   3.2702948e+01  -6.6093883e+00  -2.2566721e+01
   1.1000000e+01  -4.3000000e+01  -1.4634529e+02  -4.8470222e+01   3.1683608e+01  -1.0620861e+01  -1.4213226e+01
   1.1000000e+01  -4.3000000e+01  -1.5296905e+02  -4.9146398e+01   3.0742582e+01  -1.4398210e+01  -6.1453640e+00
   1.1000000e+01  -4.3000000e+01  -1.5893619e+02  -5.0333267e+01   3.0378339e+01  -1.8588331e+01   1.9813156e+00
   1.1000000e+01  -4.3000000e+01  -1.6462594e+02  -5.0796764e+01   3.0173432e+01  -2.2047477e+01   1.0865783e+01
   1.1000000e+01  -4.3000000e+01  -1.6883283e+02  -5.0462861e+01   3.0382534e+01  -2.4728025e+01   2.0111765e+01
   1.1000000e+01  -4.3000000e+01  -1.7279135e+02  -4.9090464e+01   3.0808216e+01  -2.6439755e+01   2.7225481e+01
   1.1000000e+01  -4.3000000e+01  -1.7339518e+02  -4.8461205e+01   3.1244266e+01  -2.7728837e+01   3.3176139e+01
   1.1000000e+01  -4.3000000e+01  -1.7271746e+02  -4.7377582e+01   3.1927502e+01  -2.8414414e+01   3.5746653e+01
   1.1000000e+01  -4.3000000e+01  -1.7273489e+02  -4.6325698e+01   3.2466530e+01  -2.8604673e+01   3.5413241e+01
   1.1000000e+01  -4.3000000e+01  -1.7176308e+02  -4.4978591e+01   3.3454088e+01  -2.8180945e+01   3.4339907e+01
   1.1000000e+01  -4.3000000e+01  -1.7002072e+02  -4.3653749e+01   3.3945606e+01  -2.7271961e+01   3.1721187e+01
   1.1000000e+01  -4.3000000e+01  -1.6847141e+02  -4.1997271e+01   3.4241307e+01  -2.6048571e+01   2.8791721e+01
   1.1000000e+01  -4.3000000e+01  -1.6630374e+02  -4.0534168e+01   3.4754655e+01  -2.4813673e+01   2.5688498e+01
   1.1000000e+01  -4.3000000e+01  -1.6245840e+02  -3.8022239e+01   3.4072961e+01  -2.2654373e+01   2.2199022e+01
   1.1000000e+01  -4.3000000e+01  -1.5942900e+02  -3.6414908e+01   3.2997348e+01  -2.1179002e+01   1.8263859e+01
   1.1000000e+01  -4.3000000e+01  -1.5698029e+02  -3.5672347e+01   3.1510529e+01  -1.9675372e+01   1.4724884e+01
   1.1000000e+01  -4.3000000e+01  -1.5405552e+02  -3.4921891e+01   3.0187981e+01  -1.7989770e+01   1.0959540e+01
   1.1000000e+01  -4.3000000e+01  -1.5190785e+02  -3.3718528e+01   2.8526743e+01  -1.5811328e+01   6.7431509e+00
   1.1000000e+01  -4.3000000e+01  -1.4921523e+02  -3.2772169e+01   2.7287298e+01  -1.3955597e+01   1.9062511e+00
   1.1000000e+01  -4.3000000e+01  -1.4790125e+02  -3.1816255e+01   2.6639805e+01  -1.2064673e+01  -2.9244964e+00
   1.1000000e+01  -4.3000000e+01  -1.4658726e+02  -3.0860341e+01   2.5992311e+01  -1.0173748e+01  -7.7552439e+00
   1.1000000e+01  -4.3000000e+01  -1.4598697e+02  -3.0382639e+01   2.6618717e+01  -8.0603585e+00  -1.1900095e+01
   1.1000000e+01  -4.3000000e+01  -1.4436032e+02  -2.8856605e+01   2.7242854e+01  -5.2826082e+00  -1.6507726e+01
   1.1000000e+01  -4.3000000e+01  -1.4206669e+02  -2.7172849e+01   2.7284995e+01  -2.6019807e+00  -2.2243629e+01
   1.1000000e+01  -4.3000000e+01  -1.4068759e+02  -2.6337281e+01   2.7186053e+01  -5.2121804e-01  -2.8164652e+01
   1.1000000e+01  -4.3000000e+01  -1.3902963e+02  -2.5232574e+01   2.7102816e+01   1.8425520e+00  -3.3881332e+01
   1.1000000e+01  -4.3000000e+01  -1.3771145e+02  -2.4745409e+01   2.7146185e+01   3.9569032e+00  -3.8973188e+01
   1.1000000e+01  -4.3000000e+01  -1.3696193e+02  -2.4436204e+01   2.7304767e+01   6.0488469e+00  -4.3340423e+01
   1.1000000e+01  -4.3000000e+01  -1.3608709e+02  -2.4009422e+01   2.7508821e+01   8.2416596e+00  -4.6780720e+01
   1.1000000e+01  -4.3000000e+01  -1.3419139e+02  -2.3595921e+01   2.7997974e+01   1.0390673e+01  -4.9907941e+01
   1.1000000e+01  -4.3000000e+01  -1.3271300e+02  -2.3596411e+01   2.8548347e+01   1.2210061e+01  -5.2206030e+01
   1.1000000e+01  -4.3000000e+01  -1.3160404e+02  -2.3490866e+01   2.8998038e+01   1.4077836e+01  -5.4446271e+01
   1.1000000e+01  -4.3000000e+01  -1.3089461e+02  -2.3364919e+01   2.9391852e+01   1.5836858e+01  -5.5851431e+01
   1.1000000e+01  -4.3000000e+01  -1.2901280e+02  -2.4351627e+01   3.0281746e+01   1.6559948e+01  -5.7230362e+01
   1.1000000e+01  -4.3000000e+01  -1.2585543e+02  -2.6330265e+01   3.1631319e+01   1.6371283e+01  -5.8333419e+01
   1.1000000e+01  -4.3000000e+01  -1.2371370e+02  -2.8972783e+01   3.3247106e+01   1.5408954e+01  -5.7635135e+01
   1.1000000e+01  -4.3000000e+01  -1.2206142e+02  -3.1464754e+01   3.4539843e+01   1.4393957e+01  -5.5384220e+01
   1.1000000e+01  -4.3000000e+01  -1.2087680e+02  -3.3978567e+01   3.5993910e+01   1.2364629e+01  -5.1992217e+01
   1.1000000e+01  -4.3000000e+01  -1.2140546e+02  -3.6561808e+01   3.7083201e+01   1.0198059e+01  -4.8947510e+01
   1.1000000e+01  -4.3000000e+01  -1.2393806e+02  -3.9942624e+01   3.7823427e+01   7.1881566e+00  -4.6592289e+01
   1.1000000e+01  -4.3000000e+01  -1.2873190e+02  -4.2583218e+01   3.7989964e+01   4.4745303e+00  -4.2402664e+01
   1.1000000e+01  -4.3000000e+01  -1.3397203e+02  -4.5421395e+01   3.8086682e+01   1.5146623e+00  -3.8252964e+01
   1.1000000e+01  -4.3000000e+01  -1.3865048e+02  -4.7527178e+01   3.7820085e+01  -1.3620179e+00  -3.2039724e+01
   1.1000000e+01  -4.3000000e+01  -1.4348198e+02  -4.9249056e+01   3.6258353e+01  -4.7389201e+00  -2.3652461e+01
   1.1000000e+01  -4.3000000e+01  -1.4869089e+02  -5.1165754e+01   3.4544066e+01  -8.4782459e+00  -1.4875839e+01
   1.1000000e+01  -4.3000000e+01  -1.5543546e+02  -5.1895798e+01   3.3921551e+01  -1.1880804e+01  -7.5500812e+00
   1.1000000e+01  -4.3000000e+01  -1.6024291e+02  -5.3346232e+01   3.4037484e+01  -1.5915311e+01   1.2114941e+00
   1.1000000e+01  -4.3000000e+01  -1.6402632e+02  -5.3522556e+01   3.3916967e+01  -1.9172375e+01   1.1175526e+01
   1.1000000e+01  -4.3000000e+01  -1.6733721e+02  -5.2750500e+01   3.4378130e+01  -2.2397204e+01   2.1074798e+01
   1.1000000e+01  -4.3000000e+01  -1.7071084e+02  -5.1375163e+01   3.4778469e+01  -2.5157482e+01   3.0245240e+01
   1.1000000e+01  -4.3000000e+01  -1.7224860e+02  -4.9891638e+01   3.5408547e+01  -2.7312858e+01   3.7362707e+01
   1.1000000e+01  -4.3000000e+01  -1.7137396e+02  -4.9086795e+01   3.5655353e+01  -2.8891793e+01   3.9209623e+01
   1.1000000e+01  -4.3000000e+01  -1.7075911e+02  -4.7352363e+01   3.5857837e+01  -2.9422363e+01   3.8048341e+01
   1.1000000e+01  -4.3000000e+01  -1.6981785e+02  -4.5227769e+01   3.6074168e+01  -2.9386425e+01   3.5873871e+01
   1.1000000e+01  -4.3000000e+01  -1.6797980e+02  -4.3127945e+01   3.6287076e+01  -2.8733811e+01   3.3008927e+01
   1.1000000e+01  -4.3000000e+01  -1.6554169e+02  -4.1221543e+01   3.5556662e+01  -2.7565000e+01   2.8868182e+01
   1.1000000e+01  -4.3000000e+01  -1.6289206e+02  -3.9217471e+01   3.4810003e+01  -2.6212026e+01   2.4819496e+01
   1.1000000e+01  -4.3000000e+01  -1.6055714e+02  -3.7333517e+01   3.3895247e+01  -2.4648472e+01   2.0392794e+01
   1.1000000e+01  -4.3000000e+01  -1.5713649e+02  -3.6098967e+01   3.2677741e+01  -2.2380534e+01   1.5831498e+01
   1.1000000e+01  -4.3000000e+01  -1.5427593e+02  -3.5120003e+01   3.1273980e+01  -2.0235107e+01   1.1225756e+01
   1.1000000e+01  -4.3000000e+01  -1.5146105e+02  -3.3562918e+01   2.9854518e+01  -1.7615470e+01   7.0896698e+00
   1.1000000e+01  -4.3000000e+01  -1.4928196e+02  -3.2266785e+01   2.8875665e+01  -1.5491384e+01   2.0962735e+00
   1.1000000e+01  -4.3000000e+01  -1.4716409e+02  -3.1240159e+01   2.7965176e+01  -1.3589526e+01  -3.1538577e+00
   1.1000000e+01  -4.3000000e+01  -1.4535880e+02  -3.0232016e+01   2.7012449e+01  -1.1502778e+01  -8.7549034e+00
   1.1000000e+01  -4.3000000e+01  -1.4313612e+02  -2.8537306e+01   2.6157692e+01  -8.6992861e+00  -1.3956725e+01
   1.1000000e+01  -4.3000000e+01  -1.4079479e+02  -2.7377615e+01   2.5855687e+01  -6.1232685e+00  -1.9583920e+01
   1.1000000e+01  -4.3000000e+01  -1.3903506e+02  -2.6349285e+01   2.5391502e+01  -3.6041281e+00  -2.5595087e+01
   1.1000000e+01  -4.3000000e+01  -1.3773846e+02  -2.5325538e+01   2.4867551e+01  -1.0563096e+00  -3.1678741e+01
   1.1000000e+01  -4.3000000e+01  -1.3681441e+02  -2.4335902e+01   2.4712831e+01   1.6620867e+00  -3.7137531e+01
   1.1000000e+01  -4.3000000e+01  -1.3590051e+02  -2.3629339e+01   2.4649861e+01   4.0870244e+00  -4.2692785e+01
   1.1000000e+01  -4.3000000e+01  -1.3547369e+02  -2.3361822e+01   2.4824085e+01   6.2707934e+00  -4.6938780e+01
   1.1000000e+01  -4.3000000e+01  -1.3330235e+02  -2.2957988e+01   2.5519399e+01   8.5415198e+00  -5.0553933e+01
   1.1000000e+01  -4.3000000e+01  -1.3202360e+02  -2.2692734e+01   2.6436136e+01   1.0534211e+01  -5.2939095e+01
   1.1000000e+01  -4.3000000e+01  -1.3087605e+02  -2.2291518e+01   2.7304597e+01   1.2647770e+01  -5.5256219e+01
   1.1000000e+01  -4.3000000e+01  -1.3032127e+02  -2.2328553e+01   2.8115286e+01   1.4250024e+01  -5.6869936e+01
   1.1000000e+01  -4.3000000e+01  -1.2939342e+02  -2.2523507e+01   2.9021822e+01   1.5693445e+01  -5.8328797e+01
   1.1000000e+01  -4.3000000e+01  -1.2741440e+02  -2.3450828e+01   3.0230780e+01   1.6394311e+01  -5.9553640e+01
   1.1000000e+01  -4.3000000e+01  -1.2541348e+02  -2.5381310e+01   3.1601733e+01   1.6114663e+01  -5.9539631e+01
   1.1000000e+01  -4.3000000e+01  -1.2368588e+02  -2.7632731e+01   3.3167310e+01   1.5411317e+01  -5.7758090e+01
   1.1000000e+01  -4.3000000e+01  -1.2224854e+02  -2.9746579e+01   3.4756123e+01   1.3756397e+01  -5.5049029e+01
   1.1000000e+01  -4.3000000e+01  -1.2124806e+02  -3.2608443e+01   3.6390294e+01   1.1346839e+01  -5.2670514e+01
   1.1000000e+01  -4.3000000e+01  -1.2327446e+02  -3.4741646e+01   3.6859921e+01   9.6165876e+00  -4.9452380e+01
   1.1000000e+01  -4.3000000e+01  -1.2616385e+02  -3.7854111e+01   3.7102124e+01   6.7601847e+00  -4.4921286e+01
   1.1000000e+01  -4.3000000e+01  -1.2956497e+02  -4.1142786e+01   3.6846738e+01   3.6084023e+00  -3.9864715e+01
   1.1000000e+01  -4.3000000e+01  -1.3401801e+02  -4.3789499e+01   3.6327387e+01   6.7610911e-01  -3.4825398e+01
   1.1000000e+01  -4.3000000e+01  -1.3943165e+02  -4.6189089e+01   3.5365400e+01  -2.4630893e+00  -2.8916597e+01
   1.1000000e+01  -4.3000000e+01  -1.4407141e+02  -4.8194436e+01   3.4322674e+01  -5.6797524e+00  -2.1519809e+01
   1.1000000e+01  -4.3000000e+01  -1.4847646e+02  -5.0526799e+01   3.2985872e+01  -9.5070062e+00  -1.2702718e+01
   1.1000000e+01  -4.3000000e+01  -1.5343756e+02  -5.2434178e+01   3.1537351e+01  -1.3234408e+01  -4.4330766e+00
   1.1000000e+01  -4.3000000e+01  -1.5866827e+02  -5.3516130e+01   3.1609742e+01  -1.6836973e+01   3.1363103e+00
   1.1000000e+01  -4.3000000e+01  -1.6331941e+02  -5.4102256e+01   3.2008195e+01  -2.0141408e+01   1.1459215e+01
   1.1000000e+01  -4.3000000e+01  -1.6620867e+02  -5.4239518e+01   3.2972240e+01  -2.3724910e+01   2.0881819e+01
   1.1000000e+01  -4.3000000e+01  -1.6992661e+02  -5.3186984e+01   3.3532341e+01  -2.6972305e+01   2.9748471e+01
   1.1000000e+01  -4.3000000e+01  -1.7185023e+02  -5.2473201e+01   3.4366820e+01  -3.0155987e+01   3.8091624e+01
   1.1000000e+01  -4.3000000e+01  -1.7332655e+02  -5.0460222e+01   3.4867084e+01  -3.2000237e+01   4.2960747e+01
   1.1000000e+01  -4.3000000e+01  -1.7387622e+02  -4.8439799e+01   3.5127291e+01  -3.3148193e+01   4.5165270e+01
   1.1000000e+01  -4.3000000e+01  -1.7358472e+02  -4.6900977e+01   3.5362485e+01  -3.4118884e+01   4.4062144e+01
   1.1000000e+01  -4.3000000e+01  -1.7211463e+02  -4.5282545e+01   3.5586495e+01  -3.4172883e+01   4.2164836e+01
   1.1000000e+01  -4.3000000e+01  -1.7111612e+02  -4.4168864e+01   3.5524765e+01  -3.4420437e+01   3.9899675e+01
   1.1000000e+01  -4.3000000e+01  -1.6953397e+02  -4.2705495e+01   3.5465443e+01  -3.4150473e+01   3.7745892e+01
   1.1000000e+01  -4.3000000e+01  -1.6759113e+02  -4.1379326e+01   3.4879835e+01  -3.3517970e+01   3.4798900e+01
   1.1000000e+01  -4.3000000e+01  -1.6553376e+02  -3.9424737e+01   3.4222319e+01  -3.2253264e+01   3.2361348e+01
   1.1000000e+01  -4.3000000e+01  -1.6315866e+02  -3.8007290e+01   3.3459067e+01  -3.0972804e+01   2.8529875e+01
   1.1000000e+01  -4.3000000e+01  -1.6192837e+02  -3.7315317e+01   3.2804488e+01  -2.9453449e+01   2.5229773e+01
   1.1000000e+01  -4.3000000e+01  -1.5973734e+02  -3.6672942e+01   3.2508412e+01  -2.7750774e+01   2.2594716e+01
   1.1000000e+01  -4.3000000e+01  -1.5799000e+02  -3.5604197e+01   3.1951703e+01  -2.5701789e+01   2.0014927e+01
   1.1000000e+01  -4.3000000e+01  -1.5667564e+02  -3.4603266e+01   3.1420625e+01  -2.3848102e+01   1.6844774e+01
   1.1000000e+01  -4.3000000e+01  -1.5396743e+02  -3.3426874e+01   3.0949023e+01  -2.1829546e+01   1.2867529e+01
   1.1000000e+01  -4.3000000e+01  -1.5143479e+02  -3.1964403e+01   3.0121124e+01  -1.9505290e+01   9.0082631e+00
   1.1000000e+01  -4.3000000e+01  -1.4904293e+02  -3.0635415e+01   2.8699751e+01  -1.7358217e+01   4.4502304e+00
   1.1000000e+01  -4.3000000e+01  -1.4670054e+02  -3.0080715e+01   2.7388393e+01  -1.5779557e+01  -3.2332813e-01
   1.1000000e+01  -4.3000000e+01  -1.4431485e+02  -2.8998795e+01   2.5970495e+01  -1.3616083e+01  -4.7861073e+00
   1.1000000e+01  -4.3000000e+01  -1.4190800e+02  -2.8204618e+01   2.4567352e+01  -1.1623152e+01  -9.4540337e+00
   1.1000000e+01  -4.3000000e+01  -1.3985198e+02  -2.7589837e+01   2.3041845e+01  -9.3366723e+00  -1.3663488e+01
   1.1000000e+01  -4.3000000e+01  -1.3781500e+02  -2.7148042e+01   2.1583637e+01  -7.1709530e+00  -1.7946578e+01
   1.1000000e+01  -4.3000000e+01  -1.3682480e+02  -2.6968576e+01   2.1127876e+01  -4.8880444e+00  -2.1922802e+01
   1.1000000e+01  -4.3000000e+01  -1.3611488e+02  -2.7197363e+01   2.0736365e+01  -2.9719735e+00  -2.6046448e+01
   1.1000000e+01  -4.3000000e+01  -1.3516774e+02  -2.6879925e+01   2.0399746e+01  -5.6700940e-01  -2.9906187e+01
   1.1000000e+01  -4.3000000e+01  -1.3407366e+02  -2.6297019e+01   2.0137701e+01   2.0258290e+00  -3.3701744e+01
   1.1000000e+01  -4.3000000e+01  -1.3277883e+02  -2.5877129e+01   2.0151360e+01   4.1539266e+00  -3.7780899e+01
   1.1000000e+01  -4.3000000e+01  -1.3241509e+02  -2.5508949e+01   2.0476420e+01   5.8665754e+00  -4.1375322e+01
   1.1000000e+01  -4.3000000e+01  -1.3175862e+02  -2.5107662e+01   2.0891216e+01   7.6061902e+00  -4.4842521e+01
   1.1000000e+01  -4.3000000e+01  -1.3117276e+02  -2.4978515e+01   2.1319153e+01   9.0883485e+00  -4.8351829e+01
   1.1000000e+01  -4.3000000e+01  -1.3084224e+02  -2.5067455e+01   2.1699539e+01   1.0214193e+01  -5.0856077e+01
   1.1000000e+01  -4.3000000e+01  -1.3063492e+02  -2.5299647e+01   2.2078223e+01   1.1205621e+01  -5.3368847e+01
   1.1000000e+01  -4.3000000e+01  -1.3067468e+02  -2.5443823e+01   2.2596483e+01   1.2222920e+01  -5.4991812e+01
   1.1000000e+01  -4.3000000e+01  -1.3066178e+02  -2.5658381e+01   2.3146798e+01   1.3153600e+01  -5.6662436e+01
   1.1000000e+01  -4.3000000e+01  -1.3048249e+02  -2.5674454e+01   2.3712016e+01   1.4233347e+01  -5.8256218e+01
   1.1000000e+01  -4.3000000e+01  -1.3030304e+02  -2.5802950e+01   2.4300479e+01   1.5167361e+01  -5.9880829e+01
   1.1000000e+01  -4.3000000e+01  -1.3004220e+02  -2.5731528e+01   2.4886142e+01   1.6255115e+01  -6.1352834e+01
   1.1000000e+01  -4.3000000e+01  -1.2968459e+02  -2.5504459e+01   2.5606144e+01   1.7210567e+01  -6.1551118e+01
   1.1000000e+01  -4.3000000e+01  -1.2932697e+02  -2.5277391e+01   2.6326147e+01   1.8166019e+01  -6.1749403e+01
   1.1000000e+01  -4.3000000e+01  -1.2901973e+02  -2.5140237e+01   2.7060655e+01   1.9020860e+01  -6.2000803e+01
   1.1000000e+01  -4.3000000e+01  -1.2783653e+02  -2.6008726e+01   2.8180409e+01   1.8906427e+01  -6.2295406e+01
   1.1000000e+01  -4.3000000e+01  -1.2581845e+02  -2.7863159e+01   2.9634208e+01   1.7775880e+01  -6.2821331e+01
   1.1000000e+01  -4.3000000e+01  -1.2449017e+02  -2.9515402e+01   3.1028248e+01   1.6652506e+01  -6.3301114e+01
   1.1000000e+01  -4.3000000e+01  -1.2373678e+02  -3.1470167e+01   3.2246361e+01   1.4985665e+01  -6.2871244e+01
   1.1000000e+01  -4.3000000e+01  -1.2432730e+02  -3.3860705e+01   3.3103216e+01   1.2826056e+01  -6.1029474e+01
   1.1000000e+01  -4.3000000e+01  -1.2536656e+02  -3.6449100e+01   3.3841490e+01   1.0610129e+01  -5.8967275e+01
   1.1000000e+01  -4.3000000e+01  -1.2687753e+02  -3.8946573e+01   3.4074426e+01   8.3549209e+00  -5.5151857e+01
   1.1000000e+01  -4.3000000e+01  -1.2948079e+02  -4.1070536e+01   3.3895751e+01   6.4578550e+00  -5.1231797e+01
   1.1000000e+01  -4.3000000e+01  -1.3376611e+02  -4.3143154e+01   3.3137117e+01   4.5192090e+00  -4.6143574e+01
   1.1000000e+01  -4.3000000e+01  -1.3820622e+02  -4.5050540e+01   3.2311649e+01   2.6474534e+00  -4.0781762e+01
   1.1000000e+01  -4.3000000e+01  -1.4286808e+02  -4.6704713e+01   3.1436278e+01   9.1526528e-01  -3.5116293e+01
   1.1000000e+01  -4.3000000e+01  -1.4643182e+02  -4.8659646e+01   3.0831821e+01  -1.3726875e+00  -2.7958759e+01
   1.1000000e+01  -4.3000000e+01  -1.4965574e+02  -5.0956576e+01   3.0413506e+01  -4.1208554e+00  -2.0484919e+01
   1.1000000e+01  -4.3000000e+01  -1.5237206e+02  -5.2895403e+01   3.0302102e+01  -6.8229472e+00  -1.2413373e+01
   1.1000000e+01  -4.3000000e+01  -1.5484092e+02  -5.4573547e+01   3.0336378e+01  -9.6221555e+00  -3.8159043e+00
   1.1000000e+01  -4.3000000e+01  -1.5756617e+02  -5.5473038e+01   3.0273267e+01  -1.2142752e+01   4.5745348e+00
   1.1000000e+01  -4.3000000e+01  -1.6000273e+02  -5.4860103e+01   2.9891731e+01  -1.3669649e+01   1.3346573e+01
   1.1000000e+01  -4.3000000e+01  -1.6157936e+02  -5.4474231e+01   2.9839279e+01  -1.5831589e+01   2.0642187e+01
   1.1000000e+01  -4.3000000e+01  -1.6243902e+02  -5.3828614e+01   2.9937713e+01  -1.8126524e+01   2.6031049e+01
   1.1000000e+01  -4.3000000e+01  -1.6268784e+02  -5.2624725e+01   3.0041486e+01  -2.0115092e+01   2.9399746e+01
   1.1000000e+01  -4.3000000e+01  -1.6259847e+02  -5.0966306e+01   3.0128685e+01  -2.1765258e+01   3.0467420e+01
   1.1000000e+01  -4.3000000e+01  -1.6219378e+02  -4.9156599e+01   3.0320271e+01  -2.3158616e+01   2.9901804e+01
   1.1000000e+01  -4.3000000e+01  -1.6155526e+02  -4.6841998e+01   3.0514173e+01  -2.3691233e+01   2.8188079e+01
   1.1000000e+01  -4.3000000e+01  -1.6023153e+02  -4.4170512e+01   3.0851040e+01  -2.3699665e+01   2.6789429e+01
   1.1000000e+01  -4.3000000e+01  -1.5898963e+02  -4.2206002e+01   3.0705495e+01  -2.3531134e+01   2.4244618e+01
   1.1000000e+01  -4.3000000e+01  -1.5744267e+02  -4.0190079e+01   3.0651562e+01  -2.3046606e+01   2.1862817e+01
   1.1000000e+01  -4.3000000e+01  -1.5555726e+02  -3.8403927e+01   3.0311104e+01  -2.2173256e+01   1.8622687e+01
   1.1000000e+01  -4.3000000e+01  -1.5328518e+02  -3.6903957e+01   2.9950091e+01  -2.1277198e+01   1.5212426e+01
   1.1000000e+01  -4.3000000e+01  -1.5140819e+02  -3.5788872e+01   2.8851740e+01  -2.0203405e+01   1.1043857e+01
   1.1000000e+01  -4.3000000e+01  -1.4906928e+02  -3.4518301e+01   2.7964870e+01  -1.8864166e+01   7.0804555e+00
   1.1000000e+01  -4.3000000e+01  -1.4702969e+02  -3.3125694e+01   2.6959064e+01  -1.7270415e+01   3.3796216e+00
   1.1000000e+01  -4.3000000e+01  -1.4511635e+02  -3.1965290e+01   2.5995317e+01  -1.5797620e+01  -3.4082045e-01
   1.1000000e+01  -4.3000000e+01  -1.4348822e+02  -3.0939098e+01   2.5180001e+01  -1.4092890e+01  -4.7769648e+00
   1.1000000e+01  -4.3000000e+01  -1.4273353e+02  -3.0363225e+01   2.5267084e+01  -1.2135400e+01  -8.8292397e+00
   1.1000000e+01  -4.3000000e+01  -1.4177659e+02  -2.9536238e+01   2.5408411e+01  -9.9338472e+00  -1.2845225e+01
   1.1000000e+01  -4.3000000e+01  -1.4054295e+02  -2.8542469e+01   2.5658518e+01  -7.5170586e+00  -1.7806802e+01
   1.1000000e+01  -4.3000000e+01  -1.3921515e+02  -2.7339005e+01   2.5907679e+01  -4.8737830e+00  -2.2667030e+01
   1.1000000e+01  -4.3000000e+01  -1.3798107e+02  -2.5762611e+01   2.6384563e+01  -2.1138274e+00  -2.8472989e+01
   1.1000000e+01  -4.3000000e+01  -1.3697380e+02  -2.4802926e+01   2.6923299e+01   1.2308987e-01  -3.4478421e+01
   1.1000000e+01  -4.3000000e+01  -1.3622864e+02  -2.3880146e+01   2.7382452e+01   2.6992513e+00  -3.9324003e+01
   1.1000000e+01  -4.3000000e+01  -1.3558263e+02  -2.3207775e+01   2.7845563e+01   5.0502992e+00  -4.4224926e+01
   1.1000000e+01  -4.3000000e+01  -1.3334871e+02  -2.2188658e+01   2.8438193e+01   7.4965795e+00  -4.7599480e+01
   1.1000000e+01  -4.3000000e+01  -1.3216366e+02  -2.2106552e+01   2.9117304e+01   9.3529782e+00  -5.0288178e+01
   1.1000000e+01  -4.3000000e+01  -1.3081908e+02  -2.1826041e+01   2.9807488e+01   1.1400209e+01  -5.2875566e+01
   1.1000000e+01  -4.3000000e+01  -1.2947450e+02  -2.1545530e+01   3.0497672e+01   1.3447439e+01  -5.5462955e+01
   1.1000000e+01  -4.3000000e+01  -1.2871215e+02  -2.1271373e+01   3.1099230e+01   1.5465229e+01  -5.7966045e+01
   1.1000000e+01  -4.3000000e+01  -1.2831440e+02  -2.1793286e+01   3.1768471e+01   1.6812020e+01  -5.9344365e+01
   1.1000000e+01  -4.3000000e+01  -1.2742107e+02  -2.3090150e+01   3.2681908e+01   1.7347256e+01  -6.0909067e+01
   1.1000000e+01  -4.3000000e+01  -1.2536614e+02  -2.6007510e+01   3.4256592e+01   1.5417970e+01  -6.3675910e+01
   1.1000000e+01  -4.3000000e+01  -1.2208529e+02  -2.8251566e+01   3.5904309e+01   1.4458472e+01  -6.3775182e+01
   1.1000000e+01  -4.3000000e+01  -1.2100414e+02  -3.0574335e+01   3.7420624e+01   1.3227059e+01  -6.2293464e+01
   1.1000000e+01  -4.3000000e+01  -1.1992299e+02  -3.2897104e+01   3.8936940e+01   1.1995646e+01  -6.0811745e+01
   1.1000000e+01  -4.3000000e+01  -1.2096230e+02  -3.5211397e+01   3.9389347e+01   1.0743355e+01  -5.7826166e+01
   1.1000000e+01  -4.3000000e+01  -1.2366398e+02  -3.7874501e+01   3.9195618e+01   9.0830069e+00  -5.3074232e+01
   1.1000000e+01  -4.3000000e+01  -1.2789700e+02  -4.0440055e+01   3.8510874e+01   7.3674799e+00  -4.8353868e+01
   1.1000000e+01  -4.3000000e+01  -1.3236743e+02  -4.3145280e+01   3.7180922e+01   4.4456983e+00  -4.1835464e+01
   1.1000000e+01  -4.3000000e+01  -1.3741160e+02  -4.5943625e+01   3.4860971e+01   9.7959719e-01  -3.3407221e+01
   1.1000000e+01  -4.3000000e+01  -1.4274160e+02  -4.8953864e+01   3.2433849e+01  -3.4066573e+00  -2.4658424e+01
   1.1000000e+01  -4.3000000e+01  -1.4728995e+02  -5.1478312e+01   3.0285685e+01  -7.6649220e+00  -1.5288440e+01
   1.1000000e+01  -4.3000000e+01  -1.5220120e+02  -5.3055640e+01   2.8967862e+01  -1.2005521e+01  -6.7848531e+00
   1.1000000e+01  -4.3000000e+01  -1.5648640e+02  -5.3650518e+01   2.8312541e+01  -1.5782083e+01   2.4256436e+00
   1.1000000e+01  -4.3000000e+01  -1.6022082e+02  -5.4373365e+01   2.8460003e+01  -1.9786642e+01   1.1485461e+01
   1.1000000e+01  -4.3000000e+01  -1.6383121e+02  -5.4035363e+01   2.9520979e+01  -2.3232745e+01   2.0150989e+01
   1.1000000e+01  -4.3000000e+01  -1.7052311e+02  -5.1751270e+01   3.1254964e+01  -2.5712990e+01   2.7552087e+01
   1.1000000e+01  -4.3000000e+01  -1.7608157e+02  -5.0125576e+01   3.3534448e+01  -2.8541744e+01   3.3911285e+01
   1.1000000e+01  -4.3000000e+01  -1.7876574e+02  -4.8712184e+01   3.6203536e+01  -3.0638732e+01   3.9076456e+01
   1.1000000e+01  -4.3000000e+01  -1.7564932e+02  -4.8387124e+01   3.7702260e+01  -3.2140540e+01   4.2519437e+01
   1.1000000e+01  -4.3000000e+01  -1.7352996e+02  -4.7180456e+01   3.8113621e+01  -3.2760164e+01   4.2523733e+01
   1.1000000e+01  -4.3000000e+01  -1.7159948e+02  -4.5462417e+01   3.7999347e+01  -3.2739231e+01   4.1677839e+01
   1.1000000e+01  -4.3000000e+01  -1.6942829e+02  -4.3703093e+01   3.7830449e+01  -3.2480008e+01   3.9169949e+01
   1.1000000e+01  -4.3000000e+01  -1.6799732e+02  -4.2112770e+01   3.7382468e+01  -3.2130153e+01   3.5777717e+01
   1.1000000e+01  -4.3000000e+01  -1.6596209e+02  -3.9855939e+01   3.7165188e+01  -3.0940328e+01   3.2793967e+01
   1.1000000e+01  -4.3000000e+01  -1.6374880e+02  -3.8906614e+01   3.6614509e+01  -2.9587578e+01   2.8358509e+01
   1.1000000e+01  -4.3000000e+01  -1.6161223e+02  -3.7627758e+01   3.6103621e+01  -2.7770579e+01   2.4718034e+01
   1.1000000e+01  -4.3000000e+01  -1.6032869e+02  -3.6680335e+01   3.5471411e+01  -2.6164991e+01   2.1044698e+01
   1.1000000e+01  -4.3000000e+01  -1.5767362e+02  -3.4958280e+01   3.4940666e+01  -2.3895410e+01   1.8177566e+01
   1.1000000e+01  -4.3000000e+01  -1.5530042e+02  -3.3823126e+01   3.3699256e+01  -2.2046149e+01   1.4254763e+01
   1.1000000e+01  -4.3000000e+01  -1.5280204e+02  -3.3153140e+01   3.2554703e+01  -2.0490783e+01   1.0149489e+01
   1.1000000e+01  -4.3000000e+01  -1.4926759e+02  -3.2299842e+01   3.0791013e+01  -1.7978364e+01   6.0104365e+00
   1.1000000e+01  -4.3000000e+01  -1.4628635e+02  -3.1309996e+01   2.8731802e+01  -1.5420600e+01   1.6816653e+00
   1.1000000e+01  -4.3000000e+01  -1.4394237e+02  -3.0711275e+01   2.6931483e+01  -1.3358250e+01  -3.3550677e+00
   1.1000000e+01  -4.3000000e+01  -1.4137760e+02  -2.9821379e+01   2.5179647e+01  -1.1032337e+01  -8.2988647e+00
   1.1000000e+01  -4.3000000e+01  -1.3943610e+02  -2.8964974e+01   2.3956484e+01  -8.6718155e+00  -1.3368226e+01
   1.1000000e+01  -4.3000000e+01  -1.3792306e+02  -2.8109142e+01   2.2653054e+01  -6.2800121e+00  -1.8349974e+01
   1.1000000e+01  -4.3000000e+01  -1.3669517e+02  -2.7279523e+01   2.2330920e+01  -3.8380304e+00  -2.2798797e+01
   1.1000000e+01  -4.3000000e+01  -1.3546208e+02  -2.6289034e+01   2.2014052e+01  -1.2893408e+00  -2.7242359e+01
   1.1000000e+01  -4.3000000e+01  -1.3416330e+02  -2.5093643e+01   2.1723509e+01   1.4201789e+00  -3.1644373e+01
   1.1000000e+01  -4.3000000e+01  -1.3309983e+02  -2.4512501e+01   2.1480849e+01   3.5596720e+00  -3.6305449e+01
   1.1000000e+01  -4.3000000e+01  -1.3280246e+02  -2.4303441e+01   2.1678685e+01   5.4985832e+00  -4.0238157e+01
   1.1000000e+01  -4.3000000e+01  -1.3235763e+02  -2.3993740e+01   2.1945225e+01   7.5240714e+00  -4.4052036e+01
   1.1000000e+01  -4.3000000e+01  -1.3195700e+02  -2.4098659e+01   2.2668701e+01   9.0887636e+00  -4.6864987e+01
   1.1000000e+01  -4.3000000e+01  -1.3148797e+02  -2.3969424e+01   2.3379835e+01   1.0861447e+01  -4.9562834e+01
   1.1000000e+01  -4.3000000e+01  -1.3117603e+02  -2.3965645e+01   2.4282696e+01   1.2271952e+01  -5.1254220e+01
   1.1000000e+01  -4.3000000e+01  -1.2961034e+02  -2.5227169e+01   2.5686927e+01   1.2547457e+01  -5.2981155e+01
   1.1000000e+01  -4.3000000e+01  -1.2788051e+02  -2.7562888e+01   2.7412906e+01   1.1422377e+01  -5.3416035e+01
   1.1000000e+01  -4.3000000e+01  -1.2637967e+02  -3.0407655e+01   2.9184130e+01   9.4029951e+00  -5.2489927e+01
   1.1000000e+01  -4.3000000e+01  -1.2666359e+02  -3.2880265e+01   3.0084591e+01   8.0561117e+00  -4.9552087e+01
   1.1000000e+01  -4.3000000e+01  -1.2817339e+02  -3.5860215e+01   3.0428568e+01   6.0198159e+00  -4.5770658e+01
   1.1000000e+01  -4.3000000e+01  -1.3048417e+02  -3.9297871e+01   3.0622338e+01   3.4210702e+00  -4.1028388e+01
   1.1000000e+01  -4.3000000e+01  -1.3330902e+02  -4.2178045e+01   3.0933311e+01   6.9142220e-01  -3.5947487e+01
   1.1000000e+01  -4.3000000e+01  -1.3729760e+02  -4.5126702e+01   3.0347342e+01  -2.4016366e+00  -2.9445794e+01
   1.1000000e+01  -4.3000000e+01  -1.4063178e+02  -4.7416794e+01   2.8589398e+01  -5.9439549e+00  -2.1034809e+01
   1.1000000e+01  -4.3000000e+01  -1.4450999e+02  -4.9624123e+01   2.6584327e+01  -9.5752819e+00  -1.2276669e+01
   1.1000000e+01  -4.3000000e+01  -1.4817576e+02  -5.1471675e+01   2.5621965e+01  -1.3568151e+01  -3.6075965e+00
   1.1000000e+01  -4.3000000e+01  -1.5122160e+02  -5.3375845e+01   2.5369732e+01  -1.7680020e+01   5.3146837e+00
   1.1000000e+01  -4.3000000e+01  -1.5605663e+02  -5.3773555e+01   2.6313252e+01  -2.1218714e+01   1.2373150e+01
   1.1000000e+01  -4.3000000e+01  -1.6078295e+02  -5.3165564e+01   2.7247710e+01  -2.3991524e+01   2.0182057e+01
   1.1000000e+01  -4.3000000e+01  -1.6483004e+02  -5.2383666e+01   2.8236552e+01  -2.6647170e+01   2.7557360e+01
   1.1000000e+01  -4.3000000e+01  -1.6707770e+02  -5.0911789e+01   2.8895122e+01  -2.8320139e+01   3.4897920e+01
   1.1000000e+01  -4.3000000e+01  -1.6822747e+02  -4.9518835e+01   2.9429632e+01  -2.9820873e+01   3.7718613e+01
   1.1000000e+01  -4.3000000e+01  -1.6944202e+02  -4.7909199e+01   3.0047346e+01  -3.0762214e+01   3.7696718e+01
   1.1000000e+01  -4.3000000e+01  -1.6955901e+02  -4.6274688e+01   3.1141009e+01  -3.1271806e+01   3.7376240e+01
   1.1000000e+01  -4.3000000e+01  -1.6960054e+02  -4.4441152e+01   3.2085316e+01  -3.1406212e+01   3.7081088e+01
   1.1000000e+01  -4.3000000e+01  -1.6861616e+02  -4.2967565e+01   3.3093374e+01  -3.1542919e+01   3.6583449e+01
   1.1000000e+01  -4.3000000e+01  -1.6849838e+02  -4.1618892e+01   3.3363179e+01  -3.1449750e+01   3.5183335e+01
