   4.0317491e+01   5.5962850e+01  -1.7205915e+02   6.8530975e+01   2.5079622e+01  -4.6480282e+01   9.1070994e+00
   3.7943478e+01   5.3837402e+01  -1.5807027e+02   5.8328917e+01   1.9117560e+01  -3.6664729e+01   1.5081032e+01
   3.5569464e+01   5.1711953e+01  -1.4408138e+02   4.8126858e+01   1.3155499e+01  -2.6849177e+01   2.1054964e+01
   2.7082979e+01   6.2125151e+01  -1.4300000e+02   3.5825473e+01   5.3167946e+00  -2.8000000e+01   2.3753402e+01
   3.1436417e+01   6.0495402e+01  -1.4300000e+02   2.5416748e+01  -2.3102215e+00  -2.8000000e+01   3.0202139e+01
   3.4601482e+01   5.4557169e+01  -1.4300000e+02   1.5373720e+01  -9.5219960e+00  -2.8000000e+01   3.6814820e+01
   3.5478849e+01   4.6297426e+01  -1.4300000e+02   5.7772027e+00  -1.4093982e+01  -2.8000000e+01   4.2698771e+01
   3.3138690e+01   3.8258169e+01  -1.4300000e+02  -2.5503844e+00  -1.6119300e+01  -2.8000000e+01   4.7092823e+01
   3.0063435e+01   3.3037671e+01  -1.4300000e+02  -7.3681922e+00  -1.5117476e+01  -2.8000000e+01   5.2538453e+01
   2.5420556e+01   3.2636828e+01  -1.4300000e+02  -5.4145184e+00  -1.2677403e+01  -2.8000000e+01   5.5137150e+01
   2.4952088e+01   3.3920091e+01  -1.4300000e+02  -2.0034126e+00  -1.0064908e+01  -2.8000000e+01   5.5274656e+01
   2.4139373e+01   3.3708060e+01  -1.4300000e+02   3.3653539e-01  -7.2786151e+00  -2.8000000e+01   5.4996534e+01
   2.3544492e+01   3.7339387e+01  -1.4300000e+02   4.1126945e+00  -3.5464354e+00  -2.8000000e+01   5.2640337e+01
   2.4285796e+01   3.9376007e+01  -1.4300000e+02   7.4281179e+00  -6.1381386e-01  -2.8000000e+01   4.9225115e+01
   2.6012295e+01   4.2954422e+01  -1.4300000e+02   1.1970308e+01   2.2519269e+00  -2.8000000e+01   4.6123686e+01
   2.8002408e+01   4.6981804e+01  -1.4300000e+02   1.6552499e+01   4.8415601e+00  -2.8000000e+01   4.2918875e+01
   2.9839136e+01   4.8770895e+01  -1.4300000e+02   2.0729482e+01   6.0113999e+00  -2.8000000e+01   3.8467907e+01
   2.9596288e+01   5.0048417e+01  -1.4300000e+02   2.4694016e+01   9.2355190e+00  -2.8000000e+01   3.4387131e+01
   3.1097023e+01   5.4363982e+01  -1.4300000e+02   2.8984031e+01   1.2935552e+01  -2.8000000e+01   3.1111929e+01
   3.1456399e+01   5.7521037e+01  -1.4300000e+02   3.3482585e+01   1.6880345e+01  -2.8000000e+01   2.6865433e+01
   3.2881561e+01   5.6885374e+01  -1.4300000e+02   3.6029880e+01   1.6336253e+01  -2.8000000e+01   2.3561437e+01
   3.3633346e+01   5.6727471e+01  -1.4300000e+02   3.7910484e+01   1.6729572e+01  -2.8000000e+01   1.9291463e+01
   3.8377978e+01   5.9932723e+01  -1.4300000e+02   4.2342882e+01   1.5910194e+01  -2.8000000e+01   1.4397638e+01
   4.0669271e+01   6.1925663e+01  -1.4300000e+02   4.6373993e+01   1.6595246e+01  -2.8000000e+01   8.8690159e+00
   4.1056620e+01   6.3995304e+01  -1.4300000e+02   5.1071906e+01   1.8909920e+01  -2.8000000e+01   2.7169083e+00
   4.2368401e+01   6.2147607e+01  -1.4300000e+02   5.4605651e+01   1.8833236e+01  -2.8000000e+01  -4.3921907e+00
   4.3771845e+01   6.1513380e+01  -1.4300000e+02   5.7968661e+01   1.9688583e+01  -2.8000000e+01  -1.0138434e+01
   4.5455158e+01   6.5310990e+01  -1.4300000e+02   6.3887316e+01   2.3256718e+01  -2.8000000e+01  -1.6785353e+01
   4.8089798e+01   6.7814743e+01  -1.4300000e+02   6.9616858e+01   2.7230711e+01  -2.8000000e+01  -2.3214636e+01
   5.0742292e+01   6.7280885e+01  -1.4300000e+02   7.2518858e+01   2.8095006e+01  -2.8000000e+01  -2.9531781e+01
   5.2609218e+01   6.9370470e+01  -1.4300000e+02   7.7337003e+01   3.0586881e+01  -2.8000000e+01  -3.5076338e+01
   5.3645914e+01   6.8286738e+01  -1.4300000e+02   8.0286049e+01   3.1494028e+01  -2.8000000e+01  -4.0557454e+01
   5.5180923e+01   7.1540105e+01  -1.4300000e+02   8.3104463e+01   3.5411869e+01  -2.8000000e+01  -4.3071951e+01
   5.8127051e+01   7.5023320e+01  -1.4300000e+02   8.6122006e+01   3.8781860e+01  -2.8000000e+01  -4.5679603e+01
   6.0441405e+01   7.7569378e+01  -1.4300000e+02   8.7881428e+01   4.2543628e+01  -2.8000000e+01  -4.6669166e+01
   6.1518816e+01   7.9360644e+01  -1.4300000e+02   8.9222828e+01   4.6157374e+01  -2.8000000e+01  -4.7302955e+01
   6.2394955e+01   8.2035416e+01  -1.4300000e+02   8.9409510e+01   4.8717409e+01  -2.8000000e+01  -4.7793357e+01
   6.3173295e+01   8.4227304e+01  -1.4300000e+02   8.5484393e+01   4.9357489e+01  -2.8000000e+01  -5.2086663e+01
   6.2002416e+01   8.0372518e+01  -1.4300000e+02   7.7839003e+01   4.2829756e+01  -2.8000000e+01  -5.4781904e+01
   5.8827222e+01   8.1202380e+01  -1.4300000e+02   7.0574249e+01   4.1448379e+01  -2.8000000e+01  -4.7899788e+01
   5.5333587e+01   7.7883438e+01  -1.4300000e+02   6.4136370e+01   3.6082056e+01  -2.8000000e+01  -4.2239720e+01
   5.0756857e+01   7.6521118e+01  -1.4300000e+02   5.7976907e+01   3.2492396e+01  -2.8000000e+01  -3.3956991e+01
   4.5476917e+01   7.4651131e+01  -1.4300000e+02   5.1188558e+01   2.9503555e+01  -2.8000000e+01  -2.4702831e+01
   4.1319220e+01   7.1064304e+01  -1.4300000e+02   4.4529890e+01   2.3386974e+01  -2.8000000e+01  -1.5221309e+01
   3.8464603e+01   6.5783031e+01  -1.4300000e+02   3.6779349e+01   1.6125998e+01  -2.8000000e+01  -6.3522996e+00
   3.5822492e+01   5.8384053e+01  -1.4300000e+02   2.9382919e+01   9.9570252e+00  -2.8000000e+01   3.6971892e+00
   3.3591760e+01   5.1948478e+01  -1.4300000e+02   2.1444276e+01   3.9685297e+00  -2.8000000e+01   1.3520385e+01
   3.2178980e+01   4.9119339e+01  -1.4300000e+02   1.6220114e+01  -1.9477419e+00  -2.8000000e+01   2.2714066e+01
   3.0391911e+01   4.6631968e+01  -1.4300000e+02   1.2648960e+01  -6.4467520e+00  -2.8000000e+01   3.0250307e+01
   2.6575190e+01   4.6493799e+01  -1.4300000e+02   9.9530055e+00  -7.9850131e+00  -2.8000000e+01   3.6823048e+01
   2.3237267e+01   4.4246112e+01  -1.4300000e+02   7.0980207e+00  -7.9058071e+00  -2.8000000e+01   4.4069770e+01
   2.0708009e+01   4.0147931e+01  -1.4300000e+02   5.3991578e+00  -7.7456328e+00  -2.8000000e+01   4.9641001e+01
   2.2028487e+01   4.2114391e+01  -1.4300000e+02   8.6960159e+00  -6.9448749e+00  -2.8000000e+01   5.1688326e+01
   2.0794280e+01   4.3300714e+01  -1.4300000e+02   1.1694678e+01  -3.8679403e+00  -2.8000000e+01   5.2958426e+01
   2.0029188e+01   4.3729524e+01  -1.4300000e+02   1.3819522e+01   3.5128783e-01  -2.8000000e+01   5.0526161e+01
   2.1096564e+01   4.8635387e+01  -1.4300000e+02   1.8081460e+01   4.7333239e+00  -2.8000000e+01   4.8011451e+01
   2.1250742e+01   5.1892507e+01  -1.4300000e+02   2.2970916e+01   8.5595289e+00  -2.8000000e+01   4.5575816e+01
   2.1246362e+01   5.3856602e+01  -1.4300000e+02   2.6393693e+01   1.2766434e+01  -2.8000000e+01   4.2053960e+01
   2.4413917e+01   5.5430603e+01  -1.4300000e+02   2.9428361e+01   1.3819581e+01  -2.8000000e+01   3.7401531e+01
   2.7798231e+01   5.7492541e+01  -1.4300000e+02   3.2068901e+01   1.3743806e+01  -2.8000000e+01   3.3995761e+01
   2.8833687e+01   5.4150575e+01  -1.4300000e+02   3.3041818e+01   1.3971253e+01  -2.8000000e+01   3.0499996e+01
   2.9241226e+01   5.3706126e+01  -1.4300000e+02   3.4329602e+01   1.5522917e+01  -2.8000000e+01   2.6991752e+01
   2.9133207e+01   5.6902846e+01  -1.4300000e+02   3.7822096e+01   1.9002719e+01  -2.8000000e+01   2.3917835e+01
   3.0881870e+01   5.9817920e+01  -1.4300000e+02   4.1863095e+01   2.1174598e+01  -2.8000000e+01   1.9712070e+01
   3.2083358e+01   5.9125985e+01  -1.4300000e+02   4.5274033e+01   2.1324869e+01  -2.8000000e+01   1.4572050e+01
   3.3469844e+01   5.7383261e+01  -1.4300000e+02   4.6284974e+01   1.9475196e+01  -2.8000000e+01   9.7496075e+00
   3.6168625e+01   5.8870022e+01  -1.4300000e+02   4.9627439e+01   1.8871025e+01  -2.8000000e+01   4.4432488e+00
   3.9200082e+01   6.1193740e+01  -1.4300000e+02   5.3495669e+01   1.8788898e+01  -2.8000000e+01  -6.6533786e-01
   4.1104325e+01   6.5419593e+01  -1.4300000e+02   5.8818332e+01   2.0471513e+01  -2.8000000e+01  -6.0894502e+00
   4.3167111e+01   6.4505484e+01  -1.4300000e+02   6.2146901e+01   1.9686595e+01  -2.8000000e+01  -1.1654306e+01
   4.3264293e+01   6.1804437e+01  -1.4300000e+02   6.4492915e+01   2.0808922e+01  -2.8000000e+01  -1.8194088e+01
   4.5930770e+01   6.7683051e+01  -1.4300000e+02   7.0941344e+01   2.5069783e+01  -2.8000000e+01  -2.4799789e+01
   4.7651450e+01   6.9127561e+01  -1.4300000e+02   7.4836847e+01   2.7208954e+01  -2.8000000e+01  -3.0399755e+01
   4.9131320e+01   7.0847976e+01  -1.4300000e+02   7.8536888e+01   2.9628429e+01  -2.8000000e+01  -3.5782218e+01
   4.9345120e+01   7.0341941e+01  -1.4300000e+02   8.0638284e+01   3.1851660e+01  -2.8000000e+01  -3.9434709e+01
   4.9314286e+01   6.9036840e+01  -1.4300000e+02   8.1523082e+01   3.3683873e+01  -2.8000000e+01  -4.0393266e+01
   5.1608522e+01   6.8998705e+01  -1.4300000e+02   8.2049425e+01   3.4731240e+01  -2.8000000e+01  -4.2338705e+01
   5.3909502e+01   7.0690737e+01  -1.4300000e+02   8.3239779e+01   3.6094798e+01  -2.8000000e+01  -4.3738275e+01
   5.5859965e+01   7.2853448e+01  -1.4300000e+02   8.5348951e+01   3.8131039e+01  -2.8000000e+01  -4.5263463e+01
   5.7529876e+01   7.4243485e+01  -1.4300000e+02   8.7094227e+01   4.0496644e+01  -2.8000000e+01  -4.6112544e+01
   5.9416377e+01   7.6680809e+01  -1.4300000e+02   8.6466407e+01   4.2309413e+01  -2.8000000e+01  -4.7072985e+01
   5.9955395e+01   7.9413346e+01  -1.4300000e+02   8.2575314e+01   4.3536993e+01  -2.8000000e+01  -4.5865581e+01
   5.8936472e+01   7.8737384e+01  -1.4300000e+02   7.6339416e+01   4.1590620e+01  -2.8000000e+01  -4.2984018e+01
   5.6975949e+01   7.8515086e+01  -1.4300000e+02   6.9240193e+01   4.1319090e+01  -2.8000000e+01  -3.6346919e+01
   5.5013955e+01   7.3735921e+01  -1.4300000e+02   6.0631326e+01   3.7050399e+01  -2.8000000e+01  -2.9694720e+01
   5.1835085e+01   7.0248779e+01  -1.4300000e+02   5.2619590e+01   3.1969459e+01  -2.8000000e+01  -2.2759520e+01
   4.6490749e+01   6.9961192e+01  -1.4300000e+02   4.6075869e+01   2.6572319e+01  -2.8000000e+01  -1.7280510e+01
   4.2718257e+01   6.8717946e+01  -1.4300000e+02   4.0293850e+01   2.0793447e+01  -2.8000000e+01  -8.6765905e+00
   3.9297588e+01   7.0145947e+01  -1.4300000e+02   3.6089231e+01   1.4999678e+01  -2.8000000e+01  -3.2377399e-01
   3.7837633e+01   6.8748260e+01  -1.4300000e+02   3.1422429e+01   9.5400880e+00  -2.8000000e+01   8.6267283e+00
   3.4967203e+01   6.1954771e+01  -1.4300000e+02   2.5419422e+01   4.3016168e+00  -2.8000000e+01   1.7723599e+01
   3.2360126e+01   5.7403803e+01  -1.4300000e+02   1.9553384e+01   2.2089556e-02  -2.8000000e+01   2.6568480e+01
   3.2710448e+01   5.8333267e+01  -1.4300000e+02   1.7148768e+01  -4.6500525e+00  -2.8000000e+01   3.4018420e+01
   2.9684415e+01   5.3750503e+01  -1.4300000e+02   1.2217020e+01  -6.9787262e+00  -2.8000000e+01   3.9554162e+01
   2.9354582e+01   4.5661203e+01  -1.4300000e+02   5.6777450e+00  -9.1374297e+00  -2.8000000e+01   4.6027619e+01
   2.9435979e+01   3.6705180e+01  -1.4300000e+02  -1.5792635e+00  -1.0539626e+01  -2.8000000e+01   5.0921576e+01
   2.5974869e+01   3.2797253e+01  -1.4300000e+02  -3.7643609e+00  -8.6962773e+00  -2.8000000e+01   5.4435133e+01
   2.5313341e+01   3.2657100e+01  -1.4300000e+02  -2.0424901e+00  -6.8452939e+00  -2.8000000e+01   5.5078262e+01
   2.3647163e+01   3.4344182e+01  -1.4300000e+02   6.9236191e-01  -3.6914145e+00  -2.8000000e+01   5.1817628e+01
   2.4408352e+01   3.8786642e+01  -1.4300000e+02   5.5805397e+00   6.0035807e-02  -2.8000000e+01   4.8881150e+01
   2.5513563e+01   4.2375353e+01  -1.4300000e+02   1.0704746e+01   2.4853726e+00  -2.8000000e+01   4.5524791e+01
   2.6917390e+01   4.5177538e+01  -1.4300000e+02   1.5365871e+01   4.4258397e+00  -2.8000000e+01   4.2485348e+01
   2.7760203e+01   4.6877675e+01  -1.4300000e+02   1.9181130e+01   5.6987295e+00  -2.8000000e+01   3.8067662e+01
   2.9131442e+01   4.8666889e+01  -1.4300000e+02   2.3021347e+01   8.0200617e+00  -2.8000000e+01   3.3558482e+01
   2.9369736e+01   5.1362228e+01  -1.4300000e+02   2.8049910e+01   1.1041430e+01  -2.8000000e+01   2.8469517e+01
   2.9323211e+01   5.5185662e+01  -1.4300000e+02   3.2975610e+01   1.6478973e+01  -2.8000000e+01   2.3994963e+01
   3.0670223e+01   5.8938840e+01  -1.4300000e+02   3.8268746e+01   2.0190520e+01  -2.8000000e+01   1.9477364e+01
   3.4448472e+01   5.7344640e+01  -1.4300000e+02   4.0627415e+01   1.7126859e+01  -2.8000000e+01   1.6347653e+01
   3.5923366e+01   5.6589728e+01  -1.4300000e+02   4.3359579e+01   1.5861565e+01  -2.8000000e+01   9.9206471e+00
   3.8440674e+01   5.9298748e+01  -1.4300000e+02   4.7756812e+01   1.6432289e+01  -2.8000000e+01   3.9708737e+00
   3.9707991e+01   6.3576082e+01  -1.4300000e+02   5.3806918e+01   1.9508956e+01  -2.8000000e+01  -2.9024044e+00
   4.1985604e+01   6.5803493e+01  -1.4300000e+02   5.9597921e+01   2.1322099e+01  -2.8000000e+01  -8.6111050e+00
   4.3323587e+01   6.5930386e+01  -1.4300000e+02   6.3579105e+01   2.2393777e+01  -2.8000000e+01  -1.5286600e+01
   4.4681478e+01   6.6489320e+01  -1.4300000e+02   6.7356934e+01   2.3735803e+01  -2.8000000e+01  -2.2262357e+01
   4.7400211e+01   6.8033355e+01  -1.4300000e+02   7.2373558e+01   2.4002746e+01  -2.8000000e+01  -3.0156465e+01
   4.8514992e+01   6.9586679e+01  -1.4300000e+02   7.6913883e+01   2.7980400e+01  -2.8000000e+01  -3.5224048e+01
   4.8579714e+01   6.6390277e+01  -1.4300000e+02   7.8278456e+01   2.8454199e+01  -2.8000000e+01  -4.0822690e+01
   4.8622995e+01   6.8574407e+01  -1.4300000e+02   8.1338044e+01   3.2716460e+01  -2.8000000e+01  -4.2469074e+01
   5.1357000e+01   6.8383306e+01  -1.4300000e+02   8.1789465e+01   3.3792928e+01  -2.8000000e+01  -4.4553490e+01
   5.3619945e+01   6.8495519e+01  -1.4300000e+02   8.3192510e+01   3.4864392e+01  -2.8000000e+01  -4.7340545e+01
   5.4981390e+01   6.9369637e+01  -1.4300000e+02   8.4946481e+01   3.7923223e+01  -2.8000000e+01  -4.8334785e+01
   5.6161716e+01   7.0250321e+01  -1.4300000e+02   8.6266163e+01   3.9626155e+01  -2.8000000e+01  -4.9421410e+01
   5.7070587e+01   7.0310225e+01  -1.4300000e+02   8.6088828e+01   4.0669178e+01  -2.8000000e+01  -4.9024332e+01
   5.8565195e+01   7.1474396e+01  -1.4300000e+02   8.4010374e+01   4.0195565e+01  -2.8000000e+01  -4.8736122e+01
   5.9715420e+01   7.4660261e+01  -1.4300000e+02   8.1048464e+01   3.9841389e+01  -2.8000000e+01  -4.7201915e+01
   5.8417967e+01   7.2949751e+01  -1.4300000e+02   7.3914509e+01   3.8021935e+01  -2.8000000e+01  -4.0353585e+01
   5.7307062e+01   6.7659298e+01  -1.4300000e+02   6.5018921e+01   3.3395989e+01  -2.8000000e+01  -3.4845158e+01
   5.5269176e+01   6.4423226e+01  -1.4300000e+02   5.6194549e+01   2.8003496e+01  -2.8000000e+01  -2.9507454e+01
   5.2004078e+01   6.5133549e+01  -1.4300000e+02   5.0947936e+01   2.4939177e+01  -2.8000000e+01  -2.1293062e+01
   4.7716473e+01   6.5215578e+01  -1.4300000e+02   4.4419535e+01   2.1469917e+01  -2.8000000e+01  -1.2827845e+01
   4.2960146e+01   6.5022846e+01  -1.4300000e+02   3.8087104e+01   1.7834022e+01  -2.8000000e+01  -4.9437440e+00
   4.0634606e+01   6.3420612e+01  -1.4300000e+02   3.3241197e+01   1.1984417e+01  -2.8000000e+01   2.0770779e+00
   3.7426904e+01   6.1654870e+01  -1.4300000e+02   2.8837729e+01   6.8034978e+00  -2.8000000e+01   1.0289205e+01
   3.4582488e+01   5.7361908e+01  -1.4300000e+02   2.3272712e+01   2.9515073e+00  -2.8000000e+01   1.7914980e+01
   3.0816619e+01   5.3779200e+01  -1.4300000e+02   1.7896906e+01   3.7339511e-02  -2.8000000e+01   2.5935534e+01
   2.9964362e+01   5.2791936e+01  -1.4300000e+02   1.3721498e+01  -3.2710200e+00  -2.8000000e+01   3.2856249e+01
   2.9607731e+01   5.5208592e+01  -1.4300000e+02   1.1678598e+01  -4.3002917e+00  -2.8000000e+01   3.9457704e+01
   2.9927093e+01   5.2939453e+01  -1.4300000e+02   8.5493139e+00  -6.6932657e+00  -2.8000000e+01   4.5167987e+01
   3.0088033e+01   4.4416291e+01  -1.4300000e+02   2.4379002e+00  -9.8565609e+00  -2.8000000e+01   4.9471905e+01
   2.8467624e+01   3.6888905e+01  -1.4300000e+02  -3.7333570e+00  -1.0811978e+01  -2.8000000e+01   5.3225312e+01
   2.6248523e+01   3.2701362e+01  -1.4300000e+02  -6.8630178e+00  -1.0488651e+01  -2.8000000e+01   5.6139565e+01
   2.4713293e+01   3.0774567e+01  -1.4300000e+02  -6.0323204e+00  -8.7663141e+00  -2.8000000e+01   5.6468758e+01
   2.3506203e+01   3.0442554e+01  -1.4300000e+02  -3.8199157e+00  -7.2890422e+00  -2.8000000e+01   5.6611763e+01
   2.2884162e+01   3.3159001e+01  -1.4300000e+02  -5.3251965e-01  -4.5442922e+00  -2.8000000e+01   5.4122581e+01
   2.2533024e+01   3.5292029e+01  -1.4300000e+02   3.1765527e+00  -1.6308053e+00  -2.8000000e+01   5.1798802e+01
   2.4252499e+01   3.9953858e+01  -1.4300000e+02   6.8312636e+00   4.1105369e-01  -2.8000000e+01   4.9625853e+01
   2.5968066e+01   4.0581317e+01  -1.4300000e+02   8.8509728e+00   4.0202738e-01  -2.8000000e+01   4.7294688e+01
   2.7264346e+01   4.2447811e+01  -1.4300000e+02   1.1733528e+01   1.2915009e+00  -2.8000000e+01   4.4715056e+01
   2.8357369e+01   4.3980895e+01  -1.4300000e+02   1.5473532e+01   2.8702090e+00  -2.8000000e+01   4.2635789e+01
   2.8395954e+01   4.5689341e+01  -1.4300000e+02   1.8765922e+01   5.0799343e+00  -2.8000000e+01   3.8515274e+01
   2.7894334e+01   5.1124764e+01  -1.4300000e+02   2.3983592e+01   1.0038206e+01  -2.8000000e+01   3.5238800e+01
   2.7436139e+01   5.4715579e+01  -1.4300000e+02   2.7946975e+01   1.5968831e+01  -2.8000000e+01   3.3234159e+01
   3.1260773e+01   5.6053874e+01  -1.4300000e+02   3.1684497e+01   1.4765407e+01  -2.8000000e+01   2.9584756e+01
   3.4247435e+01   5.6413140e+01  -1.4300000e+02   3.4753651e+01   1.2767781e+01  -2.8000000e+01   2.5025242e+01
   3.4428358e+01   5.6139492e+01  -1.4300000e+02   3.6585576e+01   1.3328698e+01  -2.8000000e+01   2.1557563e+01
   3.6171118e+01   5.5458717e+01  -1.4300000e+02   3.8665620e+01   1.3840406e+01  -2.8000000e+01   1.8085177e+01
   3.8849160e+01   5.5361863e+01  -1.4300000e+02   4.1345413e+01   1.3043592e+01  -2.8000000e+01   1.3403427e+01
   3.9019968e+01   5.9494449e+01  -1.4300000e+02   4.5354352e+01   1.6526737e+01  -2.8000000e+01   9.6658574e+00
   4.1414624e+01   6.1385687e+01  -1.4300000e+02   4.9721788e+01   1.7046776e+01  -2.8000000e+01   4.8320639e+00
   4.1508993e+01   6.2036113e+01  -1.4300000e+02   5.2944253e+01   1.9915631e+01  -2.8000000e+01  -6.0399332e-01
   4.2325266e+01   6.2873914e+01  -1.4300000e+02   5.5795714e+01   2.1978821e+01  -2.8000000e+01  -3.6694084e+00
   4.3427548e+01   6.3534317e+01  -1.4300000e+02   5.8630213e+01   2.3394443e+01  -2.8000000e+01  -7.8147822e+00
   4.4879701e+01   6.5592458e+01  -1.4300000e+02   6.2452095e+01   2.4878822e+01  -2.8000000e+01  -1.2176091e+01
   4.6295169e+01   6.8382049e+01  -1.4300000e+02   6.5875907e+01   2.6164346e+01  -2.8000000e+01  -1.6580222e+01
   4.7562823e+01   6.9332170e+01  -1.4300000e+02   6.9086445e+01   2.7378298e+01  -2.8000000e+01  -2.0928906e+01
   4.9497751e+01   6.8863211e+01  -1.4300000e+02   7.1869015e+01   2.7325800e+01  -2.8000000e+01  -2.6007453e+01
   5.0621118e+01   6.6483508e+01  -1.4300000e+02   7.2138155e+01   2.4818115e+01  -2.8000000e+01  -2.9256413e+01
   5.0464694e+01   6.5759872e+01  -1.4300000e+02   7.3452632e+01   2.5849624e+01  -2.8000000e+01  -3.1771459e+01
   5.0631184e+01   6.5699436e+01  -1.4300000e+02   7.4586145e+01   2.7174017e+01  -2.8000000e+01  -3.3565467e+01
   5.0414616e+01   6.4497545e+01  -1.4300000e+02   7.4652476e+01   2.7483964e+01  -2.8000000e+01  -3.5113799e+01
   5.0781031e+01   6.4526642e+01  -1.4300000e+02   7.5564956e+01   2.7453728e+01  -2.8000000e+01  -3.7536240e+01
   5.1455366e+01   6.6574337e+01  -1.4300000e+02   7.6955687e+01   2.8449805e+01  -2.8000000e+01  -3.8949179e+01
   5.2074441e+01   6.7837128e+01  -1.4300000e+02   7.8845305e+01   2.9533935e+01  -2.8000000e+01  -4.1400719e+01
   5.2678343e+01   6.8378257e+01  -1.4300000e+02   8.0253537e+01   2.9904333e+01  -2.8000000e+01  -4.4289000e+01
   5.2871109e+01   6.7987214e+01  -1.4300000e+02   8.1083109e+01   3.0444590e+01  -2.8000000e+01  -4.6309118e+01
   5.2331620e+01   6.6497482e+01  -1.4300000e+02   8.0899581e+01   3.0928101e+01  -2.8000000e+01  -4.7063907e+01
   5.1963665e+01   6.6366699e+01  -1.4300000e+02   8.1264745e+01   3.3139149e+01  -2.8000000e+01  -4.6551000e+01
   5.3105148e+01   6.7057387e+01  -1.4300000e+02   8.2566754e+01   3.5536301e+01  -2.8000000e+01  -4.7217248e+01
   5.4864580e+01   6.9217427e+01  -1.4300000e+02   8.4804961e+01   3.7624266e+01  -2.8000000e+01  -4.8728723e+01
   5.5807838e+01   6.8821484e+01  -1.4300000e+02   8.5691126e+01   3.9022487e+01  -2.8000000e+01  -4.9787888e+01
   5.6452065e+01   6.9230663e+01  -1.4300000e+02   8.4038228e+01   3.9821812e+01  -2.8000000e+01  -5.0098004e+01
   5.6704217e+01   7.0283692e+01  -1.4300000e+02   8.0861886e+01   3.8076782e+01  -2.8000000e+01  -5.1867902e+01
   5.5036538e+01   6.6539558e+01  -1.4300000e+02   7.5073471e+01   3.4154392e+01  -2.8000000e+01  -5.0891847e+01
   5.2768684e+01   6.6968759e+01  -1.4300000e+02   6.9396745e+01   3.1089188e+01  -2.8000000e+01  -4.5792840e+01
   4.8750876e+01   6.4765504e+01  -1.4300000e+02   6.1833589e+01   2.7898891e+01  -2.8000000e+01  -3.7953206e+01
   4.4795432e+01   6.6255346e+01  -1.4300000e+02   5.5611133e+01   2.6129438e+01  -2.8000000e+01  -3.0448160e+01
   4.1675432e+01   6.4917031e+01  -1.4300000e+02   4.9196630e+01   2.2284527e+01  -2.8000000e+01  -2.2134506e+01
   3.9177617e+01   6.5682535e+01  -1.4300000e+02   4.4644548e+01   1.9184219e+01  -2.8000000e+01  -1.3737849e+01
   3.6343035e+01   6.5960196e+01  -1.4300000e+02   4.1398004e+01   1.6251103e+01  -2.8000000e+01  -5.0509644e+00
   3.4069149e+01   6.6088677e+01  -1.4300000e+02   3.8406363e+01   1.3424372e+01  -2.8000000e+01   3.2093265e+00
   3.2567014e+01   6.7126014e+01  -1.4300000e+02   3.6836903e+01   1.1553098e+01  -2.8000000e+01   1.0916338e+01
   3.0218162e+01   6.6348272e+01  -1.4300000e+02   3.3524954e+01   1.1172872e+01  -2.8000000e+01   1.8245686e+01
   2.7954033e+01   6.5297728e+01  -1.4300000e+02   2.9377710e+01   1.1241836e+01  -2.8000000e+01   2.4897486e+01
   2.6710583e+01   6.3731374e+01  -1.4300000e+02   2.5382371e+01   1.0206193e+01  -2.8000000e+01   3.0935533e+01
   2.5218972e+01   6.0795443e+01  -1.4300000e+02   2.1360755e+01   9.0889598e+00  -2.8000000e+01   3.5613706e+01
   2.5636171e+01   5.8053076e+01  -1.4300000e+02   1.8384740e+01   6.7372690e+00  -2.8000000e+01   3.9992588e+01
   2.4940731e+01   5.6040665e+01  -1.4300000e+02   1.8228431e+01   9.2277027e+00  -2.8000000e+01   4.6084127e+01
   2.4653885e+01   5.4099286e+01  -1.4300000e+02   1.7686118e+01   9.7173472e+00  -2.8000000e+01   4.7091769e+01
   2.4583662e+01   5.1615916e+01  -1.4300000e+02   1.6340635e+01   9.4365416e+00  -2.8000000e+01   4.6919427e+01
   2.4709070e+01   4.9540845e+01  -1.4300000e+02   1.5530785e+01   9.1234581e+00  -2.8000000e+01   4.6533652e+01
   2.5706999e+01   4.8163415e+01  -1.4300000e+02   1.5185258e+01   7.9949438e+00  -2.8000000e+01   4.5198912e+01
   2.7039744e+01   4.7549719e+01  -1.4300000e+02   1.5631814e+01   6.8049176e+00  -2.8000000e+01   4.2966671e+01
   2.8743932e+01   4.7987319e+01  -1.4300000e+02   1.7363202e+01   6.1097342e+00  -2.8000000e+01   4.0343772e+01
   2.9223576e+01   4.7126345e+01  -1.4300000e+02   1.9167075e+01   6.2857422e+00  -2.8000000e+01   3.8362457e+01
   2.9646116e+01   4.8368802e+01  -1.4300000e+02   2.1626905e+01   8.3076150e+00  -2.8000000e+01   3.5115319e+01
   3.0060128e+01   4.9978918e+01  -1.4300000e+02   2.4801718e+01   1.0637499e+01  -2.8000000e+01   3.2449037e+01
   3.1141183e+01   4.9770127e+01  -1.4300000e+02   2.6937655e+01   1.1386390e+01  -2.8000000e+01   2.8425673e+01
   3.0760718e+01   4.9667253e+01  -1.4300000e+02   2.9003121e+01   1.2889949e+01  -2.8000000e+01   2.4816468e+01
   3.1139958e+01   5.0726731e+01  -1.4300000e+02   3.1207872e+01   1.4122737e+01  -2.8000000e+01   2.0592157e+01
   3.2783117e+01   5.2175799e+01  -1.4300000e+02   3.4316597e+01   1.4341491e+01  -2.8000000e+01   1.6996028e+01
   3.5426873e+01   5.4178288e+01  -1.4300000e+02   3.7800795e+01   1.4958373e+01  -2.8000000e+01   1.3905697e+01
   3.6482112e+01   5.4756136e+01  -1.4300000e+02   4.0880367e+01   1.5662320e+01  -2.8000000e+01   9.9679175e+00
   3.8299318e+01   5.4822942e+01  -1.4300000e+02   4.3369746e+01   1.5853662e+01  -2.8000000e+01   4.7739987e+00
   3.8838378e+01   5.7549530e+01  -1.4300000e+02   4.7788739e+01   1.8223498e+01  -2.8000000e+01   2.0801160e-02
   4.1270042e+01   6.0952497e+01  -1.4300000e+02   5.2763347e+01   1.9259659e+01  -2.8000000e+01  -5.0178359e+00
   4.3544330e+01   6.3694886e+01  -1.4300000e+02   5.8024886e+01   2.0691445e+01  -2.8000000e+01  -1.1627671e+01
   4.4774529e+01   6.5850221e+01  -1.4300000e+02   6.3501550e+01   2.3483779e+01  -2.8000000e+01  -1.7894770e+01
   4.7020685e+01   6.3330505e+01  -1.4300000e+02   6.7537839e+01   2.1955247e+01  -2.8000000e+01  -2.7948714e+01
   4.7821996e+01   6.6861444e+01  -1.4300000e+02   7.2900209e+01   2.6930304e+01  -2.8000000e+01  -3.4082692e+01
   4.9478521e+01   6.8437541e+01  -1.4300000e+02   7.7022202e+01   3.0426101e+01  -2.8000000e+01  -3.8489102e+01
   4.9145819e+01   6.7856403e+01  -1.4300000e+02   7.9292285e+01   3.2798898e+01  -2.8000000e+01  -4.1587276e+01
   5.1729501e+01   6.5600223e+01  -1.4300000e+02   7.9055856e+01   3.2573052e+01  -2.8000000e+01  -4.3377987e+01
   5.3453283e+01   6.6910473e+01  -1.4300000e+02   8.0697842e+01   3.5055750e+01  -2.8000000e+01  -4.5201562e+01
   5.6007369e+01   7.0561836e+01  -1.4300000e+02   8.4041208e+01   3.8935962e+01  -2.8000000e+01  -4.7943629e+01
   5.8741209e+01   7.2975109e+01  -1.4300000e+02   8.7033633e+01   4.1690000e+01  -2.8000000e+01  -5.1263985e+01
   6.0149750e+01   7.4332553e+01  -1.4300000e+02   8.9069855e+01   4.4838949e+01  -2.8000000e+01  -5.2552881e+01
   6.0773424e+01   7.6314106e+01  -1.4300000e+02   9.0128885e+01   4.7510528e+01  -2.8000000e+01  -5.2637681e+01
   6.1149125e+01   7.7775606e+01  -1.4300000e+02   9.0059228e+01   4.8865701e+01  -2.8000000e+01  -5.4800841e+01
   6.0602433e+01   7.9236365e+01  -1.4300000e+02   8.6474229e+01   4.5619133e+01  -2.8000000e+01  -6.0954089e+01
   6.0083732e+01   7.9304585e+01  -1.4300000e+02   7.9641770e+01   4.3915670e+01  -2.8000000e+01  -5.7341476e+01
   5.7947811e+01   7.5492853e+01  -1.4300000e+02   7.1703000e+01   3.9248749e+01  -2.8000000e+01  -5.1060142e+01
   5.5261836e+01   7.6832737e+01  -1.4300000e+02   6.4680944e+01   3.6584213e+01  -2.8000000e+01  -4.2900816e+01
   5.1014213e+01   7.4457527e+01  -1.4300000e+02   5.8693951e+01   3.3028368e+01  -2.8000000e+01  -3.4173570e+01
   4.6399454e+01   7.1797876e+01  -1.4300000e+02   5.2392275e+01   3.0102863e+01  -2.8000000e+01  -2.4096341e+01
   4.1905589e+01   6.9752967e+01  -1.4300000e+02   4.6474532e+01   2.5875436e+01  -2.8000000e+01  -1.4140139e+01
   3.7318282e+01   6.4871252e+01  -1.4300000e+02   3.9492932e+01   1.9909546e+01  -2.8000000e+01  -4.6582189e+00
   3.2327691e+01   5.8726725e+01  -1.4300000e+02   3.2419753e+01   1.3969220e+01  -2.8000000e+01   5.3782417e+00
   2.9770931e+01   5.3388440e+01  -1.4300000e+02   2.4313036e+01   6.8232276e+00  -2.8000000e+01   1.4500955e+01
   2.6973603e+01   4.8517158e+01  -1.4300000e+02   1.7370930e+01   1.0715687e+00  -2.8000000e+01   2.2912042e+01
   2.5539279e+01   4.7816370e+01  -1.4300000e+02   1.2908530e+01  -2.3862246e+00  -2.8000000e+01   2.9905424e+01
   2.6489327e+01   4.4243413e+01  -1.4300000e+02   7.5736844e+00  -5.7887588e+00  -2.8000000e+01   3.7121833e+01
   2.5745547e+01   4.2559623e+01  -1.4300000e+02   3.3276732e+00  -7.1067030e+00  -2.8000000e+01   4.2897290e+01
   2.6147604e+01   4.0589517e+01  -1.4300000e+02  -1.3845895e-01  -7.6808073e+00  -2.8000000e+01   4.7975319e+01
   2.7795082e+01   3.7187219e+01  -1.4300000e+02  -2.7358476e+00  -8.3817722e+00  -2.8000000e+01   5.2493275e+01
   2.6327928e+01   3.6108859e+01  -1.4300000e+02  -2.6149329e+00  -8.7714088e+00  -2.8000000e+01   5.4951902e+01
   2.4664376e+01   3.7199086e+01  -1.4300000e+02  -2.3476372e-01  -6.6367512e+00  -2.8000000e+01   5.6365396e+01
   2.3845311e+01   3.4538465e+01  -1.4300000e+02  -2.4536829e-01  -4.5335711e+00  -2.8000000e+01   5.5503559e+01
   2.4437914e+01   3.5568913e+01  -1.4300000e+02   1.2532892e+00  -1.5888649e+00  -2.8000000e+01   5.3284787e+01
   2.5241107e+01   3.6848213e+01  -1.4300000e+02   3.7058881e+00   9.3932736e-01  -2.8000000e+01   5.1358896e+01
   2.6701614e+01   3.8149213e+01  -1.4300000e+02   6.0936906e+00   2.5920196e+00  -2.8000000e+01   4.8211306e+01
   2.7306090e+01   4.3275811e+01  -1.4300000e+02   1.1230426e+01   5.5033453e+00  -2.8000000e+01   4.4352006e+01
   2.8142617e+01   4.6260915e+01  -1.4300000e+02   1.6486472e+01   8.0357938e+00  -2.8000000e+01   4.1197551e+01
   2.7396894e+01   5.1035078e+01  -1.4300000e+02   2.1282146e+01   1.2366589e+01  -2.8000000e+01   3.6573903e+01
   3.0245028e+01   5.5740572e+01  -1.4300000e+02   2.6302445e+01   1.4658562e+01  -2.8000000e+01   3.3577978e+01
   3.3293145e+01   5.8106782e+01  -1.4300000e+02   3.0526366e+01   1.3319007e+01  -2.8000000e+01   2.9642858e+01
   3.4475124e+01   5.5708773e+01  -1.4300000e+02   3.2263404e+01   1.2666079e+01  -2.8000000e+01   2.7069892e+01
   3.5785506e+01   5.6174068e+01  -1.4300000e+02   3.4405301e+01   1.2628487e+01  -2.8000000e+01   2.2764899e+01
   3.6987530e+01   5.9215240e+01  -1.4300000e+02   3.7751597e+01   1.4372292e+01  -2.8000000e+01   1.9209077e+01
   3.7153732e+01   6.0841054e+01  -1.4300000e+02   4.1597144e+01   1.7850767e+01  -2.8000000e+01   1.5490228e+01
   3.8774127e+01   5.9556991e+01  -1.4300000e+02   4.4214084e+01   1.8678134e+01  -2.8000000e+01   1.0400176e+01
   3.9921117e+01   6.0087932e+01  -1.4300000e+02   4.6996306e+01   1.9118950e+01  -2.8000000e+01   5.1648116e+00
   4.0768420e+01   6.0455319e+01  -1.4300000e+02   5.0323569e+01   2.0536126e+01  -2.8000000e+01   2.7971886e-01
   4.2496020e+01   6.2119842e+01  -1.4300000e+02   5.4435566e+01   2.1514977e+01  -2.8000000e+01  -4.8581376e+00
   4.3517774e+01   6.3719457e+01  -1.4300000e+02   5.8837176e+01   2.3476411e+01  -2.8000000e+01  -9.5593286e+00
   4.4754356e+01   6.4257628e+01  -1.4300000e+02   6.2685537e+01   2.4767180e+01  -2.8000000e+01  -1.4836080e+01
   4.6889152e+01   6.2747785e+01  -1.4300000e+02   6.5188785e+01   2.3628632e+01  -2.8000000e+01  -2.0244018e+01
   4.8614155e+01   6.2246809e+01  -1.4300000e+02   6.8552072e+01   2.4780387e+01  -2.8000000e+01  -2.5090108e+01
   4.9208153e+01   6.3232506e+01  -1.4300000e+02   7.0712850e+01   2.6682149e+01  -2.8000000e+01  -2.7557445e+01
   5.0191277e+01   6.5170792e+01  -1.4300000e+02   7.4284181e+01   2.8677986e+01  -2.8000000e+01  -3.1728478e+01
   5.1275694e+01   6.6792806e+01  -1.4300000e+02   7.7422858e+01   3.1167537e+01  -2.8000000e+01  -3.5654148e+01
   5.2087976e+01   6.7746025e+01  -1.4300000e+02   7.9126084e+01   3.2641718e+01  -2.8000000e+01  -3.8236884e+01
   5.2939904e+01   6.8768068e+01  -1.4300000e+02   8.1309690e+01   3.4963678e+01  -2.8000000e+01  -4.0826893e+01
   5.3527618e+01   6.7641554e+01  -1.4300000e+02   8.1460833e+01   3.5119166e+01  -2.8000000e+01  -4.1767701e+01
   5.4402833e+01   7.2237262e+01  -1.4300000e+02   8.0526353e+01   3.7254130e+01  -2.8000000e+01  -4.1011513e+01
   5.3539997e+01   6.8693947e+01  -1.4300000e+02   7.2866790e+01   3.0929059e+01  -2.8000000e+01  -3.8880414e+01
   5.1903640e+01   6.6167578e+01  -1.4300000e+02   6.3798818e+01   2.6043643e+01  -2.8000000e+01  -3.3180203e+01
   4.9167206e+01   6.6378027e+01  -1.4300000e+02   5.7072190e+01   2.5371521e+01  -2.8000000e+01  -2.4094075e+01
   4.5094438e+01   6.6122531e+01  -1.4300000e+02   5.0930183e+01   2.3441697e+01  -2.8000000e+01  -1.5449479e+01
   4.1653321e+01   6.7166829e+01  -1.4300000e+02   4.4552396e+01   2.1427575e+01  -2.8000000e+01  -6.9127153e+00
   4.0225700e+01   6.6042094e+01  -1.4300000e+02   3.8021867e+01   1.7047772e+01  -2.8000000e+01   6.3561759e-02
   3.5699209e+01   6.3987473e+01  -1.4300000e+02   3.3000168e+01   1.2997329e+01  -2.8000000e+01   8.4063218e+00
   3.2363574e+01   5.7363596e+01  -1.4300000e+02   2.6252702e+01   8.3041484e+00  -2.8000000e+01   1.5956940e+01
   2.9956542e+01   5.1702866e+01  -1.4300000e+02   1.9392475e+01   3.8306008e+00  -2.8000000e+01   2.3363348e+01
   2.8634431e+01   4.9041431e+01  -1.4300000e+02   1.3896806e+01   1.6487575e-01  -2.8000000e+01   3.0039144e+01
   2.6970514e+01   4.8226245e+01  -1.4300000e+02   9.2153366e+00  -1.0361058e+00  -2.8000000e+01   3.6741850e+01
   2.6509779e+01   4.9585558e+01  -1.4300000e+02   7.0737140e+00  -2.4223549e+00  -2.8000000e+01   4.0815709e+01
   2.7866303e+01   4.6607915e+01  -1.4300000e+02   4.8967699e+00  -4.2708183e+00  -2.8000000e+01   4.6670684e+01
   2.5484357e+01   4.1569375e+01  -1.4300000e+02   2.3978782e+00  -5.7305581e+00  -2.8000000e+01   4.9951933e+01
   2.3060337e+01   3.7694600e+01  -1.4300000e+02   2.2462829e+00  -4.4724625e+00  -2.8000000e+01   5.3783971e+01
   2.1771877e+01   3.6851837e+01  -1.4300000e+02   3.3106954e+00  -3.0862822e+00  -2.8000000e+01   5.2058572e+01
   2.2798106e+01   4.1722244e+01  -1.4300000e+02   8.0880625e+00  -3.7572655e-01  -2.8000000e+01   5.0235935e+01
   2.4069775e+01   4.4179911e+01  -1.4300000e+02   1.1412034e+01   1.3909816e+00  -2.8000000e+01   4.9065594e+01
   2.5672717e+01   4.6033890e+01  -1.4300000e+02   1.4529137e+01   2.7016338e+00  -2.8000000e+01   4.8160692e+01
   2.7034843e+01   4.5162384e+01  -1.4300000e+02   1.5236917e+01   3.1890609e+00  -2.8000000e+01   4.7263118e+01
   2.7025311e+01   4.7988525e+01  -1.4300000e+02   1.8451752e+01   4.6619485e+00  -2.8000000e+01   4.5225656e+01
