   4.0317513e+01   5.5965297e+01  -1.7205600e+02   6.8530423e+01   2.5081408e+01  -4.6472295e+01   9.1000170e+00
   3.8211609e+01   5.2982837e+01  -1.7196683e+02   5.9023256e+01   1.9069836e+01  -4.4653523e+01   1.5471382e+01
   3.6285200e+01   4.7589498e+01  -1.7079904e+02   4.8334078e+01   1.4069161e+01  -4.5137743e+01   2.3383927e+01
   3.4617460e+01   4.3772796e+01  -1.7123860e+02   4.3676302e+01   1.0662982e+01  -4.9036838e+01   3.0133413e+01
   3.4276385e+01   4.1056537e+01  -1.7116634e+02   4.0689315e+01   8.6296928e+00  -5.2062493e+01   3.6202283e+01
   3.5064143e+01   3.4877243e+01  -1.6743457e+02   2.7235639e+01   5.5567946e+00  -5.0235633e+01   4.1066915e+01
   3.2715528e+01   2.7371629e+01  -1.6343758e+02   1.4891832e+01   5.3433387e+00  -4.7971606e+01   4.5229721e+01
   2.8884943e+01   2.1652161e+01  -1.6261693e+02   5.2445894e+00   6.4972895e+00  -4.4284870e+01   4.8513945e+01
   2.7642703e+01   2.2104528e+01  -1.6403453e+02   2.6965790e+00   6.8920628e+00  -3.9762262e+01   5.4386622e+01
   2.4868188e+01   2.7404844e+01  -1.6561693e+02   5.4294631e+00   7.4787654e+00  -3.3599285e+01   5.6569533e+01
   2.6462202e+01   2.9236653e+01  -1.6382364e+02   6.8942293e+00   5.1345156e+00  -3.1014049e+01   5.6041552e+01
   2.6112287e+01   3.1460238e+01  -1.6297193e+02   9.5775915e+00   6.8435399e+00  -2.9476123e+01   5.5966031e+01
   2.7284660e+01   3.7555458e+01  -1.6436626e+02   1.6988001e+01   8.7475491e+00  -2.8899171e+01   5.3497751e+01
   2.8750385e+01   3.8575694e+01  -1.6332128e+02   1.8597743e+01   8.4471069e+00  -2.8094472e+01   4.9804667e+01
   3.0514918e+01   4.1369978e+01  -1.6338469e+02   2.8111443e+01   9.2630903e+00  -3.2952316e+01   4.6804839e+01
   3.3345471e+01   4.5277336e+01  -1.6440778e+02   3.3819799e+01   9.1077256e+00  -3.2103002e+01   4.3742141e+01
   3.4538052e+01   4.5555118e+01  -1.6221766e+02   3.5495066e+01   8.5830721e+00  -3.1907960e+01   3.8944384e+01
   3.3596706e+01   4.7345369e+01  -1.6112985e+02   3.7735232e+01   1.2404279e+01  -2.9847470e+01   3.4958224e+01
   3.4987624e+01   5.1952495e+01  -1.6132587e+02   4.4819828e+01   1.4775740e+01  -3.1107184e+01   3.1894274e+01
   3.5362849e+01   5.4231359e+01  -1.6071643e+02   4.2066927e+01   1.7294473e+01  -2.3448319e+01   2.6989305e+01
   3.6220758e+01   5.1190741e+01  -1.5920754e+02   4.4503593e+01   1.5625751e+01  -2.7449259e+01   2.4232406e+01
   3.7355751e+01   5.1462290e+01  -1.5847787e+02   4.4338811e+01   1.5683782e+01  -2.5196718e+01   1.9742918e+01
   4.1731710e+01   5.4665365e+01  -1.6063618e+02   5.8338811e+01   1.4557767e+01  -3.1875045e+01   1.4618149e+01
   4.2446223e+01   5.5669845e+01  -1.5818871e+02   5.7154159e+01   1.5815927e+01  -2.8683489e+01   8.7577767e+00
   4.2060497e+01   5.8127287e+01  -1.5573313e+02   5.5129848e+01   1.8767885e+01  -2.2939081e+01   1.9486415e+00
   4.2648137e+01   5.6498839e+01  -1.5241513e+02   5.8286021e+01   1.8747464e+01  -2.5888325e+01  -4.9724985e+00
   4.3657781e+01   5.6489418e+01  -1.5071855e+02   5.9684027e+01   1.9972322e+01  -2.4897629e+01  -1.0511173e+01
   4.5527128e+01   6.3485638e+01  -1.4943142e+02   7.2791364e+01   2.4584871e+01  -3.1191476e+01  -1.7324912e+01
   4.7591346e+01   6.6097335e+01  -1.4529646e+02   6.9534312e+01   2.7994142e+01  -2.5913938e+01  -2.3673712e+01
   4.9896946e+01   6.6044813e+01  -1.4148295e+02   6.5116014e+01   2.8540510e+01  -2.1838106e+01  -3.0414010e+01
   5.1874892e+01   6.9380485e+01  -1.3921986e+02   6.4924822e+01   3.1966989e+01  -1.7861970e+01  -3.6935933e+01
   5.2534122e+01   6.7905780e+01  -1.3686165e+02   6.1493305e+01   3.2680714e+01  -1.3553630e+01  -4.3161079e+01
   5.4867257e+01   7.3909249e+01  -1.3559001e+02   6.4276247e+01   3.9282203e+01  -1.3313590e+01  -4.6120742e+01
   6.0920152e+01   8.3368298e+01  -1.3286563e+02   6.6230159e+01   4.3889094e+01  -1.3222000e+01  -5.0180493e+01
   6.3086500e+01   8.5117614e+01  -1.3293209e+02   6.6398561e+01   4.6961285e+01  -1.2730897e+01  -5.0449267e+01
   6.4874565e+01   8.8598596e+01  -1.3083935e+02   6.4048108e+01   5.2044355e+01  -1.0781068e+01  -5.1778792e+01
   6.5269025e+01   9.0182147e+01  -1.3101389e+02   6.2899103e+01   5.3650303e+01  -9.9458986e+00  -5.1933268e+01
   6.3735432e+01   8.6709996e+01  -1.3486011e+02   6.2653429e+01   4.9675020e+01  -1.1789713e+01  -5.5117910e+01
   6.0652270e+01   7.6100033e+01  -1.4336955e+02   7.0236871e+01   4.0070473e+01  -2.2198073e+01  -5.2844737e+01
   5.6129881e+01   7.1215395e+01  -1.5026399e+02   7.0491758e+01   4.1497606e+01  -2.6127887e+01  -4.0467907e+01
   5.4395967e+01   6.4228248e+01  -1.5688607e+02   7.5048415e+01   3.3601872e+01  -3.5043294e+01  -3.0920702e+01
   5.0768321e+01   6.0950457e+01  -1.6204566e+02   7.1888880e+01   3.3468579e+01  -3.5259454e+01  -1.9655486e+01
   4.7906805e+01   5.6665504e+01  -1.6670823e+02   6.4592583e+01   3.0587361e+01  -3.4565204e+01  -7.3444055e+00
   4.5354332e+01   5.3510682e+01  -1.6882931e+02   6.3818316e+01   2.5855583e+01  -4.1248980e+01   1.5852927e+00
   4.3247033e+01   5.0574881e+01  -1.6784569e+02   6.2706901e+01   2.1502338e+01  -4.9292244e+01   6.6573149e+00
   4.0003112e+01   4.4526733e+01  -1.6396715e+02   5.1815556e+01   1.7411616e+01  -5.0373567e+01   1.5259445e+01
   3.7164606e+01   4.0026469e+01  -1.6444024e+02   4.6238994e+01   1.4729916e+01  -5.3025798e+01   2.2970715e+01
   3.5038995e+01   3.9763716e+01  -1.6731929e+02   4.5918737e+01   1.2479240e+01  -5.4142003e+01   2.9735173e+01
   3.1313728e+01   3.7502887e+01  -1.6742319e+02   4.7440154e+01   1.0796784e+01  -6.0678814e+01   3.4936080e+01
   2.7590174e+01   3.7514361e+01  -1.6905727e+02   3.3440154e+01   1.0856944e+01  -4.9109067e+01   4.0366913e+01
   2.4028876e+01   3.4673890e+01  -1.6975754e+02   1.9440154e+01   1.1740983e+01  -3.8860353e+01   4.7269686e+01
   2.2078182e+01   3.1954343e+01  -1.6796474e+02   1.3876670e+01   9.7166975e+00  -3.5342359e+01   5.1692478e+01
   2.4748743e+01   3.6276779e+01  -1.6690583e+02   2.4388814e+01   5.1043169e+00  -3.9180317e+01   5.2943286e+01
   2.4475604e+01   4.0284401e+01  -1.6618018e+02   2.5512371e+01   6.3314874e+00  -3.4255126e+01   5.4293115e+01
   2.3772357e+01   4.1284626e+01  -1.6491908e+02   2.4096412e+01   9.4570897e+00  -2.9761950e+01   5.1039668e+01
   2.5740968e+01   4.6680193e+01  -1.6560854e+02   3.0447612e+01   1.0536592e+01  -2.8748655e+01   4.8483133e+01
   2.6075690e+01   4.9549236e+01  -1.6592440e+02   3.7270695e+01   1.2542618e+01  -3.0185740e+01   4.6193462e+01
   2.5987970e+01   5.1690339e+01  -1.6432389e+02   4.0989372e+01   1.5380366e+01  -3.1135870e+01   4.2798170e+01
   2.9216084e+01   5.2074396e+01  -1.6358646e+02   4.7810275e+01   1.3859100e+01  -3.5901779e+01   3.8131760e+01
   3.2642538e+01   5.2404454e+01  -1.6424707e+02   4.7863981e+01   1.2244084e+01  -3.3036069e+01   3.4863470e+01
   3.3037018e+01   4.8813892e+01  -1.6056980e+02   4.6034105e+01   1.2793091e+01  -3.3311486e+01   3.1522705e+01
   3.3192079e+01   4.9320490e+01  -1.5964069e+02   4.4374935e+01   1.4949125e+01  -2.9149888e+01   2.7838918e+01
   3.3361106e+01   5.3915977e+01  -1.6038667e+02   4.6923474e+01   1.8273675e+01  -2.5050552e+01   2.4537345e+01
   3.5482202e+01   5.6246549e+01  -1.6016723e+02   4.9312037e+01   1.8395104e+01  -2.3116843e+01   1.9936956e+01
   3.4383879e+01   5.4008627e+01  -1.5555418e+02   4.7576633e+01   1.9834773e+01  -2.2987485e+01   1.4553022e+01
   3.5793886e+01   5.1128512e+01  -1.5474980e+02   4.6328505e+01   1.7450866e+01  -2.2472880e+01   9.8429821e+00
   3.8189509e+01   5.4444104e+01  -1.5535316e+02   5.7233426e+01   1.7860157e+01  -2.7895832e+01   4.5414959e+00
   4.0128629e+01   5.6128566e+01  -1.5459749e+02   6.0499408e+01   1.8231788e+01  -2.7672187e+01  -7.8550185e-01
   4.1174099e+01   6.0603650e+01  -1.5490790e+02   7.0025463e+01   2.1093562e+01  -3.0772991e+01  -6.4781715e+00
   4.2709797e+01   5.8603306e+01  -1.5336890e+02   7.0763549e+01   1.9994716e+01  -3.0540211e+01  -1.1745093e+01
   4.1885132e+01   5.5978206e+01  -1.4779882e+02   5.9159172e+01   2.1485051e+01  -2.0803065e+01  -1.8957379e+01
   4.4993748e+01   6.5279026e+01  -1.4561109e+02   6.6620731e+01   2.6725454e+01  -2.1004097e+01  -2.6197332e+01
   4.5550033e+01   6.5122790e+01  -1.4218402e+02   6.0922022e+01   2.8373526e+01  -1.5116629e+01  -3.2040089e+01
   4.6851885e+01   6.6900324e+01  -1.4159837e+02   6.3661775e+01   3.1362078e+01  -1.4502746e+01  -3.7505515e+01
   4.6602058e+01   6.6132441e+01  -1.3983808e+02   6.2109320e+01   3.3682548e+01  -1.2606892e+01  -4.1132391e+01
   4.5496892e+01   6.2444210e+01  -1.4011921e+02   5.9258009e+01   3.5426189e+01  -9.6568851e+00  -4.1755805e+01
   4.8360797e+01   6.4599576e+01  -1.3713423e+02   5.6331726e+01   3.6888074e+01  -7.3931188e+00  -4.4785627e+01
   5.1024668e+01   6.7356487e+01  -1.3633863e+02   5.5738866e+01   3.9042721e+01  -5.6546818e+00  -4.6510452e+01
   5.3387076e+01   7.0334689e+01  -1.3634401e+02   5.9064381e+01   4.1945731e+01  -6.4293176e+00  -4.8085670e+01
   5.5256210e+01   7.2253091e+01  -1.3537020e+02   5.9551495e+01   4.4352389e+01  -6.1294577e+00  -4.8787348e+01
   5.7757888e+01   7.5191355e+01  -1.3634282e+02   6.1374879e+01   4.4749594e+01  -8.2362580e+00  -4.9139414e+01
   5.7250051e+01   7.4876870e+01  -1.3901218e+02   5.9925042e+01   4.4852706e+01  -9.5094537e+00  -4.6520646e+01
   5.5659774e+01   7.0018650e+01  -1.4456648e+02   6.1395547e+01   4.1574643e+01  -1.4234658e+01  -4.0934246e+01
   5.3886195e+01   6.5466522e+01  -1.5108636e+02   6.2456201e+01   4.0020192e+01  -1.8979370e+01  -3.0152774e+01
   5.4091976e+01   5.7757977e+01  -1.5673167e+02   6.7913087e+01   3.3517023e+01  -3.1993091e+01  -1.8727061e+01
   5.2085069e+01   5.5349679e+01  -1.5816881e+02   5.9373566e+01   3.2228952e+01  -2.8980890e+01  -1.2990293e+01
   4.8879428e+01   5.5798908e+01  -1.6425856e+02   6.2590044e+01   3.0196635e+01  -3.3803876e+01  -7.8497688e+00
   4.4911271e+01   5.4001360e+01  -1.6718265e+02   6.2607076e+01   2.6755130e+01  -4.0896294e+01   3.1921825e+00
   4.2095027e+01   5.5597741e+01  -1.7204574e+02   6.7162829e+01   2.2746635e+01  -4.8047828e+01   1.0675854e+01
   4.1672877e+01   5.2600980e+01  -1.7277203e+02   5.6493289e+01   1.7397589e+01  -4.5138455e+01   1.9065652e+01
   3.8730733e+01   4.4906510e+01  -1.6987957e+02   4.5002725e+01   1.4219597e+01  -4.6417065e+01   2.6533676e+01
   3.6138933e+01   4.3585855e+01  -1.7102910e+02   4.1245976e+01   1.1982010e+01  -4.7352105e+01   3.3843013e+01
   3.4321622e+01   4.4050801e+01  -1.7233357e+02   3.8220302e+01   8.9918878e+00  -4.6090709e+01   3.8716151e+01
   3.1153236e+01   3.9836192e+01  -1.7077842e+02   2.4220302e+01   9.0263717e+00  -3.9796970e+01   4.2712924e+01
   2.8966217e+01   3.0445928e+01  -1.6645503e+02   1.0220302e+01   8.2794821e+00  -3.6845711e+01   4.8483622e+01
   2.6697421e+01   2.2416895e+01  -1.6278098e+02   1.7820112e+00   8.8201797e+00  -3.6628827e+01   5.2160504e+01
   2.4723551e+01   2.4002153e+01  -1.6389968e+02   2.6911180e+00   1.0453590e+01  -3.3192970e+01   5.5587391e+01
   2.6674633e+01   2.7975809e+01  -1.6285351e+02   5.4872928e+00   7.2701033e+00  -2.9828249e+01   5.5948138e+01
   2.5933411e+01   3.3767687e+01  -1.6369792e+02   1.2414645e+01   1.0587752e+01  -2.9407741e+01   5.2495572e+01
   2.8652429e+01   3.8566538e+01  -1.6378308e+02   1.9425458e+01   1.0124809e+01  -2.9476204e+01   4.9648068e+01
   3.0360170e+01   4.1731533e+01  -1.6394992e+02   3.0482027e+01   9.6805722e+00  -3.5735746e+01   4.6476147e+01
   3.2100701e+01   4.3002035e+01  -1.6358834e+02   2.8554017e+01   9.1861018e+00  -2.9201788e+01   4.3131828e+01
   3.3214982e+01   4.4427157e+01  -1.6257705e+02   3.0706960e+01   8.7724641e+00  -2.8080412e+01   3.8421259e+01
   3.4223109e+01   4.6585619e+01  -1.6228461e+02   3.9706172e+01   1.0668143e+01  -3.2834588e+01   3.4268031e+01
   3.3307035e+01   4.8836129e+01  -1.6050054e+02   4.0219666e+01   1.3812000e+01  -2.8603151e+01   2.8628098e+01
   3.3518836e+01   5.4337683e+01  -1.6014116e+02   4.3302185e+01   1.8383212e+01  -2.4181064e+01   2.4111231e+01
   3.4691488e+01   5.6647820e+01  -1.5936709e+02   4.6884758e+01   2.0023152e+01  -2.3548914e+01   1.9519497e+01
   3.8060498e+01   5.0597006e+01  -1.5860175e+02   4.6929970e+01   1.4761734e+01  -2.6164524e+01   1.7013742e+01
   3.8384352e+01   5.1208789e+01  -1.5689773e+02   5.2161477e+01   1.5684204e+01  -2.8741629e+01   9.8753866e+00
   4.0859367e+01   5.4828214e+01  -1.5681916e+02   5.6871088e+01   1.5746725e+01  -2.7537654e+01   3.6978223e+00
   4.0900906e+01   5.9592562e+01  -1.5533806e+02   6.0139068e+01   2.0118441e+01  -2.4355477e+01  -4.1443057e+00
   4.2178531e+01   6.0932604e+01  -1.5298715e+02   6.3495995e+01   2.1618265e+01  -2.4740253e+01  -9.2667253e+00
   4.2366820e+01   5.9519668e+01  -1.5027828e+02   5.9902198e+01   2.2940631e+01  -2.0191012e+01  -1.6245066e+01
   4.2912113e+01   5.9660711e+01  -1.4755040e+02   5.6653223e+01   2.4604570e+01  -1.5083734e+01  -2.3950201e+01
   4.5493737e+01   6.2506577e+01  -1.4550017e+02   6.1337764e+01   2.5237673e+01  -1.5564370e+01  -3.2329415e+01
   4.5974119e+01   6.4677968e+01  -1.4333160e+02   6.3685085e+01   3.0418895e+01  -1.4929560e+01  -3.6892565e+01
   4.5242574e+01   6.0339240e+01  -1.4018733e+02   5.8238314e+01   2.9861924e+01  -1.1493562e+01  -4.2984171e+01
   4.5408622e+01   6.5012500e+01  -1.3826360e+02   5.9849439e+01   3.7091773e+01  -9.7850201e+00  -4.5023367e+01
   4.8606157e+01   6.4207910e+01  -1.3872721e+02   6.0754261e+01   3.5343600e+01  -1.1035628e+01  -4.6343875e+01
   5.1647266e+01   6.6191054e+01  -1.3761357e+02   6.2259695e+01   3.6643067e+01  -1.1343874e+01  -4.9547879e+01
   5.3362030e+01   6.9169913e+01  -1.3500603e+02   6.0558531e+01   4.2064663e+01  -8.8928026e+00  -5.1493941e+01
   5.4397152e+01   6.9179271e+01  -1.3522484e+02   6.1165159e+01   4.2450622e+01  -8.8111287e+00  -5.2013635e+01
   5.4111939e+01   6.6417096e+01  -1.3597200e+02   5.7823537e+01   4.2528800e+01  -6.1818038e+00  -5.0847545e+01
   5.6368600e+01   6.8214496e+01  -1.3742719e+02   6.0645303e+01   4.0571966e+01  -1.0091601e+01  -4.9911154e+01
   5.7886494e+01   7.1507680e+01  -1.3980955e+02   6.2986173e+01   4.0331696e+01  -1.3285850e+01  -4.7716930e+01
   5.5868876e+01   6.5718179e+01  -1.4588867e+02   6.7247980e+01   3.7789177e+01  -2.1540794e+01  -3.7304707e+01
   5.5676425e+01   5.7028629e+01  -1.5146530e+02   7.1023047e+01   3.1084956e+01  -3.2499173e+01  -2.7831102e+01
   5.5137531e+01   5.3828251e+01  -1.5471733e+02   6.7823159e+01   2.8022620e+01  -3.5155246e+01  -2.1996063e+01
   5.2115494e+01   5.4734214e+01  -1.5747484e+02   6.2401584e+01   2.7748787e+01  -3.1847015e+01  -1.3707742e+01
   4.9423001e+01   5.2215999e+01  -1.6413592e+02   6.4865397e+01   2.5522106e+01  -3.8452603e+01  -2.5159692e+00
   4.6328904e+01   5.2004933e+01  -1.6637820e+02   5.7199672e+01   2.2957623e+01  -3.6889857e+01   4.4696665e+00
   4.3796356e+01   5.1233982e+01  -1.6739828e+02   6.0395632e+01   1.9380398e+01  -4.5420310e+01   9.6531846e+00
   4.0518971e+01   4.8489109e+01  -1.6771413e+02   4.6765625e+01   1.5484421e+01  -3.9230597e+01   1.7544948e+01
   3.7538806e+01   4.4417916e+01  -1.6712325e+02   3.9326077e+01   1.3400588e+01  -4.0211224e+01   2.3976658e+01
   3.4753319e+01   4.2829450e+01  -1.6918200e+02   3.6636446e+01   1.2945559e+01  -4.2502986e+01   3.1926281e+01
   3.3882900e+01   4.1512239e+01  -1.6995560e+02   2.7746217e+01   9.6694892e+00  -3.8089441e+01   3.7295458e+01
   3.2541255e+01   4.3070565e+01  -1.7275762e+02   2.5628969e+01   9.9204402e+00  -3.6864276e+01   4.3384613e+01
   3.1991518e+01   3.9606142e+01  -1.7153249e+02   2.1348324e+01   8.2601457e+00  -3.8783505e+01   4.8201999e+01
   2.9348601e+01   2.8835046e+01  -1.6593924e+02   1.0977247e+01   7.5225734e+00  -4.1745173e+01   5.1100402e+01
   2.6246437e+01   2.3236312e+01  -1.6559015e+02   4.5576239e+00   9.8432686e+00  -4.0272437e+01   5.4537336e+01
   2.5298705e+01   2.4815673e+01  -1.6565235e+02   3.4159624e+00   9.6913477e+00  -3.6523353e+01   5.7668366e+01
   2.5103832e+01   2.5928405e+01  -1.6384805e+02   3.5276529e+00   8.6799682e+00  -3.2612351e+01   5.7474330e+01
   2.5296585e+01   2.7857762e+01  -1.6345013e+02   4.9325415e+00   7.7194075e+00  -2.9365239e+01   5.7617521e+01
   2.6041351e+01   3.3355946e+01  -1.6386164e+02   1.4475266e+01   8.6263987e+00  -3.2774391e+01   5.5203949e+01
   2.6177395e+01   3.5958408e+01  -1.6383954e+02   1.7722161e+01   1.0558736e+01  -3.1074520e+01   5.2772310e+01
   3.0044348e+01   4.0050601e+01  -1.6484184e+02   2.3077490e+01   7.8263574e+00  -3.1713613e+01   5.0838914e+01
   3.1660677e+01   3.8594186e+01  -1.6305386e+02   2.0749472e+01   5.7421760e+00  -3.0197318e+01   4.8253860e+01
   3.3183345e+01   4.1386688e+01  -1.6319091e+02   2.6109294e+01   5.7121904e+00  -3.1039116e+01   4.5834068e+01
   3.3507093e+01   4.2251751e+01  -1.6288136e+02   3.2790773e+01   7.4905781e+00  -3.4342122e+01   4.3951188e+01
   3.2940870e+01   4.3675377e+01  -1.6094367e+02   3.0919290e+01   9.1550971e+00  -2.9733307e+01   3.9161108e+01
   3.1783707e+01   5.0089408e+01  -1.6176248e+02   3.8282565e+01   1.4557437e+01  -2.8811656e+01   3.5893487e+01
   3.1657226e+01   5.3934046e+01  -1.6220478e+02   4.2824845e+01   1.8952535e+01  -2.8274319e+01   3.4408163e+01
   3.5968020e+01   5.1662313e+01  -1.6217299e+02   4.9121614e+01   1.3803355e+01  -3.4037588e+01   3.0537116e+01
   3.7575017e+01   5.1722630e+01  -1.6109388e+02   5.7391671e+01   1.2793064e+01  -4.0495674e+01   2.5922702e+01
   3.7603178e+01   5.0655322e+01  -1.5988707e+02   4.9658976e+01   1.3584376e+01  -3.1887494e+01   2.2478624e+01
   3.9207714e+01   4.9151102e+01  -1.5843408e+02   4.4784150e+01   1.3119531e+01  -2.5464969e+01   1.8491169e+01
   4.2147876e+01   5.0280093e+01  -1.5802644e+02   5.2835493e+01   1.1486225e+01  -3.0156854e+01   1.3802483e+01
   4.1732120e+01   5.5399567e+01  -1.5845924e+02   5.3603778e+01   1.5891881e+01  -2.4402339e+01   9.7066510e+00
   4.3024544e+01   5.4878941e+01  -1.5574318e+02   5.1207666e+01   1.5381652e+01  -2.1002346e+01   4.2634748e+00
   4.1826071e+01   5.5518865e+01  -1.5184871e+02   4.7014934e+01   1.9128372e+01  -1.6319963e+01  -1.6878658e+00
   4.2348176e+01   5.5988189e+01  -1.5135549e+02   4.8724860e+01   2.0909557e+01  -1.5822005e+01  -4.3015299e+00
   4.2751166e+01   5.6497813e+01  -1.4921376e+02   4.7860284e+01   2.2487049e+01  -1.3611026e+01  -8.9509427e+00
   4.3992559e+01   5.9651286e+01  -1.4901747e+02   5.5620198e+01   2.4684480e+01  -1.7227504e+01  -1.3036719e+01
   4.5012441e+01   6.2543502e+01  -1.4867897e+02   6.0459416e+01   2.6317180e+01  -1.8962253e+01  -1.7209084e+01
   4.5841363e+01   6.3576888e+01  -1.4662555e+02   6.0919436e+01   2.7587317e+01  -1.7990465e+01  -2.1638074e+01
   4.7670946e+01   6.4024895e+01  -1.4414918e+02   6.1691061e+01   2.7541503e+01  -1.7804568e+01  -2.6918384e+01
   4.7958465e+01   5.9772142e+01  -1.4270978e+02   5.5920774e+01   2.4535333e+01  -1.3872231e+01  -3.0346793e+01
   4.7752637e+01   6.0825834e+01  -1.4089715e+02   5.5947819e+01   2.6869259e+01  -1.3165709e+01  -3.3197770e+01
   4.7620602e+01   6.0482176e+01  -1.4033592e+02   5.5229314e+01   2.8490984e+01  -1.1754853e+01  -3.5133471e+01
   4.6347472e+01   5.7382422e+01  -1.3893874e+02   4.9520949e+01   2.8621890e+01  -7.7247339e+00  -3.7207760e+01
   4.7496365e+01   5.9073872e+01  -1.3911356e+02   5.3277785e+01   2.8743359e+01  -9.7116806e+00  -3.9679260e+01
   4.8698797e+01   6.1519386e+01  -1.4104074e+02   5.8931077e+01   2.9956575e+01  -1.2313589e+01  -4.0415678e+01
   4.9605443e+01   6.3519118e+01  -1.4078054e+02   6.2222569e+01   3.1050031e+01  -1.3756860e+01  -4.2846443e+01
   4.9933996e+01   6.3838342e+01  -1.3949558e+02   6.0277911e+01   3.1435423e+01  -1.1451251e+01  -4.6168872e+01
   5.0015960e+01   6.3573889e+01  -1.3854232e+02   6.0111751e+01   3.1806971e+01  -1.1370166e+01  -4.8113807e+01
   4.8765827e+01   6.0335023e+01  -1.3907833e+02   5.8403624e+01   3.2197201e+01  -1.0246157e+01  -4.8456894e+01
   4.8477478e+01   6.0716785e+01  -1.3956422e+02   6.0349640e+01   3.5554954e+01  -1.0974653e+01  -4.7865878e+01
   5.0302722e+01   6.3258518e+01  -1.3840772e+02   6.1495111e+01   3.8300000e+01  -1.0852615e+01  -4.9083986e+01
   5.3268594e+01   6.8167507e+01  -1.3699939e+02   6.4341727e+01   4.0750932e+01  -1.1604286e+01  -5.1186210e+01
   5.4084333e+01   6.7388774e+01  -1.3625765e+02   6.3515845e+01   4.0952685e+01  -1.1271845e+01  -5.1855772e+01
   5.4810850e+01   6.6816110e+01  -1.3936109e+02   6.7451822e+01   4.0616437e+01  -1.4972098e+01  -5.0938084e+01
   5.4082714e+01   6.5048648e+01  -1.4012048e+02   6.0131107e+01   3.8705281e+01  -1.0917197e+01  -5.2627767e+01
   5.2404918e+01   5.9469062e+01  -1.4350201e+02   6.0774464e+01   3.4449193e+01  -1.6079334e+01  -4.9455525e+01
   5.0221961e+01   5.7490307e+01  -1.4686094e+02   5.5888514e+01   3.2334308e+01  -1.5248952e+01  -4.2705215e+01
   4.7375837e+01   5.2214974e+01  -1.5249459e+02   5.5686180e+01   2.8713753e+01  -2.1908684e+01  -2.9979962e+01
   4.5209488e+01   5.5068744e+01  -1.5779755e+02   5.9040429e+01   2.9467823e+01  -2.6182211e+01  -2.2433313e+01
   4.4778656e+01   5.2360435e+01  -1.6189229e+02   5.7796676e+01   2.4154749e+01  -3.0861088e+01  -1.2179440e+01
   4.3618420e+01   5.3836024e+01  -1.6582249e+02   5.7939728e+01   2.1751506e+01  -3.2215489e+01  -4.3849345e+00
   4.0508929e+01   5.4876273e+01  -1.6867122e+02   6.3066731e+01   2.0099503e+01  -3.9847700e+01   4.6528778e+00
   3.8168378e+01   5.4326981e+01  -1.7040697e+02   6.0297399e+01   1.7695551e+01  -4.0587138e+01   1.1717708e+01
   3.5717730e+01   5.5166335e+01  -1.7084232e+02   5.6710192e+01   1.5927281e+01  -3.9173405e+01   1.7978763e+01
   3.3850436e+01   5.4084845e+01  -1.7091177e+02   4.9284100e+01   1.5222280e+01  -3.6675470e+01   2.4578656e+01
   3.2133353e+01   5.3841884e+01  -1.7210821e+02   4.8356732e+01   1.5566270e+01  -4.0185613e+01   3.1159156e+01
   3.1370791e+01   5.2281469e+01  -1.7272953e+02   4.4885584e+01   1.5675681e+01  -4.1027032e+01   3.6485404e+01
   3.0171776e+01   4.9207934e+01  -1.7287304e+02   3.8732289e+01   1.5970463e+01  -3.9815869e+01   4.0242031e+01
   3.0866306e+01   4.6433442e+01  -1.7143909e+02   2.9121999e+01   1.3185563e+01  -3.3381943e+01   4.3441858e+01
   2.9572812e+01   4.8475336e+01  -1.7112249e+02   3.6675774e+01   1.5163752e+01  -3.7382945e+01   5.0354434e+01
   2.9947278e+01   4.7275379e+01  -1.6887656e+02   3.5653796e+01   1.3200237e+01  -3.7766733e+01   4.9660851e+01
   3.0048739e+01   4.5134252e+01  -1.6706176e+02   3.2324063e+01   1.2491168e+01  -3.6776612e+01   4.9135891e+01
   3.0603699e+01   4.4574048e+01  -1.6643756e+02   3.3196106e+01   1.2063319e+01  -3.7461461e+01   4.8884131e+01
   3.1767478e+01   4.3618741e+01  -1.6528258e+02   3.3165868e+01   1.0435343e+01  -3.7648193e+01   4.7171909e+01
   3.2773283e+01   4.3503062e+01  -1.6420407e+02   3.3786796e+01   9.4008983e+00  -3.7418736e+01   4.4635545e+01
   3.3897068e+01   4.4213519e+01  -1.6330088e+02   3.6273787e+01   8.8678279e+00  -3.7660891e+01   4.1829936e+01
   3.3782116e+01   4.3427986e+01  -1.6202353e+02   3.5738844e+01   9.8731383e+00  -3.5599302e+01   3.9670354e+01
   3.3866915e+01   4.5754884e+01  -1.6150922e+02   3.9509975e+01   1.1931528e+01  -3.5568117e+01   3.6365723e+01
   3.4186653e+01   4.7392246e+01  -1.6132884e+02   4.2486552e+01   1.3734333e+01  -3.4692477e+01   3.3771278e+01
   3.4912572e+01   4.6406615e+01  -1.5915693e+02   4.1602880e+01   1.3477678e+01  -3.3636684e+01   2.9402794e+01
   3.4664832e+01   4.5988123e+01  -1.5870702e+02   3.7400255e+01   1.4888707e+01  -2.7044498e+01   2.5514247e+01
   3.5470211e+01   4.7117218e+01  -1.5825774e+02   3.6345759e+01   1.5031921e+01  -2.3301777e+01   2.0916986e+01
   3.7578398e+01   4.8541591e+01  -1.5907920e+02   4.2002210e+01   1.4477423e+01  -2.5019129e+01   1.7562852e+01
   3.9377706e+01   5.0547891e+01  -1.5870849e+02   4.9401455e+01   1.5037868e+01  -2.8926033e+01   1.4699303e+01
   3.9597642e+01   5.0984450e+01  -1.5725884e+02   5.2604810e+01   1.6073355e+01  -3.0316709e+01   1.0660988e+01
   4.0165913e+01   4.9617764e+01  -1.5422128e+02   4.5907720e+01   1.6132455e+01  -2.3643558e+01   4.6556022e+00
   4.0023411e+01   5.3255095e+01  -1.5451442e+02   5.4168039e+01   1.9743122e+01  -2.6280636e+01  -4.2392056e-04
   4.2367513e+01   5.6415218e+01  -1.5508970e+02   6.1367353e+01   2.0077379e+01  -2.7683306e+01  -5.2598922e+00
   4.3712242e+01   5.9295532e+01  -1.5220694e+02   6.3276027e+01   2.1616121e+01  -2.6278244e+01  -1.2416267e+01
   4.4345796e+01   6.2284357e+01  -1.4967940e+02   6.7232461e+01   2.4930980e+01  -2.6546730e+01  -1.8501466e+01
   4.6588725e+01   6.0898812e+01  -1.4617441e+02   6.9197499e+01   2.2885722e+01  -2.7162703e+01  -2.9255970e+01
   4.6248410e+01   6.4288314e+01  -1.4274474e+02   6.3455509e+01   2.9147640e+01  -1.8478343e+01  -3.5637074e+01
   4.7879883e+01   6.5797408e+01  -1.4188722e+02   6.6287276e+01   3.2006534e+01  -1.8245614e+01  -3.9684160e+01
   4.6712666e+01   6.4703785e+01  -1.3902012e+02   6.1715120e+01   3.4776340e+01  -1.3827450e+01  -4.3406374e+01
   4.9013702e+01   6.1176446e+01  -1.3871725e+02   5.8862962e+01   3.3219661e+01  -1.2254134e+01  -4.4943704e+01
   5.1681398e+01   6.5751185e+01  -1.3680278e+02   5.9570475e+01   3.7545104e+01  -1.1200674e+01  -4.7790547e+01
   5.7788805e+01   7.7476542e+01  -1.3315388e+02   6.4301066e+01   4.4551927e+01  -1.2624746e+01  -5.2974760e+01
   6.3022674e+01   8.3791236e+01  -1.3121171e+02   6.5798743e+01   4.6630918e+01  -1.2663048e+01  -5.7332653e+01
   6.4487077e+01   8.5156073e+01  -1.3052431e+02   6.6936709e+01   4.9568604e+01  -1.3387674e+01  -5.7763004e+01
   6.4805579e+01   8.6556141e+01  -1.3060791e+02   6.7303810e+01   5.2485563e+01  -1.3129608e+01  -5.7282204e+01
   6.4807024e+01   8.6571434e+01  -1.3160166e+02   6.8856634e+01   5.0525688e+01  -1.4761256e+01  -5.9164346e+01
   6.3079684e+01   8.4183537e+01  -1.3310483e+02   6.3332215e+01   3.6525688e+01  -1.3024717e+01  -6.4556370e+01
   5.8767427e+01   7.6925949e+01  -1.3990494e+02   6.5515491e+01   4.1642070e+01  -1.8085445e+01  -5.6594247e+01
   5.5870669e+01   6.7090045e+01  -1.4853408e+02   7.2536534e+01   3.5710200e+01  -3.0054127e+01  -4.2848197e+01
   5.3690735e+01   6.6352093e+01  -1.5405733e+02   7.1798209e+01   3.6216954e+01  -3.2006059e+01  -3.2294542e+01
   5.0851144e+01   6.1112888e+01  -1.5794309e+02   6.6988843e+01   3.2422350e+01  -3.2206236e+01  -2.1774193e+01
   4.7719647e+01   5.5033608e+01  -1.6207363e+02   5.7685249e+01   2.9458202e+01  -2.9778983e+01  -7.7741930e+00
   4.4781469e+01   5.4172484e+01  -1.6513181e+02   5.7271601e+01   2.5938479e+01  -3.3586633e+01   1.0560566e+00
   4.2183618e+01   5.0002053e+01  -1.6571242e+02   5.6709585e+01   2.0944619e+01  -4.1959886e+01   8.0695448e+00
   3.7952875e+01   4.3095284e+01  -1.6416392e+02   4.3016239e+01   1.7095156e+01  -3.9855871e+01   1.6484151e+01
   3.6013647e+01   3.9567123e+01  -1.6474689e+02   3.8248874e+01   1.2487395e+01  -4.3876126e+01   2.2803746e+01
   3.2516300e+01   3.8012835e+01  -1.6612529e+02   3.5100263e+01   1.1940824e+01  -4.5467848e+01   2.9111513e+01
   3.0398366e+01   4.0400004e+01  -1.6930516e+02   3.5757016e+01   1.1402190e+01  -4.6572168e+01   3.4908836e+01
   2.9515078e+01   3.4605081e+01  -1.6732324e+02   2.1757016e+01   9.2407498e+00  -4.1072867e+01   4.0892402e+01
   2.7677203e+01   3.3008815e+01  -1.6835418e+02   1.1976543e+01   1.1045291e+01  -3.4272627e+01   4.5603414e+01
   2.7558756e+01   3.0878635e+01  -1.6807736e+02   8.7471241e+00   1.1030818e+01  -3.4504486e+01   5.0227940e+01
   2.6482298e+01   2.5833819e+01  -1.6566392e+02   5.4376758e+00   1.0208286e+01  -3.5972838e+01   5.3892049e+01
   2.5336360e+01   2.5954823e+01  -1.6560686e+02   5.4895274e+00   9.0995556e+00  -3.4777718e+01   5.5766993e+01
   2.4665620e+01   2.9277201e+01  -1.6520389e+02   1.0086523e+01   1.0253549e+01  -3.4805677e+01   5.7191765e+01
   2.5330141e+01   3.1537996e+01  -1.6417197e+02   1.0101935e+01   1.0823894e+01  -3.1137413e+01   5.6590878e+01
   2.7840099e+01   3.4782109e+01  -1.6366555e+02   1.2655383e+01   1.0309249e+01  -2.8936495e+01   5.4303460e+01
   2.9512828e+01   3.6753031e+01  -1.6299697e+02   1.5016216e+01   1.0315771e+01  -2.7524996e+01   5.2459809e+01
   3.0986015e+01   3.6750755e+01  -1.6170105e+02   1.8301579e+01   1.0125208e+01  -3.0057760e+01   4.9153163e+01
   3.2010929e+01   4.3168982e+01  -1.6326277e+02   3.0976948e+01   1.2248200e+01  -3.4235689e+01   4.5405457e+01
   3.2657024e+01   4.5113239e+01  -1.6225334e+02   3.5202797e+01   1.3213796e+01  -3.4166046e+01   4.2271537e+01
   3.2092009e+01   5.0761769e+01  -1.6301736e+02   3.7249032e+01   1.6905391e+01  -2.8568965e+01   3.7162625e+01
   3.5410150e+01   5.3062114e+01  -1.6448065e+02   4.6311709e+01   1.5968589e+01  -3.2750195e+01   3.4749729e+01
   3.7094835e+01   5.2385813e+01  -1.6362540e+02   5.1135911e+01   1.3668387e+01  -3.6670779e+01   3.0537893e+01
   3.8023312e+01   4.9133580e+01  -1.6171794e+02   4.8521219e+01   1.2873308e+01  -3.4914935e+01   2.8400971e+01
   3.9874066e+01   5.0471919e+01  -1.6189756e+02   5.0097710e+01   1.2085614e+01  -3.2603666e+01   2.3581202e+01
   4.1304839e+01   5.3874520e+01  -1.6323148e+02   5.3160591e+01   1.3069364e+01  -2.9659455e+01   1.9962323e+01
   4.1003740e+01   5.5267039e+01  -1.6174864e+02   5.0410814e+01   1.6465025e+01  -2.3204691e+01   1.5795502e+01
   4.1442364e+01   5.2353217e+01  -1.5744993e+02   4.6980534e+01   1.6758564e+01  -2.1810059e+01   1.0329392e+01
   4.1949731e+01   5.3464913e+01  -1.5578037e+02   4.7707318e+01   1.7671864e+01  -2.0348568e+01   4.8185143e+00
   4.2003224e+01   5.3994701e+01  -1.5306842e+02   4.5146555e+01   1.9307608e+01  -1.5975184e+01  -5.9126716e-01
   4.3162078e+01   5.6178207e+01  -1.5222583e+02   5.0298819e+01   2.0735773e+01  -1.7201277e+01  -5.8517062e+00
   4.3136870e+01   5.8284484e+01  -1.4975758e+02   5.3530240e+01   2.3537867e+01  -1.7947930e+01  -1.0411008e+01
   4.3727883e+01   5.8847699e+01  -1.4785499e+02   5.6224677e+01   2.5123807e+01  -1.8595502e+01  -1.5656094e+01
   4.5482945e+01   5.7105760e+01  -1.4604938e+02   5.6353030e+01   2.3590456e+01  -1.8057820e+01  -2.1108284e+01
   4.6357065e+01   5.7427775e+01  -1.4241597e+02   5.3344745e+01   2.5729197e+01  -1.3891905e+01  -2.6749204e+01
   4.5794636e+01   5.7731252e+01  -1.3980980e+02   4.7679825e+01   2.8515663e+01  -7.9107353e+00  -3.0020284e+01
   4.7163795e+01   6.0378434e+01  -1.4021193e+02   5.2866858e+01   3.1034456e+01  -8.7862119e+00  -3.4307835e+01
   4.8682294e+01   6.3137228e+01  -1.3949870e+02   5.7786466e+01   3.3429603e+01  -1.1092708e+01  -3.7872208e+01
   4.9312099e+01   6.3018964e+01  -1.4036073e+02   6.0016182e+01   3.4272077e+01  -1.1653826e+01  -3.9781518e+01
   5.0404129e+01   6.5639317e+01  -1.3813196e+02   5.9882775e+01   3.7514554e+01  -1.0387315e+01  -4.3020762e+01
   5.1452621e+01   6.4424144e+01  -1.3925967e+02   6.3714368e+01   3.5713654e+01  -1.4084380e+01  -4.2792992e+01
   5.2939191e+01   6.9878506e+01  -1.4137069e+02   6.9280168e+01   3.8350620e+01  -1.8362776e+01  -4.1537099e+01
   5.1699763e+01   6.1641420e+01  -1.4593840e+02   6.6165458e+01   2.9179570e+01  -2.2243131e+01  -3.6740410e+01
   5.0210210e+01   5.4639799e+01  -1.5131023e+02   6.1225309e+01   2.5363509e+01  -2.5117083e+01  -2.7439631e+01
   4.8060252e+01   5.4886401e+01  -1.5488204e+02   5.8038800e+01   2.6860128e+01  -2.5584784e+01  -1.6651866e+01
   4.5925554e+01   5.4397828e+01  -1.5895532e+02   5.7383874e+01   2.4950734e+01  -2.8428000e+01  -7.9206001e+00
   4.4010955e+01   5.3999564e+01  -1.6375914e+02   5.4131911e+01   2.3443098e+01  -2.9570362e+01   1.6805134e+00
   4.3263870e+01   5.2704358e+01  -1.6686749e+02   5.9774165e+01   2.0997897e+01  -4.1101341e+01   8.4345294e+00
   3.9600515e+01   5.0556996e+01  -1.6778642e+02   4.7251879e+01   1.8061384e+01  -3.5300314e+01   1.6420811e+01
   3.6722389e+01   4.2836225e+01  -1.6421443e+02   3.7017341e+01   1.4423477e+01  -3.8373143e+01   2.1933593e+01
   3.4460323e+01   3.9671458e+01  -1.6471523e+02   3.2263633e+01   1.2290342e+01  -4.0268363e+01   2.8595597e+01
   3.3402847e+01   3.9839819e+01  -1.6763264e+02   3.1677841e+01   1.1410667e+01  -4.1992102e+01   3.4971718e+01
   3.1055221e+01   4.0300395e+01  -1.6962651e+02   2.7000883e+01   1.3875229e+01  -4.0116178e+01   4.1460207e+01
   2.9576241e+01   3.9742833e+01  -1.7128715e+02   2.3013325e+01   1.4045319e+01  -3.8329946e+01   4.3760229e+01
   2.9653501e+01   3.5559960e+01  -1.6917308e+02   1.9105244e+01   1.1068754e+01  -3.9479666e+01   4.9495340e+01
   2.6281621e+01   3.1376168e+01  -1.6706258e+02   6.2890529e+00   1.0084502e+01  -2.9810500e+01   5.1209496e+01
   2.4106043e+01   3.1471134e+01  -1.6565512e+02   9.4511853e+00   1.0827878e+01  -3.0612587e+01   5.5364703e+01
   2.4839528e+01   3.4097183e+01  -1.6448328e+02   1.2939118e+01   9.0755410e+00  -3.0098373e+01   5.2868070e+01
   2.7550058e+01   4.0132742e+01  -1.6551586e+02   2.1986902e+01   8.3360814e+00  -3.0546316e+01   5.1051528e+01
   2.8684132e+01   4.1013289e+01  -1.6497830e+02   2.4656054e+01   7.7387687e+00  -3.1660065e+01   5.0001149e+01
   2.9881740e+01   4.2438898e+01  -1.6492779e+02   3.4683407e+01   8.2407294e+00  -3.9298198e+01   4.9524876e+01
   3.0906989e+01   4.0422997e+01  -1.6271226e+02   2.9134384e+01   7.4347406e+00  -3.5102528e+01   4.8480804e+01
   3.0788120e+01   4.4207307e+01  -1.6384113e+02   3.5909095e+01   9.2481161e+00  -3.6052669e+01   4.6249531e+01
