   4.0317491e+01   5.5962850e+01  -1.7205915e+02   6.8530975e+01   2.5079622e+01  -4.6480282e+01   9.1070994e+00
   3.8656559e+01   4.1962850e+01  -1.7377544e+02   5.7594030e+01   1.9634130e+01  -3.2480285e+01   1.4739215e+01
   4.4459371e+01   2.7962930e+01  -1.8693762e+02   4.5056940e+01   2.1241087e+01  -1.8490636e+01   1.5348944e+01
   5.0262182e+01   1.3963010e+01  -2.0009979e+02   3.2519850e+01   2.2848043e+01  -4.5009860e+00   1.5958673e+01
   5.6064994e+01  -3.6910486e-02  -2.1326197e+02   1.9982760e+01   2.4454999e+01   9.4886637e+00   1.6568402e+01
   6.1867806e+01  -1.4036831e+01  -2.2642415e+02   7.4456706e+00   2.6061955e+01   2.3478313e+01   1.7178131e+01
   7.0963737e+01  -2.8036830e+01  -2.2299241e+02   2.9543612e+00   3.0241285e+01   9.4835920e+00   2.7560763e+01
   7.7882666e+01  -4.2036561e+01  -2.1454725e+02   2.0627728e+00   3.5003054e+01  -4.5160714e+00   3.8097768e+01
   8.4749771e+01  -5.6036118e+01  -2.0622534e+02   1.1665222e+00   3.9749322e+01  -1.8515857e+01   4.8573398e+01
   9.1580185e+01  -4.3000000e+01  -1.9796119e+02   2.6853847e-01   4.4474841e+01  -2.8000003e+01   5.9002644e+01
   8.2616906e+01  -4.3000000e+01  -2.0590125e+02   1.6281218e+00   3.9248926e+01  -2.8000000e+01   5.9067953e+01
   7.8409408e+01  -4.3000000e+01  -2.0568165e+02   3.7004934e+00   3.5763453e+01  -2.8000000e+01   5.7847672e+01
   7.8934879e+01  -4.3000000e+01  -2.0503153e+02   6.3202095e+00   3.2679184e+01  -2.8000000e+01   5.5709095e+01
   8.0122317e+01  -4.3000000e+01  -2.0352415e+02   9.5097032e+00   2.9775749e+01  -2.8000000e+01   5.2896389e+01
   8.2207103e+01  -4.3000000e+01  -2.0522943e+02   1.4539716e+01   2.6032371e+01  -2.8000000e+01   5.0259469e+01
   8.5372706e+01  -4.3000000e+01  -2.0538628e+02   2.0235997e+01   2.1616435e+01  -2.8000000e+01   4.6996232e+01
   8.7430085e+01  -4.3000000e+01  -2.0564515e+02   2.6171102e+01   1.6709809e+01  -2.8000000e+01   4.3130352e+01
   9.0017067e+01  -4.3000000e+01  -2.0583381e+02   3.2245535e+01   1.2015978e+01  -2.8000000e+01   3.8934023e+01
   9.2338475e+01  -4.3000000e+01  -2.0851278e+02   3.8572938e+01   6.5760581e+00  -2.8000000e+01   3.5175789e+01
   9.5351749e+01  -4.3000000e+01  -2.0935786e+02   4.5039283e+01   7.6310204e-01  -2.8000000e+01   3.0469075e+01
   9.6319389e+01  -4.3000000e+01  -2.1169901e+02   5.1432945e+01  -3.3688152e+00  -2.8000000e+01   2.6810066e+01
   9.8258180e+01  -4.3000000e+01  -2.1249294e+02   5.7498478e+01  -7.1729049e+00  -2.8000000e+01   2.2033504e+01
   9.7392764e+01  -4.3000000e+01  -2.1446193e+02   6.4100215e+01  -9.6324527e+00  -2.8000000e+01   1.6881364e+01
   9.7135617e+01  -4.3000000e+01  -2.1610207e+02   6.9810305e+01  -1.2166632e+01  -2.8000000e+01   1.0939739e+01
   9.8359519e+01  -4.3000000e+01  -2.1718901e+02   7.5491067e+01  -1.5095172e+01  -2.8000000e+01   4.5341719e+00
   9.6879444e+01  -4.3000000e+01  -2.1895808e+02   8.1264357e+01  -1.6200563e+01  -2.8000000e+01  -2.0461589e+00
   9.5503749e+01  -4.3000000e+01  -2.2037565e+02   8.6964246e+01  -1.6916423e+01  -2.8000000e+01  -8.0900896e+00
   9.3832944e+01  -4.3000000e+01  -2.2316069e+02   9.3416943e+01  -1.6710276e+01  -2.8000000e+01  -1.4282387e+01
   9.2433102e+01  -4.3000000e+01  -2.2431488e+02   9.9557176e+01  -1.8125254e+01  -2.8000000e+01  -2.0697925e+01
   9.0832046e+01  -4.3000000e+01  -2.2508480e+02   1.0540790e+02  -1.9285452e+01  -2.8000000e+01  -2.7519324e+01
   8.9032595e+01  -4.3000000e+01  -2.2714179e+02   1.1075442e+02  -2.0297978e+01  -2.8000000e+01  -3.4238522e+01
   8.7000143e+01  -4.3000000e+01  -2.2900157e+02   1.1553693e+02  -2.0712425e+01  -2.8000000e+01  -4.1149593e+01
   8.6675322e+01  -4.3000000e+01  -2.3071395e+02   1.2073945e+02  -2.2549287e+01  -2.8000000e+01  -4.6727032e+01
   8.5473421e+01  -4.3000000e+01  -2.3204796e+02   1.2608568e+02  -2.5121868e+01  -2.8000000e+01  -5.1871321e+01
   8.4171382e+01  -4.3000000e+01  -2.3328691e+02   1.3087035e+02  -2.8244431e+01  -2.8000000e+01  -5.5790938e+01
   8.3695867e+01  -4.3000000e+01  -2.3513774e+02   1.3526413e+02  -3.1612441e+01  -2.8000000e+01  -5.8615163e+01
   8.4525733e+01  -4.3000000e+01  -2.3600842e+02   1.3852042e+02  -3.5199504e+01  -2.8000000e+01  -6.0979403e+01
   8.7841337e+01  -4.3000000e+01  -2.3488978e+02   1.4293020e+02  -3.4514449e+01  -2.8000000e+01  -6.5838736e+01
   9.0698156e+01  -4.3000000e+01  -2.3221856e+02   1.4551922e+02  -3.0948979e+01  -2.8000000e+01  -7.1777677e+01
   9.4953916e+01  -4.3000000e+01  -2.3215229e+02   1.4743780e+02  -2.8816152e+01  -2.8000000e+01  -7.2274515e+01
   9.7828034e+01  -4.3000000e+01  -2.3225381e+02   1.4708017e+02  -2.6746775e+01  -2.8000000e+01  -7.2992391e+01
   1.0225892e+02  -4.3000000e+01  -2.3400724e+02   1.4607472e+02  -2.4859211e+01  -2.8000000e+01  -6.9168701e+01
   1.0733704e+02  -4.3000000e+01  -2.3692398e+02   1.4421516e+02  -2.3145032e+01  -2.8000000e+01  -6.2557652e+01
   1.1033309e+02  -4.3000000e+01  -2.3925122e+02   1.4028712e+02  -2.0583326e+01  -2.8000000e+01  -5.5590590e+01
   1.1298864e+02  -4.3000000e+01  -2.4170837e+02   1.3578629e+02  -1.6944879e+01  -2.8000000e+01  -4.7618433e+01
   1.1494695e+02  -4.3000000e+01  -2.4552371e+02   1.3150899e+02  -1.4061088e+01  -2.8000000e+01  -3.8156404e+01
   1.1577697e+02  -4.3000000e+01  -2.4935141e+02   1.2728059e+02  -1.1465330e+01  -2.8000000e+01  -2.8188707e+01
   1.1206803e+02  -4.3000000e+01  -2.5010868e+02   1.2127548e+02  -6.0185884e+00  -2.8000000e+01  -1.8086860e+01
   1.0560891e+02  -4.3000000e+01  -2.5053072e+02   1.1467364e+02   1.2289542e+00  -2.8000000e+01  -7.7660533e+00
   1.0383176e+02  -4.3000000e+01  -2.5240819e+02   1.0834064e+02   7.6316983e+00  -2.8000000e+01   2.9324181e+00
   1.0089957e+02  -4.3000000e+01  -2.5393773e+02   1.0296577e+02   1.2303844e+01  -2.8000000e+01   1.3853674e+01
   1.0020494e+02  -4.3000000e+01  -2.5557162e+02   9.8458019e+01   1.3654583e+01  -2.8000000e+01   2.4663875e+01
   9.6428337e+01  -4.3000000e+01  -2.5233249e+02   9.3349238e+01   1.3961400e+01  -2.8000000e+01   3.4462978e+01
   1.0033386e+02  -4.3000000e+01  -2.5175349e+02   8.9683915e+01   9.9750786e+00  -2.8000000e+01   4.2880926e+01
   1.0343961e+02  -4.3000000e+01  -2.5097353e+02   8.6944396e+01   4.6214981e+00  -2.8000000e+01   4.6626344e+01
   1.0438328e+02  -4.3000000e+01  -2.4824321e+02   8.5070358e+01  -9.4940550e-01  -2.8000000e+01   4.6270954e+01
   1.0624625e+02  -4.3000000e+01  -2.4606198e+02   8.3857739e+01  -6.1919054e+00  -2.8000000e+01   4.4423317e+01
   1.0855692e+02  -4.3000000e+01  -2.4507258e+02   8.4339672e+01  -1.1887073e+01  -2.8000000e+01   4.1334095e+01
   1.0767884e+02  -4.3000000e+01  -2.4259843e+02   8.4810503e+01  -1.5808625e+01  -2.8000000e+01   3.6518044e+01
   1.0772522e+02  -4.3000000e+01  -2.3983669e+02   8.5064754e+01  -1.8952471e+01  -2.8000000e+01   3.2306421e+01
   1.0773424e+02  -4.3000000e+01  -2.3803408e+02   8.5933397e+01  -2.2310102e+01  -2.8000000e+01   2.8799800e+01
   1.0818232e+02  -4.3000000e+01  -2.3674506e+02   8.7574829e+01  -2.5272230e+01  -2.8000000e+01   2.4762511e+01
   1.1009112e+02  -4.3000000e+01  -2.3622347e+02   9.0027479e+01  -2.8985642e+01  -2.8000000e+01   2.1225712e+01
   1.1131344e+02  -4.3000000e+01  -2.3511856e+02   9.3066513e+01  -3.3063261e+01  -2.8000000e+01   1.6417855e+01
   1.0986159e+02  -4.3000000e+01  -2.3523766e+02   9.6222810e+01  -3.4643409e+01  -2.8000000e+01   1.1149346e+01
   1.0945725e+02  -4.3000000e+01  -2.3501477e+02   9.8865076e+01  -3.5351184e+01  -2.8000000e+01   6.3545155e+00
   1.0656370e+02  -4.3000000e+01  -2.3451383e+02   1.0057927e+02  -3.3968158e+01  -2.8000000e+01   5.3960870e-01
   1.0345409e+02  -4.3000000e+01  -2.3365789e+02   1.0192452e+02  -3.2321481e+01  -2.8000000e+01  -5.6637467e+00
   1.0112776e+02  -4.3000000e+01  -2.3327835e+02   1.0353391e+02  -2.9493307e+01  -2.8000000e+01  -1.1359649e+01
   9.8445169e+01  -4.3000000e+01  -2.3258813e+02   1.0539729e+02  -2.6738462e+01  -2.8000000e+01  -1.6854166e+01
   9.7076623e+01  -4.3000000e+01  -2.3267243e+02   1.0784502e+02  -2.5708028e+01  -2.8000000e+01  -2.1989271e+01
   9.5773527e+01  -4.3000000e+01  -2.3270433e+02   1.1111303e+02  -2.6555734e+01  -2.8000000e+01  -2.8528991e+01
   9.4613153e+01  -4.3000000e+01  -2.3304351e+02   1.1453756e+02  -2.7778294e+01  -2.8000000e+01  -3.4606134e+01
   9.3435987e+01  -4.3000000e+01  -2.3377232e+02   1.1826382e+02  -2.8778502e+01  -2.8000000e+01  -4.0603246e+01
   9.2071977e+01  -4.3000000e+01  -2.3527424e+02   1.2211680e+02  -2.9516966e+01  -2.8000000e+01  -4.5880798e+01
   9.0689627e+01  -4.3000000e+01  -2.3697434e+02   1.2581846e+02  -3.0527521e+01  -2.8000000e+01  -4.9528396e+01
   8.8974774e+01  -4.3000000e+01  -2.3712437e+02   1.2965242e+02  -3.1645416e+01  -2.8000000e+01  -5.3399709e+01
   8.7717231e+01  -4.3000000e+01  -2.3710832e+02   1.3280252e+02  -3.3046230e+01  -2.8000000e+01  -5.6822016e+01
   8.6704296e+01  -4.3000000e+01  -2.3738549e+02   1.3509023e+02  -3.5038109e+01  -2.8000000e+01  -5.9388208e+01
   8.5341498e+01  -4.3000000e+01  -2.3754790e+02   1.3697243e+02  -3.7448262e+01  -2.8000000e+01  -6.1156531e+01
   8.5669410e+01  -4.3000000e+01  -2.3640598e+02   1.3928342e+02  -3.8974547e+01  -2.8000000e+01  -6.3561661e+01
   8.8539500e+01  -4.3000000e+01  -2.3550301e+02   1.4200231e+02  -3.8960014e+01  -2.8000000e+01  -6.4484086e+01
   9.1129005e+01  -4.3000000e+01  -2.3413708e+02   1.4382564e+02  -3.7181141e+01  -2.8000000e+01  -6.5504080e+01
   9.4690080e+01  -4.3000000e+01  -2.3369691e+02   1.4451116e+02  -3.6303078e+01  -2.8000000e+01  -6.2031469e+01
   9.7708843e+01  -4.3000000e+01  -2.3277272e+02   1.4409957e+02  -3.2976202e+01  -2.8000000e+01  -5.8132453e+01
   1.0150713e+02  -4.3000000e+01  -2.3344291e+02   1.4240334e+02  -2.8979750e+01  -2.8000000e+01  -5.2932488e+01
   1.0741215e+02  -4.3000000e+01  -2.3550038e+02   1.3830594e+02  -2.4461889e+01  -2.8000000e+01  -4.6543641e+01
   1.0898474e+02  -4.3000000e+01  -2.3759696e+02   1.3300217e+02  -1.9490222e+01  -2.8000000e+01  -3.8906816e+01
   1.1111075e+02  -4.3000000e+01  -2.3958793e+02   1.2655423e+02  -1.4199044e+01  -2.8000000e+01  -3.0596625e+01
   1.1258009e+02  -4.3000000e+01  -2.4108285e+02   1.2047189e+02  -9.8319385e+00  -2.8000000e+01  -2.1199944e+01
   1.1412067e+02  -4.3000000e+01  -2.4497778e+02   1.1515854e+02  -7.1138848e+00  -2.8000000e+01  -1.1094828e+01
   1.1398977e+02  -4.3000000e+01  -2.4791194e+02   1.1025838e+02  -5.0115847e+00  -2.8000000e+01  -8.3731239e-01
   1.0697949e+02  -4.3000000e+01  -2.4532450e+02   1.0284092e+02   7.5293787e-01  -2.8000000e+01   9.0578094e+00
   1.0778147e+02  -4.3000000e+01  -2.4778265e+02   9.6889773e+01   4.6719644e+00  -2.8000000e+01   1.9018372e+01
   1.0517719e+02  -4.3000000e+01  -2.4848992e+02   9.2540857e+01   6.8962929e+00  -2.8000000e+01   2.9083523e+01
   9.8303299e+01  -4.3000000e+01  -2.4692444e+02   8.8729123e+01   1.0388258e+01  -2.8000000e+01   3.8636989e+01
   9.4471459e+01  -4.3000000e+01  -2.4620659e+02   8.4674507e+01   1.2400768e+01  -2.8000000e+01   4.7039619e+01
   9.5824045e+01  -4.3000000e+01  -2.4441703e+02   8.1304165e+01   1.1523684e+01  -2.8000000e+01   5.2567560e+01
   1.0083262e+02  -4.3000000e+01  -2.4373807e+02   7.9369254e+01   7.9216313e+00  -2.8000000e+01   5.2931506e+01
   1.0178602e+02  -4.3000000e+01  -2.4158343e+02   7.8249957e+01   3.5927066e+00  -2.8000000e+01   5.0684944e+01
   1.0221536e+02  -4.3000000e+01  -2.3962725e+02   7.6974092e+01  -4.7567158e-01  -2.8000000e+01   4.7280764e+01
   1.0304968e+02  -4.3000000e+01  -2.3707016e+02   7.6127873e+01  -4.3336575e+00  -2.8000000e+01   4.3826980e+01
   1.0465549e+02  -4.3000000e+01  -2.3502336e+02   7.5802063e+01  -8.0563381e+00  -2.8000000e+01   3.9146502e+01
   1.0480872e+02  -4.3000000e+01  -2.3343989e+02   7.6340209e+01  -1.1727955e+01  -2.8000000e+01   3.4191811e+01
   1.0497002e+02  -4.3000000e+01  -2.3245746e+02   7.7950130e+01  -1.4313846e+01  -2.8000000e+01   2.8945321e+01
   1.0739759e+02  -4.3000000e+01  -2.3159775e+02   8.0842230e+01  -1.9583876e+01  -2.8000000e+01   2.3819630e+01
   1.0824428e+02  -4.3000000e+01  -2.3110378e+02   8.4465336e+01  -2.4067748e+01  -2.8000000e+01   1.8396580e+01
   1.0571229e+02  -4.3000000e+01  -2.3009518e+02   8.7193080e+01  -2.4606845e+01  -2.8000000e+01   1.4393216e+01
   1.0433476e+02  -4.3000000e+01  -2.2973133e+02   8.9452803e+01  -2.3927364e+01  -2.8000000e+01   8.6646729e+00
   1.0308840e+02  -4.3000000e+01  -2.2888842e+02   9.1578011e+01  -2.4127496e+01  -2.8000000e+01   2.1329417e+00
   1.0288202e+02  -4.3000000e+01  -2.2874739e+02   9.4628875e+01  -2.5636554e+01  -2.8000000e+01  -4.7929528e+00
   1.0127487e+02  -4.3000000e+01  -2.2875152e+02   9.8563942e+01  -2.6557609e+01  -2.8000000e+01  -1.0618451e+01
   9.9682779e+01  -4.3000000e+01  -2.2919482e+02   1.0272262e+02  -2.6140031e+01  -2.8000000e+01  -1.7083198e+01
   9.8526369e+01  -4.3000000e+01  -2.2972178e+02   1.0648823e+02  -2.6444920e+01  -2.8000000e+01  -2.3910761e+01
   9.5922651e+01  -4.3000000e+01  -2.3040297e+02   1.1030631e+02  -2.5740355e+01  -2.8000000e+01  -3.1362819e+01
   9.3967462e+01  -4.3000000e+01  -2.3178149e+02   1.1453838e+02  -2.6226850e+01  -2.8000000e+01  -3.7718452e+01
   9.1794351e+01  -4.3000000e+01  -2.3337882e+02   1.1856121e+02  -2.5457113e+01  -2.8000000e+01  -4.4063098e+01
   9.1065549e+01  -4.3000000e+01  -2.3568375e+02   1.2271521e+02  -2.6680105e+01  -2.8000000e+01  -4.8715961e+01
   8.9008380e+01  -4.3000000e+01  -2.3567715e+02   1.2723230e+02  -2.7356331e+01  -2.8000000e+01  -5.3234722e+01
   8.6690389e+01  -4.3000000e+01  -2.3581126e+02   1.3087914e+02  -2.7279797e+01  -2.8000000e+01  -5.8045488e+01
   8.4930262e+01  -4.3000000e+01  -2.3710513e+02   1.3460677e+02  -2.7643136e+01  -2.8000000e+01  -6.1335445e+01
   8.3705779e+01  -4.3000000e+01  -2.3760005e+02   1.3710458e+02  -2.8513240e+01  -2.8000000e+01  -6.4493852e+01
   8.2862715e+01  -4.3000000e+01  -2.3781627e+02   1.3917286e+02  -2.9775012e+01  -2.8000000e+01  -6.6002704e+01
   8.3469350e+01  -4.3000000e+01  -2.3679183e+02   1.4115035e+02  -3.0679568e+01  -2.8000000e+01  -6.7893722e+01
   8.5606193e+01  -4.3000000e+01  -2.3548176e+02   1.4305284e+02  -3.0647178e+01  -2.8000000e+01  -6.9151651e+01
   8.7685343e+01  -4.3000000e+01  -2.3414823e+02   1.4429697e+02  -2.9412900e+01  -2.8000000e+01  -6.8192650e+01
   8.9574879e+01  -4.3000000e+01  -2.3256652e+02   1.4461718e+02  -2.7309747e+01  -2.8000000e+01  -6.7460602e+01
   9.4107991e+01  -4.3000000e+01  -2.3230501e+02   1.4452236e+02  -2.4194080e+01  -2.8000000e+01  -6.5812067e+01
   9.7561739e+01  -4.3000000e+01  -2.3392106e+02   1.4251941e+02  -2.1981788e+01  -2.8000000e+01  -6.0849740e+01
   1.0248649e+02  -4.3000000e+01  -2.3636122e+02   1.3958698e+02  -1.9587280e+01  -2.8000000e+01  -5.3746127e+01
   1.0819796e+02  -4.3000000e+01  -2.3954559e+02   1.3591901e+02  -1.7358865e+01  -2.8000000e+01  -4.5382016e+01
   1.0939274e+02  -4.3000000e+01  -2.4090614e+02   1.3043596e+02  -1.3456077e+01  -2.8000000e+01  -3.6923003e+01
   1.1080779e+02  -4.3000000e+01  -2.4353019e+02   1.2436601e+02  -9.7271032e+00  -2.8000000e+01  -2.7656098e+01
   1.1197064e+02  -4.3000000e+01  -2.4676013e+02   1.1921482e+02  -7.1127934e+00  -2.8000000e+01  -1.7760907e+01
   1.1508204e+02  -4.3000000e+01  -2.5049916e+02   1.1496834e+02  -5.8174579e+00  -2.8000000e+01  -7.1098945e+00
   1.1307000e+02  -4.3000000e+01  -2.5084671e+02   1.0941483e+02  -3.4264191e+00  -2.8000000e+01   3.3125672e+00
   1.0939962e+02  -4.3000000e+01  -2.4923023e+02   1.0314306e+02  -1.9798489e-01  -2.8000000e+01   1.3552979e+01
   1.0638628e+02  -4.3000000e+01  -2.4778562e+02   9.6886204e+01   3.3945256e+00  -2.8000000e+01   2.3697081e+01
   1.0455827e+02  -4.3000000e+01  -2.4863454e+02   9.2027959e+01   6.2245286e+00  -2.8000000e+01   3.3594818e+01
   9.8664877e+01  -4.3000000e+01  -2.4797090e+02   8.7288847e+01   9.3880757e+00  -2.8000000e+01   4.2708237e+01
   1.0115736e+02  -4.3000000e+01  -2.4832093e+02   8.3679015e+01   9.0874315e+00  -2.8000000e+01   5.0589906e+01
   1.0096900e+02  -4.3000000e+01  -2.4650184e+02   8.1506271e+01   7.8690314e+00  -2.8000000e+01   5.5513059e+01
   1.0154078e+02  -4.3000000e+01  -2.4516358e+02   7.9625212e+01   5.8036182e+00  -2.8000000e+01   5.7943306e+01
   1.0317345e+02  -4.3000000e+01  -2.4408360e+02   7.8037765e+01   2.7896357e+00  -2.8000000e+01   5.6655165e+01
   1.0531466e+02  -4.3000000e+01  -2.4294487e+02   7.7756949e+01  -1.1204334e+00  -2.8000000e+01   5.4315044e+01
   1.0569997e+02  -4.3000000e+01  -2.4097877e+02   7.7266522e+01  -4.6163910e+00  -2.8000000e+01   5.1580595e+01
   1.0684035e+02  -4.3000000e+01  -2.3912564e+02   7.6710362e+01  -7.7534564e+00  -2.8000000e+01   4.8953113e+01
   1.0762767e+02  -4.3000000e+01  -2.3732775e+02   7.6363049e+01  -1.1074853e+01  -2.8000000e+01   4.6095965e+01
   1.0679686e+02  -4.3000000e+01  -2.3575569e+02   7.6713924e+01  -1.3580103e+01  -2.8000000e+01   4.3511382e+01
   1.0741968e+02  -4.3000000e+01  -2.3452111e+02   7.7257588e+01  -1.5720012e+01  -2.8000000e+01   3.9446941e+01
   1.0747913e+02  -4.3000000e+01  -2.3437464e+02   7.8585354e+01  -1.8107997e+01  -2.8000000e+01   3.5367748e+01
   1.1006697e+02  -4.3000000e+01  -2.3441563e+02   8.1277146e+01  -2.2844726e+01  -2.8000000e+01   3.2311920e+01
   1.0756946e+02  -4.3000000e+01  -2.3306923e+02   8.3209319e+01  -2.3149198e+01  -2.8000000e+01   2.8292523e+01
   1.0458992e+02  -4.3000000e+01  -2.3204288e+02   8.4028876e+01  -2.1484988e+01  -2.8000000e+01   2.3425460e+01
   1.0559738e+02  -4.3000000e+01  -2.3112131e+02   8.5440209e+01  -2.1906822e+01  -2.8000000e+01   1.9688537e+01
   1.0479043e+02  -4.3000000e+01  -2.2994317e+02   8.6986822e+01  -2.3490678e+01  -2.8000000e+01   1.5642010e+01
   1.0353970e+02  -4.3000000e+01  -2.2838939e+02   8.8402827e+01  -2.5087281e+01  -2.8000000e+01   1.0622819e+01
   1.0504090e+02  -4.3000000e+01  -2.2771314e+02   9.0554505e+01  -2.8423428e+01  -2.8000000e+01   5.8888029e+00
   1.0393700e+02  -4.3000000e+01  -2.2696033e+02   9.3169491e+01  -3.0124340e+01  -2.8000000e+01   7.7922738e-01
   1.0446648e+02  -4.3000000e+01  -2.2690263e+02   9.6363492e+01  -3.3057160e+01  -2.8000000e+01  -4.4113366e+00
   1.0409825e+02  -4.3000000e+01  -2.2715282e+02   1.0000809e+02  -3.5725520e+01  -2.8000000e+01  -8.4696944e+00
   1.0343395e+02  -4.3000000e+01  -2.2759292e+02   1.0374607e+02  -3.8045707e+01  -2.8000000e+01  -1.3104950e+01
   1.0186660e+02  -4.3000000e+01  -2.2879894e+02   1.0772826e+02  -3.8458695e+01  -2.8000000e+01  -1.8006310e+01
   1.0032464e+02  -4.3000000e+01  -2.3022700e+02   1.1125619e+02  -3.7599614e+01  -2.8000000e+01  -2.3200096e+01
   9.8958287e+01  -4.3000000e+01  -2.3133273e+02   1.1460750e+02  -3.7494686e+01  -2.8000000e+01  -2.7846882e+01
   9.6673643e+01  -4.3000000e+01  -2.3192778e+02   1.1786549e+02  -3.7582482e+01  -2.8000000e+01  -3.3232400e+01
   9.5115978e+01  -4.3000000e+01  -2.3238846e+02   1.2065114e+02  -3.7457278e+01  -2.8000000e+01  -3.8083524e+01
   9.3755268e+01  -4.3000000e+01  -2.3362171e+02   1.2351224e+02  -3.6941604e+01  -2.8000000e+01  -4.2265994e+01
   9.2888478e+01  -4.3000000e+01  -2.3492690e+02   1.2635957e+02  -3.6604192e+01  -2.8000000e+01  -4.5543224e+01
   9.2361579e+01  -4.3000000e+01  -2.3622694e+02   1.2880731e+02  -3.6765473e+01  -2.8000000e+01  -4.8313969e+01
   9.1664051e+01  -4.3000000e+01  -2.3702876e+02   1.3094785e+02  -3.6860359e+01  -2.8000000e+01  -5.1793048e+01
   9.1185020e+01  -4.3000000e+01  -2.3742881e+02   1.3250937e+02  -3.7258559e+01  -2.8000000e+01  -5.4832674e+01
   9.0458537e+01  -4.3000000e+01  -2.3788325e+02   1.3402388e+02  -3.7691106e+01  -2.8000000e+01  -5.7850635e+01
   8.9566164e+01  -4.3000000e+01  -2.3815703e+02   1.3555862e+02  -3.7834077e+01  -2.8000000e+01  -6.1604538e+01
   8.8653304e+01  -4.3000000e+01  -2.3888187e+02   1.3741468e+02  -3.7918893e+01  -2.8000000e+01  -6.4816554e+01
   8.7866409e+01  -4.3000000e+01  -2.3975721e+02   1.3926820e+02  -3.7881908e+01  -2.8000000e+01  -6.7366318e+01
   8.7280004e+01  -4.3000000e+01  -2.4089180e+02   1.4096498e+02  -3.8103662e+01  -2.8000000e+01  -6.8212481e+01
   8.5856083e+01  -4.3000000e+01  -2.4084344e+02   1.4218174e+02  -3.8570326e+01  -2.8000000e+01  -6.9185813e+01
   8.4780280e+01  -4.3000000e+01  -2.4054103e+02   1.4285240e+02  -3.9312715e+01  -2.8000000e+01  -7.0236834e+01
   8.3437094e+01  -4.3000000e+01  -2.4011897e+02   1.4362537e+02  -4.0051522e+01  -2.8000000e+01  -7.1220968e+01
   8.3753855e+01  -4.3000000e+01  -2.3843034e+02   1.4457469e+02  -3.9981049e+01  -2.8000000e+01  -7.3504602e+01
   8.6531891e+01  -4.3000000e+01  -2.3767104e+02   1.4657449e+02  -3.9003720e+01  -2.8000000e+01  -7.6785692e+01
   8.8108862e+01  -4.3000000e+01  -2.3672503e+02   1.4829409e+02  -3.7718897e+01  -2.8000000e+01  -8.1110107e+01
   9.1499312e+01  -4.3000000e+01  -2.3754975e+02   1.5031470e+02  -3.6897497e+01  -2.8000000e+01  -8.3835035e+01
   9.5017633e+01  -4.3000000e+01  -2.3902662e+02   1.5167081e+02  -3.6569512e+01  -2.8000000e+01  -8.5230063e+01
   9.9661374e+01  -4.3000000e+01  -2.4078471e+02   1.5256359e+02  -3.6385477e+01  -2.8000000e+01  -8.5174123e+01
   1.0340297e+02  -4.3000000e+01  -2.4284916e+02   1.5306795e+02  -3.6228053e+01  -2.8000000e+01  -8.4992097e+01
   1.0614724e+02  -4.3000000e+01  -2.4432819e+02   1.5225436e+02  -3.6205787e+01  -2.8000000e+01  -8.3851351e+01
   1.0757549e+02  -4.3000000e+01  -2.4661979e+02   1.5091605e+02  -3.6255961e+01  -2.8000000e+01  -8.2408287e+01
   1.0901789e+02  -4.3000000e+01  -2.4840563e+02   1.4871531e+02  -3.6387627e+01  -2.8000000e+01  -7.9799811e+01
   1.0967031e+02  -4.3000000e+01  -2.4970202e+02   1.4603583e+02  -3.6690238e+01  -2.8000000e+01  -7.5898178e+01
   1.1236699e+02  -4.3000000e+01  -2.5224655e+02   1.4443847e+02  -3.7144096e+01  -2.8000000e+01  -6.9530426e+01
   1.1534824e+02  -4.3000000e+01  -2.5473981e+02   1.4305162e+02  -3.7725040e+01  -2.8000000e+01  -6.1457771e+01
   1.1840026e+02  -4.3000000e+01  -2.5658556e+02   1.4180698e+02  -3.8109318e+01  -2.8000000e+01  -5.2321566e+01
   1.2168498e+02  -4.3000000e+01  -2.5897628e+02   1.4002684e+02  -3.8503819e+01  -2.8000000e+01  -4.2431324e+01
   1.2283540e+02  -4.3000000e+01  -2.5956366e+02   1.3783630e+02  -3.8565250e+01  -2.8000000e+01  -3.2024237e+01
   1.2334966e+02  -4.3000000e+01  -2.6137844e+02   1.3737842e+02  -4.0735137e+01  -2.8000000e+01  -2.0909578e+01
   1.2544585e+02  -4.3000000e+01  -2.6262063e+02   1.3652614e+02  -4.2724905e+01  -2.8000000e+01  -9.6817898e+00
   1.2821748e+02  -4.3000000e+01  -2.6318171e+02   1.3549832e+02  -4.4606993e+01  -2.8000000e+01   1.4245834e+00
   1.3037581e+02  -4.3000000e+01  -2.6257773e+02   1.3371716e+02  -4.6806577e+01  -2.8000000e+01   1.2168125e+01
   1.3082154e+02  -4.3000000e+01  -2.6068482e+02   1.3128929e+02  -4.8652820e+01  -2.8000000e+01   2.1565961e+01
   1.3003497e+02  -4.3000000e+01  -2.5802283e+02   1.2849088e+02  -5.0029643e+01  -2.8000000e+01   2.7663102e+01
   1.2744973e+02  -4.3000000e+01  -2.5465666e+02   1.2542022e+02  -5.0762613e+01  -2.8000000e+01   2.9480335e+01
   1.2658823e+02  -4.3000000e+01  -2.5226005e+02   1.2241956e+02  -5.0494376e+01  -2.8000000e+01   2.9757068e+01
   1.2466684e+02  -4.3000000e+01  -2.4990004e+02   1.1975092e+02  -4.9876281e+01  -2.8000000e+01   2.7557855e+01
   1.2253891e+02  -4.3000000e+01  -2.4791182e+02   1.1751510e+02  -4.8647737e+01  -2.8000000e+01   2.5083240e+01
   1.2072669e+02  -4.3000000e+01  -2.4606572e+02   1.1544855e+02  -4.7038380e+01  -2.8000000e+01   2.1530959e+01
   1.2076740e+02  -4.3000000e+01  -2.4502460e+02   1.1425463e+02  -4.5828701e+01  -2.8000000e+01   1.8583432e+01
   1.2031170e+02  -4.3000000e+01  -2.4381443e+02   1.1359740e+02  -4.5308046e+01  -2.8000000e+01   1.4265525e+01
   1.1889069e+02  -4.3000000e+01  -2.4198586e+02   1.1352003e+02  -4.4808267e+01  -2.8000000e+01   1.0379713e+01
   1.1563963e+02  -4.3000000e+01  -2.3999420e+02   1.1307012e+02  -4.3839014e+01  -2.8000000e+01   6.3416718e+00
   1.1356330e+02  -4.3000000e+01  -2.3853405e+02   1.1227531e+02  -4.2538381e+01  -2.8000000e+01   2.2517785e+00
   1.1082404e+02  -4.3000000e+01  -2.3707686e+02   1.1191790e+02  -4.1048983e+01  -2.8000000e+01  -2.5872300e+00
   1.0770070e+02  -4.3000000e+01  -2.3645825e+02   1.1177589e+02  -3.7836769e+01  -2.8000000e+01  -7.4720971e+00
   1.0487571e+02  -4.3000000e+01  -2.3501400e+02   1.1158090e+02  -3.5067073e+01  -2.8000000e+01  -1.2824575e+01
   1.0224449e+02  -4.3000000e+01  -2.3390038e+02   1.1216145e+02  -3.3148113e+01  -2.8000000e+01  -1.8824457e+01
   1.0000979e+02  -4.3000000e+01  -2.3358681e+02   1.1374799e+02  -3.1125048e+01  -2.8000000e+01  -2.4098529e+01
   9.5961199e+01  -4.3000000e+01  -2.3323001e+02   1.1577629e+02  -2.7224497e+01  -2.8000000e+01  -3.1485637e+01
   9.4280182e+01  -4.3000000e+01  -2.3402938e+02   1.1877353e+02  -2.5443510e+01  -2.8000000e+01  -3.8203363e+01
   9.1806079e+01  -4.3000000e+01  -2.3474166e+02   1.2201523e+02  -2.4644928e+01  -2.8000000e+01  -4.3956506e+01
   9.0719427e+01  -4.3000000e+01  -2.3640526e+02   1.2525788e+02  -2.5145689e+01  -2.8000000e+01  -4.8989174e+01
   8.8079896e+01  -4.3000000e+01  -2.3589926e+02   1.2885782e+02  -2.5810612e+01  -2.8000000e+01  -5.3423058e+01
   8.6305174e+01  -4.3000000e+01  -2.3623674e+02   1.3231882e+02  -2.6257936e+01  -2.8000000e+01  -5.7564539e+01
   8.5079589e+01  -4.3000000e+01  -2.3704339e+02   1.3602524e+02  -2.7222936e+01  -2.8000000e+01  -6.1357454e+01
   8.3330372e+01  -4.3000000e+01  -2.3737790e+02   1.3927628e+02  -2.8359403e+01  -2.8000000e+01  -6.5627655e+01
   8.1810650e+01  -4.3000000e+01  -2.3827941e+02   1.4178843e+02  -3.0044032e+01  -2.8000000e+01  -6.8198956e+01
   8.1708002e+01  -4.3000000e+01  -2.3929541e+02   1.4370542e+02  -3.2047191e+01  -2.8000000e+01  -6.9294582e+01
   8.2932508e+01  -4.3000000e+01  -2.3919984e+02   1.4530901e+02  -3.3396901e+01  -2.8000000e+01  -7.1701695e+01
   8.7376091e+01  -4.3000000e+01  -2.3799977e+02   1.4782520e+02  -3.2111257e+01  -2.8000000e+01  -7.8242762e+01
   8.9990203e+01  -4.3000000e+01  -2.3618356e+02   1.5099032e+02  -3.1005095e+01  -2.8000000e+01  -8.1095745e+01
   9.1174624e+01  -4.3000000e+01  -2.3416447e+02   1.5255583e+02  -2.9984648e+01  -2.8000000e+01  -8.4492513e+01
   9.5170934e+01  -4.3000000e+01  -2.3425207e+02   1.5383120e+02  -2.9621530e+01  -2.8000000e+01  -8.4672338e+01
   9.8624444e+01  -4.3000000e+01  -2.3646417e+02   1.5423033e+02  -2.9362330e+01  -2.8000000e+01  -8.3907028e+01
   1.0193519e+02  -4.3000000e+01  -2.3943187e+02   1.5417966e+02  -2.9220830e+01  -2.8000000e+01  -8.0997239e+01
   1.0478380e+02  -4.3000000e+01  -2.4227211e+02   1.5242471e+02  -2.9125056e+01  -2.8000000e+01  -7.7707264e+01
   1.0880035e+02  -4.3000000e+01  -2.4615312e+02   1.5015255e+02  -2.8822232e+01  -2.8000000e+01  -7.3463261e+01
   1.1328300e+02  -4.3000000e+01  -2.5121322e+02   1.4745055e+02  -2.8643991e+01  -2.8000000e+01  -6.7036527e+01
   1.1697014e+02  -4.3000000e+01  -2.5489143e+02   1.4409392e+02  -2.8077985e+01  -2.8000000e+01  -5.9507112e+01
   1.2100968e+02  -4.3000000e+01  -2.5881662e+02   1.4065721e+02  -2.7426251e+01  -2.8000000e+01  -5.0461902e+01
   1.2153060e+02  -4.3000000e+01  -2.6058629e+02   1.3680268e+02  -2.6171557e+01  -2.8000000e+01  -4.1048015e+01
   1.1993793e+02  -4.3000000e+01  -2.6164594e+02   1.3334402e+02  -2.4805143e+01  -2.8000000e+01  -3.1004803e+01
   1.1888476e+02  -4.3000000e+01  -2.6222061e+02   1.2919338e+02  -2.1833521e+01  -2.8000000e+01  -2.0392675e+01
   1.1533170e+02  -4.3000000e+01  -2.6152725e+02   1.2522933e+02  -1.8137296e+01  -2.8000000e+01  -9.5131635e+00
   1.0388903e+02  -4.3000000e+01  -2.5617569e+02   1.2039656e+02  -1.3356320e+01  -2.8000000e+01   1.0942576e+00
   9.4881550e+01  -4.3000000e+01  -2.5466755e+02   1.1421932e+02  -6.5642561e+00  -2.8000000e+01   1.2007545e+01
   9.4033107e+01  -4.3000000e+01  -2.5484282e+02   1.0853056e+02  -8.3425083e-01  -2.8000000e+01   2.2986301e+01
   1.0285961e+02  -4.3000000e+01  -2.5819822e+02   1.0490136e+02  -1.1504482e+00  -2.8000000e+01   3.3558301e+01
   1.0853730e+02  -4.3000000e+01  -2.5727263e+02   1.0326922e+02  -5.4008326e+00  -2.8000000e+01   4.2005590e+01
   1.1192458e+02  -4.3000000e+01  -2.5511290e+02   1.0268613e+02  -1.0451544e+01  -2.8000000e+01   4.6708933e+01
   1.1222701e+02  -4.3000000e+01  -2.5247273e+02   1.0178926e+02  -1.4834032e+01  -2.8000000e+01   4.6342907e+01
   1.1134075e+02  -4.3000000e+01  -2.4923483e+02   9.9995130e+01  -1.8173701e+01  -2.8000000e+01   4.2968297e+01
   1.1120827e+02  -4.3000000e+01  -2.4601107e+02   9.8246672e+01  -2.0932073e+01  -2.8000000e+01   3.9717088e+01
   1.1380379e+02  -4.3000000e+01  -2.4452680e+02   9.7474094e+01  -2.4514292e+01  -2.8000000e+01   3.4562163e+01
   1.1242328e+02  -4.3000000e+01  -2.4135283e+02   9.7121146e+01  -2.6509793e+01  -2.8000000e+01   3.0747191e+01
   1.0940319e+02  -4.3000000e+01  -2.3861647e+02   9.4952315e+01  -2.5427336e+01  -2.8000000e+01   2.6152675e+01
   1.0865397e+02  -4.3000000e+01  -2.3683535e+02   9.3968948e+01  -2.5814299e+01  -2.8000000e+01   2.3379459e+01
   1.0848231e+02  -4.3000000e+01  -2.3479731e+02   9.3184844e+01  -2.6493062e+01  -2.8000000e+01   1.9081052e+01
   1.0917626e+02  -4.3000000e+01  -2.3269234e+02   9.3407970e+01  -2.8879806e+01  -2.8000000e+01   1.5093174e+01
   1.1065291e+02  -4.3000000e+01  -2.3143961e+02   9.5695561e+01  -3.2907924e+01  -2.8000000e+01   1.1328910e+01
   1.0923895e+02  -4.3000000e+01  -2.3057259e+02   9.8142045e+01  -3.5378061e+01  -2.8000000e+01   6.3223834e+00
   1.0825860e+02  -4.3000000e+01  -2.2999456e+02   1.0045978e+02  -3.6578495e+01  -2.8000000e+01   6.4533555e-01
   1.0771017e+02  -4.3000000e+01  -2.2969513e+02   1.0310665e+02  -3.8442022e+01  -2.8000000e+01  -4.4540765e+00
   1.0623081e+02  -4.3000000e+01  -2.2945755e+02   1.0600912e+02  -3.9751750e+01  -2.8000000e+01  -1.0268324e+01
   1.0446154e+02  -4.3000000e+01  -2.3021353e+02   1.0914949e+02  -4.0244374e+01  -2.8000000e+01  -1.5213937e+01
   1.0214406e+02  -4.3000000e+01  -2.3106868e+02   1.1252323e+02  -3.9467416e+01  -2.8000000e+01  -2.0820487e+01
   9.8993930e+01  -4.3000000e+01  -2.3145612e+02   1.1535604e+02  -3.8174043e+01  -2.8000000e+01  -2.6723910e+01
   9.5799889e+01  -4.3000000e+01  -2.3195395e+02   1.1831874e+02  -3.6946139e+01  -2.8000000e+01  -3.2171794e+01
   9.4701643e+01  -4.3000000e+01  -2.3299206e+02   1.2125898e+02  -3.7473958e+01  -2.8000000e+01  -3.6479808e+01
   9.3065653e+01  -4.3000000e+01  -2.3402175e+02   1.2418047e+02  -3.7443776e+01  -2.8000000e+01  -4.1460382e+01
   9.1401555e+01  -4.3000000e+01  -2.3500511e+02   1.2715067e+02  -3.7400380e+01  -2.8000000e+01  -4.6402274e+01
   9.0208632e+01  -4.3000000e+01  -2.3597466e+02   1.2988446e+02  -3.7238914e+01  -2.8000000e+01  -5.0446915e+01
   8.8780869e+01  -4.3000000e+01  -2.3698915e+02   1.3257946e+02  -3.7152896e+01  -2.8000000e+01  -5.4415881e+01
   8.7128839e+01  -4.3000000e+01  -2.3719421e+02   1.3465481e+02  -3.7202034e+01  -2.8000000e+01  -5.7587883e+01
   8.9219534e+01  -4.3000000e+01  -2.3750475e+02   1.3723889e+02  -3.7139261e+01  -2.8000000e+01  -5.9021488e+01
   9.1363875e+01  -4.3000000e+01  -2.3602041e+02   1.3856544e+02  -3.4503308e+01  -2.8000000e+01  -6.1589060e+01
   9.4827922e+01  -4.3000000e+01  -2.3536078e+02   1.3942166e+02  -3.1581240e+01  -2.8000000e+01  -6.1764751e+01
   9.8517684e+01  -4.3000000e+01  -2.3650867e+02   1.3889644e+02  -2.9852962e+01  -2.8000000e+01  -5.6735560e+01
   1.0354323e+02  -4.3000000e+01  -2.3888734e+02   1.3722100e+02  -2.8295787e+01  -2.8000000e+01  -4.9722658e+01
   1.0831532e+02  -4.3000000e+01  -2.4062282e+02   1.3436823e+02  -2.6792946e+01  -2.8000000e+01  -4.1457677e+01
   1.1051340e+02  -4.3000000e+01  -2.4094542e+02   1.2984964e+02  -2.3579184e+01  -2.8000000e+01  -3.3346138e+01
   1.1460574e+02  -4.3000000e+01  -2.4429927e+02   1.2487448e+02  -2.1473789e+01  -2.8000000e+01  -2.4099123e+01
   1.1865971e+02  -4.3000000e+01  -2.4829923e+02   1.2089175e+02  -2.0523822e+01  -2.8000000e+01  -1.4149765e+01
   1.2078488e+02  -4.3000000e+01  -2.5177707e+02   1.1747727e+02  -2.0181770e+01  -2.8000000e+01  -4.0520660e+00
   1.2031433e+02  -4.3000000e+01  -2.5295474e+02   1.1293344e+02  -1.8194540e+01  -2.8000000e+01   6.0205115e+00
   1.2103961e+02  -4.3000000e+01  -2.5381312e+02   1.0883340e+02  -1.5819854e+01  -2.8000000e+01   1.6177129e+01
   1.1489896e+02  -4.3000000e+01  -2.5202348e+02   1.0316392e+02  -1.0825965e+01  -2.8000000e+01   2.5290866e+01
   1.0814382e+02  -4.3000000e+01  -2.5000879e+02   9.7617164e+01  -6.1309345e+00  -2.8000000e+01   3.4177405e+01
   1.0600058e+02  -4.3000000e+01  -2.5066512e+02   9.2566367e+01  -3.2146140e+00  -2.8000000e+01   4.1895062e+01
   1.0747893e+02  -4.3000000e+01  -2.5149207e+02   8.9676533e+01  -4.7998544e+00  -2.8000000e+01   4.8741681e+01
   1.0948787e+02  -4.3000000e+01  -2.5085525e+02   8.8020298e+01  -7.1973469e+00  -2.8000000e+01   5.0848018e+01
   1.0758475e+02  -4.3000000e+01  -2.4764016e+02   8.6435361e+01  -9.2864928e+00  -2.8000000e+01   4.9918913e+01
   1.0715739e+02  -4.3000000e+01  -2.4552052e+02   8.4181541e+01  -1.1062950e+01  -2.8000000e+01   4.8849969e+01
   1.0583471e+02  -4.3000000e+01  -2.4292387e+02   8.2321746e+01  -1.2770916e+01  -2.8000000e+01   4.7718109e+01
   1.0570567e+02  -4.3000000e+01  -2.4081741e+02   8.0372330e+01  -1.4118110e+01  -2.8000000e+01   4.6594670e+01
   1.0526063e+02  -4.3000000e+01  -2.3921696e+02   7.9143312e+01  -1.4610187e+01  -2.8000000e+01   4.4517974e+01
