   4.0317491e+01   5.5962850e+01  -1.7205915e+02   6.8530975e+01   2.5079622e+01  -4.6480282e+01   9.1070994e+00
   3.8589343e+01   4.1962850e+01  -1.7381764e+02   5.7586148e+01   2.0481281e+01  -3.2480286e+01   1.4726631e+01
   4.5389074e+01   2.7962947e+01  -1.8596525e+02   4.4365708e+01   1.5894384e+01  -1.8489988e+01   1.5323746e+01
   5.2188805e+01   1.3963045e+01  -1.9811286e+02   3.1145268e+01   1.1307488e+01  -4.4996898e+00   1.5920861e+01
   5.8988536e+01  -3.6858007e-02  -2.1026048e+02   1.7924828e+01   6.7205914e+00   9.4906081e+00   1.6517976e+01
   6.5788266e+01  -1.4036761e+01  -2.2240809e+02   4.7043880e+00   2.1336950e+00   2.3480906e+01   1.7115091e+01
   7.7467731e+01  -2.8036645e+01  -2.2410778e+02  -2.1333067e+00  -2.4475727e+00   3.7455492e+01   2.7087808e+01
   8.9147195e+01  -4.2036530e+01  -2.2580748e+02  -8.9710014e+00  -7.0288404e+00   5.1430077e+01   3.7060524e+01
   9.8223350e+01  -4.8752645e+01  -2.2519695e+02  -1.0917185e+01   6.6537187e+00   3.7430077e+01   4.5784145e+01
   1.0165804e+02  -5.4768529e+01  -2.2315276e+02  -1.0082952e+01   2.0373552e+01   2.3430322e+01   5.2135497e+01
   1.0509273e+02  -6.0784413e+01  -2.2110858e+02  -9.2487194e+00   3.4093384e+01   9.4305658e+00   5.8486848e+01
   1.0852742e+02  -6.6800297e+01  -2.1906439e+02  -8.4144869e+00   4.7813217e+01  -4.5691900e+00   6.4838200e+01
   1.1196211e+02  -7.2816182e+01  -2.1702021e+02  -7.5802544e+00   6.1533050e+01  -1.8568946e+01   7.1189552e+01
   1.1525601e+02  -5.8816182e+01  -2.1493603e+02  -6.6804682e+00   4.7533050e+01  -2.8000000e+01   7.7455980e+01
   1.0573911e+02  -4.4816288e+01  -2.1111270e+02  -4.9490784e-01   3.3533285e+01  -2.8000000e+01   7.3955519e+01
   9.5966999e+01  -4.3000000e+01  -2.0723836e+02   5.9090621e+00   2.0999997e+01  -2.8000000e+01   6.9836843e+01
   8.9795417e+01  -4.3000000e+01  -2.0474595e+02   1.3822278e+01   2.1000000e+01  -2.8000000e+01   5.9460784e+01
   8.6875200e+01  -4.3000000e+01  -2.0281851e+02   2.1048795e+01   2.1000000e+01  -2.8000000e+01   4.9908953e+01
   8.6076029e+01  -4.3000000e+01  -2.0423248e+02   2.8048710e+01   2.1000000e+01  -2.8000000e+01   4.2220781e+01
   8.6141595e+01  -4.3000000e+01  -2.0401188e+02   3.4836921e+01   2.1000000e+01  -2.8000000e+01   3.5446274e+01
   8.4803757e+01  -4.3000000e+01  -2.0524137e+02   4.1135718e+01   2.1000000e+01  -2.8000000e+01   2.9853174e+01
   8.4737250e+01  -4.3000000e+01  -2.0511507e+02   4.6759920e+01   2.1000000e+01  -2.8000000e+01   2.4416781e+01
   8.3979241e+01  -4.3000000e+01  -2.0730046e+02   5.3364981e+01   2.1000000e+01  -2.8000000e+01   1.9291791e+01
   8.2784523e+01  -4.3000000e+01  -2.0893317e+02   5.9234161e+01   2.1000000e+01  -2.8000000e+01   1.3304954e+01
   8.2591342e+01  -4.3000000e+01  -2.0978431e+02   6.4892185e+01   2.1000000e+01  -2.8000000e+01   6.8647464e+00
   8.0983175e+01  -4.3000000e+01  -2.1116431e+02   7.0391401e+01   2.1000000e+01  -2.8000000e+01   2.6791363e-01
   7.9904716e+01  -4.3000000e+01  -2.1239697e+02   7.6140509e+01   2.1000000e+01  -2.8000000e+01  -6.0931645e+00
   7.9588004e+01  -4.3000000e+01  -2.1572437e+02   8.3093387e+01   2.1000000e+01  -2.8000000e+01  -1.1966678e+01
   7.8254227e+01  -4.3000000e+01  -2.1715934e+02   8.9887672e+01   2.1000000e+01  -2.8000000e+01  -1.8720559e+01
   7.7012023e+01  -4.3000000e+01  -2.1812922e+02   9.6161068e+01   2.1000000e+01  -2.8000000e+01  -2.5642256e+01
   7.6226916e+01  -4.3000000e+01  -2.2069510e+02   1.0209448e+02   2.1000000e+01  -2.8000000e+01  -3.2459846e+01
   7.5242368e+01  -4.3000000e+01  -2.2331345e+02   1.0789107e+02   2.1000000e+01  -2.8000000e+01  -3.9411330e+01
   7.5570882e+01  -4.3000000e+01  -2.2554176e+02   1.1399723e+02   2.1000000e+01  -2.8000000e+01  -4.6011139e+01
   7.5116498e+01  -4.3000000e+01  -2.2739894e+02   1.2029668e+02   2.1000000e+01  -2.8000000e+01  -5.2574207e+01
   7.4377326e+01  -4.3000000e+01  -2.2898022e+02   1.2602715e+02   2.1000000e+01  -2.8000000e+01  -5.8608431e+01
   7.4325836e+01  -4.3000000e+01  -2.3094524e+02   1.3153848e+02   2.1000000e+01  -2.8000000e+01  -6.4576106e+01
   7.5428646e+01  -4.3000000e+01  -2.3289476e+02   1.3690834e+02   2.1000000e+01  -2.8000000e+01  -6.9948603e+01
   8.0239828e+01  -4.3000000e+01  -2.3324461e+02   1.4295581e+02   2.1000000e+01  -2.8000000e+01  -7.3806424e+01
   8.4981491e+01  -4.3000000e+01  -2.3214122e+02   1.4570567e+02   2.1000000e+01  -2.8000000e+01  -7.3850436e+01
   8.9320140e+01  -4.3000000e+01  -2.3253910e+02   1.4741348e+02   2.1000000e+01  -2.8000000e+01  -7.2102620e+01
   9.2364441e+01  -4.3000000e+01  -2.3274951e+02   1.4616454e+02   2.1000000e+01  -2.8000000e+01  -6.9822424e+01
   9.5930016e+01  -4.3000000e+01  -2.3511850e+02   1.4540799e+02   2.1000000e+01  -2.8000000e+01  -6.4599999e+01
   9.9436482e+01  -4.3000000e+01  -2.3846883e+02   1.4386149e+02   2.1000000e+01  -2.8000000e+01  -5.7487480e+01
   1.0139847e+02  -4.3000000e+01  -2.4127100e+02   1.4016477e+02   2.1000000e+01  -2.8000000e+01  -4.9065272e+01
   1.0288121e+02  -4.3000000e+01  -2.4380098e+02   1.3576923e+02   2.1000000e+01  -2.8000000e+01  -4.0114403e+01
   1.0330087e+02  -4.3000000e+01  -2.4774114e+02   1.3192378e+02   2.1000000e+01  -2.8000000e+01  -3.0431230e+01
   1.0316348e+02  -4.3000000e+01  -2.5136060e+02   1.2774872e+02   2.1000000e+01  -2.8000000e+01  -2.0316028e+01
   1.0126664e+02  -4.3000000e+01  -2.5133239e+02   1.2178130e+02   2.1000000e+01  -2.8000000e+01  -9.9278554e+00
   9.7377351e+01  -4.3000000e+01  -2.5119072e+02   1.1524978e+02   2.1000000e+01  -2.8000000e+01   5.2890817e-01
   9.8163104e+01  -4.3000000e+01  -2.5251873e+02   1.0849379e+02   2.1000000e+01  -2.8000000e+01   1.0916321e+01
   9.7188181e+01  -4.3000000e+01  -2.5364752e+02   1.0243161e+02   2.1000000e+01  -2.8000000e+01   2.1387915e+01
   9.7204647e+01  -4.3000000e+01  -2.5465163e+02   9.7200899e+01   2.1000000e+01  -2.8000000e+01   3.1671167e+01
   9.4328249e+01  -4.3000000e+01  -2.5125327e+02   9.1992763e+01   2.1000000e+01  -2.8000000e+01   4.0343545e+01
   9.7309086e+01  -4.3000000e+01  -2.5032101e+02   8.8217620e+01   2.1000000e+01  -2.8000000e+01   4.7199838e+01
   9.8503261e+01  -4.3000000e+01  -2.4912991e+02   8.5436707e+01   2.1000000e+01  -2.8000000e+01   4.9395672e+01
   9.7916992e+01  -4.3000000e+01  -2.4647012e+02   8.3176074e+01   2.1000000e+01  -2.8000000e+01   4.8586635e+01
   9.7979564e+01  -4.3000000e+01  -2.4410344e+02   8.1028151e+01   2.1000000e+01  -2.8000000e+01   4.7128260e+01
   9.7174446e+01  -4.3000000e+01  -2.4225440e+02   7.9806769e+01   2.1000000e+01  -2.8000000e+01   4.4049933e+01
   9.4384692e+01  -4.3000000e+01  -2.3965267e+02   7.8787717e+01   2.1000000e+01  -2.8000000e+01   3.9621421e+01
   9.2584082e+01  -4.3000000e+01  -2.3619609e+02   7.8075216e+01   2.1000000e+01  -2.8000000e+01   3.5272528e+01
   8.9620423e+01  -4.3000000e+01  -2.3351371e+02   7.7011869e+01   2.1000000e+01  -2.8000000e+01   3.1070995e+01
   8.7963963e+01  -4.3000000e+01  -2.3079545e+02   7.6132099e+01   2.1000000e+01  -2.8000000e+01   2.7092266e+01
   8.7970479e+01  -4.3000000e+01  -2.2913871e+02   7.6116111e+01   2.1000000e+01  -2.8000000e+01   2.3907301e+01
   8.7109011e+01  -4.3000000e+01  -2.2703068e+02   7.6479765e+01   2.1000000e+01  -2.8000000e+01   1.9522661e+01
   8.5189639e+01  -4.3000000e+01  -2.2617403e+02   7.7822462e+01   2.1000000e+01  -2.8000000e+01   1.4782253e+01
   8.4235456e+01  -4.3000000e+01  -2.2492308e+02   7.9348673e+01   2.1000000e+01  -2.8000000e+01   1.0019433e+01
   8.3100515e+01  -4.3000000e+01  -2.2427861e+02   8.1213108e+01   2.1000000e+01  -2.8000000e+01   4.4691818e+00
   8.2093869e+01  -4.3000000e+01  -2.2414886e+02   8.3798257e+01   2.1000000e+01  -2.8000000e+01  -1.2341916e+00
   8.2429123e+01  -4.3000000e+01  -2.2507936e+02   8.8000091e+01   2.1000000e+01  -2.8000000e+01  -6.6830744e+00
   8.1142811e+01  -4.3000000e+01  -2.2516397e+02   9.2415515e+01   2.1000000e+01  -2.8000000e+01  -1.2501576e+01
   8.0094884e+01  -4.3000000e+01  -2.2550034e+02   9.6455300e+01   2.1000000e+01  -2.8000000e+01  -1.8606945e+01
   7.9892933e+01  -4.3000000e+01  -2.2608906e+02   1.0047974e+02   2.1000000e+01  -2.8000000e+01  -2.5633984e+01
   7.9342708e+01  -4.3000000e+01  -2.2663614e+02   1.0457416e+02   2.1000000e+01  -2.8000000e+01  -3.2609915e+01
   7.9328380e+01  -4.3000000e+01  -2.2782635e+02   1.0904569e+02   2.1000000e+01  -2.8000000e+01  -3.9027234e+01
   7.9078827e+01  -4.3000000e+01  -2.2982128e+02   1.1378812e+02   2.1000000e+01  -2.8000000e+01  -4.4881973e+01
   7.8399823e+01  -4.3000000e+01  -2.3183122e+02   1.1843491e+02   2.1000000e+01  -2.8000000e+01  -4.9918534e+01
   7.7538577e+01  -4.3000000e+01  -2.3257503e+02   1.2345490e+02   2.1000000e+01  -2.8000000e+01  -5.5002752e+01
   7.7183364e+01  -4.3000000e+01  -2.3349656e+02   1.2832338e+02   2.1000000e+01  -2.8000000e+01  -6.0077665e+01
   7.6869350e+01  -4.3000000e+01  -2.3444625e+02   1.3239831e+02   2.1000000e+01  -2.8000000e+01  -6.5398061e+01
   7.6077519e+01  -4.3000000e+01  -2.3539173e+02   1.3642635e+02   2.1000000e+01  -2.8000000e+01  -7.0781280e+01
   7.7335010e+01  -4.3000000e+01  -2.3560149e+02   1.4122161e+02   2.1000000e+01  -2.8000000e+01  -7.5508568e+01
   8.0618724e+01  -4.3000000e+01  -2.3554946e+02   1.4568596e+02   2.1000000e+01  -2.8000000e+01  -7.8178422e+01
   8.3964828e+01  -4.3000000e+01  -2.3488796e+02   1.4848825e+02   2.1000000e+01  -2.8000000e+01  -7.8785490e+01
   8.6670250e+01  -4.3000000e+01  -2.3496172e+02   1.5104570e+02   2.1000000e+01  -2.8000000e+01  -7.8650605e+01
   8.9229327e+01  -4.3000000e+01  -2.3478166e+02   1.5164112e+02   2.1000000e+01  -2.8000000e+01  -7.4629563e+01
   9.2416533e+01  -4.3000000e+01  -2.3625393e+02   1.5099684e+02   2.1000000e+01  -2.8000000e+01  -6.9001534e+01
   9.7830689e+01  -4.3000000e+01  -2.3900688e+02   1.4800924e+02   2.1000000e+01  -2.8000000e+01  -6.2247893e+01
   9.9705552e+01  -4.3000000e+01  -2.4141532e+02   1.4381828e+02   2.1000000e+01  -2.8000000e+01  -5.4484461e+01
   1.0247862e+02  -4.3000000e+01  -2.4323417e+02   1.3797445e+02   2.1000000e+01  -2.8000000e+01  -4.6227256e+01
   1.0396699e+02  -4.3000000e+01  -2.4479589e+02   1.3256937e+02   2.1000000e+01  -2.8000000e+01  -3.7263479e+01
   1.0464315e+02  -4.3000000e+01  -2.4902594e+02   1.2784476e+02   2.1000000e+01  -2.8000000e+01  -2.7260758e+01
   1.0471514e+02  -4.3000000e+01  -2.5216955e+02   1.2337791e+02   2.1000000e+01  -2.8000000e+01  -1.6909041e+01
   1.0082896e+02  -4.3000000e+01  -2.4933110e+02   1.1626081e+02   2.1000000e+01  -2.8000000e+01  -6.4943930e+00
   1.0230752e+02  -4.3000000e+01  -2.5215161e+02   1.1018382e+02   2.1000000e+01  -2.8000000e+01   4.1576054e+00
   1.0028441e+02  -4.3000000e+01  -2.5343762e+02   1.0580839e+02   2.1000000e+01  -2.8000000e+01   1.5041829e+01
   9.4730268e+01  -4.3000000e+01  -2.5226698e+02   1.0261504e+02   2.1000000e+01  -2.8000000e+01   2.5830370e+01
   9.1955437e+01  -4.3000000e+01  -2.5194303e+02   9.8669268e+01   2.1000000e+01  -2.8000000e+01   3.6090652e+01
   9.3335330e+01  -4.3000000e+01  -2.5052555e+02   9.4887895e+01   2.1000000e+01  -2.8000000e+01   4.4840610e+01
   9.7441848e+01  -4.3000000e+01  -2.5003618e+02   9.1534148e+01   2.1000000e+01  -2.8000000e+01   4.9196137e+01
   9.7134151e+01  -4.3000000e+01  -2.4708622e+02   8.9224634e+01   2.1000000e+01  -2.8000000e+01   4.9463206e+01
   9.6153739e+01  -4.3000000e+01  -2.4407300e+02   8.6411146e+01   2.1000000e+01  -2.8000000e+01   4.6983592e+01
   9.5082429e+01  -4.3000000e+01  -2.4078607e+02   8.3764228e+01   2.1000000e+01  -2.8000000e+01   4.4193861e+01
   9.4135146e+01  -4.3000000e+01  -2.3793256e+02   8.1190628e+01   2.1000000e+01  -2.8000000e+01   3.9881138e+01
   9.2106003e+01  -4.3000000e+01  -2.3482254e+02   7.9023245e+01   2.1000000e+01  -2.8000000e+01   3.5467810e+01
   9.0575430e+01  -4.3000000e+01  -2.3252309e+02   7.8163200e+01   2.1000000e+01  -2.8000000e+01   3.0071027e+01
   8.9965334e+01  -4.3000000e+01  -2.3017728e+02   7.7756629e+01   2.1000000e+01  -2.8000000e+01   2.5000544e+01
   8.8574691e+01  -4.3000000e+01  -2.2809368e+02   7.7914393e+01   2.1000000e+01  -2.8000000e+01   2.0059442e+01
   8.6182233e+01  -4.3000000e+01  -2.2573422e+02   7.8890270e+01   2.1000000e+01  -2.8000000e+01   1.6186514e+01
   8.4936554e+01  -4.3000000e+01  -2.2431830e+02   8.0149041e+01   2.1000000e+01  -2.8000000e+01   1.0527014e+01
   8.4059639e+01  -4.3000000e+01  -2.2287892e+02   8.1579371e+01   2.1000000e+01  -2.8000000e+01   4.3780510e+00
   8.3724110e+01  -4.3000000e+01  -2.2237635e+02   8.3961950e+01   2.1000000e+01  -2.8000000e+01  -2.6726729e+00
   8.2574759e+01  -4.3000000e+01  -2.2213590e+02   8.7654342e+01   2.1000000e+01  -2.8000000e+01  -8.5688130e+00
   8.2009267e+01  -4.3000000e+01  -2.2255717e+02   9.2213172e+01   2.1000000e+01  -2.8000000e+01  -1.4944786e+01
   8.1465516e+01  -4.3000000e+01  -2.2334053e+02   9.6451401e+01   2.1000000e+01  -2.8000000e+01  -2.1504988e+01
   8.0646171e+01  -4.3000000e+01  -2.2425886e+02   1.0091498e+02   2.1000000e+01  -2.8000000e+01  -2.9063934e+01
   7.9870076e+01  -4.3000000e+01  -2.2582938e+02   1.0562144e+02   2.1000000e+01  -2.8000000e+01  -3.5783905e+01
   7.9121676e+01  -4.3000000e+01  -2.2778756e+02   1.1044080e+02   2.1000000e+01  -2.8000000e+01  -4.2266043e+01
   7.9236512e+01  -4.3000000e+01  -2.3035834e+02   1.1531389e+02   2.1000000e+01  -2.8000000e+01  -4.8063076e+01
   7.8303475e+01  -4.3000000e+01  -2.3113797e+02   1.2095041e+02   2.1000000e+01  -2.8000000e+01  -5.3091890e+01
   7.7309324e+01  -4.3000000e+01  -2.3235715e+02   1.2618726e+02   2.1000000e+01  -2.8000000e+01  -5.8311506e+01
   7.6543916e+01  -4.3000000e+01  -2.3393718e+02   1.3114225e+02   2.1000000e+01  -2.8000000e+01  -6.3588934e+01
   7.6232032e+01  -4.3000000e+01  -2.3532704e+02   1.3542379e+02   2.1000000e+01  -2.8000000e+01  -6.8529679e+01
   7.5953340e+01  -4.3000000e+01  -2.3606755e+02   1.3926266e+02   2.1000000e+01  -2.8000000e+01  -7.3030513e+01
   7.7168785e+01  -4.3000000e+01  -2.3592521e+02   1.4303415e+02   2.1000000e+01  -2.8000000e+01  -7.6831610e+01
   7.9977888e+01  -4.3000000e+01  -2.3532727e+02   1.4626862e+02   2.1000000e+01  -2.8000000e+01  -7.9320394e+01
   8.2157894e+01  -4.3000000e+01  -2.3459983e+02   1.4849500e+02   2.1000000e+01  -2.8000000e+01  -7.8881460e+01
   8.3848215e+01  -4.3000000e+01  -2.3350000e+02   1.4896338e+02   2.1000000e+01  -2.8000000e+01  -7.6453291e+01
   8.7991790e+01  -4.3000000e+01  -2.3384539e+02   1.4859724e+02   2.1000000e+01  -2.8000000e+01  -7.1782459e+01
   9.0644367e+01  -4.3000000e+01  -2.3569766e+02   1.4694978e+02   2.1000000e+01  -2.8000000e+01  -6.6790139e+01
   9.4505839e+01  -4.3000000e+01  -2.3830727e+02   1.4448875e+02   2.1000000e+01  -2.8000000e+01  -5.9918574e+01
   9.8866079e+01  -4.3000000e+01  -2.4180044e+02   1.4155822e+02   2.1000000e+01  -2.8000000e+01  -5.2081063e+01
   1.0017818e+02  -4.3000000e+01  -2.4345143e+02   1.3685174e+02   2.1000000e+01  -2.8000000e+01  -4.3345375e+01
   1.0165107e+02  -4.3000000e+01  -2.4616120e+02   1.3137250e+02   2.1000000e+01  -2.8000000e+01  -3.4164572e+01
   1.0216859e+02  -4.3000000e+01  -2.4919236e+02   1.2629723e+02   2.1000000e+01  -2.8000000e+01  -2.4368764e+01
   1.0464552e+02  -4.3000000e+01  -2.5304341e+02   1.2231077e+02   2.1000000e+01  -2.8000000e+01  -1.3802121e+01
   1.0369963e+02  -4.3000000e+01  -2.5339333e+02   1.1713753e+02   2.1000000e+01  -2.8000000e+01  -3.3133711e+00
   1.0201410e+02  -4.3000000e+01  -2.5167306e+02   1.1103945e+02   2.1000000e+01  -2.8000000e+01   7.1389838e+00
   1.0046300e+02  -4.3000000e+01  -2.5027007e+02   1.0481244e+02   2.1000000e+01  -2.8000000e+01   1.7635312e+01
   9.9071088e+01  -4.3000000e+01  -2.5137597e+02   9.9755709e+01   2.1000000e+01  -2.8000000e+01   2.8010893e+01
   9.4506918e+01  -4.3000000e+01  -2.5082911e+02   9.5294309e+01   2.1000000e+01  -2.8000000e+01   3.7861660e+01
   9.7202792e+01  -4.3000000e+01  -2.5116933e+02   9.0793496e+01   2.1000000e+01  -2.8000000e+01   4.6826522e+01
   9.6995348e+01  -4.3000000e+01  -2.4938334e+02   8.7894061e+01   2.1000000e+01  -2.8000000e+01   5.3296440e+01
   9.7763909e+01  -4.3000000e+01  -2.4726742e+02   8.5331805e+01   2.1000000e+01  -2.8000000e+01   5.7367337e+01
   9.8565668e+01  -4.3000000e+01  -2.4590297e+02   8.2911529e+01   2.1000000e+01  -2.8000000e+01   5.7184792e+01
   9.9024322e+01  -4.3000000e+01  -2.4426107e+02   8.1372019e+01   2.1000000e+01  -2.8000000e+01   5.5597451e+01
   9.8078794e+01  -4.3000000e+01  -2.4173506e+02   7.9632136e+01   2.1000000e+01  -2.8000000e+01   5.3175731e+01
   9.7133266e+01  -4.3000000e+01  -2.3920905e+02   7.7892253e+01   2.1000000e+01  -2.8000000e+01   5.0754012e+01
   9.6204732e+01  -4.3000000e+01  -2.3694120e+02   7.5912305e+01   2.1000000e+01  -2.8000000e+01   4.7915394e+01
   9.4171132e+01  -4.3000000e+01  -2.3417468e+02   7.4378400e+01   2.1000000e+01  -2.8000000e+01   4.5277834e+01
   9.2996113e+01  -4.3000000e+01  -2.3198570e+02   7.2870980e+01   2.1000000e+01  -2.8000000e+01   4.1284070e+01
   9.2599407e+01  -4.3000000e+01  -2.3101051e+02   7.2139454e+01   2.1000000e+01  -2.8000000e+01   3.7530027e+01
   9.2044925e+01  -4.3000000e+01  -2.2990639e+02   7.1985516e+01   2.1000000e+01  -2.8000000e+01   3.4742926e+01
   8.9824318e+01  -4.3000000e+01  -2.2776112e+02   7.2585193e+01   2.1000000e+01  -2.8000000e+01   3.0911935e+01
   8.7568336e+01  -4.3000000e+01  -2.2626943e+02   7.3107924e+01   2.1000000e+01  -2.8000000e+01   2.6258592e+01
   8.7107481e+01  -4.3000000e+01  -2.2444144e+02   7.3922901e+01   2.1000000e+01  -2.8000000e+01   2.2061846e+01
   8.5261738e+01  -4.3000000e+01  -2.2263751e+02   7.4750430e+01   2.1000000e+01  -2.8000000e+01   1.7937035e+01
   8.3255693e+01  -4.3000000e+01  -2.2064908e+02   7.5345227e+01   2.1000000e+01  -2.8000000e+01   1.2991943e+01
   8.3430438e+01  -4.3000000e+01  -2.1911558e+02   7.5774724e+01   2.1000000e+01  -2.8000000e+01   8.1809381e+00
   8.2203204e+01  -4.3000000e+01  -2.1808451e+02   7.7639323e+01   2.1000000e+01  -2.8000000e+01   3.2943033e+00
   8.1349685e+01  -4.3000000e+01  -2.1719637e+02   7.9416047e+01   2.1000000e+01  -2.8000000e+01  -1.8586188e+00
   8.0597410e+01  -4.3000000e+01  -2.1673657e+02   8.1594193e+01   2.1000000e+01  -2.8000000e+01  -6.0899799e+00
   7.9792551e+01  -4.3000000e+01  -2.1641247e+02   8.3744534e+01   2.1000000e+01  -2.8000000e+01  -1.0404880e+01
   7.9451740e+01  -4.3000000e+01  -2.1754648e+02   8.7446136e+01   2.1000000e+01  -2.8000000e+01  -1.4681843e+01
   7.9683855e+01  -4.3000000e+01  -2.1957840e+02   9.1865307e+01   2.1000000e+01  -2.8000000e+01  -1.9311072e+01
   7.9192815e+01  -4.3000000e+01  -2.2124491e+02   9.6455649e+01   2.1000000e+01  -2.8000000e+01  -2.4018235e+01
   7.8127950e+01  -4.3000000e+01  -2.2231608e+02   1.0087324e+02   2.1000000e+01  -2.8000000e+01  -2.9608570e+01
   7.7803692e+01  -4.3000000e+01  -2.2339789e+02   1.0524640e+02   2.1000000e+01  -2.8000000e+01  -3.5056333e+01
   7.7816582e+01  -4.3000000e+01  -2.2544588e+02   1.0955488e+02   2.1000000e+01  -2.8000000e+01  -3.9322537e+01
   7.7886068e+01  -4.3000000e+01  -2.2738980e+02   1.1393789e+02   2.1000000e+01  -2.8000000e+01  -4.3523286e+01
   7.7975858e+01  -4.3000000e+01  -2.2930399e+02   1.1761338e+02   2.1000000e+01  -2.8000000e+01  -4.7079671e+01
   7.8280578e+01  -4.3000000e+01  -2.3118331e+02   1.2129509e+02   2.1000000e+01  -2.8000000e+01  -5.0647614e+01
   7.8813346e+01  -4.3000000e+01  -2.3255042e+02   1.2452868e+02   2.1000000e+01  -2.8000000e+01  -5.4903517e+01
   7.9145625e+01  -4.3000000e+01  -2.3390200e+02   1.2777078e+02   2.1000000e+01  -2.8000000e+01  -5.9184234e+01
   7.9477903e+01  -4.3000000e+01  -2.3525357e+02   1.3101288e+02   2.1000000e+01  -2.8000000e+01  -6.3464952e+01
   7.9695724e+01  -4.3000000e+01  -2.3660829e+02   1.3425167e+02   2.1000000e+01  -2.8000000e+01  -6.7769113e+01
   7.9891203e+01  -4.3000000e+01  -2.3812426e+02   1.3749747e+02   2.1000000e+01  -2.8000000e+01  -7.1414600e+01
   7.9879601e+01  -4.3000000e+01  -2.3960292e+02   1.4072956e+02   2.1000000e+01  -2.8000000e+01  -7.5038098e+01
   7.9064520e+01  -4.3000000e+01  -2.4012438e+02   1.4374650e+02   2.1000000e+01  -2.8000000e+01  -7.8701447e+01
   7.8576128e+01  -4.3000000e+01  -2.4076942e+02   1.4660056e+02   2.1000000e+01  -2.8000000e+01  -8.2393403e+01
   7.7887538e+01  -4.3000000e+01  -2.4068866e+02   1.4879295e+02   2.1000000e+01  -2.8000000e+01  -8.5809861e+01
   7.9064955e+01  -4.3000000e+01  -2.3950919e+02   1.5022487e+02   2.1000000e+01  -2.8000000e+01  -8.7234296e+01
   8.2671499e+01  -4.3000000e+01  -2.3913559e+02   1.5144884e+02   2.1000000e+01  -2.8000000e+01  -8.6831447e+01
   8.5171653e+01  -4.3000000e+01  -2.3820134e+02   1.5101414e+02   2.1000000e+01  -2.8000000e+01  -8.4728405e+01
   8.8952732e+01  -4.3000000e+01  -2.3866714e+02   1.5081051e+02   2.1000000e+01  -2.8000000e+01  -8.2517659e+01
   9.2481344e+01  -4.3000000e+01  -2.4015485e+02   1.5058503e+02   2.1000000e+01  -2.8000000e+01  -7.9622957e+01
   9.6812652e+01  -4.3000000e+01  -2.4181504e+02   1.5014904e+02   2.1000000e+01  -2.8000000e+01  -7.6596138e+01
   9.9952531e+01  -4.3000000e+01  -2.4376293e+02   1.4879334e+02   2.1000000e+01  -2.8000000e+01  -7.1980896e+01
   1.0201422e+02  -4.3000000e+01  -2.4582811e+02   1.4723372e+02   2.1000000e+01  -2.8000000e+01  -6.7369285e+01
   1.0267904e+02  -4.3000000e+01  -2.4822052e+02   1.4405627e+02   2.1000000e+01  -2.8000000e+01  -6.1229800e+01
   1.0290718e+02  -4.3000000e+01  -2.5022695e+02   1.4024926e+02   2.1000000e+01  -2.8000000e+01  -5.4148665e+01
   1.0262069e+02  -4.3000000e+01  -2.5122373e+02   1.3551981e+02   2.1000000e+01  -2.8000000e+01  -4.6314311e+01
   1.0316547e+02  -4.3000000e+01  -2.5331309e+02   1.3172969e+02   2.1000000e+01  -2.8000000e+01  -3.7306392e+01
   1.0390351e+02  -4.3000000e+01  -2.5510988e+02   1.2831533e+02   2.1000000e+01  -2.8000000e+01  -2.7872708e+01
   1.0472688e+02  -4.3000000e+01  -2.5631007e+02   1.2541245e+02   2.1000000e+01  -2.8000000e+01  -1.7686879e+01
   1.0523932e+02  -4.3000000e+01  -2.5825464e+02   1.2210097e+02   2.1000000e+01  -2.8000000e+01  -7.2343229e+00
   1.0397088e+02  -4.3000000e+01  -2.5815080e+02   1.1896302e+02   2.1000000e+01  -2.8000000e+01   3.3507329e+00
   1.0256594e+02  -4.3000000e+01  -2.5863308e+02   1.1567081e+02   2.1000000e+01  -2.8000000e+01   1.3858410e+01
   1.0157304e+02  -4.3000000e+01  -2.5855956e+02   1.1251432e+02   2.1000000e+01  -2.8000000e+01   2.3621065e+01
   1.0100781e+02  -4.3000000e+01  -2.5806641e+02   1.0934856e+02   2.1000000e+01  -2.8000000e+01   3.1900384e+01
   1.0095739e+02  -4.3000000e+01  -2.5649315e+02   1.0645731e+02   2.1000000e+01  -2.8000000e+01   3.8257046e+01
   9.9615169e+01  -4.3000000e+01  -2.5395665e+02   1.0315856e+02   2.1000000e+01  -2.8000000e+01   4.1058415e+01
   9.7857173e+01  -4.3000000e+01  -2.5068848e+02   9.9460253e+01   2.1000000e+01  -2.8000000e+01   4.0967723e+01
   9.5514968e+01  -4.3000000e+01  -2.4676171e+02   9.5604245e+01   2.1000000e+01  -2.8000000e+01   3.9206978e+01
   9.4061438e+01  -4.3000000e+01  -2.4326971e+02   9.1808704e+01   2.1000000e+01  -2.8000000e+01   3.7461942e+01
   9.2444738e+01  -4.3000000e+01  -2.4018191e+02   8.8668221e+01   2.1000000e+01  -2.8000000e+01   3.4558209e+01
   9.1314523e+01  -4.3000000e+01  -2.3734982e+02   8.6247752e+01   2.1000000e+01  -2.8000000e+01   3.1973418e+01
   8.9428044e+01  -4.3000000e+01  -2.3455484e+02   8.4277315e+01   2.1000000e+01  -2.8000000e+01   2.8258259e+01
   8.8963395e+01  -4.3000000e+01  -2.3224759e+02   8.3348583e+01   2.1000000e+01  -2.8000000e+01   2.4884632e+01
   8.8478488e+01  -4.3000000e+01  -2.3013963e+02   8.2440777e+01   2.1000000e+01  -2.8000000e+01   2.0579838e+01
   8.7969382e+01  -4.3000000e+01  -2.2744262e+02   8.2082487e+01   2.1000000e+01  -2.8000000e+01   1.6524411e+01
   8.6332256e+01  -4.3000000e+01  -2.2566854e+02   8.2282602e+01   2.1000000e+01  -2.8000000e+01   1.2934392e+01
   8.5183258e+01  -4.3000000e+01  -2.2447168e+02   8.3107391e+01   2.1000000e+01  -2.8000000e+01   8.8406326e+00
   8.3720202e+01  -4.3000000e+01  -2.2317765e+02   8.4109651e+01   2.1000000e+01  -2.8000000e+01   4.0561164e+00
   8.3460297e+01  -4.3000000e+01  -2.2361174e+02   8.6542503e+01   2.1000000e+01  -2.8000000e+01  -4.7421722e-01
   8.2924335e+01  -4.3000000e+01  -2.2337847e+02   8.9422486e+01   2.1000000e+01  -2.8000000e+01  -6.0083191e+00
   8.2007581e+01  -4.3000000e+01  -2.2333159e+02   9.2617388e+01   2.1000000e+01  -2.8000000e+01  -1.2445253e+01
   8.1489765e+01  -4.3000000e+01  -2.2413707e+02   9.6966229e+01   2.1000000e+01  -2.8000000e+01  -1.8327322e+01
   8.0088093e+01  -4.3000000e+01  -2.2488675e+02   1.0176296e+02   2.1000000e+01  -2.8000000e+01  -2.5744220e+01
   8.0201958e+01  -4.3000000e+01  -2.2670935e+02   1.0673714e+02   2.1000000e+01  -2.8000000e+01  -3.2789846e+01
   7.9289576e+01  -4.3000000e+01  -2.2831056e+02   1.1185524e+02   2.1000000e+01  -2.8000000e+01  -3.9828055e+01
   7.9068595e+01  -4.3000000e+01  -2.3064668e+02   1.1658734e+02   2.1000000e+01  -2.8000000e+01  -4.6105337e+01
   7.7356495e+01  -4.3000000e+01  -2.3076547e+02   1.2146774e+02   2.1000000e+01  -2.8000000e+01  -5.1750262e+01
   7.6771426e+01  -4.3000000e+01  -2.3194594e+02   1.2640700e+02   2.1000000e+01  -2.8000000e+01  -5.7053375e+01
   7.6574888e+01  -4.3000000e+01  -2.3332446e+02   1.3164235e+02   2.1000000e+01  -2.8000000e+01  -6.2896968e+01
   7.6064370e+01  -4.3000000e+01  -2.3470880e+02   1.3682738e+02   2.1000000e+01  -2.8000000e+01  -6.8799445e+01
   7.5328570e+01  -4.3000000e+01  -2.3643527e+02   1.4143040e+02   2.1000000e+01  -2.8000000e+01  -7.4229683e+01
   7.5743468e+01  -4.3000000e+01  -2.3789426e+02   1.4537225e+02   2.1000000e+01  -2.8000000e+01  -7.9297059e+01
   7.7719491e+01  -4.3000000e+01  -2.3899847e+02   1.4875823e+02   2.1000000e+01  -2.8000000e+01  -8.2781452e+01
   8.3835003e+01  -4.3000000e+01  -2.3865651e+02   1.5037233e+02   2.1000000e+01  -2.8000000e+01  -8.3671106e+01
   8.7023361e+01  -4.3000000e+01  -2.3716113e+02   1.5245272e+02   2.1000000e+01  -2.8000000e+01  -8.2484622e+01
   8.8763550e+01  -4.3000000e+01  -2.3499665e+02   1.5163727e+02   2.1000000e+01  -2.8000000e+01  -7.9875574e+01
   9.2445644e+01  -4.3000000e+01  -2.3487255e+02   1.5133833e+02   2.1000000e+01  -2.8000000e+01  -7.6887264e+01
   9.5296472e+01  -4.3000000e+01  -2.3696385e+02   1.5053487e+02   2.1000000e+01  -2.8000000e+01  -7.3456945e+01
   9.7479929e+01  -4.3000000e+01  -2.4010847e+02   1.4964751e+02   2.1000000e+01  -2.8000000e+01  -6.8009937e+01
   9.9144287e+01  -4.3000000e+01  -2.4319990e+02   1.4695815e+02   2.1000000e+01  -2.8000000e+01  -6.1951990e+01
   1.0139428e+02  -4.3000000e+01  -2.4743267e+02   1.4369904e+02   2.1000000e+01  -2.8000000e+01  -5.4321863e+01
   1.0372449e+02  -4.3000000e+01  -2.5271607e+02   1.4010406e+02   2.1000000e+01  -2.8000000e+01  -4.5287707e+01
   1.0500501e+02  -4.3000000e+01  -2.5707334e+02   1.3671963e+02   2.1000000e+01  -2.8000000e+01  -3.5601650e+01
   1.0689780e+02  -4.3000000e+01  -2.6134752e+02   1.3313422e+02   2.1000000e+01  -2.8000000e+01  -2.5192791e+01
   1.0606400e+02  -4.3000000e+01  -2.6243835e+02   1.2839545e+02   2.1000000e+01  -2.8000000e+01  -1.4717081e+01
   1.0310720e+02  -4.3000000e+01  -2.6225744e+02   1.2390162e+02   2.1000000e+01  -2.8000000e+01  -4.0308684e+00
   1.0162510e+02  -4.3000000e+01  -2.6146346e+02   1.1947664e+02   2.1000000e+01  -2.8000000e+01   6.7455161e+00
   9.8762521e+01  -4.3000000e+01  -2.5951564e+02   1.1488028e+02   2.1000000e+01  -2.8000000e+01   1.7503933e+01
   8.8517311e+01  -4.3000000e+01  -2.5275702e+02   1.0944889e+02   2.1000000e+01  -2.8000000e+01   2.7764128e+01
   8.3995002e+01  -4.3000000e+01  -2.5053255e+02   1.0291392e+02   2.1000000e+01  -2.8000000e+01   3.7578421e+01
   8.6829255e+01  -4.3000000e+01  -2.4969318e+02   9.6966037e+01   2.1000000e+01  -2.8000000e+01   4.6230693e+01
   9.4909568e+01  -4.3000000e+01  -2.5070506e+02   9.3295145e+01   2.1000000e+01  -2.8000000e+01   5.2025014e+01
   9.8651210e+01  -4.3000000e+01  -2.4895861e+02   9.1259780e+01   2.1000000e+01  -2.8000000e+01   5.3972777e+01
   9.9474455e+01  -4.3000000e+01  -2.4673352e+02   8.9754097e+01   2.1000000e+01  -2.8000000e+01   5.4017001e+01
   9.7572110e+01  -4.3000000e+01  -2.4400552e+02   8.8016513e+01   2.1000000e+01  -2.8000000e+01   5.1658257e+01
   9.5794296e+01  -4.3000000e+01  -2.4109809e+02   8.5678424e+01   2.1000000e+01  -2.8000000e+01   4.7591861e+01
   9.4251119e+01  -4.3000000e+01  -2.3806181e+02   8.3597683e+01   2.1000000e+01  -2.8000000e+01   4.3743419e+01
   9.4617773e+01  -4.3000000e+01  -2.3611781e+02   8.1489078e+01   2.1000000e+01  -2.8000000e+01   3.9115876e+01
   9.3154324e+01  -4.3000000e+01  -2.3319617e+02   8.0314286e+01   2.1000000e+01  -2.8000000e+01   3.5110976e+01
   9.1162961e+01  -4.3000000e+01  -2.3092782e+02   7.8812179e+01   2.1000000e+01  -2.8000000e+01   3.0836536e+01
   8.8656709e+01  -4.3000000e+01  -2.2841900e+02   7.7848170e+01   2.1000000e+01  -2.8000000e+01   2.7303449e+01
   8.7629561e+01  -4.3000000e+01  -2.2587498e+02   7.6948024e+01   2.1000000e+01  -2.8000000e+01   2.3017237e+01
   8.7278755e+01  -4.3000000e+01  -2.2343673e+02   7.6104135e+01   2.1000000e+01  -2.8000000e+01   1.8669073e+01
   8.6386377e+01  -4.3000000e+01  -2.2135259e+02   7.6734304e+01   2.1000000e+01  -2.8000000e+01   1.4650159e+01
   8.3959414e+01  -4.3000000e+01  -2.1962587e+02   7.7436467e+01   2.1000000e+01  -2.8000000e+01   9.7738591e+00
   8.3071270e+01  -4.3000000e+01  -2.1857934e+02   7.8846251e+01   2.1000000e+01  -2.8000000e+01   4.5262029e+00
   8.2097041e+01  -4.3000000e+01  -2.1740834e+02   8.0384961e+01   2.1000000e+01  -2.8000000e+01  -6.9141874e-01
   8.1325264e+01  -4.3000000e+01  -2.1703779e+02   8.2817606e+01   2.1000000e+01  -2.8000000e+01  -6.1043955e+00
   8.0467314e+01  -4.3000000e+01  -2.1766885e+02   8.5974923e+01   2.1000000e+01  -2.8000000e+01  -1.0940011e+01
   7.9778259e+01  -4.3000000e+01  -2.1878800e+02   9.0265807e+01   2.1000000e+01  -2.8000000e+01  -1.5996699e+01
   7.8353495e+01  -4.3000000e+01  -2.1986559e+02   9.4563649e+01   2.1000000e+01  -2.8000000e+01  -2.1186561e+01
   7.6873516e+01  -4.3000000e+01  -2.2079991e+02   9.9030290e+01   2.1000000e+01  -2.8000000e+01  -2.6848049e+01
   7.6639738e+01  -4.3000000e+01  -2.2214819e+02   1.0315217e+02   2.1000000e+01  -2.8000000e+01  -3.2381054e+01
   7.6641243e+01  -4.3000000e+01  -2.2417328e+02   1.0754836e+02   2.1000000e+01  -2.8000000e+01  -3.7310929e+01
   7.6399923e+01  -4.3000000e+01  -2.2615145e+02   1.1203808e+02   2.1000000e+01  -2.8000000e+01  -4.2273181e+01
   7.6507996e+01  -4.3000000e+01  -2.2809145e+02   1.1659051e+02   2.1000000e+01  -2.8000000e+01  -4.7157545e+01
   7.6311967e+01  -4.3000000e+01  -2.3005724e+02   1.2111063e+02   2.1000000e+01  -2.8000000e+01  -5.2094359e+01
   7.5844761e+01  -4.3000000e+01  -2.3171207e+02   1.2558697e+02   2.1000000e+01  -2.8000000e+01  -5.6422308e+01
   7.8449450e+01  -4.3000000e+01  -2.3310791e+02   1.3044645e+02   2.1000000e+01  -2.8000000e+01  -6.0113307e+01
   8.1712704e+01  -4.3000000e+01  -2.3338180e+02   1.3342775e+02   2.1000000e+01  -2.8000000e+01  -6.0162001e+01
   8.5287883e+01  -4.3000000e+01  -2.3358484e+02   1.3425466e+02   2.1000000e+01  -2.8000000e+01  -5.6600393e+01
   8.7741151e+01  -4.3000000e+01  -2.3535838e+02   1.3454272e+02   2.1000000e+01  -2.8000000e+01  -5.1808272e+01
   9.1129293e+01  -4.3000000e+01  -2.3809561e+02   1.3351301e+02   2.1000000e+01  -2.8000000e+01  -4.5245107e+01
   9.4452266e+01  -4.3000000e+01  -2.4022224e+02   1.3133976e+02   2.1000000e+01  -2.8000000e+01  -3.7597150e+01
   9.6409792e+01  -4.3000000e+01  -2.4095684e+02   1.2768066e+02   2.1000000e+01  -2.8000000e+01  -2.9400969e+01
   9.9283425e+01  -4.3000000e+01  -2.4418967e+02   1.2295077e+02   2.1000000e+01  -2.8000000e+01  -2.0391729e+01
   1.0092638e+02  -4.3000000e+01  -2.4814707e+02   1.1921236e+02   2.1000000e+01  -2.8000000e+01  -1.0819928e+01
   1.0170308e+02  -4.3000000e+01  -2.5141094e+02   1.1577109e+02   2.1000000e+01  -2.8000000e+01  -1.0936804e+00
   1.0204400e+02  -4.3000000e+01  -2.5231706e+02   1.1137697e+02   2.1000000e+01  -2.8000000e+01   8.7380600e+00
   1.0388208e+02  -4.3000000e+01  -2.5297615e+02   1.0736057e+02   2.1000000e+01  -2.8000000e+01   1.8628609e+01
   1.0168552e+02  -4.3000000e+01  -2.5094255e+02   1.0190279e+02   2.1000000e+01  -2.8000000e+01   2.7509073e+01
   9.7872514e+01  -4.3000000e+01  -2.4874229e+02   9.6464949e+01   2.1000000e+01  -2.8000000e+01   3.6002349e+01
   9.7206544e+01  -4.3000000e+01  -2.4890583e+02   9.0979323e+01   2.1000000e+01  -2.8000000e+01   4.3229658e+01
   9.8272435e+01  -4.3000000e+01  -2.4935194e+02   8.7350275e+01   2.1000000e+01  -2.8000000e+01   4.9909865e+01
   9.9355247e+01  -4.3000000e+01  -2.4829105e+02   8.4844976e+01   2.1000000e+01  -2.8000000e+01   5.2253998e+01
   9.7568506e+01  -4.3000000e+01  -2.4530217e+02   8.2580305e+01   2.1000000e+01  -2.8000000e+01   5.1651663e+01
   9.6671005e+01  -4.3000000e+01  -2.4293097e+02   7.9818905e+01   2.1000000e+01  -2.8000000e+01   5.0680084e+01
   9.5011046e+01  -4.3000000e+01  -2.4019482e+02   7.7280086e+01   2.1000000e+01  -2.8000000e+01   4.9642401e+01
   9.3564589e+01  -4.3000000e+01  -2.3769945e+02   7.4657456e+01   2.1000000e+01  -2.8000000e+01   4.8535237e+01
   9.3136298e+01  -4.3000000e+01  -2.3566618e+02   7.2464916e+01   2.1000000e+01  -2.8000000e+01   4.6502250e+01
