   4.0317491e+01   5.5962850e+01  -1.7205915e+02   6.8530975e+01   2.5079622e+01  -4.6480282e+01   9.1070994e+00
   3.8183912e+01   4.1962850e+01  -1.5805922e+02   5.8934560e+01   1.9074457e+01  -4.4750948e+01   1.5428287e+01
   3.6050333e+01   2.7962850e+01  -1.4405928e+02   4.9338145e+01   1.3069292e+01  -4.3021614e+01   2.1749475e+01
   2.6390616e+01   1.3962970e+01  -1.3006906e+02   3.6431323e+01   4.9923813e+00  -5.5320238e+01   2.4455343e+01
   1.6730900e+01  -3.6910328e-02  -1.1607884e+02   2.3524502e+01  -3.0845293e+00  -6.7618862e+01   2.7161211e+01
   7.0711836e+00  -1.4036791e+01  -1.0208861e+02   1.0617680e+01  -1.1161440e+01  -7.9917486e+01   2.9867079e+01
  -2.5885328e+00  -2.8036671e+01  -8.8098391e+01  -2.2891415e+00  -1.9238351e+01  -9.2216110e+01   3.2572948e+01
  -1.1915144e+01  -4.2036528e+01  -8.8425793e+01  -7.5046288e+00  -2.9716818e+01  -9.0591837e+01   3.8757602e+01
  -2.2567872e+01  -5.2122923e+01  -1.0242579e+02  -1.0692007e+01  -3.5703668e+01  -8.6670135e+01   4.2984414e+01
  -3.2374304e+01  -6.1752385e+01  -1.1642567e+02  -1.4877232e+01  -3.5974052e+01  -8.3120408e+01   4.4386703e+01
  -4.2180736e+01  -7.1381846e+01  -1.3042555e+02  -1.9062457e+01  -3.6244436e+01  -7.9570681e+01   4.5788992e+01
  -4.7354987e+01  -5.7381848e+01  -1.4357175e+02  -2.2016361e+01  -3.1872091e+01  -7.5481616e+01   4.6116617e+01
  -4.8984889e+01  -4.3381983e+01  -1.5656482e+02  -2.4146873e+01  -2.3821774e+01  -7.1128655e+01   4.5315434e+01
  -5.0592719e+01  -4.3000000e+01  -1.4300000e+02  -2.6267061e+01  -1.5765517e+01  -6.6770346e+01   4.4507150e+01
  -4.5835591e+01  -4.3000000e+01  -1.4300000e+02  -2.4448351e+01  -1.0530186e+01  -6.1521659e+01   3.9675985e+01
  -4.1765009e+01  -4.3000000e+01  -1.4300000e+02  -2.4990729e+01  -5.9490624e+00  -5.7734757e+01   3.4879773e+01
  -3.7739038e+01  -4.3000000e+01  -1.4300000e+02  -2.5564510e+01  -2.0161553e+00  -5.3930742e+01   2.9550448e+01
  -3.4858211e+01  -4.3000000e+01  -1.4300000e+02  -2.6014161e+01   1.6120655e+00  -5.0084070e+01   2.4665959e+01
  -3.3237219e+01  -4.3000000e+01  -1.4300000e+02  -2.7099814e+01   4.9730327e+00  -4.6822691e+01   2.0602521e+01
  -3.2102996e+01  -4.3000000e+01  -1.4300000e+02  -2.7871942e+01   8.0379942e+00  -4.3225650e+01   1.5990681e+01
  -3.0456883e+01  -4.3000000e+01  -1.4300000e+02  -2.8125336e+01   1.0064666e+01  -3.9610599e+01   1.2364810e+01
  -2.8565224e+01  -4.3000000e+01  -1.4300000e+02  -2.8458614e+01   1.2315852e+01  -3.6303220e+01   7.8795099e+00
  -2.5960665e+01  -4.3000000e+01  -1.4300000e+02  -2.8523713e+01   1.5423382e+01  -3.2957150e+01   3.7032806e+00
  -2.3361235e+01  -4.3000000e+01  -1.4300000e+02  -2.8330980e+01   1.8397869e+01  -2.9523740e+01  -9.2101286e-01
  -2.2038230e+01  -4.3000000e+01  -1.4300000e+02  -2.7850001e+01   2.1125497e+01  -2.5849155e+01  -6.2188451e+00
  -2.0755690e+01  -4.3000000e+01  -1.4300000e+02  -2.6827424e+01   2.4156701e+01  -2.2049232e+01  -1.1208229e+01
  -1.9379873e+01  -4.3000000e+01  -1.4300000e+02  -2.5776746e+01   2.7666096e+01  -1.8376498e+01  -1.5849807e+01
  -1.7884606e+01  -4.3000000e+01  -1.4300000e+02  -2.5106981e+01   3.1183815e+01  -1.5049404e+01  -2.0590277e+01
  -1.6602082e+01  -4.3000000e+01  -1.4300000e+02  -2.3917423e+01   3.5541705e+01  -1.1294344e+01  -2.4374459e+01
  -1.4806148e+01  -4.3000000e+01  -1.4300000e+02  -2.2678850e+01   4.0824169e+01  -7.7082505e+00  -2.7513373e+01
  -1.1262109e+01  -4.3000000e+01  -1.4300000e+02  -2.1346292e+01   4.4640651e+01  -3.9503114e+00  -3.0608845e+01
  -6.5748570e+00  -4.3000000e+01  -1.4300000e+02  -1.9693921e+01   4.7689150e+01  -1.6758095e-01  -3.3938818e+01
  -1.6138990e+00  -4.3000000e+01  -1.4300000e+02  -1.8521885e+01   5.0791786e+01   3.3694288e+00  -3.6305772e+01
   4.3595444e+00  -4.3000000e+01  -1.4300000e+02  -1.7246839e+01   5.3051535e+01   7.2842434e+00  -3.8021084e+01
   1.0815954e+01  -4.3000000e+01  -1.4300000e+02  -1.6257350e+01   5.4074716e+01   1.1170278e+01  -3.9576017e+01
   1.6795534e+01  -4.3000000e+01  -1.4300000e+02  -1.5616021e+01   5.4580763e+01   1.4797537e+01  -4.1761332e+01
   2.2809988e+01  -4.3000000e+01  -1.4300000e+02  -1.5956345e+01   5.4368604e+01   1.7774333e+01  -4.3988820e+01
   3.1014072e+01  -4.3000000e+01  -1.4300000e+02  -1.6984352e+01   5.6581795e+01   1.9827308e+01  -4.3671787e+01
   3.9758345e+01  -4.3000000e+01  -1.4300000e+02  -1.7891942e+01   5.9409791e+01   2.1727230e+01  -4.1633937e+01
   4.8375891e+01  -4.3000000e+01  -1.4300000e+02  -1.8596967e+01   6.0713804e+01   2.4039023e+01  -3.9395934e+01
   5.5870952e+01  -4.3000000e+01  -1.4300000e+02  -1.9878056e+01   6.0942246e+01   2.5422109e+01  -3.8274044e+01
   6.2609805e+01  -4.3000000e+01  -1.4300000e+02  -2.1712413e+01   6.0515365e+01   2.6496336e+01  -3.6087785e+01
   6.8044956e+01  -4.3000000e+01  -1.4300000e+02  -2.4443074e+01   5.9186754e+01   2.6507227e+01  -3.2747221e+01
   7.1578328e+01  -4.3000000e+01  -1.4300000e+02  -2.8006673e+01   5.8017288e+01   2.5170239e+01  -2.8676456e+01
   7.2118901e+01  -4.3000000e+01  -1.4300000e+02  -3.1407370e+01   5.7107458e+01   2.3230750e+01  -2.3808507e+01
   6.8052821e+01  -4.3000000e+01  -1.4300000e+02  -3.5696133e+01   5.5422601e+01   1.9564125e+01  -1.7630823e+01
   6.2235514e+01  -4.3000000e+01  -1.4300000e+02  -4.1024802e+01   5.3155865e+01   1.4033054e+01  -1.1080922e+01
   5.6360633e+01  -4.3000000e+01  -1.4300000e+02  -4.5991897e+01   5.0586943e+01   8.2272672e+00  -5.2232395e+00
   4.9128091e+01  -4.3000000e+01  -1.4300000e+02  -5.0198261e+01   4.6706190e+01   2.2568792e+00  -2.9656686e-01
   4.2791411e+01  -4.3000000e+01  -1.4300000e+02  -5.4350833e+01   4.1102096e+01  -3.8082271e+00   5.0451804e+00
   3.5465400e+01  -4.3000000e+01  -1.4300000e+02  -5.7489370e+01   3.4469876e+01  -9.3018903e+00   1.1902259e+01
   2.8325846e+01  -4.3000000e+01  -1.4300000e+02  -5.9285387e+01   2.6542324e+01  -1.4076837e+01   1.9848550e+01
   2.0747740e+01  -4.3000000e+01  -1.4300000e+02  -5.8440963e+01   1.9438552e+01  -1.7352763e+01   2.5816940e+01
   1.4268790e+01  -4.3000000e+01  -1.4300000e+02  -5.7284980e+01   1.2224364e+01  -2.0206072e+01   3.1206956e+01
   7.8011676e+00  -4.3000000e+01  -1.4300000e+02  -5.5418021e+01   6.4717043e+00  -2.2113975e+01   3.3401622e+01
   1.5657612e+00  -4.3000000e+01  -1.4300000e+02  -5.3399685e+01   3.4764100e+00  -2.3421320e+01   3.2744711e+01
  -4.1145115e+00  -4.3000000e+01  -1.4300000e+02  -5.1350083e+01   1.7537503e+00  -2.4069183e+01   3.1083718e+01
  -9.3267033e+00  -4.3000000e+01  -1.4300000e+02  -4.9432439e+01   1.3237395e+00  -2.4401896e+01   2.8385665e+01
  -1.3797243e+01  -4.3000000e+01  -1.4300000e+02  -4.7228191e+01   2.0731193e+00  -2.4405485e+01   2.4846631e+01
  -1.6234907e+01  -4.3000000e+01  -1.4300000e+02  -4.5566595e+01   3.6492710e+00  -2.4298524e+01   2.1416040e+01
  -1.7560979e+01  -4.3000000e+01  -1.4300000e+02  -4.3043028e+01   6.0148994e+00  -2.3454658e+01   1.8016158e+01
  -1.8754257e+01  -4.3000000e+01  -1.4300000e+02  -4.1175403e+01   8.3226989e+00  -2.3082830e+01   1.4357977e+01
  -1.9986792e+01  -4.3000000e+01  -1.4300000e+02  -4.0153397e+01   9.8966624e+00  -2.2401522e+01   1.0841099e+01
  -2.0899531e+01  -4.3000000e+01  -1.4300000e+02  -3.9124871e+01   1.2050711e+01  -2.1189330e+01   6.7721690e+00
  -2.1968732e+01  -4.3000000e+01  -1.4300000e+02  -3.7534880e+01   1.3824743e+01  -1.9449428e+01   2.6382225e+00
  -2.2178467e+01  -4.3000000e+01  -1.4300000e+02  -3.6187730e+01   1.5345852e+01  -1.8013209e+01  -2.2040576e+00
  -2.1986444e+01  -4.3000000e+01  -1.4300000e+02  -3.4976392e+01   1.7479354e+01  -1.6528589e+01  -6.7159857e+00
  -2.0867693e+01  -4.3000000e+01  -1.4300000e+02  -3.3875421e+01   1.9857826e+01  -1.4725198e+01  -1.1026284e+01
  -1.9939453e+01  -4.3000000e+01  -1.4300000e+02  -3.3095596e+01   2.1885997e+01  -1.2839792e+01  -1.5304929e+01
  -1.8645127e+01  -4.3000000e+01  -1.4300000e+02  -3.1435989e+01   2.4897543e+01  -1.0234270e+01  -1.9261537e+01
  -1.7664460e+01  -4.3000000e+01  -1.4300000e+02  -2.9468934e+01   2.8627834e+01  -7.5278632e+00  -2.3870976e+01
  -1.6618600e+01  -4.3000000e+01  -1.4300000e+02  -2.8511766e+01   3.2066425e+01  -5.2873646e+00  -2.8544199e+01
  -1.5623253e+01  -4.3000000e+01  -1.4300000e+02  -2.7245514e+01   3.5881799e+01  -2.7171038e+00  -3.2658709e+01
  -1.4133962e+01  -4.3000000e+01  -1.4300000e+02  -2.6312750e+01   3.9670198e+01  -3.2118612e-01  -3.6145982e+01
  -1.2273531e+01  -4.3000000e+01  -1.4300000e+02  -2.5497559e+01   4.2862985e+01   2.0207408e+00  -3.8978610e+01
  -1.0089740e+01  -4.3000000e+01  -1.4300000e+02  -2.4520598e+01   4.6049842e+01   4.5082494e+00  -4.0674108e+01
  -6.0246669e+00  -4.3000000e+01  -1.4300000e+02  -2.3512393e+01   4.9474628e+01   6.9189590e+00  -4.0937982e+01
  -8.7028729e-01  -4.3000000e+01  -1.4300000e+02  -2.2545114e+01   5.2497392e+01   9.5088827e+00  -4.0788283e+01
   4.8836216e+00  -4.3000000e+01  -1.4300000e+02  -2.1202285e+01   5.4333263e+01   1.2469389e+01  -4.1580350e+01
   1.0768831e+01  -4.3000000e+01  -1.4300000e+02  -1.9905680e+01   5.4974301e+01   1.5528385e+01  -4.2949981e+01
   1.7635052e+01  -4.3000000e+01  -1.4300000e+02  -1.9510878e+01   5.6078030e+01   1.7907569e+01  -4.3652155e+01
   2.5312296e+01  -4.3000000e+01  -1.4300000e+02  -1.9847583e+01   5.7796797e+01   1.9975565e+01  -4.2422097e+01
   3.3335286e+01  -4.3000000e+01  -1.4300000e+02  -2.0476447e+01   5.9441525e+01   2.1886897e+01  -4.0564275e+01
   4.0731437e+01  -4.3000000e+01  -1.4300000e+02  -2.1151651e+01   5.9003290e+01   2.3857246e+01  -3.8365282e+01
   4.7695119e+01  -4.3000000e+01  -1.4300000e+02  -2.1973359e+01   5.8967030e+01   2.5200627e+01  -3.4315864e+01
   5.3815224e+01  -4.3000000e+01  -1.4300000e+02  -2.3636069e+01   5.8751909e+01   2.5702300e+01  -3.1016152e+01
   5.9942803e+01  -4.3000000e+01  -1.4300000e+02  -2.6707769e+01   5.8769256e+01   2.4694237e+01  -2.8420257e+01
   6.3158963e+01  -4.3000000e+01  -1.4300000e+02  -3.0559492e+01   5.7618704e+01   2.2602815e+01  -2.5493560e+01
   6.7106457e+01  -4.3000000e+01  -1.4300000e+02  -3.4306652e+01   5.6318087e+01   2.0137326e+01  -2.2436509e+01
   6.9427329e+01  -4.3000000e+01  -1.4300000e+02  -3.7553660e+01   5.4356508e+01   1.7627803e+01  -1.7760310e+01
   6.5663896e+01  -4.3000000e+01  -1.4300000e+02  -4.2046622e+01   5.1319784e+01   1.3038373e+01  -1.1476110e+01
   6.1448895e+01  -4.3000000e+01  -1.4300000e+02  -4.6869132e+01   4.7676137e+01   7.4688412e+00  -4.7641963e+00
   5.7960836e+01  -4.3000000e+01  -1.4300000e+02  -5.0581638e+01   4.4352623e+01   2.2848629e+00   8.3562865e-03
   5.2642821e+01  -4.3000000e+01  -1.4300000e+02  -5.4612701e+01   3.9359314e+01  -3.4846053e+00   6.5930423e+00
   4.5070542e+01  -4.3000000e+01  -1.4300000e+02  -5.7533119e+01   3.3144159e+01  -8.9758723e+00   1.4938461e+01
   3.6150389e+01  -4.3000000e+01  -1.4300000e+02  -5.8478512e+01   2.7307429e+01  -1.3989705e+01   2.3462415e+01
   2.7406934e+01  -4.3000000e+01  -1.4300000e+02  -5.8287373e+01   2.1253728e+01  -1.8209276e+01   3.1195852e+01
   1.9894174e+01  -4.3000000e+01  -1.4300000e+02  -5.7077420e+01   1.5183502e+01  -2.1646246e+01   3.7032472e+01
   1.3001492e+01  -4.3000000e+01  -1.4300000e+02  -5.5489093e+01   1.0419648e+01  -2.4497368e+01   3.7755577e+01
   7.1814622e+00  -4.3000000e+01  -1.4300000e+02  -5.2986050e+01   7.8789997e+00  -2.6069266e+01   3.5972926e+01
   2.2767573e+00  -4.3000000e+01  -1.4300000e+02  -5.0400178e+01   6.5348559e+00  -2.7176078e+01   3.3245668e+01
  -1.3052173e+00  -4.3000000e+01  -1.4300000e+02  -4.7993191e+01   6.2086778e+00  -2.7434633e+01   2.9986761e+01
  -4.2472078e+00  -4.3000000e+01  -1.4300000e+02  -4.5833259e+01   6.3480271e+00  -2.7360976e+01   2.5787306e+01
  -6.7478691e+00  -4.3000000e+01  -1.4300000e+02  -4.3666857e+01   7.6104597e+00  -2.6894228e+01   2.1534000e+01
  -9.3466111e+00  -4.3000000e+01  -1.4300000e+02  -4.1680520e+01   8.8912135e+00  -2.5883194e+01   1.6774791e+01
  -1.2033381e+01  -4.3000000e+01  -1.4300000e+02  -4.0283046e+01   1.1020555e+01  -2.4633786e+01   1.2192212e+01
  -1.4359053e+01  -4.3000000e+01  -1.4300000e+02  -3.9224033e+01   1.2978756e+01  -2.3003493e+01   7.7983473e+00
  -1.4367745e+01  -4.3000000e+01  -1.4300000e+02  -3.7453887e+01   1.5033772e+01  -2.1090197e+01   4.2700147e+00
  -1.4307997e+01  -4.3000000e+01  -1.4300000e+02  -3.5734252e+01   1.7018310e+01  -1.9310637e+01  -6.5384244e-01
  -1.3859871e+01  -4.3000000e+01  -1.4300000e+02  -3.4273358e+01   1.9410520e+01  -1.7380844e+01  -6.0568106e+00
  -1.4027579e+01  -4.3000000e+01  -1.4300000e+02  -3.3166518e+01   2.1698423e+01  -1.5034197e+01  -1.1572527e+01
  -1.4353131e+01  -4.3000000e+01  -1.4300000e+02  -3.1533953e+01   2.4672668e+01  -1.2137711e+01  -1.6207364e+01
  -1.4430833e+01  -4.3000000e+01  -1.4300000e+02  -3.0102158e+01   2.8136646e+01  -9.4186528e+00  -2.1195460e+01
  -1.4452127e+01  -4.3000000e+01  -1.4300000e+02  -2.8819767e+01   3.1658710e+01  -6.8349538e+00  -2.6275235e+01
  -1.3271904e+01  -4.3000000e+01  -1.4300000e+02  -2.7396053e+01   3.5324951e+01  -4.0069347e+00  -3.0886251e+01
  -1.2005978e+01  -4.3000000e+01  -1.4300000e+02  -2.5960846e+01   3.9044314e+01  -1.1284099e+00  -3.4906946e+01
  -9.9784806e+00  -4.3000000e+01  -1.4300000e+02  -2.4599083e+01   4.2584077e+01   1.3517277e+00  -3.8477789e+01
  -8.3252787e+00  -4.3000000e+01  -1.4300000e+02  -2.3805118e+01   4.5319542e+01   3.6969398e+00  -4.1305355e+01
  -4.2691977e+00  -4.3000000e+01  -1.4300000e+02  -2.2857282e+01   4.8965598e+01   6.0708361e+00  -4.1595541e+01
   1.0989280e+00  -4.3000000e+01  -1.4300000e+02  -2.1546964e+01   5.2003040e+01   8.8265607e+00  -4.1717156e+01
   6.4532727e+00  -4.3000000e+01  -1.4300000e+02  -1.9991151e+01   5.4262115e+01   1.1880830e+01  -4.2495244e+01
   1.2157888e+01  -4.3000000e+01  -1.4300000e+02  -1.8865355e+01   5.5323720e+01   1.4734217e+01  -4.3859560e+01
   1.7655539e+01  -4.3000000e+01  -1.4300000e+02  -1.8010531e+01   5.5811431e+01   1.7439100e+01  -4.5442355e+01
   2.4115025e+01  -4.3000000e+01  -1.4300000e+02  -1.7630342e+01   5.6553435e+01   1.9748143e+01  -4.6147934e+01
   3.1151351e+01  -4.3000000e+01  -1.4300000e+02  -1.8061230e+01   5.7467553e+01   2.1712272e+01  -4.5602845e+01
   3.7745764e+01  -4.3000000e+01  -1.4300000e+02  -1.8808028e+01   5.7977495e+01   2.3668109e+01  -4.3405276e+01
   4.3449467e+01  -4.3000000e+01  -1.4300000e+02  -1.9566124e+01   5.7900850e+01   2.4866847e+01  -4.0509751e+01
   4.9913050e+01  -4.3000000e+01  -1.4300000e+02  -2.0866051e+01   5.8443838e+01   2.5374428e+01  -3.6870146e+01
   5.3987245e+01  -4.3000000e+01  -1.4300000e+02  -2.3235312e+01   5.7436670e+01   2.5005186e+01  -3.4565460e+01
   5.7195906e+01  -4.3000000e+01  -1.4300000e+02  -2.6713691e+01   5.6296665e+01   2.3218563e+01  -3.0640222e+01
   5.9676824e+01  -4.3000000e+01  -1.4300000e+02  -3.0544201e+01   5.5106466e+01   2.0780913e+01  -2.5900402e+01
   6.0246608e+01  -4.3000000e+01  -1.4300000e+02  -3.4309105e+01   5.4192964e+01   1.7671547e+01  -2.1857721e+01
   5.9136174e+01  -4.3000000e+01  -1.4300000e+02  -3.8807453e+01   5.2116928e+01   1.3530266e+01  -1.7753920e+01
   5.5069281e+01  -4.3000000e+01  -1.4300000e+02  -4.3452375e+01   4.8590781e+01   8.5772967e+00  -1.2684730e+01
   4.9835075e+01  -4.3000000e+01  -1.4300000e+02  -4.8401468e+01   4.4411970e+01   2.8741454e+00  -5.9305799e+00
   4.5235351e+01  -4.3000000e+01  -1.4300000e+02  -5.2466588e+01   3.9597882e+01  -2.6819582e+00   2.5781970e-01
   4.1345845e+01  -4.3000000e+01  -1.4300000e+02  -5.5255268e+01   3.4812092e+01  -7.6669615e+00   6.0300280e+00
   3.6318286e+01  -4.3000000e+01  -1.4300000e+02  -5.7229749e+01   3.0112557e+01  -1.2554927e+01   1.2958044e+01
   2.9304489e+01  -4.3000000e+01  -1.4300000e+02  -5.8578784e+01   2.4143738e+01  -1.7750399e+01   2.1308390e+01
   2.1390199e+01  -4.3000000e+01  -1.4300000e+02  -5.8564956e+01   1.8612390e+01  -2.2310294e+01   2.9150115e+01
   1.4605701e+01  -4.3000000e+01  -1.4300000e+02  -5.8090913e+01   1.2880622e+01  -2.6422790e+01   3.6868982e+01
   8.0900129e+00  -4.3000000e+01  -1.4300000e+02  -5.5824967e+01   8.2220324e+00  -2.9028096e+01   4.1351791e+01
   2.6526267e+00  -4.3000000e+01  -1.4300000e+02  -5.3341713e+01   4.5664347e+00  -3.0798695e+01   4.3620450e+01
  -2.1590221e+00  -4.3000000e+01  -1.4300000e+02  -5.1117886e+01   2.1739458e+00  -3.2404518e+01   4.2293297e+01
  -6.1017805e+00  -4.3000000e+01  -1.4300000e+02  -4.8959952e+01   1.3188895e+00  -3.3202533e+01   4.0182588e+01
  -8.5779095e+00  -4.3000000e+01  -1.4300000e+02  -4.7518053e+01   1.2113083e+00  -3.3916622e+01   3.7671472e+01
  -9.6770316e+00  -4.3000000e+01  -1.4300000e+02  -4.6060591e+01   1.4186101e+00  -3.4232687e+01   3.5162169e+01
  -1.0569218e+01  -4.3000000e+01  -1.4300000e+02  -4.4534370e+01   2.1910210e+00  -3.4108895e+01   3.2298766e+01
  -1.1457039e+01  -4.3000000e+01  -1.4300000e+02  -4.2554929e+01   3.1305392e+00  -3.3518704e+01   2.9711800e+01
  -1.2546926e+01  -4.3000000e+01  -1.4300000e+02  -4.1098254e+01   4.5589236e+00  -3.2884297e+01   2.5723692e+01
  -1.5013961e+01  -4.3000000e+01  -1.4300000e+02  -4.0397217e+01   5.9171690e+00  -3.1899052e+01   2.2132179e+01
  -1.7445823e+01  -4.3000000e+01  -1.4300000e+02  -3.9985343e+01   7.8445369e+00  -3.0775016e+01   1.9356145e+01
  -1.7995093e+01  -4.3000000e+01  -1.4300000e+02  -3.8825186e+01   9.1695077e+00  -2.9277447e+01   1.6239080e+01
  -1.7580075e+01  -4.3000000e+01  -1.4300000e+02  -3.7442308e+01   1.0916401e+01  -2.7774739e+01   1.2684865e+01
  -1.7138893e+01  -4.3000000e+01  -1.4300000e+02  -3.6267132e+01   1.2691592e+01  -2.6387096e+01   9.0537521e+00
  -1.6297600e+01  -4.3000000e+01  -1.4300000e+02  -3.4920879e+01   1.5242291e+01  -2.4356873e+01   5.5761276e+00
  -1.4606276e+01  -4.3000000e+01  -1.4300000e+02  -3.3412917e+01   1.7695798e+01  -2.2124434e+01   1.3406704e+00
  -1.3804127e+01  -4.3000000e+01  -1.4300000e+02  -3.2996511e+01   1.9948157e+01  -2.0096339e+01  -2.5129296e+00
  -1.2846723e+01  -4.3000000e+01  -1.4300000e+02  -3.1901442e+01   2.2401858e+01  -1.7422751e+01  -6.5064832e+00
  -1.3101298e+01  -4.3000000e+01  -1.4300000e+02  -3.0975738e+01   2.5348630e+01  -1.4867646e+01  -1.1077267e+01
  -1.3407557e+01  -4.3000000e+01  -1.4300000e+02  -3.0267830e+01   2.8220987e+01  -1.2357217e+01  -1.4497659e+01
  -1.3667784e+01  -4.3000000e+01  -1.4300000e+02  -2.9669537e+01   3.1083602e+01  -9.9525397e+00  -1.8002839e+01
  -1.3369144e+01  -4.3000000e+01  -1.4300000e+02  -2.9083312e+01   3.3476674e+01  -7.5984575e+00  -2.1571426e+01
  -1.2321350e+01  -4.3000000e+01  -1.4300000e+02  -2.8950461e+01   3.5528653e+01  -5.5386874e+00  -2.4777620e+01
  -1.1299253e+01  -4.3000000e+01  -1.4300000e+02  -2.8220110e+01   3.7959405e+01  -3.0669953e+00  -2.7692429e+01
  -9.6185833e+00  -4.3000000e+01  -1.4300000e+02  -2.6968801e+01   4.0983669e+01  -4.0360039e-01  -3.0285138e+01
  -6.6257328e+00  -4.3000000e+01  -1.4300000e+02  -2.5607967e+01   4.4006057e+01   2.0276253e+00  -3.2685902e+01
  -3.6323560e+00  -4.3000000e+01  -1.4300000e+02  -2.4610259e+01   4.6360804e+01   4.3074407e+00  -3.5078199e+01
  -4.9185091e-01  -4.3000000e+01  -1.4300000e+02  -2.3705827e+01   4.8755518e+01   6.5686723e+00  -3.6808858e+01
   2.6432158e+00  -4.3000000e+01  -1.4300000e+02  -2.3053397e+01   5.0558563e+01   8.5747532e+00  -3.8741628e+01
   6.1035864e+00  -4.3000000e+01  -1.4300000e+02  -2.2549461e+01   5.1809181e+01   1.0356909e+01  -4.0638111e+01
   9.6923001e+00  -4.3000000e+01  -1.4300000e+02  -2.2353318e+01   5.2419674e+01   1.1981974e+01  -4.2526661e+01
   1.3234531e+01  -4.3000000e+01  -1.4300000e+02  -2.2014598e+01   5.2967471e+01   1.3738475e+01  -4.4376995e+01
   1.6768874e+01  -4.3000000e+01  -1.4300000e+02  -2.1733914e+01   5.3277010e+01   1.5406190e+01  -4.6562405e+01
   2.0264138e+01  -4.3000000e+01  -1.4300000e+02  -2.1314710e+01   5.3543621e+01   1.7186933e+01  -4.8693388e+01
   2.3412610e+01  -4.3000000e+01  -1.4300000e+02  -2.1104905e+01   5.3604604e+01   1.8619152e+01  -5.0348095e+01
   2.6053065e+01  -4.3000000e+01  -1.4300000e+02  -2.0864465e+01   5.3336934e+01   2.0110561e+01  -5.1980962e+01
   2.8599662e+01  -4.3000000e+01  -1.4300000e+02  -2.0286564e+01   5.2978931e+01   2.1930487e+01  -5.3462756e+01
   3.1164951e+01  -4.3000000e+01  -1.4300000e+02  -1.9801664e+01   5.2613345e+01   2.3682740e+01  -5.4957051e+01
   3.3225854e+01  -4.3000000e+01  -1.4300000e+02  -1.9528203e+01   5.2032919e+01   2.5385579e+01  -5.6395735e+01
   3.6777164e+01  -4.3000000e+01  -1.4300000e+02  -1.9969748e+01   5.2159013e+01   2.6537247e+01  -5.6284424e+01
   4.2467784e+01  -4.3000000e+01  -1.4300000e+02  -2.0869590e+01   5.3283180e+01   2.7199068e+01  -5.4677250e+01
   4.7162721e+01  -4.3000000e+01  -1.4300000e+02  -2.1745869e+01   5.4876592e+01   2.7702333e+01  -5.2665422e+01
   5.2400408e+01  -4.3000000e+01  -1.4300000e+02  -2.2825362e+01   5.6470485e+01   2.8064027e+01  -5.0441563e+01
   5.6395827e+01  -4.3000000e+01  -1.4300000e+02  -2.4878672e+01   5.7428677e+01   2.7665850e+01  -4.7386625e+01
   6.0908128e+01  -4.3000000e+01  -1.4300000e+02  -2.7020518e+01   5.8045298e+01   2.7328769e+01  -4.4074045e+01
   6.4453219e+01  -4.3000000e+01  -1.4300000e+02  -2.9208265e+01   5.8081705e+01   2.6717425e+01  -4.0025902e+01
   6.7474885e+01  -4.3000000e+01  -1.4300000e+02  -3.1582576e+01   5.7308906e+01   2.5768767e+01  -3.7011423e+01
   6.9402230e+01  -4.3000000e+01  -1.4300000e+02  -3.4746818e+01   5.5475125e+01   2.3890947e+01  -3.4773290e+01
   7.0755976e+01  -4.3000000e+01  -1.4300000e+02  -3.7978123e+01   5.3048909e+01   2.1545370e+01  -3.1680738e+01
   7.2450362e+01  -4.3000000e+01  -1.4300000e+02  -4.0953990e+01   4.9903368e+01   1.9176120e+01  -2.8968020e+01
   7.2952442e+01  -4.3000000e+01  -1.4300000e+02  -4.3818669e+01   4.6061866e+01   1.6621684e+01  -2.4504166e+01
   7.2781616e+01  -4.3000000e+01  -1.4300000e+02  -4.6860068e+01   4.2232836e+01   1.3614937e+01  -1.8748227e+01
   7.1675071e+01  -4.3000000e+01  -1.4300000e+02  -4.9617212e+01   3.9040966e+01   1.0464855e+01  -1.1726588e+01
   6.7765502e+01  -4.3000000e+01  -1.4300000e+02  -5.2576891e+01   3.5740516e+01   6.5432912e+00  -3.9816168e+00
   6.3191270e+01  -4.3000000e+01  -1.4300000e+02  -5.4979217e+01   3.2329319e+01   2.5363313e+00   3.3331639e+00
   5.7681758e+01  -4.3000000e+01  -1.4300000e+02  -5.6713280e+01   2.6560619e+01  -1.1870273e+00   1.1048863e+01
   5.1131896e+01  -4.3000000e+01  -1.4300000e+02  -5.7860233e+01   2.1360530e+01  -4.9915772e+00   1.7604859e+01
   4.3766960e+01  -4.3000000e+01  -1.4300000e+02  -5.8317259e+01   1.7095095e+01  -8.6144151e+00   2.2787217e+01
   3.6291542e+01  -4.3000000e+01  -1.4300000e+02  -5.7794706e+01   1.4027614e+01  -1.1898541e+01   2.6333967e+01
   2.9148196e+01  -4.3000000e+01  -1.4300000e+02  -5.6343044e+01   1.2028404e+01  -1.4733095e+01   2.7760057e+01
   2.2565048e+01  -4.3000000e+01  -1.4300000e+02  -5.4422892e+01   1.0923270e+01  -1.7216877e+01   2.7371981e+01
   1.6809961e+01  -4.3000000e+01  -1.4300000e+02  -5.2045744e+01   1.0409573e+01  -1.9058811e+01   2.5690828e+01
   1.1289038e+01  -4.3000000e+01  -1.4300000e+02  -4.9483340e+01   1.0580559e+01  -2.0191741e+01   2.4265555e+01
   6.4992258e+00  -4.3000000e+01  -1.4300000e+02  -4.7248369e+01   1.0925471e+01  -2.1066563e+01   2.1689664e+01
   2.4199549e+00  -4.3000000e+01  -1.4300000e+02  -4.5253771e+01   1.1788649e+01  -2.1383793e+01   1.9215343e+01
  -1.1081425e+00  -4.3000000e+01  -1.4300000e+02  -4.3220677e+01   1.2800276e+01  -2.1450736e+01   1.5949370e+01
  -4.0651363e+00  -4.3000000e+01  -1.4300000e+02  -4.1569383e+01   1.4063069e+01  -2.1097243e+01   1.2412856e+01
  -6.4802967e+00  -4.3000000e+01  -1.4300000e+02  -4.0328780e+01   1.5012597e+01  -2.0734961e+01   8.1945357e+00
  -8.0894868e+00  -4.3000000e+01  -1.4300000e+02  -3.8959004e+01   1.6692488e+01  -1.9823111e+01   4.4838056e+00
  -8.8148656e+00  -4.3000000e+01  -1.4300000e+02  -3.7523127e+01   1.8653651e+01  -1.8565037e+01   1.3291667e+00
  -9.5197844e+00  -4.3000000e+01  -1.4300000e+02  -3.6005658e+01   2.0452604e+01  -1.7207294e+01  -2.0701123e+00
  -9.7498811e+00  -4.3000000e+01  -1.4300000e+02  -3.4601919e+01   2.2615130e+01  -1.5779817e+01  -6.5306846e+00
  -9.9726168e+00  -4.3000000e+01  -1.4300000e+02  -3.3503108e+01   2.4563508e+01  -1.4162822e+01  -1.0608521e+01
  -9.4591411e+00  -4.3000000e+01  -1.4300000e+02  -3.2289797e+01   2.6933455e+01  -1.2037457e+01  -1.4674482e+01
  -8.9396677e+00  -4.3000000e+01  -1.4300000e+02  -3.0954213e+01   2.9309200e+01  -9.7733818e+00  -1.8771674e+01
  -8.5982137e+00  -4.3000000e+01  -1.4300000e+02  -2.9474905e+01   3.2303121e+01  -7.1675737e+00  -2.2822492e+01
  -7.1951719e+00  -4.3000000e+01  -1.4300000e+02  -2.7306015e+01   3.5866882e+01  -4.2519959e+00  -2.7703303e+01
  -5.7588440e+00  -4.3000000e+01  -1.4300000e+02  -2.6044534e+01   3.9268592e+01  -1.7231218e+00  -3.2061160e+01
  -3.8298207e+00  -4.3000000e+01  -1.4300000e+02  -2.4649118e+01   4.2584235e+01   1.1131915e+00  -3.5324014e+01
  -1.9834541e+00  -4.3000000e+01  -1.4300000e+02  -2.3455129e+01   4.5186737e+01   3.7619730e+00  -3.8738051e+01
   2.5329256e+00  -4.3000000e+01  -1.4300000e+02  -2.1545705e+01   4.8531880e+01   6.7400554e+00  -3.9413606e+01
   7.4338495e+00  -4.3000000e+01  -1.4300000e+02  -2.0321330e+01   5.0987210e+01   9.4529611e+00  -4.0590655e+01
   1.3078725e+01  -4.3000000e+01  -1.4300000e+02  -1.8862618e+01   5.2889448e+01   1.2712521e+01  -4.1858211e+01
   1.9122685e+01  -4.3000000e+01  -1.4300000e+02  -1.7308903e+01   5.4121253e+01   1.6138529e+01  -4.3993424e+01
   2.4115269e+01  -4.3000000e+01  -1.4300000e+02  -1.6276083e+01   5.4174879e+01   1.9263175e+01  -4.6724650e+01
   2.8370582e+01  -4.3000000e+01  -1.4300000e+02  -1.6231762e+01   5.3763681e+01   2.1734388e+01  -4.9525840e+01
   3.3472242e+01  -4.3000000e+01  -1.4300000e+02  -1.6821416e+01   5.3895828e+01   2.3566850e+01  -5.1742295e+01
   4.0750908e+01  -4.3000000e+01  -1.4300000e+02  -1.8601864e+01   5.6443719e+01   2.3830442e+01  -5.1738718e+01
   4.8450663e+01  -4.3000000e+01  -1.4300000e+02  -1.8581356e+01   5.8469904e+01   2.6176480e+01  -4.9395675e+01
   5.4574624e+01  -4.3000000e+01  -1.4300000e+02  -1.9514713e+01   5.9396641e+01   2.7950506e+01  -4.7111224e+01
   6.1342330e+01  -4.3000000e+01  -1.4300000e+02  -2.0376911e+01   5.9291420e+01   2.9904186e+01  -4.4985248e+01
   6.6745282e+01  -4.3000000e+01  -1.4300000e+02  -2.2193946e+01   5.8491489e+01   3.0746856e+01  -4.3060773e+01
   6.9992850e+01  -4.3000000e+01  -1.4300000e+02  -2.5321491e+01   5.6883800e+01   3.0275436e+01  -3.9678974e+01
   7.2084598e+01  -4.3000000e+01  -1.4300000e+02  -2.9145919e+01   5.4763684e+01   2.8728932e+01  -3.7054262e+01
   7.1715231e+01  -4.3000000e+01  -1.4300000e+02  -3.3194659e+01   5.3186102e+01   2.5866329e+01  -3.1894734e+01
   6.7995932e+01  -4.3000000e+01  -1.4300000e+02  -3.8387347e+01   5.1629207e+01   2.1452936e+01  -2.4876124e+01
   6.2654232e+01  -4.3000000e+01  -1.4300000e+02  -4.3917499e+01   5.0009541e+01   1.5628099e+01  -1.7756952e+01
   5.6229011e+01  -4.3000000e+01  -1.4300000e+02  -4.9329597e+01   4.6843397e+01   9.4660638e+00  -1.0162839e+01
   5.0559505e+01  -4.3000000e+01  -1.4300000e+02  -5.3881105e+01   4.2384695e+01   3.4600140e+00  -3.7221427e+00
   4.3963419e+01  -4.3000000e+01  -1.4300000e+02  -5.7210179e+01   3.6587076e+01  -2.2988190e+00   3.9131774e+00
   3.7094226e+01  -4.3000000e+01  -1.4300000e+02  -5.9903078e+01   3.0805364e+01  -7.6545385e+00   1.1832431e+01
   2.9728426e+01  -4.3000000e+01  -1.4300000e+02  -6.1020832e+01   2.5450482e+01  -1.2667687e+01   1.9509215e+01
   2.0184580e+01  -4.3000000e+01  -1.4300000e+02  -5.9410399e+01   2.1001865e+01  -1.6699550e+01   2.5690558e+01
   1.1276920e+01  -4.3000000e+01  -1.4300000e+02  -5.7812404e+01   1.6408927e+01  -2.0758890e+01   3.1631028e+01
   3.6168708e+00  -4.3000000e+01  -1.4300000e+02  -5.6032049e+01   1.1752665e+01  -2.4314372e+01   3.6388710e+01
  -5.0586418e-01  -4.3000000e+01  -1.4300000e+02  -5.4847456e+01   6.6918233e+00  -2.7500777e+01   4.0134708e+01
  -3.8324767e+00  -4.3000000e+01  -1.4300000e+02  -5.2948357e+01   4.6469916e+00  -2.9249920e+01   4.0077556e+01
  -6.4884904e+00  -4.3000000e+01  -1.4300000e+02  -5.0778006e+01   4.1693343e+00  -3.0303242e+01   3.8755977e+01
  -8.3519238e+00  -4.3000000e+01  -1.4300000e+02  -4.8549191e+01   4.7896789e+00  -3.1109463e+01   3.6114729e+01
  -1.0204776e+01  -4.3000000e+01  -1.4300000e+02  -4.6535919e+01   5.7102330e+00  -3.1556802e+01   3.2347721e+01
  -1.1910024e+01  -4.3000000e+01  -1.4300000e+02  -4.4464470e+01   6.9874027e+00  -3.1179231e+01   2.9026494e+01
  -1.3893399e+01  -4.3000000e+01  -1.4300000e+02  -4.3328579e+01   8.1524869e+00  -3.0772604e+01   2.4431370e+01
  -1.5181608e+01  -4.3000000e+01  -1.4300000e+02  -4.2258500e+01   9.8015400e+00  -2.9921552e+01   2.0936479e+01
  -1.5373232e+01  -4.3000000e+01  -1.4300000e+02  -4.0966693e+01   1.0690478e+01  -2.8852968e+01   1.7156448e+01
  -1.4963578e+01  -4.3000000e+01  -1.4300000e+02  -3.9124324e+01   1.2493681e+01  -2.7239375e+01   1.4286124e+01
  -1.3912920e+01  -4.3000000e+01  -1.4300000e+02  -3.7776372e+01   1.4097734e+01  -2.5812512e+01   1.0429165e+01
  -1.2788971e+01  -4.3000000e+01  -1.4300000e+02  -3.6939508e+01   1.6105508e+01  -2.4224776e+01   6.6099198e+00
  -1.2496820e+01  -4.3000000e+01  -1.4300000e+02  -3.5794706e+01   1.8802629e+01  -2.1918603e+01   2.9875534e+00
  -1.2263407e+01  -4.3000000e+01  -1.4300000e+02  -3.4347769e+01   2.1491494e+01  -1.9428895e+01  -1.0686410e+00
  -1.1885611e+01  -4.3000000e+01  -1.4300000e+02  -3.3328107e+01   2.3858835e+01  -1.7274419e+01  -5.6016485e+00
  -1.2083808e+01  -4.3000000e+01  -1.4300000e+02  -3.2082495e+01   2.6550678e+01  -1.4734253e+01  -1.0075400e+01
  -1.2220044e+01  -4.3000000e+01  -1.4300000e+02  -3.0925563e+01   2.9206128e+01  -1.2243324e+01  -1.4523850e+01
  -1.2384832e+01  -4.3000000e+01  -1.4300000e+02  -2.9838510e+01   3.1720790e+01  -9.6724212e+00  -1.8444794e+01
  -1.2354311e+01  -4.3000000e+01  -1.4300000e+02  -2.8738430e+01   3.4583877e+01  -7.1191396e+00  -2.2195496e+01
  -1.0694514e+01  -4.3000000e+01  -1.4300000e+02  -2.7124046e+01   3.7791332e+01  -4.3669110e+00  -2.5646681e+01
  -8.6241693e+00  -4.3000000e+01  -1.4300000e+02  -2.5289583e+01   4.1461157e+01  -1.3312377e+00  -2.8381135e+01
  -6.3248796e+00  -4.3000000e+01  -1.4300000e+02  -2.4126482e+01   4.4520103e+01   1.3164795e+00  -3.1235477e+01
  -3.1951582e+00  -4.3000000e+01  -1.4300000e+02  -2.3302310e+01   4.6695206e+01   3.9272832e+00  -3.3976462e+01
   3.8842386e-01  -4.3000000e+01  -1.4300000e+02  -2.2438475e+01   4.8697788e+01   6.5607340e+00  -3.6252291e+01
   4.4674872e+00  -4.3000000e+01  -1.4300000e+02  -2.1842819e+01   4.9960114e+01   8.9575835e+00  -3.8374875e+01
   8.4812387e+00  -4.3000000e+01  -1.4300000e+02  -2.1047441e+01   5.1131485e+01   1.1538279e+01  -4.0441723e+01
   1.2828210e+01  -4.3000000e+01  -1.4300000e+02  -2.0442619e+01   5.1681432e+01   1.3893803e+01  -4.1979172e+01
   1.8124802e+01  -4.3000000e+01  -1.4300000e+02  -2.0956848e+01   5.2944958e+01   1.5390251e+01  -4.2467149e+01
   2.3921817e+01  -4.3000000e+01  -1.4300000e+02  -2.2275538e+01   5.5050122e+01   1.5918159e+01  -4.1017958e+01
   2.9376101e+01  -4.3000000e+01  -1.4300000e+02  -2.4041937e+01   5.7111530e+01   1.5730561e+01  -3.7928179e+01
   3.2987885e+01  -4.3000000e+01  -1.4300000e+02  -2.6020364e+01   5.7201476e+01   1.5689195e+01  -3.4624987e+01
   3.4930732e+01  -4.3000000e+01  -1.4300000e+02  -2.9108612e+01   5.6645492e+01   1.4304519e+01  -3.1201370e+01
   3.6011970e+01  -4.3000000e+01  -1.4300000e+02  -3.2996434e+01   5.5150581e+01   1.1995983e+01  -2.7580962e+01
   3.6059301e+01  -4.3000000e+01  -1.4300000e+02  -3.6413028e+01   5.3518180e+01   9.0705219e+00  -2.3676616e+01
   3.4348499e+01  -4.3000000e+01  -1.4300000e+02  -4.0845308e+01   4.9840025e+01   5.0908804e+00  -1.9747422e+01
   2.9404911e+01  -4.3000000e+01  -1.4300000e+02  -4.5195895e+01   4.4177766e+01   1.0365679e-01  -1.3762409e+01
   2.5051212e+01  -4.3000000e+01  -1.4300000e+02  -4.9249293e+01   3.7244812e+01  -5.1483774e+00  -7.2622829e+00
   2.1440023e+01  -4.3000000e+01  -1.4300000e+02  -5.2408385e+01   3.0967660e+01  -1.0355183e+01  -1.4442806e-01
   1.7562542e+01  -4.3000000e+01  -1.4300000e+02  -5.5110865e+01   2.5339906e+01  -1.5300162e+01   7.5974730e+00
   1.3136208e+01  -4.3000000e+01  -1.4300000e+02  -5.6419999e+01   2.0704432e+01  -1.9604934e+01   1.3293905e+01
   8.3847524e+00  -4.3000000e+01  -1.4300000e+02  -5.5959514e+01   1.6077865e+01  -2.3111415e+01   2.0290564e+01
   3.5152192e+00  -4.3000000e+01  -1.4300000e+02  -5.5288802e+01   1.0610674e+01  -2.6387331e+01   2.7041748e+01
  -1.2640690e+00  -4.3000000e+01  -1.4300000e+02  -5.3635057e+01   5.6857989e+00  -2.8462871e+01   3.4107325e+01
  -5.4216112e+00  -4.3000000e+01  -1.4300000e+02  -5.1888052e+01   1.8901975e+00  -3.0278033e+01   3.6549931e+01
  -9.5426434e+00  -4.3000000e+01  -1.4300000e+02  -4.9710878e+01   3.1128953e-01  -3.1329659e+01   3.6019703e+01
  -1.2394882e+01  -4.3000000e+01  -1.4300000e+02  -4.8008139e+01  -3.1605789e-01  -3.2036035e+01   3.5114399e+01
  -1.4753238e+01  -4.3000000e+01  -1.4300000e+02  -4.6272762e+01  -1.3441237e-01  -3.2549661e+01   3.4579525e+01
  -1.5500992e+01  -4.3000000e+01  -1.4300000e+02  -4.4754647e+01   6.7491615e-01  -3.2927784e+01   3.3876363e+01
  -1.6988864e+01  -4.3000000e+01  -1.4300000e+02  -4.3486456e+01   1.1483738e+00  -3.3090701e+01   3.2080640e+01
