   1.9785991e+01   3.0907468e+01  -1.7259265e+02   2.0496236e+01  -1.4345721e+01  -3.0458003e+01   3.7480506e+01
   2.0108340e+01   1.6907485e+01  -1.7200000e+02   1.1807621e+01  -1.1403064e+01  -3.5000000e+01   3.3738414e+01
   2.0589657e+01   2.9075799e+00  -1.7140735e+02   3.4966472e+00  -7.6645440e+00  -3.9541941e+01   3.0758657e+01
   2.1070974e+01  -1.1092326e+01  -1.7081470e+02  -4.8143264e+00  -3.9260236e+00  -4.4083882e+01   2.7778901e+01
   2.1552290e+01  -2.5092231e+01  -1.7022206e+02  -1.3125300e+01  -1.8750328e-01  -4.8625823e+01   2.4799144e+01
   2.2007017e+01  -3.1000000e+01  -1.7200000e+02  -2.1431728e+01   3.5894863e+00  -3.5000000e+01   2.1824277e+01
   1.6231369e+01  -3.1000000e+01  -1.7200000e+02  -2.5972356e+01   1.0665469e+01  -3.5000000e+01   1.9708937e+01
   1.2123223e+01  -3.1000000e+01  -1.7200000e+02  -2.6155626e+01   1.4100422e+01  -3.5000000e+01   1.8031397e+01
   9.3579030e+00  -3.1000000e+01  -1.7200000e+02  -2.5539514e+01   1.6193822e+01  -3.5000000e+01   1.8081540e+01
   7.1968437e+00  -3.1000000e+01  -1.7200000e+02  -2.5062301e+01   1.7691775e+01  -3.5000000e+01   1.6661317e+01
   5.6973727e+00  -3.1000000e+01  -1.7200000e+02  -2.4380340e+01   1.9008960e+01  -3.5000000e+01   1.4783425e+01
   4.6855855e+00  -3.1000000e+01  -1.7200000e+02  -2.4239864e+01   2.0434704e+01  -3.5000000e+01   1.3519744e+01
   4.1684784e+00  -3.1000000e+01  -1.7200000e+02  -2.5537479e+01   2.0529920e+01  -3.5000000e+01   1.1591660e+01
   5.1806571e+00  -3.1000000e+01  -1.7200000e+02  -2.9556165e+01   1.9396747e+01  -3.5000000e+01   8.4965015e+00
   6.5763560e+00  -3.1000000e+01  -1.7200000e+02  -3.2823382e+01   1.7444284e+01  -3.5000000e+01   7.9983718e+00
   7.6723000e+00  -3.1000000e+01  -1.7200000e+02  -3.4822882e+01   1.3831684e+01  -3.5000000e+01   9.6446868e+00
   7.8526664e+00  -3.1000000e+01  -1.7200000e+02  -3.6079543e+01   8.1118185e+00  -3.5000000e+01   1.4100056e+01
   8.0748999e+00  -3.1000000e+01  -1.7200000e+02  -3.7562143e+01   1.8603850e+00  -3.5000000e+01   2.0647225e+01
   8.2049013e+00  -3.1000000e+01  -1.7200000e+02  -3.8994360e+01  -4.0970762e+00  -3.5000000e+01   2.5422748e+01
   7.8544644e+00  -3.1000000e+01  -1.7200000e+02  -4.1459182e+01  -9.4685332e+00  -3.5000000e+01   2.5933672e+01
   7.6627699e+00  -3.1000000e+01  -1.7200000e+02  -4.3035786e+01  -1.4837846e+01  -3.5000000e+01   2.6539303e+01
   6.5135655e+00  -3.1000000e+01  -1.7200000e+02  -4.3430281e+01  -2.1338167e+01  -3.5000000e+01   2.8442183e+01
   5.7873744e+00  -3.1000000e+01  -1.7200000e+02  -4.1574614e+01  -2.7134884e+01  -3.5000000e+01   2.7836493e+01
   6.5955842e+00  -3.1000000e+01  -1.7200000e+02  -3.6085112e+01  -3.1401687e+01  -3.5000000e+01   2.7879272e+01
   6.2152757e+00  -3.1000000e+01  -1.7200000e+02  -3.3771666e+01  -3.2843075e+01  -3.5000000e+01   2.7892587e+01
   4.8961546e+00  -3.1000000e+01  -1.7200000e+02  -3.4149741e+01  -3.1847500e+01  -3.5000000e+01   2.9793805e+01
   4.0045878e+00  -3.1000000e+01  -1.7200000e+02  -3.4912463e+01  -2.9838096e+01  -3.5000000e+01   3.2279181e+01
   3.3554059e+00  -3.1000000e+01  -1.7200000e+02  -3.5955100e+01  -2.8277284e+01  -3.5000000e+01   3.4790895e+01
   3.2400196e+00  -3.1000000e+01  -1.7200000e+02  -3.6680449e+01  -2.6071295e+01  -3.5000000e+01   3.6298303e+01
   3.0620390e+00  -3.1000000e+01  -1.7200000e+02  -3.6955898e+01  -2.3649148e+01  -3.5000000e+01   3.8760154e+01
   2.7470505e+00  -3.1000000e+01  -1.7200000e+02  -3.7461420e+01  -2.1493137e+01  -3.5000000e+01   3.9614609e+01
   2.6338749e+00  -3.1000000e+01  -1.7200000e+02  -3.7941412e+01  -1.9434631e+01  -3.5000000e+01   3.9698051e+01
   2.5300926e+00  -3.1000000e+01  -1.7200000e+02  -3.8625519e+01  -1.7377969e+01  -3.5000000e+01   3.9265218e+01
   2.5602645e+00  -3.1000000e+01  -1.7200000e+02  -3.8826714e+01  -1.5203963e+01  -3.5000000e+01   3.8642416e+01
   2.7445614e+00  -3.1000000e+01  -1.7200000e+02  -3.8520424e+01  -1.2980131e+01  -3.5000000e+01   3.8147337e+01
   2.9433740e+00  -3.1000000e+01  -1.7200000e+02  -3.8235496e+01  -1.0783637e+01  -3.5000000e+01   3.7124475e+01
   3.1273393e+00  -3.1000000e+01  -1.7200000e+02  -3.7715299e+01  -8.7670148e+00  -3.5000000e+01   3.5719573e+01
   3.3930875e+00  -3.1000000e+01  -1.7200000e+02  -3.7539536e+01  -6.7970790e+00  -3.5000000e+01   3.4352972e+01
   3.7842983e+00  -3.1000000e+01  -1.7200000e+02  -3.7151126e+01  -4.9792794e+00  -3.5000000e+01   3.3039559e+01
   4.1815123e+00  -3.1000000e+01  -1.7200000e+02  -3.6514813e+01  -3.2458752e+00  -3.5000000e+01   3.1872102e+01
   3.6904730e+00  -3.1000000e+01  -1.7200000e+02  -3.6160930e+01  -1.4909766e+00  -3.5000000e+01   3.1303486e+01
   3.2610530e+00  -3.1000000e+01  -1.7200000e+02  -3.4842443e+01  -4.8468640e-01  -3.5000000e+01   2.9801334e+01
   3.0454487e+00  -3.1000000e+01  -1.7200000e+02  -3.3846926e+01   1.1372040e+00  -3.5000000e+01   2.7045652e+01
   3.7457006e+00  -3.1000000e+01  -1.7200000e+02  -3.2643619e+01   2.9082644e+00  -3.5000000e+01   2.4021053e+01
   4.1684043e+00  -3.1000000e+01  -1.7200000e+02  -3.1631951e+01   5.1677129e+00  -3.5000000e+01   2.1564165e+01
   4.4130092e+00  -3.1000000e+01  -1.7200000e+02  -2.9915752e+01   7.2675217e+00  -3.5000000e+01   2.0410700e+01
   4.7985278e+00  -3.1000000e+01  -1.7200000e+02  -2.8526222e+01   8.9255302e+00  -3.5000000e+01   1.9559063e+01
   5.1528142e+00  -3.1000000e+01  -1.7200000e+02  -2.7377589e+01   1.0434715e+01  -3.5000000e+01   1.7658659e+01
   5.6585953e+00  -3.1000000e+01  -1.7200000e+02  -2.6248280e+01   1.2145842e+01  -3.5000000e+01   1.6305789e+01
   6.1107212e+00  -3.1000000e+01  -1.7200000e+02  -2.4876907e+01   1.3843812e+01  -3.5000000e+01   1.5158749e+01
   6.0919163e+00  -3.1000000e+01  -1.7200000e+02  -2.3696848e+01   1.5736155e+01  -3.5000000e+01   1.4660501e+01
   5.6620040e+00  -3.1000000e+01  -1.7200000e+02  -2.2982995e+01   1.7857170e+01  -3.5000000e+01   1.3194806e+01
   4.5219413e+00  -3.1000000e+01  -1.7200000e+02  -2.3187658e+01   1.8726976e+01  -3.5000000e+01   1.2619788e+01
   4.0942643e+00  -3.1000000e+01  -1.7200000e+02  -2.4960297e+01   1.8423542e+01  -3.5000000e+01   1.0956733e+01
   4.7072465e+00  -3.1000000e+01  -1.7200000e+02  -2.9353062e+01   1.5829053e+01  -3.5000000e+01   9.7020549e+00
   5.8907019e+00  -3.1000000e+01  -1.7200000e+02  -3.4845272e+01   1.2920858e+01  -3.5000000e+01   6.1202597e+00
   7.0782109e+00  -3.1000000e+01  -1.7200000e+02  -3.7230634e+01   8.5244746e+00  -3.5000000e+01   5.3224589e+00
   7.9157341e+00  -3.1000000e+01  -1.7200000e+02  -3.8200657e+01   2.7278869e+00  -3.5000000e+01   8.9864924e+00
   8.2166819e+00  -3.1000000e+01  -1.7200000e+02  -3.8114955e+01  -2.5421093e+00  -3.5000000e+01   1.3480961e+01
   7.9285362e+00  -3.1000000e+01  -1.7200000e+02  -3.6825110e+01  -7.0446185e+00  -3.5000000e+01   1.8067764e+01
   8.1419363e+00  -3.1000000e+01  -1.7200000e+02  -3.5893706e+01  -1.3048101e+01  -3.5000000e+01   2.0896348e+01
   8.3236168e+00  -3.1000000e+01  -1.7200000e+02  -3.5451212e+01  -1.9102080e+01  -3.5000000e+01   2.2554984e+01
   7.5456259e+00  -3.1000000e+01  -1.7200000e+02  -3.6166954e+01  -2.4553231e+01  -3.5000000e+01   2.3202530e+01
   6.3241863e+00  -3.1000000e+01  -1.7200000e+02  -3.6628390e+01  -2.8880331e+01  -3.5000000e+01   2.5288793e+01
   5.1927557e+00  -3.1000000e+01  -1.7200000e+02  -3.5917329e+01  -3.1582146e+01  -3.5000000e+01   2.7316877e+01
   5.2916694e+00  -3.1000000e+01  -1.7200000e+02  -3.3859110e+01  -3.2666258e+01  -3.5000000e+01   2.9097599e+01
   4.2214114e+00  -3.1000000e+01  -1.7200000e+02  -3.3957398e+01  -3.1257834e+01  -3.5000000e+01   3.2072664e+01
   3.6654097e+00  -3.1000000e+01  -1.7200000e+02  -3.5377516e+01  -2.9253578e+01  -3.5000000e+01   3.3617355e+01
   3.4014228e+00  -3.1000000e+01  -1.7200000e+02  -3.6395655e+01  -2.7089801e+01  -3.5000000e+01   3.5651811e+01
   2.8391180e+00  -3.1000000e+01  -1.7200000e+02  -3.7765167e+01  -2.4571007e+01  -3.5000000e+01   3.7988304e+01
   2.1211425e+00  -3.1000000e+01  -1.7200000e+02  -3.9219238e+01  -2.1878410e+01  -3.5000000e+01   3.8321752e+01
   2.0072439e+00  -3.1000000e+01  -1.7200000e+02  -3.9958845e+01  -1.9893049e+01  -3.5000000e+01   3.9408947e+01
   2.0597314e+00  -3.1000000e+01  -1.7200000e+02  -4.0328927e+01  -1.7867765e+01  -3.5000000e+01   4.0113467e+01
   2.8203163e+00  -3.1000000e+01  -1.7200000e+02  -4.0242936e+01  -1.5727046e+01  -3.5000000e+01   3.9856295e+01
   2.9417379e+00  -3.1000000e+01  -1.7200000e+02  -4.0573944e+01  -1.3473775e+01  -3.5000000e+01   3.9799327e+01
   3.2059110e+00  -3.1000000e+01  -1.7200000e+02  -4.0971575e+01  -1.1599387e+01  -3.5000000e+01   3.9702723e+01
   3.5339461e+00  -3.1000000e+01  -1.7200000e+02  -4.0584278e+01  -9.8230010e+00  -3.5000000e+01   3.8718711e+01
   3.8460802e+00  -3.1000000e+01  -1.7200000e+02  -4.0583577e+01  -8.1147507e+00  -3.5000000e+01   3.7575073e+01
   4.1624425e+00  -3.1000000e+01  -1.7200000e+02  -4.0078188e+01  -7.0531314e+00  -3.5000000e+01   3.6220412e+01
   4.0391209e+00  -3.1000000e+01  -1.7200000e+02  -3.9204570e+01  -5.6523726e+00  -3.5000000e+01   3.4521166e+01
   3.9258727e+00  -3.1000000e+01  -1.7200000e+02  -3.8379402e+01  -4.3908638e+00  -3.5000000e+01   3.3273217e+01
   3.3831864e+00  -3.1000000e+01  -1.7200000e+02  -3.7447390e+01  -3.4746201e+00  -3.5000000e+01   3.3342888e+01
   2.7193074e+00  -3.1000000e+01  -1.7200000e+02  -3.7140212e+01  -2.2909588e+00  -3.5000000e+01   3.1423725e+01
   2.3304315e+00  -3.1000000e+01  -1.7200000e+02  -3.5926097e+01  -1.1267272e+00  -3.5000000e+01   2.9513116e+01
   2.0232518e+00  -3.1000000e+01  -1.7200000e+02  -3.4746080e+01   8.9092223e-02  -3.5000000e+01   2.7380803e+01
   1.8202335e+00  -3.1000000e+01  -1.7200000e+02  -3.3712605e+01   1.4118161e+00  -3.5000000e+01   2.5194091e+01
   2.0759568e+00  -3.1000000e+01  -1.7200000e+02  -3.2894971e+01   2.7313307e+00  -3.5000000e+01   2.2673830e+01
   2.3063939e+00  -3.1000000e+01  -1.7200000e+02  -3.1837913e+01   4.1744403e+00  -3.5000000e+01   2.1675253e+01
   2.6537979e+00  -3.1000000e+01  -1.7200000e+02  -3.1202356e+01   5.6013506e+00  -3.5000000e+01   2.0411879e+01
   3.1699962e+00  -3.1000000e+01  -1.7200000e+02  -3.0490933e+01   6.8973346e+00  -3.5000000e+01   1.9019412e+01
   3.9448075e+00  -3.1000000e+01  -1.7200000e+02  -2.9413809e+01   8.5559494e+00  -3.5000000e+01   1.8360564e+01
   4.6745643e+00  -3.1000000e+01  -1.7200000e+02  -2.8622919e+01   1.0221919e+01  -3.5000000e+01   1.7595113e+01
   4.8432255e+00  -3.1000000e+01  -1.7200000e+02  -2.8419945e+01   1.1379157e+01  -3.5000000e+01   1.7221639e+01
   4.7969001e+00  -3.1000000e+01  -1.7200000e+02  -2.7664502e+01   1.3033175e+01  -3.5000000e+01   1.6881726e+01
   4.7526549e+00  -3.1000000e+01  -1.7200000e+02  -2.7183991e+01   1.4277668e+01  -3.5000000e+01   1.6955919e+01
   4.6577388e+00  -3.1000000e+01  -1.7200000e+02  -2.6511859e+01   1.6036428e+01  -3.5000000e+01   1.7405089e+01
   4.8120429e+00  -3.1000000e+01  -1.7200000e+02  -2.5984070e+01   1.7509476e+01  -3.5000000e+01   1.7248566e+01
   4.8409512e+00  -3.1000000e+01  -1.7200000e+02  -2.6280024e+01   1.8855235e+01  -3.5000000e+01   1.7332481e+01
   5.8637454e+00  -3.1000000e+01  -1.7200000e+02  -2.8584780e+01   1.8494026e+01  -3.5000000e+01   1.6461686e+01
   7.8517922e+00  -3.1000000e+01  -1.7200000e+02  -3.4676911e+01   1.6437978e+01  -3.5000000e+01   1.4885032e+01
   9.2456018e+00  -3.1000000e+01  -1.7200000e+02  -3.9576864e+01   1.3501568e+01  -3.5000000e+01   1.4713924e+01
   1.0190553e+01  -3.1000000e+01  -1.7200000e+02  -4.1796539e+01   7.4443244e+00  -3.5000000e+01   1.6034400e+01
   9.9202487e+00  -3.1000000e+01  -1.7200000e+02  -4.2872195e+01   1.0585721e-01  -3.5000000e+01   1.9748153e+01
   8.9834556e+00  -3.1000000e+01  -1.7200000e+02  -4.2157941e+01  -5.9024770e+00  -3.5000000e+01   2.3468709e+01
   8.2334624e+00  -3.1000000e+01  -1.7200000e+02  -3.9244187e+01  -1.0567786e+01  -3.5000000e+01   2.8724870e+01
   8.2355010e+00  -3.1000000e+01  -1.7200000e+02  -3.7230251e+01  -1.3849213e+01  -3.5000000e+01   3.0580708e+01
   7.1406826e+00  -3.1000000e+01  -1.7200000e+02  -3.6732448e+01  -1.5346211e+01  -3.5000000e+01   3.2604007e+01
   6.0563653e+00  -3.1000000e+01  -1.7200000e+02  -3.6688921e+01  -1.5706772e+01  -3.5000000e+01   3.3035898e+01
   5.3776048e+00  -3.1000000e+01  -1.7200000e+02  -3.7097049e+01  -1.5779700e+01  -3.5000000e+01   3.5470199e+01
   4.5884221e+00  -3.1000000e+01  -1.7200000e+02  -3.7932042e+01  -1.4693343e+01  -3.5000000e+01   3.6667256e+01
   4.6998486e+00  -3.1000000e+01  -1.7200000e+02  -3.8033978e+01  -1.2910980e+01  -3.5000000e+01   3.7754854e+01
   4.8914262e+00  -3.1000000e+01  -1.7200000e+02  -3.7817809e+01  -1.0913885e+01  -3.5000000e+01   3.9108123e+01
   5.4921224e+00  -3.1000000e+01  -1.7200000e+02  -3.7568242e+01  -8.7914877e+00  -3.5000000e+01   4.0197570e+01
   5.8726897e+00  -3.1000000e+01  -1.7200000e+02  -3.7573644e+01  -6.6613442e+00  -3.5000000e+01   3.9408545e+01
   6.4441173e+00  -3.1000000e+01  -1.7200000e+02  -3.7492364e+01  -4.8978714e+00  -3.5000000e+01   3.9729962e+01
   6.7150438e+00  -3.1000000e+01  -1.7200000e+02  -3.7429301e+01  -2.9848746e+00  -3.5000000e+01   4.0356709e+01
   6.9058345e+00  -3.1000000e+01  -1.7200000e+02  -3.7110436e+01  -1.1779493e+00  -3.5000000e+01   3.9604765e+01
   7.0001164e+00  -3.1000000e+01  -1.7200000e+02  -3.7002608e+01   5.8897152e-01  -3.5000000e+01   3.8343284e+01
   6.9217744e+00  -3.1000000e+01  -1.7200000e+02  -3.6546771e+01   2.4301023e+00  -3.5000000e+01   3.6402993e+01
   6.8001522e+00  -3.1000000e+01  -1.7200000e+02  -3.6307459e+01   4.1942006e+00  -3.5000000e+01   3.5098304e+01
   6.7394677e+00  -3.1000000e+01  -1.7200000e+02  -3.6122731e+01   5.5894461e+00  -3.5000000e+01   3.3217534e+01
   6.2076464e+00  -3.1000000e+01  -1.7200000e+02  -3.5184738e+01   7.4682347e+00  -3.5000000e+01   3.2626422e+01
   5.4582056e+00  -3.1000000e+01  -1.7200000e+02  -3.4199537e+01   9.2605970e+00  -3.5000000e+01   3.1260217e+01
   4.6563804e+00  -3.1000000e+01  -1.7200000e+02  -3.3176270e+01   1.0647912e+01  -3.5000000e+01   2.8773159e+01
   4.4692136e+00  -3.1000000e+01  -1.7200000e+02  -3.1752793e+01   1.1965869e+01  -3.5000000e+01   2.5813524e+01
   4.3761771e+00  -3.1000000e+01  -1.7200000e+02  -3.0367581e+01   1.3499007e+01  -3.5000000e+01   2.3828894e+01
   4.3125516e+00  -3.1000000e+01  -1.7200000e+02  -2.8978641e+01   1.5516398e+01  -3.5000000e+01   2.2198689e+01
   4.1305499e+00  -3.1000000e+01  -1.7200000e+02  -2.7722265e+01   1.7285482e+01  -3.5000000e+01   1.9954569e+01
   3.7675503e+00  -3.1000000e+01  -1.7200000e+02  -2.6674182e+01   1.9262819e+01  -3.5000000e+01   1.8350331e+01
   2.8942241e+00  -3.1000000e+01  -1.7200000e+02  -2.5088519e+01   2.1393128e+01  -3.5000000e+01   1.7150418e+01
   2.3981686e+00  -3.1000000e+01  -1.7200000e+02  -2.3962354e+01   2.3033187e+01  -3.5000000e+01   1.5848382e+01
   1.4997576e+00  -3.1000000e+01  -1.7200000e+02  -2.3115022e+01   2.4894529e+01  -3.5000000e+01   1.4960912e+01
   5.1633886e-01  -3.1000000e+01  -1.7200000e+02  -2.2619378e+01   2.6349370e+01  -3.5000000e+01   1.3804727e+01
  -6.2353649e-01  -3.1000000e+01  -1.7200000e+02  -2.2220752e+01   2.7975619e+01  -3.5000000e+01   1.2817757e+01
  -1.0983252e+00  -3.1000000e+01  -1.7200000e+02  -2.3018366e+01   2.8267793e+01  -3.5000000e+01   1.1347305e+01
   1.9187584e-01  -3.1000000e+01  -1.7200000e+02  -2.6221004e+01   2.6602032e+01  -3.5000000e+01   1.0289763e+01
   3.0635701e+00  -3.1000000e+01  -1.7200000e+02  -3.1100542e+01   2.3746695e+01  -3.5000000e+01   7.8311497e+00
   7.0999467e+00  -3.1000000e+01  -1.7200000e+02  -3.4566006e+01   1.9826149e+01  -3.5000000e+01   7.4863913e+00
   9.6626587e+00  -3.1000000e+01  -1.7200000e+02  -3.7187611e+01   1.4773860e+01  -3.5000000e+01   9.4951239e+00
   1.0618216e+01  -3.1000000e+01  -1.7200000e+02  -3.8747647e+01   9.0584657e+00  -3.5000000e+01   1.3606130e+01
   1.1195114e+01  -3.1000000e+01  -1.7200000e+02  -3.9937133e+01   1.7099911e+00  -3.5000000e+01   1.7743623e+01
   1.1505845e+01  -3.1000000e+01  -1.7200000e+02  -4.0459793e+01  -4.9959782e+00  -3.5000000e+01   2.1516322e+01
   1.0384800e+01  -3.1000000e+01  -1.7200000e+02  -4.0638552e+01  -1.1880049e+01  -3.5000000e+01   2.4590043e+01
   8.8019756e+00  -3.1000000e+01  -1.7200000e+02  -4.1044499e+01  -1.7181308e+01  -3.5000000e+01   2.4194908e+01
   7.3230210e+00  -3.1000000e+01  -1.7200000e+02  -4.0613375e+01  -2.1812503e+01  -3.5000000e+01   2.4704609e+01
   6.6651957e+00  -3.1000000e+01  -1.7200000e+02  -3.8485665e+01  -2.5187092e+01  -3.5000000e+01   2.3513421e+01
   6.7441195e+00  -3.1000000e+01  -1.7200000e+02  -3.4472600e+01  -2.7722518e+01  -3.5000000e+01   2.1429247e+01
   8.0686089e+00  -3.1000000e+01  -1.7200000e+02  -3.0709977e+01  -3.0047302e+01  -3.5000000e+01   2.0373828e+01
   7.7645977e+00  -3.1000000e+01  -1.7200000e+02  -2.9712460e+01  -3.0243795e+01  -3.5000000e+01   2.1257880e+01
   6.7250040e+00  -3.1000000e+01  -1.7200000e+02  -3.0811131e+01  -2.9064618e+01  -3.5000000e+01   2.3114929e+01
   5.8142969e+00  -3.1000000e+01  -1.7200000e+02  -3.2338710e+01  -2.7279438e+01  -3.5000000e+01   2.6056037e+01
   4.5918696e+00  -3.1000000e+01  -1.7200000e+02  -3.3858192e+01  -2.5390430e+01  -3.5000000e+01   2.8126962e+01
   3.5763501e+00  -3.1000000e+01  -1.7200000e+02  -3.4918589e+01  -2.3389306e+01  -3.5000000e+01   2.9576454e+01
   3.1647015e+00  -3.1000000e+01  -1.7200000e+02  -3.5678336e+01  -2.1461959e+01  -3.5000000e+01   3.1809429e+01
   3.0039712e+00  -3.1000000e+01  -1.7200000e+02  -3.6392330e+01  -1.9461512e+01  -3.5000000e+01   3.3297419e+01
   2.9641395e+00  -3.1000000e+01  -1.7200000e+02  -3.6930155e+01  -1.7478874e+01  -3.5000000e+01   3.3886868e+01
   3.1693531e+00  -3.1000000e+01  -1.7200000e+02  -3.7281566e+01  -1.5687282e+01  -3.5000000e+01   3.4474598e+01
   3.4073014e+00  -3.1000000e+01  -1.7200000e+02  -3.7521288e+01  -1.3822394e+01  -3.5000000e+01   3.3592431e+01
   3.8609161e+00  -3.1000000e+01  -1.7200000e+02  -3.7273081e+01  -1.2224905e+01  -3.5000000e+01   3.3534868e+01
   4.2751023e+00  -3.1000000e+01  -1.7200000e+02  -3.7012364e+01  -1.0609781e+01  -3.5000000e+01   3.3123950e+01
   4.5924724e+00  -3.1000000e+01  -1.7200000e+02  -3.6976159e+01  -9.1362618e+00  -3.5000000e+01   3.2519510e+01
   4.8389351e+00  -3.1000000e+01  -1.7200000e+02  -3.6604148e+01  -7.4745114e+00  -3.5000000e+01   3.1295950e+01
   5.0749790e+00  -3.1000000e+01  -1.7200000e+02  -3.6118858e+01  -6.1202674e+00  -3.5000000e+01   3.0068530e+01
   5.1738740e+00  -3.1000000e+01  -1.7200000e+02  -3.6084533e+01  -4.8763896e+00  -3.5000000e+01   2.8580096e+01
   5.0557113e+00  -3.1000000e+01  -1.7200000e+02  -3.5310546e+01  -3.8563372e+00  -3.5000000e+01   2.8047489e+01
   4.2184602e+00  -3.1000000e+01  -1.7200000e+02  -3.4676968e+01  -2.7696584e+00  -3.5000000e+01   2.8040952e+01
   3.6651043e+00  -3.1000000e+01  -1.7200000e+02  -3.3791458e+01  -1.6650989e+00  -3.5000000e+01   2.7063274e+01
   3.2512676e+00  -3.1000000e+01  -1.7200000e+02  -3.3141681e+01  -3.7878014e-01  -3.5000000e+01   2.4903580e+01
   3.0028055e+00  -3.1000000e+01  -1.7200000e+02  -3.2765399e+01   6.3299946e-01  -3.5000000e+01   2.3113104e+01
   2.8875053e+00  -3.1000000e+01  -1.7200000e+02  -3.2132110e+01   1.6298081e+00  -3.5000000e+01   2.2116821e+01
   2.9846262e+00  -3.1000000e+01  -1.7200000e+02  -3.1565661e+01   2.9277998e+00  -3.5000000e+01   2.1609825e+01
   3.1323787e+00  -3.1000000e+01  -1.7200000e+02  -3.1251037e+01   4.3736797e+00  -3.5000000e+01   2.0371087e+01
   3.1898884e+00  -3.1000000e+01  -1.7200000e+02  -3.0563647e+01   5.5230557e+00  -3.5000000e+01   2.0256441e+01
   3.3645870e+00  -3.1000000e+01  -1.7200000e+02  -3.0535264e+01   6.7086949e+00  -3.5000000e+01   1.9683157e+01
   3.5858942e+00  -3.1000000e+01  -1.7200000e+02  -3.0202840e+01   7.8224865e+00  -3.5000000e+01   1.9356744e+01
   3.8477400e+00  -3.1000000e+01  -1.7200000e+02  -3.0036040e+01   8.9273328e+00  -3.5000000e+01   1.8927102e+01
   4.2100626e+00  -3.1000000e+01  -1.7200000e+02  -2.9785680e+01   9.7032208e+00  -3.5000000e+01   1.9085126e+01
   4.4612192e+00  -3.1000000e+01  -1.7200000e+02  -2.9348773e+01   1.0478910e+01  -3.5000000e+01   1.9360535e+01
   4.3305739e+00  -3.1000000e+01  -1.7200000e+02  -2.9368780e+01   1.1549679e+01  -3.5000000e+01   2.0070676e+01
   3.9266216e+00  -3.1000000e+01  -1.7200000e+02  -2.9345043e+01   1.2657372e+01  -3.5000000e+01   2.1250523e+01
   3.8900892e+00  -3.1000000e+01  -1.7200000e+02  -3.1585328e+01   1.2896784e+01  -3.5000000e+01   2.1378174e+01
   5.8277561e+00  -3.1000000e+01  -1.7200000e+02  -3.5974061e+01   1.2006622e+01  -3.5000000e+01   1.9973939e+01
   7.2777283e+00  -3.1000000e+01  -1.7200000e+02  -3.9969386e+01   1.1197707e+01  -3.5000000e+01   1.7777136e+01
   8.3378779e+00  -3.1000000e+01  -1.7200000e+02  -4.2145936e+01   7.9482358e+00  -3.5000000e+01   1.8085882e+01
   8.3567380e+00  -3.1000000e+01  -1.7200000e+02  -4.2909695e+01   1.9226751e+00  -3.5000000e+01   1.9447061e+01
   8.0414328e+00  -3.1000000e+01  -1.7200000e+02  -4.2862014e+01  -3.6416434e+00  -3.5000000e+01   2.1718899e+01
   7.5504862e+00  -3.1000000e+01  -1.7200000e+02  -4.0661491e+01  -7.5320256e+00  -3.5000000e+01   2.6781377e+01
   6.7411308e+00  -3.1000000e+01  -1.7200000e+02  -3.8512429e+01  -1.0224256e+01  -3.5000000e+01   3.1561523e+01
   5.7900854e+00  -3.1000000e+01  -1.7200000e+02  -3.7999917e+01  -1.0935577e+01  -3.5000000e+01   3.5642527e+01
   5.0829599e+00  -3.1000000e+01  -1.7200000e+02  -3.8188245e+01  -1.0799261e+01  -3.5000000e+01   3.8400889e+01
   4.3503202e+00  -3.1000000e+01  -1.7200000e+02  -3.8725155e+01  -1.0553934e+01  -3.5000000e+01   4.1026747e+01
   4.0557901e+00  -3.1000000e+01  -1.7200000e+02  -3.8939224e+01  -9.8515976e+00  -3.5000000e+01   4.2498341e+01
   3.9890936e+00  -3.1000000e+01  -1.7200000e+02  -3.9175053e+01  -9.1929925e+00  -3.5000000e+01   4.3309662e+01
   4.2741953e+00  -3.1000000e+01  -1.7200000e+02  -3.9411478e+01  -8.2738115e+00  -3.5000000e+01   4.3255199e+01
   4.7527535e+00  -3.1000000e+01  -1.7200000e+02  -3.9172572e+01  -7.3014130e+00  -3.5000000e+01   4.3538609e+01
   5.1316593e+00  -3.1000000e+01  -1.7200000e+02  -3.9665971e+01  -6.4288731e+00  -3.5000000e+01   4.3818089e+01
   5.4058151e+00  -3.1000000e+01  -1.7200000e+02  -3.9405306e+01  -5.5776454e+00  -3.5000000e+01   4.4434914e+01
   5.3543243e+00  -3.1000000e+01  -1.7200000e+02  -3.9677105e+01  -4.9567578e+00  -3.5000000e+01   4.4173106e+01
   5.6055316e+00  -3.1000000e+01  -1.7200000e+02  -3.9158320e+01  -4.2575490e+00  -3.5000000e+01   4.3610295e+01
   5.8883431e+00  -3.1000000e+01  -1.7200000e+02  -3.8973943e+01  -3.1280003e+00  -3.5000000e+01   4.3344893e+01
   6.0971782e+00  -3.1000000e+01  -1.7200000e+02  -3.8914725e+01  -1.9283732e+00  -3.5000000e+01   4.2557450e+01
   6.4213591e+00  -3.1000000e+01  -1.7200000e+02  -3.8180792e+01  -9.3041190e-01  -3.5000000e+01   4.1280571e+01
   6.4137296e+00  -3.1000000e+01  -1.7200000e+02  -3.8109675e+01  -1.8946001e-01  -3.5000000e+01   4.0922677e+01
   6.3468091e+00  -3.1000000e+01  -1.7200000e+02  -3.8246795e+01   5.6612289e-01  -3.5000000e+01   3.9928661e+01
   5.8862836e+00  -3.1000000e+01  -1.7200000e+02  -3.7749875e+01   1.6178422e+00  -3.5000000e+01   3.8709111e+01
   5.4834197e+00  -3.1000000e+01  -1.7200000e+02  -3.7493661e+01   2.4337735e+00  -3.5000000e+01   3.7853102e+01
   5.0510257e+00  -3.1000000e+01  -1.7200000e+02  -3.7067737e+01   3.2552715e+00  -3.5000000e+01   3.7118174e+01
   4.6611770e+00  -3.1000000e+01  -1.7200000e+02  -3.6861608e+01   4.0331127e+00  -3.5000000e+01   3.6044400e+01
   4.5215086e+00  -3.1000000e+01  -1.7200000e+02  -3.6256998e+01   4.7048435e+00  -3.5000000e+01   3.4507910e+01
   4.3706285e+00  -3.1000000e+01  -1.7200000e+02  -3.5982058e+01   5.5041299e+00  -3.5000000e+01   3.2687097e+01
   4.1584699e+00  -3.1000000e+01  -1.7200000e+02  -3.4980493e+01   6.4396390e+00  -3.5000000e+01   3.1085296e+01
   3.9018309e+00  -3.1000000e+01  -1.7200000e+02  -3.4078864e+01   7.6862209e+00  -3.5000000e+01   2.8954369e+01
   3.2099478e+00  -3.1000000e+01  -1.7200000e+02  -3.3289142e+01   8.9626834e+00  -3.5000000e+01   2.7751873e+01
   2.4871294e+00  -3.1000000e+01  -1.7200000e+02  -3.2182077e+01   1.0210335e+01  -3.5000000e+01   2.6559232e+01
   1.9941321e+00  -3.1000000e+01  -1.7200000e+02  -3.0944914e+01   1.1286508e+01  -3.5000000e+01   2.3336148e+01
   1.8861526e+00  -3.1000000e+01  -1.7200000e+02  -3.0052509e+01   1.2310491e+01  -3.5000000e+01   2.1227392e+01
   2.0629523e+00  -3.1000000e+01  -1.7200000e+02  -2.8968017e+01   1.3386918e+01  -3.5000000e+01   1.8580238e+01
   1.9879771e+00  -3.1000000e+01  -1.7200000e+02  -2.7803463e+01   1.4775013e+01  -3.5000000e+01   1.8015296e+01
   1.8698840e+00  -3.1000000e+01  -1.7200000e+02  -2.7159287e+01   1.5578726e+01  -3.5000000e+01   1.7542899e+01
   1.3693629e+00  -3.1000000e+01  -1.7200000e+02  -2.6415072e+01   1.6685641e+01  -3.5000000e+01   1.7560698e+01
   1.0485179e+00  -3.1000000e+01  -1.7200000e+02  -2.5944110e+01   1.7646839e+01  -3.5000000e+01   1.6663106e+01
   7.4706732e-01  -3.1000000e+01  -1.7200000e+02  -2.5218853e+01   1.8470217e+01  -3.5000000e+01   1.5420680e+01
   5.0172546e-01  -3.1000000e+01  -1.7200000e+02  -2.4678313e+01   1.9348419e+01  -3.5000000e+01   1.4157717e+01
   2.3396623e-01  -3.1000000e+01  -1.7200000e+02  -2.4215909e+01   2.0313271e+01  -3.5000000e+01   1.3394281e+01
  -1.9831428e-01  -3.1000000e+01  -1.7200000e+02  -2.3396279e+01   2.1602791e+01  -3.5000000e+01   1.2585326e+01
  -9.2619595e-01  -3.1000000e+01  -1.7200000e+02  -2.2452639e+01   2.2986559e+01  -3.5000000e+01   1.3043518e+01
  -1.3260576e+00  -3.1000000e+01  -1.7200000e+02  -2.1884710e+01   2.4229332e+01  -3.5000000e+01   1.2206853e+01
  -2.0911205e+00  -3.1000000e+01  -1.7200000e+02  -2.1202506e+01   2.5554791e+01  -3.5000000e+01   1.0794121e+01
  -2.7694650e+00  -3.1000000e+01  -1.7200000e+02  -2.0318160e+01   2.7074069e+01  -3.5000000e+01   8.9399228e+00
  -3.4559411e+00  -3.1000000e+01  -1.7200000e+02  -1.9242817e+01   2.8514760e+01  -3.5000000e+01   7.1458761e+00
  -3.4490706e+00  -3.1000000e+01  -1.7200000e+02  -1.9674113e+01   2.9025520e+01  -3.5000000e+01   7.1326588e+00
  -5.5905073e-01  -3.1000000e+01  -1.7200000e+02  -2.4544087e+01   2.6575254e+01  -3.5000000e+01   6.2025905e+00
   2.9256594e+00  -3.1000000e+01  -1.7200000e+02  -3.0203862e+01   2.2816418e+01  -3.5000000e+01   8.5025533e+00
   6.6723648e+00  -3.1000000e+01  -1.7200000e+02  -3.4694174e+01   1.8892629e+01  -3.5000000e+01   1.3745015e+01
   8.2755467e+00  -3.1000000e+01  -1.7200000e+02  -3.8267627e+01   1.3005984e+01  -3.5000000e+01   2.1177888e+01
   9.8890623e+00  -3.1000000e+01  -1.7200000e+02  -4.0789864e+01   5.6439651e+00  -3.5000000e+01   2.8016825e+01
   8.8146465e+00  -3.1000000e+01  -1.7200000e+02  -4.2246286e+01  -1.5305513e+00  -3.5000000e+01   3.3160512e+01
   7.3260045e+00  -3.1000000e+01  -1.7200000e+02  -4.2599565e+01  -7.5391219e+00  -3.5000000e+01   3.5346177e+01
   5.7210192e+00  -3.1000000e+01  -1.7200000e+02  -4.3068673e+01  -1.2492601e+01  -3.5000000e+01   3.5909589e+01
   4.3133929e+00  -3.1000000e+01  -1.7200000e+02  -4.2949461e+01  -1.6470596e+01  -3.5000000e+01   3.5946115e+01
   3.5142914e+00  -3.1000000e+01  -1.7200000e+02  -4.2899599e+01  -1.9747640e+01  -3.5000000e+01   3.3981262e+01
   2.7522452e+00  -3.1000000e+01  -1.7200000e+02  -4.1956274e+01  -2.2139383e+01  -3.5000000e+01   3.4538956e+01
   2.7638212e+00  -3.1000000e+01  -1.7200000e+02  -3.9948557e+01  -2.3765103e+01  -3.5000000e+01   3.8088030e+01
   3.0317573e+00  -3.1000000e+01  -1.7200000e+02  -3.7727857e+01  -2.4718328e+01  -3.5000000e+01   4.0408391e+01
   2.8337501e+00  -3.1000000e+01  -1.7200000e+02  -3.7111972e+01  -2.4705881e+01  -3.5000000e+01   4.1920590e+01
   2.1829864e+00  -3.1000000e+01  -1.7200000e+02  -3.7528696e+01  -2.3942613e+01  -3.5000000e+01   4.3095180e+01
   1.8230717e+00  -3.1000000e+01  -1.7200000e+02  -3.7905089e+01  -2.2893942e+01  -3.5000000e+01   4.3902592e+01
   1.7149362e+00  -3.1000000e+01  -1.7200000e+02  -3.8532766e+01  -2.0746121e+01  -3.5000000e+01   4.4114774e+01
   2.0759955e+00  -3.1000000e+01  -1.7200000e+02  -3.8761332e+01  -1.8978817e+01  -3.5000000e+01   4.4437535e+01
   2.3883882e+00  -3.1000000e+01  -1.7200000e+02  -3.9005283e+01  -1.6745117e+01  -3.5000000e+01   4.4235317e+01
   2.7762881e+00  -3.1000000e+01  -1.7200000e+02  -3.8656180e+01  -1.4495317e+01  -3.5000000e+01   4.3849780e+01
   2.9794494e+00  -3.1000000e+01  -1.7200000e+02  -3.8460769e+01  -1.2372711e+01  -3.5000000e+01   4.2737574e+01
   3.2546532e+00  -3.1000000e+01  -1.7200000e+02  -3.8175969e+01  -1.0736802e+01  -3.5000000e+01   4.1298108e+01
   3.5298569e+00  -3.1000000e+01  -1.7200000e+02  -3.7891170e+01  -9.1008936e+00  -3.5000000e+01   3.9858643e+01
   3.8595152e+00  -3.1000000e+01  -1.7200000e+02  -3.7726181e+01  -7.3482201e+00  -3.5000000e+01   3.8352620e+01
   4.2042786e+00  -3.1000000e+01  -1.7200000e+02  -3.7232719e+01  -5.9626181e+00  -3.5000000e+01   3.6547966e+01
   4.6369368e+00  -3.1000000e+01  -1.7200000e+02  -3.6754726e+01  -4.6248242e+00  -3.5000000e+01   3.4958866e+01
   4.8998553e+00  -3.1000000e+01  -1.7200000e+02  -3.6884102e+01  -3.0120017e+00  -3.5000000e+01   3.1400994e+01
   5.2179981e+00  -3.1000000e+01  -1.7200000e+02  -3.6050589e+01  -1.5796079e+00  -3.5000000e+01   3.0076330e+01
   4.7285357e+00  -3.1000000e+01  -1.7200000e+02  -3.5084942e+01  -2.0346228e-02  -3.5000000e+01   3.0811250e+01
