   1.9785991e+01   3.0907468e+01  -1.7259265e+02   2.0496236e+01  -1.4345721e+01  -3.0458003e+01   3.7480506e+01
   1.8519446e+01   3.2327011e+01  -1.7295153e+02   2.1245169e+01  -1.2065572e+01  -2.8570449e+01   3.4992443e+01
   1.6819060e+01   3.3615289e+01  -1.7311679e+02   2.2006762e+01  -9.6730623e+00  -2.6685660e+01   3.2696284e+01
   1.5118674e+01   3.4903567e+01  -1.7328205e+02   2.2768356e+01  -7.2805529e+00  -2.4800872e+01   3.0400124e+01
   1.5000000e+01   2.8582097e+01  -1.6999739e+02   1.9030514e+01  -5.1846938e+00  -2.7800042e+01   2.9614657e+01
   1.5000000e+01   2.7769915e+01  -1.6971128e+02   1.8199736e+01  -4.1098496e+00  -2.6726340e+01   2.8445608e+01
   1.5000000e+01   3.0767279e+01  -1.7037128e+02   2.0089961e+01  -2.3954319e+00  -2.4220536e+01   2.6309973e+01
   1.5000000e+01   3.3578413e+01  -1.7015302e+02   2.2247593e+01  -6.4298649e-01  -2.2402118e+01   2.4371450e+01
   1.5000000e+01   3.4058856e+01  -1.6953364e+02   2.3145074e+01   1.4204987e+00  -2.2035178e+01   2.4736093e+01
   1.5000000e+01   3.5373091e+01  -1.6882268e+02   2.4140949e+01   2.6710324e+00  -2.1135774e+01   2.2857572e+01
   1.5000000e+01   3.5993218e+01  -1.6816522e+02   2.4790655e+01   3.6289934e+00  -2.0576019e+01   2.0731683e+01
   1.5000000e+01   3.5699818e+01  -1.6796237e+02   2.4631687e+01   4.5960223e+00  -2.0843650e+01   1.9669549e+01
   1.5000000e+01   3.6950770e+01  -1.6873605e+02   2.4390334e+01   4.0419798e+00  -2.0997937e+01   1.8463554e+01
   1.5000000e+01   3.6165047e+01  -1.6887539e+02   2.2026193e+01   7.3062617e-01  -2.5032953e+01   1.5815305e+01
   1.5000000e+01   3.4661294e+01  -1.6910022e+02   2.0194618e+01  -2.6873045e+00  -2.8629688e+01   1.6418831e+01
   1.5000000e+01   3.2844935e+01  -1.6892799e+02   1.9402098e+01  -7.2175084e+00  -3.1507972e+01   1.8800768e+01
   1.5000000e+01   3.3559253e+01  -1.7057582e+02   2.1559361e+01  -1.1932746e+01  -3.3196417e+01   2.4799396e+01
   1.5000000e+01   3.1255655e+01  -1.7126783e+02   2.1717274e+01  -1.7368057e+01  -3.6419967e+01   3.1937384e+01
   1.5000000e+01   2.6245043e+01  -1.7090599e+02   2.0898460e+01  -2.3325659e+01  -4.1559369e+01   3.4949758e+01
   1.5000000e+01   2.8384999e+01  -1.7144047e+02   2.4841090e+01  -2.8591396e+01  -4.6062297e+01   3.4278189e+01
   1.5000000e+01   2.9026881e+01  -1.7173633e+02   2.9118539e+01  -3.4718761e+01  -5.0866620e+01   3.4426156e+01
   1.5000000e+01   3.0211777e+01  -1.7251261e+02   3.2546936e+01  -4.1409675e+01  -5.2415704e+01   3.6343625e+01
   1.5000000e+01   3.5225700e+01  -1.7581432e+02   3.7512740e+01  -4.4709803e+01  -4.8446652e+01   3.4827646e+01
   1.5000000e+01   3.0819859e+01  -1.7890891e+02   3.8582672e+01  -4.5319503e+01  -4.6240026e+01   3.3834911e+01
   1.5000000e+01   3.0829115e+01  -1.7955265e+02   3.8866438e+01  -4.3862870e+01  -4.6050862e+01   3.4559026e+01
   1.5000000e+01   3.0115089e+01  -1.7771034e+02   3.7618474e+01  -4.1612567e+01  -4.8433067e+01   3.7811782e+01
   1.5000000e+01   3.0760816e+01  -1.7722456e+02   3.8114480e+01  -3.9239968e+01  -4.9614746e+01   4.0605881e+01
   1.5000000e+01   2.9226465e+01  -1.7619382e+02   3.6487181e+01  -3.8314029e+01  -5.0992377e+01   4.2657742e+01
   1.5000000e+01   2.9313356e+01  -1.7608056e+02   3.4512817e+01  -3.5718394e+01  -4.9550916e+01   4.3916234e+01
   1.5000000e+01   2.5439144e+01  -1.7463873e+02   2.9819684e+01  -3.3987382e+01  -4.9019341e+01   4.5780797e+01
   1.5000000e+01   2.5290493e+01  -1.7475934e+02   2.6431922e+01  -3.1859658e+01  -4.6055656e+01   4.6178221e+01
   1.5000000e+01   2.6752788e+01  -1.7441588e+02   2.4889118e+01  -3.0110296e+01  -4.3031002e+01   4.6095670e+01
   1.5000000e+01   2.8205598e+01  -1.7445226e+02   2.3224679e+01  -2.8264839e+01  -4.0012053e+01   4.5808439e+01
   1.5000000e+01   2.8517718e+01  -1.7398666e+02   2.1791751e+01  -2.6252107e+01  -3.8403453e+01   4.5190268e+01
   1.5000000e+01   3.0452968e+01  -1.7430636e+02   2.2676191e+01  -2.3862696e+01  -3.6475778e+01   4.5101661e+01
   1.5000000e+01   2.9480937e+01  -1.7415228e+02   2.2069055e+01  -2.1710317e+01  -3.6449636e+01   4.3915928e+01
   1.5000000e+01   3.1916843e+01  -1.7504369e+02   2.4111828e+01  -1.9337431e+01  -3.5269570e+01   4.2696882e+01
   1.5000000e+01   3.4503191e+01  -1.7473411e+02   2.6191368e+01  -1.7628830e+01  -3.4536826e+01   4.1754122e+01
   1.5000000e+01   3.7033824e+01  -1.7529127e+02   2.8433044e+01  -1.5845440e+01  -3.3540838e+01   4.0623961e+01
   1.5000000e+01   3.5831924e+01  -1.7437525e+02   2.8561201e+01  -1.4641748e+01  -3.4476682e+01   3.9187977e+01
   1.5000000e+01   3.4827101e+01  -1.7328383e+02   2.7266907e+01  -1.3330792e+01  -3.3958824e+01   3.8252493e+01
   1.5000000e+01   3.1856960e+01  -1.7299570e+02   2.5619744e+01  -1.2500145e+01  -3.3937653e+01   3.6169148e+01
   1.5000000e+01   2.9683039e+01  -1.7227371e+02   2.2741288e+01  -1.0987721e+01  -3.2398335e+01   3.2990465e+01
   1.5000000e+01   3.1229667e+01  -1.7223760e+02   2.3200227e+01  -9.2241706e+00  -3.0013449e+01   2.9804208e+01
   1.5000000e+01   3.1268294e+01  -1.7135097e+02   2.2652433e+01  -7.6888797e+00  -2.8679863e+01   2.7751640e+01
   1.5000000e+01   2.8355087e+01  -1.7020178e+02   2.0450314e+01  -6.5599885e+00  -2.7949684e+01   2.6630788e+01
   1.5000000e+01   2.7083944e+01  -1.6962265e+02   1.9540023e+01  -5.4860146e+00  -2.7268279e+01   2.5929779e+01
   1.5000000e+01   2.8300506e+01  -1.6947478e+02   1.9834215e+01  -4.4504384e+00  -2.5154273e+01   2.3711223e+01
   1.5000000e+01   3.1320066e+01  -1.6919373e+02   2.2155513e+01  -2.8851290e+00  -2.3533832e+01   2.2708189e+01
   1.5000000e+01   3.3510897e+01  -1.6887474e+02   2.4258622e+01  -1.3265595e+00  -2.2290823e+01   2.1642905e+01
   1.5000000e+01   3.3710810e+01  -1.6865576e+02   2.5375486e+01   4.7161198e-01  -2.2248402e+01   2.0963683e+01
   1.5000000e+01   3.3049126e+01  -1.6786539e+02   2.4670177e+01   1.7740323e+00  -2.2061455e+01   1.9190103e+01
   1.5000000e+01   3.2972018e+01  -1.6810175e+02   2.4064408e+01   2.3594494e+00  -2.1725125e+01   1.8655038e+01
   1.5000000e+01   3.4140199e+01  -1.6842911e+02   2.3116576e+01   1.6190318e+00  -2.1724516e+01   1.7561283e+01
   1.5000000e+01   3.4804089e+01  -1.6964754e+02   2.1461651e+01  -2.6232220e+00  -2.4603802e+01   1.7596810e+01
   1.5000000e+01   3.1558098e+01  -1.6919706e+02   1.7614988e+01  -7.3861221e+00  -3.0659114e+01   1.3787973e+01
   1.5000000e+01   3.4599481e+01  -1.7007873e+02   2.0270290e+01  -1.2696754e+01  -3.2196535e+01   1.4363488e+01
   1.5000000e+01   3.4477058e+01  -1.7052437e+02   2.3585404e+01  -1.8691824e+01  -3.6013261e+01   1.9754918e+01
   1.5000000e+01   3.3939313e+01  -1.7158891e+02   2.7171473e+01  -2.2323831e+01  -3.9255764e+01   2.4781427e+01
   1.5000000e+01   3.5656356e+01  -1.7402725e+02   3.2958566e+01  -2.4015215e+01  -4.0569507e+01   2.9027861e+01
   1.5000000e+01   3.4497218e+01  -1.7591473e+02   3.4585447e+01  -2.9451601e+01  -4.0829483e+01   3.0341753e+01
   1.5000000e+01   3.4805314e+01  -1.7800561e+02   3.6852129e+01  -3.4804506e+01  -4.1524460e+01   3.1459590e+01
   1.5000000e+01   3.3824776e+01  -1.7846678e+02   3.7495631e+01  -3.9231731e+01  -4.4501133e+01   3.1426240e+01
   1.5000000e+01   3.3154919e+01  -1.7792494e+02   3.7014732e+01  -4.2875370e+01  -4.5818983e+01   3.3919458e+01
   1.5000000e+01   3.1285836e+01  -1.7759097e+02   3.6070912e+01  -4.4147977e+01  -4.6380909e+01   3.5360920e+01
   1.5000000e+01   2.7999898e+01  -1.7892499e+02   3.4129945e+01  -4.2892529e+01  -4.5463001e+01   3.6225399e+01
   1.5000000e+01   2.6671112e+01  -1.7691700e+02   3.1328530e+01  -4.1014052e+01  -4.5372572e+01   3.9882495e+01
   1.5000000e+01   2.8411478e+01  -1.7695534e+02   3.0219843e+01  -3.8468552e+01  -4.4451375e+01   4.1269661e+01
   1.5000000e+01   3.1989033e+01  -1.7753575e+02   3.2306670e+01  -3.5892451e+01  -4.3994914e+01   4.4084313e+01
   1.5000000e+01   2.6910076e+01  -1.7516033e+02   2.6698860e+01  -3.4372413e+01  -4.5114664e+01   4.5335269e+01
   1.5000000e+01   3.0874784e+01  -1.7516380e+02   2.6268922e+01  -3.1805392e+01  -4.1890846e+01   4.5447340e+01
   1.5000000e+01   2.8563079e+01  -1.7403440e+02   2.3496788e+01  -3.0921425e+01  -4.2132570e+01   4.6441710e+01
   1.5000000e+01   2.5830242e+01  -1.7285303e+02   1.9254247e+01  -2.9597352e+01  -4.0950153e+01   4.6691335e+01
   1.5000000e+01   2.3036083e+01  -1.7096487e+02   1.7009462e+01  -2.8704979e+01  -4.1456610e+01   4.6191874e+01
   1.5000000e+01   2.6127392e+01  -1.7173884e+02   1.7671534e+01  -2.6284885e+01  -3.9139495e+01   4.6448440e+01
   1.5000000e+01   2.5584166e+01  -1.7156132e+02   1.5381220e+01  -2.4526074e+01  -3.7686340e+01   4.6484360e+01
   1.5000000e+01   2.7426872e+01  -1.7230885e+02   1.6611144e+01  -2.2351657e+01  -3.6388740e+01   4.5393703e+01
   1.5000000e+01   3.1722060e+01  -1.7317664e+02   2.0352673e+01  -2.0162250e+01  -3.5557051e+01   4.4814533e+01
   1.5000000e+01   3.7090685e+01  -1.7518515e+02   2.4954523e+01  -1.8692358e+01  -3.2988799e+01   4.3712825e+01
   1.5000000e+01   3.9083035e+01  -1.7541139e+02   2.7960631e+01  -1.7063980e+01  -3.2845513e+01   4.2113472e+01
   1.5000000e+01   3.7956975e+01  -1.7410008e+02   2.7391570e+01  -1.6407129e+01  -3.2767744e+01   4.0608930e+01
   1.5000000e+01   3.4362069e+01  -1.7262265e+02   2.6154974e+01  -1.6362629e+01  -3.4530910e+01   4.0187904e+01
   1.5000000e+01   3.3641235e+01  -1.7266027e+02   2.4126541e+01  -1.4663047e+01  -3.3118487e+01   3.8064968e+01
   1.5000000e+01   3.4185269e+01  -1.7304855e+02   2.4483828e+01  -1.3037839e+01  -3.1222517e+01   3.5990653e+01
   1.5000000e+01   3.3216788e+01  -1.7316304e+02   2.3465109e+01  -1.1511376e+01  -2.9770234e+01   3.3744741e+01
   1.5000000e+01   3.5737256e+01  -1.7382285e+02   2.4900869e+01  -9.7509409e+00  -2.7229692e+01   3.1918693e+01
   1.5000000e+01   3.8911602e+01  -1.7435232e+02   2.7394816e+01  -8.2472325e+00  -2.5578363e+01   2.9530665e+01
   1.5000000e+01   4.0142496e+01  -1.7367261e+02   2.9597033e+01  -7.3590102e+00  -2.5677235e+01   2.9144464e+01
   1.5000000e+01   4.1061583e+01  -1.7377570e+02   3.1522244e+01  -6.0092926e+00  -2.6226896e+01   2.7944284e+01
   1.5000000e+01   4.1642297e+01  -1.7356053e+02   3.3216644e+01  -5.0354944e+00  -2.6970514e+01   2.6749186e+01
   1.5000000e+01   4.0708158e+01  -1.7274381e+02   3.4140861e+01  -3.9615145e+00  -2.8228453e+01   2.6175395e+01
   1.5000000e+01   3.9651584e+01  -1.7191129e+02   3.3390316e+01  -3.0080132e+00  -2.8341053e+01   2.5551677e+01
   1.5000000e+01   4.0387099e+01  -1.7145152e+02   3.3058007e+01  -2.0549069e+00  -2.7390590e+01   2.5197827e+01
   1.5000000e+01   3.9273758e+01  -1.7052602e+02   3.2337258e+01  -8.6435895e-01  -2.7332160e+01   2.4597775e+01
   1.5000000e+01   3.8379510e+01  -1.7004665e+02   3.1474374e+01  -6.1773217e-02  -2.7253545e+01   2.4735634e+01
   1.5000000e+01   3.5561967e+01  -1.6860226e+02   2.9212236e+01   8.8715019e-01  -2.7734843e+01   2.4678103e+01
   1.5000000e+01   3.2886416e+01  -1.6750902e+02   2.6944879e+01   1.3979759e+00  -2.8175663e+01   2.3952993e+01
   1.5000000e+01   3.1860844e+01  -1.6673685e+02   2.4473247e+01   1.6036484e+00  -2.7595127e+01   2.4212000e+01
   1.5000000e+01   3.0983434e+01  -1.6697956e+02   2.1401838e+01  -2.1672115e-04  -2.8611982e+01   2.3570502e+01
   1.5000000e+01   2.9377012e+01  -1.6744565e+02   1.6590100e+01  -4.3579097e+00  -3.3314507e+01   2.2653214e+01
   1.5000000e+01   2.8769172e+01  -1.6778670e+02   1.4137328e+01  -8.9389766e+00  -3.6517366e+01   2.3162569e+01
   1.5000000e+01   3.0010888e+01  -1.6959930e+02   1.7699350e+01  -1.5199911e+01  -3.9882015e+01   2.5357538e+01
   1.5000000e+01   2.9549557e+01  -1.7117054e+02   2.1192217e+01  -2.1689015e+01  -4.3612552e+01   2.9715679e+01
   1.5000000e+01   2.9641598e+01  -1.7199645e+02   2.5384521e+01  -2.5548550e+01  -4.5666549e+01   3.2886949e+01
   1.5000000e+01   2.8895558e+01  -1.7470496e+02   2.8558169e+01  -2.6199465e+01  -4.5181124e+01   3.8069873e+01
   1.5000000e+01   3.3628567e+01  -1.7802647e+02   3.3614336e+01  -2.7063321e+01  -4.1864591e+01   3.9087857e+01
   1.5000000e+01   3.0633112e+01  -1.7783177e+02   3.1218452e+01  -2.6554939e+01  -4.2948511e+01   4.0643715e+01
   1.5000000e+01   2.9970875e+01  -1.7752590e+02   3.0425798e+01  -2.6001691e+01  -4.3269338e+01   4.0585168e+01
   1.5000000e+01   2.4086927e+01  -1.7506632e+02   2.5571265e+01  -2.6607353e+01  -4.5746219e+01   4.2783776e+01
   1.5000000e+01   2.2263493e+01  -1.7336824e+02   2.1686684e+01  -2.5975871e+01  -4.5116846e+01   4.3477022e+01
   1.5000000e+01   2.0667735e+01  -1.7196205e+02   1.9962351e+01  -2.4823220e+01  -4.5089392e+01   4.4301037e+01
   1.5000000e+01   1.5949800e+01  -1.7019236e+02   1.5868199e+01  -2.3459638e+01  -4.5881539e+01   4.5052220e+01
   1.5000000e+01   1.5129668e+01  -1.7015190e+02   1.3671990e+01  -2.1425858e+01  -4.4047798e+01   4.6221425e+01
   1.5000000e+01   1.7559742e+01  -1.7083240e+02   1.3742812e+01  -1.9258292e+01  -4.1178528e+01   4.5115288e+01
   1.5000000e+01   2.1256686e+01  -1.7143479e+02   1.6307953e+01  -1.7655555e+01  -3.9687690e+01   4.6118038e+01
   1.5000000e+01   2.1995097e+01  -1.7118459e+02   1.6867039e+01  -1.6045159e+01  -3.9427730e+01   4.6707269e+01
   1.5000000e+01   2.6070380e+01  -1.7211324e+02   2.0241247e+01  -1.3815541e+01  -3.7941129e+01   4.5951445e+01
   1.5000000e+01   2.6912236e+01  -1.7230699e+02   2.0989892e+01  -1.1984285e+01  -3.7562449e+01   4.4538810e+01
   1.5000000e+01   3.0733960e+01  -1.7318933e+02   2.3467956e+01  -9.4401157e+00  -3.5488824e+01   4.2749139e+01
   1.5000000e+01   3.3071791e+01  -1.7303457e+02   2.5111387e+01  -7.8055843e+00  -3.4679266e+01   4.1955623e+01
   1.5000000e+01   3.5039140e+01  -1.7354771e+02   2.6687803e+01  -6.3364338e+00  -3.3958855e+01   3.9966175e+01
   1.5000000e+01   3.3566377e+01  -1.7237681e+02   2.6380085e+01  -4.9069659e+00  -3.4386050e+01   3.9385352e+01
   1.5000000e+01   3.2626969e+01  -1.7123053e+02   2.5022604e+01  -3.9624607e+00  -3.3086193e+01   3.7678417e+01
   1.5000000e+01   3.2645472e+01  -1.7097023e+02   2.4090889e+01  -2.6207985e+00  -3.0943998e+01   3.4967995e+01
   1.5000000e+01   3.2531443e+01  -1.7068530e+02   2.3343612e+01  -1.3764283e+00  -2.8714528e+01   3.1850075e+01
   1.5000000e+01   3.0170315e+01  -1.6943247e+02   2.1431077e+01  -7.6646257e-01  -2.8280560e+01   2.9876960e+01
   1.5000000e+01   2.9161225e+01  -1.6903597e+02   1.9995280e+01   1.1600856e+00  -2.6717205e+01   2.8130976e+01
   1.5000000e+01   2.9752345e+01  -1.6848405e+02   1.9477346e+01   2.2108880e+00  -2.4361953e+01   2.5517240e+01
   1.5000000e+01   2.9554468e+01  -1.6793006e+02   1.8682312e+01   3.8944178e+00  -2.3003804e+01   2.4194871e+01
   1.5000000e+01   2.9768451e+01  -1.6699646e+02   1.8666332e+01   5.2593282e+00  -2.1203942e+01   2.2896312e+01
   1.5000000e+01   3.1176705e+01  -1.6668059e+02   1.9105491e+01   6.8911696e+00  -1.9248888e+01   2.1483016e+01
   1.5000000e+01   3.0376682e+01  -1.6630449e+02   1.8982391e+01   8.5022660e+00  -1.9076207e+01   2.0181086e+01
   1.5000000e+01   3.1375570e+01  -1.6614896e+02   1.9790253e+01   9.8481855e+00  -1.8479708e+01   1.8945373e+01
   1.5000000e+01   3.0209547e+01  -1.6547048e+02   1.9408395e+01   1.0850573e+01  -1.9034666e+01   1.7749622e+01
   1.5000000e+01   3.0589367e+01  -1.6583843e+02   1.8920712e+01   1.0736350e+01  -1.9157838e+01   1.6615623e+01
   1.5000000e+01   3.1636938e+01  -1.6691737e+02   1.7186364e+01   8.3522119e+00  -2.0583311e+01   1.7080078e+01
   1.5000000e+01   3.3626666e+01  -1.6876668e+02   1.6512528e+01   4.9014738e+00  -2.4129134e+01   1.5157385e+01
   1.5000000e+01   3.2748500e+01  -1.6891018e+02   1.5686208e+01  -1.3411708e+00  -2.8673906e+01   1.5836998e+01
   1.5000000e+01   3.1248955e+01  -1.6902881e+02   1.5472639e+01  -7.6899059e+00  -3.2564061e+01   1.8947166e+01
   1.5000000e+01   3.0388619e+01  -1.6933955e+02   1.6800181e+01  -1.3753094e+01  -3.5295321e+01   2.3855484e+01
   1.5000000e+01   2.8572110e+01  -1.7084111e+02   1.9160378e+01  -2.0846709e+01  -3.9105378e+01   2.8011794e+01
   1.5000000e+01   2.8836206e+01  -1.7197231e+02   2.1928312e+01  -2.6278204e+01  -4.0490092e+01   3.1088007e+01
   1.5000000e+01   2.7672952e+01  -1.7368406e+02   2.3933571e+01  -3.1266659e+01  -4.2875472e+01   3.3453244e+01
   1.5000000e+01   2.9708336e+01  -1.7487897e+02   2.7110990e+01  -3.4043952e+01  -4.4374212e+01   3.1849516e+01
   1.5000000e+01   2.9283767e+01  -1.7578080e+02   2.8579188e+01  -3.6687211e+01  -4.5938032e+01   3.2153770e+01
   1.5000000e+01   3.1250994e+01  -1.7772953e+02   3.2654547e+01  -3.7892678e+01  -4.4990382e+01   3.0206547e+01
   1.5000000e+01   2.5346272e+01  -1.7814256e+02   3.2145502e+01  -3.8554550e+01  -4.5759998e+01   2.6793985e+01
   1.5000000e+01   2.4847344e+01  -1.8096855e+02   3.2933335e+01  -3.8487168e+01  -4.2624694e+01   2.5909590e+01
   1.5000000e+01   2.3909206e+01  -1.7993576e+02   3.1715375e+01  -3.7949202e+01  -4.2704636e+01   2.8256469e+01
   1.5000000e+01   2.4979417e+01  -1.7907738e+02   3.0248604e+01  -3.6564535e+01  -4.2470982e+01   3.1170005e+01
   1.5000000e+01   2.5411299e+01  -1.7739504e+02   2.9280658e+01  -3.5628540e+01  -4.3179925e+01   3.4548065e+01
   1.5000000e+01   2.4369768e+01  -1.7590775e+02   2.6356612e+01  -3.4805618e+01  -4.2989439e+01   3.5905935e+01
   1.5000000e+01   2.5038221e+01  -1.7566507e+02   2.5436824e+01  -3.2765270e+01  -4.2472259e+01   3.6897533e+01
   1.5000000e+01   2.7772462e+01  -1.7570282e+02   2.5918450e+01  -3.1182455e+01  -4.0467712e+01   3.9475450e+01
   1.5000000e+01   2.9958398e+01  -1.7625011e+02   2.6067582e+01  -2.9028024e+01  -3.8762457e+01   4.0848526e+01
   1.5000000e+01   2.9512526e+01  -1.7587139e+02   2.3822425e+01  -2.7357766e+01  -3.7148493e+01   4.0995297e+01
   1.5000000e+01   2.9735203e+01  -1.7549647e+02   2.1966549e+01  -2.6101499e+01  -3.5100483e+01   4.1530514e+01
   1.5000000e+01   2.9450545e+01  -1.7496369e+02   2.0882286e+01  -2.4503023e+01  -3.4444673e+01   4.0390833e+01
   1.5000000e+01   2.9646368e+01  -1.7461428e+02   2.1711838e+01  -2.3402071e+01  -3.4737300e+01   4.0577962e+01
   1.5000000e+01   2.8243714e+01  -1.7425238e+02   2.1037361e+01  -2.1906542e+01  -3.5295593e+01   3.9920920e+01
   1.5000000e+01   2.9055446e+01  -1.7458808e+02   2.1243413e+01  -2.0385271e+01  -3.4624808e+01   3.9374220e+01
   1.5000000e+01   3.2888969e+01  -1.7496559e+02   2.4390044e+01  -1.8571301e+01  -3.3266631e+01   3.8423131e+01
   1.5000000e+01   3.4985807e+01  -1.7473796e+02   2.7866189e+01  -1.7619633e+01  -3.4158628e+01   3.7208244e+01
   1.5000000e+01   3.5821089e+01  -1.7522182e+02   2.9926216e+01  -1.6135571e+01  -3.5575377e+01   3.5788678e+01
   1.5000000e+01   3.5318600e+01  -1.7496276e+02   2.9745780e+01  -1.5230980e+01  -3.4969297e+01   3.5517677e+01
   1.5000000e+01   3.4113329e+01  -1.7471543e+02   2.6491780e+01  -1.4119678e+01  -3.1938008e+01   3.5417208e+01
   1.5000000e+01   3.2454347e+01  -1.7353547e+02   2.5828989e+01  -1.3422944e+01  -3.2333553e+01   3.3799932e+01
   1.5000000e+01   3.5326163e+01  -1.7413277e+02   2.7693755e+01  -1.1728525e+01  -3.0281891e+01   3.1472614e+01
   1.5000000e+01   3.6201348e+01  -1.7441827e+02   2.7223798e+01  -1.0549971e+01  -2.8489578e+01   3.0122488e+01
   1.5000000e+01   3.6287441e+01  -1.7461005e+02   2.7137097e+01  -9.3974456e+00  -2.7613006e+01   2.9546582e+01
   1.5000000e+01   3.7419253e+01  -1.7432189e+02   2.7921251e+01  -8.1725314e+00  -2.6716729e+01   2.9328674e+01
   1.5000000e+01   3.8503040e+01  -1.7349603e+02   2.8467960e+01  -7.2936125e+00  -2.6062751e+01   2.8020513e+01
   1.5000000e+01   3.6047911e+01  -1.7239483e+02   2.6912603e+01  -7.0347907e+00  -2.6662050e+01   2.7713159e+01
   1.5000000e+01   3.8620773e+01  -1.7286371e+02   2.8601355e+01  -5.6060130e+00  -2.5632199e+01   2.7302578e+01
   1.5000000e+01   3.9036887e+01  -1.7246974e+02   2.9568724e+01  -4.9074881e+00  -2.6324996e+01   2.7481550e+01
   1.5000000e+01   3.9184661e+01  -1.7256490e+02   3.0565460e+01  -3.7921762e+00  -2.7139587e+01   2.6737211e+01
   1.5000000e+01   3.9061444e+01  -1.7230520e+02   3.1300984e+01  -3.3552010e+00  -2.8055143e+01   2.7175088e+01
   1.5000000e+01   3.8007617e+01  -1.7156710e+02   3.0907495e+01  -3.0810325e+00  -2.8586645e+01   2.7283909e+01
   1.5000000e+01   3.9271974e+01  -1.7156942e+02   3.1099302e+01  -1.9310694e+00  -2.7535838e+01   2.8152127e+01
   1.5000000e+01   3.7979473e+01  -1.7094263e+02   2.9790518e+01  -1.2043883e+00  -2.7612403e+01   2.9270551e+01
   1.5000000e+01   3.5941571e+01  -1.7009360e+02   2.6664249e+01  -2.1453255e+00  -2.9994595e+01   2.9268100e+01
   1.5000000e+01   3.5046676e+01  -1.6928491e+02   2.3150170e+01  -5.5653058e+00  -3.3721493e+01   2.7899647e+01
   1.5000000e+01   3.3186764e+01  -1.6857235e+02   2.0692289e+01  -8.7561987e+00  -3.8119976e+01   2.5622810e+01
   1.5000000e+01   3.2398148e+01  -1.6810303e+02   2.1794230e+01  -1.3863215e+01  -4.2257513e+01   2.6717467e+01
   1.5000000e+01   3.1636694e+01  -1.6945804e+02   2.6254803e+01  -2.0439725e+01  -4.7003212e+01   2.8353137e+01
   1.5000000e+01   3.0869522e+01  -1.7011152e+02   2.6661243e+01  -2.4881371e+01  -4.7058288e+01   3.0907255e+01
   1.5000000e+01   3.2242948e+01  -1.7186200e+02   2.8035930e+01  -2.5768568e+01  -4.3237921e+01   3.7006320e+01
   1.5000000e+01   3.2730810e+01  -1.7379949e+02   2.9720369e+01  -2.5485378e+01  -4.1256953e+01   4.1242200e+01
   1.5000000e+01   2.7693430e+01  -1.7240517e+02   2.6028284e+01  -2.5289852e+01  -4.3042365e+01   4.4229117e+01
   1.5000000e+01   2.3860877e+01  -1.7128661e+02   2.2483084e+01  -2.4893535e+01  -4.4345692e+01   4.6118650e+01
   1.5000000e+01   2.2898357e+01  -1.7171735e+02   2.0024585e+01  -2.3783763e+01  -4.3507871e+01   4.8420955e+01
   1.5000000e+01   2.2428792e+01  -1.7141350e+02   1.8745442e+01  -2.2979198e+01  -4.2972395e+01   4.9331186e+01
   1.5000000e+01   2.0897203e+01  -1.7112807e+02   1.6500938e+01  -2.2293961e+01  -4.2391229e+01   4.9811850e+01
   1.5000000e+01   1.9262908e+01  -1.7062803e+02   1.4458319e+01  -2.1251447e+01  -4.2706162e+01   4.9342056e+01
   1.5000000e+01   1.8129178e+01  -1.6959019e+02   1.3200976e+01  -2.1177651e+01  -4.2218047e+01   4.9519977e+01
   1.5000000e+01   1.9050228e+01  -1.6976929e+02   1.2347487e+01  -2.0719256e+01  -4.0853715e+01   4.9992329e+01
   1.5000000e+01   1.9378123e+01  -1.7010810e+02   1.3552844e+01  -1.9540707e+01  -4.1351899e+01   5.0620522e+01
   1.5000000e+01   1.8176793e+01  -1.6955732e+02   1.1922265e+01  -1.9386554e+01  -4.1476713e+01   5.0105848e+01
   1.5000000e+01   1.7973237e+01  -1.6939477e+02   1.2779551e+01  -1.8701459e+01  -4.1824159e+01   4.9373943e+01
   1.5000000e+01   1.8959114e+01  -1.6948916e+02   1.3616737e+01  -1.7097553e+01  -4.1527798e+01   4.9270983e+01
   1.5000000e+01   2.0374763e+01  -1.6980897e+02   1.4494429e+01  -1.5910831e+01  -4.0784699e+01   4.8573269e+01
   1.5000000e+01   2.2814824e+01  -1.7043092e+02   1.6806159e+01  -1.5004226e+01  -3.9376275e+01   4.7325300e+01
   1.5000000e+01   2.3867698e+01  -1.7102893e+02   1.7995364e+01  -1.3970989e+01  -3.9574404e+01   4.7223034e+01
   1.5000000e+01   2.6650075e+01  -1.7191764e+02   1.9998085e+01  -1.2601492e+01  -3.8488018e+01   4.6223927e+01
   1.5000000e+01   2.7239665e+01  -1.7213427e+02   2.0611752e+01  -1.1177012e+01  -3.7858194e+01   4.5185827e+01
   1.5000000e+01   2.8484696e+01  -1.7216741e+02   2.1416888e+01  -1.0501858e+01  -3.7036522e+01   4.4496443e+01
   1.5000000e+01   2.9118882e+01  -1.7233307e+02   2.1752076e+01  -9.1999414e+00  -3.6208718e+01   4.3830552e+01
   1.5000000e+01   3.1172134e+01  -1.7279694e+02   2.3094765e+01  -8.0745471e+00  -3.4932693e+01   4.2706227e+01
   1.5000000e+01   3.1744339e+01  -1.7275303e+02   2.3998364e+01  -7.3557102e+00  -3.4742741e+01   4.1180235e+01
   1.5000000e+01   3.3082741e+01  -1.7250620e+02   2.4888668e+01  -6.6083956e+00  -3.3941422e+01   3.9430318e+01
   1.5000000e+01   3.5015241e+01  -1.7260393e+02   2.6270726e+01  -5.5466883e+00  -3.1914159e+01   3.7908297e+01
   1.5000000e+01   3.7001220e+01  -1.7292129e+02   2.7577176e+01  -4.0902529e+00  -3.0060933e+01   3.5928021e+01
   1.5000000e+01   3.6185928e+01  -1.7209229e+02   2.6227010e+01  -3.3245095e+00  -2.8800453e+01   3.4826224e+01
   1.5000000e+01   3.5434611e+01  -1.7100513e+02   2.5188770e+01  -2.7762347e+00  -2.7358866e+01   3.3437044e+01
   1.5000000e+01   3.5030237e+01  -1.7091023e+02   2.4627272e+01  -1.8651405e+00  -2.5805005e+01   2.9770891e+01
   1.5000000e+01   3.7079027e+01  -1.7123980e+02   2.5680349e+01  -6.1769072e-01  -2.3838496e+01   2.8120772e+01
   1.5000000e+01   3.6290225e+01  -1.7055180e+02   2.5828955e+01  -1.6427929e-01  -2.4038774e+01   2.5342776e+01
   1.5000000e+01   3.5991583e+01  -1.7052530e+02   2.5801534e+01   1.2088938e+00  -2.3331039e+01   2.5251685e+01
   1.5000000e+01   3.5122062e+01  -1.6973365e+02   2.4578947e+01   1.6551371e+00  -2.2646681e+01   2.4712503e+01
   1.5000000e+01   3.3382011e+01  -1.6866684e+02   2.2989014e+01   1.9846512e+00  -2.2187392e+01   2.4432071e+01
   1.5000000e+01   3.3647018e+01  -1.6817994e+02   2.2157082e+01   2.7106499e+00  -2.0630468e+01   2.3155860e+01
   1.5000000e+01   3.3491839e+01  -1.6809526e+02   2.1607490e+01   3.4919131e+00  -1.9419902e+01   2.1427060e+01
   1.5000000e+01   3.4511897e+01  -1.6832632e+02   2.2484151e+01   4.5215520e+00  -1.8727690e+01   2.0270390e+01
   1.5000000e+01   3.3564992e+01  -1.6771870e+02   2.2211871e+01   4.8708428e+00  -1.9260298e+01   1.9346847e+01
   1.5000000e+01   3.2799718e+01  -1.6728678e+02   2.2091837e+01   5.9209339e+00  -1.9146430e+01   1.8310382e+01
   1.5000000e+01   3.1465287e+01  -1.6685339e+02   2.1742672e+01   6.9357580e+00  -1.9276065e+01   1.8847639e+01
   1.5000000e+01   3.0977430e+01  -1.6606420e+02   2.1319819e+01   7.7127088e+00  -1.8919996e+01   1.7455757e+01
   1.5000000e+01   3.1628994e+01  -1.6604422e+02   2.1455166e+01   8.7319831e+00  -1.7567192e+01   1.5822456e+01
   1.5000000e+01   3.1415097e+01  -1.6558880e+02   2.1566549e+01   9.9073912e+00  -1.6986183e+01   1.3726273e+01
   1.5000000e+01   3.0274335e+01  -1.6490680e+02   2.1375393e+01   1.0310995e+01  -1.7103356e+01   1.1703335e+01
   1.5000000e+01   3.1927419e+01  -1.6490108e+02   2.1095032e+01   1.0588778e+01  -1.6174552e+01   1.2763070e+01
   1.5000000e+01   3.4112405e+01  -1.6598665e+02   1.8315032e+01   7.0143025e+00  -1.8222216e+01   1.3598789e+01
   1.5000000e+01   3.2743030e+01  -1.6691696e+02   1.4601218e+01   2.3169359e+00  -2.3070947e+01   1.7711761e+01
   1.5000000e+01   2.9600269e+01  -1.6635239e+02   1.1391894e+01  -3.3430373e+00  -2.8354699e+01   2.3793363e+01
   1.5000000e+01   2.4809455e+01  -1.6664775e+02   8.5614019e+00  -9.5344469e+00  -3.3244938e+01   3.1856594e+01
   1.5000000e+01   2.2585975e+01  -1.6808670e+02   9.2242482e+00  -1.7460638e+01  -3.7297784e+01   3.8340890e+01
   1.5000000e+01   2.0575434e+01  -1.6873930e+02   1.0355645e+01  -2.3681154e+01  -4.0521351e+01   4.1861416e+01
   1.5000000e+01   2.0149096e+01  -1.6885872e+02   1.3143779e+01  -2.8391898e+01  -4.3524968e+01   4.2474274e+01
   1.5000000e+01   2.1554487e+01  -1.6919144e+02   1.6233943e+01  -3.2165056e+01  -4.5803647e+01   4.2633227e+01
   1.5000000e+01   2.2554099e+01  -1.7063533e+02   1.9428046e+01  -3.3822755e+01  -4.8110613e+01   4.2573545e+01
   1.5000000e+01   2.5081978e+01  -1.7160359e+02   2.3227194e+01  -3.5699316e+01  -4.9169950e+01   4.0065007e+01
   1.5000000e+01   2.4230278e+01  -1.7179876e+02   2.4553067e+01  -3.7075028e+01  -5.0498301e+01   4.1123766e+01
   1.5000000e+01   2.5765196e+01  -1.7398965e+02   2.6904276e+01  -3.6961886e+01  -4.8494978e+01   4.5470117e+01
   1.5000000e+01   2.6989121e+01  -1.7600174e+02   2.9405656e+01  -3.6711168e+01  -4.6650325e+01   4.7562553e+01
   1.5000000e+01   2.6655428e+01  -1.7582740e+02   2.9577619e+01  -3.6060980e+01  -4.6996491e+01   4.8744713e+01
   1.5000000e+01   2.3182338e+01  -1.7421222e+02   2.4759288e+01  -3.5545426e+01  -4.6698134e+01   4.9264211e+01
   1.5000000e+01   2.1118581e+01  -1.7338009e+02   2.0652687e+01  -3.4433710e+01  -4.5255627e+01   4.9842465e+01
   1.5000000e+01   1.8499208e+01  -1.7173886e+02   1.6080687e+01  -3.2757651e+01  -4.4165987e+01   4.9747252e+01
   1.5000000e+01   1.8302478e+01  -1.7156595e+02   1.3565754e+01  -3.1188015e+01  -4.1542298e+01   4.9996375e+01
   1.5000000e+01   2.0424881e+01  -1.7131653e+02   1.2797752e+01  -2.8825482e+01  -3.8239860e+01   4.9881136e+01
   1.5000000e+01   2.1507853e+01  -1.7144826e+02   1.2724249e+01  -2.6841962e+01  -3.6064920e+01   4.9265018e+01
   1.5000000e+01   2.3023680e+01  -1.7172328e+02   1.2949242e+01  -2.4714714e+01  -3.4148643e+01   4.8340566e+01
   1.5000000e+01   2.3509839e+01  -1.7191662e+02   1.2896605e+01  -2.3290042e+01  -3.3054356e+01   4.7049553e+01
   1.5000000e+01   2.3809044e+01  -1.7226731e+02   1.3347891e+01  -2.1296342e+01  -3.2931648e+01   4.5620230e+01
   1.5000000e+01   2.5953962e+01  -1.7260041e+02   1.4391060e+01  -1.9222385e+01  -3.1468308e+01   4.4437387e+01
   1.5000000e+01   2.8186355e+01  -1.7333470e+02   1.7126726e+01  -1.7755544e+01  -3.1369544e+01   4.2677452e+01
   1.5000000e+01   3.1314515e+01  -1.7330654e+02   2.0188048e+01  -1.6649710e+01  -3.0609949e+01   4.1489885e+01
   1.5000000e+01   3.6199035e+01  -1.7434772e+02   2.3512260e+01  -1.4524322e+01  -2.8880083e+01   3.7963421e+01
   1.5000000e+01   3.8749975e+01  -1.7513754e+02   2.6533801e+01  -1.2815424e+01  -2.8060791e+01   3.7794059e+01
   1.5000000e+01   3.7709493e+01  -1.7450845e+02   2.7059933e+01  -1.1408799e+01  -2.8701274e+01   3.8551669e+01
