   1.9785991e+01   3.0907468e+01  -1.7259265e+02   2.0496236e+01  -1.4345721e+01  -3.0458003e+01   3.7480506e+01
   1.9325121e+01   3.1602839e+01  -1.7200000e+02   2.5660476e+01  -1.3143473e+01  -3.5000000e+01   3.5346206e+01
   2.1345087e+01   2.9774404e+01  -1.7200000e+02   2.4492383e+01  -1.3217007e+01  -3.5000000e+01   3.4163114e+01
   2.2378863e+01   2.8901519e+01  -1.7200000e+02   2.4572821e+01  -1.2264177e+01  -3.5000000e+01   3.2719110e+01
   2.2582502e+01   2.7138048e+01  -1.7200000e+02   2.4156350e+01  -1.1021431e+01  -3.5000000e+01   2.9890633e+01
   2.1745325e+01   2.8573658e+01  -1.7200000e+02   2.6768031e+01  -9.3425925e+00  -3.5000000e+01   2.8917732e+01
   2.1279622e+01   3.2092268e+01  -1.7200000e+02   3.1223189e+01  -8.2755717e+00  -3.5000000e+01   2.7033901e+01
   2.1518634e+01   3.5479279e+01  -1.7200000e+02   3.5675401e+01  -7.0529973e+00  -3.5000000e+01   2.5302810e+01
   2.2409273e+01   3.6249959e+01  -1.7200000e+02   3.7461629e+01  -5.8166525e+00  -3.5000000e+01   2.5746353e+01
   2.2913175e+01   3.7896773e+01  -1.7200000e+02   3.9859257e+01  -4.9109579e+00  -3.5000000e+01   2.3955377e+01
   2.3629951e+01   3.8883108e+01  -1.7200000e+02   4.1677335e+01  -4.5365279e+00  -3.5000000e+01   2.1881463e+01
   2.4186822e+01   3.8667251e+01  -1.7200000e+02   4.1451867e+01  -4.0443350e+00  -3.5000000e+01   2.0854538e+01
   2.2786880e+01   4.0065589e+01  -1.7200000e+02   4.0906172e+01  -3.3942156e+00  -3.5000000e+01   1.9616557e+01
   2.3990335e+01   3.8495935e+01  -1.7200000e+02   3.4260141e+01  -7.0615747e+00  -3.5000000e+01   1.6408982e+01
   2.4099459e+01   3.6233153e+01  -1.7200000e+02   2.8232643e+01  -9.5566604e+00  -3.5000000e+01   1.6836700e+01
   2.3717970e+01   3.4792469e+01  -1.7200000e+02   2.5075595e+01  -1.3200082e+01  -3.5000000e+01   1.9085264e+01
   1.9654498e+01   3.5232115e+01  -1.7200000e+02   2.5049172e+01  -1.5704414e+01  -3.5000000e+01   2.5052945e+01
   1.8580394e+01   3.2226036e+01  -1.7200000e+02   2.1526174e+01  -2.0487207e+01  -3.5000000e+01   3.1896263e+01
   1.7401162e+01   2.7535912e+01  -1.7200000e+02   1.6615259e+01  -2.4707887e+01  -3.5000000e+01   3.4628315e+01
   1.5137862e+01   2.8602176e+01  -1.7200000e+02   1.5569058e+01  -2.8381908e+01  -3.5000000e+01   3.3886369e+01
   1.3294156e+01   2.8512270e+01  -1.7200000e+02   1.4979220e+01  -3.3201380e+01  -3.5000000e+01   3.4037275e+01
   1.2546683e+01   2.7963018e+01  -1.7200000e+02   1.5299842e+01  -3.9278769e+01  -3.5000000e+01   3.5913690e+01
   1.2324275e+01   3.0352130e+01  -1.7200000e+02   2.1051453e+01  -4.4221174e+01  -3.5000000e+01   3.4675089e+01
   1.1028551e+01   2.6761666e+01  -1.7200000e+02   2.5805681e+01  -4.6049134e+01  -3.5000000e+01   3.4224261e+01
   1.0887758e+01   2.7395289e+01  -1.7200000e+02   2.7390738e+01  -4.5346282e+01  -3.5000000e+01   3.4851894e+01
   1.2321047e+01   2.7764069e+01  -1.7200000e+02   2.4956627e+01  -4.3581655e+01  -3.5000000e+01   3.7626360e+01
   1.2920158e+01   2.8127202e+01  -1.7200000e+02   2.3737801e+01  -4.1511225e+01  -3.5000000e+01   4.0230234e+01
   1.3524499e+01   2.6924174e+01  -1.7200000e+02   2.1125310e+01  -4.0522876e+01  -3.5000000e+01   4.2189982e+01
   1.4228233e+01   2.6698243e+01  -1.7200000e+02   1.9676558e+01  -3.8354500e+01  -3.5000000e+01   4.3398812e+01
   1.4916541e+01   2.3476720e+01  -1.7200000e+02   1.6069025e+01  -3.6265311e+01  -3.5000000e+01   4.5212507e+01
   1.4371102e+01   2.2953487e+01  -1.7200000e+02   1.4723040e+01  -3.3594382e+01  -3.5000000e+01   4.5662632e+01
   1.5653619e+01   2.4578982e+01  -1.7200000e+02   1.5726881e+01  -3.2578850e+01  -3.5000000e+01   4.5570563e+01
   1.6399748e+01   2.6191628e+01  -1.7200000e+02   1.6703487e+01  -3.1498235e+01  -3.5000000e+01   4.5300866e+01
   1.7201931e+01   2.7161344e+01  -1.7200000e+02   1.7288553e+01  -3.0009718e+01  -3.5000000e+01   4.4741613e+01
   1.6915461e+01   2.9179605e+01  -1.7200000e+02   1.9847857e+01  -2.7687164e+01  -3.5000000e+01   4.4773621e+01
   1.6938241e+01   2.8509954e+01  -1.7200000e+02   1.9626258e+01  -2.5553362e+01  -3.5000000e+01   4.3614647e+01
   1.6006476e+01   3.0494410e+01  -1.7200000e+02   2.2117446e+01  -2.2963402e+01  -3.5000000e+01   4.2473005e+01
   1.6933009e+01   3.3390658e+01  -1.7200000e+02   2.5104154e+01  -2.1842726e+01  -3.5000000e+01   4.1575992e+01
   1.6904394e+01   3.5869416e+01  -1.7200000e+02   2.8048781e+01  -2.0458672e+01  -3.5000000e+01   4.0507713e+01
   1.7584286e+01   3.5193534e+01  -1.7200000e+02   2.8067726e+01  -1.9369166e+01  -3.5000000e+01   3.9040522e+01
   1.7846832e+01   3.4364433e+01  -1.7200000e+02   2.7489824e+01  -1.7475663e+01  -3.5000000e+01   3.8153379e+01
   1.7741536e+01   3.1416841e+01  -1.7200000e+02   2.5909807e+01  -1.6279249e+01  -3.5000000e+01   3.6079831e+01
   1.9317350e+01   2.9084129e+01  -1.7200000e+02   2.4222391e+01  -1.5613108e+01  -3.5000000e+01   3.2920156e+01
   2.0630811e+01   3.1035782e+01  -1.7200000e+02   2.7219117e+01  -1.5404111e+01  -3.5000000e+01   2.9875307e+01
   2.1468632e+01   3.1457858e+01  -1.7200000e+02   2.8421892e+01  -1.4219724e+01  -3.5000000e+01   2.7972325e+01
   2.1783744e+01   2.9083985e+01  -1.7200000e+02   2.7717289e+01  -1.2338704e+01  -3.5000000e+01   2.6962084e+01
   2.2090093e+01   2.8439409e+01  -1.7200000e+02   2.8241069e+01  -1.1151916e+01  -3.5000000e+01   2.6368792e+01
   2.1971315e+01   3.0075322e+01  -1.7200000e+02   3.0929286e+01  -1.0119719e+01  -3.5000000e+01   2.4320966e+01
   2.2377519e+01   3.3778692e+01  -1.7200000e+02   3.5606596e+01  -9.4407163e+00  -3.5000000e+01   2.3480890e+01
   2.2863886e+01   3.6278091e+01  -1.7200000e+02   3.9290004e+01  -8.6483575e+00  -3.5000000e+01   2.2564381e+01
   2.2917581e+01   3.6480342e+01  -1.7200000e+02   4.0544700e+01  -6.9677252e+00  -3.5000000e+01   2.1907699e+01
   2.4158617e+01   3.5842494e+01  -1.7200000e+02   4.0291100e+01  -6.4485431e+00  -3.5000000e+01   2.0164901e+01
   2.3332264e+01   3.5934646e+01  -1.7200000e+02   3.9996335e+01  -5.0054886e+00  -3.5000000e+01   1.9742695e+01
   2.3427383e+01   3.7228042e+01  -1.7200000e+02   3.8986770e+01  -6.0047660e+00  -3.5000000e+01   1.8686106e+01
   2.2195886e+01   3.7863006e+01  -1.7200000e+02   3.4391151e+01  -9.2214618e+00  -3.5000000e+01   1.8381571e+01
   2.2376857e+01   3.4933545e+01  -1.7200000e+02   2.5553113e+01  -1.2192763e+01  -3.5000000e+01   1.4027550e+01
   1.9977849e+01   3.7034760e+01  -1.7200000e+02   2.5546396e+01  -1.6108032e+01  -3.5000000e+01   1.4538181e+01
   1.8186358e+01   3.6077072e+01  -1.7200000e+02   2.4504314e+01  -2.0706889e+01  -3.5000000e+01   1.9673914e+01
   1.6898661e+01   3.4453088e+01  -1.7200000e+02   2.4055503e+01  -2.3954705e+01  -3.5000000e+01   2.4456440e+01
   1.4936229e+01   3.4602532e+01  -1.7200000e+02   2.7026844e+01  -2.5613231e+01  -3.5000000e+01   2.8651331e+01
   1.3281916e+01   3.3119278e+01  -1.7200000e+02   2.8285072e+01  -3.0519862e+01  -3.5000000e+01   3.0227750e+01
   1.1733921e+01   3.3072988e+01  -1.7200000e+02   3.0065311e+01  -3.5355404e+01  -3.5000000e+01   3.1630337e+01
   1.0247616e+01   3.2292650e+01  -1.7200000e+02   2.9117040e+01  -3.9298959e+01  -3.5000000e+01   3.1771121e+01
   1.0568978e+01   3.1268410e+01  -1.7200000e+02   2.7317464e+01  -4.2928168e+01  -3.5000000e+01   3.4140065e+01
   1.1341845e+01   2.9145648e+01  -1.7200000e+02   2.5604621e+01  -4.4842938e+01  -3.5000000e+01   3.5501577e+01
   1.1102482e+01   2.5647569e+01  -1.7200000e+02   2.4545915e+01  -4.4672725e+01  -3.5000000e+01   3.6412648e+01
   1.2547041e+01   2.4664407e+01  -1.7200000e+02   2.1521520e+01  -4.2851967e+01  -3.5000000e+01   3.9706497e+01
   1.3029679e+01   2.6147600e+01  -1.7200000e+02   2.0592363e+01  -4.0770991e+01  -3.5000000e+01   4.1035082e+01
   1.3276566e+01   2.9378016e+01  -1.7200000e+02   2.2381166e+01  -3.8584849e+01  -3.5000000e+01   4.3730906e+01
   1.4474699e+01   2.5524507e+01  -1.7200000e+02   1.7079710e+01  -3.6789943e+01  -3.5000000e+01   4.4924854e+01
   1.4677079e+01   2.8760167e+01  -1.7200000e+02   1.8275980e+01  -3.4112317e+01  -3.5000000e+01   4.5050700e+01
   1.5152376e+01   2.7257263e+01  -1.7200000e+02   1.6122109e+01  -3.2830727e+01  -3.5000000e+01   4.6061370e+01
   1.6220427e+01   2.4779702e+01  -1.7200000e+02   1.2933619e+01  -3.1303753e+01  -3.5000000e+01   4.6310484e+01
   1.8097835e+01   2.3103553e+01  -1.7200000e+02   1.1290841e+01  -3.0279426e+01  -3.5000000e+01   4.5813806e+01
   1.7684696e+01   2.5948579e+01  -1.7200000e+02   1.3746372e+01  -2.8338569e+01  -3.5000000e+01   4.6115853e+01
   1.8215184e+01   2.5579400e+01  -1.7200000e+02   1.2857231e+01  -2.6948723e+01  -3.5000000e+01   4.6174122e+01
   1.7677586e+01   2.7384940e+01  -1.7200000e+02   1.5201807e+01  -2.5105231e+01  -3.5000000e+01   4.5161355e+01
   1.8047215e+01   3.1547088e+01  -1.7200000e+02   1.9492503e+01  -2.4211925e+01  -3.5000000e+01   4.4579149e+01
   1.6996139e+01   3.5621586e+01  -1.7200000e+02   2.4676304e+01  -2.3244576e+01  -3.5000000e+01   4.3568749e+01
   1.5862650e+01   3.7907366e+01  -1.7200000e+02   2.8172146e+01  -2.0662101e+01  -3.5000000e+01   4.2086212e+01
   1.7440384e+01   3.7321959e+01  -1.7200000e+02   2.8390750e+01  -2.0676445e+01  -3.5000000e+01   4.0551194e+01
   1.8450565e+01   3.3954792e+01  -1.7200000e+02   2.6046866e+01  -2.0590344e+01  -3.5000000e+01   4.0018980e+01
   1.8137408e+01   3.3224628e+01  -1.7200000e+02   2.5150476e+01  -1.8563430e+01  -3.5000000e+01   3.7992582e+01
   1.8040865e+01   3.3797639e+01  -1.7200000e+02   2.7123191e+01  -1.7225237e+01  -3.5000000e+01   3.6052085e+01
   1.7235812e+01   3.3198777e+01  -1.7200000e+02   2.7726199e+01  -1.4995519e+01  -3.5000000e+01   3.3994426e+01
   1.7306132e+01   3.5258343e+01  -1.7200000e+02   3.0680912e+01  -1.3836861e+01  -3.5000000e+01   3.2336258e+01
   1.7036982e+01   3.8403475e+01  -1.7200000e+02   3.4498299e+01  -1.2424475e+01  -3.5000000e+01   3.0103618e+01
   1.7515427e+01   4.0745749e+01  -1.7200000e+02   3.8009461e+01  -1.1695772e+01  -3.5000000e+01   2.9709000e+01
   1.7733989e+01   4.2074016e+01  -1.7200000e+02   3.9917295e+01  -1.0688254e+01  -3.5000000e+01   2.8475842e+01
   1.8257298e+01   4.2766473e+01  -1.7200000e+02   4.1147678e+01  -1.0287266e+01  -3.5000000e+01   2.7230497e+01
   1.9622887e+01   4.1765795e+01  -1.7200000e+02   4.1142702e+01  -1.0368694e+01  -3.5000000e+01   2.6526581e+01
   2.0804823e+01   4.0395054e+01  -1.7200000e+02   4.0107641e+01  -1.0292366e+01  -3.5000000e+01   2.5880610e+01
   2.1092562e+01   4.1225447e+01  -1.7200000e+02   4.0764805e+01  -9.4421232e+00  -3.5000000e+01   2.5651681e+01
   2.2445076e+01   4.0009144e+01  -1.7200000e+02   4.0294777e+01  -9.2345036e+00  -3.5000000e+01   2.5024769e+01
   2.3022087e+01   3.9304494e+01  -1.7200000e+02   3.9819979e+01  -8.7616927e+00  -3.5000000e+01   2.5214124e+01
   2.5404461e+01   3.5874164e+01  -1.7200000e+02   3.7004569e+01  -9.0979452e+00  -3.5000000e+01   2.5115862e+01
   2.6984339e+01   3.3449361e+01  -1.7200000e+02   3.5018015e+01  -9.1333836e+00  -3.5000000e+01   2.4373636e+01
   2.7903194e+01   3.3021987e+01  -1.7200000e+02   3.3879903e+01  -9.0556448e+00  -3.5000000e+01   2.4800372e+01
   2.8625518e+01   3.2564463e+01  -1.7200000e+02   3.0175417e+01  -1.0712036e+01  -3.5000000e+01   2.3996682e+01
   2.7427047e+01   3.2476842e+01  -1.7200000e+02   2.2321466e+01  -1.2251092e+01  -3.5000000e+01   2.2811237e+01
   2.6668571e+01   3.2676333e+01  -1.7200000e+02   1.7360852e+01  -1.5227423e+01  -3.5000000e+01   2.3199902e+01
   2.1778675e+01   3.3167583e+01  -1.7200000e+02   1.6864981e+01  -1.9333968e+01  -3.5000000e+01   2.5109794e+01
   1.6835944e+01   3.0999042e+01  -1.7200000e+02   1.5349080e+01  -2.2856994e+01  -3.5000000e+01   2.9239513e+01
   1.5502610e+01   2.9388125e+01  -1.7200000e+02   1.5920305e+01  -2.5977582e+01  -3.5000000e+01   3.2328904e+01
   1.4669688e+01   2.7247959e+01  -1.7200000e+02   1.8059283e+01  -2.8106499e+01  -3.5000000e+01   3.7467949e+01
   1.2917944e+01   3.0243478e+01  -1.7200000e+02   2.3945797e+01  -2.9186804e+01  -3.5000000e+01   3.8803818e+01
   1.2506956e+01   2.8726142e+01  -1.7200000e+02   2.2712920e+01  -2.8814617e+01  -3.5000000e+01   4.0341885e+01
   1.2884326e+01   2.8200455e+01  -1.7200000e+02   2.1726195e+01  -2.8585308e+01  -3.5000000e+01   4.0296244e+01
   1.4766965e+01   2.3480951e+01  -1.7200000e+02   1.5997144e+01  -2.9340445e+01  -3.5000000e+01   4.2313579e+01
   1.5974078e+01   2.1658642e+01  -1.7200000e+02   1.2404253e+01  -2.8170955e+01  -3.5000000e+01   4.2983552e+01
   1.6875676e+01   2.0466606e+01  -1.7200000e+02   1.0951300e+01  -2.6433118e+01  -3.5000000e+01   4.3846964e+01
   1.7354679e+01   1.6897238e+01  -1.7200000e+02   7.4708326e+00  -2.3750660e+01  -3.5000000e+01   4.4721598e+01
   1.7153012e+01   1.5507359e+01  -1.7200000e+02   6.2232741e+00  -2.1239815e+01  -3.5000000e+01   4.5937214e+01
   1.7832131e+01   1.7743449e+01  -1.7200000e+02   8.4858051e+00  -2.0247432e+01  -3.5000000e+01   4.4832926e+01
   1.8445553e+01   2.1451335e+01  -1.7200000e+02   1.2320315e+01  -2.0007898e+01  -3.5000000e+01   4.5857673e+01
   1.9185642e+01   2.2391876e+01  -1.7200000e+02   1.3384296e+01  -1.8971576e+01  -3.5000000e+01   4.6460429e+01
   1.9127138e+01   2.6357929e+01  -1.7200000e+02   1.7860469e+01  -1.7822015e+01  -3.5000000e+01   4.5713126e+01
   1.9579747e+01   2.7004918e+01  -1.7200000e+02   1.8719013e+01  -1.6707904e+01  -3.5000000e+01   4.4267905e+01
   1.9038486e+01   3.0615869e+01  -1.7200000e+02   2.2627832e+01  -1.4646688e+01  -3.5000000e+01   4.2569718e+01
   1.9429045e+01   3.2929162e+01  -1.7200000e+02   2.4980309e+01  -1.3374384e+01  -3.5000000e+01   4.1819310e+01
   1.9759020e+01   3.4749670e+01  -1.7200000e+02   2.6927057e+01  -1.2761243e+01  -3.5000000e+01   3.9838648e+01
   2.1021475e+01   3.3243247e+01  -1.7200000e+02   2.6459849e+01  -1.1755197e+01  -3.5000000e+01   3.9251262e+01
   2.1897386e+01   3.2421220e+01  -1.7200000e+02   2.6604615e+01  -1.0765459e+01  -3.5000000e+01   3.7604794e+01
   2.0683286e+01   3.3024663e+01  -1.7200000e+02   2.8225743e+01  -8.1240107e+00  -3.5000000e+01   3.5115515e+01
   2.1801655e+01   3.3215485e+01  -1.7200000e+02   2.9867323e+01  -7.9319017e+00  -3.5000000e+01   3.2131481e+01
   2.3270807e+01   3.1048501e+01  -1.7200000e+02   2.8910089e+01  -7.7650775e+00  -3.5000000e+01   3.0255877e+01
   2.3891185e+01   3.0496747e+01  -1.7200000e+02   2.9480803e+01  -6.1629341e+00  -3.5000000e+01   2.8707219e+01
   2.4679716e+01   3.1674016e+01  -1.7200000e+02   3.1804779e+01  -5.8236539e+00  -3.5000000e+01   2.6315600e+01
   2.4630767e+01   3.2095551e+01  -1.7200000e+02   3.3074702e+01  -3.9418395e+00  -3.5000000e+01   2.5254115e+01
   2.4959324e+01   3.2836760e+01  -1.7200000e+02   3.5537733e+01  -2.4675630e+00  -3.5000000e+01   2.4189448e+01
   2.5264546e+01   3.4580861e+01  -1.7200000e+02   3.8268472e+01  -1.4160675e+00  -3.5000000e+01   2.2939430e+01
   2.5612444e+01   3.4401692e+01  -1.7200000e+02   3.9021388e+01  -2.2934125e-02  -3.5000000e+01   2.1817347e+01
   2.5716971e+01   3.5787908e+01  -1.7200000e+02   4.0783736e+01   1.0496346e+00  -3.5000000e+01   2.0658534e+01
   2.6075548e+01   3.5009139e+01  -1.7200000e+02   4.0637827e+01   2.3598325e+00  -3.5000000e+01   1.9520883e+01
   2.5646010e+01   3.5532451e+01  -1.7200000e+02   4.0015558e+01   2.6727735e+00  -3.5000000e+01   1.8384623e+01
   2.5695247e+01   3.6234437e+01  -1.7200000e+02   3.6218582e+01   1.3498806e-02  -3.5000000e+01   1.8649333e+01
   2.4695210e+01   3.7489294e+01  -1.7200000e+02   3.1080344e+01  -3.0398606e+00  -3.5000000e+01   1.6107448e+01
   2.6434050e+01   3.5871259e+01  -1.7200000e+02   2.5355820e+01  -1.0193371e+01  -3.5000000e+01   1.6346009e+01
   2.5091874e+01   3.4724300e+01  -1.7200000e+02   2.1703332e+01  -1.4933577e+01  -3.5000000e+01   1.9226447e+01
   2.2949320e+01   3.3449063e+01  -1.7200000e+02   1.9930614e+01  -1.9055878e+01  -3.5000000e+01   2.3932448e+01
   1.8491736e+01   3.0392268e+01  -1.7200000e+02   1.7525725e+01  -2.3329880e+01  -3.5000000e+01   2.7753919e+01
   1.7426859e+01   2.9267011e+01  -1.7200000e+02   1.7502318e+01  -2.8559432e+01  -3.5000000e+01   3.0735770e+01
   1.4663126e+01   2.7167655e+01  -1.7200000e+02   1.6828432e+01  -3.2706399e+01  -3.5000000e+01   3.3137063e+01
   1.3511562e+01   2.8322905e+01  -1.7200000e+02   1.8002431e+01  -3.5392578e+01  -3.5000000e+01   3.1640094e+01
   1.2784381e+01   2.7445340e+01  -1.7200000e+02   1.8010052e+01  -3.8310008e+01  -3.5000000e+01   3.1954569e+01
   1.1837491e+01   2.8234038e+01  -1.7200000e+02   2.1853751e+01  -3.9856535e+01  -3.5000000e+01   3.0290835e+01
   1.1740008e+01   2.3483477e+01  -1.7200000e+02   2.2283288e+01  -4.1383930e+01  -3.5000000e+01   2.7131657e+01
   1.0862732e+01   2.1920817e+01  -1.7200000e+02   2.5177874e+01  -4.2204838e+01  -3.5000000e+01   2.6567629e+01
   1.1314512e+01   2.1781109e+01  -1.7200000e+02   2.4820997e+01  -4.1825501e+01  -3.5000000e+01   2.8484206e+01
   1.2007604e+01   2.3110777e+01  -1.7200000e+02   2.3478504e+01  -4.0375334e+01  -3.5000000e+01   3.1161711e+01
   1.3209578e+01   2.3794678e+01  -1.7200000e+02   2.1585133e+01  -3.8874359e+01  -3.5000000e+01   3.4310356e+01
   1.3115288e+01   2.2974091e+01  -1.7200000e+02   1.8760030e+01  -3.6815226e+01  -3.5000000e+01   3.5701986e+01
   1.3212047e+01   2.3355225e+01  -1.7200000e+02   1.7807268e+01  -3.4579960e+01  -3.5000000e+01   3.6643710e+01
   1.4322740e+01   2.5480135e+01  -1.7200000e+02   1.9086834e+01  -3.3667069e+01  -3.5000000e+01   3.9075241e+01
   1.4545258e+01   2.7503174e+01  -1.7200000e+02   2.0422174e+01  -3.2087840e+01  -3.5000000e+01   4.0484419e+01
   1.5186191e+01   2.7533994e+01  -1.7200000e+02   1.9987532e+01  -3.0853872e+01  -3.5000000e+01   4.0687667e+01
   1.6317269e+01   2.7845141e+01  -1.7200000e+02   1.9787352e+01  -3.0285915e+01  -3.5000000e+01   4.1227568e+01
   1.6793008e+01   2.8108986e+01  -1.7200000e+02   1.9806287e+01  -2.8833273e+01  -3.5000000e+01   4.0151041e+01
   1.7531595e+01   2.8540005e+01  -1.7200000e+02   2.0605349e+01  -2.8196623e+01  -3.5000000e+01   4.0293139e+01
   1.7623865e+01   2.7488609e+01  -1.7200000e+02   1.9807085e+01  -2.6492078e+01  -3.5000000e+01   3.9657869e+01
   1.7040973e+01   2.8121237e+01  -1.7200000e+02   2.0379538e+01  -2.4667624e+01  -3.5000000e+01   3.9159062e+01
   1.7439147e+01   3.1625035e+01  -1.7200000e+02   2.4225213e+01  -2.3485133e+01  -3.5000000e+01   3.8276124e+01
   1.7137578e+01   3.4205355e+01  -1.7200000e+02   2.7539625e+01  -2.2091080e+01  -3.5000000e+01   3.7098743e+01
   1.6434861e+01   3.4988841e+01  -1.7200000e+02   2.8288774e+01  -2.0178204e+01  -3.5000000e+01   3.5652893e+01
   1.6723443e+01   3.4397772e+01  -1.7200000e+02   2.8499837e+01  -1.9383144e+01  -3.5000000e+01   3.5380075e+01
   1.5710836e+01   3.3571900e+01  -1.7200000e+02   2.8251193e+01  -1.7142874e+01  -3.5000000e+01   3.5493704e+01
   1.7278610e+01   3.2287510e+01  -1.7200000e+02   2.7777351e+01  -1.7182228e+01  -3.5000000e+01   3.3834658e+01
   1.6774290e+01   3.4783665e+01  -1.7200000e+02   3.0877158e+01  -1.5420351e+01  -3.5000000e+01   3.1673742e+01
   1.5928229e+01   3.6072914e+01  -1.7200000e+02   3.2340650e+01  -1.3530045e+01  -3.5000000e+01   3.0497407e+01
   1.5708573e+01   3.6666698e+01  -1.7200000e+02   3.3514641e+01  -1.2312063e+01  -3.5000000e+01   3.0002219e+01
   1.5936282e+01   3.8026430e+01  -1.7200000e+02   3.5363819e+01  -1.1060257e+01  -3.5000000e+01   2.9836287e+01
   1.6916978e+01   3.9390814e+01  -1.7200000e+02   3.6902587e+01  -1.0722153e+01  -3.5000000e+01   2.8605393e+01
   1.7855266e+01   3.7359515e+01  -1.7200000e+02   3.5538172e+01  -1.0795490e+01  -3.5000000e+01   2.8226307e+01
   1.7920039e+01   3.9841166e+01  -1.7200000e+02   3.7921229e+01  -9.8653100e+00  -3.5000000e+01   2.7874993e+01
   1.8702208e+01   4.0520180e+01  -1.7200000e+02   3.8686946e+01  -9.8727357e+00  -3.5000000e+01   2.8010283e+01
   1.8605290e+01   4.0731097e+01  -1.7200000e+02   3.9028184e+01  -8.7708741e+00  -3.5000000e+01   2.7206719e+01
   1.9394938e+01   4.0260209e+01  -1.7200000e+02   3.8631157e+01  -9.0571991e+00  -3.5000000e+01   2.7577342e+01
   2.0479244e+01   3.9012034e+01  -1.7200000e+02   3.7733077e+01  -9.5486864e+00  -3.5000000e+01   2.7643470e+01
   2.0541105e+01   4.0416952e+01  -1.7200000e+02   3.8943083e+01  -8.5889605e+00  -3.5000000e+01   2.8620517e+01
   2.1419440e+01   3.8904968e+01  -1.7200000e+02   3.7495766e+01  -8.3669967e+00  -3.5000000e+01   2.9720500e+01
   2.2611531e+01   3.6361479e+01  -1.7200000e+02   3.1962351e+01  -9.3886133e+00  -3.5000000e+01   2.9511388e+01
   2.4863964e+01   3.5726867e+01  -1.7200000e+02   2.5559424e+01  -1.3436739e+01  -3.5000000e+01   2.7767891e+01
   2.4847773e+01   3.5281154e+01  -1.7200000e+02   2.0673241e+01  -1.4786037e+01  -3.5000000e+01   2.5339362e+01
   2.3316722e+01   3.5105054e+01  -1.7200000e+02   1.8657757e+01  -1.7905460e+01  -3.5000000e+01   2.6304259e+01
   1.8416707e+01   3.3434033e+01  -1.7200000e+02   1.7740584e+01  -2.1219032e+01  -3.5000000e+01   2.7810086e+01
   1.6771562e+01   3.1085091e+01  -1.7200000e+02   1.6248334e+01  -2.4525687e+01  -3.5000000e+01   3.0333094e+01
   1.6886515e+01   3.1020619e+01  -1.7200000e+02   1.9340209e+01  -2.7162783e+01  -3.5000000e+01   3.6500792e+01
   1.5394446e+01   3.1241942e+01  -1.7200000e+02   2.2613792e+01  -2.7191150e+01  -3.5000000e+01   4.0838526e+01
   1.7091990e+01   2.6922463e+01  -1.7200000e+02   1.8209754e+01  -2.7567288e+01  -3.5000000e+01   4.3746009e+01
   1.6887433e+01   2.3750121e+01  -1.7200000e+02   1.4331927e+01  -2.6057579e+01  -3.5000000e+01   4.5684714e+01
   1.5558119e+01   2.2392487e+01  -1.7200000e+02   1.2249424e+01  -2.4008671e+01  -3.5000000e+01   4.8028264e+01
   1.5647457e+01   2.1991562e+01  -1.7200000e+02   1.1488134e+01  -2.2929264e+01  -3.5000000e+01   4.9008807e+01
   1.5238990e+01   2.0530732e+01  -1.7200000e+02   9.8236138e+00  -2.1651779e+01  -3.5000000e+01   4.9562737e+01
   1.5032879e+01   1.9066113e+01  -1.7200000e+02   7.7482821e+00  -1.9958842e+01  -3.5000000e+01   4.9131929e+01
   1.6099700e+01   1.8135203e+01  -1.7200000e+02   7.1134867e+00  -1.9580664e+01  -3.5000000e+01   4.9328580e+01
   1.6685560e+01   1.9159424e+01  -1.7200000e+02   7.5236027e+00  -1.9738954e+01  -3.5000000e+01   4.9806497e+01
   1.6275679e+01   1.9443874e+01  -1.7200000e+02   8.3285978e+00  -1.8740793e+01  -3.5000000e+01   5.0409256e+01
   1.6442442e+01   1.8545936e+01  -1.7200000e+02   6.9659214e+00  -1.8115444e+01  -3.5000000e+01   4.9950682e+01
   1.7036283e+01   1.8353499e+01  -1.7200000e+02   7.5001677e+00  -1.7689843e+01  -3.5000000e+01   4.9210632e+01
   1.7226056e+01   1.9049643e+01  -1.7200000e+02   8.2748924e+00  -1.6366503e+01  -3.5000000e+01   4.9075427e+01
   1.7679615e+01   2.0478024e+01  -1.7200000e+02   9.7765914e+00  -1.5934769e+01  -3.5000000e+01   4.8353094e+01
   1.8582567e+01   2.3117112e+01  -1.7200000e+02   1.3411622e+01  -1.6610748e+01  -3.5000000e+01   4.7116255e+01
   1.8284262e+01   2.4158743e+01  -1.7200000e+02   1.4408680e+01  -1.6047669e+01  -3.5000000e+01   4.6996539e+01
   1.8397855e+01   2.6803915e+01  -1.7200000e+02   1.7086590e+01  -1.5754906e+01  -3.5000000e+01   4.5990422e+01
   1.8522624e+01   2.7209879e+01  -1.7200000e+02   1.8035134e+01  -1.4718890e+01  -3.5000000e+01   4.4935651e+01
   1.8877772e+01   2.8568948e+01  -1.7200000e+02   1.9665033e+01  -1.4544250e+01  -3.5000000e+01   4.4288003e+01
   1.8486245e+01   2.9101121e+01  -1.7200000e+02   2.0582546e+01  -1.3052193e+01  -3.5000000e+01   4.3661139e+01
   1.8004610e+01   3.1119232e+01  -1.7200000e+02   2.2910778e+01  -1.1964135e+01  -3.5000000e+01   4.2607781e+01
   1.8813702e+01   3.1622775e+01  -1.7200000e+02   2.3910179e+01  -1.2058555e+01  -3.5000000e+01   4.1057762e+01
   1.8907158e+01   3.3034450e+01  -1.7200000e+02   2.5617252e+01  -1.1289981e+01  -3.5000000e+01   3.9350386e+01
   1.9428475e+01   3.5000328e+01  -1.7200000e+02   2.8747900e+01  -1.1034870e+01  -3.5000000e+01   3.7950504e+01
   1.8645234e+01   3.7072345e+01  -1.7200000e+02   3.1663454e+01  -9.1080199e+00  -3.5000000e+01   3.6132934e+01
   1.8970781e+01   3.6625121e+01  -1.7200000e+02   3.1948620e+01  -8.1462459e+00  -3.5000000e+01   3.5176040e+01
   2.0403772e+01   3.6185456e+01  -1.7200000e+02   3.2744947e+01  -8.4381756e+00  -3.5000000e+01   3.3900585e+01
   2.0534869e+01   3.6186745e+01  -1.7200000e+02   3.4005569e+01  -7.7300652e+00  -3.5000000e+01   3.0380168e+01
   2.0394466e+01   3.8418693e+01  -1.7200000e+02   3.6906956e+01  -6.8142592e+00  -3.5000000e+01   2.8899034e+01
   2.1553133e+01   3.7860593e+01  -1.7200000e+02   3.7406379e+01  -7.2002832e+00  -3.5000000e+01   2.6082973e+01
   2.1573513e+01   3.7625724e+01  -1.7200000e+02   3.8001136e+01  -5.9588476e+00  -3.5000000e+01   2.6132845e+01
   2.1564093e+01   3.7241943e+01  -1.7200000e+02   3.8118400e+01  -4.9101695e+00  -3.5000000e+01   2.5728236e+01
   2.2577836e+01   3.5938033e+01  -1.7200000e+02   3.7680419e+01  -4.8768898e+00  -3.5000000e+01   2.5554376e+01
   2.3190554e+01   3.6424469e+01  -1.7200000e+02   3.8632241e+01  -4.5856501e+00  -3.5000000e+01   2.4431158e+01
   2.3058060e+01   3.6654586e+01  -1.7200000e+02   3.9618659e+01  -3.6871553e+00  -3.5000000e+01   2.2829982e+01
   2.2754504e+01   3.7898212e+01  -1.7200000e+02   4.1287055e+01  -2.6261505e+00  -3.5000000e+01   2.1728334e+01
   2.3488548e+01   3.7149991e+01  -1.7200000e+02   4.0984611e+01  -2.5868974e+00  -3.5000000e+01   2.0800894e+01
   2.3729110e+01   3.6587176e+01  -1.7200000e+02   4.1371904e+01  -1.4975806e+00  -3.5000000e+01   1.9793020e+01
   2.3911647e+01   3.5659700e+01  -1.7200000e+02   4.1465320e+01  -3.2448261e-01  -3.5000000e+01   2.0377729e+01
   2.5084943e+01   3.5250867e+01  -1.7200000e+02   4.1776162e+01  -2.9056939e-01  -3.5000000e+01   1.9075245e+01
   2.4880922e+01   3.6065012e+01  -1.7200000e+02   4.3239380e+01   7.6561195e-01  -3.5000000e+01   1.7599954e+01
   2.5587363e+01   3.6254435e+01  -1.7200000e+02   4.4483126e+01   1.2610273e+00  -3.5000000e+01   1.5620661e+01
   2.6374417e+01   3.5344661e+01  -1.7200000e+02   4.4812884e+01   1.3772150e+00  -3.5000000e+01   1.3557226e+01
   2.6777597e+01   3.7092052e+01  -1.7200000e+02   4.5401912e+01   8.8199660e-01  -3.5000000e+01   1.4762927e+01
   2.7027016e+01   3.9019268e+01  -1.7200000e+02   4.0143011e+01  -2.9328188e+00  -3.5000000e+01   1.5359493e+01
   2.7578989e+01   3.7592990e+01  -1.7200000e+02   3.1622780e+01  -7.4360748e+00  -3.5000000e+01   1.9110110e+01
   2.8818117e+01   3.4627029e+01  -1.7200000e+02   2.3882104e+01  -1.2135062e+01  -3.5000000e+01   2.4828998e+01
   2.5797644e+01   3.0722591e+01  -1.7200000e+02   1.7152765e+01  -1.4953132e+01  -3.5000000e+01   3.2385321e+01
   2.0965330e+01   2.7026941e+01  -1.7200000e+02   1.2271967e+01  -1.9517650e+01  -3.5000000e+01   3.8410753e+01
   1.6862263e+01   2.3346473e+01  -1.7200000e+02   8.7587945e+00  -2.2379369e+01  -3.5000000e+01   4.1832048e+01
   1.5225552e+01   2.1558635e+01  -1.7200000e+02   7.4509782e+00  -2.5470524e+01  -3.5000000e+01   4.2384458e+01
   1.3934968e+01   2.1739698e+01  -1.7200000e+02   7.2320351e+00  -2.8352461e+01  -3.5000000e+01   4.2471547e+01
   1.2171710e+01   2.1821055e+01  -1.7200000e+02   7.6863923e+00  -3.0157509e+01  -3.5000000e+01   4.2376823e+01
   1.2234109e+01   2.3491086e+01  -1.7200000e+02   9.5087963e+00  -3.2816157e+01  -3.5000000e+01   3.9878350e+01
   1.1851209e+01   2.2566405e+01  -1.7200000e+02   9.7348015e+00  -3.4185300e+01  -3.5000000e+01   4.0868835e+01
   1.2315402e+01   2.3139389e+01  -1.7200000e+02   1.2872394e+01  -3.5921369e+01  -3.5000000e+01   4.5073665e+01
   1.1482146e+01   2.4216517e+01  -1.7200000e+02   1.6913099e+01  -3.6423936e+01  -3.5000000e+01   4.7311079e+01
   1.2031809e+01   2.4234549e+01  -1.7200000e+02   1.7299600e+01  -3.6287346e+01  -3.5000000e+01   4.8457626e+01
   1.2825214e+01   2.0839504e+01  -1.7200000e+02   1.2785587e+01  -3.5268865e+01  -3.5000000e+01   4.8898090e+01
   1.3415199e+01   1.9151297e+01  -1.7200000e+02   1.0162460e+01  -3.4036054e+01  -3.5000000e+01   4.9479535e+01
   1.3979126e+01   1.7011680e+01  -1.7200000e+02   6.8005724e+00  -3.1339560e+01  -3.5000000e+01   4.9421422e+01
   1.4498566e+01   1.7310165e+01  -1.7200000e+02   6.9595612e+00  -3.0013843e+01  -3.5000000e+01   4.9757051e+01
   1.6228146e+01   1.9999852e+01  -1.7200000e+02   9.3999910e+00  -2.8935851e+01  -3.5000000e+01   4.9676358e+01
   1.6996471e+01   2.1513591e+01  -1.7200000e+02   1.1623842e+01  -2.7982313e+01  -3.5000000e+01   4.9114463e+01
   1.7640776e+01   2.3265328e+01  -1.7200000e+02   1.3717764e+01  -2.6892610e+01  -3.5000000e+01   4.8235643e+01
   1.7654365e+01   2.3821933e+01  -1.7200000e+02   1.4688721e+01  -2.5724984e+01  -3.5000000e+01   4.7000856e+01
   1.7735074e+01   2.4188799e+01  -1.7200000e+02   1.5332511e+01  -2.4180344e+01  -3.5000000e+01   4.5579311e+01
   1.8748220e+01   2.6138657e+01  -1.7200000e+02   1.7326063e+01  -2.3388514e+01  -3.5000000e+01   4.4408999e+01
   1.7896039e+01   2.8246915e+01  -1.7200000e+02   2.0074661e+01  -2.1926016e+01  -3.5000000e+01   4.2688115e+01
   1.8909798e+01   3.1470021e+01  -1.7200000e+02   2.3893919e+01  -2.1867773e+01  -3.5000000e+01   4.1517246e+01
   1.8434798e+01   3.5648936e+01  -1.7200000e+02   2.7797409e+01  -2.0114956e+01  -3.5000000e+01   3.8136955e+01
   1.7717262e+01   3.8194725e+01  -1.7200000e+02   3.1421882e+01  -1.8234908e+01  -3.5000000e+01   3.8041857e+01
   1.7370470e+01   3.7578003e+01  -1.7200000e+02   3.1915711e+01  -1.6071027e+01  -3.5000000e+01   3.8808421e+01
