  -1.4517060e+01  -3.1041283e+02   2.4373471e+00   1.3377576e+02  -1.5778238e+01   3.4090952e+01   1.5014637e+02
  -2.8517025e+01  -3.1010437e+02   6.0000000e+00   1.3541538e+02  -2.7117592e+01   3.2362851e+01   1.5182788e+02
  -4.2516959e+01  -3.1005206e+02   9.5626482e+00   1.3722466e+02  -3.8461951e+01   3.0778937e+01   1.5338780e+02
  -5.6516894e+01  -3.0999974e+02   1.3125296e+01   1.3903393e+02  -4.9806311e+01   2.9195023e+01   1.5494772e+02
  -7.0516828e+01  -3.0994743e+02   1.6687945e+01   1.4084321e+02  -6.1150671e+01   2.7611109e+01   1.5650764e+02
  -8.4516762e+01  -3.0989511e+02   2.0250593e+01   1.4265249e+02  -7.2495031e+01   2.6027195e+01   1.5806755e+02
  -9.8516696e+01  -3.0984280e+02   2.3813241e+01   1.4446176e+02  -8.3839390e+01   2.4443281e+01   1.5962747e+02
  -1.1251663e+02  -3.0979048e+02   2.7375889e+01   1.4627104e+02  -9.5183750e+01   2.2859368e+01   1.6118739e+02
  -1.2651656e+02  -3.0973817e+02   3.0938538e+01   1.4808032e+02  -1.0652811e+02   2.1275454e+01   1.6274731e+02
  -1.4051650e+02  -3.0968585e+02   3.4501186e+01   1.4988959e+02  -1.1787247e+02   1.9691540e+01   1.6430723e+02
  -1.5451643e+02  -3.0963354e+02   3.8063834e+01   1.5169887e+02  -1.2921683e+02   1.8107627e+01   1.6586714e+02
  -1.6500000e+02  -3.0981979e+02   2.4063834e+01   1.5384910e+02  -1.4054137e+02   1.6823587e+01   1.6732326e+02
  -1.6500000e+02  -3.2166407e+02   1.0063945e+01   1.6564151e+02  -1.4779859e+02   2.7455558e+01   1.7089593e+02
  -1.6500000e+02  -3.3334937e+02   6.0000000e+00   1.7725603e+02  -1.5497217e+02   3.7921163e+01   1.7451871e+02
  -1.6500000e+02  -3.3677011e+02   6.0000000e+00   1.7135794e+02  -1.4658087e+02   2.8009298e+01   1.8420574e+02
  -1.6500000e+02  -3.4532057e+02   6.0000000e+00   1.7125996e+02  -1.3924465e+02   2.0037106e+01   1.9032867e+02
  -1.6500000e+02  -3.5391570e+02   6.0000000e+00   1.7252249e+02  -1.3403835e+02   1.2736562e+01   1.9169894e+02
  -1.6500000e+02  -3.5875084e+02   6.0000000e+00   1.7041909e+02  -1.3362026e+02   4.6584474e+00   1.9216727e+02
  -1.6500000e+02  -3.6101655e+02   6.0000000e+00   1.6771546e+02  -1.3800145e+02  -3.8579919e+00   1.9405578e+02
  -1.6500000e+02  -3.6295949e+02   6.0000000e+00   1.6600170e+02  -1.4525671e+02  -1.1716910e+01   1.9584328e+02
  -1.6500000e+02  -3.6699083e+02   6.0000000e+00   1.6633886e+02  -1.5384430e+02  -1.9283831e+01   1.9589751e+02
  -1.6500000e+02  -3.7147785e+02   6.0000000e+00   1.6736199e+02  -1.6257400e+02  -2.6331839e+01   1.9099597e+02
  -1.6500000e+02  -3.7633687e+02   6.0000000e+00   1.6835202e+02  -1.7148421e+02  -3.3454572e+01   1.8467490e+02
  -1.6500000e+02  -3.8129737e+02   6.0000000e+00   1.6937572e+02  -1.8106284e+02  -4.0306801e+01   1.7735868e+02
  -1.6500000e+02  -3.8642790e+02   6.0000000e+00   1.6979747e+02  -1.9004389e+02  -4.7513278e+01   1.7015457e+02
  -1.6500000e+02  -3.9336666e+02   6.0000000e+00   1.6892653e+02  -1.9860668e+02  -5.5171376e+01   1.6582539e+02
  -1.6500000e+02  -4.0176914e+02   6.0000000e+00   1.6772855e+02  -2.0634293e+02  -6.2357849e+01   1.6380769e+02
  -1.6500000e+02  -4.1139888e+02   6.0000000e+00   1.6677330e+02  -2.1180152e+02  -6.9005641e+01   1.6312486e+02
  -1.6500000e+02  -4.2083601e+02   6.0000000e+00   1.6492442e+02  -2.1469020e+02  -7.4476505e+01   1.6211399e+02
  -1.6500000e+02  -4.3052106e+02   6.0000000e+00   1.6274192e+02  -2.1504862e+02  -7.9229206e+01   1.5830234e+02
  -1.6500000e+02  -4.3877365e+02   6.0000000e+00   1.5729722e+02  -2.1345918e+02  -8.5379691e+01   1.5437985e+02
  -1.6500000e+02  -4.4526562e+02   6.0000000e+00   1.5146778e+02  -2.1118856e+02  -9.0446045e+01   1.5099518e+02
  -1.6500000e+02  -4.5037270e+02   6.0000000e+00   1.4625411e+02  -2.0825734e+02  -9.3489532e+01   1.4865185e+02
  -1.6500000e+02  -4.5412523e+02   6.0000000e+00   1.4144843e+02  -2.0558605e+02  -9.5241694e+01   1.4729455e+02
  -1.6500000e+02  -4.5681128e+02   6.0000000e+00   1.3717966e+02  -2.0291989e+02  -9.5565630e+01   1.4552781e+02
  -1.6500000e+02  -4.6011765e+02   6.0000000e+00   1.3344524e+02  -2.0045504e+02  -9.5384533e+01   1.4489785e+02
  -1.6500000e+02  -4.6334197e+02   6.0000000e+00   1.2989518e+02  -1.9889873e+02  -9.4956147e+01   1.4524749e+02
  -1.6500000e+02  -4.6481313e+02   6.0000000e+00   1.2649540e+02  -1.9758383e+02  -9.3479433e+01   1.4609640e+02
  -1.6500000e+02  -4.6549801e+02   6.0000000e+00   1.2343897e+02  -1.9688394e+02  -9.1106098e+01   1.4731722e+02
  -1.6500000e+02  -4.6615048e+02   6.0000000e+00   1.2048144e+02  -1.9648482e+02  -8.8434393e+01   1.5018108e+02
  -1.6500000e+02  -4.6531753e+02   6.0000000e+00   1.1766398e+02  -1.9679712e+02  -8.3933054e+01   1.5251923e+02
  -1.6500000e+02  -4.6686442e+02   6.0000000e+00   1.1542472e+02  -1.9663806e+02  -8.0593626e+01   1.5474767e+02
  -1.6500000e+02  -4.6623877e+02   6.0000000e+00   1.1345696e+02  -1.9628062e+02  -7.6033911e+01   1.5754260e+02
  -1.6500000e+02  -4.6673474e+02   6.0000000e+00   1.1112097e+02  -1.9573163e+02  -7.2775450e+01   1.6103452e+02
  -1.6500000e+02  -4.6750314e+02   6.0000000e+00   1.0912675e+02  -1.9527085e+02  -6.9305766e+01   1.6260060e+02
  -1.6500000e+02  -4.6776882e+02   6.0000000e+00   1.0691645e+02  -1.9441393e+02  -6.5971828e+01   1.6586253e+02
  -1.6500000e+02  -4.6771972e+02   6.0000000e+00   1.0442401e+02  -1.9382977e+02  -6.2758529e+01   1.6781243e+02
  -1.6500000e+02  -4.6834098e+02   6.0000000e+00   1.0230715e+02  -1.9347421e+02  -5.9266254e+01   1.7049710e+02
  -1.6500000e+02  -4.6945631e+02   6.0000000e+00   9.9986337e+01  -1.9177883e+02  -5.6661938e+01   1.7316172e+02
  -1.6500000e+02  -4.7144798e+02   6.0000000e+00   9.7799319e+01  -1.9073044e+02  -5.4366222e+01   1.7624053e+02
  -1.6500000e+02  -4.7272530e+02   6.0000000e+00   9.5356611e+01  -1.8958124e+02  -5.2098289e+01   1.7830356e+02
  -1.6500000e+02  -4.7320272e+02   6.0000000e+00   9.3582757e+01  -1.8845774e+02  -4.8522739e+01   1.7991658e+02
  -1.6500000e+02  -4.7389012e+02   6.0000000e+00   9.1876593e+01  -1.8713376e+02  -4.5165490e+01   1.8257395e+02
  -1.6500000e+02  -4.7445389e+02   6.0000000e+00   9.0515965e+01  -1.8525989e+02  -4.2936752e+01   1.8580587e+02
  -1.6500000e+02  -4.7507368e+02   6.0000000e+00   8.9765272e+01  -1.8294908e+02  -4.1158425e+01   1.8676311e+02
  -1.6500000e+02  -4.7700600e+02   6.0000000e+00   8.9898252e+01  -1.8000656e+02  -4.0930594e+01   1.8771151e+02
  -1.6500000e+02  -4.7797599e+02   6.0000000e+00   8.9789287e+01  -1.7768051e+02  -4.0519913e+01   1.9004356e+02
  -1.6500000e+02  -4.7906342e+02   6.0000000e+00   9.0568864e+01  -1.7448259e+02  -3.9475892e+01   1.9119176e+02
  -1.6500000e+02  -4.7937018e+02   6.0000000e+00   9.1553824e+01  -1.7144192e+02  -3.8654294e+01   1.9331237e+02
  -1.6500000e+02  -4.7724497e+02   6.0000000e+00   9.1055366e+01  -1.6597509e+02  -3.9415881e+01   1.9236049e+02
  -1.6500000e+02  -4.7403110e+02   6.0000000e+00   8.8680955e+01  -1.6330813e+02  -4.1785413e+01   1.9021592e+02
  -1.6500000e+02  -4.7164500e+02   6.0000000e+00   8.5657150e+01  -1.6428275e+02  -4.4486549e+01   1.8844298e+02
  -1.6500000e+02  -4.7188815e+02   6.0000000e+00   8.3166014e+01  -1.6596514e+02  -4.7598474e+01   1.8807480e+02
  -1.6500000e+02  -4.7244379e+02   6.0000000e+00   8.1043849e+01  -1.6875809e+02  -5.0242360e+01   1.8320453e+02
  -1.6500000e+02  -4.7410879e+02   6.0000000e+00   7.9201335e+01  -1.7429012e+02  -5.2650754e+01   1.7719608e+02
  -1.6500000e+02  -4.7742785e+02   6.0000000e+00   7.7271493e+01  -1.7971097e+02  -5.6264688e+01   1.7415370e+02
  -1.6500000e+02  -4.7984891e+02   6.0000000e+00   7.5729307e+01  -1.8371298e+02  -5.9364617e+01   1.6896736e+02
  -1.6500000e+02  -4.8062729e+02   6.0000000e+00   7.4299811e+01  -1.8893745e+02  -6.1129292e+01   1.6515635e+02
  -1.6500000e+02  -4.8090486e+02   6.0000000e+00   7.2638228e+01  -1.9398306e+02  -6.2611223e+01   1.6220509e+02
  -1.6500000e+02  -4.8210072e+02   6.0000000e+00   7.1486809e+01  -1.9918452e+02  -6.3659902e+01   1.5893437e+02
  -1.6500000e+02  -4.8253131e+02   6.0000000e+00   7.0621425e+01  -2.0387997e+02  -6.4108198e+01   1.5750438e+02
  -1.6500000e+02  -4.8211870e+02   6.0000000e+00   7.1554702e+01  -2.0985461e+02  -6.1515750e+01   1.5649577e+02
  -1.6500000e+02  -4.8429148e+02   6.0000000e+00   7.2466527e+01  -2.1214814e+02  -5.9483741e+01   1.5045213e+02
  -1.6500000e+02  -4.8405715e+02   6.0000000e+00   7.3358978e+01  -2.1202778e+02  -5.5883040e+01   1.4497681e+02
  -1.6500000e+02  -4.8407632e+02   6.0000000e+00   7.1756206e+01  -2.1015019e+02  -5.5599295e+01   1.4294127e+02
  -1.6500000e+02  -4.8402602e+02   6.0000000e+00   7.0113984e+01  -2.0829406e+02  -5.5283798e+01   1.4154181e+02
  -1.6500000e+02  -4.8415063e+02   6.0000000e+00   6.8603074e+01  -2.0645204e+02  -5.4833790e+01   1.4031025e+02
  -1.6500000e+02  -4.8365249e+02   6.0000000e+00   6.7400839e+01  -2.0460500e+02  -5.3684925e+01   1.3976248e+02
  -1.6500000e+02  -4.8358022e+02   6.0000000e+00   6.6096704e+01  -2.0338411e+02  -5.2722014e+01   1.3947305e+02
  -1.6500000e+02  -4.8433762e+02   6.0000000e+00   6.4632536e+01  -2.0172568e+02  -5.2117195e+01   1.3887443e+02
  -1.6500000e+02  -4.8524280e+02   6.0000000e+00   6.3128097e+01  -2.0010340e+02  -5.1606623e+01   1.3915383e+02
  -1.6500000e+02  -4.8587926e+02   6.0000000e+00   6.1715675e+01  -1.9828412e+02  -5.0887730e+01   1.3956777e+02
  -1.6500000e+02  -4.8556525e+02   6.0000000e+00   6.0549845e+01  -1.9725582e+02  -4.9497863e+01   1.3946541e+02
  -1.6500000e+02  -4.8614866e+02   6.0000000e+00   6.0035970e+01  -1.9553519e+02  -4.8924229e+01   1.4004911e+02
  -1.6500000e+02  -4.8388692e+02   6.0000000e+00   6.0329656e+01  -1.9468512e+02  -4.6456024e+01   1.4060549e+02
  -1.6500000e+02  -4.8479306e+02   6.0000000e+00   6.0186133e+01  -1.9333707e+02  -4.6387003e+01   1.4199140e+02
  -1.6500000e+02  -4.8497383e+02   6.0000000e+00   6.0360507e+01  -1.9188786e+02  -4.6039597e+01   1.4373441e+02
  -1.6500000e+02  -4.8629575e+02   6.0000000e+00   6.0790813e+01  -1.9056484e+02  -4.6061679e+01   1.4538373e+02
  -1.6500000e+02  -4.8521039e+02   6.0000000e+00   6.1628718e+01  -1.8951630e+02  -4.4343610e+01   1.4711029e+02
  -1.6500000e+02  -4.8295610e+02   6.0000000e+00   6.2488973e+01  -1.8948589e+02  -4.2153220e+01   1.4913963e+02
  -1.6500000e+02  -4.7955344e+02   6.0000000e+00   6.3960756e+01  -1.8888342e+02  -3.8798775e+01   1.5147005e+02
  -1.6500000e+02  -4.7997222e+02   6.0000000e+00   6.4724042e+01  -1.8762498e+02  -3.8440327e+01   1.5536829e+02
  -1.6500000e+02  -4.8062404e+02   6.0000000e+00   6.5310726e+01  -1.8604309e+02  -3.8400447e+01   1.5825987e+02
  -1.6500000e+02  -4.8058544e+02   6.0000000e+00   6.6358883e+01  -1.8439111e+02  -3.7484657e+01   1.6139266e+02
  -1.6500000e+02  -4.8066330e+02   6.0000000e+00   6.7463301e+01  -1.8235949e+02  -3.6631896e+01   1.6344449e+02
  -1.6500000e+02  -4.8159921e+02   6.0000000e+00   6.8440926e+01  -1.8072420e+02  -3.6739988e+01   1.6594848e+02
  -1.6500000e+02  -4.8126251e+02   6.0000000e+00   6.9827026e+01  -1.7862344e+02  -3.5936864e+01   1.6878336e+02
  -1.6500000e+02  -4.8037293e+02   6.0000000e+00   7.1216386e+01  -1.7689496e+02  -3.4636190e+01   1.7029481e+02
  -1.6500000e+02  -4.7940543e+02   6.0000000e+00   7.2764716e+01  -1.7547180e+02  -3.3237399e+01   1.7305727e+02
  -1.6500000e+02  -4.7851711e+02   6.0000000e+00   7.4549694e+01  -1.7272543e+02  -3.1897937e+01   1.7673978e+02
  -1.6500000e+02  -4.7873328e+02   6.0000000e+00   7.6250867e+01  -1.7091853e+02  -3.1129574e+01   1.8034223e+02
  -1.6500000e+02  -4.7790372e+02   6.0000000e+00   7.8253411e+01  -1.6313557e+02  -3.0215694e+01   1.8048539e+02
  -1.6500000e+02  -4.7794430e+02   6.0000000e+00   8.0176226e+01  -1.5868678e+02  -2.9933138e+01   1.8011768e+02
  -1.6500000e+02  -4.7648938e+02   6.0000000e+00   7.9813389e+01  -1.5703259e+02  -3.1891184e+01   1.7920204e+02
  -1.6500000e+02  -4.7394622e+02   6.0000000e+00   7.7425618e+01  -1.5768989e+02  -3.5595506e+01   1.7805171e+02
  -1.6500000e+02  -4.7458604e+02   6.0000000e+00   7.4880000e+01  -1.6074833e+02  -4.0533983e+01   1.7839808e+02
  -1.6500000e+02  -4.7551993e+02   6.0000000e+00   7.2522188e+01  -1.6546946e+02  -4.4605651e+01   1.7516963e+02
  -1.6500000e+02  -4.7699850e+02   6.0000000e+00   7.0460870e+01  -1.7176454e+02  -4.8075881e+01   1.7099137e+02
  -1.6500000e+02  -4.7967616e+02   6.0000000e+00   6.8726533e+01  -1.7921922e+02  -5.1149154e+01   1.6458996e+02
  -1.6500000e+02  -4.8172644e+02   6.0000000e+00   6.6590451e+01  -1.8589774e+02  -5.4542706e+01   1.5877558e+02
  -1.6500000e+02  -4.8174093e+02   6.0000000e+00   6.5278871e+01  -1.9270630e+02  -5.6252353e+01   1.5493066e+02
  -1.6500000e+02  -4.8176609e+02   6.0000000e+00   6.4554101e+01  -1.9749384e+02  -5.7397478e+01   1.5252400e+02
  -1.6500000e+02  -4.8258483e+02   6.0000000e+00   6.3896485e+01  -2.0134746e+02  -5.8885773e+01   1.5221999e+02
  -1.6500000e+02  -4.8327583e+02   6.0000000e+00   6.3640350e+01  -2.0342664e+02  -5.9926621e+01   1.5065000e+02
  -1.6500000e+02  -4.8393459e+02   6.0000000e+00   6.3844057e+01  -2.0424654e+02  -6.0454292e+01   1.4879715e+02
  -1.6500000e+02  -4.8401594e+02   6.0000000e+00   6.5011456e+01  -2.0521914e+02  -5.8515380e+01   1.4745377e+02
  -1.6500000e+02  -4.8562868e+02   6.0000000e+00   6.5751500e+01  -2.0527006e+02  -5.6308284e+01   1.4318593e+02
  -1.6500000e+02  -4.8590601e+02   6.0000000e+00   6.5362074e+01  -2.0439627e+02  -5.4883052e+01   1.4050465e+02
  -1.6500000e+02  -4.8572185e+02   6.0000000e+00   6.4493325e+01  -2.0273546e+02  -5.3932024e+01   1.3936182e+02
  -1.6500000e+02  -4.8530728e+02   6.0000000e+00   6.3426763e+01  -2.0105715e+02  -5.3147151e+01   1.3826508e+02
  -1.6500000e+02  -4.8608512e+02   6.0000000e+00   6.2155909e+01  -1.9858327e+02  -5.3035987e+01   1.3717571e+02
  -1.6500000e+02  -4.8694781e+02   6.0000000e+00   6.0781790e+01  -1.9632326e+02  -5.3038169e+01   1.3701437e+02
  -1.6500000e+02  -4.8901358e+02   6.0000000e+00   5.9600032e+01  -1.9410539e+02  -5.3455289e+01   1.3662489e+02
  -1.6500000e+02  -4.9015958e+02   6.0000000e+00   5.8630393e+01  -1.9190068e+02  -5.3443483e+01   1.3649075e+02
  -1.6500000e+02  -4.9174311e+02   6.0000000e+00   5.7557840e+01  -1.8934676e+02  -5.3580688e+01   1.3609776e+02
  -1.6500000e+02  -4.9106244e+02   6.0000000e+00   5.7159347e+01  -1.8771308e+02  -5.2104172e+01   1.3739485e+02
  -1.6500000e+02  -4.9061101e+02   6.0000000e+00   5.6560171e+01  -1.8624030e+02  -5.0852762e+01   1.3757672e+02
  -1.6500000e+02  -4.9176088e+02   6.0000000e+00   5.5846011e+01  -1.8484520e+02  -5.0362127e+01   1.3764157e+02
  -1.6500000e+02  -4.9273863e+02   6.0000000e+00   5.5127343e+01  -1.8342586e+02  -4.9963757e+01   1.3936433e+02
  -1.6500000e+02  -4.9244266e+02   6.0000000e+00   5.5017495e+01  -1.8250120e+02  -4.8868005e+01   1.4117004e+02
  -1.6500000e+02  -4.8994843e+02   6.0000000e+00   5.5620045e+01  -1.8248965e+02  -4.6293543e+01   1.4224218e+02
  -1.6500000e+02  -4.8788735e+02   6.0000000e+00   5.6537411e+01  -1.8263403e+02  -4.3622031e+01   1.4408005e+02
  -1.6500000e+02  -4.8578203e+02   6.0000000e+00   5.7292567e+01  -1.8229663e+02  -4.1280792e+01   1.4647662e+02
  -1.6500000e+02  -4.8541022e+02   6.0000000e+00   5.7605064e+01  -1.8182557e+02  -4.0171785e+01   1.4762330e+02
  -1.6500000e+02  -4.8442837e+02   6.0000000e+00   5.8322502e+01  -1.8153425e+02  -3.8252029e+01   1.5017611e+02
  -1.6500000e+02  -4.8453060e+02   6.0000000e+00   5.8671948e+01  -1.8061068e+02  -3.7508150e+01   1.5172157e+02
  -1.6500000e+02  -4.8584134e+02   6.0000000e+00   5.9382504e+01  -1.7903966e+02  -3.7550619e+01   1.5509056e+02
  -1.6500000e+02  -4.8456426e+02   6.0000000e+00   6.1192215e+01  -1.7828663e+02  -3.5930912e+01   1.5778011e+02
  -1.6500000e+02  -4.8505285e+02   6.0000000e+00   6.2500383e+01  -1.7733457e+02  -3.5807691e+01   1.6003841e+02
  -1.6500000e+02  -4.8540320e+02   6.0000000e+00   6.3720828e+01  -1.7664995e+02  -3.5727857e+01   1.6257450e+02
  -1.6500000e+02  -4.8337500e+02   6.0000000e+00   6.5529208e+01  -1.7566280e+02  -3.4110286e+01   1.6612717e+02
  -1.6500000e+02  -4.8276264e+02   6.0000000e+00   6.7403269e+01  -1.7463480e+02  -3.3348009e+01   1.6896911e+02
  -1.6500000e+02  -4.8224324e+02   6.0000000e+00   6.9220733e+01  -1.7411682e+02  -3.2599416e+01   1.7126760e+02
  -1.6500000e+02  -4.8143518e+02   6.0000000e+00   7.1007271e+01  -1.7286502e+02  -3.1872808e+01   1.7469272e+02
  -1.6500000e+02  -4.8044806e+02   6.0000000e+00   7.2890797e+01  -1.7110319e+02  -3.0981856e+01   1.7772718e+02
  -1.6500000e+02  -4.7936986e+02   6.0000000e+00   7.5959831e+01  -1.6234164e+02  -2.8889847e+01   1.7780409e+02
  -1.6500000e+02  -4.7845389e+02   6.0000000e+00   7.7938393e+01  -1.5738797e+02  -2.8224006e+01   1.7796813e+02
  -1.6500000e+02  -4.7848796e+02   6.0000000e+00   7.9886853e+01  -1.5359766e+02  -2.8019753e+01   1.7702293e+02
  -1.6500000e+02  -4.7595356e+02   6.0000000e+00   7.8619455e+01  -1.5302137e+02  -3.0617236e+01   1.7710660e+02
  -1.6500000e+02  -4.7478274e+02   6.0000000e+00   7.7327935e+01  -1.5272594e+02  -3.3678853e+01   1.7671916e+02
  -1.6500000e+02  -4.7399286e+02   6.0000000e+00   7.5978308e+01  -1.5441616e+02  -3.6815832e+01   1.7744189e+02
  -1.6500000e+02  -4.7433364e+02   6.0000000e+00   7.4456808e+01  -1.5800007e+02  -4.0341379e+01   1.7530910e+02
  -1.6500000e+02  -4.7562300e+02   6.0000000e+00   7.2657030e+01  -1.6462418e+02  -4.3882827e+01   1.7130441e+02
  -1.6500000e+02  -4.7752707e+02   6.0000000e+00   7.1529359e+01  -1.7023449e+02  -4.6781047e+01   1.6656992e+02
  -1.6500000e+02  -4.7910578e+02   6.0000000e+00   7.0286422e+01  -1.7507242e+02  -4.9685862e+01   1.6181412e+02
  -1.6500000e+02  -4.8093406e+02   6.0000000e+00   6.8903934e+01  -1.8010442e+02  -5.2873634e+01   1.5860536e+02
  -1.6500000e+02  -4.8158007e+02   6.0000000e+00   6.7205083e+01  -1.8510376e+02  -5.5963201e+01   1.5568813e+02
  -1.6500000e+02  -4.8229936e+02   6.0000000e+00   6.6373924e+01  -1.9267004e+02  -5.7560024e+01   1.5249170e+02
  -1.6500000e+02  -4.8234393e+02   6.0000000e+00   6.5673757e+01  -1.9888712e+02  -5.8899439e+01   1.5070304e+02
  -1.6500000e+02  -4.8211657e+02   6.0000000e+00   6.5533741e+01  -2.0340197e+02  -5.9594773e+01   1.4977434e+02
  -1.6500000e+02  -4.8224251e+02   6.0000000e+00   6.6042945e+01  -2.0679094e+02  -5.9618363e+01   1.4826594e+02
  -1.6500000e+02  -4.8257225e+02   6.0000000e+00   6.7207412e+01  -2.0883811e+02  -5.8709073e+01   1.4522662e+02
  -1.6500000e+02  -4.8288642e+02   6.0000000e+00   6.8619678e+01  -2.1004428e+02  -5.5230850e+01   1.4348528e+02
  -1.6500000e+02  -4.8335783e+02   6.0000000e+00   6.8980421e+01  -2.1070289e+02  -5.2497453e+01   1.4240667e+02
  -1.6500000e+02  -4.8358708e+02   6.0000000e+00   6.7839981e+01  -2.0944518e+02  -5.1556008e+01   1.4216981e+02
  -1.6500000e+02  -4.8348662e+02   6.0000000e+00   6.6287357e+01  -2.0774387e+02  -5.0987646e+01   1.4092665e+02
  -1.6500000e+02  -4.8459031e+02   6.0000000e+00   6.4428133e+01  -2.0521714e+02  -5.1510703e+01   1.3880671e+02
  -1.6500000e+02  -4.8594301e+02   6.0000000e+00   6.2633213e+01  -2.0310079e+02  -5.2079666e+01   1.3747760e+02
  -1.6500000e+02  -4.8750608e+02   6.0000000e+00   6.0762791e+01  -2.0139604e+02  -5.3011069e+01   1.3609271e+02
  -1.6500000e+02  -4.8929136e+02   6.0000000e+00   5.9025689e+01  -1.9965810e+02  -5.3960625e+01   1.3515731e+02
  -1.6500000e+02  -4.8953532e+02   6.0000000e+00   5.7950162e+01  -1.9875625e+02  -5.3450088e+01   1.3407696e+02
  -1.6500000e+02  -4.9066537e+02   6.0000000e+00   5.6875851e+01  -1.9763122e+02  -5.3509725e+01   1.3353482e+02
  -1.6500000e+02  -4.9172519e+02   6.0000000e+00   5.5754610e+01  -1.9651730e+02  -5.3611372e+01   1.3309103e+02
  -1.6500000e+02  -4.9122303e+02   6.0000000e+00   5.4912218e+01  -1.9609287e+02  -5.2726412e+01   1.3231448e+02
  -1.6500000e+02  -4.9250650e+02   6.0000000e+00   5.4299032e+01  -1.9513929e+02  -5.2873340e+01   1.3211193e+02
  -1.6500000e+02  -4.9243808e+02   6.0000000e+00   5.3594452e+01  -1.9411375e+02  -5.2639580e+01   1.3158022e+02
  -1.6500000e+02  -4.9283128e+02   6.0000000e+00   5.3317927e+01  -1.9322547e+02  -5.2141204e+01   1.3202261e+02
  -1.6500000e+02  -4.9333284e+02   6.0000000e+00   5.3013121e+01  -1.9236694e+02  -5.1801006e+01   1.3206680e+02
  -1.6500000e+02  -4.9364074e+02   6.0000000e+00   5.2600085e+01  -1.9155129e+02  -5.1538154e+01   1.3215597e+02
  -1.6500000e+02  -4.9287898e+02   6.0000000e+00   5.2898888e+01  -1.9073655e+02  -5.0397899e+01   1.3311000e+02
  -1.6500000e+02  -4.9193804e+02   6.0000000e+00   5.3072673e+01  -1.8999221e+02  -4.9349711e+01   1.3269161e+02
  -1.6500000e+02  -4.9171723e+02   6.0000000e+00   5.3189400e+01  -1.8977398e+02  -4.8851738e+01   1.3310336e+02
  -1.6500000e+02  -4.9248697e+02   6.0000000e+00   5.2992435e+01  -1.8891123e+02  -4.9024852e+01   1.3357071e+02
  -1.6500000e+02  -4.9197133e+02   6.0000000e+00   5.3202954e+01  -1.8828422e+02  -4.8219082e+01   1.3452069e+02
  -1.6500000e+02  -4.9252728e+02   6.0000000e+00   5.3221271e+01  -1.8823607e+02  -4.8106269e+01   1.3458311e+02
  -1.6500000e+02  -4.9363726e+02   6.0000000e+00   5.3195730e+01  -1.8714662e+02  -4.8577844e+01   1.3635293e+02
  -1.6500000e+02  -4.9524911e+02   6.0000000e+00   5.2478636e+01  -1.8592944e+02  -4.9412953e+01   1.3711813e+02
  -1.6500000e+02  -4.9511931e+02   6.0000000e+00   5.2408936e+01  -1.8485756e+02  -4.8851422e+01   1.3728587e+02
  -1.6500000e+02  -4.9544358e+02   6.0000000e+00   5.2485417e+01  -1.8412890e+02  -4.8393355e+01   1.3819287e+02
  -1.6500000e+02  -4.9675505e+02   6.0000000e+00   5.2460009e+01  -1.8381309e+02  -4.8710991e+01   1.3946470e+02
  -1.6500000e+02  -4.9386317e+02   6.0000000e+00   5.3162313e+01  -1.8426169e+02  -4.6582576e+01   1.4050295e+02
  -1.6500000e+02  -4.9108249e+02   6.0000000e+00   5.4168276e+01  -1.8399131e+02  -4.4082132e+01   1.4114310e+02
  -1.6500000e+02  -4.8820616e+02   6.0000000e+00   5.5133166e+01  -1.8393360e+02  -4.1590100e+01   1.4254622e+02
  -1.6500000e+02  -4.8658066e+02   6.0000000e+00   5.6022316e+01  -1.8320864e+02  -3.9793783e+01   1.4399550e+02
  -1.6500000e+02  -4.8626225e+02   6.0000000e+00   5.6571631e+01  -1.8201736e+02  -3.9143416e+01   1.4493171e+02
  -1.6500000e+02  -4.8586954e+02   6.0000000e+00   5.7430008e+01  -1.8058103e+02  -3.8283407e+01   1.4595383e+02
  -1.6500000e+02  -4.8461247e+02   6.0000000e+00   5.8473405e+01  -1.8014054e+02  -3.7270959e+01   1.4671621e+02
  -1.6500000e+02  -4.8399354e+02   6.0000000e+00   5.9511888e+01  -1.7919155e+02  -3.7109718e+01   1.4788230e+02
  -1.6500000e+02  -4.8279077e+02   6.0000000e+00   6.0828475e+01  -1.7853921e+02  -3.6576056e+01   1.4942315e+02
  -1.6500000e+02  -4.8153328e+02   6.0000000e+00   6.2157963e+01  -1.7798465e+02  -3.5971394e+01   1.5045240e+02
  -1.6500000e+02  -4.8018198e+02   6.0000000e+00   6.3498472e+01  -1.7721546e+02  -3.5312671e+01   1.5106970e+02
  -1.6500000e+02  -4.7952682e+02   6.0000000e+00   6.5031749e+01  -1.7597956e+02  -3.5157503e+01   1.5276564e+02
  -1.6500000e+02  -4.7932336e+02   6.0000000e+00   6.6433412e+01  -1.7462748e+02  -3.5481685e+01   1.5315533e+02
  -1.6500000e+02  -4.7939700e+02   6.0000000e+00   6.7976639e+01  -1.7307727e+02  -3.5820009e+01   1.5434496e+02
  -1.6500000e+02  -4.7930906e+02   6.0000000e+00   6.9499079e+01  -1.7143151e+02  -3.6152798e+01   1.5641552e+02
  -1.6500000e+02  -4.7922358e+02   6.0000000e+00   7.1209374e+01  -1.6938046e+02  -3.6030130e+01   1.5722084e+02
  -1.6500000e+02  -4.7801173e+02   6.0000000e+00   7.3018574e+01  -1.6722415e+02  -3.5146804e+01   1.5894789e+02
  -1.6500000e+02  -4.7691467e+02   6.0000000e+00   7.4388339e+01  -1.6561946e+02  -3.4800365e+01   1.6016079e+02
  -1.6500000e+02  -4.7619122e+02   6.0000000e+00   7.4177000e+01  -1.6287364e+02  -3.6411545e+01   1.6148715e+02
  -1.6500000e+02  -4.7563831e+02   6.0000000e+00   7.2454813e+01  -1.6381731e+02  -3.9675847e+01   1.6110429e+02
  -1.6500000e+02  -4.7589823e+02   6.0000000e+00   7.0425917e+01  -1.6571869e+02  -4.3217635e+01   1.6010507e+02
  -1.6500000e+02  -4.7762461e+02   6.0000000e+00   6.8361343e+01  -1.6792736e+02  -4.6667676e+01   1.6040908e+02
  -1.6500000e+02  -4.7875253e+02   6.0000000e+00   6.7170254e+01  -1.7341005e+02  -4.8566361e+01   1.6059656e+02
  -1.6500000e+02  -4.8082912e+02   6.0000000e+00   6.5618997e+01  -1.7904410e+02  -5.1498924e+01   1.6203517e+02
  -1.6500000e+02  -4.8325224e+02   6.0000000e+00   6.4152439e+01  -1.8418646e+02  -5.4456235e+01   1.5898822e+02
  -1.6500000e+02  -4.8440083e+02   6.0000000e+00   6.2227723e+01  -1.9150574e+02  -5.6646015e+01   1.5854336e+02
  -1.6500000e+02  -4.8431212e+02   6.0000000e+00   6.1848188e+01  -1.9650477e+02  -5.6678035e+01   1.5742560e+02
  -1.6500000e+02  -4.8404442e+02   6.0000000e+00   6.1621341e+01  -2.0082629e+02  -5.6550844e+01   1.5719034e+02
  -1.6500000e+02  -4.8438581e+02   6.0000000e+00   6.2703721e+01  -2.0536248e+02  -5.4979477e+01   1.5784619e+02
  -1.6500000e+02  -4.8393182e+02   6.0000000e+00   6.4534467e+01  -2.0807932e+02  -5.1262459e+01   1.5569118e+02
  -1.6500000e+02  -4.8625676e+02   6.0000000e+00   6.5601468e+01  -2.0892366e+02  -4.8921588e+01   1.5173163e+02
  -1.6500000e+02  -4.8645339e+02   6.0000000e+00   6.5299217e+01  -2.0763459e+02  -4.7516061e+01   1.4874347e+02
  -1.6500000e+02  -4.8531652e+02   6.0000000e+00   6.4200706e+01  -2.0516562e+02  -4.6681057e+01   1.4567852e+02
  -1.6500000e+02  -4.8518953e+02   6.0000000e+00   6.2984717e+01  -2.0233346e+02  -4.6280468e+01   1.4418695e+02
  -1.6500000e+02  -4.8528272e+02   6.0000000e+00   6.1765898e+01  -1.9984210e+02  -4.5843876e+01   1.4238515e+02
  -1.6500000e+02  -4.8630971e+02   6.0000000e+00   6.0012982e+01  -1.9784446e+02  -4.6140836e+01   1.4177273e+02
  -1.6500000e+02  -4.8750428e+02   6.0000000e+00   5.8532740e+01  -1.9589250e+02  -4.6201738e+01   1.4181989e+02
  -1.6500000e+02  -4.8845036e+02   6.0000000e+00   5.7786745e+01  -1.9380840e+02  -4.5841012e+01   1.4175337e+02
  -1.6500000e+02  -4.8803662e+02   6.0000000e+00   5.7355292e+01  -1.9174819e+02  -4.4758400e+01   1.4232110e+02
  -1.6500000e+02  -4.8845546e+02   6.0000000e+00   5.7016258e+01  -1.8966227e+02  -4.4300792e+01   1.4348523e+02
  -1.6500000e+02  -4.8846563e+02   6.0000000e+00   5.7069305e+01  -1.8861708e+02  -4.3433822e+01   1.4371223e+02
  -1.6500000e+02  -4.8923165e+02   6.0000000e+00   5.7125375e+01  -1.8718426e+02  -4.3061134e+01   1.4500600e+02
  -1.6500000e+02  -4.8750165e+02   6.0000000e+00   5.7926143e+01  -1.8689723e+02  -4.0988708e+01   1.4656132e+02
  -1.6500000e+02  -4.8864549e+02   6.0000000e+00   5.8230853e+01  -1.8578221e+02  -4.1213143e+01   1.4825155e+02
  -1.6500000e+02  -4.8837543e+02   6.0000000e+00   5.8434501e+01  -1.8515711e+02  -4.0782044e+01   1.5048332e+02
  -1.6500000e+02  -4.8853760e+02   6.0000000e+00   5.8846267e+01  -1.8479671e+02  -4.0206186e+01   1.5245443e+02
  -1.6500000e+02  -4.8725849e+02   6.0000000e+00   5.9307973e+01  -1.8444908e+02  -3.8921790e+01   1.5436650e+02
  -1.6500000e+02  -4.8338242e+02   6.0000000e+00   6.0572777e+01  -1.8451795e+02  -3.5679213e+01   1.5609317e+02
  -1.6500000e+02  -4.8208167e+02   6.0000000e+00   6.1979368e+01  -1.8381438e+02  -3.4072307e+01   1.5812513e+02
  -1.6500000e+02  -4.8250968e+02   6.0000000e+00   6.3156316e+01  -1.8253441e+02  -3.3939314e+01   1.6134698e+02
  -1.6500000e+02  -4.8221464e+02   6.0000000e+00   6.4566098e+01  -1.8137449e+02  -3.3296416e+01   1.6385146e+02
  -1.6500000e+02  -4.8187994e+02   6.0000000e+00   6.5818890e+01  -1.8056447e+02  -3.2802083e+01   1.6591677e+02
  -1.6500000e+02  -4.8160481e+02   6.0000000e+00   6.7307797e+01  -1.7960391e+02  -3.2158909e+01   1.6864558e+02
  -1.6500000e+02  -4.8129789e+02   6.0000000e+00   6.8839912e+01  -1.7800258e+02  -3.1527586e+01   1.7072673e+02
  -1.6500000e+02  -4.8063046e+02   6.0000000e+00   6.9948641e+01  -1.7694181e+02  -3.1230226e+01   1.7306157e+02
  -1.6500000e+02  -4.8008520e+02   6.0000000e+00   7.1383893e+01  -1.7481388e+02  -3.0625024e+01   1.7550115e+02
  -1.6500000e+02  -4.8046675e+02   6.0000000e+00   7.2714000e+01  -1.7255763e+02  -3.0555460e+01   1.7875168e+02
  -1.6500000e+02  -4.7975910e+02   6.0000000e+00   7.4122344e+01  -1.6809061e+02  -3.0147629e+01   1.7945269e+02
  -1.6500000e+02  -4.7917555e+02   6.0000000e+00   7.5730612e+01  -1.6434060e+02  -2.9587174e+01   1.8058352e+02
  -1.6500000e+02  -4.7774144e+02   6.0000000e+00   7.6906715e+01  -1.6040300e+02  -2.9312537e+01   1.8103840e+02
  -1.6500000e+02  -4.7555262e+02   6.0000000e+00   7.5983045e+01  -1.5860036e+02  -3.1266935e+01   1.8319326e+02
  -1.6500000e+02  -4.7368455e+02   6.0000000e+00   7.4511804e+01  -1.5873554e+02  -3.3732911e+01   1.8428768e+02
  -1.6500000e+02  -4.7347440e+02   6.0000000e+00   7.2759273e+01  -1.6173041e+02  -3.7092240e+01   1.8500629e+02
  -1.6500000e+02  -4.7449292e+02   6.0000000e+00   7.1402630e+01  -1.6779335e+02  -3.9413573e+01   1.7637775e+02
  -1.6500000e+02  -4.7635670e+02   6.0000000e+00   6.9700510e+01  -1.7346448e+02  -4.2569015e+01   1.6932862e+02
  -1.6500000e+02  -4.7891200e+02   6.0000000e+00   6.7528714e+01  -1.7903037e+02  -4.6378092e+01   1.6276014e+02
  -1.6500000e+02  -4.7883944e+02   6.0000000e+00   6.5955427e+01  -1.8422434e+02  -4.8758898e+01   1.5950011e+02
  -1.6500000e+02  -4.8012808e+02   6.0000000e+00   6.4505180e+01  -1.8974368e+02  -5.1398583e+01   1.5575652e+02
  -1.6500000e+02  -4.8080624e+02   6.0000000e+00   6.3542527e+01  -1.9737187e+02  -5.2803442e+01   1.5331791e+02
  -1.6500000e+02  -4.8128871e+02   6.0000000e+00   6.3099388e+01  -2.0322286e+02  -5.3750150e+01   1.5086598e+02
  -1.6500000e+02  -4.8231578e+02   6.0000000e+00   6.3105068e+01  -2.0694878e+02  -5.4639560e+01   1.4847074e+02
  -1.6500000e+02  -4.8313680e+02   6.0000000e+00   6.3728816e+01  -2.0882645e+02  -5.4382216e+01   1.4465269e+02
  -1.6500000e+02  -4.8455959e+02   6.0000000e+00   6.4126279e+01  -2.0944896e+02  -5.2852118e+01   1.4082183e+02
  -1.6500000e+02  -4.8644239e+02   6.0000000e+00   6.3790931e+01  -2.0878044e+02  -5.2374903e+01   1.3780261e+02
  -1.6500000e+02  -4.8666253e+02   6.0000000e+00   6.2840595e+01  -2.0647300e+02  -5.2261664e+01   1.3631491e+02
  -1.6500000e+02  -4.8767725e+02   6.0000000e+00   6.1798507e+01  -2.0413968e+02  -5.2632767e+01   1.3418479e+02
  -1.6500000e+02  -4.8855231e+02   6.0000000e+00   6.0579518e+01  -2.0174151e+02  -5.3192554e+01   1.3245599e+02
  -1.6500000e+02  -4.8839676e+02   6.0000000e+00   5.9722777e+01  -1.9906775e+02  -5.2816498e+01   1.3167320e+02
  -1.6500000e+02  -4.8818816e+02   6.0000000e+00   5.8912229e+01  -1.9747079e+02  -5.2315421e+01   1.3140660e+02
  -1.6500000e+02  -4.8865650e+02   6.0000000e+00   5.8395476e+01  -1.9563511e+02  -5.2129585e+01   1.3091571e+02
  -1.6500000e+02  -4.9048685e+02   6.0000000e+00   5.7825896e+01  -1.9314159e+02  -5.3004673e+01   1.3130226e+02
  -1.6500000e+02  -4.9085291e+02   6.0000000e+00   5.7446029e+01  -1.9082396e+02  -5.2916784e+01   1.3136999e+02
  -1.6500000e+02  -4.9271555e+02   6.0000000e+00   5.6562079e+01  -1.8893002e+02  -5.3522700e+01   1.3143041e+02
  -1.6500000e+02  -4.9447248e+02   6.0000000e+00   5.5594292e+01  -1.8703323e+02  -5.4138342e+01   1.3145038e+02
  -1.6500000e+02  -4.9334584e+02   6.0000000e+00   5.5710358e+01  -1.8543768e+02  -5.2167300e+01   1.3142093e+02
  -1.6500000e+02  -4.9392481e+02   6.0000000e+00   5.5444941e+01  -1.8404849e+02  -5.1475743e+01   1.3281819e+02
  -1.6500000e+02  -4.9262040e+02   6.0000000e+00   5.5914402e+01  -1.8266400e+02  -4.9473431e+01   1.3424422e+02
  -1.6500000e+02  -4.9135970e+02   6.0000000e+00   5.6401394e+01  -1.8185440e+02  -4.7608543e+01   1.3647561e+02
  -1.6500000e+02  -4.9083434e+02   6.0000000e+00   5.7225302e+01  -1.8114647e+02  -4.6632298e+01   1.3886569e+02
  -1.6500000e+02  -4.8884545e+02   6.0000000e+00   5.8723200e+01  -1.8077010e+02  -4.4320370e+01   1.4127031e+02
  -1.6500000e+02  -4.8653133e+02   6.0000000e+00   6.0022517e+01  -1.8091254e+02  -4.2162680e+01   1.4466103e+02
  -1.6500000e+02  -4.8444984e+02   6.0000000e+00   6.1279941e+01  -1.8146236e+02  -4.0078408e+01   1.4810544e+02
  -1.6500000e+02  -4.8391139e+02   6.0000000e+00   6.2221939e+01  -1.8160195e+02  -3.8867112e+01   1.5136191e+02
  -1.6500000e+02  -4.8338057e+02   6.0000000e+00   6.3216197e+01  -1.8127374e+02  -3.7601345e+01   1.5423690e+02
  -1.6500000e+02  -4.8291483e+02   6.0000000e+00   6.4158700e+01  -1.8057679e+02  -3.6551088e+01   1.5766346e+02
  -1.6500000e+02  -4.8237518e+02   6.0000000e+00   6.4962423e+01  -1.8067229e+02  -3.5678383e+01   1.6107980e+02
  -1.6500000e+02  -4.8192979e+02   6.0000000e+00   6.6044263e+01  -1.8020597e+02  -3.4457316e+01   1.6300997e+02
  -1.6500000e+02  -4.8236040e+02   6.0000000e+00   6.7352433e+01  -1.7901797e+02  -3.4128392e+01   1.6545275e+02
  -1.6500000e+02  -4.8265288e+02   6.0000000e+00   6.8541597e+01  -1.7780217e+02  -3.3894366e+01   1.6793388e+02
  -1.6500000e+02  -4.8172466e+02   6.0000000e+00   6.9611279e+01  -1.7669191e+02  -3.2843648e+01   1.7109436e+02
  -1.6500000e+02  -4.7984050e+02   6.0000000e+00   7.1040387e+01  -1.7584876e+02  -3.0967902e+01   1.7198843e+02
  -1.6500000e+02  -4.7879137e+02   6.0000000e+00   7.2285170e+01  -1.7494752e+02  -3.0132044e+01   1.7410616e+02
  -1.6500000e+02  -4.7775921e+02   6.0000000e+00   7.3394382e+01  -1.7446775e+02  -2.9415186e+01   1.7581088e+02
  -1.6500000e+02  -4.7825454e+02   6.0000000e+00   7.4318030e+01  -1.7136040e+02  -2.9950551e+01   1.7526840e+02
  -1.6500000e+02  -4.7882812e+02   6.0000000e+00   7.5128432e+01  -1.6902236e+02  -3.0685752e+01   1.7416699e+02
