  -1.4517060e+01  -3.1041283e+02   2.4373471e+00   1.3377576e+02  -1.5778238e+01   3.4090952e+01   1.5014637e+02
  -2.8517035e+01  -2.9641283e+02   1.6217505e+00   1.3324951e+02  -1.5985643e+01   2.9543166e+01   1.5284087e+02
  -4.2516905e+01  -2.8241301e+02   4.7062542e+00   1.2246420e+02  -2.8372407e+01   1.9218381e+01   1.4783625e+02
  -5.6516774e+01  -2.6841318e+02   7.7907579e+00   1.1167889e+02  -4.0759172e+01   8.8935959e+00   1.4283164e+02
  -7.0516644e+01  -2.5441336e+02   1.0875262e+01   1.0089357e+02  -5.3145936e+01  -1.4311890e+00   1.3782702e+02
  -8.4516513e+01  -2.4041353e+02   1.3959765e+01   9.0108262e+01  -6.5532701e+01  -1.1755974e+01   1.3282241e+02
  -9.8516383e+01  -2.2641371e+02   1.7044269e+01   7.9322949e+01  -7.7919466e+01  -2.2080759e+01   1.2781779e+02
  -1.1251625e+02  -2.1241389e+02   2.0128773e+01   6.8537637e+01  -9.0306230e+01  -3.2405544e+01   1.2281317e+02
  -1.2651612e+02  -1.9841406e+02   2.3213277e+01   5.7752324e+01  -1.0269299e+02  -4.2730329e+01   1.1780856e+02
  -1.4051599e+02  -1.8441424e+02   2.6297780e+01   4.6967011e+01  -1.1507976e+02  -5.3055114e+01   1.1280394e+02
  -1.5451586e+02  -1.7041442e+02   2.9382284e+01   3.6181699e+01  -1.2746652e+02  -6.3379899e+01   1.0779933e+02
  -1.6851573e+02  -1.5641459e+02   3.2466788e+01   2.5396386e+01  -1.3985329e+02  -7.3704684e+01   1.0279471e+02
  -1.8251428e+02  -1.4241476e+02   2.6755161e+01   3.0326503e+01  -1.4411446e+02  -7.1709404e+01   1.1273551e+02
  -1.6851428e+02  -1.3300000e+02   1.8355926e+01   4.2836906e+01  -1.4957993e+02  -6.2890239e+01   1.2145435e+02
  -1.6500000e+02  -1.3300000e+02   1.0388564e+01   5.4229857e+01  -1.5860422e+02  -5.2017094e+01   1.3353428e+02
  -1.6500000e+02  -1.3300000e+02   3.2422656e+00   6.0958077e+01  -1.6379314e+02  -4.5442676e+01   1.4594219e+02
  -1.6500000e+02  -1.3300000e+02  -3.3118336e+00   6.1359828e+01  -1.6457055e+02  -4.2097711e+01   1.5810875e+02
  -1.6500000e+02  -1.3300000e+02  -7.8994948e+00   5.5259783e+01  -1.6690034e+02  -3.9739708e+01   1.6882300e+02
  -1.6500000e+02  -1.3300000e+02  -8.2994589e+00   4.8014649e+01  -1.7068061e+02  -3.9121980e+01   1.7436249e+02
  -1.6500000e+02  -1.3300000e+02  -8.5093148e+00   4.1761278e+01  -1.7592638e+02  -3.8294286e+01   1.7720426e+02
  -1.6500000e+02  -1.3300000e+02  -8.6176452e+00   3.7539988e+01  -1.8231419e+02  -3.6006787e+01   1.7801248e+02
  -1.6500000e+02  -1.3300000e+02  -1.0135937e+01   3.5546001e+01  -1.8885265e+02  -3.4615699e+01   1.7296033e+02
  -1.6500000e+02  -1.3300000e+02  -1.1557189e+01   3.5592345e+01  -1.9627125e+02  -3.4828360e+01   1.6800489e+02
  -1.6500000e+02  -1.3300000e+02  -1.1907701e+01   3.5935890e+01  -2.0476747e+02  -3.5171859e+01   1.6232321e+02
  -1.6500000e+02  -1.3300000e+02  -1.2092897e+01   3.6796911e+01  -2.1145098e+02  -3.6178940e+01   1.5887395e+02
  -1.6500000e+02  -1.3300000e+02  -1.1524963e+01   3.8638752e+01  -2.1508137e+02  -3.8113819e+01   1.5914657e+02
  -1.6500000e+02  -1.3300000e+02  -9.7382752e+00   3.8204003e+01  -2.1767268e+02  -3.5784255e+01   1.6042930e+02
  -1.6500000e+02  -1.3300000e+02  -6.7552915e+00   3.9380941e+01  -2.1730924e+02  -3.4234836e+01   1.6085708e+02
  -1.6500000e+02  -1.3300000e+02  -3.5453395e+00   4.0274924e+01  -2.1570943e+02  -3.1614622e+01   1.6021389e+02
  -1.6500000e+02  -1.3300000e+02  -1.5881754e+00   4.1471737e+01  -2.1422413e+02  -2.9030430e+01   1.5547339e+02
  -1.6500000e+02  -1.3300000e+02  -1.7162080e+00   4.0013382e+01  -2.1098242e+02  -2.9057976e+01   1.5227123e+02
  -1.6500000e+02  -1.3300000e+02  -2.0451140e+00   3.9686273e+01  -2.0836209e+02  -3.0538709e+01   1.4939223e+02
  -1.6500000e+02  -1.3300000e+02  -2.2602305e+00   3.9780177e+01  -2.0539867e+02  -3.1720702e+01   1.4755075e+02
  -1.6500000e+02  -1.3300000e+02  -3.3677618e+00   3.9819187e+01  -2.0338664e+02  -3.3184301e+01   1.4650041e+02
  -1.6500000e+02  -1.3300000e+02  -3.9048054e+00   3.9840322e+01  -2.0136228e+02  -3.4439657e+01   1.4493991e+02
  -1.6500000e+02  -1.3300000e+02  -4.3482487e+00   4.1374299e+01  -1.9959549e+02  -3.6139228e+01   1.4463952e+02
  -1.6500000e+02  -1.3300000e+02  -4.0828017e+00   4.2426684e+01  -1.9837812e+02  -3.7055540e+01   1.4519971e+02
  -1.6500000e+02  -1.3300000e+02  -4.6176436e+00   4.4190912e+01  -1.9748808e+02  -3.8717775e+01   1.4618623e+02
  -1.6500000e+02  -1.3300000e+02  -4.5936450e+00   4.3369444e+01  -1.9695802e+02  -3.7537998e+01   1.4768439e+02
  -1.6500000e+02  -1.3300000e+02  -4.5065841e+00   4.2264923e+01  -1.9683072e+02  -3.5661370e+01   1.5094815e+02
  -1.6500000e+02  -1.3300000e+02  -3.4974940e+00   4.0252335e+01  -1.9652917e+02  -3.2481371e+01   1.5368509e+02
  -1.6500000e+02  -1.3300000e+02  -3.9503438e+00   4.0323235e+01  -1.9678188e+02  -3.0796604e+01   1.5572302e+02
  -1.6500000e+02  -1.3300000e+02  -3.2788810e+00   3.9005448e+01  -1.9583132e+02  -2.7985861e+01   1.5888941e+02
  -1.6500000e+02  -1.3300000e+02  -3.3378254e+00   3.8831028e+01  -1.9520241e+02  -2.6346565e+01   1.6255749e+02
  -1.6500000e+02  -1.3300000e+02  -3.0732132e+00   3.8815071e+01  -1.9477470e+02  -2.4328316e+01   1.6405530e+02
  -1.6500000e+02  -1.3300000e+02  -3.3156325e+00   3.8603977e+01  -1.9402639e+02  -2.2714309e+01   1.6752940e+02
  -1.6500000e+02  -1.3300000e+02  -4.0255652e+00   3.8356400e+01  -1.9385592e+02  -2.1273162e+01   1.6977378e+02
  -1.6500000e+02  -1.3300000e+02  -3.6045553e+00   3.8600540e+01  -1.9334825e+02  -1.9806173e+01   1.7245741e+02
  -1.6500000e+02  -1.3300000e+02  -5.0616173e+00   4.0123827e+01  -1.9264057e+02  -1.9850184e+01   1.7525596e+02
  -1.6500000e+02  -1.3300000e+02  -5.6731012e+00   4.2656761e+01  -1.9238029e+02  -2.0321774e+01   1.7809423e+02
  -1.6500000e+02  -1.3300000e+02  -5.9443796e+00   4.3176155e+01  -1.9162817e+02  -1.9513314e+01   1.8046206e+02
  -1.6500000e+02  -1.3300000e+02  -5.6794287e+00   4.3676763e+01  -1.9032754e+02  -1.8000547e+01   1.8213985e+02
  -1.6500000e+02  -1.3300000e+02  -5.5244533e+00   4.4166354e+01  -1.8900290e+02  -1.6572717e+01   1.8467032e+02
  -1.6500000e+02  -1.3300000e+02  -6.3513172e+00   4.4248872e+01  -1.8788514e+02  -1.5755178e+01   1.8792326e+02
  -1.6500000e+02  -1.3300000e+02  -6.9377359e+00   4.4509265e+01  -1.8590594e+02  -1.4966284e+01   1.8863049e+02
  -1.6500000e+02  -1.3300000e+02  -8.9313508e+00   4.5531837e+01  -1.8425657e+02  -1.4778521e+01   1.8931103e+02
  -1.6500000e+02  -1.3300000e+02  -1.0527381e+01   4.6409637e+01  -1.8311850e+02  -1.4755004e+01   1.9167098e+02
  -1.6500000e+02  -1.3300000e+02  -1.2474572e+01   4.7516828e+01  -1.8079082e+02  -1.4231125e+01   1.9279004e+02
  -1.6500000e+02  -1.3300000e+02  -1.3531342e+01   4.8289253e+01  -1.7862703e+02  -1.3829996e+01   1.9492921e+02
  -1.6500000e+02  -1.3300000e+02  -1.4276649e+01   4.5230657e+01  -1.7396920e+02  -1.5539805e+01   1.9423279e+02
  -1.6500000e+02  -1.3300000e+02  -1.3193555e+01   4.0315603e+01  -1.7283330e+02  -1.8308231e+01   1.9220130e+02
  -1.6500000e+02  -1.3300000e+02  -1.1672098e+01   3.5447943e+01  -1.7444619e+02  -2.0422234e+01   1.9061035e+02
  -1.6500000e+02  -1.3300000e+02  -1.1020982e+01   3.2020423e+01  -1.7706853e+02  -2.1814726e+01   1.9041401e+02
  -1.6500000e+02  -1.3300000e+02  -1.0452619e+01   2.9045142e+01  -1.7984196e+02  -2.2583120e+01   1.8511393e+02
  -1.6500000e+02  -1.3300000e+02  -1.0825018e+01   2.7618534e+01  -1.8573944e+02  -2.2971509e+01   1.7845883e+02
  -1.6500000e+02  -1.3300000e+02  -1.1493259e+01   2.8623933e+01  -1.9267204e+02  -2.5178937e+01   1.7521508e+02
  -1.6500000e+02  -1.3300000e+02  -1.2424636e+01   3.0025115e+01  -1.9776813e+02  -2.7905405e+01   1.6962067e+02
  -1.6500000e+02  -1.3300000e+02  -1.1633888e+01   3.1835959e+01  -2.0284050e+02  -3.0674273e+01   1.6579640e+02
  -1.6500000e+02  -1.3300000e+02  -1.0233020e+01   3.3285261e+01  -2.0635582e+02  -3.3978861e+01   1.6283101e+02
  -1.6500000e+02  -1.3300000e+02  -1.0555795e+01   3.5552244e+01  -2.1220825e+02  -3.6050601e+01   1.5936140e+02
  -1.6500000e+02  -1.3300000e+02  -1.0697769e+01   3.6250069e+01  -2.1679895e+02  -3.6586768e+01   1.5793039e+02
  -1.6500000e+02  -1.3300000e+02  -7.7756446e+00   3.8259034e+01  -2.1894706e+02  -3.5357139e+01   1.5709534e+02
  -1.6500000e+02  -1.3300000e+02  -5.3821415e+00   4.2231473e+01  -2.1739557e+02  -3.4984083e+01   1.5045739e+02
  -1.6500000e+02  -1.3300000e+02  -2.7785526e+00   4.4128637e+01  -2.1431838e+02  -3.3901185e+01   1.4523476e+02
  -1.6500000e+02  -1.3300000e+02  -2.6672475e+00   4.3737115e+01  -2.1212491e+02  -3.5210671e+01   1.4343535e+02
  -1.6500000e+02  -1.3300000e+02  -2.7022816e+00   4.3243753e+01  -2.1036728e+02  -3.6347219e+01   1.4213643e+02
  -1.6500000e+02  -1.3300000e+02  -3.2159120e+00   4.2827646e+01  -2.0887306e+02  -3.7073494e+01   1.4094705e+02
  -1.6500000e+02  -1.3300000e+02  -3.4959659e+00   4.0949634e+01  -2.0719804e+02  -3.5911861e+01   1.4055388e+02
  -1.6500000e+02  -1.3300000e+02  -3.7731986e+00   3.9363480e+01  -2.0603440e+02  -3.4806091e+01   1.4026483e+02
  -1.6500000e+02  -1.3300000e+02  -4.4026571e+00   3.8675125e+01  -2.0493506e+02  -3.4129892e+01   1.3970952e+02
  -1.6500000e+02  -1.3300000e+02  -4.6518002e+00   3.8791182e+01  -2.0365753e+02  -3.4371493e+01   1.4002013e+02
  -1.6500000e+02  -1.3300000e+02  -4.3564926e+00   3.8806796e+01  -2.0205809e+02  -3.4525558e+01   1.4042553e+02
  -1.6500000e+02  -1.3300000e+02  -4.2738547e+00   3.7679785e+01  -2.0070192e+02  -3.3723122e+01   1.4034502e+02
  -1.6500000e+02  -1.3300000e+02  -4.3279810e+00   3.9112094e+01  -1.9920007e+02  -3.4909253e+01   1.4088772e+02
  -1.6500000e+02  -1.3300000e+02  -3.7637020e+00   3.7743865e+01  -1.9759507e+02  -3.3300130e+01   1.4159397e+02
  -1.6500000e+02  -1.3300000e+02  -4.0354294e+00   3.8878607e+01  -1.9628215e+02  -3.3810079e+01   1.4296563e+02
  -1.6500000e+02  -1.3300000e+02  -3.9864617e+00   3.9920971e+01  -1.9496986e+02  -3.4313233e+01   1.4468935e+02
  -1.6500000e+02  -1.3300000e+02  -4.3286096e+00   4.2375718e+01  -1.9411278e+02  -3.5100619e+01   1.4626426e+02
  -1.6500000e+02  -1.3300000e+02  -4.1480438e+00   4.0821447e+01  -1.9270975e+02  -3.2196396e+01   1.4805821e+02
  -1.6500000e+02  -1.3300000e+02  -4.0805742e+00   3.8811312e+01  -1.9219300e+02  -2.9583260e+01   1.5024555e+02
  -1.6500000e+02  -1.3300000e+02  -3.8552097e+00   3.6801514e+01  -1.9080276e+02  -2.6528597e+01   1.5272462e+02
  -1.6500000e+02  -1.3300000e+02  -4.5370767e+00   3.6424554e+01  -1.9001432e+02  -2.4563559e+01   1.5681834e+02
  -1.6500000e+02  -1.3300000e+02  -5.4110635e+00   3.6535993e+01  -1.8887172e+02  -2.3487136e+01   1.5981479e+02
  -1.6500000e+02  -1.3300000e+02  -6.2767144e+00   3.7012191e+01  -1.8786756e+02  -2.2126311e+01   1.6294818e+02
  -1.6500000e+02  -1.3300000e+02  -7.4675635e+00   3.7941023e+01  -1.8655154e+02  -2.1591635e+01   1.6500145e+02
  -1.6500000e+02  -1.3300000e+02  -8.0528037e+00   3.9681206e+01  -1.8530361e+02  -2.1615067e+01   1.6755264e+02
  -1.6500000e+02  -1.3300000e+02  -8.6427897e+00   4.0471358e+01  -1.8359765e+02  -2.1007033e+01   1.7038100e+02
  -1.6500000e+02  -1.3300000e+02  -8.7046801e+00   4.1117545e+01  -1.8172574e+02  -1.9962009e+01   1.7209727e+02
  -1.6500000e+02  -1.3300000e+02  -9.0677692e+00   4.1163436e+01  -1.8014468e+02  -1.8489763e+01   1.7490261e+02
  -1.6500000e+02  -1.3300000e+02  -1.0082566e+01   4.1251889e+01  -1.7758685e+02  -1.7091451e+01   1.7878269e+02
  -1.6500000e+02  -1.3300000e+02  -1.0945760e+01   4.1736854e+01  -1.7632081e+02  -1.5297867e+01   1.8262406e+02
  -1.6500000e+02  -1.3300000e+02  -1.4520142e+01   4.0359120e+01  -1.6952139e+02  -1.4851127e+01   1.8286892e+02
  -1.6500000e+02  -1.3300000e+02  -1.6035570e+01   3.9700154e+01  -1.6597821e+02  -1.3737321e+01   1.8236999e+02
  -1.6500000e+02  -1.3300000e+02  -1.5461863e+01   3.6712404e+01  -1.6553691e+02  -1.4630644e+01   1.8132035e+02
  -1.6500000e+02  -1.3300000e+02  -1.3654588e+01   3.2467265e+01  -1.6776461e+02  -1.7463387e+01   1.8034649e+02
  -1.6500000e+02  -1.3300000e+02  -1.2261369e+01   2.9651415e+01  -1.7195870e+02  -2.0313727e+01   1.8043574e+02
  -1.6500000e+02  -1.3300000e+02  -1.0397352e+01   2.7618364e+01  -1.7646940e+02  -2.2080887e+01   1.7704471e+02
  -1.6500000e+02  -1.3300000e+02  -9.2259133e+00   2.6542324e+01  -1.8180184e+02  -2.3502637e+01   1.7266102e+02
  -1.6500000e+02  -1.3300000e+02  -8.3075582e+00   2.7763768e+01  -1.8864210e+02  -2.5528557e+01   1.6557973e+02
  -1.6500000e+02  -1.3300000e+02  -8.3009551e+00   2.9980803e+01  -1.9545281e+02  -2.9924851e+01   1.5950738e+02
  -1.6500000e+02  -1.3300000e+02  -7.8819197e+00   3.2185358e+01  -2.0187162e+02  -3.4049291e+01   1.5579440e+02
  -1.6500000e+02  -1.3300000e+02  -7.9417570e+00   3.3434567e+01  -2.0684866e+02  -3.6442460e+01   1.5352592e+02
  -1.6500000e+02  -1.3300000e+02  -8.0266294e+00   3.4955758e+01  -2.1062515e+02  -3.8812227e+01   1.5306835e+02
  -1.6500000e+02  -1.3300000e+02  -8.2720940e+00   3.6715532e+01  -2.1339929e+02  -4.0728165e+01   1.5130413e+02
  -1.6500000e+02  -1.3300000e+02  -8.0366603e+00   3.7737414e+01  -2.1329229e+02  -4.1535424e+01   1.4929986e+02
  -1.6500000e+02  -1.3300000e+02  -6.2027041e+00   3.9119698e+01  -2.1184687e+02  -3.9792034e+01   1.4811986e+02
  -1.6500000e+02  -1.3300000e+02  -4.9090299e+00   4.1190351e+01  -2.1009563e+02  -3.7473372e+01   1.4353251e+02
  -1.6500000e+02  -1.3300000e+02  -3.8110271e+00   4.1572573e+01  -2.0808623e+02  -3.7004898e+01   1.4101909e+02
  -1.6500000e+02  -1.3300000e+02  -3.8750675e+00   4.1209995e+01  -2.0634797e+02  -3.7202814e+01   1.4001025e+02
  -1.6500000e+02  -1.3300000e+02  -4.3280112e+00   3.9567103e+01  -2.0457095e+02  -3.6510755e+01   1.3890919e+02
  -1.6500000e+02  -1.3300000e+02  -4.7916194e+00   3.8981515e+01  -2.0264532e+02  -3.6483633e+01   1.3792898e+02
  -1.6500000e+02  -1.3300000e+02  -5.1721442e+00   3.8810091e+01  -2.0098266e+02  -3.6922730e+01   1.3775075e+02
  -1.6500000e+02  -1.3300000e+02  -5.3283594e+00   4.0590714e+01  -1.9926460e+02  -3.8391401e+01   1.3717423e+02
  -1.6500000e+02  -1.3300000e+02  -5.6995323e+00   4.1925609e+01  -1.9785388e+02  -3.9781010e+01   1.3701714e+02
  -1.6500000e+02  -1.3300000e+02  -6.3105280e+00   4.3289735e+01  -1.9605776e+02  -4.0965904e+01   1.3650072e+02
  -1.6500000e+02  -1.3300000e+02  -5.9123327e+00   4.2965366e+01  -1.9400508e+02  -4.0541470e+01   1.3796285e+02
  -1.6500000e+02  -1.3300000e+02  -6.0677630e+00   4.2459692e+01  -1.9225830e+02  -4.0144867e+01   1.3818757e+02
  -1.6500000e+02  -1.3300000e+02  -6.0624955e+00   4.2505959e+01  -1.9110735e+02  -3.9350934e+01   1.3816670e+02
  -1.6500000e+02  -1.3300000e+02  -6.6731461e+00   4.2791403e+01  -1.9033267e+02  -3.9192411e+01   1.3989463e+02
  -1.6500000e+02  -1.3300000e+02  -6.6228556e+00   4.3038017e+01  -1.8941910e+02  -3.8991408e+01   1.4176170e+02
  -1.6500000e+02  -1.3300000e+02  -6.2053592e+00   4.1431175e+01  -1.8848496e+02  -3.6853734e+01   1.4291672e+02
  -1.6500000e+02  -1.3300000e+02  -5.6961828e+00   4.0232661e+01  -1.8777309e+02  -3.4317154e+01   1.4486978e+02
  -1.6500000e+02  -1.3300000e+02  -5.6246708e+00   3.8168919e+01  -1.8681845e+02  -3.1392355e+01   1.4743056e+02
  -1.6500000e+02  -1.3300000e+02  -5.4867210e+00   3.7125227e+01  -1.8596018e+02  -2.9125510e+01   1.4870046e+02
  -1.6500000e+02  -1.3300000e+02  -5.1497557e+00   3.5835605e+01  -1.8554978e+02  -2.6131016e+01   1.5143563e+02
  -1.6500000e+02  -1.3300000e+02  -5.7600102e+00   3.5662921e+01  -1.8463758e+02  -2.5004067e+01   1.5301820e+02
  -1.6500000e+02  -1.3300000e+02  -6.7678663e+00   3.7738998e+01  -1.8391550e+02  -2.5485686e+01   1.5640256e+02
  -1.6500000e+02  -1.3300000e+02  -7.1673689e+00   3.8347274e+01  -1.8290494e+02  -2.4284433e+01   1.5905692e+02
  -1.6500000e+02  -1.3300000e+02  -8.3670410e+00   3.9495989e+01  -1.8278788e+02  -2.3643979e+01   1.6147322e+02
  -1.6500000e+02  -1.3300000e+02  -8.3217842e+00   4.0393820e+01  -1.8185938e+02  -2.3094153e+01   1.6391786e+02
  -1.6500000e+02  -1.3300000e+02  -8.5670532e+00   4.0278351e+01  -1.8086871e+02  -2.1720591e+01   1.6770990e+02
  -1.6500000e+02  -1.3300000e+02  -9.5595224e+00   4.0768626e+01  -1.8018916e+02  -2.0588085e+01   1.7073365e+02
  -1.6500000e+02  -1.3300000e+02  -9.4679458e+00   4.1489411e+01  -1.7927887e+02  -1.9359211e+01   1.7284121e+02
  -1.6500000e+02  -1.3300000e+02  -9.7280352e+00   4.2035625e+01  -1.7808336e+02  -1.8384135e+01   1.7653009e+02
  -1.6500000e+02  -1.3300000e+02  -1.0035715e+01   4.2397514e+01  -1.7639469e+02  -1.7367110e+01   1.7953227e+02
  -1.6500000e+02  -1.3300000e+02  -1.4579062e+01   4.2049119e+01  -1.6801740e+02  -1.6579125e+01   1.7991890e+02
  -1.6500000e+02  -1.3300000e+02  -1.5883118e+01   4.1448184e+01  -1.6422376e+02  -1.5845210e+01   1.8023308e+02
  -1.6500000e+02  -1.3300000e+02  -1.7720492e+01   4.0884478e+01  -1.6119612e+02  -1.5001017e+01   1.7932197e+02
  -1.6500000e+02  -1.3300000e+02  -1.5474578e+01   3.7017220e+01  -1.6222015e+02  -1.6358668e+01   1.7933152e+02
  -1.6500000e+02  -1.3300000e+02  -1.4715353e+01   3.3434114e+01  -1.6306592e+02  -1.7663761e+01   1.7929364e+02
  -1.6500000e+02  -1.3300000e+02  -1.3205888e+01   3.0359796e+01  -1.6510217e+02  -1.8578555e+01   1.7998392e+02
  -1.6500000e+02  -1.3300000e+02  -1.2032055e+01   2.8246040e+01  -1.6891192e+02  -1.9875561e+01   1.7752000e+02
  -1.6500000e+02  -1.3300000e+02  -1.1316618e+01   2.7077903e+01  -1.7523384e+02  -2.1101755e+01   1.7295092e+02
  -1.6500000e+02  -1.3300000e+02  -1.1609884e+01   2.7434431e+01  -1.8117746e+02  -2.2670959e+01   1.6780392e+02
  -1.6500000e+02  -1.3300000e+02  -1.1736607e+01   2.7684437e+01  -1.8640541e+02  -2.4353336e+01   1.6310804e+02
  -1.6500000e+02  -1.3300000e+02  -1.2088744e+01   2.8862341e+01  -1.9216165e+02  -2.7304128e+01   1.5960013e+02
  -1.6500000e+02  -1.3300000e+02  -1.2484295e+01   2.9342232e+01  -1.9777714e+02  -3.0794154e+01   1.5651825e+02
  -1.6500000e+02  -1.3300000e+02  -1.1260912e+01   3.1480831e+01  -2.0481214e+02  -3.2710847e+01   1.5324108e+02
  -1.6500000e+02  -1.3300000e+02  -1.0462962e+01   3.2572704e+01  -2.1041746e+02  -3.4531709e+01   1.5173017e+02
  -1.6500000e+02  -1.3300000e+02  -1.0351273e+01   3.3735423e+01  -2.1424749e+02  -3.6046340e+01   1.5071440e+02
  -1.6500000e+02  -1.3300000e+02  -9.4987691e+00   3.5509971e+01  -2.1646486e+02  -3.6937467e+01   1.4900480e+02
  -1.6500000e+02  -1.3300000e+02  -7.7116052e+00   3.7558067e+01  -2.1572549e+02  -3.6897516e+01   1.4588618e+02
  -1.6500000e+02  -1.3300000e+02  -4.6591998e+00   3.9995709e+01  -2.1382634e+02  -3.4575726e+01   1.4426333e+02
  -1.6500000e+02  -1.3300000e+02  -2.7328372e+00   4.1543526e+01  -2.1286019e+02  -3.3112945e+01   1.4320146e+02
  -1.6500000e+02  -1.3300000e+02  -2.6337238e+00   4.1563444e+01  -2.1134400e+02  -3.3435222e+01   1.4296476e+02
  -1.6500000e+02  -1.3300000e+02  -2.7250653e+00   4.0883012e+01  -2.0974502e+02  -3.4280458e+01   1.4165763e+02
  -1.6500000e+02  -1.3300000e+02  -3.7022355e+00   4.0422912e+01  -2.0810947e+02  -3.5211893e+01   1.3940729e+02
  -1.6500000e+02  -1.3300000e+02  -4.7041747e+00   4.0450379e+01  -2.0711680e+02  -3.6322356e+01   1.3801083e+02
  -1.6500000e+02  -1.3300000e+02  -5.2124817e+00   4.1111508e+01  -2.0602645e+02  -3.8363992e+01   1.3657390e+02
  -1.6500000e+02  -1.3300000e+02  -5.7229710e+00   4.2025652e+01  -2.0514172e+02  -4.0185089e+01   1.3557791e+02
  -1.6500000e+02  -1.3300000e+02  -5.5289710e+00   4.1707270e+01  -2.0443999e+02  -4.0200148e+01   1.3450305e+02
  -1.6500000e+02  -1.3300000e+02  -6.0474766e+00   4.1797156e+01  -2.0392091e+02  -4.0351950e+01   1.3394290e+02
  -1.6500000e+02  -1.3300000e+02  -5.9567966e+00   4.2083514e+01  -2.0314945e+02  -4.0772672e+01   1.3352212e+02
  -1.6500000e+02  -1.3300000e+02  -6.0587202e+00   4.1647496e+01  -2.0280964e+02  -4.0950296e+01   1.3272765e+02
  -1.6500000e+02  -1.3300000e+02  -6.1242119e+00   4.2918265e+01  -2.0211710e+02  -4.1905799e+01   1.3243387e+02
  -1.6500000e+02  -1.3300000e+02  -6.1441101e+00   4.2670215e+01  -2.0123797e+02  -4.2353404e+01   1.3187907e+02
  -1.6500000e+02  -1.3300000e+02  -6.3139440e+00   4.3366427e+01  -2.0068773e+02  -4.2559139e+01   1.3235310e+02
  -1.6500000e+02  -1.3300000e+02  -6.8004589e+00   4.3927247e+01  -1.9996217e+02  -4.2873514e+01   1.3235875e+02
  -1.6500000e+02  -1.3300000e+02  -6.6034644e+00   4.4019417e+01  -1.9915266e+02  -4.2702940e+01   1.3246237e+02
  -1.6500000e+02  -1.3300000e+02  -6.5108785e+00   4.4156564e+01  -1.9816692e+02  -4.2429727e+01   1.3347597e+02
  -1.6500000e+02  -1.3300000e+02  -6.3729732e+00   4.3003801e+01  -1.9675237e+02  -4.1243650e+01   1.3304016e+02
  -1.6500000e+02  -1.3300000e+02  -6.1987507e+00   4.3032297e+01  -1.9614086e+02  -4.0993772e+01   1.3352213e+02
  -1.6500000e+02  -1.3300000e+02  -6.0674039e+00   4.3207508e+01  -1.9553224e+02  -4.0651376e+01   1.3392661e+02
  -1.6500000e+02  -1.3300000e+02  -6.0971648e+00   4.3241555e+01  -1.9467814e+02  -4.0377759e+01   1.3496939e+02
  -1.6500000e+02  -1.3300000e+02  -5.9700493e+00   4.3508517e+01  -1.9408448e+02  -3.9996034e+01   1.3487770e+02
  -1.6500000e+02  -1.3300000e+02  -5.8352933e+00   4.5049513e+01  -1.9323060e+02  -4.0968800e+01   1.3667788e+02
  -1.6500000e+02  -1.3300000e+02  -6.2457035e+00   4.6036885e+01  -1.9263688e+02  -4.1935122e+01   1.3729523e+02
  -1.6500000e+02  -1.3300000e+02  -6.2508145e+00   4.6782612e+01  -1.9145506e+02  -4.2526956e+01   1.3746802e+02
  -1.6500000e+02  -1.3300000e+02  -6.4794908e+00   4.7754701e+01  -1.9099394e+02  -4.2980240e+01   1.3823054e+02
  -1.6500000e+02  -1.3300000e+02  -6.8814808e+00   4.8958442e+01  -1.9072977e+02  -4.3302009e+01   1.3958597e+02
  -1.6500000e+02  -1.3300000e+02  -5.0251279e+00   4.7394406e+01  -1.8987418e+02  -4.1486587e+01   1.4075273e+02
  -1.6500000e+02  -1.3300000e+02  -4.2586641e+00   4.3882326e+01  -1.8850198e+02  -3.7241793e+01   1.4163077e+02
  -1.6500000e+02  -1.3300000e+02  -3.5164111e+00   4.0285182e+01  -1.8761802e+02  -3.3003123e+01   1.4324059e+02
  -1.6500000e+02  -1.3300000e+02  -3.7185243e+00   3.8080166e+01  -1.8657382e+02  -2.9924021e+01   1.4489045e+02
  -1.6500000e+02  -1.3300000e+02  -4.8988805e+00   3.7396940e+01  -1.8577697e+02  -2.8675596e+01   1.4583225e+02
  -1.6500000e+02  -1.3300000e+02  -5.7002292e+00   3.7660212e+01  -1.8493739e+02  -2.7875123e+01   1.4692626e+02
  -1.6500000e+02  -1.3300000e+02  -5.8264877e+00   3.7254496e+01  -1.8416507e+02  -2.6925759e+01   1.4770152e+02
  -1.6500000e+02  -1.3300000e+02  -6.4379111e+00   3.6789475e+01  -1.8342394e+02  -2.6145686e+01   1.4905722e+02
  -1.6500000e+02  -1.3300000e+02  -6.7426785e+00   3.6216531e+01  -1.8255050e+02  -2.5136719e+01   1.5066005e+02
  -1.6500000e+02  -1.3300000e+02  -6.5108880e+00   3.5363815e+01  -1.8165580e+02  -2.3623061e+01   1.5177300e+02
  -1.6500000e+02  -1.3300000e+02  -6.4500306e+00   3.4357567e+01  -1.8053684e+02  -2.2145765e+01   1.5247131e+02
  -1.6500000e+02  -1.3300000e+02  -6.7546265e+00   3.3763014e+01  -1.7945376e+02  -2.0683352e+01   1.5425944e+02
  -1.6500000e+02  -1.3300000e+02  -8.1081222e+00   3.3065315e+01  -1.7828628e+02  -1.9729053e+01   1.5465073e+02
  -1.6500000e+02  -1.3300000e+02  -8.8546337e+00   3.2963217e+01  -1.7695551e+02  -1.8785998e+01   1.5586407e+02
  -1.6500000e+02  -1.3300000e+02  -9.6200269e+00   3.2993207e+01  -1.7559856e+02  -1.7885300e+01   1.5820710e+02
  -1.6500000e+02  -1.3300000e+02  -1.0382137e+01   3.4059461e+01  -1.7377457e+02  -1.7222690e+01   1.5917481e+02
  -1.6500000e+02  -1.3300000e+02  -1.1149093e+01   3.3820033e+01  -1.7168177e+02  -1.6393103e+01   1.6098242e+02
  -1.6500000e+02  -1.3300000e+02  -1.1842559e+01   3.3536011e+01  -1.7037122e+02  -1.6062981e+01   1.6223100e+02
  -1.6500000e+02  -1.3300000e+02  -1.2167211e+01   3.1637308e+01  -1.6877531e+02  -1.7189425e+01   1.6361598e+02
  -1.6500000e+02  -1.3300000e+02  -1.1029489e+01   2.8853787e+01  -1.7091532e+02  -1.9425646e+01   1.6317321e+02
  -1.6500000e+02  -1.3300000e+02  -9.9376029e+00   2.6562060e+01  -1.7350343e+02  -2.1404550e+01   1.6210856e+02
  -1.6500000e+02  -1.3300000e+02  -1.0076322e+01   2.6808137e+01  -1.7727231e+02  -2.4531381e+01   1.6222496e+02
  -1.6500000e+02  -1.3300000e+02  -9.7286484e+00   2.7143702e+01  -1.8323375e+02  -2.5975542e+01   1.6252757e+02
  -1.6500000e+02  -1.3300000e+02  -9.5234314e+00   2.8302577e+01  -1.9007854e+02  -2.8419791e+01   1.6346894e+02
  -1.6500000e+02  -1.3300000e+02  -1.0188517e+01   3.0661898e+01  -1.9626919e+02  -3.1896118e+01   1.5984582e+02
  -1.6500000e+02  -1.3300000e+02  -1.0172833e+01   3.2816557e+01  -2.0485702e+02  -3.5013613e+01   1.5951203e+02
  -1.6500000e+02  -1.3300000e+02  -1.0264968e+01   3.3726704e+01  -2.0969479e+02  -3.5379623e+01   1.5833142e+02
  -1.6500000e+02  -1.3300000e+02  -9.9250970e+00   3.4426457e+01  -2.1361441e+02  -3.5549704e+01   1.5820639e+02
  -1.6500000e+02  -1.3300000e+02  -8.0897073e+00   3.6318534e+01  -2.1543678e+02  -3.4192573e+01   1.5869735e+02
  -1.6500000e+02  -1.3300000e+02  -4.9111702e+00   3.8102160e+01  -2.1362769e+02  -3.1622410e+01   1.5642379e+02
  -1.6500000e+02  -1.3300000e+02  -2.5916196e+00   4.2386138e+01  -2.1190177e+02  -3.0740656e+01   1.5213379e+02
  -1.6500000e+02  -1.3300000e+02  -1.6778522e+00   4.4147001e+01  -2.0957088e+02  -3.1774859e+01   1.4921183e+02
  -1.6500000e+02  -1.3300000e+02  -1.9180832e+00   4.2501169e+01  -2.0687361e+02  -3.2060675e+01   1.4622640e+02
  -1.6500000e+02  -1.3300000e+02  -2.1436189e+00   4.1235182e+01  -2.0414093e+02  -3.2076882e+01   1.4484836e+02
  -1.6500000e+02  -1.3300000e+02  -2.3908905e+00   3.9830899e+01  -2.0189627e+02  -3.1476232e+01   1.4312747e+02
  -1.6500000e+02  -1.3300000e+02  -3.1621171e+00   3.9500115e+01  -2.0056861e+02  -3.2154707e+01   1.4251560e+02
  -1.6500000e+02  -1.3300000e+02  -3.5904622e+00   3.9672225e+01  -1.9922812e+02  -3.2691709e+01   1.4254786e+02
  -1.6500000e+02  -1.3300000e+02  -3.8968630e+00   4.0922070e+01  -1.9748775e+02  -3.3769956e+01   1.4233749e+02
  -1.6500000e+02  -1.3300000e+02  -3.7038370e+00   4.0586301e+01  -1.9534955e+02  -3.3349367e+01   1.4308086e+02
  -1.6500000e+02  -1.3300000e+02  -4.5575934e+00   4.0535497e+01  -1.9362515e+02  -3.3077399e+01   1.4422997e+02
  -1.6500000e+02  -1.3300000e+02  -4.2955629e+00   4.1192787e+01  -1.9247650e+02  -3.2952785e+01   1.4439088e+02
  -1.6500000e+02  -1.3300000e+02  -4.7562644e+00   4.2111058e+01  -1.9146220e+02  -3.2855894e+01   1.4569152e+02
  -1.6500000e+02  -1.3300000e+02  -4.2604257e+00   4.1061028e+01  -1.9053728e+02  -3.0703710e+01   1.4746089e+02
  -1.6500000e+02  -1.3300000e+02  -5.3389657e+00   4.2446657e+01  -1.8990782e+02  -3.1190227e+01   1.4899175e+02
  -1.6500000e+02  -1.3300000e+02  -5.2485793e+00   4.2243811e+01  -1.8937036e+02  -3.0592577e+01   1.5133414e+02
  -1.6500000e+02  -1.3300000e+02  -5.3695198e+00   4.2409310e+01  -1.8891600e+02  -2.9736579e+01   1.5324783e+02
  -1.6500000e+02  -1.3300000e+02  -5.1399261e+00   4.1059892e+01  -1.8822561e+02  -2.7848635e+01   1.5535499e+02
  -1.6500000e+02  -1.3300000e+02  -4.6111625e+00   3.8251422e+01  -1.8734021e+02  -2.4583182e+01   1.5732898e+02
  -1.6500000e+02  -1.3300000e+02  -5.2429040e+00   3.7463230e+01  -1.8663266e+02  -2.2387900e+01   1.5939734e+02
  -1.6500000e+02  -1.3300000e+02  -6.0084224e+00   3.8401851e+01  -1.8590541e+02  -2.1661926e+01   1.6277967e+02
  -1.6500000e+02  -1.3300000e+02  -6.8490208e+00   3.9155880e+01  -1.8497609e+02  -2.0888923e+01   1.6537698e+02
  -1.6500000e+02  -1.3300000e+02  -7.1990536e+00   3.9651924e+01  -1.8429357e+02  -2.0214400e+01   1.6727582e+02
  -1.6500000e+02  -1.3300000e+02  -7.5110247e+00   4.0445055e+01  -1.8362147e+02  -1.9260140e+01   1.7012066e+02
  -1.6500000e+02  -1.3300000e+02  -8.1608026e+00   4.1066013e+01  -1.8237314e+02  -1.8452587e+01   1.7209541e+02
  -1.6500000e+02  -1.3300000e+02  -8.4487141e+00   4.1211345e+01  -1.8143184e+02  -1.7898342e+01   1.7475160e+02
  -1.6500000e+02  -1.3300000e+02  -8.9547748e+00   4.1375580e+01  -1.7939344e+02  -1.6906422e+01   1.7750433e+02
  -1.6500000e+02  -1.3300000e+02  -9.8662216e+00   4.1785051e+01  -1.7768920e+02  -1.6071552e+01   1.8074103e+02
  -1.6500000e+02  -1.3300000e+02  -1.1718690e+01   4.1242617e+01  -1.7391609e+02  -1.5813473e+01   1.8149519e+02
  -1.6500000e+02  -1.3300000e+02  -1.2895108e+01   4.1026818e+01  -1.7076468e+02  -1.5120444e+01   1.8291264e+02
  -1.6500000e+02  -1.3300000e+02  -1.3686065e+01   3.9151197e+01  -1.6750726e+02  -1.4295674e+01   1.8342117e+02
  -1.6500000e+02  -1.3300000e+02  -1.2700513e+01   3.5587881e+01  -1.6784204e+02  -1.5377584e+01   1.8595567e+02
  -1.6500000e+02  -1.3300000e+02  -1.2312026e+01   3.1738600e+01  -1.6940988e+02  -1.6867439e+01   1.8714206e+02
  -1.6500000e+02  -1.3300000e+02  -1.1088829e+01   2.8526909e+01  -1.7251841e+02  -1.8046230e+01   1.8770303e+02
  -1.6500000e+02  -1.3300000e+02  -1.0098420e+01   2.7104517e+01  -1.7722258e+02  -1.8012827e+01   1.7796918e+02
  -1.6500000e+02  -1.3300000e+02  -9.8621834e+00   2.6875378e+01  -1.8257242e+02  -2.0114127e+01   1.7041395e+02
  -1.6500000e+02  -1.3300000e+02  -1.0110916e+01   2.7639854e+01  -1.8872551e+02  -2.3104175e+01   1.6357905e+02
  -1.6500000e+02  -1.3300000e+02  -9.5678433e+00   2.8070113e+01  -1.9329225e+02  -2.6421676e+01   1.6085910e+02
  -1.6500000e+02  -1.3300000e+02  -9.2334527e+00   2.9201693e+01  -1.9899062e+02  -2.9390094e+01   1.5691269e+02
  -1.6500000e+02  -1.3300000e+02  -7.9821322e+00   3.1029061e+01  -2.0601587e+02  -3.1544454e+01   1.5446965e+02
  -1.6500000e+02  -1.3300000e+02  -8.1181708e+00   3.2849849e+01  -2.1148972e+02  -3.3583162e+01   1.5172350e+02
  -1.6500000e+02  -1.3300000e+02  -8.1098623e+00   3.5183876e+01  -2.1493536e+02  -3.5231553e+01   1.4929281e+02
  -1.6500000e+02  -1.3300000e+02  -6.9925987e+00   3.6816047e+01  -2.1522637e+02  -3.5260452e+01   1.4508983e+02
  -1.6500000e+02  -1.3300000e+02  -4.6859519e+00   3.9177306e+01  -2.1358956e+02  -3.4675987e+01   1.4132022e+02
  -1.6500000e+02  -1.3300000e+02  -3.7795889e+00   4.1912614e+01  -2.1222397e+02  -3.5620583e+01   1.3822919e+02
  -1.6500000e+02  -1.3300000e+02  -4.0054764e+00   4.2237531e+01  -2.0995889e+02  -3.6963773e+01   1.3683520e+02
  -1.6500000e+02  -1.3300000e+02  -4.5074697e+00   4.2967867e+01  -2.0792745e+02  -3.8398665e+01   1.3458625e+02
  -1.6500000e+02  -1.3300000e+02  -4.8275349e+00   4.3411498e+01  -2.0599673e+02  -4.0089878e+01   1.3284509e+02
  -1.6500000e+02  -1.3300000e+02  -5.0064336e+00   4.2144375e+01  -2.0378434e+02  -3.9655140e+01   1.3220811e+02
  -1.6500000e+02  -1.3300000e+02  -4.8073284e+00   4.0993896e+01  -2.0207648e+02  -3.9143526e+01   1.3203188e+02
  -1.6500000e+02  -1.3300000e+02  -5.1126899e+00   4.1257816e+01  -2.0055001e+02  -3.9650394e+01   1.3157377e+02
  -1.6500000e+02  -1.3300000e+02  -5.8893567e+00   4.2802239e+01  -1.9890966e+02  -4.1030586e+01   1.3179354e+02
  -1.6500000e+02  -1.3300000e+02  -5.8774293e+00   4.3112849e+01  -1.9690125e+02  -4.1422725e+01   1.3183637e+02
  -1.6500000e+02  -1.3300000e+02  -6.4993661e+00   4.3897090e+01  -1.9577643e+02  -4.1799343e+01   1.3166353e+02
  -1.6500000e+02  -1.3300000e+02  -7.0256282e+00   4.4548871e+01  -1.9466902e+02  -4.2285126e+01   1.3163812e+02
  -1.6500000e+02  -1.3300000e+02  -7.0049779e+00   4.4114829e+01  -1.9253274e+02  -4.1338507e+01   1.3190022e+02
  -1.6500000e+02  -1.3300000e+02  -7.4879011e+00   4.4136682e+01  -1.9101645e+02  -4.0741888e+01   1.3326421e+02
  -1.6500000e+02  -1.3300000e+02  -6.7906363e+00   4.4183784e+01  -1.8918772e+02  -3.9789722e+01   1.3481156e+02
  -1.6500000e+02  -1.3300000e+02  -6.6368383e+00   4.3912225e+01  -1.8796149e+02  -3.8765606e+01   1.3701015e+02
  -1.6500000e+02  -1.3300000e+02  -6.9200207e+00   4.3968901e+01  -1.8692366e+02  -3.7770221e+01   1.3954159e+02
  -1.6500000e+02  -1.3300000e+02  -6.1410232e+00   4.3030728e+01  -1.8577696e+02  -3.5007874e+01   1.4205175e+02
  -1.6500000e+02  -1.3300000e+02  -5.8767698e+00   4.0887382e+01  -1.8537365e+02  -3.1718132e+01   1.4561152e+02
  -1.6500000e+02  -1.3300000e+02  -5.5661260e+00   3.8874322e+01  -1.8511407e+02  -2.8355242e+01   1.4924223e+02
  -1.6500000e+02  -1.3300000e+02  -5.7151683e+00   3.8166779e+01  -1.8507374e+02  -2.5895100e+01   1.5264904e+02
  -1.6500000e+02  -1.3300000e+02  -6.4414675e+00   3.7745626e+01  -1.8496515e+02  -2.3817696e+01   1.5564906e+02
  -1.6500000e+02  -1.3300000e+02  -6.8483402e+00   3.8214383e+01  -1.8444016e+02  -2.2979144e+01   1.5907194e+02
  -1.6500000e+02  -1.3300000e+02  -6.4773571e+00   3.8503131e+01  -1.8427559e+02  -2.2041243e+01   1.6256202e+02
  -1.6500000e+02  -1.3300000e+02  -6.7260940e+00   3.8432281e+01  -1.8368923e+02  -2.0202175e+01   1.6449422e+02
  -1.6500000e+02  -1.3300000e+02  -7.7041912e+00   3.9612125e+01  -1.8296677e+02  -1.9675510e+01   1.6694394e+02
  -1.6500000e+02  -1.3300000e+02  -7.9405496e+00   4.0842401e+01  -1.8182981e+02  -1.9132589e+01   1.6953929e+02
  -1.6500000e+02  -1.3300000e+02  -7.6173669e+00   4.1374221e+01  -1.8054502e+02  -1.8526554e+01   1.7277635e+02
  -1.6500000e+02  -1.3300000e+02  -7.6181585e+00   4.0949600e+01  -1.7945229e+02  -1.7038599e+01   1.7363493e+02
  -1.6500000e+02  -1.3300000e+02  -7.5298783e+00   4.0562321e+01  -1.7833711e+02  -1.5731195e+01   1.7587667e+02
  -1.6500000e+02  -1.3300000e+02  -7.3334606e+00   4.0127688e+01  -1.7752450e+02  -1.4501831e+01   1.7752871e+02
  -1.6500000e+02  -1.3300000e+02  -9.2190982e+00   3.9411302e+01  -1.7541517e+02  -1.3998528e+01   1.7695870e+02
  -1.6500000e+02  -1.3300000e+02  -1.0069396e+01   3.9252139e+01  -1.7339131e+02  -1.3835775e+01   1.7581926e+02
