  -1.4517060e+01  -3.1041283e+02   2.4373471e+00   1.3377576e+02  -1.5778238e+01   3.4090952e+01   1.5014637e+02
  -2.8517059e+01  -3.0713889e+02   1.6353221e+00   1.3348742e+02  -1.5783323e+01   2.9727848e+01   1.5299059e+02
  -4.2517058e+01  -3.0386495e+02   8.3329498e-01   1.3319907e+02  -1.5788412e+01   2.5364745e+01   1.5583482e+02
  -5.6517057e+01  -3.0059102e+02   3.1266168e-02   1.3291073e+02  -1.5793506e+01   2.1001644e+01   1.5867904e+02
  -7.0517057e+01  -2.9731708e+02  -7.7076291e-01   1.3262238e+02  -1.5798601e+01   1.6638542e+01   1.6152326e+02
  -8.4517056e+01  -2.9404315e+02  -1.5727921e+00   1.3233404e+02  -1.5803697e+01   1.2275441e+01   1.6436748e+02
  -9.8517055e+01  -2.9076921e+02  -2.3748213e+00   1.3204570e+02  -1.5808794e+01   7.9123396e+00   1.6721170e+02
  -1.1251705e+02  -2.8749528e+02  -3.1768505e+00   1.3175735e+02  -1.5813891e+01   3.5492383e+00   1.7005592e+02
  -1.2651705e+02  -2.8422135e+02  -3.9788792e+00   1.3146901e+02  -1.5818991e+01  -8.1386311e-01   1.7290014e+02
  -1.4051705e+02  -2.8094741e+02  -4.7809073e+00   1.3118066e+02  -1.5824092e+01  -5.1769650e+00   1.7574435e+02
  -1.5451705e+02  -2.7767348e+02  -5.5829347e+00   1.3089232e+02  -1.5829195e+01  -9.5400680e+00   1.7858856e+02
  -1.6500000e+02  -2.7074242e+02  -4.7368057e+00   1.2571622e+02  -1.9140120e+01  -1.9442082e+01   1.6647440e+02
  -1.6500000e+02  -2.5857687e+02  -3.2804075e-01   1.1369507e+02  -2.3554316e+01  -3.1604290e+01   1.5468949e+02
  -1.6500000e+02  -2.4620037e+02   1.8549480e+00   1.0158345e+02  -2.4396416e+01  -4.3682357e+01   1.4808971e+02
  -1.6500000e+02  -2.3395004e+02   7.2679011e-01   8.9778126e+01  -2.5779700e+01  -5.5145744e+01   1.5663140e+02
  -1.6500000e+02  -2.2269067e+02  -2.5040856e+00   8.0130193e+01  -3.0167538e+01  -6.1971731e+01   1.6710846e+02
  -1.6500000e+02  -2.1284337e+02  -2.7020899e+00   7.5538637e+01  -3.6450363e+01  -5.7915094e+01   1.7682737e+02
  -1.6500000e+02  -2.0334723e+02  -1.5075622e+00   6.9998968e+01  -4.1918386e+01  -5.4814740e+01   1.8530248e+02
  -1.6500000e+02  -1.9366807e+02   7.7466175e-01   6.4158128e+01  -4.7380789e+01  -5.2242111e+01   1.9173267e+02
  -1.6500000e+02  -1.8454080e+02   4.3776750e+00   5.9564463e+01  -5.3022539e+01  -4.8634542e+01   1.9698220e+02
  -1.6500000e+02  -1.7632053e+02   9.2603544e+00   5.7472733e+01  -5.8667475e+01  -4.3258260e+01   2.0095451e+02
  -1.6500000e+02  -1.7131780e+02   1.4153163e+01   5.7109075e+01  -6.4071943e+01  -3.8500626e+01   2.0062669e+02
  -1.6500000e+02  -1.6869604e+02   2.0212984e+01   5.7014801e+01  -6.9040083e+01  -3.4778657e+01   1.9776148e+02
  -1.6500000e+02  -1.6776375e+02   2.7207381e+01   5.6078095e+01  -7.3143167e+01  -3.2803643e+01   1.9318908e+02
  -1.6500000e+02  -1.6689126e+02   3.3323123e+01   5.4353156e+01  -7.7247981e+01  -3.2235252e+01   1.8705466e+02
  -1.6500000e+02  -1.6600179e+02   3.8667771e+01   5.2707868e+01  -8.2381230e+01  -3.1819940e+01   1.8276196e+02
  -1.6500000e+02  -1.6528032e+02   4.3664214e+01   5.1047713e+01  -8.8717832e+01  -3.1695467e+01   1.8053128e+02
  -1.6500000e+02  -1.6583362e+02   4.7900143e+01   4.9330389e+01  -9.6772887e+01  -3.1937032e+01   1.7967117e+02
  -1.6500000e+02  -1.6649859e+02   4.9866365e+01   4.6939664e+01  -1.0582209e+02  -3.2910224e+01   1.7755665e+02
  -1.6500000e+02  -1.6784383e+02   5.0199645e+01   4.3995101e+01  -1.1554976e+02  -3.4532517e+01   1.7238874e+02
  -1.6500000e+02  -1.6608366e+02   4.6867666e+01   3.9960038e+01  -1.2536268e+02  -3.7092742e+01   1.6597474e+02
  -1.6500000e+02  -1.6415651e+02   4.1734332e+01   3.5565040e+01  -1.3543298e+02  -4.0025440e+01   1.5931804e+02
  -1.6500000e+02  -1.6206057e+02   3.4899301e+01   3.1863973e+01  -1.4550982e+02  -4.2234622e+01   1.5352034e+02
  -1.6500000e+02  -1.5955292e+02   2.7227278e+01   2.9055349e+01  -1.5560918e+02  -4.3495292e+01   1.4980612e+02
  -1.6500000e+02  -1.5535427e+02   1.9478873e+01   2.7818328e+01  -1.6570571e+02  -4.2693422e+01   1.4689630e+02
  -1.6500000e+02  -1.5027635e+02   1.1776499e+01   2.8368145e+01  -1.7603140e+02  -4.0306220e+01   1.4564946e+02
  -1.6500000e+02  -1.4370739e+02   4.3229686e+00   3.0597062e+01  -1.8650889e+02  -3.6552497e+01   1.4575334e+02
  -1.6500000e+02  -1.3802285e+02  -4.1030314e+00   3.5564171e+01  -1.9625779e+02  -3.5193759e+01   1.4667107e+02
  -1.6500000e+02  -1.3653487e+02  -5.0858644e+00   3.6427091e+01  -1.9696937e+02  -3.4032539e+01   1.4813289e+02
  -1.6500000e+02  -1.3546215e+02  -4.9188050e+00   3.7222050e+01  -1.9689120e+02  -3.2958116e+01   1.5129279e+02
  -1.6500000e+02  -1.3135073e+02  -3.3282832e+00   4.1568701e+01  -1.9657350e+02  -3.1912081e+01   1.5362744e+02
  -1.6500000e+02  -1.3250169e+02  -3.8854118e+00   4.1164711e+01  -1.9678524e+02  -3.1126171e+01   1.5567418e+02
  -1.6500000e+02  -1.2748554e+02  -2.7486925e+00   4.6238411e+01  -1.9596463e+02  -2.9238986e+01   1.5858308e+02
  -1.6500000e+02  -1.2770557e+02  -2.7606121e+00   4.7483875e+01  -1.9529843e+02  -2.9486563e+01   1.6215014e+02
  -1.6500000e+02  -1.2699760e+02  -2.3634629e+00   4.8624859e+01  -1.9485353e+02  -2.7863038e+01   1.6355386e+02
  -1.6500000e+02  -1.2548373e+02  -2.6740395e+00   5.1204904e+01  -1.9416986e+02  -2.7546336e+01   1.6695962e+02
  -1.6500000e+02  -1.2643862e+02  -3.2655694e+00   4.9532238e+01  -1.9377746e+02  -2.5832823e+01   1.6912999e+02
  -1.6500000e+02  -1.2571301e+02  -2.6867310e+00   5.1446230e+01  -1.9329760e+02  -2.5300321e+01   1.7177630e+02
  -1.6500000e+02  -1.2709007e+02  -4.2480651e+00   5.1205177e+01  -1.9233642e+02  -2.5208751e+01   1.7454250e+02
  -1.6500000e+02  -1.2987487e+02  -5.0238733e+00   5.0103016e+01  -1.9203577e+02  -2.4991450e+01   1.7754721e+02
  -1.6500000e+02  -1.3017447e+02  -5.3303482e+00   4.9244895e+01  -1.9124150e+02  -2.3040779e+01   1.7997210e+02
  -1.6500000e+02  -1.2991406e+02  -5.2386532e+00   4.8934983e+01  -1.9006594e+02  -2.0301769e+01   1.8173504e+02
  -1.6500000e+02  -1.3007587e+02  -5.2452651e+00   4.8901700e+01  -1.8883349e+02  -1.8481806e+01   1.8431493e+02
  -1.6500000e+02  -1.2918651e+02  -6.0623352e+00   4.9844731e+01  -1.8762044e+02  -1.7580565e+01   1.8756964e+02
  -1.6500000e+02  -1.2888187e+02  -6.6760407e+00   5.0737598e+01  -1.8554337e+02  -1.7172632e+01   1.8821400e+02
  -1.6500000e+02  -1.2998940e+02  -8.6081013e+00   5.1396100e+01  -1.8372904e+02  -1.7774073e+01   1.8898914e+02
  -1.6500000e+02  -1.3151971e+02  -1.0113436e+01   5.0505024e+01  -1.8262867e+02  -1.7559521e+01   1.9137664e+02
  -1.6500000e+02  -1.3267834e+02  -1.1828394e+01   5.0113068e+01  -1.8026355e+02  -1.6515395e+01   1.9269077e+02
  -1.6500000e+02  -1.3251083e+02  -1.2973979e+01   5.0161883e+01  -1.7810590e+02  -1.5232706e+01   1.9468794e+02
  -1.6500000e+02  -1.3103344e+02  -1.4338174e+01   4.7733587e+01  -1.7352843e+02  -1.6243554e+01   1.9403149e+02
  -1.6500000e+02  -1.2926703e+02  -1.3321836e+01   4.4149587e+01  -1.7236441e+02  -1.8656070e+01   1.9187585e+02
  -1.6500000e+02  -1.2818609e+02  -1.1582672e+01   4.0502720e+01  -1.7411638e+02  -2.0894309e+01   1.9012530e+02
  -1.6500000e+02  -1.2850489e+02  -1.0768772e+01   3.7527102e+01  -1.7687713e+02  -2.3044039e+01   1.8987452e+02
  -1.6500000e+02  -1.2786642e+02  -1.0378734e+01   3.5269010e+01  -1.8002808e+02  -2.3956780e+01   1.8444957e+02
  -1.6500000e+02  -1.2932902e+02  -1.0656097e+01   3.3414668e+01  -1.8573417e+02  -2.5287805e+01   1.7793411e+02
  -1.6500000e+02  -1.3290349e+02  -1.1366434e+01   3.1479649e+01  -1.9258855e+02  -2.8118856e+01   1.7509507e+02
  -1.6500000e+02  -1.3429861e+02  -1.2460132e+01   3.1136612e+01  -1.9782828e+02  -3.0579173e+01   1.6963413e+02
  -1.6500000e+02  -1.3476420e+02  -1.1632566e+01   3.1359788e+01  -2.0276908e+02  -3.2213578e+01   1.6592992e+02
  -1.6500000e+02  -1.3471291e+02  -1.0314881e+01   3.2053726e+01  -2.0630857e+02  -3.4665506e+01   1.6300266e+02
  -1.6500000e+02  -1.3709340e+02  -1.0970933e+01   3.1055945e+01  -2.1235690e+02  -3.5970043e+01   1.5981558e+02
  -1.6500000e+02  -1.3577061e+02  -1.1057877e+01   3.1734620e+01  -2.1698810e+02  -3.4914130e+01   1.5830750e+02
  -1.6500000e+02  -1.3293268e+02  -7.8996480e+00   3.6545853e+01  -2.1904121e+02  -3.3337902e+01   1.5713366e+02
  -1.6500000e+02  -1.3610509e+02  -5.7244226e+00   3.7862349e+01  -2.1737006e+02  -3.3955509e+01   1.5074444e+02
  -1.6500000e+02  -1.3439780e+02  -3.0635917e+00   4.0646933e+01  -2.1436030e+02  -3.1765774e+01   1.4545201e+02
  -1.6500000e+02  -1.3456014e+02  -2.8890167e+00   4.0655405e+01  -2.1207075e+02  -3.3728577e+01   1.4360489e+02
  -1.6500000e+02  -1.3391483e+02  -2.8808899e+00   4.0897069e+01  -2.1035009e+02  -3.4872941e+01   1.4224930e+02
  -1.6500000e+02  -1.3365026e+02  -3.3478927e+00   4.1062665e+01  -2.0886540e+02  -3.5898171e+01   1.4103908e+02
  -1.6500000e+02  -1.3267411e+02  -3.4993694e+00   4.0745278e+01  -2.0721023e+02  -3.5263576e+01   1.4055267e+02
  -1.6500000e+02  -1.3343888e+02  -3.7893455e+00   3.8828235e+01  -2.0598869e+02  -3.4750943e+01   1.4031255e+02
  -1.6500000e+02  -1.3488436e+02  -4.6180507e+00   3.6120912e+01  -2.0489091e+02  -3.3621313e+01   1.3987649e+02
  -1.6500000e+02  -1.3701295e+02  -5.0883263e+00   3.3219379e+01  -2.0352602e+02  -3.3098359e+01   1.4039388e+02
  -1.6500000e+02  -1.3635367e+02  -4.8350217e+00   3.3034029e+01  -2.0202951e+02  -3.2198551e+01   1.4078225e+02
  -1.6500000e+02  -1.3503981e+02  -4.6289728e+00   3.3528756e+01  -2.0072150e+02  -3.1576281e+01   1.4059952e+02
  -1.6500000e+02  -1.3453571e+02  -4.5947759e+00   3.5858592e+01  -1.9922530e+02  -3.3155859e+01   1.4107567e+02
  -1.6500000e+02  -1.3058800e+02  -3.5547985e+00   3.9739249e+01  -1.9762742e+02  -3.2548035e+01   1.4146398e+02
  -1.6500000e+02  -1.3215673e+02  -3.9274550e+00   4.0230262e+01  -1.9628515e+02  -3.4273778e+01   1.4289023e+02
  -1.6500000e+02  -1.3154111e+02  -3.7868118e+00   4.2169442e+01  -1.9497129e+02  -3.5037017e+01   1.4456106e+02
  -1.6500000e+02  -1.3347184e+02  -4.3329509e+00   4.2285144e+01  -1.9409316e+02  -3.5570594e+01   1.4627021e+02
  -1.6500000e+02  -1.3114783e+02  -3.9763945e+00   4.3323766e+01  -1.9270626e+02  -3.2736307e+01   1.4792105e+02
  -1.6500000e+02  -1.2812309e+02  -3.6678961e+00   4.4948241e+01  -1.9220467e+02  -3.0453022e+01   1.4996053e+02
  -1.6500000e+02  -1.2431119e+02  -3.0514944e+00   4.7066023e+01  -1.9078378e+02  -2.7288537e+01   1.5232037e+02
  -1.6500000e+02  -1.2575205e+02  -3.7513314e+00   4.7627677e+01  -1.8987611e+02  -2.8220273e+01   1.5630176e+02
  -1.6500000e+02  -1.2719719e+02  -4.7537446e+00   4.6683139e+01  -1.8862755e+02  -2.7825037e+01   1.5922932e+02
  -1.6500000e+02  -1.2769408e+02  -5.6289779e+00   4.6339488e+01  -1.8751597e+02  -2.6243599e+01   1.6237797e+02
  -1.6500000e+02  -1.2872364e+02  -6.8987277e+00   4.5880307e+01  -1.8608548e+02  -2.5397523e+01   1.6448553e+02
  -1.6500000e+02  -1.3050747e+02  -7.6870662e+00   4.5463869e+01  -1.8499446e+02  -2.5176030e+01   1.6714940e+02
  -1.6500000e+02  -1.3017128e+02  -8.2834523e+00   4.5621375e+01  -1.8320366e+02  -2.3492954e+01   1.7001084e+02
  -1.6500000e+02  -1.2966532e+02  -8.4202873e+00   4.6035829e+01  -1.8130466e+02  -2.1636742e+01   1.7176400e+02
  -1.6500000e+02  -1.2829433e+02  -8.8809207e+00   4.6991415e+01  -1.7959408e+02  -1.9623791e+01   1.7457153e+02
  -1.6500000e+02  -1.2776285e+02  -9.8841638e+00   4.7942676e+01  -1.7675223e+02  -1.8609806e+01   1.7842878e+02
  -1.6500000e+02  -1.2806090e+02  -1.0977276e+01   4.8817681e+01  -1.7552124e+02  -1.7695064e+01   1.8223675e+02
  -1.6500000e+02  -1.2867221e+02  -1.4519250e+01   4.7045021e+01  -1.6845207e+02  -1.7600137e+01   1.8245203e+02
  -1.6500000e+02  -1.2887132e+02  -1.6214099e+01   4.6205378e+01  -1.6486306e+02  -1.6592255e+01   1.8199764e+02
  -1.6500000e+02  -1.2787329e+02  -1.5745374e+01   4.3892758e+01  -1.6441560e+02  -1.7257765e+01   1.8088248e+02
  -1.6500000e+02  -1.2692665e+02  -1.3643898e+01   4.0543896e+01  -1.6688199e+02  -2.0027236e+01   1.7972009e+02
  -1.6500000e+02  -1.2757829e+02  -1.1968302e+01   3.7756336e+01  -1.7137985e+02  -2.3384607e+01   1.7982111e+02
  -1.6500000e+02  -1.2745188e+02  -9.9752469e+00   3.5793828e+01  -1.7616103e+02  -2.4980354e+01   1.7635274e+02
  -1.6500000e+02  -1.2804725e+02  -8.8691320e+00   3.4430222e+01  -1.8173582e+02  -2.6660296e+01   1.7199156e+02
  -1.6500000e+02  -1.3059910e+02  -8.0665605e+00   3.3402387e+01  -1.8863417e+02  -2.8939024e+01   1.6516331e+02
  -1.6500000e+02  -1.3305945e+02  -8.0964817e+00   3.2834211e+01  -1.9530452e+02  -3.3127594e+01   1.5934641e+02
  -1.6500000e+02  -1.3126655e+02  -7.7257822e+00   3.5775074e+01  -2.0192965e+02  -3.6005839e+01   1.5551712e+02
  -1.6500000e+02  -1.3127160e+02  -7.7222004e+00   3.6815022e+01  -2.0684606e+02  -3.8129577e+01   1.5328007e+02
  -1.6500000e+02  -1.3186744e+02  -7.8291244e+00   3.7770926e+01  -2.1057309e+02  -4.0580924e+01   1.5290292e+02
  -1.6500000e+02  -1.3284588e+02  -8.2204204e+00   3.7780453e+01  -2.1337448e+02  -4.1737397e+01   1.5126517e+02
  -1.6500000e+02  -1.3277938e+02  -7.9582298e+00   3.8285913e+01  -2.1323038e+02  -4.1899888e+01   1.4927366e+02
  -1.6500000e+02  -1.3250057e+02  -6.1284968e+00   3.9962413e+01  -2.1182986e+02  -4.0124906e+01   1.4805707e+02
  -1.6500000e+02  -1.3483017e+02  -5.0980123e+00   3.9528311e+01  -2.1008719e+02  -3.7893682e+01   1.4365828e+02
  -1.6500000e+02  -1.3528966e+02  -4.0390177e+00   3.8405159e+01  -2.0797380e+02  -3.6359863e+01   1.4120906e+02
  -1.6500000e+02  -1.3467367e+02  -4.1011001e+00   3.8010720e+01  -2.0627450e+02  -3.5742975e+01   1.4017581e+02
  -1.6500000e+02  -1.3450875e+02  -4.5554611e+00   3.6576951e+01  -2.0454502e+02  -3.5041716e+01   1.3907743e+02
  -1.6500000e+02  -1.3593657e+02  -5.1493714e+00   3.4170206e+01  -2.0259897e+02  -3.4745449e+01   1.3821087e+02
  -1.6500000e+02  -1.3778834e+02  -5.6862079e+00   3.1617382e+01  -2.0084936e+02  -3.4777177e+01   1.3821307e+02
  -1.6500000e+02  -1.3987627e+02  -6.0758000e+00   3.0724699e+01  -1.9912540e+02  -3.5817251e+01   1.3779208e+02
  -1.6500000e+02  -1.4044202e+02  -6.6010956e+00   3.0260318e+01  -1.9778635e+02  -3.5873246e+01   1.3771495e+02
  -1.6500000e+02  -1.4414164e+02  -7.7047302e+00   2.7472876e+01  -1.9615353e+02  -3.6651934e+01   1.3752018e+02
  -1.6500000e+02  -1.4150914e+02  -7.0446273e+00   2.8296066e+01  -1.9409143e+02  -3.4468173e+01   1.3886294e+02
  -1.6500000e+02  -1.4276781e+02  -7.5782415e+00   2.6503072e+01  -1.9273967e+02  -3.3912136e+01   1.3922140e+02
  -1.6500000e+02  -1.4417824e+02  -8.0215457e+00   2.5044849e+01  -1.9184119e+02  -3.3199992e+01   1.3928442e+02
  -1.6500000e+02  -1.4495310e+02  -8.5714649e+00   2.4399731e+01  -1.9115584e+02  -3.2827327e+01   1.4116739e+02
  -1.6500000e+02  -1.4328720e+02  -8.3154239e+00   2.5608718e+01  -1.9020040e+02  -3.1834703e+01   1.4287269e+02
  -1.6500000e+02  -1.3926439e+02  -7.5238726e+00   2.7719968e+01  -1.8912909e+02  -2.9121373e+01   1.4374251e+02
  -1.6500000e+02  -1.3622591e+02  -6.5946663e+00   3.0237066e+01  -1.8820937e+02  -2.7139962e+01   1.4542512e+02
  -1.6500000e+02  -1.3419901e+02  -6.0952699e+00   3.2208348e+01  -1.8703266e+02  -2.6166659e+01   1.4782494e+02
  -1.6500000e+02  -1.3402371e+02  -5.7413437e+00   3.3499120e+01  -1.8606600e+02  -2.6256066e+01   1.4895943e+02
  -1.6500000e+02  -1.3198095e+02  -5.1932866e+00   3.5372597e+01  -1.8558518e+02  -2.4414874e+01   1.5148929e+02
  -1.6500000e+02  -1.3218846e+02  -5.7793503e+00   3.6213818e+01  -1.8467145e+02  -2.4657775e+01   1.5299896e+02
  -1.6500000e+02  -1.3394032e+02  -6.8254660e+00   3.6933283e+01  -1.8395672e+02  -2.5668683e+01   1.5646151e+02
  -1.6500000e+02  -1.3176967e+02  -7.2057279e+00   3.9017256e+01  -1.8290843e+02  -2.3646498e+01   1.5902022e+02
  -1.6500000e+02  -1.3361784e+02  -8.3169503e+00   3.9711842e+01  -1.8277816e+02  -2.4581267e+01   1.6141715e+02
  -1.6500000e+02  -1.3366878e+02  -8.1479500e+00   4.0420967e+01  -1.8181497e+02  -2.3820708e+01   1.6396891e+02
  -1.6500000e+02  -1.3164487e+02  -8.6486161e+00   4.1648005e+01  -1.8084131e+02  -2.1766510e+01   1.6761766e+02
  -1.6500000e+02  -1.3151180e+02  -9.4001586e+00   4.2757562e+01  -1.7995824e+02  -2.1085277e+01   1.7060507e+02
  -1.6500000e+02  -1.3136360e+02  -9.3564448e+00   4.3910450e+01  -1.7906220e+02  -2.0195664e+01   1.7268136e+02
  -1.6500000e+02  -1.3042626e+02  -9.8363599e+00   4.5160752e+01  -1.7785181e+02  -1.9037090e+01   1.7633513e+02
  -1.6500000e+02  -1.2915401e+02  -9.8872584e+00   4.6657068e+01  -1.7577320e+02  -1.7732446e+01   1.7937445e+02
  -1.6500000e+02  -1.2975999e+02  -1.4401092e+01   4.6013683e+01  -1.6708181e+02  -1.7353426e+01   1.7975462e+02
  -1.6500000e+02  -1.2997200e+02  -1.6117093e+01   4.5354870e+01  -1.6348123e+02  -1.7018519e+01   1.8009933e+02
  -1.6500000e+02  -1.3103008e+02  -1.7742558e+01   4.4313925e+01  -1.6052254e+02  -1.6705730e+01   1.7913432e+02
  -1.6500000e+02  -1.2840270e+02  -1.5792301e+01   4.1967882e+01  -1.6135870e+02  -1.7198153e+01   1.7901195e+02
  -1.6500000e+02  -1.2807435e+02  -1.4799183e+01   3.9231476e+01  -1.6227764e+02  -1.9018289e+01   1.7878768e+02
  -1.6500000e+02  -1.2636981e+02  -1.3547019e+01   3.7529790e+01  -1.6472978e+02  -1.9812413e+01   1.7936662e+02
  -1.6500000e+02  -1.2690634e+02  -1.1949124e+01   3.5933483e+01  -1.6853107e+02  -2.1903240e+01   1.7688395e+02
  -1.6500000e+02  -1.2829798e+02  -1.1065976e+01   3.4437488e+01  -1.7489223e+02  -2.4068684e+01   1.7236279e+02
  -1.6500000e+02  -1.3019062e+02  -1.1113588e+01   3.3315790e+01  -1.8065175e+02  -2.5925665e+01   1.6733879e+02
  -1.6500000e+02  -1.3173026e+02  -1.1318633e+01   3.2099832e+01  -1.8598690e+02  -2.7735423e+01   1.6277309e+02
  -1.6500000e+02  -1.3385371e+02  -1.1661982e+01   3.0904810e+01  -1.9176683e+02  -3.0442123e+01   1.5953548e+02
  -1.6500000e+02  -1.3332879e+02  -1.2132837e+01   3.0223662e+01  -1.9744105e+02  -3.2155974e+01   1.5650202e+02
  -1.6500000e+02  -1.3230241e+02  -1.1258301e+01   3.2890839e+01  -2.0481901e+02  -3.3473520e+01   1.5310682e+02
  -1.6500000e+02  -1.3054496e+02  -1.0392861e+01   3.6096184e+01  -2.1046833e+02  -3.5456010e+01   1.5140849e+02
  -1.6500000e+02  -1.3026692e+02  -1.0170158e+01   3.7982570e+01  -2.1422252e+02  -3.7392909e+01   1.5036964e+02
  -1.6500000e+02  -1.3135792e+02  -9.2654093e+00   3.9223623e+01  -2.1638795e+02  -3.9085722e+01   1.4877158e+02
  -1.6500000e+02  -1.3135106e+02  -7.4993091e+00   4.0813559e+01  -2.1568583e+02  -3.8499477e+01   1.4567182e+02
  -1.6500000e+02  -1.3247957e+02  -4.5243340e+00   4.1801464e+01  -2.1380567e+02  -3.5983587e+01   1.4416937e+02
  -1.6500000e+02  -1.3272346e+02  -2.6579094e+00   4.2503841e+01  -2.1288697e+02  -3.3859844e+01   1.4317397e+02
  -1.6500000e+02  -1.3301449e+02  -2.5516633e+00   4.2085405e+01  -2.1128237e+02  -3.4086451e+01   1.4292362e+02
  -1.6500000e+02  -1.3279718e+02  -2.6480817e+00   4.1318512e+01  -2.0968008e+02  -3.4541301e+01   1.4162781e+02
  -1.6500000e+02  -1.3457805e+02  -3.8475153e+00   3.8836591e+01  -2.0801436e+02  -3.5435063e+01   1.3951322e+02
  -1.6500000e+02  -1.3642735e+02  -5.0101940e+00   3.6420605e+01  -2.0696719e+02  -3.6155768e+01   1.3825940e+02
  -1.6500000e+02  -1.3800983e+02  -5.8850261e+00   3.4349833e+01  -2.0606572e+02  -3.7057922e+01   1.3701369e+02
  -1.6500000e+02  -1.4034770e+02  -6.7439217e+00   3.2028341e+01  -2.0532559e+02  -3.8146955e+01   1.3615563e+02
  -1.6500000e+02  -1.3884646e+02  -6.3148087e+00   3.1473144e+01  -2.0443374e+02  -3.6058167e+01   1.3506929e+02
  -1.6500000e+02  -1.4012404e+02  -6.9104583e+00   3.0042487e+01  -2.0388448e+02  -3.6073692e+01   1.3460809e+02
  -1.6500000e+02  -1.4059980e+02  -6.8954942e+00   2.9216506e+01  -2.0315599e+02  -3.5841154e+01   1.3428529e+02
  -1.6500000e+02  -1.3998477e+02  -6.9969331e+00   2.8637763e+01  -2.0283365e+02  -3.5033790e+01   1.3346312e+02
  -1.6500000e+02  -1.4085276e+02  -7.1194115e+00   2.9167452e+01  -2.0217417e+02  -3.6279623e+01   1.3320765e+02
  -1.6500000e+02  -1.4047384e+02  -7.2802058e+00   2.8911492e+01  -2.0145969e+02  -3.6230913e+01   1.3263559e+02
  -1.6500000e+02  -1.4035547e+02  -7.2089558e+00   2.9894357e+01  -2.0072986e+02  -3.6606205e+01   1.3310874e+02
  -1.6500000e+02  -1.4087589e+02  -7.8093726e+00   2.9599286e+01  -2.0013265e+02  -3.6606959e+01   1.3316612e+02
  -1.6500000e+02  -1.4017143e+02  -7.6030818e+00   2.9691440e+01  -1.9941688e+02  -3.5598490e+01   1.3321985e+02
  -1.6500000e+02  -1.3932170e+02  -7.3813042e+00   3.0700754e+01  -1.9833588e+02  -3.5210254e+01   1.3419833e+02
  -1.6500000e+02  -1.3819357e+02  -7.1674483e+00   3.1470138e+01  -1.9695865e+02  -3.4755086e+01   1.3363581e+02
  -1.6500000e+02  -1.3884813e+02  -7.1182028e+00   3.1743720e+01  -1.9643391e+02  -3.5508232e+01   1.3415410e+02
  -1.6500000e+02  -1.4117594e+02  -7.3430737e+00   3.0281483e+01  -1.9598494e+02  -3.6140142e+01   1.3467545e+02
  -1.6500000e+02  -1.3970153e+02  -7.1123997e+00   3.0772323e+01  -1.9495560e+02  -3.4644043e+01   1.3567588e+02
  -1.6500000e+02  -1.4071394e+02  -7.0688123e+00   3.0665431e+01  -1.9444754e+02  -3.5014638e+01   1.3562777e+02
  -1.6500000e+02  -1.4150461e+02  -6.8293699e+00   3.0840540e+01  -1.9342838e+02  -3.5438363e+01   1.3752587e+02
  -1.6500000e+02  -1.4507660e+02  -7.8335818e+00   2.8098641e+01  -1.9308453e+02  -3.6359621e+01   1.3840350e+02
  -1.6500000e+02  -1.4447155e+02  -7.9204187e+00   2.8099852e+01  -1.9208456e+02  -3.5408645e+01   1.3854816e+02
  -1.6500000e+02  -1.4470096e+02  -8.2481239e+00   2.8181090e+01  -1.9175082e+02  -3.5198829e+01   1.3938094e+02
  -1.6500000e+02  -1.4410626e+02  -8.3542438e+00   2.8764143e+01  -1.9155029e+02  -3.4360184e+01   1.4060029e+02
  -1.6500000e+02  -1.3938003e+02  -6.0739840e+00   3.2427580e+01  -1.9018232e+02  -3.2647635e+01   1.4146033e+02
  -1.6500000e+02  -1.3589680e+02  -4.9343718e+00   3.4636403e+01  -1.8869258e+02  -3.0535456e+01   1.4208574e+02
  -1.6500000e+02  -1.3254860e+02  -3.7878414e+00   3.7220583e+01  -1.8775566e+02  -2.9075311e+01   1.4341662e+02
  -1.6500000e+02  -1.3127688e+02  -3.7417421e+00   3.8666940e+01  -1.8667604e+02  -2.8505847e+01   1.4487620e+02
  -1.6500000e+02  -1.3194729e+02  -4.8532127e+00   3.8453873e+01  -1.8578673e+02  -2.8575138e+01   1.4578922e+02
  -1.6500000e+02  -1.3178016e+02  -5.5806747e+00   3.8966348e+01  -1.8489765e+02  -2.7863453e+01   1.4683859e+02
  -1.6500000e+02  -1.3048131e+02  -5.7642724e+00   3.9765839e+01  -1.8416023e+02  -2.6750488e+01   1.4755507e+02
  -1.6500000e+02  -1.3009307e+02  -6.3783899e+00   4.0321568e+01  -1.8334668e+02  -2.6684227e+01   1.4881791e+02
  -1.6500000e+02  -1.2889804e+02  -6.4857419e+00   4.1204207e+01  -1.8237632e+02  -2.5858306e+01   1.5036083e+02
  -1.6500000e+02  -1.2755454e+02  -6.3067362e+00   4.2144960e+01  -1.8139623e+02  -2.4794856e+01   1.5136345e+02
  -1.6500000e+02  -1.2613683e+02  -6.1572871e+00   4.3046457e+01  -1.8024654e+02  -2.3732417e+01   1.5197967e+02
  -1.6500000e+02  -1.2560164e+02  -6.5019796e+00   4.4095794e+01  -1.7901305e+02  -2.3519822e+01   1.5369959e+02
  -1.6500000e+02  -1.2545221e+02  -7.7678984e+00   4.4597617e+01  -1.7757465e+02  -2.3699454e+01   1.5403892e+02
  -1.6500000e+02  -1.2575577e+02  -8.5185984e+00   4.5058929e+01  -1.7606334e+02  -2.3731479e+01   1.5525103e+02
  -1.6500000e+02  -1.2601613e+02  -9.1909821e+00   4.5522060e+01  -1.7464153e+02  -2.3687218e+01   1.5750988e+02
  -1.6500000e+02  -1.2760348e+02  -9.9859394e+00   4.4806144e+01  -1.7290784e+02  -2.3055771e+01   1.5847459e+02
  -1.6500000e+02  -1.2666392e+02  -1.0923747e+01   4.4534422e+01  -1.7056024e+02  -2.1190587e+01   1.6033709e+02
  -1.6500000e+02  -1.2704039e+02  -1.1400717e+01   4.3826952e+01  -1.6912964e+02  -2.0729761e+01   1.6160784e+02
  -1.6500000e+02  -1.2739231e+02  -1.1747530e+01   4.1491264e+01  -1.6768696e+02  -2.1845510e+01   1.6301321e+02
  -1.6500000e+02  -1.2705303e+02  -1.0637217e+01   3.8738805e+01  -1.7014624e+02  -2.3721085e+01   1.6252700e+02
  -1.6500000e+02  -1.2760409e+02  -9.5170005e+00   3.6117665e+01  -1.7310211e+02  -2.5890156e+01   1.6151948e+02
  -1.6500000e+02  -1.3150921e+02  -9.5451056e+00   3.3098292e+01  -1.7683104e+02  -2.9673200e+01   1.6184526e+02
  -1.6500000e+02  -1.3025985e+02  -9.2041630e+00   3.2795245e+01  -1.8282503e+02  -2.9068392e+01   1.6211043e+02
  -1.6500000e+02  -1.3204809e+02  -9.0597107e+00   3.2003390e+01  -1.8966802e+02  -3.1327968e+01   1.6325137e+02
  -1.6500000e+02  -1.3425361e+02  -1.0094790e+01   3.1330472e+01  -1.9611686e+02  -3.4056528e+01   1.5989247e+02
  -1.6500000e+02  -1.3433282e+02  -1.0192996e+01   3.1546899e+01  -2.0478346e+02  -3.5201373e+01   1.5965880e+02
  -1.6500000e+02  -1.3320863e+02  -1.0314277e+01   3.2980375e+01  -2.0972504e+02  -3.4798631e+01   1.5837524e+02
  -1.6500000e+02  -1.3305557e+02  -9.9935552e+00   3.3921009e+01  -2.1369350e+02  -3.5024941e+01   1.5824082e+02
  -1.6500000e+02  -1.3213149e+02  -8.1123763e+00   3.6601321e+01  -2.1555751e+02  -3.3389522e+01   1.5862930e+02
  -1.6500000e+02  -1.3171847e+02  -4.8019718e+00   3.9316260e+01  -2.1367862e+02  -3.1354308e+01   1.5631536e+02
  -1.6500000e+02  -1.3450197e+02  -2.6923101e+00   4.1059123e+01  -2.1179914e+02  -3.1147179e+01   1.5223361e+02
  -1.6500000e+02  -1.3450901e+02  -1.8530696e+00   4.1863363e+01  -2.0947798e+02  -3.1139541e+01   1.4935078e+02
  -1.6500000e+02  -1.3290287e+02  -2.0091528e+00   4.2038082e+01  -2.0692874e+02  -3.1419142e+01   1.4624950e+02
  -1.6500000e+02  -1.3229645e+02  -2.0393936e+00   4.2066677e+01  -2.0414283e+02  -3.2122189e+01   1.4479083e+02
  -1.6500000e+02  -1.3278115e+02  -2.3461976e+00   4.0277785e+01  -2.0189114e+02  -3.1707778e+01   1.4309798e+02
  -1.6500000e+02  -1.3512605e+02  -3.4283363e+00   3.6598313e+01  -2.0050480e+02  -3.1553167e+01   1.4269165e+02
  -1.6500000e+02  -1.3614618e+02  -4.0221046e+00   3.5003287e+01  -1.9920151e+02  -3.1363525e+01   1.4283491e+02
  -1.6500000e+02  -1.3643292e+02  -4.3095205e+00   3.5358673e+01  -1.9742188e+02  -3.1793463e+01   1.4267365e+02
  -1.6500000e+02  -1.3536987e+02  -4.0592947e+00   3.6057996e+01  -1.9534374e+02  -3.1190500e+01   1.4334969e+02
  -1.6500000e+02  -1.3630662e+02  -4.9772917e+00   3.5283758e+01  -1.9366783e+02  -3.1215509e+01   1.4456433e+02
  -1.6500000e+02  -1.3586162e+02  -4.6917319e+00   3.6170328e+01  -1.9251960e+02  -3.0821755e+01   1.4468855e+02
  -1.6500000e+02  -1.3706559e+02  -5.2432321e+00   3.5717813e+01  -1.9153128e+02  -3.0622353e+01   1.4609635e+02
  -1.6500000e+02  -1.3362932e+02  -4.4854718e+00   3.8562590e+01  -1.9061483e+02  -2.8706284e+01   1.4760155e+02
  -1.6500000e+02  -1.3610149e+02  -5.6878714e+00   3.7854028e+01  -1.9002239e+02  -2.9763232e+01   1.4928144e+02
  -1.6500000e+02  -1.3586441e+02  -5.6198506e+00   3.7544105e+01  -1.8949259e+02  -2.8785317e+01   1.5163217e+02
  -1.6500000e+02  -1.3596612e+02  -5.7309548e+00   3.7409278e+01  -1.8908565e+02  -2.7704763e+01   1.5356639e+02
  -1.6500000e+02  -1.3419821e+02  -5.4466922e+00   3.7873469e+01  -1.8836413e+02  -2.5748461e+01   1.5556104e+02
  -1.6500000e+02  -1.2917833e+02  -4.5236658e+00   4.0557306e+01  -1.8735518e+02  -2.2587128e+01   1.5727003e+02
  -1.6500000e+02  -1.2817653e+02  -4.9640168e+00   4.2503234e+01  -1.8651543e+02  -2.2207771e+01   1.5917174e+02
  -1.6500000e+02  -1.2933329e+02  -5.5280170e+00   4.3857075e+01  -1.8561242e+02  -2.3345289e+01   1.6248106e+02
  -1.6500000e+02  -1.2900919e+02  -6.3887027e+00   4.5020579e+01  -1.8458072e+02  -2.2700527e+01   1.6504904e+02
  -1.6500000e+02  -1.2923266e+02  -6.5650566e+00   4.5667644e+01  -1.8379724e+02  -2.2424863e+01   1.6694830e+02
  -1.6500000e+02  -1.2881570e+02  -7.1381814e+00   4.6716912e+01  -1.8316017e+02  -2.1375379e+01   1.6975553e+02
  -1.6500000e+02  -1.2928280e+02  -7.6988753e+00   4.7291303e+01  -1.8184031e+02  -2.1043420e+01   1.7172051e+02
  -1.6500000e+02  -1.2870359e+02  -8.1194196e+00   4.7552163e+01  -1.8090498e+02  -2.0051078e+01   1.7430697e+02
  -1.6500000e+02  -1.2849994e+02  -8.7870027e+00   4.7848561e+01  -1.7885069e+02  -1.9013052e+01   1.7712691e+02
  -1.6500000e+02  -1.2954568e+02  -9.5858406e+00   4.7781056e+01  -1.7709963e+02  -1.8829939e+01   1.8033664e+02
  -1.6500000e+02  -1.2911500e+02  -1.1423162e+01   4.7313365e+01  -1.7305106e+02  -1.8210078e+01   1.8109597e+02
  -1.6500000e+02  -1.2860717e+02  -1.2791569e+01   4.7251573e+01  -1.6975953e+02  -1.7223441e+01   1.8251492e+02
  -1.6500000e+02  -1.2755056e+02  -1.3843490e+01   4.6492764e+01  -1.6638527e+02  -1.6652860e+01   1.8296720e+02
  -1.6500000e+02  -1.2626474e+02  -1.2783356e+01   4.4341128e+01  -1.6691708e+02  -1.7951526e+01   1.8531969e+02
  -1.6500000e+02  -1.2534313e+02  -1.2196895e+01   4.1639693e+01  -1.6866809e+02  -1.9722144e+01   1.8631590e+02
  -1.6500000e+02  -1.2448018e+02  -1.1154008e+01   3.9604623e+01  -1.7242669e+02  -2.1243807e+01   1.8684316e+02
  -1.6500000e+02  -1.2574071e+02  -9.8235904e+00   3.8064150e+01  -1.7697166e+02  -2.2263408e+01   1.7684597e+02
  -1.6500000e+02  -1.2747799e+02  -9.6504546e+00   3.6395042e+01  -1.8241941e+02  -2.4499713e+01   1.6952348e+02
  -1.6500000e+02  -1.3096513e+02  -9.5269203e+00   3.4323106e+01  -1.8825174e+02  -2.8100429e+01   1.6308104e+02
  -1.6500000e+02  -1.2955369e+02  -9.1501908e+00   3.4986444e+01  -1.9304579e+02  -3.0151511e+01   1.6030163e+02
  -1.6500000e+02  -1.3038061e+02  -8.9471356e+00   3.5289817e+01  -1.9891214e+02  -3.3076279e+01   1.5647090e+02
  -1.6500000e+02  -1.2920506e+02  -7.7196110e+00   3.7867073e+01  -2.0616196e+02  -3.4572099e+01   1.5393442e+02
  -1.6500000e+02  -1.2861141e+02  -7.6933633e+00   4.0363527e+01  -2.1151170e+02  -3.6568252e+01   1.5115885e+02
  -1.6500000e+02  -1.3072273e+02  -7.7837807e+00   4.0732686e+01  -2.1488514e+02  -3.8620890e+01   1.4895981e+02
  -1.6500000e+02  -1.3134750e+02  -6.6968627e+00   4.1265182e+01  -2.1516175e+02  -3.8231332e+01   1.4484455e+02
  -1.6500000e+02  -1.3260015e+02  -4.5035004e+00   4.1953061e+01  -2.1352983e+02  -3.7345217e+01   1.4118426e+02
  -1.6500000e+02  -1.3475929e+02  -3.8250193e+00   4.1581752e+01  -2.1209638e+02  -3.7558598e+01   1.3828517e+02
  -1.6500000e+02  -1.3469984e+02  -4.1059526e+00   4.0669892e+01  -2.0983902e+02  -3.7423401e+01   1.3694159e+02
  -1.6500000e+02  -1.3632119e+02  -4.7399338e+00   3.9003995e+01  -2.0766647e+02  -3.8220774e+01   1.3479708e+02
  -1.6500000e+02  -1.3746708e+02  -5.2198556e+00   3.7087887e+01  -2.0578062e+02  -3.8684210e+01   1.3316701e+02
  -1.6500000e+02  -1.3653498e+02  -5.3702654e+00   3.5919728e+01  -2.0362626e+02  -3.7152826e+01   1.3252687e+02
  -1.6500000e+02  -1.3610043e+02  -5.3636238e+00   3.4839819e+01  -2.0213263e+02  -3.6124826e+01   1.3236911e+02
  -1.6500000e+02  -1.3607675e+02  -5.5323525e+00   3.5221581e+01  -2.0055679e+02  -3.6752286e+01   1.3187915e+02
  -1.6500000e+02  -1.3856151e+02  -6.3560951e+00   3.4268397e+01  -1.9873916e+02  -3.8383719e+01   1.3227653e+02
  -1.6500000e+02  -1.3878630e+02  -6.5016949e+00   3.3349785e+01  -1.9682605e+02  -3.7685573e+01   1.3236667e+02
  -1.6500000e+02  -1.4392616e+02  -8.0248754e+00   2.9333194e+01  -1.9600811e+02  -3.8741169e+01   1.3263330e+02
  -1.6500000e+02  -1.4687268e+02  -8.8036831e+00   2.5837264e+01  -1.9510632e+02  -3.7994781e+01   1.3291070e+02
  -1.6500000e+02  -1.4309930e+02  -8.4355514e+00   2.6757669e+01  -1.9305138e+02  -3.4330539e+01   1.3288412e+02
  -1.6500000e+02  -1.4446280e+02  -9.0139223e+00   2.6012554e+01  -1.9157890e+02  -3.4273391e+01   1.3436459e+02
  -1.6500000e+02  -1.4193438e+02  -8.1505672e+00   2.7661122e+01  -1.8976262e+02  -3.2145008e+01   1.3578381e+02
  -1.6500000e+02  -1.3996762e+02  -7.8791737e+00   2.9248646e+01  -1.8867389e+02  -3.0810778e+01   1.3782618e+02
  -1.6500000e+02  -1.3941401e+02  -7.9931858e+00   3.0708483e+01  -1.8755753e+02  -3.0667342e+01   1.4032058e+02
  -1.6500000e+02  -1.3658519e+02  -6.9398023e+00   3.3173588e+01  -1.8614500e+02  -2.8440788e+01   1.4253516e+02
  -1.6500000e+02  -1.3330942e+02  -6.4744846e+00   3.5549851e+01  -1.8566685e+02  -2.6281448e+01   1.4591725e+02
  -1.6500000e+02  -1.3162555e+02  -5.7871616e+00   3.7386993e+01  -1.8523167e+02  -2.5092625e+01   1.4936574e+02
  -1.6500000e+02  -1.3138823e+02  -5.7863996e+00   3.8769742e+01  -1.8519788e+02  -2.4633131e+01   1.5267603e+02
  -1.6500000e+02  -1.3149429e+02  -6.2469673e+00   3.9365842e+01  -1.8483476e+02  -2.3810943e+01   1.5555933e+02
  -1.6500000e+02  -1.3157630e+02  -6.7329552e+00   3.9907962e+01  -1.8435793e+02  -2.3169069e+01   1.5899901e+02
  -1.6500000e+02  -1.3012804e+02  -6.4635702e+00   4.1510353e+01  -1.8422044e+02  -2.2068661e+01   1.6237371e+02
  -1.6500000e+02  -1.2970700e+02  -6.3713834e+00   4.2782733e+01  -1.8338832e+02  -2.1143573e+01   1.6426091e+02
  -1.6500000e+02  -1.3033530e+02  -7.5463217e+00   4.3742809e+01  -1.8272920e+02  -2.1171521e+01   1.6669388e+02
  -1.6500000e+02  -1.3129082e+02  -7.6572509e+00   4.4460770e+01  -1.8156106e+02  -2.1162491e+01   1.6930731e+02
  -1.6500000e+02  -1.3059575e+02  -7.5108557e+00   4.5130881e+01  -1.8035714e+02  -1.9993674e+01   1.7252519e+02
  -1.6500000e+02  -1.2814701e+02  -7.3851814e+00   4.6553893e+01  -1.7896889e+02  -1.7696231e+01   1.7334129e+02
  -1.6500000e+02  -1.2682169e+02  -7.2440001e+00   4.8520509e+01  -1.7773632e+02  -1.7485014e+01   1.7546226e+02
  -1.6500000e+02  -1.2577754e+02  -7.0584207e+00   5.0231374e+01  -1.7685619e+02  -1.7497667e+01   1.7697025e+02
  -1.6500000e+02  -1.2673659e+02  -8.6899637e+00   4.9802000e+01  -1.7439565e+02  -1.8359744e+01   1.7629624e+02
  -1.6500000e+02  -1.2759353e+02  -9.8711533e+00   4.9355478e+01  -1.7252563e+02  -1.9009654e+01   1.7511834e+02
