  -1.4517060e+01  -3.1041283e+02   2.4373471e+00   1.3377576e+02  -1.5778238e+01   3.4090952e+01   1.5014637e+02
  -1.5444905e+01  -2.9642345e+02   1.9045682e+00   1.3270944e+02  -1.5732925e+01   2.9103000e+01   1.5265620e+02
  -1.6372751e+01  -2.8243407e+02   1.3717894e+00   1.3164312e+02  -1.5687613e+01   2.4115049e+01   1.5516604e+02
  -1.7300597e+01  -2.6844469e+02   8.3901053e-01   1.3057679e+02  -1.5642300e+01   1.9127097e+01   1.5767588e+02
  -1.8228443e+01  -2.5445531e+02   3.0623169e-01   1.2951047e+02  -1.5596987e+01   1.4139146e+01   1.6018571e+02
  -1.9156288e+01  -2.4046593e+02  -2.2654715e-01   1.2844415e+02  -1.5551675e+01   9.1511944e+00   1.6269555e+02
  -2.0084134e+01  -2.2647654e+02  -7.5932599e-01   1.2737782e+02  -1.5506362e+01   4.1632429e+00   1.6520539e+02
  -2.1011980e+01  -2.1248716e+02  -1.2921048e+00   1.2631150e+02  -1.5461049e+01  -8.2470858e-01   1.6771522e+02
  -2.1939826e+01  -1.9849778e+02  -1.8248837e+00   1.2524518e+02  -1.5415737e+01  -5.8126601e+00   1.7022506e+02
  -2.2867671e+01  -1.8450840e+02  -2.3576625e+00   1.2417885e+02  -1.5370424e+01  -1.0800612e+01   1.7273490e+02
  -2.3795517e+01  -1.7051902e+02  -2.8904414e+00   1.2311253e+02  -1.5325112e+01  -1.5788563e+01   1.7524473e+02
  -2.4723363e+01  -1.5652964e+02  -3.4232202e+00   1.2204621e+02  -1.5279799e+01  -2.0776515e+01   1.7775457e+02
  -2.5651209e+01  -1.4254026e+02  -3.9559990e+00   1.2097989e+02  -1.5234486e+01  -2.5764466e+01   1.8026441e+02
  -3.7322635e+01  -1.3300000e+02   6.0000000e+00   1.0896391e+02  -3.6991853e+00  -3.7932247e+01   1.6821421e+02
  -4.8118926e+01  -1.3300000e+02   6.0000000e+00   9.7482012e+01   8.1888989e+00  -4.9567174e+01   1.5736546e+02
  -5.6020513e+01  -1.3300000e+02   6.0000000e+00   8.8377639e+01   2.0187932e+01  -5.8863750e+01   1.5072831e+02
  -5.9562531e+01  -1.3300000e+02   6.0000000e+00   8.2855786e+01   3.2057905e+01  -6.4261084e+01   1.4819135e+02
  -6.1410120e+01  -1.3300000e+02   6.0000000e+00   8.0195913e+01   4.3793421e+01  -6.6058256e+01   1.5172689e+02
  -7.0364636e+01  -1.3300000e+02   6.0000000e+00   8.2707872e+01   5.5245925e+01  -6.1141169e+01   1.5815800e+02
  -8.1213303e+01  -1.3300000e+02   6.0000000e+00   8.4280988e+01   6.5742597e+01  -5.6680199e+01   1.6598983e+02
  -9.2616007e+01  -1.3300000e+02   6.0000000e+00   8.2834272e+01   7.4581976e+01  -5.4227650e+01   1.7284990e+02
  -1.0370373e+02  -1.3300000e+02   6.0000000e+00   8.0613880e+01   8.2547677e+01  -5.2193474e+01   1.7556924e+02
  -1.1366405e+02  -1.3300000e+02   6.0000000e+00   7.7727102e+01   8.9807299e+01  -5.0777854e+01   1.7537715e+02
  -1.2214888e+02  -1.3300000e+02   6.0000000e+00   7.3171862e+01   9.6340484e+01  -5.0942222e+01   1.7202007e+02
  -1.2864914e+02  -1.3300000e+02   6.0000000e+00   6.8146295e+01   1.0305957e+02  -5.1688369e+01   1.6835373e+02
  -1.3419452e+02  -1.3300000e+02   6.0000000e+00   6.3471955e+01   1.1073010e+02  -5.2272036e+01   1.6702903e+02
  -1.4019114e+02  -1.3300000e+02   6.0000000e+00   5.9513426e+01   1.1852760e+02  -5.2026865e+01   1.6600373e+02
  -1.4730602e+02  -1.3300000e+02   6.0000000e+00   5.7138791e+01   1.2644157e+02  -4.9991429e+01   1.6476025e+02
  -1.5350323e+02  -1.3300000e+02   6.0000000e+00   5.5032721e+01   1.3380745e+02  -4.6133199e+01   1.6240388e+02
  -1.5836109e+02  -1.3300000e+02   6.0000000e+00   5.3424374e+01   1.4007498e+02  -4.1574424e+01   1.5666838e+02
  -1.6014487e+02  -1.3300000e+02   6.0000000e+00   4.9778888e+01   1.4608257e+02  -3.9462314e+01   1.5291696e+02
  -1.6099671e+02  -1.3300000e+02   6.0000000e+00   4.6985019e+01   1.5036431e+02  -3.8309015e+01   1.4983119e+02
  -1.6111215e+02  -1.3300000e+02   6.0000000e+00   4.5499423e+01   1.5380984e+02  -3.7529781e+01   1.4784683e+02
  -1.6034312e+02  -1.3300000e+02   6.0000000e+00   4.4632371e+01   1.5572120e+02  -3.7644250e+01   1.4679409e+02
  -1.5980692e+02  -1.3300000e+02   6.0000000e+00   4.3929594e+01   1.5740491e+02  -3.7698231e+01   1.4533934e+02
  -1.5973397e+02  -1.3300000e+02   6.0000000e+00   4.4898331e+01   1.5925401e+02  -3.8505689e+01   1.4493665e+02
  -1.6022763e+02  -1.3300000e+02   6.0000000e+00   4.5883583e+01   1.6084848e+02  -3.9292871e+01   1.4540261e+02
  -1.5985837e+02  -1.3300000e+02   6.0000000e+00   4.7184848e+01   1.6156872e+02  -4.0258436e+01   1.4637810e+02
  -1.5903533e+02  -1.3300000e+02   6.0000000e+00   4.7780951e+01   1.6113365e+02  -4.0561919e+01   1.4783515e+02
  -1.5861619e+02  -1.3300000e+02   6.0000000e+00   4.7720103e+01   1.6083811e+02  -3.9920077e+01   1.5097110e+02
  -1.5874771e+02  -1.3300000e+02   6.0000000e+00   4.6870949e+01   1.6082755e+02  -3.8249630e+01   1.5363663e+02
  -1.5895155e+02  -1.3300000e+02   6.0000000e+00   4.6691611e+01   1.6099001e+02  -3.6203110e+01   1.5564543e+02
  -1.5878915e+02  -1.3300000e+02   6.0000000e+00   4.5627841e+01   1.6119428e+02  -3.3530931e+01   1.5887192e+02
  -1.5877541e+02  -1.3300000e+02   6.0000000e+00   4.5215301e+01   1.6164908e+02  -3.1551522e+01   1.6251546e+02
  -1.5895863e+02  -1.3300000e+02   6.0000000e+00   4.4999000e+01   1.6188469e+02  -2.9222809e+01   1.6410637e+02
  -1.5822584e+02  -1.3300000e+02   6.0000000e+00   4.4747080e+01   1.6158197e+02  -2.7325798e+01   1.6757736e+02
  -1.5771350e+02  -1.3300000e+02   6.0000000e+00   4.4377307e+01   1.6119475e+02  -2.5544436e+01   1.6984370e+02
  -1.5782587e+02  -1.3300000e+02   6.0000000e+00   4.4501796e+01   1.6158279e+02  -2.3926338e+01   1.7252867e+02
  -1.5590546e+02  -1.3300000e+02   6.0000000e+00   4.6309804e+01   1.6014134e+02  -2.3581234e+01   1.7542336e+02
  -1.5523473e+02  -1.3300000e+02   6.0000000e+00   4.8740664e+01   1.5938035e+02  -2.3599216e+01   1.7829547e+02
  -1.5445838e+02  -1.3300000e+02   6.0000000e+00   4.9848165e+01   1.5860835e+02  -2.3082402e+01   1.8070827e+02
  -1.5421339e+02  -1.3300000e+02   6.0000000e+00   5.0166605e+01   1.5886566e+02  -2.1174170e+01   1.8236508e+02
  -1.5478492e+02  -1.3300000e+02   6.0000000e+00   5.0526341e+01   1.6055938e+02  -1.9590682e+01   1.8483873e+02
  -1.5446902e+02  -1.3300000e+02   6.0000000e+00   5.1357458e+01   1.6150796e+02  -1.9190458e+01   1.8809516e+02
  -1.5441907e+02  -1.3300000e+02   6.0000000e+00   5.2334861e+01   1.6335544e+02  -1.8897802e+01   1.8861070e+02
  -1.5335260e+02  -1.3300000e+02   6.0000000e+00   5.6446732e+01   1.6377945e+02  -2.1085431e+01   1.8921346e+02
  -1.5189573e+02  -1.3300000e+02   6.0000000e+00   5.8953252e+01   1.6280214e+02  -2.1998596e+01   1.9154263e+02
  -1.5119206e+02  -1.3300000e+02   6.0000000e+00   6.2161878e+01   1.6400082e+02  -2.2620514e+01   1.9260085e+02
  -1.5096264e+02  -1.3300000e+02   6.0000000e+00   6.4930205e+01   1.6574173e+02  -2.3750092e+01   1.9455162e+02
  -1.4963095e+02  -1.3300000e+02   6.0000000e+00   6.2226108e+01   1.7079429e+02  -2.5065039e+01   1.9334179e+02
  -1.4792976e+02  -1.3300000e+02   6.0000000e+00   5.6856698e+01   1.7295818e+02  -2.7587901e+01   1.9106913e+02
  -1.4667300e+02  -1.3300000e+02   6.0000000e+00   5.1020869e+01   1.7282700e+02  -2.9307153e+01   1.8957247e+02
  -1.4634072e+02  -1.3300000e+02   6.0000000e+00   4.7248316e+01   1.7283728e+02  -3.0658636e+01   1.8954687e+02
  -1.4670469e+02  -1.3300000e+02   6.0000000e+00   4.3889703e+01   1.7201354e+02  -3.1596022e+01   1.8430148e+02
  -1.4779155e+02  -1.3300000e+02   6.0000000e+00   4.2256666e+01   1.6815004e+02  -3.2542863e+01   1.7825388e+02
  -1.4955217e+02  -1.3300000e+02   6.0000000e+00   4.2705891e+01   1.6484390e+02  -3.5270219e+01   1.7552077e+02
  -1.5076883e+02  -1.3300000e+02   6.0000000e+00   4.3260799e+01   1.6218381e+02  -3.7928707e+01   1.7042501e+02
  -1.5329199e+02  -1.3300000e+02   6.0000000e+00   4.3152269e+01   1.6015207e+02  -4.0359376e+01   1.6672708e+02
  -1.5589875e+02  -1.3300000e+02   6.0000000e+00   4.2584691e+01   1.5859983e+02  -4.2818497e+01   1.6390277e+02
  -1.5749321e+02  -1.3300000e+02   6.0000000e+00   4.2794110e+01   1.5534568e+02  -4.4336513e+01   1.6040550e+02
  -1.5883090e+02  -1.3300000e+02   6.0000000e+00   4.2996606e+01   1.5228915e+02  -4.5696468e+01   1.5886926e+02
  -1.6065133e+02  -1.3300000e+02   6.0000000e+00   4.4540915e+01   1.4800640e+02  -4.4622958e+01   1.5788639e+02
  -1.6206037e+02  -1.3300000e+02   6.0000000e+00   4.7532834e+01   1.4664971e+02  -4.2397666e+01   1.5144866e+02
  -1.6286661e+02  -1.3300000e+02   6.0000000e+00   4.9273088e+01   1.4760105e+02  -4.0297788e+01   1.4585044e+02
  -1.6265926e+02  -1.3300000e+02   6.0000000e+00   4.8389704e+01   1.4925164e+02  -4.0623461e+01   1.4382367e+02
  -1.6254063e+02  -1.3300000e+02   6.0000000e+00   4.7407233e+01   1.5102330e+02  -4.1027658e+01   1.4243911e+02
  -1.6235711e+02  -1.3300000e+02   6.0000000e+00   4.6673370e+01   1.5273630e+02  -4.1207256e+01   1.4122372e+02
  -1.6150034e+02  -1.3300000e+02   6.0000000e+00   4.5802347e+01   1.5361839e+02  -4.0912067e+01   1.4076269e+02
  -1.6101720e+02  -1.3300000e+02   6.0000000e+00   4.4964867e+01   1.5429613e+02  -4.0565174e+01   1.4037524e+02
  -1.6047146e+02  -1.3300000e+02   6.0000000e+00   4.4508789e+01   1.5504775e+02  -3.9877608e+01   1.3984967e+02
  -1.5997224e+02  -1.3300000e+02   6.0000000e+00   4.4100033e+01   1.5580844e+02  -3.9283202e+01   1.4018159e+02
  -1.5947301e+02  -1.3300000e+02   6.0000000e+00   4.3691278e+01   1.5656913e+02  -3.8688796e+01   1.4051350e+02
  -1.5903918e+02  -1.3300000e+02   6.0000000e+00   4.3074094e+01   1.5727572e+02  -3.8260746e+01   1.4053563e+02
  -1.5907923e+02  -1.3300000e+02   6.0000000e+00   4.3662096e+01   1.5879277e+02  -3.8309715e+01   1.4106429e+02
  -1.5865356e+02  -1.3300000e+02   6.0000000e+00   4.3163098e+01   1.5943914e+02  -3.7594861e+01   1.4163332e+02
  -1.5872693e+02  -1.3300000e+02   6.0000000e+00   4.3638177e+01   1.6085419e+02  -3.7181741e+01   1.4305580e+02
  -1.5863418e+02  -1.3300000e+02   6.0000000e+00   4.4289226e+01   1.6191216e+02  -3.7095993e+01   1.4478693e+02
  -1.5820808e+02  -1.3300000e+02   6.0000000e+00   4.6177821e+01   1.6231722e+02  -3.7051149e+01   1.4639688e+02
  -1.5828745e+02  -1.3300000e+02   6.0000000e+00   4.6393366e+01   1.6356883e+02  -3.5981509e+01   1.4811008e+02
  -1.5779716e+02  -1.3300000e+02   6.0000000e+00   4.5307892e+01   1.6335570e+02  -3.4312671e+01   1.5023048e+02
  -1.5678832e+02  -1.3300000e+02   6.0000000e+00   4.3271325e+01   1.6332334e+02  -3.1014240e+01   1.5274559e+02
  -1.5665771e+02  -1.3300000e+02   6.0000000e+00   4.2886218e+01   1.6422346e+02  -2.8807869e+01   1.5673208e+02
  -1.5583313e+02  -1.3300000e+02   6.0000000e+00   4.3160830e+01   1.6448431e+02  -2.7412116e+01   1.5977783e+02
  -1.5442572e+02  -1.3300000e+02   6.0000000e+00   4.4128485e+01   1.6393786e+02  -2.6077412e+01   1.6294784e+02
  -1.5365257e+02  -1.3300000e+02   6.0000000e+00   4.5541749e+01   1.6440313e+02  -2.5397229e+01   1.6500351e+02
  -1.5273951e+02  -1.3300000e+02   6.0000000e+00   4.7901173e+01   1.6419662e+02  -2.5666220e+01   1.6752948e+02
  -1.5227748e+02  -1.3300000e+02   6.0000000e+00   4.9560616e+01   1.6527394e+02  -2.5561831e+01   1.7024350e+02
  -1.5175129e+02  -1.3300000e+02   6.0000000e+00   5.0215304e+01   1.6573818e+02  -2.4242290e+01   1.7193670e+02
  -1.5135862e+02  -1.3300000e+02   6.0000000e+00   5.0802180e+01   1.6635569e+02  -2.2950623e+01   1.7473983e+02
  -1.5106076e+02  -1.3300000e+02   6.0000000e+00   5.1451555e+01   1.6854040e+02  -2.1483448e+01   1.7850041e+02
  -1.5103657e+02  -1.3300000e+02   6.0000000e+00   5.2540744e+01   1.6951841e+02  -1.9895418e+01   1.8222632e+02
  -1.4843850e+02  -1.3300000e+02   6.0000000e+00   5.3460997e+01   1.7415046e+02  -1.9214446e+01   1.8215419e+02
  -1.4787084e+02  -1.3300000e+02   6.0000000e+00   5.5061760e+01   1.7666207e+02  -1.9341960e+01   1.8142770e+02
  -1.4723715e+02  -1.3300000e+02   6.0000000e+00   5.3225626e+01   1.7791664e+02  -2.1599603e+01   1.8006456e+02
  -1.4603306e+02  -1.3300000e+02   6.0000000e+00   4.8884760e+01   1.7758200e+02  -2.5302460e+01   1.7894194e+02
  -1.4619437e+02  -1.3300000e+02   6.0000000e+00   4.5553738e+01   1.7667025e+02  -2.8467852e+01   1.7937016e+02
  -1.4734240e+02  -1.3300000e+02   6.0000000e+00   4.2714265e+01   1.7495378e+02  -3.0950379e+01   1.7606893e+02
  -1.4917826e+02  -1.3300000e+02   6.0000000e+00   4.0806692e+01   1.7184507e+02  -3.2917047e+01   1.7209017e+02
  -1.5202745e+02  -1.3300000e+02   6.0000000e+00   4.0516454e+01   1.6751462e+02  -3.4942123e+01   1.6556219e+02
  -1.5426868e+02  -1.3300000e+02   6.0000000e+00   3.9932392e+01   1.6376701e+02  -3.7604119e+01   1.6007922e+02
  -1.5660901e+02  -1.3300000e+02   6.0000000e+00   3.9465114e+01   1.6023841e+02  -4.0283092e+01   1.5649010e+02
  -1.5790435e+02  -1.3300000e+02   6.0000000e+00   3.9463143e+01   1.5761039e+02  -4.2442358e+01   1.5413041e+02
  -1.5940148e+02  -1.3300000e+02   6.0000000e+00   3.9737681e+01   1.5556072e+02  -4.4347037e+01   1.5362557e+02
  -1.6002360e+02  -1.3300000e+02   6.0000000e+00   4.0496148e+01   1.5418451e+02  -4.5758765e+01   1.5187302e+02
  -1.6022487e+02  -1.3300000e+02   6.0000000e+00   4.1703102e+01   1.5329389e+02  -4.6709864e+01   1.4995536e+02
  -1.6131127e+02  -1.3300000e+02   6.0000000e+00   4.3589215e+01   1.5321755e+02  -4.5448440e+01   1.4852371e+02
  -1.6181816e+02  -1.3300000e+02   6.0000000e+00   4.6185220e+01   1.5311716e+02  -4.3351179e+01   1.4400728e+02
  -1.6187823e+02  -1.3300000e+02   6.0000000e+00   4.6910507e+01   1.5357503e+02  -4.2733914e+01   1.4139276e+02
  -1.6150136e+02  -1.3300000e+02   6.0000000e+00   4.6473283e+01   1.5495466e+02  -4.2561851e+01   1.4020867e+02
  -1.6055721e+02  -1.3300000e+02   6.0000000e+00   4.5563882e+01   1.5581449e+02  -4.2342217e+01   1.3905765e+02
  -1.5963997e+02  -1.3300000e+02   6.0000000e+00   4.4997644e+01   1.5674281e+02  -4.1891923e+01   1.3813612e+02
  -1.5888800e+02  -1.3300000e+02   6.0000000e+00   4.4462718e+01   1.5772521e+02  -4.1589648e+01   1.3795409e+02
  -1.5873476e+02  -1.3300000e+02   6.0000000e+00   4.5667862e+01   1.5932552e+02  -4.2229788e+01   1.3723831e+02
  -1.5838365e+02  -1.3300000e+02   6.0000000e+00   4.6798331e+01   1.6074080e+02  -4.3019788e+01   1.3722101e+02
  -1.5697562e+02  -1.3300000e+02   6.0000000e+00   4.8142212e+01   1.6099117e+02  -4.3704019e+01   1.3672725e+02
  -1.5637717e+02  -1.3300000e+02   6.0000000e+00   4.8716740e+01   1.6181709e+02  -4.4047067e+01   1.3809960e+02
  -1.5572032e+02  -1.3300000e+02   6.0000000e+00   4.9064552e+01   1.6247471e+02  -4.4377790e+01   1.3831843e+02
  -1.5529070e+02  -1.3300000e+02   6.0000000e+00   4.9881975e+01   1.6293581e+02  -4.4251500e+01   1.3830174e+02
  -1.5466170e+02  -1.3300000e+02   6.0000000e+00   5.0638165e+01   1.6325328e+02  -4.4307250e+01   1.3999380e+02
  -1.5415268e+02  -1.3300000e+02   6.0000000e+00   5.1291023e+01   1.6349511e+02  -4.4449643e+01   1.4176811e+02
  -1.5374504e+02  -1.3300000e+02   6.0000000e+00   5.0169017e+01   1.6357387e+02  -4.2719468e+01   1.4299160e+02
  -1.5442521e+02  -1.3300000e+02   6.0000000e+00   4.9123058e+01   1.6466431e+02  -4.0463995e+01   1.4485508e+02
  -1.5425112e+02  -1.3300000e+02   6.0000000e+00   4.7492214e+01   1.6526308e+02  -3.7988009e+01   1.4731582e+02
  -1.5433258e+02  -1.3300000e+02   6.0000000e+00   4.6113128e+01   1.6587295e+02  -3.5366356e+01   1.4852603e+02
  -1.5494374e+02  -1.3300000e+02   6.0000000e+00   4.4863785e+01   1.6695093e+02  -3.2473716e+01   1.5118446e+02
  -1.5513201e+02  -1.3300000e+02   6.0000000e+00   4.4491894e+01   1.6811628e+02  -3.0835695e+01   1.5275454e+02
  -1.5460093e+02  -1.3300000e+02   6.0000000e+00   4.6435980e+01   1.6846732e+02  -3.0684765e+01   1.5613471e+02
  -1.5330099e+02  -1.3300000e+02   6.0000000e+00   4.7841617e+01   1.6760263e+02  -2.9875546e+01   1.5890026e+02
  -1.5206733e+02  -1.3300000e+02   6.0000000e+00   4.9806612e+01   1.6625486e+02  -2.9673065e+01   1.6123546e+02
  -1.5234145e+02  -1.3300000e+02   6.0000000e+00   5.1169712e+01   1.6694436e+02  -2.9472284e+01   1.6370287e+02
  -1.5136537e+02  -1.3300000e+02   6.0000000e+00   5.0972231e+01   1.6660511e+02  -2.7677886e+01   1.6755753e+02
  -1.5126378e+02  -1.3300000e+02   6.0000000e+00   5.1873055e+01   1.6710604e+02  -2.6531860e+01   1.7048462e+02
  -1.5139516e+02  -1.3300000e+02   6.0000000e+00   5.2683364e+01   1.6750224e+02  -2.5401668e+01   1.7249687e+02
  -1.5121694e+02  -1.3300000e+02   6.0000000e+00   5.3421050e+01   1.6819212e+02  -2.4351297e+01   1.7619951e+02
  -1.5150733e+02  -1.3300000e+02   6.0000000e+00   5.3576295e+01   1.7011772e+02  -2.2852197e+01   1.7914372e+02
  -1.4844350e+02  -1.3300000e+02   6.0000000e+00   5.5017398e+01   1.7527619e+02  -2.0570118e+01   1.7924960e+02
  -1.4757006e+02  -1.3300000e+02   6.0000000e+00   5.5653720e+01   1.7761214e+02  -2.0111771e+01   1.7933793e+02
  -1.4681865e+02  -1.3300000e+02   6.0000000e+00   5.7339332e+01   1.7963003e+02  -2.0330270e+01   1.7806961e+02
  -1.4646160e+02  -1.3300000e+02   6.0000000e+00   5.3283757e+01   1.8062591e+02  -2.2592426e+01   1.7789445e+02
  -1.4576288e+02  -1.3300000e+02   6.0000000e+00   5.0021764e+01   1.8151089e+02  -2.4387349e+01   1.7769764e+02
  -1.4592467e+02  -1.3300000e+02   6.0000000e+00   4.6892883e+01   1.8165989e+02  -2.6056275e+01   1.7846418e+02
  -1.4652741e+02  -1.3300000e+02   6.0000000e+00   4.4459400e+01   1.8011078e+02  -2.8045704e+01   1.7609160e+02
  -1.4788801e+02  -1.3300000e+02   6.0000000e+00   4.2654267e+01   1.7584397e+02  -2.9942897e+01   1.7202545e+02
  -1.4904647e+02  -1.3300000e+02   6.0000000e+00   4.2526205e+01   1.7214191e+02  -3.1800406e+01   1.6734866e+02
  -1.4944757e+02  -1.3300000e+02   6.0000000e+00   4.2365994e+01   1.6812975e+02  -3.4001141e+01   1.6285025e+02
  -1.5072542e+02  -1.3300000e+02   6.0000000e+00   4.2705712e+01   1.6497627e+02  -3.7143978e+01   1.5974895e+02
  -1.5171000e+02  -1.3300000e+02   6.0000000e+00   4.2076460e+01   1.6146497e+02  -4.0534154e+01   1.5723575e+02
  -1.5502545e+02  -1.3300000e+02   6.0000000e+00   4.2129923e+01   1.5735203e+02  -4.2451813e+01   1.5421120e+02
  -1.5776632e+02  -1.3300000e+02   6.0000000e+00   4.1436350e+01   1.5490115e+02  -4.4052602e+01   1.5247934e+02
  -1.5923729e+02  -1.3300000e+02   6.0000000e+00   4.1225043e+01   1.5290128e+02  -4.5155043e+01   1.5149485e+02
  -1.6022770e+02  -1.3300000e+02   6.0000000e+00   4.1848305e+01   1.5092533e+02  -4.5510503e+01   1.4964557e+02
  -1.6091284e+02  -1.3300000e+02   6.0000000e+00   4.3408614e+01   1.4938249e+02  -4.4696224e+01   1.4656646e+02
  -1.6126789e+02  -1.3300000e+02   6.0000000e+00   4.5561911e+01   1.4824052e+02  -4.1637601e+01   1.4464331e+02
  -1.6190619e+02  -1.3300000e+02   6.0000000e+00   4.6644183e+01   1.4784869e+02  -3.9274630e+01   1.4349638e+02
  -1.6180115e+02  -1.3300000e+02   6.0000000e+00   4.6178919e+01   1.4905914e+02  -3.8751030e+01   1.4320932e+02
  -1.6152173e+02  -1.3300000e+02   6.0000000e+00   4.5066644e+01   1.5038407e+02  -3.8783972e+01   1.4196715e+02
  -1.6079400e+02  -1.3300000e+02   6.0000000e+00   4.4107071e+01   1.5190795e+02  -3.8848292e+01   1.3980875e+02
  -1.6006229e+02  -1.3300000e+02   6.0000000e+00   4.4230293e+01   1.5265113e+02  -3.9769746e+01   1.3837348e+02
  -1.5950338e+02  -1.3300000e+02   6.0000000e+00   4.4271980e+01   1.5336206e+02  -4.0831657e+01   1.3699713e+02
  -1.5918929e+02  -1.3300000e+02   6.0000000e+00   4.4698133e+01   1.5412291e+02  -4.1857776e+01   1.3598799e+02
  -1.5915394e+02  -1.3300000e+02   6.0000000e+00   4.5268192e+01   1.5478149e+02  -4.2729175e+01   1.3485774e+02
  -1.5892839e+02  -1.3300000e+02   6.0000000e+00   4.5988779e+01   1.5555580e+02  -4.3497659e+01   1.3414464e+02
  -1.5919499e+02  -1.3300000e+02   6.0000000e+00   4.6744865e+01   1.5625131e+02  -4.4291196e+01   1.3376942e+02
  -1.5847495e+02  -1.3300000e+02   6.0000000e+00   4.6783035e+01   1.5608898e+02  -4.4935205e+01   1.3296894e+02
  -1.5866312e+02  -1.3300000e+02   6.0000000e+00   4.7967053e+01   1.5687383e+02  -4.5707447e+01   1.3262023e+02
  -1.5843427e+02  -1.3300000e+02   6.0000000e+00   4.8517701e+01   1.5765346e+02  -4.6883725e+01   1.3205685e+02
  -1.5849995e+02  -1.3300000e+02   6.0000000e+00   4.9633431e+01   1.5829228e+02  -4.7525166e+01   1.3245324e+02
  -1.5809980e+02  -1.3300000e+02   6.0000000e+00   5.0688959e+01   1.5883096e+02  -4.8181785e+01   1.3246053e+02
  -1.5800680e+02  -1.3300000e+02   6.0000000e+00   5.1609388e+01   1.5912406e+02  -4.8863447e+01   1.3254846e+02
  -1.5754737e+02  -1.3300000e+02   6.0000000e+00   5.1856665e+01   1.5939873e+02  -4.8509528e+01   1.3358388e+02
  -1.5696980e+02  -1.3300000e+02   6.0000000e+00   5.1751017e+01   1.5970550e+02  -4.8267496e+01   1.3319030e+02
  -1.5682419e+02  -1.3300000e+02   6.0000000e+00   5.1730549e+01   1.5988514e+02  -4.7923583e+01   1.3361182e+02
  -1.5668192e+02  -1.3300000e+02   6.0000000e+00   5.1794267e+01   1.6010243e+02  -4.7520181e+01   1.3400273e+02
  -1.5628418e+02  -1.3300000e+02   6.0000000e+00   5.1846927e+01   1.6047927e+02  -4.7047976e+01   1.3505105e+02
  -1.5640372e+02  -1.3300000e+02   6.0000000e+00   5.2024116e+01   1.6058752e+02  -4.6552235e+01   1.3505290e+02
  -1.5715498e+02  -1.3300000e+02   6.0000000e+00   5.2848166e+01   1.6230444e+02  -4.6708643e+01   1.3674234e+02
  -1.5658872e+02  -1.3300000e+02   6.0000000e+00   5.3636528e+01   1.6258442e+02  -4.7209850e+01   1.3737481e+02
  -1.5609200e+02  -1.3300000e+02   6.0000000e+00   5.4362215e+01   1.6285438e+02  -4.7662690e+01   1.3760082e+02
  -1.5584370e+02  -1.3300000e+02   6.0000000e+00   5.5377836e+01   1.6307588e+02  -4.7974051e+01   1.3840750e+02
  -1.5641443e+02  -1.3300000e+02   6.0000000e+00   5.7238947e+01   1.6405716e+02  -4.8814456e+01   1.3968285e+02
  -1.5808856e+02  -1.3300000e+02   6.0000000e+00   5.6251406e+01   1.6625863e+02  -4.8256465e+01   1.4076194e+02
  -1.5821992e+02  -1.3300000e+02   6.0000000e+00   5.4214167e+01   1.6742571e+02  -4.5743999e+01   1.4153631e+02
  -1.5840773e+02  -1.3300000e+02   6.0000000e+00   5.0884025e+01   1.6840629e+02  -4.2024312e+01   1.4297184e+02
  -1.5806501e+02  -1.3300000e+02   6.0000000e+00   4.8264881e+01   1.6914197e+02  -3.8313301e+01   1.4457087e+02
  -1.5671022e+02  -1.3300000e+02   6.0000000e+00   4.6799417e+01   1.6870509e+02  -3.5652145e+01   1.4559188e+02
  -1.5546256e+02  -1.3300000e+02   6.0000000e+00   4.6701502e+01   1.6832522e+02  -3.3997893e+01   1.4668800e+02
  -1.5483466e+02  -1.3300000e+02   6.0000000e+00   4.6018433e+01   1.6812415e+02  -3.2495207e+01   1.4749094e+02
  -1.5387696e+02  -1.3300000e+02   6.0000000e+00   4.5767000e+01   1.6781159e+02  -3.1553201e+01   1.4883271e+02
  -1.5326052e+02  -1.3300000e+02   6.0000000e+00   4.5301612e+01   1.6785048e+02  -3.0367296e+01   1.5045741e+02
  -1.5308163e+02  -1.3300000e+02   6.0000000e+00   4.4391451e+01   1.6825342e+02  -2.8750860e+01   1.5156295e+02
  -1.5309600e+02  -1.3300000e+02   6.0000000e+00   4.3223158e+01   1.6922339e+02  -2.6976474e+01   1.5221234e+02
  -1.5265112e+02  -1.3300000e+02   6.0000000e+00   4.3062674e+01   1.6983310e+02  -2.5713069e+01   1.5395226e+02
  -1.5158087e+02  -1.3300000e+02   6.0000000e+00   4.3254367e+01   1.6987498e+02  -2.4909827e+01   1.5433187e+02
  -1.5118983e+02  -1.3300000e+02   6.0000000e+00   4.4062987e+01   1.7064306e+02  -2.4429827e+01   1.5550614e+02
  -1.5076568e+02  -1.3300000e+02   6.0000000e+00   4.4935557e+01   1.7142843e+02  -2.3978815e+01   1.5773867e+02
  -1.5020675e+02  -1.3300000e+02   6.0000000e+00   4.6197471e+01   1.7227120e+02  -2.3137883e+01   1.5853740e+02
  -1.4937190e+02  -1.3300000e+02   6.0000000e+00   4.6989651e+01   1.7324580e+02  -2.2664995e+01   1.6029384e+02
  -1.4867150e+02  -1.3300000e+02   6.0000000e+00   4.7369714e+01   1.7405811e+02  -2.2552056e+01   1.6140518e+02
  -1.4705406e+02  -1.3300000e+02   6.0000000e+00   4.6169867e+01   1.7516808e+02  -2.3900063e+01   1.6263936e+02
  -1.4708701e+02  -1.3300000e+02   6.0000000e+00   4.3330368e+01   1.7518414e+02  -2.6742533e+01   1.6218290e+02
  -1.4745271e+02  -1.3300000e+02   6.0000000e+00   4.0867100e+01   1.7499644e+02  -2.9281626e+01   1.6127294e+02
  -1.4775037e+02  -1.3300000e+02   6.0000000e+00   4.0374687e+01   1.7364115e+02  -3.2143132e+01   1.6155080e+02
  -1.4938329e+02  -1.3300000e+02   6.0000000e+00   4.0161410e+01   1.7032252e+02  -3.4062465e+01   1.6219727e+02
  -1.5173852e+02  -1.3300000e+02   6.0000000e+00   4.0219404e+01   1.6775733e+02  -3.6772652e+01   1.6338577e+02
  -1.5391149e+02  -1.3300000e+02   6.0000000e+00   4.0622986e+01   1.6506149e+02  -3.9219659e+01   1.6024859e+02
  -1.5740677e+02  -1.3300000e+02   6.0000000e+00   4.0363629e+01   1.6145476e+02  -4.1964611e+01   1.5997250e+02
  -1.5852468e+02  -1.3300000e+02   6.0000000e+00   4.0682975e+01   1.5842731e+02  -4.2960584e+01   1.5887270e+02
  -1.5940455e+02  -1.3300000e+02   6.0000000e+00   4.0967343e+01   1.5544647e+02  -4.3827329e+01   1.5870801e+02
  -1.6042628e+02  -1.3300000e+02   6.0000000e+00   4.2815414e+01   1.5214168e+02  -4.3049251e+01   1.5917253e+02
  -1.6153143e+02  -1.3300000e+02   6.0000000e+00   4.4741354e+01   1.5032728e+02  -4.0098600e+01   1.5689224e+02
  -1.6251784e+02  -1.3300000e+02   6.0000000e+00   4.7604306e+01   1.4974528e+02  -3.7072725e+01   1.5259470e+02
  -1.6250162e+02  -1.3300000e+02   6.0000000e+00   4.8152968e+01   1.5082462e+02  -3.6257170e+01   1.4959291e+02
  -1.6190123e+02  -1.3300000e+02   6.0000000e+00   4.6802171e+01   1.5284476e+02  -3.6420439e+01   1.4661630e+02
  -1.6140411e+02  -1.3300000e+02   6.0000000e+00   4.5752105e+01   1.5508743e+02  -3.6340068e+01   1.4511714e+02
  -1.6106662e+02  -1.3300000e+02   6.0000000e+00   4.4846199e+01   1.5713235e+02  -3.6086325e+01   1.4336281e+02
  -1.6019144e+02  -1.3300000e+02   6.0000000e+00   4.4207214e+01   1.5781586e+02  -3.6133914e+01   1.4271291e+02
  -1.5950537e+02  -1.3300000e+02   6.0000000e+00   4.3998542e+01   1.5845123e+02  -3.5979103e+01   1.4274608e+02
  -1.5911393e+02  -1.3300000e+02   6.0000000e+00   4.4965512e+01   1.5983414e+02  -3.6409064e+01   1.4261260e+02
  -1.5856217e+02  -1.3300000e+02   6.0000000e+00   4.5262688e+01   1.6104119e+02  -3.6487680e+01   1.4322447e+02
  -1.5728079e+02  -1.3300000e+02   6.0000000e+00   4.5960042e+01   1.6156621e+02  -3.6584648e+01   1.4437495e+02
  -1.5736215e+02  -1.3300000e+02   6.0000000e+00   4.6723067e+01   1.6240642e+02  -3.6499329e+01   1.4453879e+02
  -1.5733750e+02  -1.3300000e+02   6.0000000e+00   4.7739085e+01   1.6345235e+02  -3.6293297e+01   1.4577137e+02
  -1.5729647e+02  -1.3300000e+02   6.0000000e+00   4.7552778e+01   1.6402060e+02  -3.5137191e+01   1.4744503e+02
  -1.5632016e+02  -1.3300000e+02   6.0000000e+00   4.8809747e+01   1.6362221e+02  -3.5034539e+01   1.4903104e+02
  -1.5620224e+02  -1.3300000e+02   6.0000000e+00   4.9201416e+01   1.6403167e+02  -3.5053563e+01   1.5134583e+02
  -1.5637511e+02  -1.3300000e+02   6.0000000e+00   4.9899504e+01   1.6452347e+02  -3.4709433e+01   1.5320423e+02
  -1.5655697e+02  -1.3300000e+02   6.0000000e+00   4.9097526e+01   1.6539149e+02  -3.3447451e+01   1.5527209e+02
  -1.5565761e+02  -1.3300000e+02   6.0000000e+00   4.6237565e+01   1.6491484e+02  -3.0062280e+01   1.5725741e+02
  -1.5474675e+02  -1.3300000e+02   6.0000000e+00   4.5356747e+01   1.6447560e+02  -2.7385952e+01   1.5932909e+02
  -1.5466470e+02  -1.3300000e+02   6.0000000e+00   4.6221619e+01   1.6529895e+02  -2.6283267e+01   1.6264975e+02
  -1.5365390e+02  -1.3300000e+02   6.0000000e+00   4.7149691e+01   1.6487291e+02  -2.5149844e+01   1.6533392e+02
  -1.5315080e+02  -1.3300000e+02   6.0000000e+00   4.7862215e+01   1.6473071e+02  -2.4434746e+01   1.6727644e+02
  -1.5246643e+02  -1.3300000e+02   6.0000000e+00   4.9043332e+01   1.6423592e+02  -2.3583662e+01   1.7015211e+02
  -1.5198600e+02  -1.3300000e+02   6.0000000e+00   5.0427532e+01   1.6474498e+02  -2.3221027e+01   1.7201907e+02
  -1.5162765e+02  -1.3300000e+02   6.0000000e+00   5.0349176e+01   1.6508511e+02  -2.2192820e+01   1.7462983e+02
  -1.5148688e+02  -1.3300000e+02   6.0000000e+00   5.0629675e+01   1.6681065e+02  -2.0937125e+01   1.7729571e+02
  -1.5128373e+02  -1.3300000e+02   6.0000000e+00   5.2160391e+01   1.6829747e+02  -2.0806336e+01   1.8046421e+02
  -1.5010505e+02  -1.3300000e+02   6.0000000e+00   5.2919026e+01   1.7109618e+02  -2.0727628e+01   1.8096430e+02
  -1.4950908e+02  -1.3300000e+02   6.0000000e+00   5.3859888e+01   1.7358741e+02  -2.0390943e+01   1.8215932e+02
  -1.4874054e+02  -1.3300000e+02   6.0000000e+00   5.2813844e+01   1.7654048e+02  -1.9658937e+01   1.8244850e+02
  -1.4790682e+02  -1.3300000e+02   6.0000000e+00   4.9337396e+01   1.7790082e+02  -2.1153992e+01   1.8483226e+02
  -1.4660340e+02  -1.3300000e+02   6.0000000e+00   4.5682038e+01   1.7773134e+02  -2.2897850e+01   1.8594641e+02
  -1.4676469e+02  -1.3300000e+02   6.0000000e+00   4.2244616e+01   1.7676301e+02  -2.4482000e+01   1.8691332e+02
  -1.4911089e+02  -1.3300000e+02   6.0000000e+00   3.9920015e+01   1.7423912e+02  -2.4826917e+01   1.7743746e+02
  -1.5044977e+02  -1.3300000e+02   6.0000000e+00   3.8717926e+01   1.7075635e+02  -2.6775722e+01   1.7025711e+02
  -1.5125427e+02  -1.3300000e+02   6.0000000e+00   3.8715468e+01   1.6648348e+02  -2.9980302e+01   1.6379405e+02
  -1.5237417e+02  -1.3300000e+02   6.0000000e+00   3.8004300e+01   1.6371382e+02  -3.3184742e+01   1.6120125e+02
  -1.5431160e+02  -1.3300000e+02   6.0000000e+00   3.7673896e+01   1.6058018e+02  -3.5887517e+01   1.5755493e+02
  -1.5770046e+02  -1.3300000e+02   6.0000000e+00   3.7703381e+01   1.5673363e+02  -3.7996843e+01   1.5520508e+02
  -1.5970165e+02  -1.3300000e+02   6.0000000e+00   3.8108900e+01   1.5375993e+02  -3.9698339e+01   1.5261751e+02
  -1.6091352e+02  -1.3300000e+02   6.0000000e+00   3.9158640e+01   1.5142244e+02  -4.0819946e+01   1.4998338e+02
  -1.6111074e+02  -1.3300000e+02   6.0000000e+00   4.0987001e+01   1.4959255e+02  -4.0994879e+01   1.4585377e+02
  -1.6181759e+02  -1.3300000e+02   6.0000000e+00   4.3213444e+01   1.4912470e+02  -3.9797599e+01   1.4182869e+02
  -1.6231161e+02  -1.3300000e+02   6.0000000e+00   4.5086580e+01   1.4977618e+02  -3.9425560e+01   1.3858990e+02
  -1.6153892e+02  -1.3300000e+02   6.0000000e+00   4.5481366e+01   1.5107602e+02  -4.0316725e+01   1.3714303e+02
  -1.6089579e+02  -1.3300000e+02   6.0000000e+00   4.6049435e+01   1.5231852e+02  -4.1107552e+01   1.3495375e+02
  -1.6031756e+02  -1.3300000e+02   6.0000000e+00   4.6354579e+01   1.5371174e+02  -4.2234842e+01   1.3320214e+02
  -1.5952528e+02  -1.3300000e+02   6.0000000e+00   4.6661660e+01   1.5523916e+02  -4.3180888e+01   1.3243859e+02
  -1.5880299e+02  -1.3300000e+02   6.0000000e+00   4.6365754e+01   1.5603242e+02  -4.3455006e+01   1.3221868e+02
  -1.5858308e+02  -1.3300000e+02   6.0000000e+00   4.6708341e+01   1.5740865e+02  -4.3793443e+01   1.3169591e+02
  -1.5797257e+02  -1.3300000e+02   6.0000000e+00   4.8352770e+01   1.5866666e+02  -4.4891835e+01   1.3193147e+02
  -1.5748452e+02  -1.3300000e+02   6.0000000e+00   4.9621117e+01   1.5996765e+02  -4.6055766e+01   1.3188175e+02
  -1.5701678e+02  -1.3300000e+02   6.0000000e+00   5.1096396e+01   1.6116976e+02  -4.6990259e+01   1.3177190e+02
  -1.5622560e+02  -1.3300000e+02   6.0000000e+00   5.2048158e+01   1.6124011e+02  -4.7443709e+01   1.3180255e+02
  -1.5553392e+02  -1.3300000e+02   6.0000000e+00   5.2635744e+01   1.6188590e+02  -4.7122631e+01   1.3207535e+02
  -1.5472350e+02  -1.3300000e+02   6.0000000e+00   5.3241474e+01   1.6258312e+02  -4.6907002e+01   1.3332749e+02
  -1.5440837e+02  -1.3300000e+02   6.0000000e+00   5.3869319e+01   1.6326141e+02  -4.6460007e+01   1.3491446e+02
  -1.5418457e+02  -1.3300000e+02   6.0000000e+00   5.4179435e+01   1.6396057e+02  -4.6063593e+01   1.3704709e+02
  -1.5384044e+02  -1.3300000e+02   6.0000000e+00   5.4727814e+01   1.6467721e+02  -4.5415239e+01   1.3952958e+02
  -1.5447692e+02  -1.3300000e+02   6.0000000e+00   5.3623157e+01   1.6598066e+02  -4.2631540e+01   1.4192922e+02
  -1.5413909e+02  -1.3300000e+02   6.0000000e+00   5.1610706e+01   1.6584548e+02  -3.9475762e+01   1.4548231e+02
  -1.5442379e+02  -1.3300000e+02   6.0000000e+00   4.9412040e+01   1.6618627e+02  -3.6079126e+01   1.4908704e+02
  -1.5439799e+02  -1.3300000e+02   6.0000000e+00   4.8004236e+01   1.6597934e+02  -3.2784223e+01   1.5246563e+02
  -1.5368793e+02  -1.3300000e+02   6.0000000e+00   4.7391815e+01   1.6527540e+02  -3.0161866e+01   1.5547841e+02
  -1.5327804e+02  -1.3300000e+02   6.0000000e+00   4.7426716e+01   1.6538116e+02  -2.8567629e+01   1.5895046e+02
  -1.5370157e+02  -1.3300000e+02   6.0000000e+00   4.7196165e+01   1.6571278e+02  -2.7199427e+01   1.6237496e+02
  -1.5376113e+02  -1.3300000e+02   6.0000000e+00   4.7303355e+01   1.6615042e+02  -2.5383093e+01   1.6433493e+02
  -1.5275975e+02  -1.3300000e+02   6.0000000e+00   4.9261481e+01   1.6552061e+02  -2.5125078e+01   1.6683473e+02
  -1.5261390e+02  -1.3300000e+02   6.0000000e+00   5.0760390e+01   1.6612126e+02  -2.4760416e+01   1.6928658e+02
  -1.5280300e+02  -1.3300000e+02   6.0000000e+00   5.0720486e+01   1.6735387e+02  -2.3547104e+01   1.7251664e+02
  -1.5302794e+02  -1.3300000e+02   6.0000000e+00   4.9781938e+01   1.6848069e+02  -2.1368257e+01   1.7334752e+02
  -1.5327771e+02  -1.3300000e+02   6.0000000e+00   4.8893475e+01   1.6971804e+02  -1.9453192e+01   1.7559071e+02
  -1.5339527e+02  -1.3300000e+02   6.0000000e+00   4.8391850e+01   1.7049931e+02  -1.8193196e+01   1.7719891e+02
  -1.5189561e+02  -1.3300000e+02   6.0000000e+00   4.9184255e+01   1.7121310e+02  -1.8235386e+01   1.7648140e+02
  -1.5156277e+02  -1.3300000e+02   6.0000000e+00   5.0242842e+01   1.7287111e+02  -1.8853568e+01   1.7518142e+02
