  -1.4517060e+01  -3.1041283e+02   2.4373471e+00   1.3377576e+02  -1.5778238e+01   3.4090952e+01   1.5014637e+02
  -2.8517038e+01  -3.0555638e+02   6.0000000e+00   1.3948868e+02  -2.7125464e+01   2.0090986e+01   1.5256892e+02
  -4.2516946e+01  -3.0159804e+02   9.5626426e+00   1.4550707e+02  -3.8489721e+01   6.0910751e+00   1.5431805e+02
  -5.6516854e+01  -2.9763969e+02   1.3125285e+01   1.5152546e+02  -4.9853978e+01  -7.9088362e+00   1.5606719e+02
  -7.0516762e+01  -2.9368135e+02   1.6687928e+01   1.5754385e+02  -6.1218235e+01  -2.1908747e+01   1.5781633e+02
  -8.4516670e+01  -2.8972300e+02   2.0250570e+01   1.6356225e+02  -7.2582492e+01  -3.5908659e+01   1.5956547e+02
  -9.8516577e+01  -2.8576466e+02   2.3813213e+01   1.6958064e+02  -8.3946749e+01  -4.9908570e+01   1.6131460e+02
  -1.1251634e+02  -2.8477762e+02   2.7375342e+01   1.7931442e+02  -8.7437793e+01  -6.3907792e+01   1.5210317e+02
  -1.2651610e+02  -2.8379058e+02   3.0937471e+01   1.8904819e+02  -9.0928837e+01  -7.7907015e+01   1.4289174e+02
  -1.4051586e+02  -2.8280355e+02   3.4499600e+01   1.9878197e+02  -9.4419881e+01  -9.1906237e+01   1.3368030e+02
  -1.5451574e+02  -2.8181358e+02   3.8061355e+01   2.0851844e+02  -9.7908425e+01  -1.0590457e+02   1.2447060e+02
  -1.6503036e+02  -2.8668060e+02   2.4061355e+01   2.1957746e+02  -1.0297021e+02  -9.1904575e+01   1.1771132e+02
  -1.6500000e+02  -2.9850393e+02   1.0061478e+01   2.3116641e+02  -1.1351061e+02  -7.7904855e+01   1.2345674e+02
  -1.6496964e+02  -3.1032726e+02  -3.9383993e+00   2.4275535e+02  -1.2405100e+02  -6.3905134e+01   1.2920215e+02
  -1.6493928e+02  -3.1807976e+02  -1.7937534e+01   2.4929772e+02  -1.3052230e+02  -4.9905306e+01   1.4270128e+02
  -1.6490893e+02  -3.1883472e+02  -3.1932714e+01   2.5192105e+02  -1.2983110e+02  -3.5905423e+01   1.5358675e+02
  -1.6500000e+02  -3.1949101e+02  -1.7932714e+01   2.5445631e+02  -1.2905415e+02  -3.0000000e+01   1.6443903e+02
  -1.6500000e+02  -3.1283885e+02  -3.9328080e+00   2.4750822e+02  -1.2275579e+02  -3.0000000e+01   1.7344938e+02
  -1.6500000e+02  -3.0624959e+02   6.0000000e+00   2.4062630e+02  -1.1651395e+02  -3.0000000e+01   1.8244325e+02
  -1.6500000e+02  -3.0615384e+02   6.0000000e+00   2.4098610e+02  -1.2201643e+02  -3.0000000e+01   1.8890609e+02
  -1.6500000e+02  -3.0535329e+02   6.0000000e+00   2.4048747e+02  -1.2727421e+02  -3.0000000e+01   1.9393317e+02
  -1.6500000e+02  -3.0456101e+02   6.0000000e+00   2.4080901e+02  -1.3316823e+02  -3.0000000e+01   1.9394685e+02
  -1.6500000e+02  -3.0268173e+02   6.0000000e+00   2.4160075e+02  -1.3986478e+02  -3.0000000e+01   1.9146301e+02
  -1.6500000e+02  -3.0014204e+02   6.0000000e+00   2.4259915e+02  -1.4785161e+02  -3.0000000e+01   1.8789882e+02
  -1.6500000e+02  -2.9678103e+02   6.0000000e+00   2.4331400e+02  -1.5497263e+02  -3.0000000e+01   1.8340586e+02
  -1.6500000e+02  -2.9333239e+02   6.0000000e+00   2.4416397e+02  -1.6111754e+02  -3.0000000e+01   1.8020181e+02
  -1.6500000e+02  -2.9111583e+02   6.0000000e+00   2.4582963e+02  -1.6616530e+02  -3.0000000e+01   1.7886353e+02
  -1.6500000e+02  -2.9024695e+02   6.0000000e+00   2.4845771e+02  -1.6983251e+02  -3.0000000e+01   1.7828631e+02
  -1.6500000e+02  -2.9053406e+02   6.0000000e+00   2.5118236e+02  -1.7142422e+02  -3.0000000e+01   1.7785112e+02
  -1.6500000e+02  -2.9162962e+02   6.0000000e+00   2.5398119e+02  -1.7169120e+02  -3.0000000e+01   1.7558524e+02
  -1.6500000e+02  -2.9104335e+02   6.0000000e+00   2.5441513e+02  -1.7012119e+02  -3.0000000e+01   1.7323815e+02
  -1.6500000e+02  -2.8969311e+02   6.0000000e+00   2.5429210e+02  -1.6817299e+02  -3.0000000e+01   1.7003892e+02
  -1.6500000e+02  -2.8834286e+02   6.0000000e+00   2.5416906e+02  -1.6622479e+02  -3.0000000e+01   1.6683968e+02
  -1.6500000e+02  -2.8662802e+02   6.0000000e+00   2.5455219e+02  -1.6364780e+02  -3.0000000e+01   1.6475026e+02
  -1.6500000e+02  -2.8498794e+02   6.0000000e+00   2.5524281e+02  -1.6130657e+02  -3.0000000e+01   1.6260582e+02
  -1.6500000e+02  -2.8299248e+02   6.0000000e+00   2.5671963e+02  -1.5980920e+02  -3.0000000e+01   1.6136252e+02
  -1.6500000e+02  -2.8074268e+02   6.0000000e+00   2.5905041e+02  -1.5861220e+02  -3.0000000e+01   1.6145185e+02
  -1.6500000e+02  -2.7849287e+02   6.0000000e+00   2.6138120e+02  -1.5741521e+02  -3.0000000e+01   1.6154117e+02
  -1.6500000e+02  -2.7588381e+02   6.0000000e+00   2.6346473e+02  -1.5617872e+02  -3.0000000e+01   1.6207893e+02
  -1.6500000e+02  -2.7354089e+02   6.0000000e+00   2.6621316e+02  -1.5555287e+02  -3.0000000e+01   1.6419639e+02
  -1.6500000e+02  -2.7110838e+02   6.0000000e+00   2.6882901e+02  -1.5488579e+02  -3.0000000e+01   1.6650683e+02
  -1.6500000e+02  -2.6911547e+02   6.0000000e+00   2.7209246e+02  -1.5435284e+02  -3.0000000e+01   1.6852484e+02
  -1.6500000e+02  -2.6676361e+02   6.0000000e+00   2.7520259e+02  -1.5375984e+02  -3.0000000e+01   1.7087935e+02
  -1.6500000e+02  -2.6410432e+02   6.0000000e+00   2.7913882e+02  -1.5287221e+02  -3.0000000e+01   1.7412809e+02
  -1.6500000e+02  -2.6129611e+02   6.0000000e+00   2.8358402e+02  -1.5198040e+02  -3.0000000e+01   1.7606362e+02
  -1.6500000e+02  -2.5805914e+02   6.0000000e+00   2.8769879e+02  -1.5105171e+02  -3.0000000e+01   1.7822370e+02
  -1.6500000e+02  -2.5493119e+02   6.0000000e+00   2.9197118e+02  -1.5014012e+02  -3.0000000e+01   1.8030933e+02
  -1.6500000e+02  -2.5180324e+02   6.0000000e+00   2.9624357e+02  -1.4922853e+02  -3.0000000e+01   1.8239496e+02
  -1.6500000e+02  -2.4856428e+02   6.0000000e+00   3.0110167e+02  -1.4741534e+02  -3.0000000e+01   1.8378146e+02
  -1.6500000e+02  -2.4545172e+02   6.0000000e+00   3.0621820e+02  -1.4566917e+02  -3.0000000e+01   1.8515505e+02
  -1.6500000e+02  -2.4170472e+02   6.0000000e+00   3.1137257e+02  -1.4462790e+02  -3.0000000e+01   1.8712823e+02
  -1.6500000e+02  -2.3780573e+02   6.0000000e+00   3.1715107e+02  -1.4328036e+02  -3.0000000e+01   1.8803971e+02
  -1.6500000e+02  -2.3310373e+02   6.0000000e+00   3.2339766e+02  -1.4264582e+02  -3.0000000e+01   1.8941733e+02
  -1.6500000e+02  -2.2720070e+02   6.0000000e+00   3.3005974e+02  -1.4168776e+02  -3.0000000e+01   1.9072433e+02
  -1.6500000e+02  -2.2093024e+02   6.0000000e+00   3.3737989e+02  -1.4148866e+02  -3.0000000e+01   1.9074746e+02
  -1.6500000e+02  -2.1415400e+02   6.0000000e+00   3.4555654e+02  -1.4190134e+02  -3.0000000e+01   1.9023989e+02
  -1.6500000e+02  -2.0730933e+02   6.0000000e+00   3.5356523e+02  -1.4260976e+02  -3.0000000e+01   1.9058519e+02
  -1.6500000e+02  -2.0052133e+02   6.0000000e+00   3.6232513e+02  -1.4308143e+02  -3.0000000e+01   1.9033700e+02
  -1.6500000e+02  -1.9298968e+02   6.0000000e+00   3.7116344e+02  -1.4374160e+02  -3.0000000e+01   1.9075899e+02
  -1.6500000e+02  -1.8329772e+02   6.0000000e+00   3.7841201e+02  -1.4244101e+02  -3.0000000e+01   1.9032588e+02
  -1.6500000e+02  -1.7326750e+02   6.0000000e+00   3.8235782e+02  -1.4115093e+02  -3.0000000e+01   1.8995293e+02
  -1.6500000e+02  -1.6342723e+02   6.0000000e+00   3.8480770e+02  -1.4305017e+02  -3.0000000e+01   1.8997294e+02
  -1.6500000e+02  -1.5419429e+02   6.0000000e+00   3.8791010e+02  -1.4721954e+02  -3.0000000e+01   1.9010120e+02
  -1.6500000e+02  -1.4602309e+02   6.0000000e+00   3.9087657e+02  -1.5364805e+02  -3.0000000e+01   1.8582353e+02
  -1.6500000e+02  -1.4037897e+02   6.0000000e+00   3.9294085e+02  -1.6243115e+02  -3.0000000e+01   1.7963144e+02
  -1.6500000e+02  -1.3806224e+02   6.0000000e+00   3.9251475e+02  -1.7054224e+02  -3.0000000e+01   1.7625671e+02
  -1.6500000e+02  -1.3599731e+02   6.0000000e+00   3.9232857e+02  -1.7692040e+02  -3.0000000e+01   1.7088888e+02
  -1.6500000e+02  -1.3471780e+02   6.0000000e+00   3.9127228e+02  -1.8324237e+02  -3.0000000e+01   1.6686555e+02
  -1.6500000e+02  -1.3329587e+02   6.0000000e+00   3.9009097e+02  -1.8901915e+02  -3.0000000e+01   1.6369265e+02
  -1.6500000e+02  -1.3405924e+02   6.0000000e+00   3.8844089e+02  -1.9440814e+02  -3.0000000e+01   1.6049482e+02
  -1.6500000e+02  -1.3425113e+02   6.0000000e+00   3.8713117e+02  -1.9911214e+02  -3.0000000e+01   1.5888362e+02
  -1.6500000e+02  -1.3387154e+02   6.0000000e+00   3.8991764e+02  -2.0551809e+02  -3.0000000e+01   1.5789724e+02
  -1.6500000e+02  -1.3575024e+02   6.0000000e+00   3.9312840e+02  -2.0815551e+02  -3.0000000e+01   1.5190335e+02
  -1.6500000e+02  -1.3481574e+02   6.0000000e+00   3.9763542e+02  -2.0868302e+02  -3.0000000e+01   1.4618404e+02
  -1.6500000e+02  -1.3367818e+02   6.0000000e+00   3.9801908e+02  -2.0721608e+02  -3.0000000e+01   1.4406615e+02
  -1.6500000e+02  -1.3248172e+02   6.0000000e+00   3.9823172e+02  -2.0577370e+02  -3.0000000e+01   1.4267560e+02
  -1.6500000e+02  -1.3215926e+02   6.0000000e+00   3.9777453e+02  -2.0408952e+02  -3.0000000e+01   1.4146207e+02
  -1.6500000e+02  -1.3171573e+02   6.0000000e+00   3.9750916e+02  -2.0226364e+02  -3.0000000e+01   1.4092847e+02
  -1.6500000e+02  -1.3151790e+02   6.0000000e+00   3.9729665e+02  -2.0092151e+02  -3.0000000e+01   1.4058729e+02
  -1.6500000e+02  -1.3163331e+02   6.0000000e+00   3.9730319e+02  -1.9956488e+02  -3.0000000e+01   1.4009656e+02
  -1.6500000e+02  -1.3253925e+02   6.0000000e+00   3.9633235e+02  -1.9788354e+02  -3.0000000e+01   1.4031616e+02
  -1.6500000e+02  -1.3253012e+02   6.0000000e+00   3.9625041e+02  -1.9624716e+02  -3.0000000e+01   1.4061336e+02
  -1.6500000e+02  -1.3229558e+02   6.0000000e+00   3.9615217e+02  -1.9507163e+02  -3.0000000e+01   1.4047177e+02
  -1.6500000e+02  -1.3241333e+02   6.0000000e+00   3.9662303e+02  -1.9368955e+02  -3.0000000e+01   1.4111870e+02
  -1.6500000e+02  -1.2986202e+02   6.0000000e+00   3.9941297e+02  -1.9299254e+02  -3.0000000e+01   1.4157522e+02
  -1.6500000e+02  -1.3005818e+02   6.0000000e+00   4.0020587e+02  -1.9186800e+02  -3.0000000e+01   1.4296638e+02
  -1.6500000e+02  -1.3001257e+02   6.0000000e+00   4.0094359e+02  -1.9063178e+02  -3.0000000e+01   1.4473419e+02
  -1.6500000e+02  -1.3062821e+02   6.0000000e+00   4.0220442e+02  -1.8940657e+02  -3.0000000e+01   1.4631005e+02
  -1.6500000e+02  -1.2982884e+02   6.0000000e+00   4.0403515e+02  -1.8834227e+02  -3.0000000e+01   1.4795011e+02
  -1.6500000e+02  -1.2756611e+02   6.0000000e+00   4.0671239e+02  -1.8836992e+02  -3.0000000e+01   1.4983820e+02
  -1.6500000e+02  -1.2407006e+02   6.0000000e+00   4.1116904e+02  -1.8785523e+02  -3.0000000e+01   1.5202948e+02
  -1.6500000e+02  -1.2364329e+02   6.0000000e+00   4.1328036e+02  -1.8670960e+02  -3.0000000e+01   1.5588154e+02
  -1.6500000e+02  -1.2392959e+02   6.0000000e+00   4.1436496e+02  -1.8520121e+02  -3.0000000e+01   1.5881606e+02
  -1.6500000e+02  -1.2374614e+02   6.0000000e+00   4.1639391e+02  -1.8366254e+02  -3.0000000e+01   1.6185674e+02
  -1.6500000e+02  -1.2364050e+02   6.0000000e+00   4.1847613e+02  -1.8167729e+02  -3.0000000e+01   1.6389302e+02
  -1.6500000e+02  -1.2372639e+02   6.0000000e+00   4.2033115e+02  -1.8028801e+02  -3.0000000e+01   1.6635058e+02
  -1.6500000e+02  -1.2353896e+02   6.0000000e+00   4.2217026e+02  -1.7810554e+02  -3.0000000e+01   1.6895377e+02
  -1.6500000e+02  -1.2268965e+02   6.0000000e+00   4.2476159e+02  -1.7650294e+02  -3.0000000e+01   1.7060386e+02
  -1.6500000e+02  -1.2174883e+02   6.0000000e+00   4.2741056e+02  -1.7512869e+02  -3.0000000e+01   1.7315303e+02
  -1.6500000e+02  -1.2077488e+02   6.0000000e+00   4.3045830e+02  -1.7227802e+02  -3.0000000e+01   1.7672811e+02
  -1.6500000e+02  -1.2031205e+02   6.0000000e+00   4.3359782e+02  -1.7060223e+02  -3.0000000e+01   1.8041106e+02
  -1.6500000e+02  -1.1904943e+02   6.0000000e+00   4.3684896e+02  -1.6291278e+02  -3.0000000e+01   1.8041834e+02
  -1.6500000e+02  -1.1857579e+02   6.0000000e+00   4.3959515e+02  -1.5857350e+02  -3.0000000e+01   1.8007829e+02
  -1.6500000e+02  -1.1676549e+02   6.0000000e+00   4.3799602e+02  -1.5689832e+02  -3.0000000e+01   1.7941068e+02
  -1.6500000e+02  -1.1337121e+02   6.0000000e+00   4.3333712e+02  -1.5762406e+02  -3.0000000e+01   1.7852506e+02
  -1.6500000e+02  -1.1352898e+02   6.0000000e+00   4.2699347e+02  -1.6063959e+02  -3.0000000e+01   1.7931960e+02
  -1.6500000e+02  -1.1465086e+02   6.0000000e+00   4.2067908e+02  -1.6555269e+02  -3.0000000e+01   1.7626993e+02
  -1.6500000e+02  -1.1688723e+02   6.0000000e+00   4.1475832e+02  -1.7171776e+02  -3.0000000e+01   1.7235872e+02
  -1.6500000e+02  -1.2098509e+02   6.0000000e+00   4.0869173e+02  -1.7877555e+02  -3.0000000e+01   1.6586515e+02
  -1.6500000e+02  -1.2421324e+02   6.0000000e+00   4.0242092e+02  -1.8502759e+02  -3.0000000e+01   1.6008109e+02
  -1.6500000e+02  -1.2549348e+02   6.0000000e+00   3.9823271e+02  -1.9147336e+02  -3.0000000e+01   1.5621277e+02
  -1.6500000e+02  -1.2684931e+02   6.0000000e+00   3.9497434e+02  -1.9581244e+02  -3.0000000e+01   1.5374990e+02
  -1.6500000e+02  -1.2826042e+02   6.0000000e+00   3.9221118e+02  -1.9920128e+02  -3.0000000e+01   1.5333960e+02
  -1.6500000e+02  -1.2975162e+02   6.0000000e+00   3.9018066e+02  -2.0115831e+02  -3.0000000e+01   1.5184123e+02
  -1.6500000e+02  -1.3115592e+02   6.0000000e+00   3.8895449e+02  -2.0177316e+02  -3.0000000e+01   1.5008238e+02
  -1.6500000e+02  -1.3208684e+02   6.0000000e+00   3.9088621e+02  -2.0253809e+02  -3.0000000e+01   1.4875143e+02
  -1.6500000e+02  -1.3386645e+02   6.0000000e+00   3.9344384e+02  -2.0275330e+02  -3.0000000e+01   1.4440090e+02
  -1.6500000e+02  -1.3390166e+02   6.0000000e+00   3.9454429e+02  -2.0187657e+02  -3.0000000e+01   1.4166899e+02
  -1.6500000e+02  -1.3329291e+02   6.0000000e+00   3.9494128e+02  -2.0034734e+02  -3.0000000e+01   1.4048417e+02
  -1.6500000e+02  -1.3248102e+02   6.0000000e+00   3.9514438e+02  -1.9879129e+02  -3.0000000e+01   1.3934647e+02
  -1.6500000e+02  -1.3297960e+02   6.0000000e+00   3.9435079e+02  -1.9638879e+02  -3.0000000e+01   1.3826717e+02
  -1.6500000e+02  -1.3362173e+02   6.0000000e+00   3.9344554e+02  -1.9422915e+02  -3.0000000e+01   1.3817461e+02
  -1.6500000e+02  -1.3500354e+02   6.0000000e+00   3.9267346e+02  -1.9217819e+02  -3.0000000e+01   1.3761226e+02
  -1.6500000e+02  -1.3615832e+02   6.0000000e+00   3.9172075e+02  -1.9012652e+02  -3.0000000e+01   1.3760757e+02
  -1.6500000e+02  -1.3766344e+02   6.0000000e+00   3.9099184e+02  -1.8759718e+02  -3.0000000e+01   1.3720704e+02
  -1.6500000e+02  -1.3723799e+02   6.0000000e+00   3.9135287e+02  -1.8593544e+02  -3.0000000e+01   1.3851946e+02
  -1.6500000e+02  -1.3715781e+02   6.0000000e+00   3.9175357e+02  -1.8431127e+02  -3.0000000e+01   1.3884567e+02
  -1.6500000e+02  -1.3766314e+02   6.0000000e+00   3.9210452e+02  -1.8310791e+02  -3.0000000e+01   1.3878819e+02
  -1.6500000e+02  -1.3811956e+02   6.0000000e+00   3.9232110e+02  -1.8184198e+02  -3.0000000e+01   1.4050206e+02
  -1.6500000e+02  -1.3833658e+02   6.0000000e+00   3.9238917e+02  -1.8061275e+02  -3.0000000e+01   1.4228367e+02
  -1.6500000e+02  -1.3590858e+02   6.0000000e+00   3.9501249e+02  -1.8070831e+02  -3.0000000e+01   1.4321645e+02
  -1.6500000e+02  -1.3385432e+02   6.0000000e+00   3.9804407e+02  -1.8098562e+02  -3.0000000e+01   1.4486743e+02
  -1.6500000e+02  -1.3160766e+02   6.0000000e+00   4.0105277e+02  -1.8078467e+02  -3.0000000e+01   1.4715226e+02
  -1.6500000e+02  -1.3041002e+02   6.0000000e+00   4.0337706e+02  -1.8043512e+02  -3.0000000e+01   1.4828802e+02
  -1.6500000e+02  -1.2919899e+02   6.0000000e+00   4.0586325e+02  -1.8039098e+02  -3.0000000e+01   1.5069994e+02
  -1.6500000e+02  -1.2803047e+02   6.0000000e+00   4.0832765e+02  -1.7968810e+02  -3.0000000e+01   1.5219991e+02
  -1.6500000e+02  -1.2879829e+02   6.0000000e+00   4.0961061e+02  -1.7843092e+02  -3.0000000e+01   1.5556204e+02
  -1.6500000e+02  -1.2735749e+02   6.0000000e+00   4.1295108e+02  -1.7754958e+02  -3.0000000e+01   1.5811536e+02
  -1.6500000e+02  -1.2760561e+02   6.0000000e+00   4.1476949e+02  -1.7676682e+02  -3.0000000e+01   1.6046491e+02
  -1.6500000e+02  -1.2760812e+02   6.0000000e+00   4.1636684e+02  -1.7599551e+02  -3.0000000e+01   1.6291151e+02
  -1.6500000e+02  -1.2571647e+02   6.0000000e+00   4.1943285e+02  -1.7511378e+02  -3.0000000e+01   1.6635079e+02
  -1.6500000e+02  -1.2451096e+02   6.0000000e+00   4.2261958e+02  -1.7432763e+02  -3.0000000e+01   1.6915156e+02
  -1.6500000e+02  -1.2350475e+02   6.0000000e+00   4.2557656e+02  -1.7385000e+02  -3.0000000e+01   1.7130169e+02
  -1.6500000e+02  -1.2243798e+02   6.0000000e+00   4.2829975e+02  -1.7266069e+02  -3.0000000e+01   1.7476970e+02
  -1.6500000e+02  -1.2128673e+02   6.0000000e+00   4.3112659e+02  -1.7094400e+02  -3.0000000e+01   1.7775724e+02
  -1.6500000e+02  -1.2054752e+02   6.0000000e+00   4.3558619e+02  -1.6219886e+02  -3.0000000e+01   1.7753648e+02
  -1.6500000e+02  -1.1933247e+02   6.0000000e+00   4.3856656e+02  -1.5727286e+02  -3.0000000e+01   1.7781651e+02
  -1.6500000e+02  -1.1883978e+02   6.0000000e+00   4.4125397e+02  -1.5355694e+02  -3.0000000e+01   1.7690095e+02
  -1.6500000e+02  -1.1512646e+02   6.0000000e+00   4.3901270e+02  -1.5311193e+02  -3.0000000e+01   1.7720041e+02
  -1.6500000e+02  -1.1375336e+02   6.0000000e+00   4.3536639e+02  -1.5274611e+02  -3.0000000e+01   1.7717339e+02
  -1.6500000e+02  -1.1280975e+02   6.0000000e+00   4.3145748e+02  -1.5437011e+02  -3.0000000e+01   1.7817210e+02
  -1.6500000e+02  -1.1384186e+02   6.0000000e+00   4.2613709e+02  -1.5779113e+02  -3.0000000e+01   1.7623051e+02
  -1.6500000e+02  -1.1564901e+02   6.0000000e+00   4.2067332e+02  -1.6430272e+02  -3.0000000e+01   1.7231564e+02
  -1.6500000e+02  -1.1829968e+02   6.0000000e+00   4.1605959e+02  -1.6982324e+02  -3.0000000e+01   1.6757029e+02
  -1.6500000e+02  -1.2065567e+02   6.0000000e+00   4.1134577e+02  -1.7454027e+02  -3.0000000e+01   1.6281080e+02
  -1.6500000e+02  -1.2311661e+02   6.0000000e+00   4.0641877e+02  -1.7934416e+02  -3.0000000e+01   1.5964531e+02
  -1.6500000e+02  -1.2479326e+02   6.0000000e+00   4.0086952e+02  -1.8414023e+02  -3.0000000e+01   1.5675201e+02
  -1.6500000e+02  -1.2664940e+02   6.0000000e+00   3.9745759e+02  -1.9131411e+02  -3.0000000e+01   1.5375376e+02
  -1.6500000e+02  -1.2777071e+02   6.0000000e+00   3.9430681e+02  -1.9716134e+02  -3.0000000e+01   1.5202185e+02
  -1.6500000e+02  -1.2802854e+02   6.0000000e+00   3.9308886e+02  -2.0151192e+02  -3.0000000e+01   1.5103591e+02
  -1.6500000e+02  -1.2889729e+02   6.0000000e+00   3.9275338e+02  -2.0462903e+02  -3.0000000e+01   1.4953628e+02
  -1.6500000e+02  -1.3001160e+02   6.0000000e+00   3.9387850e+02  -2.0639393e+02  -3.0000000e+01   1.4668938e+02
  -1.6500000e+02  -1.3135274e+02   6.0000000e+00   3.9709012e+02  -2.0735242e+02  -3.0000000e+01   1.4471886e+02
  -1.6500000e+02  -1.3175826e+02   6.0000000e+00   3.9968647e+02  -2.0823898e+02  -3.0000000e+01   1.4355543e+02
  -1.6500000e+02  -1.3120654e+02   6.0000000e+00   4.0039332e+02  -2.0716377e+02  -3.0000000e+01   1.4325082e+02
  -1.6500000e+02  -1.3015996e+02   6.0000000e+00   4.0049989e+02  -2.0588348e+02  -3.0000000e+01   1.4191984e+02
  -1.6500000e+02  -1.3091256e+02   6.0000000e+00   3.9871633e+02  -2.0344992e+02  -3.0000000e+01   1.3983253e+02
  -1.6500000e+02  -1.3183419e+02   6.0000000e+00   3.9691302e+02  -2.0132157e+02  -3.0000000e+01   1.3849099e+02
  -1.6500000e+02  -1.3299170e+02   6.0000000e+00   3.9480521e+02  -1.9966179e+02  -3.0000000e+01   1.3712059e+02
  -1.6500000e+02  -1.3449153e+02   6.0000000e+00   3.9268300e+02  -1.9798734e+02  -3.0000000e+01   1.3623989e+02
  -1.6500000e+02  -1.3519322e+02   6.0000000e+00   3.9138772e+02  -1.9702058e+02  -3.0000000e+01   1.3517219e+02
  -1.6500000e+02  -1.3623405e+02   6.0000000e+00   3.9032272e+02  -1.9587285e+02  -3.0000000e+01   1.3458518e+02
  -1.6500000e+02  -1.3719936e+02   6.0000000e+00   3.8917302e+02  -1.9473567e+02  -3.0000000e+01   1.3412612e+02
  -1.6500000e+02  -1.3704214e+02   6.0000000e+00   3.8886544e+02  -1.9422931e+02  -3.0000000e+01   1.3339832e+02
  -1.6500000e+02  -1.3761479e+02   6.0000000e+00   3.8884936e+02  -1.9349676e+02  -3.0000000e+01   1.3317838e+02
  -1.6500000e+02  -1.3761944e+02   6.0000000e+00   3.8831563e+02  -1.9261766e+02  -3.0000000e+01   1.3257181e+02
  -1.6500000e+02  -1.3810652e+02   6.0000000e+00   3.8829098e+02  -1.9165834e+02  -3.0000000e+01   1.3299696e+02
  -1.6500000e+02  -1.3865553e+02   6.0000000e+00   3.8824562e+02  -1.9068399e+02  -3.0000000e+01   1.3309132e+02
  -1.6500000e+02  -1.3890954e+02   6.0000000e+00   3.8801422e+02  -1.8978225e+02  -3.0000000e+01   1.3320514e+02
  -1.6500000e+02  -1.3825916e+02   6.0000000e+00   3.8920143e+02  -1.8905756e+02  -3.0000000e+01   1.3408233e+02
  -1.6500000e+02  -1.3735950e+02   6.0000000e+00   3.9022526e+02  -1.8833375e+02  -3.0000000e+01   1.3367700e+02
  -1.6500000e+02  -1.3683070e+02   6.0000000e+00   3.9131137e+02  -1.8792519e+02  -3.0000000e+01   1.3413566e+02
  -1.6500000e+02  -1.3757035e+02   6.0000000e+00   3.9117696e+02  -1.8749099e+02  -3.0000000e+01   1.3462084e+02
  -1.6500000e+02  -1.3715804e+02   6.0000000e+00   3.9177673e+02  -1.8661344e+02  -3.0000000e+01   1.3545682e+02
  -1.6500000e+02  -1.3732489e+02   6.0000000e+00   3.9238062e+02  -1.8644883e+02  -3.0000000e+01   1.3543079e+02
  -1.6500000e+02  -1.3809575e+02   6.0000000e+00   3.9229495e+02  -1.8559579e+02  -3.0000000e+01   1.3730364e+02
  -1.6500000e+02  -1.3902438e+02   6.0000000e+00   3.9182132e+02  -1.8470962e+02  -3.0000000e+01   1.3808167e+02
  -1.6500000e+02  -1.3966967e+02   6.0000000e+00   3.9142120e+02  -1.8355341e+02  -3.0000000e+01   1.3830902e+02
  -1.6500000e+02  -1.4045641e+02   6.0000000e+00   3.9121553e+02  -1.8266018e+02  -3.0000000e+01   1.3917580e+02
  -1.6500000e+02  -1.4140792e+02   6.0000000e+00   3.9097818e+02  -1.8225930e+02  -3.0000000e+01   1.4048171e+02
  -1.6500000e+02  -1.3886456e+02   6.0000000e+00   3.9313056e+02  -1.8293238e+02  -3.0000000e+01   1.4140206e+02
  -1.6500000e+02  -1.3636334e+02   6.0000000e+00   3.9587828e+02  -1.8253625e+02  -3.0000000e+01   1.4189171e+02
  -1.6500000e+02  -1.3295881e+02   6.0000000e+00   3.9960180e+02  -1.8281498e+02  -3.0000000e+01   1.4315614e+02
  -1.6500000e+02  -1.3069790e+02   6.0000000e+00   4.0277740e+02  -1.8216473e+02  -3.0000000e+01   1.4449018e+02
  -1.6500000e+02  -1.2987631e+02   6.0000000e+00   4.0459954e+02  -1.8112861e+02  -3.0000000e+01   1.4545462e+02
  -1.6500000e+02  -1.2909122e+02   6.0000000e+00   4.0670386e+02  -1.7981308e+02  -3.0000000e+01   1.4642027e+02
  -1.6500000e+02  -1.2787999e+02   6.0000000e+00   4.0851845e+02  -1.7928710e+02  -3.0000000e+01   1.4703698e+02
  -1.6500000e+02  -1.2671273e+02   6.0000000e+00   4.1034944e+02  -1.7863866e+02  -3.0000000e+01   1.4831942e+02
  -1.6500000e+02  -1.2544637e+02   6.0000000e+00   4.1211349e+02  -1.7797646e+02  -3.0000000e+01   1.4968384e+02
  -1.6500000e+02  -1.2415759e+02   6.0000000e+00   4.1403620e+02  -1.7744469e+02  -3.0000000e+01   1.5073857e+02
  -1.6500000e+02  -1.2272364e+02   6.0000000e+00   4.1602474e+02  -1.7668895e+02  -3.0000000e+01   1.5134735e+02
  -1.6500000e+02  -1.2160337e+02   6.0000000e+00   4.1822693e+02  -1.7570054e+02  -3.0000000e+01   1.5304602e+02
  -1.6500000e+02  -1.2113420e+02   6.0000000e+00   4.1964168e+02  -1.7432755e+02  -3.0000000e+01   1.5341181e+02
  -1.6500000e+02  -1.2101984e+02   6.0000000e+00   4.2112398e+02  -1.7279253e+02  -3.0000000e+01   1.5465040e+02
  -1.6500000e+02  -1.2083203e+02   6.0000000e+00   4.2248189e+02  -1.7117656e+02  -3.0000000e+01   1.5673556e+02
  -1.6500000e+02  -1.2092973e+02   6.0000000e+00   4.2421757e+02  -1.6913027e+02  -3.0000000e+01   1.5757837e+02
  -1.6500000e+02  -1.2047687e+02   6.0000000e+00   4.2590855e+02  -1.6696643e+02  -3.0000000e+01   1.5925715e+02
  -1.6500000e+02  -1.1969097e+02   6.0000000e+00   4.2731049e+02  -1.6504780e+02  -3.0000000e+01   1.6038882e+02
  -1.6500000e+02  -1.1841173e+02   6.0000000e+00   4.2633311e+02  -1.6247747e+02  -3.0000000e+01   1.6174834e+02
  -1.6500000e+02  -1.1763266e+02   6.0000000e+00   4.2209546e+02  -1.6328819e+02  -3.0000000e+01   1.6175894e+02
  -1.6500000e+02  -1.1734700e+02   6.0000000e+00   4.1750561e+02  -1.6532535e+02  -3.0000000e+01   1.6099564e+02
  -1.6500000e+02  -1.1905943e+02   6.0000000e+00   4.1251329e+02  -1.6738609e+02  -3.0000000e+01   1.6126809e+02
  -1.6500000e+02  -1.2156959e+02   6.0000000e+00   4.0791461e+02  -1.7247838e+02  -3.0000000e+01   1.6174178e+02
  -1.6500000e+02  -1.2401554e+02   6.0000000e+00   4.0309034e+02  -1.7805271e+02  -3.0000000e+01   1.6282222e+02
  -1.6500000e+02  -1.2686734e+02   6.0000000e+00   3.9859821e+02  -1.8290466e+02  -3.0000000e+01   1.6006724e+02
  -1.6500000e+02  -1.2898078e+02   6.0000000e+00   3.9382102e+02  -1.8987235e+02  -3.0000000e+01   1.5987223e+02
  -1.6500000e+02  -1.2981940e+02   6.0000000e+00   3.9226874e+02  -1.9458565e+02  -3.0000000e+01   1.5865981e+02
  -1.6500000e+02  -1.3046202e+02   6.0000000e+00   3.9112085e+02  -1.9853294e+02  -3.0000000e+01   1.5843708e+02
  -1.6500000e+02  -1.3115202e+02   6.0000000e+00   3.9285673e+02  -2.0283965e+02  -3.0000000e+01   1.5897066e+02
  -1.6500000e+02  -1.3157027e+02   6.0000000e+00   3.9695410e+02  -2.0554486e+02  -3.0000000e+01   1.5682621e+02
  -1.6500000e+02  -1.3358751e+02   6.0000000e+00   4.0035766e+02  -2.0664006e+02  -3.0000000e+01   1.5275357e+02
  -1.6500000e+02  -1.3309992e+02   6.0000000e+00   4.0226860e+02  -2.0574103e+02  -3.0000000e+01   1.4984456e+02
  -1.6500000e+02  -1.3103033e+02   6.0000000e+00   4.0309077e+02  -2.0357686e+02  -3.0000000e+01   1.4657585e+02
  -1.6500000e+02  -1.3045615e+02   6.0000000e+00   4.0274752e+02  -2.0082857e+02  -3.0000000e+01   1.4505718e+02
  -1.6500000e+02  -1.3020035e+02   6.0000000e+00   4.0241282e+02  -1.9846386e+02  -3.0000000e+01   1.4324617e+02
  -1.6500000e+02  -1.3104512e+02   6.0000000e+00   4.0079460e+02  -1.9649175e+02  -3.0000000e+01   1.4269189e+02
  -1.6500000e+02  -1.3207789e+02   6.0000000e+00   3.9947341e+02  -1.9457831e+02  -3.0000000e+01   1.4275200e+02
  -1.6500000e+02  -1.3291736e+02   6.0000000e+00   3.9908332e+02  -1.9252694e+02  -3.0000000e+01   1.4267206e+02
  -1.6500000e+02  -1.3250749e+02   6.0000000e+00   3.9964733e+02  -1.9047916e+02  -3.0000000e+01   1.4322089e+02
  -1.6500000e+02  -1.3243242e+02   6.0000000e+00   4.0030335e+02  -1.8852483e+02  -3.0000000e+01   1.4436683e+02
  -1.6500000e+02  -1.3255885e+02   6.0000000e+00   4.0094554e+02  -1.8745222e+02  -3.0000000e+01   1.4448853e+02
  -1.6500000e+02  -1.3296352e+02   6.0000000e+00   4.0173102e+02  -1.8626576e+02  -3.0000000e+01   1.4579127e+02
  -1.6500000e+02  -1.3132655e+02   6.0000000e+00   4.0413483e+02  -1.8591411e+02  -3.0000000e+01   1.4722929e+02
  -1.6500000e+02  -1.3213289e+02   6.0000000e+00   4.0470994e+02  -1.8486722e+02  -3.0000000e+01   1.4892599e+02
  -1.6500000e+02  -1.3224868e+02   6.0000000e+00   4.0485830e+02  -1.8418307e+02  -3.0000000e+01   1.5121243e+02
  -1.6500000e+02  -1.3230367e+02   6.0000000e+00   4.0580911e+02  -1.8380037e+02  -3.0000000e+01   1.5310151e+02
  -1.6500000e+02  -1.3085455e+02   6.0000000e+00   4.0757930e+02  -1.8356291e+02  -3.0000000e+01   1.5494226e+02
  -1.6500000e+02  -1.2689595e+02   6.0000000e+00   4.1167404e+02  -1.8365368e+02  -3.0000000e+01   1.5648514e+02
  -1.6500000e+02  -1.2493180e+02   6.0000000e+00   4.1521767e+02  -1.8307647e+02  -3.0000000e+01   1.5831888e+02
  -1.6500000e+02  -1.2465986e+02   6.0000000e+00   4.1737470e+02  -1.8190517e+02  -3.0000000e+01   1.6157131e+02
  -1.6500000e+02  -1.2421189e+02   6.0000000e+00   4.1954691e+02  -1.8079730e+02  -3.0000000e+01   1.6409239e+02
  -1.6500000e+02  -1.2363854e+02   6.0000000e+00   4.2149048e+02  -1.8016968e+02  -3.0000000e+01   1.6610462e+02
  -1.6500000e+02  -1.2315061e+02   6.0000000e+00   4.2374003e+02  -1.7923922e+02  -3.0000000e+01   1.6874027e+02
  -1.6500000e+02  -1.2265105e+02   6.0000000e+00   4.2604773e+02  -1.7771588e+02  -3.0000000e+01   1.7077746e+02
  -1.6500000e+02  -1.2165807e+02   6.0000000e+00   4.2777646e+02  -1.7671916e+02  -3.0000000e+01   1.7311819e+02
  -1.6500000e+02  -1.2092590e+02   6.0000000e+00   4.2992655e+02  -1.7464326e+02  -3.0000000e+01   1.7550903e+02
  -1.6500000e+02  -1.2064232e+02   6.0000000e+00   4.3204263e+02  -1.7261336e+02  -3.0000000e+01   1.7881378e+02
  -1.6500000e+02  -1.1967426e+02   6.0000000e+00   4.3408007e+02  -1.6811944e+02  -3.0000000e+01   1.7950466e+02
  -1.6500000e+02  -1.1896119e+02   6.0000000e+00   4.3629825e+02  -1.6436428e+02  -3.0000000e+01   1.8056884e+02
  -1.6500000e+02  -1.1747047e+02   6.0000000e+00   4.3785628e+02  -1.6027946e+02  -3.0000000e+01   1.8111319e+02
  -1.6500000e+02  -1.1471204e+02   6.0000000e+00   4.3574708e+02  -1.5877694e+02  -3.0000000e+01   1.8325016e+02
  -1.6500000e+02  -1.1250764e+02   6.0000000e+00   4.3249215e+02  -1.5894868e+02  -3.0000000e+01   1.8452386e+02
  -1.6500000e+02  -1.1273737e+02   6.0000000e+00   4.2750249e+02  -1.6165936e+02  -3.0000000e+01   1.8580078e+02
  -1.6500000e+02  -1.1433713e+02   6.0000000e+00   4.2348599e+02  -1.6767643e+02  -3.0000000e+01   1.7718719e+02
  -1.6500000e+02  -1.1682539e+02   6.0000000e+00   4.1827487e+02  -1.7338343e+02  -3.0000000e+01   1.7017688e+02
  -1.6500000e+02  -1.1931268e+02   6.0000000e+00   4.1292088e+02  -1.7889197e+02  -3.0000000e+01   1.6373026e+02
  -1.6500000e+02  -1.2039337e+02   6.0000000e+00   4.0800936e+02  -1.8390884e+02  -3.0000000e+01   1.6061567e+02
  -1.6500000e+02  -1.2228773e+02   6.0000000e+00   4.0359371e+02  -1.8917742e+02  -3.0000000e+01   1.5693765e+02
  -1.6500000e+02  -1.2410051e+02   6.0000000e+00   4.0009875e+02  -1.9640028e+02  -3.0000000e+01   1.5447782e+02
  -1.6500000e+02  -1.2525034e+02   6.0000000e+00   3.9802422e+02  -2.0197768e+02  -3.0000000e+01   1.5185399e+02
  -1.6500000e+02  -1.2687521e+02   6.0000000e+00   3.9677702e+02  -2.0560492e+02  -3.0000000e+01   1.4979126e+02
  -1.6500000e+02  -1.2860414e+02   6.0000000e+00   3.9650230e+02  -2.0720796e+02  -3.0000000e+01   1.4578406e+02
  -1.6500000e+02  -1.3084850e+02   6.0000000e+00   3.9717217e+02  -2.0753542e+02  -3.0000000e+01   1.4199605e+02
  -1.6500000e+02  -1.3254544e+02   6.0000000e+00   3.9753134e+02  -2.0697420e+02  -3.0000000e+01   1.3892572e+02
  -1.6500000e+02  -1.3252560e+02   6.0000000e+00   3.9697542e+02  -2.0469379e+02  -3.0000000e+01   1.3731396e+02
  -1.6500000e+02  -1.3347072e+02   6.0000000e+00   3.9580031e+02  -2.0237000e+02  -3.0000000e+01   1.3518689e+02
  -1.6500000e+02  -1.3420282e+02   6.0000000e+00   3.9432176e+02  -1.9997233e+02  -3.0000000e+01   1.3347379e+02
  -1.6500000e+02  -1.3463418e+02   6.0000000e+00   3.9301128e+02  -1.9738545e+02  -3.0000000e+01   1.3274409e+02
  -1.6500000e+02  -1.3415853e+02   6.0000000e+00   3.9296575e+02  -1.9557985e+02  -3.0000000e+01   1.3243862e+02
  -1.6500000e+02  -1.3410159e+02   6.0000000e+00   3.9317774e+02  -1.9381840e+02  -3.0000000e+01   1.3201206e+02
  -1.6500000e+02  -1.3582577e+02   6.0000000e+00   3.9197798e+02  -1.9154082e+02  -3.0000000e+01   1.3227699e+02
  -1.6500000e+02  -1.3650805e+02   6.0000000e+00   3.9136546e+02  -1.8907364e+02  -3.0000000e+01   1.3240725e+02
  -1.6500000e+02  -1.3815200e+02   6.0000000e+00   3.9064763e+02  -1.8726067e+02  -3.0000000e+01   1.3240017e+02
  -1.6500000e+02  -1.3957509e+02   6.0000000e+00   3.8968139e+02  -1.8542352e+02  -3.0000000e+01   1.3246902e+02
  -1.6500000e+02  -1.3906196e+02   6.0000000e+00   3.9034830e+02  -1.8381343e+02  -3.0000000e+01   1.3252541e+02
  -1.6500000e+02  -1.3926536e+02   6.0000000e+00   3.9118688e+02  -1.8228409e+02  -3.0000000e+01   1.3394697e+02
  -1.6500000e+02  -1.3839473e+02   6.0000000e+00   3.9278732e+02  -1.8112587e+02  -3.0000000e+01   1.3524805e+02
  -1.6500000e+02  -1.3742734e+02   6.0000000e+00   3.9450740e+02  -1.8027270e+02  -3.0000000e+01   1.3739737e+02
  -1.6500000e+02  -1.3663785e+02   6.0000000e+00   3.9649231e+02  -1.7950701e+02  -3.0000000e+01   1.3981410e+02
  -1.6500000e+02  -1.3454901e+02   6.0000000e+00   3.9993102e+02  -1.7934362e+02  -3.0000000e+01   1.4206321e+02
  -1.6500000e+02  -1.3204634e+02   6.0000000e+00   4.0320810e+02  -1.7956251e+02  -3.0000000e+01   1.4530709e+02
  -1.6500000e+02  -1.2973580e+02   6.0000000e+00   4.0658090e+02  -1.8016259e+02  -3.0000000e+01   1.4866118e+02
  -1.6500000e+02  -1.2851569e+02   6.0000000e+00   4.0939925e+02  -1.8052638e+02  -3.0000000e+01   1.5187872e+02
  -1.6500000e+02  -1.2734481e+02   6.0000000e+00   4.1225202e+02  -1.8036061e+02  -3.0000000e+01   1.5468094e+02
  -1.6500000e+02  -1.2666758e+02   6.0000000e+00   4.1435329e+02  -1.7980133e+02  -3.0000000e+01   1.5804384e+02
  -1.6500000e+02  -1.2574778e+02   6.0000000e+00   4.1630536e+02  -1.7993823e+02  -3.0000000e+01   1.6140052e+02
  -1.6500000e+02  -1.2499038e+02   6.0000000e+00   4.1878372e+02  -1.7955834e+02  -3.0000000e+01   1.6323147e+02
  -1.6500000e+02  -1.2448037e+02   6.0000000e+00   4.2142691e+02  -1.7850163e+02  -3.0000000e+01   1.6562043e+02
  -1.6500000e+02  -1.2382276e+02   6.0000000e+00   4.2389085e+02  -1.7743132e+02  -3.0000000e+01   1.6807916e+02
  -1.6500000e+02  -1.2286331e+02   6.0000000e+00   4.2589379e+02  -1.7641796e+02  -3.0000000e+01   1.7116167e+02
  -1.6500000e+02  -1.2111728e+02   6.0000000e+00   4.2878936e+02  -1.7559229e+02  -3.0000000e+01   1.7198446e+02
  -1.6500000e+02  -1.1948184e+02   6.0000000e+00   4.3140828e+02  -1.7477924e+02  -3.0000000e+01   1.7408265e+02
  -1.6500000e+02  -1.1802620e+02   6.0000000e+00   4.3352418e+02  -1.7431383e+02  -3.0000000e+01   1.7555105e+02
  -1.6500000e+02  -1.1827811e+02   6.0000000e+00   4.3434495e+02  -1.7133373e+02  -3.0000000e+01   1.7525884e+02
  -1.6500000e+02  -1.1855127e+02   6.0000000e+00   4.3491533e+02  -1.6914438e+02  -3.0000000e+01   1.7442116e+02
