  -1.4602280e+01  -3.2126040e+02   3.0458837e+00   1.3535897e+02  -2.0341859e+01   3.3436422e+01   1.6457579e+02
  -1.3083185e+01  -3.2149846e+02   3.6951127e+00   1.3454198e+02  -1.8950913e+01   3.3253298e+01   1.6659055e+02
  -1.1564090e+01  -3.2173653e+02   4.3443417e+00   1.3372499e+02  -1.7559967e+01   3.3070174e+01   1.6860531e+02
  -1.0044995e+01  -3.2197459e+02   4.9935707e+00   1.3290800e+02  -1.6169022e+01   3.2887049e+01   1.7062007e+02
  -8.5259000e+00  -3.2221265e+02   5.6427997e+00   1.3209101e+02  -1.4778076e+01   3.2703925e+01   1.7263482e+02
  -8.0000000e+00  -3.2400000e+02   9.1622228e+00   1.4121205e+02  -9.6240253e+00   3.0000000e+01   1.6835802e+02
  -8.0000000e+00  -3.2400000e+02   9.5945398e+00   1.4243070e+02  -8.0244211e+00   3.0000000e+01   1.6705795e+02
  -8.0000000e+00  -3.2400000e+02   9.8855395e+00   1.4312749e+02  -6.5781273e+00   3.0000000e+01   1.6485734e+02
  -8.0000000e+00  -3.2400000e+02   9.8090022e+00   1.4378935e+02  -5.5414345e+00   3.0000000e+01   1.6315847e+02
  -8.0000000e+00  -3.2400000e+02   9.7615984e+00   1.4490407e+02  -4.6638787e+00   3.0000000e+01   1.6199295e+02
  -8.0000000e+00  -3.2400000e+02   1.0206266e+01   1.4599484e+02  -4.3635131e+00   3.0000000e+01   1.6101905e+02
  -8.0000000e+00  -3.2400000e+02   9.9484403e+00   1.4636623e+02  -3.7622134e+00   3.0000000e+01   1.5850386e+02
  -8.0000000e+00  -3.2400000e+02   1.0397522e+01   1.4717138e+02  -3.4749820e+00   3.0000000e+01   1.5771977e+02
  -8.0000000e+00  -3.2400000e+02   1.0538546e+01   1.4763761e+02  -3.5345292e+00   3.0000000e+01   1.5730393e+02
  -8.0000000e+00  -3.2400000e+02   1.0837105e+01   1.4826952e+02  -3.5514807e+00   3.0000000e+01   1.5645845e+02
  -8.0000000e+00  -3.2400000e+02   1.1074037e+01   1.4882543e+02  -3.6201093e+00   3.0000000e+01   1.5538242e+02
  -8.0000000e+00  -3.2400000e+02   1.1548157e+01   1.4885660e+02  -3.4282998e+00   3.0000000e+01   1.5421890e+02
  -8.0000000e+00  -3.2400000e+02   1.1642771e+01   1.4943146e+02  -3.2089925e+00   3.0000000e+01   1.5315407e+02
  -8.0000000e+00  -3.2400000e+02   1.1783101e+01   1.4961035e+02  -2.9610845e+00   3.0000000e+01   1.5213499e+02
  -8.0000000e+00  -3.2400000e+02   1.2149037e+01   1.4992971e+02  -2.4780110e+00   3.0000000e+01   1.5059876e+02
  -8.0000000e+00  -3.2400000e+02   1.1952704e+01   1.5060620e+02  -2.1712875e+00   3.0000000e+01   1.4917827e+02
  -8.0000000e+00  -3.2400000e+02   1.1890844e+01   1.5144746e+02  -1.8888040e+00   3.0000000e+01   1.4763188e+02
  -8.0000000e+00  -3.2400000e+02   1.2599454e+01   1.5141822e+02  -1.8197901e+00   3.0000000e+01   1.4771336e+02
  -8.0000000e+00  -3.2400000e+02   1.2934237e+01   1.5190430e+02  -1.8618165e+00   3.0000000e+01   1.4549092e+02
  -8.0000000e+00  -3.2400000e+02   1.3211971e+01   1.5239602e+02  -1.8092252e+00   3.0000000e+01   1.4646998e+02
  -8.0000000e+00  -3.2400000e+02   1.2642398e+01   1.5212125e+02  -1.1181436e+00   3.0000000e+01   1.4719423e+02
  -8.0000000e+00  -3.2400000e+02   1.3235078e+01   1.5216257e+02  -9.3685430e-01   3.0000000e+01   1.4786777e+02
  -8.0000000e+00  -3.2400000e+02   1.2912507e+01   1.5194017e+02   2.3855648e-01   3.0000000e+01   1.4840783e+02
  -8.0000000e+00  -3.2400000e+02   1.3277317e+01   1.5142375e+02   1.0861890e+00   3.0000000e+01   1.4852476e+02
  -8.0000000e+00  -3.2400000e+02   1.3932141e+01   1.5097110e+02   1.9310841e+00   3.0000000e+01   1.5039786e+02
  -8.0000000e+00  -3.2400000e+02   1.5119302e+01   1.5043024e+02   3.2883796e+00   3.0000000e+01   1.5059954e+02
  -8.0000000e+00  -3.2400000e+02   1.5912679e+01   1.4949317e+02   4.1695073e+00   3.0000000e+01   1.5145187e+02
  -8.0000000e+00  -3.2400000e+02   1.6460608e+01   1.4870397e+02   5.3105594e+00   3.0000000e+01   1.5381422e+02
  -8.0000000e+00  -3.2400000e+02   1.6647665e+01   1.4838464e+02   6.2481091e+00   3.0000000e+01   1.5622282e+02
  -8.0000000e+00  -3.2400000e+02   1.6318534e+01   1.4712346e+02   7.6611811e+00   3.0000000e+01   1.5795449e+02
  -8.0000000e+00  -3.2400000e+02   1.6374622e+01   1.4617823e+02   8.8995948e+00   3.0000000e+01   1.5884031e+02
  -8.0000000e+00  -3.2400000e+02   1.7107694e+01   1.4507976e+02   9.4714029e+00   3.0000000e+01   1.5834082e+02
  -8.0000000e+00  -3.2400000e+02   1.7507933e+01   1.4471310e+02   9.9571987e+00   3.0000000e+01   1.6039891e+02
  -8.0000000e+00  -3.2400000e+02   1.7659801e+01   1.4360704e+02   1.0898558e+01   3.0000000e+01   1.6160202e+02
  -8.0000000e+00  -3.2400000e+02   1.8301337e+01   1.4316351e+02   1.1329426e+01   3.0000000e+01   1.6184706e+02
  -8.0000000e+00  -3.2400000e+02   1.8936416e+01   1.4295545e+02   1.1949776e+01   3.0000000e+01   1.6346007e+02
  -8.0000000e+00  -3.2400000e+02   1.9339138e+01   1.4249716e+02   1.2459290e+01   3.0000000e+01   1.6417316e+02
  -8.0000000e+00  -3.2400000e+02   1.9885934e+01   1.4177425e+02   1.2979574e+01   3.0000000e+01   1.6479210e+02
  -8.0000000e+00  -3.2400000e+02   2.0318512e+01   1.4126506e+02   1.3791060e+01   3.0000000e+01   1.6640438e+02
  -8.0000000e+00  -3.2400000e+02   2.0282345e+01   1.4068814e+02   1.5189787e+01   3.0000000e+01   1.6605721e+02
  -8.0000000e+00  -3.2400000e+02   2.0373755e+01   1.4009010e+02   1.6348340e+01   3.0000000e+01   1.6786543e+02
  -8.0000000e+00  -3.2400000e+02   2.0618108e+01   1.3987277e+02   1.7517628e+01   3.0000000e+01   1.6894852e+02
  -8.0000000e+00  -3.2400000e+02   2.1069370e+01   1.3949150e+02   1.7978979e+01   3.0000000e+01   1.7010188e+02
  -8.0000000e+00  -3.2400000e+02   2.1115899e+01   1.3953159e+02   1.8216204e+01   3.0000000e+01   1.7064211e+02
  -8.0000000e+00  -3.2400000e+02   2.1169618e+01   1.3966402e+02   1.8716245e+01   3.0000000e+01   1.7125841e+02
  -8.0000000e+00  -3.2400000e+02   2.0668298e+01   1.4004263e+02   1.8594153e+01   3.0000000e+01   1.7277186e+02
  -8.0000000e+00  -3.2400000e+02   1.9363856e+01   1.4194883e+02   1.6543730e+01   3.0000000e+01   1.7439744e+02
  -8.0000000e+00  -3.2400000e+02   1.5450973e+01   1.5070129e+02   1.2123366e+01   3.0000000e+01   1.7794400e+02
  -8.0000000e+00  -3.2400000e+02   1.4613685e+01   1.5814876e+02   5.8073064e+00   3.0000000e+01   1.7627904e+02
  -8.0000000e+00  -3.2400000e+02   1.1765960e+01   1.6044956e+02  -3.3969179e+00   3.0000000e+01   1.7980193e+02
  -8.0000000e+00  -3.2400000e+02   1.0446910e+01   1.5805696e+02  -1.2339268e+01   3.0000000e+01   1.7996029e+02
  -8.0000000e+00  -3.2400000e+02   8.9171588e+00   1.5463941e+02  -2.1042940e+01   3.0000000e+01   1.8070173e+02
  -8.0000000e+00  -3.2400000e+02   6.0992701e+00   1.4814679e+02  -2.5204221e+01   3.0000000e+01   1.8275483e+02
  -8.0000000e+00  -3.2400000e+02   3.7122334e+00   1.4178431e+02  -2.8119216e+01   3.0000000e+01   1.8511690e+02
  -8.0000000e+00  -3.2400000e+02   1.3177489e+00   1.3377526e+02  -2.9295422e+01   3.0000000e+01   1.8507255e+02
  -8.0000000e+00  -3.2400000e+02   1.1259493e-01   1.3061281e+02  -2.9382859e+01   3.0000000e+01   1.8389969e+02
  -8.0000000e+00  -3.2400000e+02   2.8889355e-01   1.3081077e+02  -2.9063917e+01   3.0000000e+01   1.8307574e+02
  -8.0000000e+00  -3.2400000e+02  -8.4238433e-02   1.3145247e+02  -2.8591106e+01   3.0000000e+01   1.8203817e+02
  -8.0000000e+00  -3.2400000e+02   8.0268850e-02   1.3196536e+02  -2.8300662e+01   3.0000000e+01   1.8215607e+02
  -8.0000000e+00  -3.2400000e+02   6.5867282e-01   1.3256256e+02  -2.8295417e+01   3.0000000e+01   1.8201198e+02
  -8.0000000e+00  -3.2400000e+02   1.1939630e+00   1.3333228e+02  -2.8400895e+01   3.0000000e+01   1.8215376e+02
  -8.0000000e+00  -3.2400000e+02   1.5537363e+00   1.3384375e+02  -2.7680998e+01   3.0000000e+01   1.8205524e+02
  -8.0000000e+00  -3.2400000e+02   1.0437645e+00   1.3463877e+02  -2.6768630e+01   3.0000000e+01   1.8087096e+02
  -8.0000000e+00  -3.2400000e+02   1.1199770e+00   1.3499746e+02  -2.6048015e+01   3.0000000e+01   1.8105410e+02
  -8.0000000e+00  -3.2400000e+02   1.0463546e+00   1.3532544e+02  -2.5056120e+01   3.0000000e+01   1.8035708e+02
  -8.0000000e+00  -3.2400000e+02   1.2408220e+00   1.3571394e+02  -2.4538211e+01   3.0000000e+01   1.7944227e+02
  -8.0000000e+00  -3.2400000e+02   1.2713967e+00   1.3627149e+02  -2.4093394e+01   3.0000000e+01   1.7728521e+02
  -8.0000000e+00  -3.2400000e+02   1.2518978e+00   1.3717628e+02  -2.2437054e+01   3.0000000e+01   1.7739332e+02
  -8.0000000e+00  -3.2400000e+02   2.6102146e+00   1.3728675e+02  -2.1527165e+01   3.0000000e+01   1.7555205e+02
  -8.0000000e+00  -3.2400000e+02   2.4589218e+00   1.3761833e+02  -2.0386731e+01   3.0000000e+01   1.7471894e+02
  -8.0000000e+00  -3.2400000e+02   2.4630723e+00   1.3789504e+02  -1.9341952e+01   3.0000000e+01   1.7441366e+02
  -8.0000000e+00  -3.2400000e+02   2.9420548e+00   1.3812648e+02  -1.8793778e+01   3.0000000e+01   1.7330323e+02
  -8.0000000e+00  -3.2400000e+02   2.7852347e+00   1.3964575e+02  -1.7204394e+01   3.0000000e+01   1.7290009e+02
  -8.0000000e+00  -3.2400000e+02   4.0312554e+00   1.4058947e+02  -1.6415630e+01   3.0000000e+01   1.7068498e+02
  -8.0000000e+00  -3.2400000e+02   4.3189755e+00   1.4170949e+02  -1.5231524e+01   3.0000000e+01   1.7077938e+02
  -8.0000000e+00  -3.2400000e+02   4.2117128e+00   1.4260525e+02  -1.4350211e+01   3.0000000e+01   1.6902803e+02
  -8.0000000e+00  -3.2400000e+02   4.1768992e+00   1.4295658e+02  -1.3291380e+01   3.0000000e+01   1.6809265e+02
  -8.0000000e+00  -3.2400000e+02   4.6699304e+00   1.4306344e+02  -1.2196043e+01   3.0000000e+01   1.6743460e+02
  -8.0000000e+00  -3.2400000e+02   5.3009538e+00   1.4367374e+02  -1.1363743e+01   3.0000000e+01   1.6730925e+02
  -8.0000000e+00  -3.2400000e+02   5.5192450e+00   1.4429233e+02  -1.0081304e+01   3.0000000e+01   1.6639633e+02
  -8.0000000e+00  -3.2400000e+02   5.5418653e+00   1.4428110e+02  -9.1054188e+00   3.0000000e+01   1.6641243e+02
  -8.0000000e+00  -3.2400000e+02   5.6610613e+00   1.4522763e+02  -7.9045569e+00   3.0000000e+01   1.6626313e+02
  -8.0000000e+00  -3.2400000e+02   6.1101478e+00   1.4597341e+02  -7.0867643e+00   3.0000000e+01   1.6572130e+02
  -8.0000000e+00  -3.2400000e+02   6.8880580e+00   1.4583636e+02  -6.7518053e+00   3.0000000e+01   1.6467487e+02
  -8.0000000e+00  -3.2400000e+02   7.0149276e+00   1.4655299e+02  -5.6899262e+00   3.0000000e+01   1.6461500e+02
  -8.0000000e+00  -3.2400000e+02   7.4428433e+00   1.4615179e+02  -4.9083698e+00   3.0000000e+01   1.6444753e+02
  -8.0000000e+00  -3.2400000e+02   7.6614279e+00   1.4640295e+02  -4.4348366e+00   3.0000000e+01   1.6387659e+02
  -8.0000000e+00  -3.2400000e+02   8.2718194e+00   1.4675374e+02  -4.2055674e+00   3.0000000e+01   1.6332335e+02
  -8.0000000e+00  -3.2400000e+02   8.7562665e+00   1.4670550e+02  -3.3190149e+00   3.0000000e+01   1.6235310e+02
  -8.0000000e+00  -3.2400000e+02   8.9985045e+00   1.4689803e+02  -2.9857442e+00   3.0000000e+01   1.6176465e+02
  -8.0000000e+00  -3.2400000e+02   9.2598382e+00   1.4698601e+02  -2.7754356e+00   3.0000000e+01   1.6235022e+02
  -8.0000000e+00  -3.2400000e+02   9.8523619e+00   1.4671863e+02  -2.4299949e+00   3.0000000e+01   1.6204239e+02
  -8.0000000e+00  -3.2400000e+02   1.0500789e+01   1.4674916e+02  -2.1082847e+00   3.0000000e+01   1.6097640e+02
  -8.0000000e+00  -3.2400000e+02   1.1140641e+01   1.4689355e+02  -1.8185095e+00   3.0000000e+01   1.6077887e+02
  -8.0000000e+00  -3.2400000e+02   1.1243163e+01   1.4714487e+02  -1.0413513e+00   3.0000000e+01   1.6079370e+02
  -8.0000000e+00  -3.2400000e+02   1.1484518e+01   1.4700226e+02  -6.0255984e-01   3.0000000e+01   1.6065936e+02
  -8.0000000e+00  -3.2400000e+02   1.1867113e+01   1.4739407e+02  -7.7693446e-02   3.0000000e+01   1.6011596e+02
  -8.0000000e+00  -3.2400000e+02   1.2145333e+01   1.4764474e+02   4.7470018e-01   3.0000000e+01   1.5999555e+02
  -8.0000000e+00  -3.2400000e+02   1.2361377e+01   1.4770747e+02   1.0973589e+00   3.0000000e+01   1.6032732e+02
  -8.0000000e+00  -3.2400000e+02   1.2513257e+01   1.4783125e+02   1.8376039e+00   3.0000000e+01   1.5954908e+02
  -8.0000000e+00  -3.2400000e+02   1.2674520e+01   1.4732165e+02   2.2163618e+00   3.0000000e+01   1.6015458e+02
  -8.0000000e+00  -3.2400000e+02   1.2834750e+01   1.4750647e+02   2.5720264e+00   3.0000000e+01   1.5974130e+02
  -8.0000000e+00  -3.2400000e+02   1.3209641e+01   1.4722474e+02   2.8205933e+00   3.0000000e+01   1.6041348e+02
  -8.0000000e+00  -3.2400000e+02   1.3602508e+01   1.4724878e+02   3.0221963e+00   3.0000000e+01   1.6075356e+02
  -8.0000000e+00  -3.2400000e+02   1.4216116e+01   1.4712746e+02   3.3107538e+00   3.0000000e+01   1.6173719e+02
  -8.0000000e+00  -3.2400000e+02   1.4628762e+01   1.4605392e+02   3.2026667e+00   3.0000000e+01   1.6232094e+02
  -8.0000000e+00  -3.2400000e+02   1.5208509e+01   1.4513804e+02   3.6288934e+00   3.0000000e+01   1.6260820e+02
  -8.0000000e+00  -3.2400000e+02   1.5792294e+01   1.4446000e+02   4.1435989e+00   3.0000000e+01   1.6395272e+02
  -8.0000000e+00  -3.2400000e+02   1.5876090e+01   1.4428050e+02   4.4232769e+00   3.0000000e+01   1.6340819e+02
  -8.0000000e+00  -3.2400000e+02   1.5800886e+01   1.4429686e+02   4.8667954e+00   3.0000000e+01   1.6494252e+02
  -8.0000000e+00  -3.2400000e+02   1.5788561e+01   1.4353070e+02   5.3851563e+00   3.0000000e+01   1.6462371e+02
  -8.0000000e+00  -3.2400000e+02   1.5476902e+01   1.4293741e+02   6.0848938e+00   3.0000000e+01   1.6551535e+02
  -8.0000000e+00  -3.2400000e+02   1.6005365e+01   1.4229925e+02   6.9259479e+00   3.0000000e+01   1.6564844e+02
  -8.0000000e+00  -3.2400000e+02   1.6430435e+01   1.4137689e+02   6.7825093e+00   3.0000000e+01   1.6655936e+02
  -8.0000000e+00  -3.2400000e+02   1.6838190e+01   1.4094799e+02   6.5082170e+00   3.0000000e+01   1.6860827e+02
  -8.0000000e+00  -3.2400000e+02   1.7433331e+01   1.4049749e+02   6.4704156e+00   3.0000000e+01   1.6842449e+02
  -8.0000000e+00  -3.2400000e+02   1.7629721e+01   1.4038577e+02   6.8878743e+00   3.0000000e+01   1.6822967e+02
  -8.0000000e+00  -3.2400000e+02   1.7644215e+01   1.4069343e+02   7.4210968e+00   3.0000000e+01   1.6915354e+02
  -8.0000000e+00  -3.2400000e+02   1.7733810e+01   1.4047429e+02   8.0164908e+00   3.0000000e+01   1.6957476e+02
  -8.0000000e+00  -3.2400000e+02   1.7743815e+01   1.4051943e+02   8.8630432e+00   3.0000000e+01   1.6904006e+02
  -8.0000000e+00  -3.2400000e+02   1.7568344e+01   1.4049035e+02   9.5560212e+00   3.0000000e+01   1.6995578e+02
  -8.0000000e+00  -3.2400000e+02   1.7524958e+01   1.4058737e+02   1.0530394e+01   3.0000000e+01   1.7030585e+02
  -8.0000000e+00  -3.2400000e+02   1.7498120e+01   1.4055467e+02   1.1486111e+01   3.0000000e+01   1.7063162e+02
  -8.0000000e+00  -3.2400000e+02   1.7344332e+01   1.4052157e+02   1.1787479e+01   3.0000000e+01   1.7175964e+02
  -8.0000000e+00  -3.2400000e+02   1.7709729e+01   1.4071644e+02   1.2492697e+01   3.0000000e+01   1.7198456e+02
  -8.0000000e+00  -3.2400000e+02   1.7781277e+01   1.4044409e+02   1.2708881e+01   3.0000000e+01   1.7259952e+02
  -8.0000000e+00  -3.2400000e+02   1.7995185e+01   1.4025392e+02   1.3123964e+01   3.0000000e+01   1.7297313e+02
  -8.0000000e+00  -3.2400000e+02   1.7902758e+01   1.3995369e+02   1.3358879e+01   3.0000000e+01   1.7222623e+02
  -8.0000000e+00  -3.2400000e+02   1.8115013e+01   1.3980707e+02   1.3918508e+01   3.0000000e+01   1.7298451e+02
  -8.0000000e+00  -3.2400000e+02   1.7569782e+01   1.4031521e+02   1.3886904e+01   3.0000000e+01   1.7364959e+02
  -8.0000000e+00  -3.2400000e+02   1.6896025e+01   1.4538196e+02   1.2042284e+01   3.0000000e+01   1.7578563e+02
  -8.0000000e+00  -3.2400000e+02   1.5470222e+01   1.5165468e+02   8.9971626e+00   3.0000000e+01   1.7176590e+02
  -8.0000000e+00  -3.2400000e+02   1.4314135e+01   1.5858186e+02   4.9364870e+00   3.0000000e+01   1.6814879e+02
  -8.0000000e+00  -3.2400000e+02   1.3961878e+01   1.6042772e+02  -2.7886512e+00   3.0000000e+01   1.6643005e+02
  -8.0000000e+00  -3.2400000e+02   1.3056324e+01   1.5870240e+02  -1.0981769e+01   3.0000000e+01   1.6607188e+02
  -8.0000000e+00  -3.2400000e+02   1.2268735e+01   1.5572660e+02  -1.9720145e+01   3.0000000e+01   1.6816709e+02
  -8.0000000e+00  -3.2400000e+02   1.1014301e+01   1.5258388e+02  -2.5934464e+01   3.0000000e+01   1.6809615e+02
  -8.0000000e+00  -3.2400000e+02   9.0352355e+00   1.5004942e+02  -2.9228031e+01   3.0000000e+01   1.6508089e+02
  -8.0000000e+00  -3.2400000e+02   6.5747708e+00   1.4794063e+02  -2.9503959e+01   3.0000000e+01   1.6327386e+02
  -8.0000000e+00  -3.2400000e+02   4.7177545e+00   1.4518317e+02  -2.8554407e+01   3.0000000e+01   1.5785610e+02
  -8.0000000e+00  -3.2400000e+02   4.3230399e+00   1.4495733e+02  -2.6455053e+01   3.0000000e+01   1.5651626e+02
  -8.0000000e+00  -3.2400000e+02   4.9398498e+00   1.4678179e+02  -2.5316053e+01   3.0000000e+01   1.5271055e+02
  -8.0000000e+00  -3.2400000e+02   5.2525083e+00   1.4845861e+02  -2.4544379e+01   3.0000000e+01   1.4752844e+02
  -8.0000000e+00  -3.2400000e+02   6.1100483e+00   1.5031203e+02  -2.3942142e+01   3.0000000e+01   1.4603012e+02
  -8.0000000e+00  -3.2400000e+02   6.0230903e+00   1.5034684e+02  -2.3551007e+01   3.0000000e+01   1.4593004e+02
  -8.0000000e+00  -3.2400000e+02   6.0698861e+00   1.5109355e+02  -2.3221910e+01   3.0000000e+01   1.4477479e+02
  -8.0000000e+00  -3.2400000e+02   5.8018105e+00   1.5075128e+02  -2.1889872e+01   3.0000000e+01   1.4600914e+02
  -8.0000000e+00  -3.2400000e+02   6.1557840e+00   1.5136005e+02  -2.1025818e+01   3.0000000e+01   1.4579535e+02
  -8.0000000e+00  -3.2400000e+02   6.4691003e+00   1.5105811e+02  -2.0034353e+01   3.0000000e+01   1.4637542e+02
  -8.0000000e+00  -3.2400000e+02   5.9664957e+00   1.5068384e+02  -1.8926956e+01   3.0000000e+01   1.4630566e+02
  -8.0000000e+00  -3.2400000e+02   6.4523026e+00   1.5038522e+02  -1.8241826e+01   3.0000000e+01   1.4652152e+02
  -8.0000000e+00  -3.2400000e+02   6.7013307e+00   1.5027784e+02  -1.7822584e+01   3.0000000e+01   1.4621388e+02
  -8.0000000e+00  -3.2400000e+02   6.1035127e+00   1.5088746e+02  -1.6067525e+01   3.0000000e+01   1.4684319e+02
  -8.0000000e+00  -3.2400000e+02   6.9519375e+00   1.5113025e+02  -1.5045209e+01   3.0000000e+01   1.4674462e+02
  -8.0000000e+00  -3.2400000e+02   6.9348934e+00   1.5149826e+02  -1.3960318e+01   3.0000000e+01   1.4673596e+02
  -8.0000000e+00  -3.2400000e+02   7.0613888e+00   1.5144851e+02  -1.2827115e+01   3.0000000e+01   1.4685884e+02
  -8.0000000e+00  -3.2400000e+02   7.6907116e+00   1.5193610e+02  -1.2141373e+01   3.0000000e+01   1.4532335e+02
  -8.0000000e+00  -3.2400000e+02   8.1887278e+00   1.5202809e+02  -1.1436180e+01   3.0000000e+01   1.4554313e+02
  -8.0000000e+00  -3.2400000e+02   8.5719372e+00   1.5223148e+02  -1.0377985e+01   3.0000000e+01   1.4596024e+02
  -8.0000000e+00  -3.2400000e+02   8.5150483e+00   1.5248052e+02  -9.5821565e+00   3.0000000e+01   1.4595599e+02
  -8.0000000e+00  -3.2400000e+02   8.8133671e+00   1.5241626e+02  -8.4483382e+00   3.0000000e+01   1.4704496e+02
  -8.0000000e+00  -3.2400000e+02   9.0533999e+00   1.5258712e+02  -7.5543846e+00   3.0000000e+01   1.4648432e+02
  -8.0000000e+00  -3.2400000e+02   8.7532276e+00   1.5195380e+02  -6.4906292e+00   3.0000000e+01   1.4726709e+02
  -8.0000000e+00  -3.2400000e+02   8.3880241e+00   1.5210859e+02  -5.4986658e+00   3.0000000e+01   1.4719357e+02
  -8.0000000e+00  -3.2400000e+02   8.9523567e+00   1.5197568e+02  -4.9860379e+00   3.0000000e+01   1.4829835e+02
  -8.0000000e+00  -3.2400000e+02   9.6794113e+00   1.5175679e+02  -4.3939212e+00   3.0000000e+01   1.4864738e+02
  -8.0000000e+00  -3.2400000e+02   1.0439021e+01   1.5170831e+02  -3.5170934e+00   3.0000000e+01   1.4736112e+02
  -8.0000000e+00  -3.2400000e+02   1.0655521e+01   1.5131658e+02  -2.4271293e+00   3.0000000e+01   1.4721204e+02
  -8.0000000e+00  -3.2400000e+02   1.0530327e+01   1.5104374e+02  -1.4095583e+00   3.0000000e+01   1.4807113e+02
  -8.0000000e+00  -3.2400000e+02   1.0861915e+01   1.5103095e+02  -1.7012343e-01   3.0000000e+01   1.4833370e+02
  -8.0000000e+00  -3.2400000e+02   1.1567037e+01   1.5101574e+02   4.2843777e-01   3.0000000e+01   1.4899801e+02
  -8.0000000e+00  -3.2400000e+02   1.1366844e+01   1.5071733e+02   1.5215960e+00   3.0000000e+01   1.4963313e+02
  -8.0000000e+00  -3.2400000e+02   1.2314334e+01   1.5063565e+02   2.4417556e+00   3.0000000e+01   1.4887839e+02
  -8.0000000e+00  -3.2400000e+02   1.2649065e+01   1.5055578e+02   3.1093271e+00   3.0000000e+01   1.4971693e+02
  -8.0000000e+00  -3.2400000e+02   1.2681482e+01   1.5096082e+02   4.2861722e+00   3.0000000e+01   1.4926263e+02
  -8.0000000e+00  -3.2400000e+02   1.2941006e+01   1.5104240e+02   5.4693202e+00   3.0000000e+01   1.4988010e+02
  -8.0000000e+00  -3.2400000e+02   1.3408384e+01   1.5113762e+02   6.1361355e+00   3.0000000e+01   1.5000547e+02
  -8.0000000e+00  -3.2400000e+02   1.3364228e+01   1.5108587e+02   7.1801190e+00   3.0000000e+01   1.5005188e+02
  -8.0000000e+00  -3.2400000e+02   1.3764153e+01   1.5073056e+02   7.7339212e+00   3.0000000e+01   1.5045697e+02
  -8.0000000e+00  -3.2400000e+02   1.3672317e+01   1.5040458e+02   8.3754751e+00   3.0000000e+01   1.5152342e+02
  -8.0000000e+00  -3.2400000e+02   1.4106855e+01   1.5008918e+02   9.5938617e+00   3.0000000e+01   1.5013329e+02
  -8.0000000e+00  -3.2400000e+02   1.4092208e+01   1.4982740e+02   1.0298839e+01   3.0000000e+01   1.5031628e+02
  -8.0000000e+00  -3.2400000e+02   1.4234245e+01   1.5026005e+02   1.1305405e+01   3.0000000e+01   1.5125467e+02
  -8.0000000e+00  -3.2400000e+02   1.4810054e+01   1.4980074e+02   1.2231926e+01   3.0000000e+01   1.5094516e+02
  -8.0000000e+00  -3.2400000e+02   1.6317409e+01   1.4953067e+02   1.2917295e+01   3.0000000e+01   1.5284328e+02
  -8.0000000e+00  -3.2400000e+02   1.5911406e+01   1.4886333e+02   1.3965366e+01   3.0000000e+01   1.5331584e+02
  -8.0000000e+00  -3.2400000e+02   1.6088558e+01   1.4775811e+02   1.5247600e+01   3.0000000e+01   1.5444464e+02
  -8.0000000e+00  -3.2400000e+02   1.7609181e+01   1.4653641e+02   1.5817410e+01   3.0000000e+01   1.5596945e+02
  -8.0000000e+00  -3.2400000e+02   1.8757605e+01   1.4559355e+02   1.6272117e+01   3.0000000e+01   1.5675580e+02
  -8.0000000e+00  -3.2400000e+02   1.9349647e+01   1.4503978e+02   1.6634049e+01   3.0000000e+01   1.5912099e+02
  -8.0000000e+00  -3.2400000e+02   2.0300233e+01   1.4388110e+02   1.7484557e+01   3.0000000e+01   1.5892558e+02
  -8.0000000e+00  -3.2400000e+02   2.0795469e+01   1.4338108e+02   1.8291260e+01   3.0000000e+01   1.6327410e+02
  -8.0000000e+00  -3.2400000e+02   2.1573128e+01   1.4245493e+02   1.9120924e+01   3.0000000e+01   1.6530717e+02
  -8.0000000e+00  -3.2400000e+02   2.1860518e+01   1.4112281e+02   2.0802784e+01   3.0000000e+01   1.6884633e+02
  -8.0000000e+00  -3.2400000e+02   2.2130778e+01   1.4115650e+02   2.1427348e+01   3.0000000e+01   1.7205797e+02
  -8.0000000e+00  -3.2400000e+02   2.0595782e+01   1.4250529e+02   2.0787862e+01   3.0000000e+01   1.7313886e+02
  -8.0000000e+00  -3.2400000e+02   1.6222829e+01   1.5240602e+02   1.7671120e+01   3.0000000e+01   1.7497215e+02
  -8.0000000e+00  -3.2400000e+02   1.4824219e+01   1.6011284e+02   1.3297081e+01   3.0000000e+01   1.7202594e+02
  -8.0000000e+00  -3.2400000e+02   1.2841893e+01   1.6416036e+02   4.9246514e+00   3.0000000e+01   1.7367812e+02
  -8.0000000e+00  -3.2400000e+02   1.3224989e+01   1.6549696e+02  -3.5570913e+00   3.0000000e+01   1.7310250e+02
  -8.0000000e+00  -3.2400000e+02   1.0741998e+01   1.5490819e+02  -1.1173457e+01   3.0000000e+01   1.7100480e+02
  -8.0000000e+00  -3.2400000e+02   1.1600569e+01   1.6111255e+02  -2.0054892e+01   3.0000000e+01   1.6847861e+02
  -8.0000000e+00  -3.2400000e+02   1.1183888e+01   1.5839418e+02  -2.8160970e+01   3.0000000e+01   1.6144603e+02
  -8.0000000e+00  -3.2400000e+02   8.3748514e+00   1.5217494e+02  -3.3046228e+01   3.0000000e+01   1.6079164e+02
  -8.0000000e+00  -3.2400000e+02   4.8165021e+00   1.4828737e+02  -3.3527109e+01   3.0000000e+01   1.5932754e+02
  -8.0000000e+00  -3.2400000e+02   3.0351998e+00   1.4575929e+02  -3.3035079e+01   3.0000000e+01   1.6048577e+02
  -8.0000000e+00  -3.2400000e+02   2.3847522e+00   1.4425000e+02  -3.1915361e+01   3.0000000e+01   1.5966794e+02
  -8.0000000e+00  -3.2400000e+02   2.1330589e+00   1.4188165e+02  -2.9468922e+01   3.0000000e+01   1.6181115e+02
  -8.0000000e+00  -3.2400000e+02   3.0742891e+00   1.4246323e+02  -2.8478304e+01   3.0000000e+01   1.6017964e+02
  -8.0000000e+00  -3.2400000e+02   2.8571427e+00   1.4338422e+02  -2.7601722e+01   3.0000000e+01   1.5808969e+02
  -8.0000000e+00  -3.2400000e+02   2.4249414e+00   1.4244595e+02  -2.6379127e+01   3.0000000e+01   1.5881387e+02
  -8.0000000e+00  -3.2400000e+02   2.9505399e+00   1.4400652e+02  -2.5489344e+01   3.0000000e+01   1.5956567e+02
  -8.0000000e+00  -3.2400000e+02   2.8862413e+00   1.4443397e+02  -2.4399463e+01   3.0000000e+01   1.5868463e+02
  -8.0000000e+00  -3.2400000e+02   2.7706775e+00   1.4554444e+02  -2.3411493e+01   3.0000000e+01   1.5974147e+02
  -8.0000000e+00  -3.2400000e+02   3.2987685e+00   1.4535980e+02  -2.2510556e+01   3.0000000e+01   1.6005792e+02
  -8.0000000e+00  -3.2400000e+02   2.8981954e+00   1.4594123e+02  -2.1225708e+01   3.0000000e+01   1.5985086e+02
  -8.0000000e+00  -3.2400000e+02   3.1317307e+00   1.4589804e+02  -2.0589719e+01   3.0000000e+01   1.5943346e+02
  -8.0000000e+00  -3.2400000e+02   3.8923733e+00   1.4663537e+02  -1.9580442e+01   3.0000000e+01   1.5800376e+02
  -8.0000000e+00  -3.2400000e+02   4.2137721e+00   1.4680605e+02  -1.8204803e+01   3.0000000e+01   1.5849213e+02
  -8.0000000e+00  -3.2400000e+02   4.1398924e+00   1.4731333e+02  -1.6681826e+01   3.0000000e+01   1.5737342e+02
  -8.0000000e+00  -3.2400000e+02   4.7228105e+00   1.4767492e+02  -1.5772212e+01   3.0000000e+01   1.5575824e+02
  -8.0000000e+00  -3.2400000e+02   4.8066215e+00   1.4821995e+02  -1.4430303e+01   3.0000000e+01   1.5551736e+02
  -8.0000000e+00  -3.2400000e+02   4.9412276e+00   1.4865071e+02  -1.3358732e+01   3.0000000e+01   1.5506542e+02
  -8.0000000e+00  -3.2400000e+02   5.2817993e+00   1.4885770e+02  -1.1987254e+01   3.0000000e+01   1.5478149e+02
  -8.0000000e+00  -3.2400000e+02   5.6065308e+00   1.4874478e+02  -1.0264747e+01   3.0000000e+01   1.5400324e+02
  -8.0000000e+00  -3.2400000e+02   5.9568457e+00   1.4850483e+02  -8.4770260e+00   3.0000000e+01   1.5376007e+02
  -8.0000000e+00  -3.2400000e+02   6.2518423e+00   1.4856238e+02  -7.1364679e+00   3.0000000e+01   1.5418424e+02
  -8.0000000e+00  -3.2400000e+02   6.9785338e+00   1.4874470e+02  -5.9223687e+00   3.0000000e+01   1.5434348e+02
  -8.0000000e+00  -3.2400000e+02   7.5076384e+00   1.4871917e+02  -5.2176903e+00   3.0000000e+01   1.5472070e+02
  -8.0000000e+00  -3.2400000e+02   7.8671894e+00   1.4880382e+02  -4.1572846e+00   3.0000000e+01   1.5450896e+02
  -8.0000000e+00  -3.2400000e+02   8.1759144e+00   1.4868485e+02  -3.2072213e+00   3.0000000e+01   1.5474951e+02
  -8.0000000e+00  -3.2400000e+02   8.6895271e+00   1.4782923e+02  -2.1015528e+00   3.0000000e+01   1.5467510e+02
  -8.0000000e+00  -3.2400000e+02   8.8253673e+00   1.4764581e+02  -1.3749300e+00   3.0000000e+01   1.5461138e+02
  -8.0000000e+00  -3.2400000e+02   9.1972330e+00   1.4724723e+02  -7.4296897e-01   3.0000000e+01   1.5467615e+02
  -8.0000000e+00  -3.2400000e+02   9.6712327e+00   1.4730382e+02  -9.3451369e-02   3.0000000e+01   1.5437182e+02
  -8.0000000e+00  -3.2400000e+02   1.0424968e+01   1.4681708e+02   6.5479441e-01   3.0000000e+01   1.5357775e+02
  -8.0000000e+00  -3.2400000e+02   1.0810482e+01   1.4723798e+02   1.1259751e+00   3.0000000e+01   1.5390658e+02
  -8.0000000e+00  -3.2400000e+02   1.1322432e+01   1.4764113e+02   1.8870814e+00   3.0000000e+01   1.5432007e+02
  -8.0000000e+00  -3.2400000e+02   1.1350737e+01   1.4805567e+02   2.9377982e+00   3.0000000e+01   1.5480154e+02
  -8.0000000e+00  -3.2400000e+02   1.1744686e+01   1.4822546e+02   4.3194627e+00   3.0000000e+01   1.5377278e+02
  -8.0000000e+00  -3.2400000e+02   1.2099721e+01   1.4832558e+02   4.8544474e+00   3.0000000e+01   1.5428253e+02
  -8.0000000e+00  -3.2400000e+02   1.2161794e+01   1.4875303e+02   5.5706027e+00   3.0000000e+01   1.5561453e+02
  -8.0000000e+00  -3.2400000e+02   1.2573535e+01   1.4830946e+02   6.4769142e+00   3.0000000e+01   1.5508391e+02
  -8.0000000e+00  -3.2400000e+02   1.2463388e+01   1.4783163e+02   7.6952562e+00   3.0000000e+01   1.5457391e+02
  -8.0000000e+00  -3.2400000e+02   1.2448129e+01   1.4745564e+02   8.7746923e+00   3.0000000e+01   1.5471377e+02
  -8.0000000e+00  -3.2400000e+02   1.2432169e+01   1.4770097e+02   9.9040342e+00   3.0000000e+01   1.5524331e+02
  -8.0000000e+00  -3.2400000e+02   1.2814556e+01   1.4716799e+02   1.0883461e+01   3.0000000e+01   1.5606438e+02
  -8.0000000e+00  -3.2400000e+02   1.3372675e+01   1.4720267e+02   1.1282182e+01   3.0000000e+01   1.5748945e+02
  -8.0000000e+00  -3.2400000e+02   1.3506053e+01   1.4683905e+02   1.1949312e+01   3.0000000e+01   1.5782125e+02
  -8.0000000e+00  -3.2400000e+02   1.3175229e+01   1.4594906e+02   1.3191593e+01   3.0000000e+01   1.5865095e+02
  -8.0000000e+00  -3.2400000e+02   1.3977046e+01   1.4546438e+02   1.4049179e+01   3.0000000e+01   1.6042894e+02
  -8.0000000e+00  -3.2400000e+02   1.5889810e+01   1.4473972e+02   1.4815658e+01   3.0000000e+01   1.6056661e+02
  -8.0000000e+00  -3.2400000e+02   1.6218043e+01   1.4392528e+02   1.5666108e+01   3.0000000e+01   1.6267900e+02
  -8.0000000e+00  -3.2400000e+02   1.6737619e+01   1.4330090e+02   1.6827285e+01   3.0000000e+01   1.6296809e+02
  -8.0000000e+00  -3.2400000e+02   1.7447279e+01   1.4260032e+02   1.8070123e+01   3.0000000e+01   1.6231144e+02
  -8.0000000e+00  -3.2400000e+02   1.8658993e+01   1.4241775e+02   1.9211925e+01   3.0000000e+01   1.6410496e+02
  -8.0000000e+00  -3.2400000e+02   2.0017505e+01   1.4203393e+02   2.0299685e+01   3.0000000e+01   1.6458391e+02
  -8.0000000e+00  -3.2400000e+02   2.0866613e+01   1.4153636e+02   2.1735701e+01   3.0000000e+01   1.6650538e+02
  -8.0000000e+00  -3.2400000e+02   2.2018873e+01   1.4141881e+02   2.3007493e+01   3.0000000e+01   1.6915002e+02
  -8.0000000e+00  -3.2400000e+02   2.3393141e+01   1.4062639e+02   2.4078025e+01   3.0000000e+01   1.7276560e+02
  -8.0000000e+00  -3.2400000e+02   2.3783542e+01   1.4058499e+02   2.4662985e+01   3.0000000e+01   1.7308280e+02
  -8.0000000e+00  -3.2400000e+02   2.2366507e+01   1.4179946e+02   2.4206637e+01   3.0000000e+01   1.7487664e+02
  -8.0000000e+00  -3.2400000e+02   1.8715844e+01   1.4856531e+02   2.0475887e+01   3.0000000e+01   1.7577669e+02
  -8.0000000e+00  -3.2400000e+02   1.5315508e+01   1.5576571e+02   1.6310878e+01   3.0000000e+01   1.7617654e+02
  -8.0000000e+00  -3.2400000e+02   1.3947898e+01   1.5929330e+02   9.2382972e+00   3.0000000e+01   1.7437989e+02
  -8.0000000e+00  -3.2400000e+02   1.2675468e+01   1.6129414e+02   8.6081909e-01   3.0000000e+01   1.7493361e+02
  -8.0000000e+00  -3.2400000e+02   1.2505606e+01   1.5924555e+02  -7.3702035e+00   3.0000000e+01   1.7264789e+02
  -8.0000000e+00  -3.2400000e+02   1.1609386e+01   1.5556086e+02  -1.5553224e+01   3.0000000e+01   1.7340442e+02
  -8.0000000e+00  -3.2400000e+02   9.2465314e+00   1.5419461e+02  -2.4244526e+01   3.0000000e+01   1.7003555e+02
  -8.0000000e+00  -3.2400000e+02   8.8105617e+00   1.5328020e+02  -3.1352847e+01   3.0000000e+01   1.6925643e+02
  -8.0000000e+00  -3.2400000e+02   8.6054805e+00   1.5277261e+02  -3.6664407e+01   3.0000000e+01   1.6978122e+02
  -8.0000000e+00  -3.2400000e+02   6.6728425e+00   1.5092052e+02  -3.8312918e+01   3.0000000e+01   1.7082848e+02
  -8.0000000e+00  -3.2400000e+02   4.2792990e+00   1.4795209e+02  -3.9243245e+01   3.0000000e+01   1.7054422e+02
  -8.0000000e+00  -3.2400000e+02   1.3819280e+00   1.4309765e+02  -3.7792212e+01   3.0000000e+01   1.7271579e+02
  -8.0000000e+00  -3.2400000e+02  -2.6195375e-01   1.3780473e+02  -3.5026338e+01   3.0000000e+01   1.7151544e+02
  -8.0000000e+00  -3.2400000e+02  -1.0569748e+00   1.3628739e+02  -3.3135781e+01   3.0000000e+01   1.7029796e+02
  -8.0000000e+00  -3.2400000e+02  -1.2866774e+00   1.3663822e+02  -3.1641208e+01   3.0000000e+01   1.6757744e+02
  -8.0000000e+00  -3.2400000e+02  -5.2255991e-01   1.3767661e+02  -3.0438181e+01   3.0000000e+01   1.6763940e+02
  -8.0000000e+00  -3.2400000e+02   2.1750332e-01   1.3911444e+02  -2.9325905e+01   3.0000000e+01   1.6754968e+02
  -8.0000000e+00  -3.2400000e+02   3.1364682e-01   1.4049995e+02  -2.7961014e+01   3.0000000e+01   1.6529374e+02
  -8.0000000e+00  -3.2400000e+02   1.6400159e+00   1.4175401e+02  -2.7039108e+01   3.0000000e+01   1.6466519e+02
  -8.0000000e+00  -3.2400000e+02   2.2590726e+00   1.4257545e+02  -2.5969671e+01   3.0000000e+01   1.6388719e+02
  -8.0000000e+00  -3.2400000e+02   2.1426207e+00   1.4349070e+02  -2.4387374e+01   3.0000000e+01   1.6241982e+02
  -8.0000000e+00  -3.2400000e+02   2.0376549e+00   1.4452268e+02  -2.3184241e+01   3.0000000e+01   1.6158593e+02
  -8.0000000e+00  -3.2400000e+02   3.2116045e+00   1.4463626e+02  -2.2222623e+01   3.0000000e+01   1.6083249e+02
  -8.0000000e+00  -3.2400000e+02   3.0711698e+00   1.4535411e+02  -2.0995663e+01   3.0000000e+01   1.6073807e+02
  -8.0000000e+00  -3.2400000e+02   3.4746497e+00   1.4608262e+02  -1.9135285e+01   3.0000000e+01   1.5859763e+02
  -8.0000000e+00  -3.2400000e+02   4.1816019e+00   1.4699489e+02  -1.7644577e+01   3.0000000e+01   1.5861378e+02
  -8.0000000e+00  -3.2400000e+02   4.7453226e+00   1.4772648e+02  -1.6384020e+01   3.0000000e+01   1.5670617e+02
  -8.0000000e+00  -3.2400000e+02   5.1111508e+00   1.4775396e+02  -1.5389189e+01   3.0000000e+01   1.5597988e+02
  -8.0000000e+00  -3.2400000e+02   5.3781952e+00   1.4882716e+02  -1.4113105e+01   3.0000000e+01   1.5469182e+02
  -8.0000000e+00  -3.2400000e+02   6.1038125e+00   1.4852838e+02  -1.3368315e+01   3.0000000e+01   1.5419987e+02
  -8.0000000e+00  -3.2400000e+02   6.3327915e+00   1.4876749e+02  -1.2388583e+01   3.0000000e+01   1.5427207e+02
  -8.0000000e+00  -3.2400000e+02   6.1682795e+00   1.4894581e+02  -1.0952414e+01   3.0000000e+01   1.5371338e+02
  -8.0000000e+00  -3.2400000e+02   6.6414489e+00   1.4950208e+02  -9.3607604e+00   3.0000000e+01   1.5342101e+02
  -8.0000000e+00  -3.2400000e+02   6.2016325e+00   1.4891408e+02  -7.8874007e+00   3.0000000e+01   1.5439228e+02
  -8.0000000e+00  -3.2400000e+02   6.8615366e+00   1.5003373e+02  -7.1008763e+00   3.0000000e+01   1.5389141e+02
  -8.0000000e+00  -3.2400000e+02   7.3839088e+00   1.5030652e+02  -6.1787911e+00   3.0000000e+01   1.5392363e+02
  -8.0000000e+00  -3.2400000e+02   7.3447822e+00   1.5084633e+02  -5.7718642e+00   3.0000000e+01   1.5296409e+02
  -8.0000000e+00  -3.2400000e+02   7.8267445e+00   1.5104020e+02  -4.7916993e+00   3.0000000e+01   1.5365347e+02
  -8.0000000e+00  -3.2400000e+02   8.0534626e+00   1.5058432e+02  -3.7459896e+00   3.0000000e+01   1.5337448e+02
  -8.0000000e+00  -3.2400000e+02   8.1877534e+00   1.5067036e+02  -2.6326180e+00   3.0000000e+01   1.5382370e+02
  -8.0000000e+00  -3.2400000e+02   8.1375176e+00   1.5090449e+02  -1.7580801e+00   3.0000000e+01   1.5358359e+02
  -8.0000000e+00  -3.2400000e+02   7.9199483e+00   1.5103897e+02  -1.0579689e+00   3.0000000e+01   1.5454011e+02
  -8.0000000e+00  -3.2400000e+02   8.5315952e+00   1.5039342e+02  -6.1946699e-01   3.0000000e+01   1.5437781e+02
  -8.0000000e+00  -3.2400000e+02   8.2786761e+00   1.5105886e+02   1.2053743e-01   3.0000000e+01   1.5447078e+02
  -8.0000000e+00  -3.2400000e+02   8.9954550e+00   1.5115307e+02   1.0354333e+00   3.0000000e+01   1.5430927e+02
  -8.0000000e+00  -3.2400000e+02   9.7601118e+00   1.5106226e+02   1.8428093e+00   3.0000000e+01   1.5586874e+02
  -8.0000000e+00  -3.2400000e+02   1.0169244e+01   1.5024039e+02   2.5592258e+00   3.0000000e+01   1.5589254e+02
  -8.0000000e+00  -3.2400000e+02   1.0806373e+01   1.4932757e+02   3.4535926e+00   3.0000000e+01   1.5570503e+02
  -8.0000000e+00  -3.2400000e+02   1.1479461e+01   1.4922691e+02   4.6274004e+00   3.0000000e+01   1.5521372e+02
