  -1.4602280e+01  -3.2126040e+02   3.0458837e+00   1.3535897e+02  -2.0341859e+01   3.3436422e+01   1.6457579e+02
  -1.1952535e+01  -3.2298280e+02   2.0434340e+00   1.3735468e+02  -1.3020633e+01   3.1322891e+01   1.6720351e+02
  -9.1271877e+00  -3.2400000e+02   4.1788629e+00   1.4104598e+02  -1.0000000e+01   3.0000000e+01   1.6675983e+02
  -9.8369176e+00  -3.2400000e+02   4.6513841e+00   1.4108375e+02  -1.0000000e+01   3.0000000e+01   1.6663780e+02
  -1.0646703e+01  -3.2400000e+02   5.1113255e+00   1.4155664e+02  -1.0000000e+01   3.0000000e+01   1.6688995e+02
  -1.1839895e+01  -3.2400000e+02   5.1180437e+00   1.4172773e+02  -1.0000000e+01   3.0000000e+01   1.6749026e+02
  -1.2667581e+01  -3.2400000e+02   5.4279219e+00   1.4209896e+02  -1.0000000e+01   3.0000000e+01   1.6703885e+02
  -1.3654194e+01  -3.2400000e+02   5.7003149e+00   1.4265797e+02  -1.0000000e+01   3.0000000e+01   1.6487395e+02
  -1.4060828e+01  -3.2400000e+02   5.9369959e+00   1.4326272e+02  -1.0000000e+01   3.0000000e+01   1.6320375e+02
  -1.4440092e+01  -3.2400000e+02   6.1502683e+00   1.4435894e+02  -1.0000000e+01   3.0000000e+01   1.6205980e+02
  -1.4704837e+01  -3.2400000e+02   6.7321695e+00   1.4545699e+02  -1.0000000e+01   3.0000000e+01   1.6109099e+02
  -1.4607425e+01  -3.2400000e+02   7.0818499e+00   1.4588242e+02  -1.0000000e+01   3.0000000e+01   1.5856232e+02
  -1.4862869e+01  -3.2400000e+02   7.5985968e+00   1.4669065e+02  -1.0000000e+01   3.0000000e+01   1.5780229e+02
  -1.4703772e+01  -3.2400000e+02   7.9021320e+00   1.4714568e+02  -1.0000000e+01   3.0000000e+01   1.5740820e+02
  -1.4334510e+01  -3.2400000e+02   8.7755710e+00   1.4790477e+02  -1.0000000e+01   3.0000000e+01   1.5654889e+02
  -1.4328875e+01  -3.2400000e+02   9.0962491e+00   1.4849733e+02  -1.0000000e+01   3.0000000e+01   1.5544156e+02
  -1.4122661e+01  -3.2400000e+02   9.9583534e+00   1.4855692e+02  -1.0000000e+01   3.0000000e+01   1.5430788e+02
  -1.4411394e+01  -3.2400000e+02   9.9203340e+00   1.4910163e+02  -1.0000000e+01   3.0000000e+01   1.5325948e+02
  -1.4693054e+01  -3.2400000e+02   9.9859708e+00   1.4927745e+02  -1.0000000e+01   3.0000000e+01   1.5220738e+02
  -1.5362050e+01  -3.2400000e+02   9.9779929e+00   1.4954518e+02  -1.0000000e+01   3.0000000e+01   1.5062552e+02
  -1.5573868e+01  -3.2400000e+02   9.8221070e+00   1.5021311e+02  -1.0000000e+01   3.0000000e+01   1.4924719e+02
  -1.5481067e+01  -3.2400000e+02   1.0045077e+01   1.5109133e+02  -1.0000000e+01   3.0000000e+01   1.4772363e+02
  -1.6122125e+01  -3.2400000e+02   1.0274502e+01   1.5097193e+02  -1.0000000e+01   3.0000000e+01   1.4781000e+02
  -1.6130662e+01  -3.2400000e+02   1.0661388e+01   1.5150417e+02  -1.0000000e+01   3.0000000e+01   1.4552714e+02
  -1.6338739e+01  -3.2400000e+02   1.0767398e+01   1.5194444e+02  -1.0000000e+01   3.0000000e+01   1.4658467e+02
  -1.6657571e+01  -3.2400000e+02   1.0112713e+01   1.5161195e+02  -1.0000000e+01   3.0000000e+01   1.4728276e+02
  -1.7212324e+01  -3.2400000e+02   1.0400960e+01   1.5159425e+02  -1.0000000e+01   3.0000000e+01   1.4800545e+02
  -1.8127179e+01  -3.2400000e+02   9.8906829e+00   1.5126661e+02  -1.0000000e+01   3.0000000e+01   1.4852512e+02
  -1.9022378e+01  -3.2400000e+02   9.9695568e+00   1.5062587e+02  -1.0000000e+01   3.0000000e+01   1.4866197e+02
  -1.9891524e+01  -3.2400000e+02   1.0506411e+01   1.5011178e+02  -1.0000000e+01   3.0000000e+01   1.5057074e+02
  -2.1262946e+01  -3.2400000e+02   1.0902824e+01   1.4931225e+02  -1.0000000e+01   3.0000000e+01   1.5063645e+02
  -2.1983663e+01  -3.2400000e+02   1.1479733e+01   1.4826536e+02  -1.0000000e+01   3.0000000e+01   1.5160824e+02
  -2.3269786e+01  -3.2400000e+02   1.1183845e+01   1.4714748e+02  -1.0000000e+01   3.0000000e+01   1.5394802e+02
  -2.4690815e+01  -3.2400000e+02   1.0052240e+01   1.4634696e+02  -1.0000000e+01   3.0000000e+01   1.5631928e+02
  -2.5495370e+01  -3.2400000e+02   9.3481853e+00   1.4482369e+02  -1.0000000e+01   3.0000000e+01   1.5805295e+02
  -2.6172545e+01  -3.2400000e+02   9.7047795e+00   1.4396771e+02  -1.0000000e+01   3.0000000e+01   1.5883787e+02
  -2.6373484e+01  -3.2400000e+02   1.0485402e+01   1.4291139e+02  -1.0000000e+01   3.0000000e+01   1.5821138e+02
  -2.7195385e+01  -3.2400000e+02   9.9646674e+00   1.4215744e+02  -1.0000000e+01   3.0000000e+01   1.6035006e+02
  -2.7879523e+01  -3.2400000e+02   9.6851532e+00   1.4086429e+02  -1.0000000e+01   3.0000000e+01   1.6145844e+02
  -2.8203123e+01  -3.2400000e+02   1.0288385e+01   1.4038542e+02  -1.0000000e+01   3.0000000e+01   1.6166470e+02
  -2.8794713e+01  -3.2400000e+02   1.0534481e+01   1.3999982e+02  -1.0000000e+01   3.0000000e+01   1.6330610e+02
  -2.8893647e+01  -3.2400000e+02   1.1194498e+01   1.3964361e+02  -1.0000000e+01   3.0000000e+01   1.6397297e+02
  -2.8822244e+01  -3.2400000e+02   1.2545066e+01   1.3921459e+02  -1.0000000e+01   3.0000000e+01   1.6465608e+02
  -2.9432803e+01  -3.2400000e+02   1.2490123e+01   1.3853379e+02  -1.0000000e+01   3.0000000e+01   1.6615463e+02
  -3.0529099e+01  -3.2400000e+02   1.1744669e+01   1.3765816e+02  -1.0000000e+01   3.0000000e+01   1.6566657e+02
  -3.1407373e+01  -3.2400000e+02   1.1283188e+01   1.3675212e+02  -1.0000000e+01   3.0000000e+01   1.6748899e+02
  -3.2123634e+01  -3.2400000e+02   1.0814628e+01   1.3618929e+02  -1.0000000e+01   3.0000000e+01   1.6846858e+02
  -3.2340569e+01  -3.2400000e+02   1.0846746e+01   1.3555816e+02  -1.0000000e+01   3.0000000e+01   1.6964350e+02
  -3.2750856e+01  -3.2400000e+02   1.0664027e+01   1.3548608e+02  -1.0000000e+01   3.0000000e+01   1.7012672e+02
  -3.3169500e+01  -3.2400000e+02   1.0421525e+01   1.3549407e+02  -1.0000000e+01   3.0000000e+01   1.7066091e+02
  -3.3377461e+01  -3.2400000e+02   1.0012131e+01   1.3586709e+02  -1.0000000e+01   3.0000000e+01   1.7218657e+02
  -3.2485806e+01  -3.2400000e+02   9.6882833e+00   1.3821356e+02  -1.0000000e+01   3.0000000e+01   1.7394285e+02
  -2.9330390e+01  -3.2400000e+02   1.1112296e+01   1.4868536e+02  -1.0000000e+01   3.0000000e+01   1.7815099e+02
  -2.3498079e+01  -3.2400000e+02   1.4091962e+01   1.5807678e+02  -1.0000000e+01   3.0000000e+01   1.7623810e+02
  -1.6447798e+01  -3.2400000e+02   1.0657969e+01   1.6032840e+02  -1.0000000e+01   3.0000000e+01   1.8012395e+02
  -1.0577753e+01  -3.2400000e+02   7.3288870e+00   1.5816752e+02  -1.0000000e+01   3.0000000e+01   1.8002235e+02
  -5.3554607e+00  -3.2400000e+02   3.9498298e+00   1.5552075e+02  -1.0000000e+01   3.0000000e+01   1.8053583e+02
  -1.5365521e+00  -3.2400000e+02   1.8226174e+00   1.4975501e+02  -1.0000000e+01   3.0000000e+01   1.8207399e+02
   4.9288713e-01  -3.2400000e+02   5.6830340e-02   1.4412923e+02  -1.0000000e+01   3.0000000e+01   1.8405206e+02
   2.4340872e+00  -3.2400000e+02  -3.0973914e-01   1.3636261e+02  -1.0000000e+01   3.0000000e+01   1.8396182e+02
   3.1663630e+00  -3.2400000e+02   7.2553604e-02   1.3279932e+02  -1.0000000e+01   3.0000000e+01   1.8304649e+02
   3.2820904e+00  -3.2400000e+02   6.9222266e-01   1.3274500e+02  -1.0000000e+01   3.0000000e+01   1.8229893e+02
   3.3430265e+00  -3.2400000e+02   6.9376635e-01   1.3319718e+02  -1.0000000e+01   3.0000000e+01   1.8134851e+02
   3.2491581e+00  -3.2400000e+02   7.5654882e-01   1.3368947e+02  -1.0000000e+01   3.0000000e+01   1.8139729e+02
   2.9771936e+00  -3.2400000e+02   9.0414360e-01   1.3423866e+02  -1.0000000e+01   3.0000000e+01   1.8146455e+02
   2.8436749e+00  -3.2400000e+02   9.8931108e-01   1.3507346e+02  -1.0000000e+01   3.0000000e+01   1.8162786e+02
   2.0816319e+00  -3.2400000e+02   8.4203075e-01   1.3563168e+02  -1.0000000e+01   3.0000000e+01   1.8140468e+02
   1.8300689e+00  -3.2400000e+02   6.3351099e-01   1.3619541e+02  -1.0000000e+01   3.0000000e+01   1.8030949e+02
   1.4639396e+00  -3.2400000e+02   6.9127055e-01   1.3646374e+02  -1.0000000e+01   3.0000000e+01   1.8046801e+02
   1.1105192e+00  -3.2400000e+02   9.4231269e-01   1.3662795e+02  -1.0000000e+01   3.0000000e+01   1.7981609e+02
   1.0546748e+00  -3.2400000e+02   1.3470964e+00   1.3691677e+02  -1.0000000e+01   3.0000000e+01   1.7888833e+02
   1.3410109e+00  -3.2400000e+02   1.7343118e+00   1.3731089e+02  -1.0000000e+01   3.0000000e+01   1.7681910e+02
   6.0318370e-01  -3.2400000e+02   2.2503638e+00   1.3797808e+02  -1.0000000e+01   3.0000000e+01   1.7691716e+02
  -6.3380829e-01  -3.2400000e+02   2.7600475e+00   1.3807858e+02  -1.0000000e+01   3.0000000e+01   1.7521812e+02
  -1.1730552e+00  -3.2400000e+02   2.7946953e+00   1.3829143e+02  -1.0000000e+01   3.0000000e+01   1.7439752e+02
  -1.9003642e+00  -3.2400000e+02   2.7526915e+00   1.3847841e+02  -1.0000000e+01   3.0000000e+01   1.7411111e+02
  -2.1938398e+00  -3.2400000e+02   3.0878709e+00   1.3866344e+02  -1.0000000e+01   3.0000000e+01   1.7305040e+02
  -3.2837625e+00  -3.2400000e+02   2.9145394e+00   1.4004053e+02  -1.0000000e+01   3.0000000e+01   1.7269629e+02
  -4.7171085e+00  -3.2400000e+02   2.9932979e+00   1.4095926e+02  -1.0000000e+01   3.0000000e+01   1.7059973e+02
  -5.8495922e+00  -3.2400000e+02   2.8650186e+00   1.4202823e+02  -1.0000000e+01   3.0000000e+01   1.7064727e+02
  -6.5109000e+00  -3.2400000e+02   2.5692965e+00   1.4284391e+02  -1.0000000e+01   3.0000000e+01   1.6894778e+02
  -6.6948550e+00  -3.2400000e+02   3.1001548e+00   1.4311709e+02  -1.0000000e+01   3.0000000e+01   1.6802625e+02
  -7.5954454e+00  -3.2400000e+02   3.4050348e+00   1.4315478e+02  -1.0000000e+01   3.0000000e+01   1.6740028e+02
  -8.7395805e+00  -3.2400000e+02   3.3863220e+00   1.4372671e+02  -1.0000000e+01   3.0000000e+01   1.6725283e+02
  -9.7400230e+00  -3.2400000e+02   3.3723825e+00   1.4422436e+02  -1.0000000e+01   3.0000000e+01   1.6641472e+02
  -1.0495872e+01  -3.2400000e+02   3.2813957e+00   1.4411530e+02  -1.0000000e+01   3.0000000e+01   1.6645078e+02
  -1.1483422e+01  -3.2400000e+02   3.1447545e+00   1.4498411e+02  -1.0000000e+01   3.0000000e+01   1.6633964e+02
  -1.2501104e+01  -3.2400000e+02   3.0527240e+00   1.4555075e+02  -1.0000000e+01   3.0000000e+01   1.6594204e+02
  -1.3359675e+01  -3.2400000e+02   3.0571025e+00   1.4537721e+02  -1.0000000e+01   3.0000000e+01   1.6479081e+02
  -1.4204315e+01  -3.2400000e+02   2.9393901e+00   1.4596577e+02  -1.0000000e+01   3.0000000e+01   1.6476592e+02
  -1.4744625e+01  -3.2400000e+02   3.3203943e+00   1.4547261e+02  -1.0000000e+01   3.0000000e+01   1.6464171e+02
  -1.5044020e+01  -3.2400000e+02   3.5896052e+00   1.4571468e+02  -1.0000000e+01   3.0000000e+01   1.6402104e+02
  -1.5070991e+01  -3.2400000e+02   4.4713456e+00   1.4608256e+02  -1.0000000e+01   3.0000000e+01   1.6350843e+02
  -1.5318358e+01  -3.2400000e+02   5.3975409e+00   1.4606600e+02  -1.0000000e+01   3.0000000e+01   1.6252298e+02
  -1.5573713e+01  -3.2400000e+02   5.6353866e+00   1.4628246e+02  -1.0000000e+01   3.0000000e+01   1.6185678e+02
  -1.5664081e+01  -3.2400000e+02   5.9876295e+00   1.4635199e+02  -1.0000000e+01   3.0000000e+01   1.6249328e+02
  -1.5964249e+01  -3.2400000e+02   6.5755532e+00   1.4607662e+02  -1.0000000e+01   3.0000000e+01   1.6216990e+02
  -1.6642937e+01  -3.2400000e+02   6.7254368e+00   1.4601569e+02  -1.0000000e+01   3.0000000e+01   1.6106918e+02
  -1.7277579e+01  -3.2400000e+02   6.8632406e+00   1.4604706e+02  -1.0000000e+01   3.0000000e+01   1.6090131e+02
  -1.7869659e+01  -3.2400000e+02   6.9132367e+00   1.4626466e+02  -1.0000000e+01   3.0000000e+01   1.6086100e+02
  -1.7990720e+01  -3.2400000e+02   7.4048073e+00   1.4613892e+02  -1.0000000e+01   3.0000000e+01   1.6073855e+02
  -1.8319405e+01  -3.2400000e+02   7.8209137e+00   1.4650863e+02  -1.0000000e+01   3.0000000e+01   1.6020315e+02
  -1.8969359e+01  -3.2400000e+02   7.8318036e+00   1.4666524e+02  -1.0000000e+01   3.0000000e+01   1.6008196e+02
  -1.9524869e+01  -3.2400000e+02   7.8666699e+00   1.4664253e+02  -1.0000000e+01   3.0000000e+01   1.6042803e+02
  -2.0130544e+01  -3.2400000e+02   7.9407148e+00   1.4670716e+02  -1.0000000e+01   3.0000000e+01   1.5960206e+02
  -2.0281196e+01  -3.2400000e+02   8.2702723e+00   1.4619877e+02  -1.0000000e+01   3.0000000e+01   1.6024772e+02
  -2.0513791e+01  -3.2400000e+02   8.4863515e+00   1.4640643e+02  -1.0000000e+01   3.0000000e+01   1.5980595e+02
  -2.1048891e+01  -3.2400000e+02   8.5049591e+00   1.4599428e+02  -1.0000000e+01   3.0000000e+01   1.6050929e+02
  -2.1253246e+01  -3.2400000e+02   8.7481895e+00   1.4598297e+02  -1.0000000e+01   3.0000000e+01   1.6084992e+02
  -2.2021873e+01  -3.2400000e+02   8.5343055e+00   1.4560703e+02  -1.0000000e+01   3.0000000e+01   1.6189298e+02
  -2.1908983e+01  -3.2400000e+02   9.0301098e+00   1.4451413e+02  -1.0000000e+01   3.0000000e+01   1.6251018e+02
  -2.2553482e+01  -3.2400000e+02   8.9175498e+00   1.4339736e+02  -1.0000000e+01   3.0000000e+01   1.6272876e+02
  -2.3123906e+01  -3.2400000e+02   8.9702293e+00   1.4250993e+02  -1.0000000e+01   3.0000000e+01   1.6412905e+02
  -2.3307776e+01  -3.2400000e+02   9.0875181e+00   1.4242491e+02  -1.0000000e+01   3.0000000e+01   1.6338272e+02
  -2.3855586e+01  -3.2400000e+02   8.4884083e+00   1.4219150e+02  -1.0000000e+01   3.0000000e+01   1.6503738e+02
  -2.3922537e+01  -3.2400000e+02   8.7098457e+00   1.4148249e+02  -1.0000000e+01   3.0000000e+01   1.6461241e+02
  -2.4253241e+01  -3.2400000e+02   8.2402982e+00   1.4080488e+02  -1.0000000e+01   3.0000000e+01   1.6550077e+02
  -2.4619063e+01  -3.2400000e+02   9.0735789e+00   1.4019019e+02  -1.0000000e+01   3.0000000e+01   1.6569488e+02
  -2.4603286e+01  -3.2400000e+02   9.2857456e+00   1.3926898e+02  -1.0000000e+01   3.0000000e+01   1.6648327e+02
  -2.4803449e+01  -3.2400000e+02   8.9850556e+00   1.3856883e+02  -1.0000000e+01   3.0000000e+01   1.6871797e+02
  -2.4838471e+01  -3.2400000e+02   9.5027813e+00   1.3816472e+02  -1.0000000e+01   3.0000000e+01   1.6836256e+02
  -2.4848751e+01  -3.2400000e+02   9.9179997e+00   1.3809324e+02  -1.0000000e+01   3.0000000e+01   1.6817902e+02
  -2.5803564e+01  -3.2400000e+02   9.2241959e+00   1.3813757e+02  -1.0000000e+01   3.0000000e+01   1.6907791e+02
  -2.5924481e+01  -3.2400000e+02   9.5177709e+00   1.3793530e+02  -1.0000000e+01   3.0000000e+01   1.6948986e+02
  -2.6343146e+01  -3.2400000e+02   9.6651098e+00   1.3801617e+02  -1.0000000e+01   3.0000000e+01   1.6885434e+02
  -2.6711341e+01  -3.2400000e+02   9.6445619e+00   1.3797165e+02  -1.0000000e+01   3.0000000e+01   1.6984244e+02
  -2.7424851e+01  -3.2400000e+02   9.5238485e+00   1.3800425e+02  -1.0000000e+01   3.0000000e+01   1.7010157e+02
  -2.8021022e+01  -3.2400000e+02   9.3107182e+00   1.3780841e+02  -1.0000000e+01   3.0000000e+01   1.7051732e+02
  -2.8332866e+01  -3.2400000e+02   9.0663746e+00   1.3774666e+02  -1.0000000e+01   3.0000000e+01   1.7155553e+02
  -2.8984809e+01  -3.2400000e+02   9.0737418e+00   1.3775670e+02  -1.0000000e+01   3.0000000e+01   1.7172723e+02
  -2.8781040e+01  -3.2400000e+02   9.6010576e+00   1.3766456e+02  -1.0000000e+01   3.0000000e+01   1.7234416e+02
  -2.8994449e+01  -3.2400000e+02   9.5799398e+00   1.3739919e+02  -1.0000000e+01   3.0000000e+01   1.7259199e+02
  -2.9020432e+01  -3.2400000e+02   9.5718025e+00   1.3709802e+02  -1.0000000e+01   3.0000000e+01   1.7192785e+02
  -2.9279361e+01  -3.2400000e+02   9.9632206e+00   1.3698183e+02  -1.0000000e+01   3.0000000e+01   1.7271776e+02
  -2.9213684e+01  -3.2400000e+02   9.7904028e+00   1.3763514e+02  -1.0000000e+01   3.0000000e+01   1.7337055e+02
  -2.8747295e+01  -3.2400000e+02   1.0892271e+01   1.4332315e+02  -1.0000000e+01   3.0000000e+01   1.7563117e+02
  -2.6197767e+01  -3.2400000e+02   1.2547610e+01   1.5081218e+02  -1.0000000e+01   3.0000000e+01   1.7154583e+02
  -2.1630590e+01  -3.2400000e+02   1.4245593e+01   1.5851724e+02  -1.0000000e+01   3.0000000e+01   1.6820215e+02
  -1.5989795e+01  -3.2400000e+02   1.3253134e+01   1.6041544e+02  -1.0000000e+01   3.0000000e+01   1.6647645e+02
  -1.0264784e+01  -3.2400000e+02   1.0826719e+01   1.5875606e+02  -1.0000000e+01   3.0000000e+01   1.6610752e+02
  -5.3730090e+00  -3.2400000e+02   7.8405835e+00   1.5649574e+02  -1.0000000e+01   3.0000000e+01   1.6790396e+02
  -2.1477875e-01  -3.2400000e+02   6.5269167e+00   1.5405695e+02  -1.0000000e+01   3.0000000e+01   1.6763267e+02
   3.6202646e+00  -3.2400000e+02   6.0313513e+00   1.5168741e+02  -1.0000000e+01   3.0000000e+01   1.6458166e+02
   5.2421859e+00  -3.2400000e+02   5.7632494e+00   1.4933641e+02  -1.0000000e+01   3.0000000e+01   1.6249433e+02
   5.4780952e+00  -3.2400000e+02   5.8119863e+00   1.4612635e+02  -1.0000000e+01   3.0000000e+01   1.5738931e+02
   3.9740850e+00  -3.2400000e+02   5.5111938e+00   1.4571566e+02  -1.0000000e+01   3.0000000e+01   1.5589558e+02
   3.2305651e+00  -3.2400000e+02   5.7590685e+00   1.4734805e+02  -1.0000000e+01   3.0000000e+01   1.5225330e+02
   2.5207704e+00  -3.2400000e+02   5.8072306e+00   1.4893483e+02  -1.0000000e+01   3.0000000e+01   1.4716561e+02
   1.6490659e+00  -3.2400000e+02   6.0805720e+00   1.5083325e+02  -1.0000000e+01   3.0000000e+01   1.4560237e+02
   1.2942352e+00  -3.2400000e+02   5.7179257e+00   1.5091677e+02  -1.0000000e+01   3.0000000e+01   1.4546764e+02
   1.2178445e+00  -3.2400000e+02   5.8897788e+00   1.5157961e+02  -1.0000000e+01   3.0000000e+01   1.4434841e+02
   3.3298854e-01  -3.2400000e+02   5.5976088e+00   1.5122781e+02  -1.0000000e+01   3.0000000e+01   1.4561468e+02
  -7.5509947e-01  -3.2400000e+02   5.5183469e+00   1.5179233e+02  -1.0000000e+01   3.0000000e+01   1.4544809e+02
  -1.7826857e+00  -3.2400000e+02   5.4373819e+00   1.5150982e+02  -1.0000000e+01   3.0000000e+01   1.4606415e+02
  -1.9499440e+00  -3.2400000e+02   5.4311856e+00   1.5100023e+02  -1.0000000e+01   3.0000000e+01   1.4612016e+02
  -2.6658906e+00  -3.2400000e+02   5.8283229e+00   1.5069353e+02  -1.0000000e+01   3.0000000e+01   1.4629448e+02
  -3.0396604e+00  -3.2400000e+02   6.0245571e+00   1.5056421e+02  -1.0000000e+01   3.0000000e+01   1.4599796e+02
  -4.2082363e+00  -3.2400000e+02   5.6269022e+00   1.5110584e+02  -1.0000000e+01   3.0000000e+01   1.4667979e+02
  -5.3765466e+00  -3.2400000e+02   6.0094392e+00   1.5131399e+02  -1.0000000e+01   3.0000000e+01   1.4662289e+02
  -6.0641929e+00  -3.2400000e+02   6.0625925e+00   1.5166489e+02  -1.0000000e+01   3.0000000e+01   1.4663929e+02
  -6.6351080e+00  -3.2400000e+02   6.4066385e+00   1.5154006e+02  -1.0000000e+01   3.0000000e+01   1.4679422e+02
  -7.3260139e+00  -3.2400000e+02   6.8233528e+00   1.5198990e+02  -1.0000000e+01   3.0000000e+01   1.4529202e+02
  -7.9880974e+00  -3.2400000e+02   7.1474527e+00   1.5206449e+02  -1.0000000e+01   3.0000000e+01   1.4552329e+02
  -9.0676164e+00  -3.2400000e+02   7.3021572e+00   1.5223781e+02  -1.0000000e+01   3.0000000e+01   1.4594940e+02
  -9.7350437e+00  -3.2400000e+02   7.1643241e+00   1.5239880e+02  -1.0000000e+01   3.0000000e+01   1.4596900e+02
  -1.0747126e+01  -3.2400000e+02   7.3045227e+00   1.5233470e+02  -1.0000000e+01   3.0000000e+01   1.4709358e+02
  -1.1617240e+01  -3.2400000e+02   7.3632568e+00   1.5246176e+02  -1.0000000e+01   3.0000000e+01   1.4653648e+02
  -1.2119647e+01  -3.2400000e+02   7.2297826e+00   1.5178472e+02  -1.0000000e+01   3.0000000e+01   1.4735014e+02
  -1.2494709e+01  -3.2400000e+02   7.2270437e+00   1.5195578e+02  -1.0000000e+01   3.0000000e+01   1.4727442e+02
  -1.3209703e+01  -3.2400000e+02   7.4576806e+00   1.5175852e+02  -1.0000000e+01   3.0000000e+01   1.4840871e+02
  -1.4380007e+01  -3.2400000e+02   7.3691136e+00   1.5141713e+02  -1.0000000e+01   3.0000000e+01   1.4876008e+02
  -1.5170890e+01  -3.2400000e+02   7.8564401e+00   1.5129918e+02  -1.0000000e+01   3.0000000e+01   1.4742817e+02
  -1.5659350e+01  -3.2400000e+02   8.1799704e+00   1.5085850e+02  -1.0000000e+01   3.0000000e+01   1.4729029e+02
  -1.6339866e+01  -3.2400000e+02   7.9937451e+00   1.5053387e+02  -1.0000000e+01   3.0000000e+01   1.4815708e+02
  -1.7579486e+01  -3.2400000e+02   8.0899264e+00   1.5042094e+02  -1.0000000e+01   3.0000000e+01   1.4845157e+02
  -1.8612446e+01  -3.2400000e+02   8.1458744e+00   1.5022826e+02  -1.0000000e+01   3.0000000e+01   1.4911818e+02
  -1.9220922e+01  -3.2400000e+02   7.9054224e+00   1.4988694e+02  -1.0000000e+01   3.0000000e+01   1.4969527e+02
  -1.9924175e+01  -3.2400000e+02   8.8450106e+00   1.4975891e+02  -1.0000000e+01   3.0000000e+01   1.4890859e+02
  -2.0565537e+01  -3.2400000e+02   8.7636147e+00   1.4953910e+02  -1.0000000e+01   3.0000000e+01   1.4976823e+02
  -2.1441091e+01  -3.2400000e+02   8.7299684e+00   1.4987416e+02  -1.0000000e+01   3.0000000e+01   1.4930189e+02
  -2.2055951e+01  -3.2400000e+02   9.4862854e+00   1.5006404e+02  -1.0000000e+01   3.0000000e+01   1.4990659e+02
  -2.2999332e+01  -3.2400000e+02   9.3979187e+00   1.4992881e+02  -1.0000000e+01   3.0000000e+01   1.5006712e+02
  -2.3685259e+01  -3.2400000e+02   9.1845047e+00   1.4976788e+02  -1.0000000e+01   3.0000000e+01   1.5006040e+02
  -2.4223655e+01  -3.2400000e+02   9.5126692e+00   1.4943012e+02  -1.0000000e+01   3.0000000e+01   1.5037974e+02
  -2.4552619e+01  -3.2400000e+02   9.5941358e+00   1.4915438e+02  -1.0000000e+01   3.0000000e+01   1.5140116e+02
  -2.5997593e+01  -3.2400000e+02   9.1264607e+00   1.4847470e+02  -1.0000000e+01   3.0000000e+01   1.4997764e+02
  -2.6499529e+01  -3.2400000e+02   9.0887221e+00   1.4815206e+02  -1.0000000e+01   3.0000000e+01   1.5017914e+02
  -2.7306250e+01  -3.2400000e+02   8.9386982e+00   1.4845421e+02  -1.0000000e+01   3.0000000e+01   1.5104970e+02
  -2.7746683e+01  -3.2400000e+02   9.7113801e+00   1.4801795e+02  -1.0000000e+01   3.0000000e+01   1.5073875e+02
  -2.8754313e+01  -3.2400000e+02   1.0921461e+01   1.4760783e+02  -1.0000000e+01   3.0000000e+01   1.5265615e+02
  -2.9636752e+01  -3.2400000e+02   9.0843181e+00   1.4634148e+02  -1.0000000e+01   3.0000000e+01   1.5297556e+02
  -3.1010955e+01  -3.2400000e+02   7.9754425e+00   1.4461343e+02  -1.0000000e+01   3.0000000e+01   1.5403034e+02
  -3.1822554e+01  -3.2400000e+02   9.3436562e+00   1.4329108e+02  -1.0000000e+01   3.0000000e+01   1.5560517e+02
  -3.2288485e+01  -3.2400000e+02   1.0493945e+01   1.4240199e+02  -1.0000000e+01   3.0000000e+01   1.5635801e+02
  -3.2488576e+01  -3.2400000e+02   1.1136615e+01   1.4185517e+02  -1.0000000e+01   3.0000000e+01   1.5876465e+02
  -3.2777570e+01  -3.2400000e+02   1.2114079e+01   1.4072391e+02  -1.0000000e+01   3.0000000e+01   1.5849068e+02
  -3.3068542e+01  -3.2400000e+02   1.2519039e+01   1.4020777e+02  -1.0000000e+01   3.0000000e+01   1.6277389e+02
  -3.3534202e+01  -3.2400000e+02   1.3078835e+01   1.3919193e+02  -1.0000000e+01   3.0000000e+01   1.6475685e+02
  -3.4192494e+01  -3.2400000e+02   1.3294117e+01   1.3792424e+02  -1.0000000e+01   3.0000000e+01   1.6813537e+02
  -3.5126368e+01  -3.2400000e+02   1.2812897e+01   1.3757662e+02  -1.0000000e+01   3.0000000e+01   1.7121452e+02
  -3.5169084e+01  -3.2400000e+02   1.1385563e+01   1.3885414e+02  -1.0000000e+01   3.0000000e+01   1.7239303e+02
  -3.4844064e+01  -3.2400000e+02   1.0738215e+01   1.4955539e+02  -1.0000000e+01   3.0000000e+01   1.7489157e+02
  -3.0567240e+01  -3.2400000e+02   1.4702506e+01   1.5978223e+02  -1.0000000e+01   3.0000000e+01   1.7203046e+02
  -2.2262692e+01  -3.2400000e+02   1.4207541e+01   1.6455528e+02  -1.0000000e+01   3.0000000e+01   1.7388552e+02
  -1.6246522e+01  -3.2400000e+02   1.2979007e+01   1.6551593e+02  -1.0000000e+01   3.0000000e+01   1.7345396e+02
  -1.2164440e+01  -3.2400000e+02   7.6008358e+00   1.5489671e+02  -1.0000000e+01   3.0000000e+01   1.7106632e+02
  -5.4330952e+00  -3.2400000e+02   6.6979115e+00   1.6153337e+02  -1.0000000e+01   3.0000000e+01   1.6864260e+02
  -9.2033901e-01  -3.2400000e+02   4.0154334e+00   1.6008104e+02  -1.0000000e+01   3.0000000e+01   1.6171878e+02
   4.3930914e+00  -3.2400000e+02   2.8817934e+00   1.5488733e+02  -1.0000000e+01   3.0000000e+01   1.6006765e+02
   7.3834300e+00  -3.2400000e+02   3.2233671e+00   1.5043346e+02  -1.0000000e+01   3.0000000e+01   1.5818690e+02
   7.9702179e+00  -3.2400000e+02   3.3989142e+00   1.4755860e+02  -1.0000000e+01   3.0000000e+01   1.5905711e+02
   7.8119717e+00  -3.2400000e+02   3.8413605e+00   1.4562051e+02  -1.0000000e+01   3.0000000e+01   1.5849167e+02
   5.8069509e+00  -3.2400000e+02   3.6320250e+00   1.4324463e+02  -1.0000000e+01   3.0000000e+01   1.6058812e+02
   4.6338611e+00  -3.2400000e+02   3.6575290e+00   1.4366210e+02  -1.0000000e+01   3.0000000e+01   1.5947099e+02
   4.2480254e+00  -3.2400000e+02   3.5666483e+00   1.4436960e+02  -1.0000000e+01   3.0000000e+01   1.5746065e+02
   3.6690789e+00  -3.2400000e+02   3.4059200e+00   1.4338390e+02  -1.0000000e+01   3.0000000e+01   1.5812615e+02
   3.1947144e+00  -3.2400000e+02   3.7388925e+00   1.4479409e+02  -1.0000000e+01   3.0000000e+01   1.5892225e+02
   2.4387799e+00  -3.2400000e+02   3.9280423e+00   1.4509541e+02  -1.0000000e+01   3.0000000e+01   1.5812725e+02
   2.0759864e+00  -3.2400000e+02   4.0388389e+00   1.4610498e+02  -1.0000000e+01   3.0000000e+01   1.5912090e+02
   1.0123282e+00  -3.2400000e+02   3.9394287e+00   1.4596867e+02  -1.0000000e+01   3.0000000e+01   1.5952040e+02
   4.0785227e-01  -3.2400000e+02   3.7347270e+00   1.4641436e+02  -1.0000000e+01   3.0000000e+01   1.5939770e+02
  -6.0215819e-02  -3.2400000e+02   3.9855891e+00   1.4633121e+02  -1.0000000e+01   3.0000000e+01   1.5901201e+02
  -1.1410048e+00  -3.2400000e+02   4.2199647e+00   1.4701873e+02  -1.0000000e+01   3.0000000e+01   1.5770922e+02
  -2.1668112e+00  -3.2400000e+02   4.4568648e+00   1.4715156e+02  -1.0000000e+01   3.0000000e+01   1.5818825e+02
  -3.3301987e+00  -3.2400000e+02   4.2335558e+00   1.4757031e+02  -1.0000000e+01   3.0000000e+01   1.5717245e+02
  -4.1867533e+00  -3.2400000e+02   4.5832113e+00   1.4789674e+02  -1.0000000e+01   3.0000000e+01   1.5561357e+02
  -5.5000420e+00  -3.2400000e+02   4.2688319e+00   1.4840569e+02  -1.0000000e+01   3.0000000e+01   1.5540375e+02
  -5.9921327e+00  -3.2400000e+02   4.5955935e+00   1.4878354e+02  -1.0000000e+01   3.0000000e+01   1.5497642e+02
  -6.9855194e+00  -3.2400000e+02   4.9063095e+00   1.4893343e+02  -1.0000000e+01   3.0000000e+01   1.5472853e+02
  -8.0764698e+00  -3.2400000e+02   5.3172020e+00   1.4874121e+02  -1.0000000e+01   3.0000000e+01   1.5399631e+02
  -9.0793157e+00  -3.2400000e+02   5.9215274e+00   1.4846290e+02  -1.0000000e+01   3.0000000e+01   1.5378180e+02
  -9.8805184e+00  -3.2400000e+02   6.3608393e+00   1.4850268e+02  -1.0000000e+01   3.0000000e+01   1.5422982e+02
  -1.1202815e+01  -3.2400000e+02   6.6035858e+00   1.4862940e+02  -1.0000000e+01   3.0000000e+01   1.5442133e+02
  -1.2055248e+01  -3.2400000e+02   6.8122226e+00   1.4856581e+02  -1.0000000e+01   3.0000000e+01   1.5479897e+02
  -1.3427660e+01  -3.2400000e+02   6.4136804e+00   1.4853476e+02  -1.0000000e+01   3.0000000e+01   1.5459835e+02
  -1.4482231e+01  -3.2400000e+02   6.2387784e+00   1.4831558e+02  -1.0000000e+01   3.0000000e+01   1.5486372e+02
  -1.4914753e+01  -3.2400000e+02   6.9759184e+00   1.4745588e+02  -1.0000000e+01   3.0000000e+01   1.5477178e+02
  -1.5596247e+01  -3.2400000e+02   7.0174572e+00   1.4723889e+02  -1.0000000e+01   3.0000000e+01   1.5471290e+02
  -1.5977945e+01  -3.2400000e+02   7.5872382e+00   1.4688566e+02  -1.0000000e+01   3.0000000e+01   1.5474017e+02
  -1.6706801e+01  -3.2400000e+02   7.8889775e+00   1.4689991e+02  -1.0000000e+01   3.0000000e+01   1.5444790e+02
  -1.7581659e+01  -3.2400000e+02   8.2880050e+00   1.4633686e+02  -1.0000000e+01   3.0000000e+01   1.5361392e+02
  -1.8213260e+01  -3.2400000e+02   8.2652783e+00   1.4665474e+02  -1.0000000e+01   3.0000000e+01   1.5397333e+02
  -1.9187858e+01  -3.2400000e+02   8.0992048e+00   1.4682614e+02  -1.0000000e+01   3.0000000e+01   1.5441661e+02
  -1.9521763e+01  -3.2400000e+02   8.5617964e+00   1.4735799e+02  -1.0000000e+01   3.0000000e+01   1.5482617e+02
  -2.1104058e+01  -3.2400000e+02   8.1224225e+00   1.4726358e+02  -1.0000000e+01   3.0000000e+01   1.5376473e+02
  -2.2010075e+01  -3.2400000e+02   7.7331185e+00   1.4710720e+02  -1.0000000e+01   3.0000000e+01   1.5432115e+02
  -2.2510247e+01  -3.2400000e+02   7.8536421e+00   1.4753153e+02  -1.0000000e+01   3.0000000e+01   1.5560378e+02
  -2.3031918e+01  -3.2400000e+02   8.2939386e+00   1.4704646e+02  -1.0000000e+01   3.0000000e+01   1.5506631e+02
  -2.3659817e+01  -3.2400000e+02   8.3632362e+00   1.4662877e+02  -1.0000000e+01   3.0000000e+01   1.5446751e+02
  -2.4309508e+01  -3.2400000e+02   8.2859999e+00   1.4617797e+02  -1.0000000e+01   3.0000000e+01   1.5460966e+02
  -2.5515801e+01  -3.2400000e+02   7.2877367e+00   1.4600567e+02  -1.0000000e+01   3.0000000e+01   1.5515874e+02
  -2.6587508e+01  -3.2400000e+02   6.9668669e+00   1.4517655e+02  -1.0000000e+01   3.0000000e+01   1.5594832e+02
  -2.7768850e+01  -3.2400000e+02   6.5099806e+00   1.4486188e+02  -1.0000000e+01   3.0000000e+01   1.5722037e+02
  -2.8185999e+01  -3.2400000e+02   5.8287842e+00   1.4405590e+02  -1.0000000e+01   3.0000000e+01   1.5761671e+02
  -2.8886064e+01  -3.2400000e+02   5.3488520e+00   1.4316842e+02  -1.0000000e+01   3.0000000e+01   1.5824774e+02
  -2.9899923e+01  -3.2400000e+02   5.4357324e+00   1.4224782e+02  -1.0000000e+01   3.0000000e+01   1.6004994e+02
  -3.0957399e+01  -3.2400000e+02   7.1088378e+00   1.4139235e+02  -1.0000000e+01   3.0000000e+01   1.6019782e+02
  -3.1571749e+01  -3.2400000e+02   7.2686600e+00   1.4051892e+02  -1.0000000e+01   3.0000000e+01   1.6227288e+02
  -3.2205492e+01  -3.2400000e+02   7.6496438e+00   1.3979749e+02  -1.0000000e+01   3.0000000e+01   1.6250164e+02
  -3.2841157e+01  -3.2400000e+02   8.6685385e+00   1.3922985e+02  -1.0000000e+01   3.0000000e+01   1.6181099e+02
  -3.3870039e+01  -3.2400000e+02   9.5349573e+00   1.3885493e+02  -1.0000000e+01   3.0000000e+01   1.6353816e+02
  -3.4842421e+01  -3.2400000e+02   1.0654410e+01   1.3832697e+02  -1.0000000e+01   3.0000000e+01   1.6396625e+02
  -3.5659855e+01  -3.2400000e+02   1.1286450e+01   1.3772482e+02  -1.0000000e+01   3.0000000e+01   1.6580292e+02
  -3.6865118e+01  -3.2400000e+02   1.1987871e+01   1.3738097e+02  -1.0000000e+01   3.0000000e+01   1.6827826e+02
  -3.7426145e+01  -3.2400000e+02   1.2396471e+01   1.3610827e+02  -1.0000000e+01   3.0000000e+01   1.7181569e+02
  -3.8057705e+01  -3.2400000e+02   1.2387013e+01   1.3580663e+02  -1.0000000e+01   3.0000000e+01   1.7211252e+02
  -3.8074522e+01  -3.2400000e+02   1.1199908e+01   1.3707322e+02  -1.0000000e+01   3.0000000e+01   1.7382493e+02
  -3.6524050e+01  -3.2400000e+02   1.1341554e+01   1.4514058e+02  -1.0000000e+01   3.0000000e+01   1.7528554e+02
  -3.3090817e+01  -3.2400000e+02   1.3394084e+01   1.5480175e+02  -1.0000000e+01   3.0000000e+01   1.7615397e+02
  -2.6208843e+01  -3.2400000e+02   1.4414299e+01   1.5954209e+02  -1.0000000e+01   3.0000000e+01   1.7428698e+02
  -2.0111969e+01  -3.2400000e+02   1.2114315e+01   1.6127300e+02  -1.0000000e+01   3.0000000e+01   1.7510001e+02
  -1.4466731e+01  -3.2400000e+02   9.9378434e+00   1.5908682e+02  -1.0000000e+01   3.0000000e+01   1.7284838e+02
  -8.5488991e+00  -3.2400000e+02   7.5844366e+00   1.5589802e+02  -1.0000000e+01   3.0000000e+01   1.7339752e+02
  -2.0909152e+00  -3.2400000e+02   4.4987116e+00   1.5531091e+02  -1.0000000e+01   3.0000000e+01   1.7000582e+02
   1.8928920e+00  -3.2400000e+02   2.2560349e+00   1.5562015e+02  -1.0000000e+01   3.0000000e+01   1.6889348e+02
   4.5397235e+00  -3.2400000e+02   6.4640073e-01   1.5634940e+02  -1.0000000e+01   3.0000000e+01   1.6905961e+02
   6.4041256e+00  -3.2400000e+02  -3.8743662e-01   1.5495683e+02  -1.0000000e+01   3.0000000e+01   1.6968329e+02
   7.8605222e+00  -3.2400000e+02  -1.4569065e+00   1.5214014e+02  -1.0000000e+01   3.0000000e+01   1.6939923e+02
   8.4230990e+00  -3.2400000e+02  -1.6599303e+00   1.4704954e+02  -1.0000000e+01   3.0000000e+01   1.7091651e+02
   7.4302495e+00  -3.2400000e+02  -1.0560145e+00   1.4103666e+02  -1.0000000e+01   3.0000000e+01   1.7004278e+02
   7.2508710e+00  -3.2400000e+02   2.6347545e-01   1.3848460e+02  -1.0000000e+01   3.0000000e+01   1.6907082e+02
   6.9793173e+00  -3.2400000e+02   1.1083180e+00   1.3815098e+02  -1.0000000e+01   3.0000000e+01   1.6662898e+02
   6.4625112e+00  -3.2400000e+02   2.0860893e+00   1.3893398e+02  -1.0000000e+01   3.0000000e+01   1.6664017e+02
   5.9924214e+00  -3.2400000e+02   2.6468034e+00   1.4023568e+02  -1.0000000e+01   3.0000000e+01   1.6653625e+02
   5.3703889e+00  -3.2400000e+02   2.9663566e+00   1.4129030e+02  -1.0000000e+01   3.0000000e+01   1.6454895e+02
   4.5438023e+00  -3.2400000e+02   3.5031645e+00   1.4258199e+02  -1.0000000e+01   3.0000000e+01   1.6392352e+02
   3.6672659e+00  -3.2400000e+02   3.8239230e+00   1.4334762e+02  -1.0000000e+01   3.0000000e+01   1.6319244e+02
   2.8664079e+00  -3.2400000e+02   3.8090019e+00   1.4408569e+02  -1.0000000e+01   3.0000000e+01   1.6182782e+02
   2.3383750e+00  -3.2400000e+02   3.8563336e+00   1.4498705e+02  -1.0000000e+01   3.0000000e+01   1.6105195e+02
   1.3808639e+00  -3.2400000e+02   4.3105283e+00   1.4517655e+02  -1.0000000e+01   3.0000000e+01   1.6032288e+02
   9.6620360e-01  -3.2400000e+02   4.5586207e+00   1.4570654e+02  -1.0000000e+01   3.0000000e+01   1.6031081e+02
  -1.2904510e-01  -3.2400000e+02   5.1975569e+00   1.4631518e+02  -1.0000000e+01   3.0000000e+01   1.5822572e+02
  -1.2208342e+00  -3.2400000e+02   5.8127048e+00   1.4715285e+02  -1.0000000e+01   3.0000000e+01   1.5832522e+02
  -3.1307844e+00  -3.2400000e+02   5.2426622e+00   1.4792607e+02  -1.0000000e+01   3.0000000e+01   1.5652537e+02
  -3.9539923e+00  -3.2400000e+02   5.4286947e+00   1.4794068e+02  -1.0000000e+01   3.0000000e+01   1.5582162e+02
  -5.4112048e+00  -3.2400000e+02   5.1029557e+00   1.4897666e+02  -1.0000000e+01   3.0000000e+01   1.5459583e+02
  -6.1945657e+00  -3.2400000e+02   5.4645195e+00   1.4865493e+02  -1.0000000e+01   3.0000000e+01   1.5413463e+02
  -6.7627641e+00  -3.2400000e+02   5.7706583e+00   1.4884042e+02  -1.0000000e+01   3.0000000e+01   1.5422297e+02
  -7.7381014e+00  -3.2400000e+02   5.7248214e+00   1.4897408e+02  -1.0000000e+01   3.0000000e+01   1.5369881e+02
  -9.0297436e+00  -3.2400000e+02   6.0427439e+00   1.4946689e+02  -1.0000000e+01   3.0000000e+01   1.5345594e+02
  -9.1007762e+00  -3.2400000e+02   6.5902062e+00   1.4887712e+02  -1.0000000e+01   3.0000000e+01   1.5442270e+02
  -1.0629082e+01  -3.2400000e+02   6.3031305e+00   1.4994105e+02  -1.0000000e+01   3.0000000e+01   1.5394935e+02
  -1.1783861e+01  -3.2400000e+02   6.3241563e+00   1.5015559e+02  -1.0000000e+01   3.0000000e+01   1.5399819e+02
  -1.2347617e+01  -3.2400000e+02   5.9516073e+00   1.5064202e+02  -1.0000000e+01   3.0000000e+01   1.5304298e+02
  -1.3369661e+01  -3.2400000e+02   6.0761748e+00   1.5075769e+02  -1.0000000e+01   3.0000000e+01   1.5375438e+02
  -1.4185972e+01  -3.2400000e+02   6.1161954e+00   1.5021874e+02  -1.0000000e+01   3.0000000e+01   1.5351104e+02
  -1.5252317e+01  -3.2400000e+02   5.8660937e+00   1.5017863e+02  -1.0000000e+01   3.0000000e+01   1.5401333e+02
  -1.6230376e+01  -3.2400000e+02   5.4803472e+00   1.5035311e+02  -1.0000000e+01   3.0000000e+01   1.5367108e+02
  -1.6491114e+01  -3.2400000e+02   5.3882374e+00   1.5048077e+02  -1.0000000e+01   3.0000000e+01   1.5466530e+02
  -1.6570303e+01  -3.2400000e+02   6.2331563e+00   1.4984595e+02  -1.0000000e+01   3.0000000e+01   1.5450378e+02
  -1.6893629e+01  -3.2400000e+02   6.1225455e+00   1.5050762e+02  -1.0000000e+01   3.0000000e+01   1.5461357e+02
  -1.7510571e+01  -3.2400000e+02   7.0794672e+00   1.5065812e+02  -1.0000000e+01   3.0000000e+01   1.5438730e+02
  -1.9120735e+01  -3.2400000e+02   6.9306850e+00   1.5034641e+02  -1.0000000e+01   3.0000000e+01   1.5597540e+02
  -1.9768964e+01  -3.2400000e+02   6.9819620e+00   1.4940326e+02  -1.0000000e+01   3.0000000e+01   1.5600316e+02
  -2.0619144e+01  -3.2400000e+02   7.2356338e+00   1.4838970e+02  -1.0000000e+01   3.0000000e+01   1.5573892e+02
  -2.2185752e+01  -3.2400000e+02   7.1094528e+00   1.4800934e+02  -1.0000000e+01   3.0000000e+01   1.5523711e+02
