  -1.4602280e+01  -3.2126040e+02   3.0458837e+00   1.3535897e+02  -2.0341859e+01   3.3436422e+01   1.6457579e+02
  -8.6237077e+00  -3.2369306e+02   3.3385573e+00   1.3911786e+02  -1.0911471e+01   3.0399180e+01   1.6789139e+02
  -8.0000000e+00  -3.2400000e+02   5.6081597e+00   1.4113761e+02  -1.0000000e+01   3.0000000e+01   1.6672427e+02
  -8.0000000e+00  -3.2400000e+02   6.9384466e+00   1.4116606e+02  -1.0000000e+01   3.0000000e+01   1.6659462e+02
  -8.0000000e+00  -3.2400000e+02   8.3506011e+00   1.4170281e+02  -1.0000000e+01   3.0000000e+01   1.6682252e+02
  -8.0000000e+00  -3.2400000e+02   9.7723786e+00   1.4198483e+02  -1.0000000e+01   3.0000000e+01   1.6741678e+02
  -8.0000000e+00  -3.2400000e+02   1.1127167e+01   1.4246824e+02  -1.0000000e+01   3.0000000e+01   1.6700225e+02
  -8.0000000e+00  -3.2400000e+02   1.2534440e+01   1.4313481e+02  -1.0000000e+01   3.0000000e+01   1.6494214e+02
  -8.0000000e+00  -3.2400000e+02   1.3258834e+01   1.4386313e+02  -1.0000000e+01   3.0000000e+01   1.6320391e+02
  -8.0000000e+00  -3.2400000e+02   1.3929616e+01   1.4501869e+02  -1.0000000e+01   3.0000000e+01   1.6206909e+02
  -8.0000000e+00  -3.2400000e+02   1.4615443e+01   1.4612001e+02  -1.0000000e+01   3.0000000e+01   1.6112756e+02
  -8.0000000e+00  -3.2400000e+02   1.4726306e+01   1.4649862e+02  -1.0000000e+01   3.0000000e+01   1.5870622e+02
  -8.0000000e+00  -3.2400000e+02   1.5509040e+01   1.4738676e+02  -1.0000000e+01   3.0000000e+01   1.5780460e+02
  -8.0000000e+00  -3.2400000e+02   1.5568430e+01   1.4783911e+02  -1.0000000e+01   3.0000000e+01   1.5736430e+02
  -8.0000000e+00  -3.2400000e+02   1.5880228e+01   1.4846785e+02  -1.0000000e+01   3.0000000e+01   1.5657747e+02
  -8.0000000e+00  -3.2400000e+02   1.6017339e+01   1.4902313e+02  -1.0000000e+01   3.0000000e+01   1.5548750e+02
  -8.0000000e+00  -3.2400000e+02   1.6571211e+01   1.4905620e+02  -1.0000000e+01   3.0000000e+01   1.5433640e+02
  -8.0000000e+00  -3.2400000e+02   1.6792765e+01   1.4963682e+02  -1.0000000e+01   3.0000000e+01   1.5329546e+02
  -8.0000000e+00  -3.2400000e+02   1.7087579e+01   1.4989766e+02  -1.0000000e+01   3.0000000e+01   1.5215556e+02
  -8.0000000e+00  -3.2400000e+02   1.7707422e+01   1.5022900e+02  -1.0000000e+01   3.0000000e+01   1.5068467e+02
  -8.0000000e+00  -3.2400000e+02   1.7714004e+01   1.5093344e+02  -1.0000000e+01   3.0000000e+01   1.4929387e+02
  -8.0000000e+00  -3.2400000e+02   1.7737326e+01   1.5179746e+02  -1.0000000e+01   3.0000000e+01   1.4783387e+02
  -8.0000000e+00  -3.2400000e+02   1.8522055e+01   1.5182697e+02  -1.0000000e+01   3.0000000e+01   1.4776186e+02
  -8.0000000e+00  -3.2400000e+02   1.8729103e+01   1.5228089e+02  -1.0000000e+01   3.0000000e+01   1.4560796e+02
  -8.0000000e+00  -3.2400000e+02   1.9140390e+01   1.5279876e+02  -1.0000000e+01   3.0000000e+01   1.4648447e+02
  -8.0000000e+00  -3.2400000e+02   1.9008020e+01   1.5264001e+02  -1.0000000e+01   3.0000000e+01   1.4716815e+02
  -8.0000000e+00  -3.2400000e+02   1.9747799e+01   1.5273520e+02  -1.0000000e+01   3.0000000e+01   1.4794491e+02
  -8.0000000e+00  -3.2400000e+02   2.0219220e+01   1.5260244e+02  -1.0000000e+01   3.0000000e+01   1.4844218e+02
  -8.0000000e+00  -3.2400000e+02   2.1230306e+01   1.5220156e+02  -1.0000000e+01   3.0000000e+01   1.4860834e+02
  -8.0000000e+00  -3.2400000e+02   2.2679601e+01   1.5193437e+02  -1.0000000e+01   3.0000000e+01   1.5034704e+02
  -8.0000000e+00  -3.2400000e+02   2.4740891e+01   1.5160115e+02  -1.0000000e+01   3.0000000e+01   1.5060553e+02
  -8.0000000e+00  -3.2400000e+02   2.6399720e+01   1.5098347e+02  -1.0000000e+01   3.0000000e+01   1.5152939e+02
  -8.0000000e+00  -3.2400000e+02   2.7944814e+01   1.5038467e+02  -1.0000000e+01   3.0000000e+01   1.5371346e+02
  -8.0000000e+00  -3.2400000e+02   2.8929850e+01   1.5025360e+02  -1.0000000e+01   3.0000000e+01   1.5612903e+02
  -8.0000000e+00  -3.2400000e+02   2.9923385e+01   1.4926697e+02  -1.0000000e+01   3.0000000e+01   1.5808358e+02
  -8.0000000e+00  -3.2400000e+02   3.0902775e+01   1.4862712e+02  -1.0000000e+01   3.0000000e+01   1.5904771e+02
  -8.0000000e+00  -3.2400000e+02   3.2112837e+01   1.4767492e+02  -1.0000000e+01   3.0000000e+01   1.5863013e+02
  -8.0000000e+00  -3.2400000e+02   3.2880044e+01   1.4740903e+02  -1.0000000e+01   3.0000000e+01   1.6052490e+02
  -8.0000000e+00  -3.2400000e+02   3.3857649e+01   1.4650858e+02  -1.0000000e+01   3.0000000e+01   1.6198929e+02
  -8.0000000e+00  -3.2400000e+02   3.5178753e+01   1.4629660e+02  -1.0000000e+01   3.0000000e+01   1.6226143e+02
  -8.0000000e+00  -3.2400000e+02   3.6273726e+01   1.4627709e+02  -1.0000000e+01   3.0000000e+01   1.6375196e+02
  -8.0000000e+00  -3.2400000e+02   3.7166136e+01   1.4595725e+02  -1.0000000e+01   3.0000000e+01   1.6459926e+02
  -8.0000000e+00  -3.2400000e+02   3.8202889e+01   1.4537046e+02  -1.0000000e+01   3.0000000e+01   1.6530494e+02
  -8.0000000e+00  -3.2400000e+02   3.9342617e+01   1.4518144e+02  -1.0000000e+01   3.0000000e+01   1.6678841e+02
  -8.0000000e+00  -3.2400000e+02   4.0045790e+01   1.4486911e+02  -1.0000000e+01   3.0000000e+01   1.6678103e+02
  -8.0000000e+00  -3.2400000e+02   4.1329085e+01   1.4484249e+02  -1.0000000e+01   3.0000000e+01   1.6830491e+02
  -8.0000000e+00  -3.2400000e+02   4.2587616e+01   1.4499584e+02  -1.0000000e+01   3.0000000e+01   1.6982221e+02
  -8.0000000e+00  -3.2400000e+02   4.3381085e+01   1.4478727e+02  -1.0000000e+01   3.0000000e+01   1.7092861e+02
  -8.0000000e+00  -3.2400000e+02   4.3598623e+01   1.4480207e+02  -1.0000000e+01   3.0000000e+01   1.7165834e+02
  -8.0000000e+00  -3.2400000e+02   4.3784388e+01   1.4497871e+02  -1.0000000e+01   3.0000000e+01   1.7242177e+02
  -8.0000000e+00  -3.2400000e+02   4.3052646e+01   1.4534319e+02  -1.0000000e+01   3.0000000e+01   1.7357172e+02
  -8.0000000e+00  -3.2400000e+02   3.9610382e+01   1.4626422e+02  -1.0000000e+01   3.0000000e+01   1.7498628e+02
  -8.0000000e+00  -3.2400000e+02   3.1456888e+01   1.5314058e+02  -1.0000000e+01   3.0000000e+01   1.7837684e+02
  -8.0000000e+00  -3.2400000e+02   2.5452267e+01   1.5934444e+02  -1.0000000e+01   3.0000000e+01   1.7652123e+02
  -8.0000000e+00  -3.2400000e+02   1.6518411e+01   1.6068545e+02  -1.0000000e+01   3.0000000e+01   1.7975137e+02
  -8.0000000e+00  -3.2400000e+02   9.3319874e+00   1.5822275e+02  -1.0000000e+01   3.0000000e+01   1.7985466e+02
  -8.0000000e+00  -3.2400000e+02   2.4207598e+00   1.5565323e+02  -1.0000000e+01   3.0000000e+01   1.8057618e+02
  -8.0000000e+00  -3.2400000e+02  -3.2829298e+00   1.5013613e+02  -1.0000000e+01   3.0000000e+01   1.8228143e+02
  -8.0000000e+00  -3.2400000e+02  -8.1843239e+00   1.4483421e+02  -1.0000000e+01   3.0000000e+01   1.8431910e+02
  -8.0000000e+00  -3.2400000e+02  -1.3010283e+01   1.3760823e+02  -1.0000000e+01   3.0000000e+01   1.8446510e+02
  -8.0000000e+00  -3.2400000e+02  -1.5460488e+01   1.3418108e+02  -1.0000000e+01   3.0000000e+01   1.8388751e+02
  -8.0000000e+00  -3.2400000e+02  -1.5481512e+01   1.3397900e+02  -1.0000000e+01   3.0000000e+01   1.8339533e+02
  -8.0000000e+00  -3.2400000e+02  -1.5623770e+01   1.3436157e+02  -1.0000000e+01   3.0000000e+01   1.8257485e+02
  -8.0000000e+00  -3.2400000e+02  -1.4996374e+01   1.3492945e+02  -1.0000000e+01   3.0000000e+01   1.8232810e+02
  -8.0000000e+00  -3.2400000e+02  -1.4352681e+01   1.3552390e+02  -1.0000000e+01   3.0000000e+01   1.8222680e+02
  -8.0000000e+00  -3.2400000e+02  -1.3753573e+01   1.3633305e+02  -1.0000000e+01   3.0000000e+01   1.8227830e+02
  -8.0000000e+00  -3.2400000e+02  -1.3062286e+01   1.3662297e+02  -1.0000000e+01   3.0000000e+01   1.8214441e+02
  -8.0000000e+00  -3.2400000e+02  -1.2689860e+01   1.3695919e+02  -1.0000000e+01   3.0000000e+01   1.8133127e+02
  -8.0000000e+00  -3.2400000e+02  -1.1831812e+01   1.3729985e+02  -1.0000000e+01   3.0000000e+01   1.8111684e+02
  -8.0000000e+00  -3.2400000e+02  -1.1266016e+01   1.3731302e+02  -1.0000000e+01   3.0000000e+01   1.8059791e+02
  -8.0000000e+00  -3.2400000e+02  -1.0863736e+01   1.3758307e+02  -1.0000000e+01   3.0000000e+01   1.7971446e+02
  -8.0000000e+00  -3.2400000e+02  -1.0717666e+01   1.3804421e+02  -1.0000000e+01   3.0000000e+01   1.7765014e+02
  -8.0000000e+00  -3.2400000e+02  -9.0887891e+00   1.3860851e+02  -1.0000000e+01   3.0000000e+01   1.7748096e+02
  -8.0000000e+00  -3.2400000e+02  -6.9906894e+00   1.3851474e+02  -1.0000000e+01   3.0000000e+01   1.7571919e+02
  -8.0000000e+00  -3.2400000e+02  -6.1895271e+00   1.3866957e+02  -1.0000000e+01   3.0000000e+01   1.7478130e+02
  -8.0000000e+00  -3.2400000e+02  -5.2169528e+00   1.3881647e+02  -1.0000000e+01   3.0000000e+01   1.7433978e+02
  -8.0000000e+00  -3.2400000e+02  -4.5063226e+00   1.3890536e+02  -1.0000000e+01   3.0000000e+01   1.7336283e+02
  -8.0000000e+00  -3.2400000e+02  -3.1755043e+00   1.4013487e+02  -1.0000000e+01   3.0000000e+01   1.7296529e+02
  -8.0000000e+00  -3.2400000e+02  -1.2647010e+00   1.4098040e+02  -1.0000000e+01   3.0000000e+01   1.7078185e+02
  -8.0000000e+00  -3.2400000e+02   3.3126971e-02   1.4201271e+02  -1.0000000e+01   3.0000000e+01   1.7074605e+02
  -8.0000000e+00  -3.2400000e+02   7.1018671e-01   1.4282466e+02  -1.0000000e+01   3.0000000e+01   1.6902029e+02
  -8.0000000e+00  -3.2400000e+02   1.4996878e+00   1.4310892e+02  -1.0000000e+01   3.0000000e+01   1.6806820e+02
  -8.0000000e+00  -3.2400000e+02   2.8903801e+00   1.4316713e+02  -1.0000000e+01   3.0000000e+01   1.6737314e+02
  -8.0000000e+00  -3.2400000e+02   4.2322829e+00   1.4374230e+02  -1.0000000e+01   3.0000000e+01   1.6724739e+02
  -8.0000000e+00  -3.2400000e+02   5.4083140e+00   1.4429402e+02  -1.0000000e+01   3.0000000e+01   1.6639980e+02
  -8.0000000e+00  -3.2400000e+02   6.1662369e+00   1.4427524e+02  -1.0000000e+01   3.0000000e+01   1.6640354e+02
  -8.0000000e+00  -3.2400000e+02   7.2487815e+00   1.4518859e+02  -1.0000000e+01   3.0000000e+01   1.6635138e+02
  -8.0000000e+00  -3.2400000e+02   8.2818649e+00   1.4592754e+02  -1.0000000e+01   3.0000000e+01   1.6585034e+02
  -8.0000000e+00  -3.2400000e+02   9.3992388e+00   1.4579166e+02  -1.0000000e+01   3.0000000e+01   1.6484396e+02
  -8.0000000e+00  -3.2400000e+02   1.0242387e+01   1.4658430e+02  -1.0000000e+01   3.0000000e+01   1.6470596e+02
  -8.0000000e+00  -3.2400000e+02   1.1374548e+01   1.4628949e+02  -1.0000000e+01   3.0000000e+01   1.6446720e+02
  -8.0000000e+00  -3.2400000e+02   1.1925010e+01   1.4649547e+02  -1.0000000e+01   3.0000000e+01   1.6402727e+02
  -8.0000000e+00  -3.2400000e+02   1.2754426e+01   1.4686862e+02  -1.0000000e+01   3.0000000e+01   1.6347393e+02
  -8.0000000e+00  -3.2400000e+02   1.3899331e+01   1.4686272e+02  -1.0000000e+01   3.0000000e+01   1.6258397e+02
  -8.0000000e+00  -3.2400000e+02   1.4417981e+01   1.4715859e+02  -1.0000000e+01   3.0000000e+01   1.6184894e+02
  -8.0000000e+00  -3.2400000e+02   1.4895601e+01   1.4725601e+02  -1.0000000e+01   3.0000000e+01   1.6243940e+02
  -8.0000000e+00  -3.2400000e+02   1.5775147e+01   1.4701601e+02  -1.0000000e+01   3.0000000e+01   1.6219259e+02
  -8.0000000e+00  -3.2400000e+02   1.6606322e+01   1.4706951e+02  -1.0000000e+01   3.0000000e+01   1.6113877e+02
  -8.0000000e+00  -3.2400000e+02   1.7490539e+01   1.4726250e+02  -1.0000000e+01   3.0000000e+01   1.6091587e+02
  -8.0000000e+00  -3.2400000e+02   1.8241535e+01   1.4767697e+02  -1.0000000e+01   3.0000000e+01   1.6084704e+02
  -8.0000000e+00  -3.2400000e+02   1.8720538e+01   1.4753945e+02  -1.0000000e+01   3.0000000e+01   1.6074127e+02
  -8.0000000e+00  -3.2400000e+02   1.9526041e+01   1.4794754e+02  -1.0000000e+01   3.0000000e+01   1.6032095e+02
  -8.0000000e+00  -3.2400000e+02   2.0109525e+01   1.4828253e+02  -1.0000000e+01   3.0000000e+01   1.6014733e+02
  -8.0000000e+00  -3.2400000e+02   2.0816443e+01   1.4844088e+02  -1.0000000e+01   3.0000000e+01   1.6047528e+02
  -8.0000000e+00  -3.2400000e+02   2.1444111e+01   1.4863576e+02  -1.0000000e+01   3.0000000e+01   1.5978028e+02
  -8.0000000e+00  -3.2400000e+02   2.2101029e+01   1.4828626e+02  -1.0000000e+01   3.0000000e+01   1.6030237e+02
  -8.0000000e+00  -3.2400000e+02   2.2464511e+01   1.4845430e+02  -1.0000000e+01   3.0000000e+01   1.5996175e+02
  -8.0000000e+00  -3.2400000e+02   2.3160960e+01   1.4825657e+02  -1.0000000e+01   3.0000000e+01   1.6053361e+02
  -8.0000000e+00  -3.2400000e+02   2.3754111e+01   1.4828239e+02  -1.0000000e+01   3.0000000e+01   1.6109763e+02
  -8.0000000e+00  -3.2400000e+02   2.4438541e+01   1.4832152e+02  -1.0000000e+01   3.0000000e+01   1.6188647e+02
  -8.0000000e+00  -3.2400000e+02   2.4886988e+01   1.4719154e+02  -1.0000000e+01   3.0000000e+01   1.6246785e+02
  -8.0000000e+00  -3.2400000e+02   2.5838841e+01   1.4629871e+02  -1.0000000e+01   3.0000000e+01   1.6287822e+02
  -8.0000000e+00  -3.2400000e+02   2.6860959e+01   1.4573962e+02  -1.0000000e+01   3.0000000e+01   1.6413631e+02
  -8.0000000e+00  -3.2400000e+02   2.7244961e+01   1.4560807e+02  -1.0000000e+01   3.0000000e+01   1.6371305e+02
  -8.0000000e+00  -3.2400000e+02   2.7482137e+01   1.4571139e+02  -1.0000000e+01   3.0000000e+01   1.6514732e+02
  -8.0000000e+00  -3.2400000e+02   2.7814181e+01   1.4503723e+02  -1.0000000e+01   3.0000000e+01   1.6493457e+02
  -8.0000000e+00  -3.2400000e+02   2.8157627e+01   1.4462751e+02  -1.0000000e+01   3.0000000e+01   1.6576433e+02
  -8.0000000e+00  -3.2400000e+02   2.9446508e+01   1.4409892e+02  -1.0000000e+01   3.0000000e+01   1.6615232e+02
  -8.0000000e+00  -3.2400000e+02   2.9960078e+01   1.4326899e+02  -1.0000000e+01   3.0000000e+01   1.6663750e+02
  -8.0000000e+00  -3.2400000e+02   3.0133059e+01   1.4277870e+02  -1.0000000e+01   3.0000000e+01   1.6876145e+02
  -8.0000000e+00  -3.2400000e+02   3.0651456e+01   1.4223701e+02  -1.0000000e+01   3.0000000e+01   1.6876308e+02
  -8.0000000e+00  -3.2400000e+02   3.1145527e+01   1.4210495e+02  -1.0000000e+01   3.0000000e+01   1.6887282e+02
  -8.0000000e+00  -3.2400000e+02   3.1490075e+01   1.4268198e+02  -1.0000000e+01   3.0000000e+01   1.6938775e+02
  -8.0000000e+00  -3.2400000e+02   3.2000061e+01   1.4263231e+02  -1.0000000e+01   3.0000000e+01   1.6973202e+02
  -8.0000000e+00  -3.2400000e+02   3.2830901e+01   1.4275650e+02  -1.0000000e+01   3.0000000e+01   1.6958364e+02
  -8.0000000e+00  -3.2400000e+02   3.3091550e+01   1.4293801e+02  -1.0000000e+01   3.0000000e+01   1.7038510e+02
  -8.0000000e+00  -3.2400000e+02   3.3780174e+01   1.4321080e+02  -1.0000000e+01   3.0000000e+01   1.7095228e+02
  -8.0000000e+00  -3.2400000e+02   3.4469067e+01   1.4338356e+02  -1.0000000e+01   3.0000000e+01   1.7144636e+02
  -8.0000000e+00  -3.2400000e+02   3.4629864e+01   1.4358489e+02  -1.0000000e+01   3.0000000e+01   1.7224687e+02
  -8.0000000e+00  -3.2400000e+02   3.5363708e+01   1.4382858e+02  -1.0000000e+01   3.0000000e+01   1.7280313e+02
  -8.0000000e+00  -3.2400000e+02   3.5634556e+01   1.4367884e+02  -1.0000000e+01   3.0000000e+01   1.7328498e+02
  -8.0000000e+00  -3.2400000e+02   3.5905403e+01   1.4352909e+02  -1.0000000e+01   3.0000000e+01   1.7376684e+02
  -8.0000000e+00  -3.2400000e+02   3.6353723e+01   1.4333252e+02  -1.0000000e+01   3.0000000e+01   1.7317668e+02
  -8.0000000e+00  -3.2400000e+02   3.7023671e+01   1.4341190e+02  -1.0000000e+01   3.0000000e+01   1.7376518e+02
  -8.0000000e+00  -3.2400000e+02   3.6190116e+01   1.4380174e+02  -1.0000000e+01   3.0000000e+01   1.7442600e+02
  -8.0000000e+00  -3.2400000e+02   3.3456451e+01   1.4797094e+02  -1.0000000e+01   3.0000000e+01   1.7655906e+02
  -8.0000000e+00  -3.2400000e+02   2.9269955e+01   1.5328960e+02  -1.0000000e+01   3.0000000e+01   1.7271697e+02
  -8.0000000e+00  -3.2400000e+02   2.4796808e+01   1.5943257e+02  -1.0000000e+01   3.0000000e+01   1.6882790e+02
  -8.0000000e+00  -3.2400000e+02   1.9198053e+01   1.6065841e+02  -1.0000000e+01   3.0000000e+01   1.6651426e+02
  -8.0000000e+00  -3.2400000e+02   1.2774403e+01   1.5877728e+02  -1.0000000e+01   3.0000000e+01   1.6602281e+02
  -8.0000000e+00  -3.2400000e+02   6.2256382e+00   1.5665209e+02  -1.0000000e+01   3.0000000e+01   1.6794387e+02
  -8.0000000e+00  -3.2400000e+02   5.4345225e-01   1.5469980e+02  -1.0000000e+01   3.0000000e+01   1.6791981e+02
  -8.0000000e+00  -3.2400000e+02  -4.1292793e+00   1.5303473e+02  -1.0000000e+01   3.0000000e+01   1.6529446e+02
  -8.0000000e+00  -3.2400000e+02  -7.2830907e+00   1.5123738e+02  -1.0000000e+01   3.0000000e+01   1.6332541e+02
  -8.0000000e+00  -3.2400000e+02  -8.8881565e+00   1.4825972e+02  -1.0000000e+01   3.0000000e+01   1.5848764e+02
  -8.0000000e+00  -3.2400000e+02  -8.1833900e+00   1.4742565e+02  -1.0000000e+01   3.0000000e+01   1.5658301e+02
  -8.0000000e+00  -3.2400000e+02  -6.7582740e+00   1.4872235e+02  -1.0000000e+01   3.0000000e+01   1.5295811e+02
  -8.0000000e+00  -3.2400000e+02  -5.4102057e+00   1.5011579e+02  -1.0000000e+01   3.0000000e+01   1.4785994e+02
  -8.0000000e+00  -3.2400000e+02  -3.7976760e+00   1.5185130e+02  -1.0000000e+01   3.0000000e+01   1.4601394e+02
  -8.0000000e+00  -3.2400000e+02  -3.5150571e+00   1.5193158e+02  -1.0000000e+01   3.0000000e+01   1.4577057e+02
  -8.0000000e+00  -3.2400000e+02  -3.1162690e+00   1.5252929e+02  -1.0000000e+01   3.0000000e+01   1.4463353e+02
  -8.0000000e+00  -3.2400000e+02  -2.5861110e+00   1.5203491e+02  -1.0000000e+01   3.0000000e+01   1.4573781e+02
  -8.0000000e+00  -3.2400000e+02  -1.5937017e+00   1.5238437e+02  -1.0000000e+01   3.0000000e+01   1.4560413e+02
  -8.0000000e+00  -3.2400000e+02  -6.4403028e-01   1.5198244e+02  -1.0000000e+01   3.0000000e+01   1.4618052e+02
  -8.0000000e+00  -3.2400000e+02  -4.6780657e-01   1.5142686e+02  -1.0000000e+01   3.0000000e+01   1.4620626e+02
  -8.0000000e+00  -3.2400000e+02   4.9986060e-01   1.5102628e+02  -1.0000000e+01   3.0000000e+01   1.4640029e+02
  -8.0000000e+00  -3.2400000e+02   1.0749605e+00   1.5083854e+02  -1.0000000e+01   3.0000000e+01   1.4608068e+02
  -8.0000000e+00  -3.2400000e+02   1.7377746e+00   1.5124687e+02  -1.0000000e+01   3.0000000e+01   1.4675053e+02
  -8.0000000e+00  -3.2400000e+02   3.2889183e+00   1.5138515e+02  -1.0000000e+01   3.0000000e+01   1.4668589e+02
  -8.0000000e+00  -3.2400000e+02   4.0849709e+00   1.5168118e+02  -1.0000000e+01   3.0000000e+01   1.4667179e+02
  -8.0000000e+00  -3.2400000e+02   5.0219492e+00   1.5155062e+02  -1.0000000e+01   3.0000000e+01   1.4681438e+02
  -8.0000000e+00  -3.2400000e+02   6.1675018e+00   1.5198989e+02  -1.0000000e+01   3.0000000e+01   1.4530229e+02
  -8.0000000e+00  -3.2400000e+02   7.1358794e+00   1.5205905e+02  -1.0000000e+01   3.0000000e+01   1.4552801e+02
  -8.0000000e+00  -3.2400000e+02   8.2625729e+00   1.5225069e+02  -1.0000000e+01   3.0000000e+01   1.4594825e+02
  -8.0000000e+00  -3.2400000e+02   8.7667340e+00   1.5246538e+02  -1.0000000e+01   3.0000000e+01   1.4593088e+02
  -8.0000000e+00  -3.2400000e+02   9.8593158e+00   1.5240529e+02  -1.0000000e+01   3.0000000e+01   1.4704707e+02
  -8.0000000e+00  -3.2400000e+02   1.0712996e+01   1.5259590e+02  -1.0000000e+01   3.0000000e+01   1.4651616e+02
  -8.0000000e+00  -3.2400000e+02   1.1316947e+01   1.5202277e+02  -1.0000000e+01   3.0000000e+01   1.4730171e+02
  -8.0000000e+00  -3.2400000e+02   1.1602295e+01   1.5219447e+02  -1.0000000e+01   3.0000000e+01   1.4724386e+02
  -8.0000000e+00  -3.2400000e+02   1.2559255e+01   1.5210335e+02  -1.0000000e+01   3.0000000e+01   1.4831183e+02
  -8.0000000e+00  -3.2400000e+02   1.3732964e+01   1.5192909e+02  -1.0000000e+01   3.0000000e+01   1.4867491e+02
  -8.0000000e+00  -3.2400000e+02   1.4979641e+01   1.5192352e+02  -1.0000000e+01   3.0000000e+01   1.4744035e+02
  -8.0000000e+00  -3.2400000e+02   1.5973446e+01   1.5163934e+02  -1.0000000e+01   3.0000000e+01   1.4724779e+02
  -8.0000000e+00  -3.2400000e+02   1.6631776e+01   1.5149611e+02  -1.0000000e+01   3.0000000e+01   1.4806595e+02
  -8.0000000e+00  -3.2400000e+02   1.7904764e+01   1.5162588e+02  -1.0000000e+01   3.0000000e+01   1.4838996e+02
  -8.0000000e+00  -3.2400000e+02   1.9086629e+01   1.5179448e+02  -1.0000000e+01   3.0000000e+01   1.4896754e+02
  -8.0000000e+00  -3.2400000e+02   1.9666154e+01   1.5159004e+02  -1.0000000e+01   3.0000000e+01   1.4962175e+02
  -8.0000000e+00  -3.2400000e+02   2.1243415e+01   1.5162771e+02  -1.0000000e+01   3.0000000e+01   1.4896190e+02
  -8.0000000e+00  -3.2400000e+02   2.2096611e+01   1.5167264e+02  -1.0000000e+01   3.0000000e+01   1.4970990e+02
  -8.0000000e+00  -3.2400000e+02   2.2993819e+01   1.5224025e+02  -1.0000000e+01   3.0000000e+01   1.4934976e+02
  -8.0000000e+00  -3.2400000e+02   2.4147807e+01   1.5261645e+02  -1.0000000e+01   3.0000000e+01   1.4991762e+02
  -8.0000000e+00  -3.2400000e+02   2.5261684e+01   1.5277051e+02  -1.0000000e+01   3.0000000e+01   1.5021608e+02
  -8.0000000e+00  -3.2400000e+02   2.5846424e+01   1.5304868e+02  -1.0000000e+01   3.0000000e+01   1.5020018e+02
  -8.0000000e+00  -3.2400000e+02   2.6753549e+01   1.5289522e+02  -1.0000000e+01   3.0000000e+01   1.5045622e+02
  -8.0000000e+00  -3.2400000e+02   2.7212549e+01   1.5273775e+02  -1.0000000e+01   3.0000000e+01   1.5145037e+02
  -8.0000000e+00  -3.2400000e+02   2.8332528e+01   1.5266204e+02  -1.0000000e+01   3.0000000e+01   1.5032235e+02
  -8.0000000e+00  -3.2400000e+02   2.8986974e+01   1.5262105e+02  -1.0000000e+01   3.0000000e+01   1.5038399e+02
  -8.0000000e+00  -3.2400000e+02   2.9832903e+01   1.5328566e+02  -1.0000000e+01   3.0000000e+01   1.5132130e+02
  -8.0000000e+00  -3.2400000e+02   3.1087239e+01   1.5316654e+02  -1.0000000e+01   3.0000000e+01   1.5108197e+02
  -8.0000000e+00  -3.2400000e+02   3.3292069e+01   1.5323251e+02  -1.0000000e+01   3.0000000e+01   1.5273985e+02
  -8.0000000e+00  -3.2400000e+02   3.3698484e+01   1.5284786e+02  -1.0000000e+01   3.0000000e+01   1.5343176e+02
  -8.0000000e+00  -3.2400000e+02   3.4864412e+01   1.5225108e+02  -1.0000000e+01   3.0000000e+01   1.5446307e+02
  -8.0000000e+00  -3.2400000e+02   3.7024533e+01   1.5130949e+02  -1.0000000e+01   3.0000000e+01   1.5593260e+02
  -8.0000000e+00  -3.2400000e+02   3.8792312e+01   1.5054252e+02  -1.0000000e+01   3.0000000e+01   1.5692459e+02
  -8.0000000e+00  -3.2400000e+02   3.9956191e+01   1.5011228e+02  -1.0000000e+01   3.0000000e+01   1.5915408e+02
  -8.0000000e+00  -3.2400000e+02   4.1705321e+01   1.4925188e+02  -1.0000000e+01   3.0000000e+01   1.5931206e+02
  -8.0000000e+00  -3.2400000e+02   4.2604122e+01   1.4895260e+02  -1.0000000e+01   3.0000000e+01   1.6321952e+02
  -8.0000000e+00  -3.2400000e+02   4.4174694e+01   1.4829882e+02  -1.0000000e+01   3.0000000e+01   1.6562079e+02
  -8.0000000e+00  -3.2400000e+02   4.5596585e+01   1.4759500e+02  -1.0000000e+01   3.0000000e+01   1.6909761e+02
  -8.0000000e+00  -3.2400000e+02   4.5979551e+01   1.4754438e+02  -1.0000000e+01   3.0000000e+01   1.7256349e+02
  -8.0000000e+00  -3.2400000e+02   4.3706748e+01   1.4826761e+02  -1.0000000e+01   3.0000000e+01   1.7401744e+02
  -8.0000000e+00  -3.2400000e+02   3.6004545e+01   1.5630313e+02  -1.0000000e+01   3.0000000e+01   1.7576899e+02
  -8.0000000e+00  -3.2400000e+02   3.0640959e+01   1.6271113e+02  -1.0000000e+01   3.0000000e+01   1.7270485e+02
  -8.0000000e+00  -3.2400000e+02   2.3024615e+01   1.6527815e+02  -1.0000000e+01   3.0000000e+01   1.7373524e+02
  -8.0000000e+00  -3.2400000e+02   1.7790199e+01   1.6564362e+02  -1.0000000e+01   3.0000000e+01   1.7318949e+02
  -8.0000000e+00  -3.2400000e+02   1.0340552e+01   1.5500101e+02  -1.0000000e+01   3.0000000e+01   1.7096557e+02
  -8.0000000e+00  -3.2400000e+02   5.3908587e+00   1.6165373e+02  -1.0000000e+01   3.0000000e+01   1.6870466e+02
  -8.0000000e+00  -3.2400000e+02  -2.7194298e-01   1.6064862e+02  -1.0000000e+01   3.0000000e+01   1.6213133e+02
  -8.0000000e+00  -3.2400000e+02  -6.6694069e+00   1.5655904e+02  -1.0000000e+01   3.0000000e+01   1.6069431e+02
  -8.0000000e+00  -3.2400000e+02  -1.1166963e+01   1.5296761e+02  -1.0000000e+01   3.0000000e+01   1.5929435e+02
  -8.0000000e+00  -3.2400000e+02  -1.3432745e+01   1.5067065e+02  -1.0000000e+01   3.0000000e+01   1.5992273e+02
  -8.0000000e+00  -3.2400000e+02  -1.3845704e+01   1.4867585e+02  -1.0000000e+01   3.0000000e+01   1.5961902e+02
  -8.0000000e+00  -3.2400000e+02  -1.3089940e+01   1.4579614e+02  -1.0000000e+01   3.0000000e+01   1.6124256e+02
  -8.0000000e+00  -3.2400000e+02  -1.1655977e+01   1.4567308e+02  -1.0000000e+01   3.0000000e+01   1.6024121e+02
  -8.0000000e+00  -3.2400000e+02  -1.1019882e+01   1.4615447e+02  -1.0000000e+01   3.0000000e+01   1.5832482e+02
  -8.0000000e+00  -3.2400000e+02  -1.0289591e+01   1.4508291e+02  -1.0000000e+01   3.0000000e+01   1.5859142e+02
  -8.0000000e+00  -3.2400000e+02  -9.1136517e+00   1.4619725e+02  -1.0000000e+01   3.0000000e+01   1.5940004e+02
  -8.0000000e+00  -3.2400000e+02  -8.2814700e+00   1.4630716e+02  -1.0000000e+01   3.0000000e+01   1.5866692e+02
  -8.0000000e+00  -3.2400000e+02  -7.4216952e+00   1.4718966e+02  -1.0000000e+01   3.0000000e+01   1.5954864e+02
  -8.0000000e+00  -3.2400000e+02  -6.4761623e+00   1.4689476e+02  -1.0000000e+01   3.0000000e+01   1.5985019e+02
  -8.0000000e+00  -3.2400000e+02  -5.7932060e+00   1.4711868e+02  -1.0000000e+01   3.0000000e+01   1.5977132e+02
  -8.0000000e+00  -3.2400000e+02  -5.0675147e+00   1.4693338e+02  -1.0000000e+01   3.0000000e+01   1.5942915e+02
  -8.0000000e+00  -3.2400000e+02  -3.4791555e+00   1.4744904e+02  -1.0000000e+01   3.0000000e+01   1.5804920e+02
  -8.0000000e+00  -3.2400000e+02  -2.0692848e+00   1.4748701e+02  -1.0000000e+01   3.0000000e+01   1.5837998e+02
  -8.0000000e+00  -3.2400000e+02  -1.0992130e+00   1.4774416e+02  -1.0000000e+01   3.0000000e+01   1.5738004e+02
  -8.0000000e+00  -3.2400000e+02   3.1824969e-01   1.4800266e+02  -1.0000000e+01   3.0000000e+01   1.5576379e+02
  -8.0000000e+00  -3.2400000e+02   1.4435186e+00   1.4843744e+02  -1.0000000e+01   3.0000000e+01   1.5548290e+02
  -8.0000000e+00  -3.2400000e+02   2.3814923e+00   1.4877484e+02  -1.0000000e+01   3.0000000e+01   1.5505899e+02
  -8.0000000e+00  -3.2400000e+02   3.7489546e+00   1.4891751e+02  -1.0000000e+01   3.0000000e+01   1.5475281e+02
  -8.0000000e+00  -3.2400000e+02   5.3599353e+00   1.4874692e+02  -1.0000000e+01   3.0000000e+01   1.5400320e+02
  -8.0000000e+00  -3.2400000e+02   7.0749135e+00   1.4849534e+02  -1.0000000e+01   3.0000000e+01   1.5376912e+02
  -8.0000000e+00  -3.2400000e+02   8.3701424e+00   1.4857829e+02  -1.0000000e+01   3.0000000e+01   1.5419965e+02
  -8.0000000e+00  -3.2400000e+02   1.0029586e+01   1.4879139e+02  -1.0000000e+01   3.0000000e+01   1.5440268e+02
  -8.0000000e+00  -3.2400000e+02   1.1109653e+01   1.4882494e+02  -1.0000000e+01   3.0000000e+01   1.5474373e+02
  -8.0000000e+00  -3.2400000e+02   1.2241259e+01   1.4895741e+02  -1.0000000e+01   3.0000000e+01   1.5457162e+02
  -8.0000000e+00  -3.2400000e+02   1.3290416e+01   1.4893264e+02  -1.0000000e+01   3.0000000e+01   1.5481884e+02
  -8.0000000e+00  -3.2400000e+02   1.4659801e+01   1.4819974e+02  -1.0000000e+01   3.0000000e+01   1.5475164e+02
  -8.0000000e+00  -3.2400000e+02   1.5436067e+01   1.4808003e+02  -1.0000000e+01   3.0000000e+01   1.5470692e+02
  -8.0000000e+00  -3.2400000e+02   1.6302023e+01   1.4779562e+02  -1.0000000e+01   3.0000000e+01   1.5465535e+02
  -8.0000000e+00  -3.2400000e+02   1.7335095e+01   1.4789827e+02  -1.0000000e+01   3.0000000e+01   1.5447545e+02
  -8.0000000e+00  -3.2400000e+02   1.8648816e+01   1.4752417e+02  -1.0000000e+01   3.0000000e+01   1.5371056e+02
  -8.0000000e+00  -3.2400000e+02   1.9356838e+01   1.4801406e+02  -1.0000000e+01   3.0000000e+01   1.5399325e+02
  -8.0000000e+00  -3.2400000e+02   2.0382879e+01   1.4852059e+02  -1.0000000e+01   3.0000000e+01   1.5440996e+02
  -8.0000000e+00  -3.2400000e+02   2.1307306e+01   1.4915481e+02  -1.0000000e+01   3.0000000e+01   1.5490219e+02
  -8.0000000e+00  -3.2400000e+02   2.2486575e+01   1.4951764e+02  -1.0000000e+01   3.0000000e+01   1.5398201e+02
  -8.0000000e+00  -3.2400000e+02   2.3298266e+01   1.4977777e+02  -1.0000000e+01   3.0000000e+01   1.5439876e+02
  -8.0000000e+00  -3.2400000e+02   2.3978214e+01   1.5037469e+02  -1.0000000e+01   3.0000000e+01   1.5565724e+02
  -8.0000000e+00  -3.2400000e+02   2.5108689e+01   1.5015467e+02  -1.0000000e+01   3.0000000e+01   1.5528289e+02
  -8.0000000e+00  -3.2400000e+02   2.5837043e+01   1.4993915e+02  -1.0000000e+01   3.0000000e+01   1.5483264e+02
  -8.0000000e+00  -3.2400000e+02   2.6552535e+01   1.4995709e+02  -1.0000000e+01   3.0000000e+01   1.5470212e+02
  -8.0000000e+00  -3.2400000e+02   2.7367622e+01   1.5035527e+02  -1.0000000e+01   3.0000000e+01   1.5537990e+02
  -8.0000000e+00  -3.2400000e+02   2.8619514e+01   1.5019841e+02  -1.0000000e+01   3.0000000e+01   1.5616922e+02
  -8.0000000e+00  -3.2400000e+02   2.9466522e+01   1.5030176e+02  -1.0000000e+01   3.0000000e+01   1.5758429e+02
  -8.0000000e+00  -3.2400000e+02   2.9929989e+01   1.4999776e+02  -1.0000000e+01   3.0000000e+01   1.5818578e+02
  -8.0000000e+00  -3.2400000e+02   3.0523256e+01   1.4953615e+02  -1.0000000e+01   3.0000000e+01   1.5882720e+02
  -8.0000000e+00  -3.2400000e+02   3.2195746e+01   1.4943173e+02  -1.0000000e+01   3.0000000e+01   1.6052648e+02
  -8.0000000e+00  -3.2400000e+02   3.4730987e+01   1.4888919e+02  -1.0000000e+01   3.0000000e+01   1.6099117e+02
  -8.0000000e+00  -3.2400000e+02   3.5895269e+01   1.4848858e+02  -1.0000000e+01   3.0000000e+01   1.6279371e+02
  -8.0000000e+00  -3.2400000e+02   3.7561234e+01   1.4820287e+02  -1.0000000e+01   3.0000000e+01   1.6348894e+02
  -8.0000000e+00  -3.2400000e+02   3.9113092e+01   1.4787782e+02  -1.0000000e+01   3.0000000e+01   1.6304070e+02
  -8.0000000e+00  -3.2400000e+02   4.1142759e+01   1.4815938e+02  -1.0000000e+01   3.0000000e+01   1.6455621e+02
  -8.0000000e+00  -3.2400000e+02   4.3365059e+01   1.4818603e+02  -1.0000000e+01   3.0000000e+01   1.6526886e+02
  -8.0000000e+00  -3.2400000e+02   4.5321564e+01   1.4830465e+02  -1.0000000e+01   3.0000000e+01   1.6715130e+02
  -8.0000000e+00  -3.2400000e+02   4.7570554e+01   1.4881891e+02  -1.0000000e+01   3.0000000e+01   1.6969781e+02
  -8.0000000e+00  -3.2400000e+02   4.9382317e+01   1.4844472e+02  -1.0000000e+01   3.0000000e+01   1.7327553e+02
  -8.0000000e+00  -3.2400000e+02   5.0202405e+01   1.4829920e+02  -1.0000000e+01   3.0000000e+01   1.7432793e+02
  -8.0000000e+00  -3.2400000e+02   4.8012242e+01   1.4900365e+02  -1.0000000e+01   3.0000000e+01   1.7592196e+02
  -8.0000000e+00  -3.2400000e+02   4.0855463e+01   1.5359607e+02  -1.0000000e+01   3.0000000e+01   1.7679380e+02
  -8.0000000e+00  -3.2400000e+02   3.3393177e+01   1.5916580e+02  -1.0000000e+01   3.0000000e+01   1.7697186e+02
  -8.0000000e+00  -3.2400000e+02   2.7047270e+01   1.6110366e+02  -1.0000000e+01   3.0000000e+01   1.7474050e+02
  -8.0000000e+00  -3.2400000e+02   2.0173575e+01   1.6189169e+02  -1.0000000e+01   3.0000000e+01   1.7490005e+02
  -8.0000000e+00  -3.2400000e+02   1.4614842e+01   1.5926186e+02  -1.0000000e+01   3.0000000e+01   1.7269523e+02
  -8.0000000e+00  -3.2400000e+02   8.2693421e+00   1.5593975e+02  -1.0000000e+01   3.0000000e+01   1.7331111e+02
  -8.0000000e+00  -3.2400000e+02   4.9979530e-01   1.5569535e+02  -1.0000000e+01   3.0000000e+01   1.7024885e+02
  -8.0000000e+00  -3.2400000e+02  -4.9793724e+00   1.5654140e+02  -1.0000000e+01   3.0000000e+01   1.6948072e+02
  -8.0000000e+00  -3.2400000e+02  -8.6952552e+00   1.5771964e+02  -1.0000000e+01   3.0000000e+01   1.6996198e+02
  -8.0000000e+00  -3.2400000e+02  -1.1804263e+01   1.5676794e+02  -1.0000000e+01   3.0000000e+01   1.7081193e+02
  -8.0000000e+00  -3.2400000e+02  -1.5510122e+01   1.5458919e+02  -1.0000000e+01   3.0000000e+01   1.7077125e+02
  -8.0000000e+00  -3.2400000e+02  -1.8365410e+01   1.4999511e+02  -1.0000000e+01   3.0000000e+01   1.7224584e+02
  -8.0000000e+00  -3.2400000e+02  -1.9741625e+01   1.4411464e+02  -1.0000000e+01   3.0000000e+01   1.7126404e+02
  -8.0000000e+00  -3.2400000e+02  -1.9706554e+01   1.4139532e+02  -1.0000000e+01   3.0000000e+01   1.7051247e+02
  -8.0000000e+00  -3.2400000e+02  -1.9224259e+01   1.4094915e+02  -1.0000000e+01   3.0000000e+01   1.6804878e+02
  -8.0000000e+00  -3.2400000e+02  -1.7428720e+01   1.4161848e+02  -1.0000000e+01   3.0000000e+01   1.6770397e+02
  -8.0000000e+00  -3.2400000e+02  -1.5639007e+01   1.4258977e+02  -1.0000000e+01   3.0000000e+01   1.6757023e+02
  -8.0000000e+00  -3.2400000e+02  -1.4309683e+01   1.4328159e+02  -1.0000000e+01   3.0000000e+01   1.6572335e+02
  -8.0000000e+00  -3.2400000e+02  -1.2123321e+01   1.4434194e+02  -1.0000000e+01   3.0000000e+01   1.6479422e+02
  -8.0000000e+00  -3.2400000e+02  -1.0561811e+01   1.4491285e+02  -1.0000000e+01   3.0000000e+01   1.6391915e+02
  -8.0000000e+00  -3.2400000e+02  -9.2345085e+00   1.4531649e+02  -1.0000000e+01   3.0000000e+01   1.6255344e+02
  -8.0000000e+00  -3.2400000e+02  -8.2344487e+00   1.4609884e+02  -1.0000000e+01   3.0000000e+01   1.6157011e+02
  -8.0000000e+00  -3.2400000e+02  -6.5680205e+00   1.4615093e+02  -1.0000000e+01   3.0000000e+01   1.6068348e+02
  -8.0000000e+00  -3.2400000e+02  -5.7382430e+00   1.4659189e+02  -1.0000000e+01   3.0000000e+01   1.6056535e+02
  -8.0000000e+00  -3.2400000e+02  -3.8429474e+00   1.4691053e+02  -1.0000000e+01   3.0000000e+01   1.5861909e+02
  -8.0000000e+00  -3.2400000e+02  -1.9387346e+00   1.4760985e+02  -1.0000000e+01   3.0000000e+01   1.5854643e+02
  -8.0000000e+00  -3.2400000e+02  -2.5781316e-01   1.4812534e+02  -1.0000000e+01   3.0000000e+01   1.5673394e+02
  -8.0000000e+00  -3.2400000e+02   8.8495036e-01   1.4809556e+02  -1.0000000e+01   3.0000000e+01   1.5594437e+02
  -8.0000000e+00  -3.2400000e+02   2.1801237e+00   1.4901893e+02  -1.0000000e+01   3.0000000e+01   1.5467125e+02
  -8.0000000e+00  -3.2400000e+02   3.5668779e+00   1.4868083e+02  -1.0000000e+01   3.0000000e+01   1.5417633e+02
  -8.0000000e+00  -3.2400000e+02   4.4561931e+00   1.4886558e+02  -1.0000000e+01   3.0000000e+01   1.5421616e+02
  -8.0000000e+00  -3.2400000e+02   5.4125651e+00   1.4896880e+02  -1.0000000e+01   3.0000000e+01   1.5370104e+02
  -8.0000000e+00  -3.2400000e+02   7.0868654e+00   1.4947910e+02  -1.0000000e+01   3.0000000e+01   1.5344935e+02
  -8.0000000e+00  -3.2400000e+02   7.7532465e+00   1.4892018e+02  -1.0000000e+01   3.0000000e+01   1.5439487e+02
  -8.0000000e+00  -3.2400000e+02   8.9852187e+00   1.5003492e+02  -1.0000000e+01   3.0000000e+01   1.5392618e+02
  -8.0000000e+00  -3.2400000e+02   1.0209801e+01   1.5034636e+02  -1.0000000e+01   3.0000000e+01   1.5396950e+02
  -8.0000000e+00  -3.2400000e+02   1.0385976e+01   1.5087566e+02  -1.0000000e+01   3.0000000e+01   1.5306557e+02
  -8.0000000e+00  -3.2400000e+02   1.1632312e+01   1.5117374e+02  -1.0000000e+01   3.0000000e+01   1.5365625e+02
  -8.0000000e+00  -3.2400000e+02   1.2558315e+01   1.5074951e+02  -1.0000000e+01   3.0000000e+01   1.5349421e+02
  -8.0000000e+00  -3.2400000e+02   1.3490739e+01   1.5093089e+02  -1.0000000e+01   3.0000000e+01   1.5391031e+02
  -8.0000000e+00  -3.2400000e+02   1.4177227e+01   1.5126875e+02  -1.0000000e+01   3.0000000e+01   1.5365937e+02
  -8.0000000e+00  -3.2400000e+02   1.4475752e+01   1.5150072e+02  -1.0000000e+01   3.0000000e+01   1.5460426e+02
  -8.0000000e+00  -3.2400000e+02   1.5441970e+01   1.5089564e+02  -1.0000000e+01   3.0000000e+01   1.5449968e+02
  -8.0000000e+00  -3.2400000e+02   1.5709831e+01   1.5162122e+02  -1.0000000e+01   3.0000000e+01   1.5463104e+02
  -8.0000000e+00  -3.2400000e+02   1.7078077e+01   1.5186146e+02  -1.0000000e+01   3.0000000e+01   1.5445322e+02
  -8.0000000e+00  -3.2400000e+02   1.8547777e+01   1.5193302e+02  -1.0000000e+01   3.0000000e+01   1.5591038e+02
  -8.0000000e+00  -3.2400000e+02   1.9407650e+01   1.5118015e+02  -1.0000000e+01   3.0000000e+01   1.5608832e+02
  -8.0000000e+00  -3.2400000e+02   2.0800170e+01   1.5046389e+02  -1.0000000e+01   3.0000000e+01   1.5586278e+02
  -8.0000000e+00  -3.2400000e+02   2.2286814e+01   1.5055107e+02  -1.0000000e+01   3.0000000e+01   1.5542043e+02
