  -1.4602280e+01  -3.2126040e+02   3.0458837e+00   1.3535897e+02  -2.0341859e+01   3.3436422e+01   1.6457579e+02
  -1.4389594e+01  -3.2114198e+02   3.3312578e+00   1.3395802e+02  -1.9367164e+01   3.3716912e+01   1.6637477e+02
  -1.4191223e+01  -3.2105916e+02   3.6225480e+00   1.3259582e+02  -1.8389923e+01   3.3949592e+01   1.6815795e+02
  -1.4091260e+01  -3.2123561e+02   3.9260060e+00   1.3152228e+02  -1.7410636e+01   3.3823651e+01   1.6981063e+02
  -1.3991297e+01  -3.2141206e+02   4.2294640e+00   1.3044873e+02  -1.6431348e+01   3.3697711e+01   1.7146332e+02
  -1.3891335e+01  -3.2158851e+02   4.5329220e+00   1.2937518e+02  -1.5452060e+01   3.3571771e+01   1.7311600e+02
  -1.3791372e+01  -3.2176496e+02   4.8363800e+00   1.2830164e+02  -1.4472773e+01   3.3445831e+01   1.7476868e+02
  -1.3691409e+01  -3.2194141e+02   5.1398380e+00   1.2722809e+02  -1.3493485e+01   3.3319890e+01   1.7642136e+02
  -1.3591447e+01  -3.2211786e+02   5.4432960e+00   1.2615454e+02  -1.2514198e+01   3.3193950e+01   1.7807404e+02
  -1.3491484e+01  -3.2229431e+02   5.7467540e+00   1.2508099e+02  -1.1534910e+01   3.3068010e+01   1.7972672e+02
  -1.3391521e+01  -3.2247076e+02   6.0502120e+00   1.2400745e+02  -1.0555623e+01   3.2942070e+01   1.8137940e+02
  -1.3291558e+01  -3.2264721e+02   6.3536700e+00   1.2293390e+02  -9.5763351e+00   3.2816129e+01   1.8303208e+02
  -1.3191596e+01  -3.2282366e+02   6.6571280e+00   1.2186035e+02  -8.5970476e+00   3.2690189e+01   1.8468476e+02
  -1.3091633e+01  -3.2300012e+02   6.9605860e+00   1.2078680e+02  -7.6177601e+00   3.2564249e+01   1.8633744e+02
  -1.2991670e+01  -3.2317657e+02   7.2640440e+00   1.1971326e+02  -6.6384725e+00   3.2438309e+01   1.8799012e+02
  -1.2891707e+01  -3.2335302e+02   7.5675020e+00   1.1863971e+02  -5.6591850e+00   3.2312368e+01   1.8964280e+02
  -1.2791745e+01  -3.2352947e+02   7.8709600e+00   1.1756616e+02  -4.6798974e+00   3.2186428e+01   1.9129549e+02
  -1.2691782e+01  -3.2370592e+02   8.1744180e+00   1.1649262e+02  -3.7006099e+00   3.2060488e+01   1.9294817e+02
  -1.4578456e+01  -3.2400000e+02   2.6704266e+00   1.2852593e+02  -4.8370713e+00   3.0000000e+01   1.8187197e+02
  -1.6139024e+01  -3.2400000e+02   3.4269603e+00   1.3889028e+02  -6.2579636e+00   3.0000000e+01   1.6981959e+02
  -1.5552835e+01  -3.2400000e+02   6.7228426e+00   1.4647619e+02  -7.3537584e+00   3.0000000e+01   1.5746212e+02
  -1.3817166e+01  -3.2400000e+02   9.4044503e+00   1.5087602e+02  -6.9022561e+00   3.0000000e+01   1.4807268e+02
  -1.4775965e+01  -3.2400000e+02   9.9602604e+00   1.5095701e+02  -7.6901746e+00   3.0000000e+01   1.4778101e+02
  -1.4979907e+01  -3.2400000e+02   1.0468204e+01   1.5151225e+02  -8.1061180e+00   3.0000000e+01   1.4549065e+02
  -1.5285683e+01  -3.2400000e+02   1.0447537e+01   1.5192750e+02  -8.0998295e+00   3.0000000e+01   1.4655209e+02
  -1.4863400e+01  -3.2400000e+02   9.6987509e+00   1.5158396e+02  -6.8783522e+00   3.0000000e+01   1.4725513e+02
  -1.5898858e+01  -3.2400000e+02   1.0155831e+01   1.5158922e+02  -7.8119401e+00   3.0000000e+01   1.4796916e+02
  -1.6018252e+01  -3.2400000e+02   9.6147987e+00   1.5127066e+02  -6.6346295e+00   3.0000000e+01   1.4847309e+02
  -1.6867240e+01  -3.2400000e+02   9.7638511e+00   1.5064511e+02  -6.6429593e+00   3.0000000e+01   1.4860138e+02
  -1.7986494e+01  -3.2400000e+02   1.0322041e+01   1.5011741e+02  -7.0708283e+00   3.0000000e+01   1.5054447e+02
  -1.9005522e+01  -3.2400000e+02   1.0610594e+01   1.4929968e+02  -6.3628898e+00   3.0000000e+01   1.5058723e+02
  -1.9489972e+01  -3.2400000e+02   1.1186338e+01   1.4825564e+02  -6.0045672e+00   3.0000000e+01   1.5156754e+02
  -2.0238190e+01  -3.2400000e+02   1.0942874e+01   1.4714590e+02  -5.2794584e+00   3.0000000e+01   1.5393593e+02
  -2.1414660e+01  -3.2400000e+02   9.9562006e+00   1.4642091e+02  -4.9947091e+00   3.0000000e+01   1.5627616e+02
  -2.0950799e+01  -3.2400000e+02   9.3924951e+00   1.4497843e+02  -3.1150559e+00   3.0000000e+01   1.5799015e+02
  -2.0741195e+01  -3.2400000e+02   1.0092371e+01   1.4426314e+02  -2.1658642e+00   3.0000000e+01   1.5876498e+02
  -2.1224256e+01  -3.2400000e+02   1.0747610e+01   1.4316243e+02  -2.4082527e+00   3.0000000e+01   1.5810759e+02
  -2.1974101e+01  -3.2400000e+02   1.0265339e+01   1.4242465e+02  -2.2832757e+00   3.0000000e+01   1.6031996e+02
  -2.2040016e+01  -3.2400000e+02   1.0136108e+01   1.4120096e+02  -1.4023895e+00   3.0000000e+01   1.6142169e+02
  -2.2787516e+01  -3.2400000e+02   1.0807981e+01   1.4076742e+02  -2.1070745e+00   3.0000000e+01   1.6157776e+02
  -2.3303914e+01  -3.2400000e+02   1.0916667e+01   1.4032629e+02  -1.8412759e+00   3.0000000e+01   1.6326495e+02
  -2.3157815e+01  -3.2400000e+02   1.1557312e+01   1.3997520e+02  -1.4071405e+00   3.0000000e+01   1.6390758e+02
  -2.3238973e+01  -3.2400000e+02   1.2528936e+01   1.3939035e+02  -1.2864860e+00   3.0000000e+01   1.6458024e+02
  -2.3151604e+01  -3.2400000e+02   1.2306414e+01   1.3862209e+02   6.3718978e-03   3.0000000e+01   1.6611815e+02
  -2.3198567e+01  -3.2400000e+02   1.2054969e+01   1.3797682e+02   1.2373746e+00   3.0000000e+01   1.6557888e+02
  -2.3228554e+01  -3.2400000e+02   1.2249963e+01   1.3736819e+02   2.1587593e+00   3.0000000e+01   1.6747496e+02
  -2.2574564e+01  -3.2400000e+02   1.2129207e+01   1.3694429e+02   4.2397629e+00   3.0000000e+01   1.6849236e+02
  -2.1677300e+01  -3.2400000e+02   1.2683143e+01   1.3661901e+02   5.7922229e+00   3.0000000e+01   1.6954751e+02
  -2.2161263e+01  -3.2400000e+02   1.2280481e+01   1.3643517e+02   5.8580276e+00   3.0000000e+01   1.7008543e+02
  -2.1442273e+01  -3.2400000e+02   1.2398808e+01   1.3654084e+02   7.3339569e+00   3.0000000e+01   1.7072070e+02
  -2.1576210e+01  -3.2400000e+02   1.2318656e+01   1.3712082e+02   6.9802085e+00   3.0000000e+01   1.7223904e+02
  -2.1213780e+01  -3.2400000e+02   1.1780188e+01   1.3940373e+02   5.6570387e+00   3.0000000e+01   1.7391638e+02
  -1.8787476e+01  -3.2400000e+02   1.1972695e+01   1.4979919e+02   3.1805862e+00   3.0000000e+01   1.7764655e+02
  -1.8812968e+01  -3.2400000e+02   1.3144298e+01   1.5801404e+02  -3.5331919e+00   3.0000000e+01   1.7593954e+02
  -1.6393702e+01  -3.2400000e+02   1.2340905e+01   1.6046961e+02  -1.2629376e+01   3.0000000e+01   1.8019015e+02
  -1.3766877e+01  -3.2400000e+02   1.1496133e+01   1.5787141e+02  -2.0030633e+01   3.0000000e+01   1.8030384e+02
  -1.1863728e+01  -3.2400000e+02   9.6443879e+00   1.5428513e+02  -2.6663590e+01   3.0000000e+01   1.8101031e+02
  -1.1154468e+01  -3.2400000e+02   5.5736981e+00   1.4794656e+02  -2.8601374e+01   3.0000000e+01   1.8305879e+02
  -1.0263345e+01  -3.2400000e+02   2.8270557e+00   1.4165568e+02  -3.0312249e+01   3.0000000e+01   1.8536999e+02
  -7.3021894e+00  -3.2400000e+02   1.8274468e+00   1.3368838e+02  -2.8890829e+01   3.0000000e+01   1.8509587e+02
  -7.1294772e+00  -3.2400000e+02   5.4484510e-01   1.3067957e+02  -2.8397809e+01   3.0000000e+01   1.8384553e+02
  -7.3130766e+00  -3.2400000e+02   6.0915735e-01   1.3087435e+02  -2.8253992e+01   3.0000000e+01   1.8303033e+02
  -7.0701528e+00  -3.2400000e+02   3.5606767e-01   1.3147992e+02  -2.7579886e+01   3.0000000e+01   1.8205589e+02
  -6.8432890e+00  -3.2400000e+02   9.7213293e-01   1.3197557e+02  -2.7331789e+01   3.0000000e+01   1.8200921e+02
  -7.0481404e+00  -3.2400000e+02   1.2928910e+00   1.3257830e+02  -2.7393513e+01   3.0000000e+01   1.8193374e+02
  -6.7495175e+00  -3.2400000e+02   1.9872392e+00   1.3335269e+02  -2.7240158e+01   3.0000000e+01   1.8206906e+02
  -7.0148155e+00  -3.2400000e+02   2.1268155e+00   1.3388970e+02  -2.6700597e+01   3.0000000e+01   1.8196147e+02
  -7.1405990e+00  -3.2400000e+02   1.5401345e+00   1.3466531e+02  -2.5936041e+01   3.0000000e+01   1.8080387e+02
  -7.0047155e+00  -3.2400000e+02   1.7053690e+00   1.3501410e+02  -2.5127656e+01   3.0000000e+01   1.8098923e+02
  -7.0542425e+00  -3.2400000e+02   1.6052774e+00   1.3535190e+02  -2.4168764e+01   3.0000000e+01   1.8028639e+02
  -6.1806067e+00  -3.2400000e+02   2.3737944e+00   1.3571317e+02  -2.2944575e+01   3.0000000e+01   1.7935342e+02
  -5.6217672e+00  -3.2400000e+02   2.4558035e+00   1.3632995e+02  -2.1761012e+01   3.0000000e+01   1.7714789e+02
  -5.8057301e+00  -3.2400000e+02   2.3522302e+00   1.3725105e+02  -2.0278760e+01   3.0000000e+01   1.7725694e+02
  -7.7555284e+00  -3.2400000e+02   2.6724360e+00   1.3733014e+02  -2.1146715e+01   3.0000000e+01   1.7551350e+02
  -8.0989872e+00  -3.2400000e+02   2.3941535e+00   1.3761794e+02  -2.0459212e+01   3.0000000e+01   1.7472449e+02
  -8.4946064e+00  -3.2400000e+02   2.2282658e+00   1.3788274e+02  -1.9810931e+01   3.0000000e+01   1.7442643e+02
  -7.9646267e+00  -3.2400000e+02   3.1033089e+00   1.3809221e+02  -1.8933578e+01   3.0000000e+01   1.7332020e+02
  -8.3624251e+00  -3.2400000e+02   2.5895096e+00   1.3962998e+02  -1.7530653e+01   3.0000000e+01   1.7291562e+02
  -1.0506747e+01  -3.2400000e+02   2.6642078e+00   1.4050382e+02  -1.8598406e+01   3.0000000e+01   1.7077852e+02
  -1.1956754e+01  -3.2400000e+02   2.0774920e+00   1.4153237e+02  -1.8545788e+01   3.0000000e+01   1.7097307e+02
  -1.2069931e+01  -3.2400000e+02   1.9407755e+00   1.4240725e+02  -1.7804915e+01   3.0000000e+01   1.6922204e+02
  -1.0656483e+01  -3.2400000e+02   2.8459161e+00   1.4283055e+02  -1.5672150e+01   3.0000000e+01   1.6820641e+02
  -1.0665135e+01  -3.2400000e+02   3.2084402e+00   1.4293585e+02  -1.4435810e+01   3.0000000e+01   1.6753671e+02
  -1.1782542e+01  -3.2400000e+02   3.4169329e+00   1.4351007e+02  -1.4632321e+01   3.0000000e+01   1.6738754e+02
  -1.2301311e+01  -3.2400000e+02   3.0758752e+00   1.4402844e+02  -1.3541827e+01   3.0000000e+01   1.6655416e+02
  -1.2510531e+01  -3.2400000e+02   3.0472640e+00   1.4398203e+02  -1.2806260e+01   3.0000000e+01   1.6655729e+02
  -1.2939021e+01  -3.2400000e+02   2.8788040e+00   1.4488209e+02  -1.1878529e+01   3.0000000e+01   1.6639208e+02
  -1.3673252e+01  -3.2400000e+02   2.9178238e+00   1.4549917e+02  -1.1563154e+01   3.0000000e+01   1.6594940e+02
  -1.4625608e+01  -3.2400000e+02   3.1505004e+00   1.4529160e+02  -1.2007907e+01   3.0000000e+01   1.6487045e+02
  -1.5342305e+01  -3.2400000e+02   2.6558017e+00   1.4586366e+02  -1.1388583e+01   3.0000000e+01   1.6480570e+02
  -1.5314998e+01  -3.2400000e+02   3.3468821e+00   1.4549425e+02  -1.0851736e+01   3.0000000e+01   1.6456421e+02
  -1.5187875e+01  -3.2400000e+02   3.7516561e+00   1.4574572e+02  -1.0345364e+01   3.0000000e+01   1.6401811e+02
  -1.5055491e+01  -3.2400000e+02   4.4818436e+00   1.4612513e+02  -9.9714362e+00   3.0000000e+01   1.6344217e+02
  -1.4593708e+01  -3.2400000e+02   5.1113914e+00   1.4603967e+02  -8.6159214e+00   3.0000000e+01   1.6253838e+02
  -1.4328937e+01  -3.2400000e+02   5.8437192e+00   1.4637833e+02  -8.3723434e+00   3.0000000e+01   1.6180247e+02
  -1.4189235e+01  -3.2400000e+02   6.2382739e+00   1.4646626e+02  -8.0837799e+00   3.0000000e+01   1.6243714e+02
  -1.4520859e+01  -3.2400000e+02   6.7155178e+00   1.4616527e+02  -8.0160165e+00   3.0000000e+01   1.6212856e+02
  -1.5717095e+01  -3.2400000e+02   6.7874486e+00   1.4606964e+02  -8.7040707e+00   3.0000000e+01   1.6103722e+02
  -1.6849505e+01  -3.2400000e+02   6.8710710e+00   1.4606978e+02  -9.3837250e+00   3.0000000e+01   1.6088967e+02
  -1.6872980e+01  -3.2400000e+02   6.8351245e+00   1.4628650e+02  -8.4444486e+00   3.0000000e+01   1.6084894e+02
  -1.6618034e+01  -3.2400000e+02   7.3855474e+00   1.4619596e+02  -7.9575398e+00   3.0000000e+01   1.6069761e+02
  -1.6657102e+01  -3.2400000e+02   7.7255736e+00   1.4655439e+02  -7.4482135e+00   3.0000000e+01   1.6015278e+02
  -1.6841919e+01  -3.2400000e+02   7.8718969e+00   1.4675970e+02  -6.9360184e+00   3.0000000e+01   1.6002514e+02
  -1.6999632e+01  -3.2400000e+02   8.0223723e+00   1.4678570e+02  -6.4508405e+00   3.0000000e+01   1.6035345e+02
  -1.7230972e+01  -3.2400000e+02   8.1450410e+00   1.4686924e+02  -5.9746327e+00   3.0000000e+01   1.5951302e+02
  -1.7674130e+01  -3.2400000e+02   8.3213626e+00   1.4631601e+02  -6.2457520e+00   3.0000000e+01   1.6018203e+02
  -1.7765938e+01  -3.2400000e+02   8.6736422e+00   1.4656623e+02  -6.1806012e+00   3.0000000e+01   1.5972486e+02
  -1.8811463e+01  -3.2400000e+02   8.6009326e+00   1.4610587e+02  -6.8491409e+00   3.0000000e+01   1.6044762e+02
  -1.9007163e+01  -3.2400000e+02   8.8732141e+00   1.4611022e+02  -6.8451891e+00   3.0000000e+01   1.6078289e+02
  -2.0187994e+01  -3.2400000e+02   8.5602219e+00   1.4568915e+02  -7.3565565e+00   3.0000000e+01   1.6184140e+02
  -2.0750111e+01  -3.2400000e+02   9.0541402e+00   1.4458481e+02  -8.3192739e+00   3.0000000e+01   1.6244670e+02
  -2.1362387e+01  -3.2400000e+02   8.9171314e+00   1.4345437e+02  -8.2229912e+00   3.0000000e+01   1.6269103e+02
  -2.2120181e+01  -3.2400000e+02   9.0274774e+00   1.4257964e+02  -8.5441461e+00   3.0000000e+01   1.6410095e+02
  -2.2506921e+01  -3.2400000e+02   9.1391759e+00   1.4248141e+02  -8.8427913e+00   3.0000000e+01   1.6335655e+02
  -2.2413606e+01  -3.2400000e+02   8.5584223e+00   1.4228169e+02  -7.8794303e+00   3.0000000e+01   1.6500502e+02
  -2.1973081e+01  -3.2400000e+02   8.7888839e+00   1.4160285e+02  -7.1059161e+00   3.0000000e+01   1.6455934e+02
  -2.1391174e+01  -3.2400000e+02   8.3726744e+00   1.4097237e+02  -5.7348048e+00   3.0000000e+01   1.6544400e+02
  -2.2060021e+01  -3.2400000e+02   9.3005509e+00   1.4038136e+02  -6.2982343e+00   3.0000000e+01   1.6563472e+02
  -2.2961812e+01  -3.2400000e+02   9.4192184e+00   1.3939517e+02  -7.6225607e+00   3.0000000e+01   1.6644663e+02
  -2.3785426e+01  -3.2400000e+02   9.0736444e+00   1.3865418e+02  -8.5081160e+00   3.0000000e+01   1.6868648e+02
  -2.4375159e+01  -3.2400000e+02   9.5995614e+00   1.3822169e+02  -9.3735922e+00   3.0000000e+01   1.6835018e+02
  -2.3810527e+01  -3.2400000e+02   9.9157602e+00   1.3816998e+02  -8.3613068e+00   3.0000000e+01   1.6811530e+02
  -2.4427158e+01  -3.2400000e+02   9.1965578e+00   1.3820103e+02  -7.8368411e+00   3.0000000e+01   1.6905191e+02
  -2.4003828e+01  -3.2400000e+02   9.6353616e+00   1.3807522e+02  -7.0712115e+00   3.0000000e+01   1.6945068e+02
  -2.3678722e+01  -3.2400000e+02   9.5197315e+00   1.3808021e+02  -5.7285187e+00   3.0000000e+01   1.6879170e+02
  -2.3273589e+01  -3.2400000e+02   9.5140319e+00   1.3806734e+02  -4.5447231e+00   3.0000000e+01   1.6978330e+02
  -2.3053348e+01  -3.2400000e+02   9.5901851e+00   1.3817956e+02  -3.3029180e+00   3.0000000e+01   1.7004642e+02
  -2.2675376e+01  -3.2400000e+02   9.7011300e+00   1.3814524e+02  -2.0427845e+00   3.0000000e+01   1.7044702e+02
  -2.2248521e+01  -3.2400000e+02   1.0103188e+01   1.3836927e+02  -1.5200389e+00   3.0000000e+01   1.7145132e+02
  -2.2288508e+01  -3.2400000e+02   1.0320932e+01   1.3847694e+02  -7.2743713e-01   3.0000000e+01   1.7163650e+02
  -2.1460777e+01  -3.2400000e+02   1.0772081e+01   1.3834289e+02   3.1294420e-01   3.0000000e+01   1.7226294e+02
  -2.0722911e+01  -3.2400000e+02   1.1141014e+01   1.3824341e+02   1.4702745e+00   3.0000000e+01   1.7249292e+02
  -1.9960739e+01  -3.2400000e+02   1.1368399e+01   1.3804518e+02   2.5301500e+00   3.0000000e+01   1.7180675e+02
  -1.9525618e+01  -3.2400000e+02   1.1788296e+01   1.3793001e+02   3.5760289e+00   3.0000000e+01   1.7264701e+02
  -1.9712315e+01  -3.2400000e+02   1.1147808e+01   1.3839485e+02   3.5819324e+00   3.0000000e+01   1.7330506e+02
  -2.0192694e+01  -3.2400000e+02   1.1541155e+01   1.4382827e+02   1.7642234e+00   3.0000000e+01   1.7557251e+02
  -1.9799626e+01  -3.2400000e+02   1.1895388e+01   1.5095902e+02  -8.8063940e-01   3.0000000e+01   1.7108593e+02
  -1.6802845e+01  -3.2400000e+02   1.2475134e+01   1.5835215e+02  -2.0934816e+00   3.0000000e+01   1.6778172e+02
  -1.5545144e+01  -3.2400000e+02   1.3382003e+01   1.6042175e+02  -9.8127030e+00   3.0000000e+01   1.6646088e+02
  -1.3659856e+01  -3.2400000e+02   1.3444057e+01   1.5864340e+02  -1.7554060e+01   3.0000000e+01   1.6630913e+02
  -1.1551052e+01  -3.2400000e+02   1.2520672e+01   1.5550319e+02  -2.4290008e+01   3.0000000e+01   1.6846465e+02
  -9.3913752e+00  -3.2400000e+02   1.1153536e+01   1.5244088e+02  -2.7865990e+01   3.0000000e+01   1.6821590e+02
  -7.8707370e+00  -3.2400000e+02   9.2229070e+00   1.4998286e+02  -2.9336817e+01   3.0000000e+01   1.6508201e+02
  -7.7099213e+00  -3.2400000e+02   6.7162684e+00   1.4792492e+02  -2.9288780e+01   3.0000000e+01   1.6325088e+02
  -7.1665958e+00  -3.2400000e+02   5.0509277e+00   1.4518169e+02  -2.7767368e+01   3.0000000e+01   1.5778398e+02
  -6.6914369e+00  -3.2400000e+02   4.9212091e+00   1.4493586e+02  -2.5276295e+01   3.0000000e+01   1.5642240e+02
  -5.7056326e+00  -3.2400000e+02   5.8918833e+00   1.4674693e+02  -2.3264080e+01   3.0000000e+01   1.5254766e+02
  -5.0477905e+00  -3.2400000e+02   6.3022520e+00   1.4843172e+02  -2.1802494e+01   3.0000000e+01   1.4733156e+02
  -5.2789211e+00  -3.2400000e+02   7.1428703e+00   1.5025917e+02  -2.1504465e+01   3.0000000e+01   1.4586381e+02
  -5.2744723e+00  -3.2400000e+02   6.8638972e+00   1.5032350e+02  -2.0958302e+01   3.0000000e+01   1.4577107e+02
  -6.0812704e+00  -3.2400000e+02   6.6254057e+00   1.5109901e+02  -2.1307627e+01   3.0000000e+01   1.4466535e+02
  -5.7558741e+00  -3.2400000e+02   6.5322532e+00   1.5072125e+02  -1.9817497e+01   3.0000000e+01   1.4590467e+02
  -7.8449446e+00  -3.2400000e+02   6.1513750e+00   1.5138003e+02  -2.0738055e+01   3.0000000e+01   1.4576963e+02
  -8.3410968e+00  -3.2400000e+02   6.3038726e+00   1.5106098e+02  -2.0296251e+01   3.0000000e+01   1.4638773e+02
  -7.0815381e+00  -3.2400000e+02   6.1726656e+00   1.5063922e+02  -1.8100895e+01   3.0000000e+01   1.4634175e+02
  -7.2665762e+00  -3.2400000e+02   6.7218176e+00   1.5036758e+02  -1.7573888e+01   3.0000000e+01   1.4651402e+02
  -7.2904456e+00  -3.2400000e+02   7.0040718e+00   1.5027571e+02  -1.7196026e+01   3.0000000e+01   1.4617280e+02
  -7.8326403e+00  -3.2400000e+02   6.1636853e+00   1.5089069e+02  -1.5912318e+01   3.0000000e+01   1.4683467e+02
  -8.9222147e+00  -3.2400000e+02   6.5928080e+00   1.5112470e+02  -1.5818251e+01   3.0000000e+01   1.4677189e+02
  -9.1363995e+00  -3.2400000e+02   6.4972544e+00   1.5149319e+02  -1.4957286e+01   3.0000000e+01   1.4677463e+02
  -9.1080258e+00  -3.2400000e+02   6.7611601e+00   1.5142879e+02  -1.3947872e+01   3.0000000e+01   1.4688069e+02
  -9.8412304e+00  -3.2400000e+02   7.2177422e+00   1.5190638e+02  -1.3925043e+01   3.0000000e+01   1.4537278e+02
  -1.0572638e+01  -3.2400000e+02   7.3495344e+00   1.5198180e+02  -1.3795635e+01   3.0000000e+01   1.4561125e+02
  -1.1531900e+01  -3.2400000e+02   7.5259469e+00   1.5214868e+02  -1.3644555e+01   3.0000000e+01   1.4607185e+02
  -1.2044791e+01  -3.2400000e+02   7.2972685e+00   1.5236028e+02  -1.3291369e+01   3.0000000e+01   1.4604940e+02
  -1.2764770e+01  -3.2400000e+02   7.3834704e+00   1.5226133e+02  -1.2839722e+01   3.0000000e+01   1.4716769e+02
  -1.3460755e+01  -3.2400000e+02   7.6238029e+00   1.5242924e+02  -1.2795286e+01   3.0000000e+01   1.4660960e+02
  -1.2853291e+01  -3.2400000e+02   7.2356205e+00   1.5176351e+02  -1.1000225e+01   3.0000000e+01   1.4736976e+02
  -1.2135524e+01  -3.2400000e+02   7.1376249e+00   1.5195676e+02  -9.3839587e+00   3.0000000e+01   1.4726996e+02
  -1.2840165e+01  -3.2400000e+02   7.3234049e+00   1.5175568e+02  -9.3397800e+00   3.0000000e+01   1.4839874e+02
  -1.4463407e+01  -3.2400000e+02   7.3626013e+00   1.5141005e+02  -1.0121886e+01   3.0000000e+01   1.4876259e+02
  -1.4883286e+01  -3.2400000e+02   7.7925220e+00   1.5129996e+02  -9.5039103e+00   3.0000000e+01   1.4741540e+02
  -1.4557129e+01  -3.2400000e+02   7.9459366e+00   1.5085414e+02  -8.1266493e+00   3.0000000e+01   1.4725653e+02
  -1.4245618e+01  -3.2400000e+02   7.6768174e+00   1.5054432e+02  -6.5510168e+00   3.0000000e+01   1.4811505e+02
  -1.5523187e+01  -3.2400000e+02   7.8187806e+00   1.5043202e+02  -6.6925867e+00   3.0000000e+01   1.4840287e+02
  -1.6693207e+01  -3.2400000e+02   8.1179150e+00   1.5029410e+02  -7.1677084e+00   3.0000000e+01   1.4906990e+02
  -1.6467491e+01  -3.2400000e+02   7.6318423e+00   1.4989537e+02  -5.6607642e+00   3.0000000e+01   1.4967249e+02
  -1.6876269e+01  -3.2400000e+02   8.7082536e+00   1.4983230e+02  -5.3494859e+00   3.0000000e+01   1.4883738e+02
  -1.7040110e+01  -3.2400000e+02   8.5577571e+00   1.4959243e+02  -4.5721494e+00   3.0000000e+01   1.4969791e+02
  -1.6903689e+01  -3.2400000e+02   8.7890401e+00   1.5003058e+02  -3.3212166e+00   3.0000000e+01   1.4920239e+02
  -1.6751537e+01  -3.2400000e+02   9.4258328e+00   1.5017025e+02  -2.2519478e+00   3.0000000e+01   1.4983529e+02
  -1.7994938e+01  -3.2400000e+02   9.2912325e+00   1.5002228e+02  -2.6010849e+00   3.0000000e+01   1.4997656e+02
  -1.7658179e+01  -3.2400000e+02   9.1891571e+00   1.4993752e+02  -1.1475990e+00   3.0000000e+01   1.4993585e+02
  -1.8463300e+01  -3.2400000e+02   9.3850560e+00   1.4951837e+02  -1.4463499e+00   3.0000000e+01   1.5029504e+02
  -1.8020362e+01  -3.2400000e+02   9.4469506e+00   1.4922056e+02  -4.1593415e-01   3.0000000e+01   1.5136476e+02
  -1.9396383e+01  -3.2400000e+02   9.0618122e+00   1.4859155e+02  -2.1460449e-01   3.0000000e+01   1.4984980e+02
  -1.9609375e+01  -3.2400000e+02   9.1175860e+00   1.4829810e+02   1.0254246e-01   3.0000000e+01   1.5009998e+02
  -1.9629871e+01  -3.2400000e+02   9.0549848e+00   1.4859422e+02   1.1823497e+00   3.0000000e+01   1.5108466e+02
  -1.9235789e+01  -3.2400000e+02   1.0103566e+01   1.4831019e+02   2.1868815e+00   3.0000000e+01   1.5066012e+02
  -2.0644330e+01  -3.2400000e+02   1.1424075e+01   1.4791140e+02   1.3437638e+00   3.0000000e+01   1.5266636e+02
  -2.0455673e+01  -3.2400000e+02   9.8595611e+00   1.4680641e+02   3.1500412e+00   3.0000000e+01   1.5294548e+02
  -2.0612570e+01  -3.2400000e+02   9.6952687e+00   1.4551353e+02   4.2854230e+00   3.0000000e+01   1.5404538e+02
  -2.2231982e+01  -3.2400000e+02   1.0957896e+01   1.4413827e+02   3.0391061e+00   3.0000000e+01   1.5565084e+02
  -2.3681205e+01  -3.2400000e+02   1.1842917e+01   1.4317411e+02   1.7864488e+00   3.0000000e+01   1.5633857e+02
  -2.4101659e+01  -3.2400000e+02   1.1809003e+01   1.4228234e+02   2.0491807e+00   3.0000000e+01   1.5882038e+02
  -2.4203708e+01  -3.2400000e+02   1.2679342e+01   1.4112407e+02   2.5677158e+00   3.0000000e+01   1.5843552e+02
  -2.3330149e+01  -3.2400000e+02   1.2841466e+01   1.4039320e+02   4.6380077e+00   3.0000000e+01   1.6299600e+02
  -2.3433080e+01  -3.2400000e+02   1.3494314e+01   1.3944140e+02   5.3332377e+00   3.0000000e+01   1.6487465e+02
  -2.2242043e+01  -3.2400000e+02   1.3946882e+01   1.3818385e+02   8.1480735e+00   3.0000000e+01   1.6837850e+02
  -2.2727970e+01  -3.2400000e+02   1.3637870e+01   1.3792281e+02   8.8582292e+00   3.0000000e+01   1.7153107e+02
  -2.1588288e+01  -3.2400000e+02   1.3448960e+01   1.3997564e+02   9.0272122e+00   3.0000000e+01   1.7247644e+02
  -2.1474778e+01  -3.2400000e+02   1.1711078e+01   1.5110604e+02   6.9701013e+00   3.0000000e+01   1.7413788e+02
  -2.1603914e+01  -3.2400000e+02   1.3039675e+01   1.5973949e+02   2.0038367e+00   3.0000000e+01   1.7127372e+02
  -1.8484677e+01  -3.2400000e+02   1.3593639e+01   1.6439786e+02  -5.7832613e+00   3.0000000e+01   1.7370558e+02
  -1.6738570e+01  -3.2400000e+02   1.5223557e+01   1.6570442e+02  -1.3999574e+01   3.0000000e+01   1.7351627e+02
  -1.6117561e+01  -3.2400000e+02   1.0954745e+01   1.5456809e+02  -2.0784721e+01   3.0000000e+01   1.7140827e+02
  -1.1477230e+01  -3.2400000e+02   1.3509781e+01   1.6073879e+02  -2.6527147e+01   3.0000000e+01   1.6868089e+02
  -1.0442776e+01  -3.2400000e+02   1.2672994e+01   1.5791360e+02  -3.2983641e+01   3.0000000e+01   1.6144631e+02
  -6.1082229e+00  -3.2400000e+02   9.6911854e+00   1.5167326e+02  -3.2627032e+01   3.0000000e+01   1.6066405e+02
  -4.6411194e+00  -3.2400000e+02   6.2282595e+00   1.4804880e+02  -3.0801154e+01   3.0000000e+01   1.5904187e+02
  -5.5268648e+00  -3.2400000e+02   4.1046236e+00   1.4567381e+02  -3.0789937e+01   3.0000000e+01   1.6025709e+02
  -6.8233254e+00  -3.2400000e+02   2.8332460e+00   1.4426534e+02  -3.0738268e+01   3.0000000e+01   1.5956166e+02
  -6.4966862e+00  -3.2400000e+02   2.8252434e+00   1.4187038e+02  -2.8041495e+01   3.0000000e+01   1.6170660e+02
  -6.9555066e+00  -3.2400000e+02   3.5222707e+00   1.4247616e+02  -2.7443613e+01   3.0000000e+01   1.6009992e+02
  -6.3564726e+00  -3.2400000e+02   3.5770151e+00   1.4337932e+02  -2.6047369e+01   3.0000000e+01   1.5796385e+02
  -5.3054632e+00  -3.2400000e+02   3.6471463e+00   1.4241197e+02  -2.3888803e+01   3.0000000e+01   1.5865458e+02
  -5.1981303e+00  -3.2400000e+02   4.1155011e+00   1.4400220e+02  -2.2858513e+01   3.0000000e+01   1.5939135e+02
  -6.1804329e+00  -3.2400000e+02   3.6748030e+00   1.4444034e+02  -2.2664978e+01   3.0000000e+01   1.5855969e+02
  -6.1158876e+00  -3.2400000e+02   3.5515638e+00   1.4555705e+02  -2.1635870e+01   3.0000000e+01   1.5962281e+02
  -7.2366023e+00  -3.2400000e+02   3.6044305e+00   1.4537997e+02  -2.1765415e+01   3.0000000e+01   1.5999924e+02
  -6.1745247e+00  -3.2400000e+02   3.6873239e+00   1.4594214e+02  -1.9597068e+01   3.0000000e+01   1.5974229e+02
  -6.0895081e+00  -3.2400000e+02   3.9708126e+00   1.4591713e+02  -1.8871130e+01   3.0000000e+01   1.5930095e+02
  -7.2720713e+00  -3.2400000e+02   4.1714589e+00   1.4664895e+02  -1.8867950e+01   3.0000000e+01   1.5795703e+02
  -7.5709352e+00  -3.2400000e+02   4.3919072e+00   1.4681563e+02  -1.7810988e+01   3.0000000e+01   1.5846837e+02
  -8.0521129e+00  -3.2400000e+02   4.1011175e+00   1.4731802e+02  -1.6692294e+01   3.0000000e+01   1.5737362e+02
  -8.5097247e+00  -3.2400000e+02   4.5107457e+00   1.4766386e+02  -1.6209118e+01   3.0000000e+01   1.5578124e+02
  -9.4723356e+00  -3.2400000e+02   4.0716628e+00   1.4820048e+02  -1.5598286e+01   3.0000000e+01   1.5557153e+02
  -9.0866707e+00  -3.2400000e+02   4.4835992e+00   1.4860748e+02  -1.4349194e+01   3.0000000e+01   1.5513431e+02
  -9.0646693e+00  -3.2400000e+02   4.7645009e+00   1.4882890e+02  -1.2861312e+01   3.0000000e+01   1.5481350e+02
  -8.8544887e+00  -3.2400000e+02   5.2368818e+00   1.4871146e+02  -1.1026838e+01   3.0000000e+01   1.5402884e+02
  -8.2288730e+00  -3.2400000e+02   5.8431632e+00   1.4849484e+02  -8.6760930e+00   3.0000000e+01   1.5376159e+02
  -7.9313843e+00  -3.2400000e+02   6.2759021e+00   1.4856654e+02  -7.0740973e+00   3.0000000e+01   1.5418316e+02
  -9.0733196e+00  -3.2400000e+02   6.5759647e+00   1.4870087e+02  -6.8899255e+00   3.0000000e+01   1.5436390e+02
  -1.0073905e+01  -3.2400000e+02   6.7047508e+00   1.4862286e+02  -7.0747432e+00   3.0000000e+01   1.5475039e+02
  -1.1471318e+01  -3.2400000e+02   6.3508325e+00   1.4859758e+02  -7.1199650e+00   3.0000000e+01   1.5454292e+02
  -1.2463338e+01  -3.2400000e+02   6.2706676e+00   1.4839608e+02  -7.0968157e+00   3.0000000e+01   1.5480555e+02
  -1.2032757e+01  -3.2400000e+02   6.8467852e+00   1.4753548e+02  -5.6042386e+00   3.0000000e+01   1.5470149e+02
  -1.2546807e+01  -3.2400000e+02   6.9272184e+00   1.4732631e+02  -5.4661864e+00   3.0000000e+01   1.5464075e+02
  -1.2820115e+01  -3.2400000e+02   7.3888759e+00   1.4695249e+02  -5.2180356e+00   3.0000000e+01   1.5466999e+02
  -1.3833607e+01  -3.2400000e+02   7.6155556e+00   1.4693928e+02  -5.6179876e+00   3.0000000e+01   1.5438051e+02
  -1.4983101e+01  -3.2400000e+02   7.9874467e+00   1.4635215e+02  -5.9692023e+00   3.0000000e+01   1.5356167e+02
  -1.5743016e+01  -3.2400000e+02   7.8800035e+00   1.4666224e+02  -6.0330675e+00   3.0000000e+01   1.5391807e+02
  -1.6403772e+01  -3.2400000e+02   7.6441638e+00   1.4684030e+02  -5.4595615e+00   3.0000000e+01   1.5431745e+02
  -1.5390526e+01  -3.2400000e+02   8.2115131e+00   1.4738480e+02  -3.6122919e+00   3.0000000e+01   1.5477871e+02
  -1.6838137e+01  -3.2400000e+02   7.8047762e+00   1.4731180e+02  -3.3965310e+00   3.0000000e+01   1.5364760e+02
  -1.7738743e+01  -3.2400000e+02   7.5995137e+00   1.4720470e+02  -3.5330825e+00   3.0000000e+01   1.5424045e+02
  -1.7266832e+01  -3.2400000e+02   7.8261670e+00   1.4767023e+02  -2.2656842e+00   3.0000000e+01   1.5553744e+02
  -1.7287309e+01  -3.2400000e+02   8.2541960e+00   1.4718476e+02  -1.4582026e+00   3.0000000e+01   1.5495217e+02
  -1.6943973e+01  -3.2400000e+02   8.3635194e+00   1.4675009e+02  -1.0674385e-01   3.0000000e+01   1.5441750e+02
  -1.7049399e+01  -3.2400000e+02   8.3965467e+00   1.4637117e+02   6.9829139e-01   3.0000000e+01   1.5451940e+02
  -1.7360988e+01  -3.2400000e+02   7.8994841e+00   1.4641042e+02   1.7066137e+00   3.0000000e+01   1.5503906e+02
  -1.7660005e+01  -3.2400000e+02   8.1424586e+00   1.4580663e+02   2.3825533e+00   3.0000000e+01   1.5582088e+02
  -1.8884580e+01  -3.2400000e+02   8.0310212e+00   1.4558305e+02   1.8562312e+00   3.0000000e+01   1.5724944e+02
  -1.8390824e+01  -3.2400000e+02   7.6336615e+00   1.4496738e+02   3.3396499e+00   3.0000000e+01   1.5758006e+02
  -1.7893933e+01  -3.2400000e+02   7.5028085e+00   1.4412576e+02   4.9190927e+00   3.0000000e+01   1.5834190e+02
  -1.7692291e+01  -3.2400000e+02   8.5616933e+00   1.4373445e+02   5.8971174e+00   3.0000000e+01   1.6009653e+02
  -2.0090504e+01  -3.2400000e+02   9.6920524e+00   1.4269077e+02   4.2677965e+00   3.0000000e+01   1.6017067e+02
  -2.0656594e+01  -3.2400000e+02   9.6512102e+00   1.4170939e+02   4.5114063e+00   3.0000000e+01   1.6235031e+02
  -2.0123733e+01  -3.2400000e+02   1.0491464e+01   1.4122166e+02   5.9905181e+00   3.0000000e+01   1.6252730e+02
  -2.0858116e+01  -3.2400000e+02   1.1224250e+01   1.4054895e+02   6.1137732e+00   3.0000000e+01   1.6178358e+02
  -2.1976392e+01  -3.2400000e+02   1.1613144e+01   1.3993525e+02   6.5163355e+00   3.0000000e+01   1.6363882e+02
  -2.3037257e+01  -3.2400000e+02   1.2912363e+01   1.3954337e+02   6.1781507e+00   3.0000000e+01   1.6401707e+02
  -2.3665447e+01  -3.2400000e+02   1.2871817e+01   1.3858004e+02   7.2717716e+00   3.0000000e+01   1.6591036e+02
  -2.4462226e+01  -3.2400000e+02   1.3796628e+01   1.3835126e+02   7.7401740e+00   3.0000000e+01   1.6845099e+02
  -2.4397520e+01  -3.2400000e+02   1.3848051e+01   1.3675581e+02   9.6254739e+00   3.0000000e+01   1.7215555e+02
  -2.3850579e+01  -3.2400000e+02   1.4765441e+01   1.3709227e+02   1.0578207e+01   3.0000000e+01   1.7219715e+02
  -2.2708912e+01  -3.2400000e+02   1.4060800e+01   1.3862514e+02   1.1654271e+01   3.0000000e+01   1.7399454e+02
  -2.1291660e+01  -3.2400000e+02   1.3235442e+01   1.4672033e+02   9.7454007e+00   3.0000000e+01   1.7492656e+02
  -2.2310772e+01  -3.2400000e+02   1.2340146e+01   1.5489138e+02   4.3231665e+00   3.0000000e+01   1.7557484e+02
  -2.1100074e+01  -3.2400000e+02   1.3120309e+01   1.5918039e+02  -2.9860354e+00   3.0000000e+01   1.7407603e+02
  -1.9674197e+01  -3.2400000e+02   1.3081689e+01   1.6141544e+02  -1.1142466e+01   3.0000000e+01   1.7512093e+02
  -1.8082798e+01  -3.2400000e+02   1.3305711e+01   1.5916334e+02  -1.9012060e+01   3.0000000e+01   1.7307218e+02
  -1.4035059e+01  -3.2400000e+02   1.1682501e+01   1.5530723e+02  -2.2722274e+01   3.0000000e+01   1.7384087e+02
  -1.0247560e+01  -3.2400000e+02   9.7531172e+00   1.5389721e+02  -2.7816635e+01   3.0000000e+01   1.7022944e+02
  -8.3620166e+00  -3.2400000e+02   9.4489867e+00   1.5295102e+02  -3.2846318e+01   3.0000000e+01   1.6931831e+02
  -7.2130558e+00  -3.2400000e+02   9.1919719e+00   1.5248048e+02  -3.6657746e+01   3.0000000e+01   1.6972485e+02
  -6.8033455e+00  -3.2400000e+02   7.1512839e+00   1.5077506e+02  -3.7521867e+01   3.0000000e+01   1.7072017e+02
  -5.4447419e+00  -3.2400000e+02   5.4171932e+00   1.4765463e+02  -3.7413608e+01   3.0000000e+01   1.7029765e+02
  -4.9904049e+00  -3.2400000e+02   2.7848336e+00   1.4290734e+02  -3.5252468e+01   3.0000000e+01   1.7245080e+02
  -5.4216117e+00  -3.2400000e+02   1.0583890e+00   1.3778262e+02  -3.2508565e+01   3.0000000e+01   1.7128272e+02
  -4.5561789e+00  -3.2400000e+02   8.9904004e-01   1.3626355e+02  -2.9802610e+01   3.0000000e+01   1.6998016e+02
  -4.1497352e+00  -3.2400000e+02   7.8244712e-01   1.3668397e+02  -2.7773296e+01   3.0000000e+01   1.6720588e+02
  -4.4032102e+00  -3.2400000e+02   1.3951079e+00   1.3770769e+02  -2.6874704e+01   3.0000000e+01   1.6732442e+02
  -5.2341104e+00  -3.2400000e+02   1.5811653e+00   1.3915851e+02  -2.6575264e+01   3.0000000e+01   1.6730285e+02
  -5.0122204e+00  -3.2400000e+02   1.8277487e+00   1.4052765e+02  -2.5106487e+01   3.0000000e+01   1.6501138e+02
  -5.3290635e+00  -3.2400000e+02   2.9028182e+00   1.4177200e+02  -2.4489802e+01   3.0000000e+01   1.6444932e+02
  -5.6124038e+00  -3.2400000e+02   3.3737538e+00   1.4258106e+02  -2.3727460e+01   3.0000000e+01   1.6370381e+02
  -5.8808450e+00  -3.2400000e+02   3.0895570e+00   1.4349969e+02  -2.2408169e+01   3.0000000e+01   1.6226665e+02
  -4.5079153e+00  -3.2400000e+02   3.6497466e+00   1.4450676e+02  -2.0055742e+01   3.0000000e+01   1.6135949e+02
  -3.6096245e+00  -3.2400000e+02   5.1512218e+00   1.4464831e+02  -1.8254695e+01   3.0000000e+01   1.6049107e+02
  -2.7703436e+00  -3.2400000e+02   5.2978820e+00   1.4531845e+02  -1.6286299e+01   3.0000000e+01   1.6046154e+02
  -2.5908918e+00  -3.2400000e+02   5.6739695e+00   1.4609916e+02  -1.4107560e+01   3.0000000e+01   1.5830178e+02
  -3.5392375e+00  -3.2400000e+02   6.0532528e+00   1.4699899e+02  -1.3614872e+01   3.0000000e+01   1.5841021e+02
  -6.2942123e+00  -3.2400000e+02   5.4455015e+00   1.4774914e+02  -1.4792179e+01   3.0000000e+01   1.5662470e+02
  -6.4703406e+00  -3.2400000e+02   5.8244602e+00   1.4777164e+02  -1.4104008e+01   3.0000000e+01   1.5592104e+02
  -8.3082304e+00  -3.2400000e+02   5.2374769e+00   1.4883274e+02  -1.4314815e+01   3.0000000e+01   1.5469779e+02
  -9.3518994e+00  -3.2400000e+02   5.6010801e+00   1.4850128e+02  -1.4572628e+01   3.0000000e+01   1.5424625e+02
  -9.1788607e+00  -3.2400000e+02   5.9101627e+00   1.4873993e+02  -1.3498627e+01   3.0000000e+01   1.5430211e+02
  -9.2631801e+00  -3.2400000e+02   5.6877154e+00   1.4890965e+02  -1.2094962e+01   3.0000000e+01   1.5375227e+02
  -9.7116362e+00  -3.2400000e+02   6.0327627e+00   1.4944899e+02  -1.0917930e+01   3.0000000e+01   1.5346679e+02
  -7.9059919e+00  -3.2400000e+02   6.2164145e+00   1.4891003e+02  -7.8367329e+00   3.0000000e+01   1.5439496e+02
  -9.5121955e+00  -3.2400000e+02   6.2452402e+00   1.4997401e+02  -8.3776704e+00   3.0000000e+01   1.5391644e+02
  -1.0837290e+01  -3.2400000e+02   6.2562712e+00   1.5018171e+02  -8.6127500e+00   3.0000000e+01   1.5397011e+02
  -1.1290570e+01  -3.2400000e+02   6.0371116e+00   1.5067764e+02  -8.6120228e+00   3.0000000e+01   1.5301280e+02
  -1.2085617e+01  -3.2400000e+02   6.1501361e+00   1.5080887e+02  -8.2662628e+00   3.0000000e+01   1.5371538e+02
  -1.2518743e+01  -3.2400000e+02   5.9461374e+00   1.5025094e+02  -7.4264829e+00   3.0000000e+01   1.5347452e+02
  -1.3098647e+01  -3.2400000e+02   5.6690475e+00   1.5024116e+02  -6.6597320e+00   3.0000000e+01   1.5392024e+02
  -1.3736963e+01  -3.2400000e+02   5.5416837e+00   1.5045730e+02  -6.4535089e+00   3.0000000e+01   1.5359927e+02
  -1.3303554e+01  -3.2400000e+02   5.3630727e+00   1.5058531e+02  -5.3579925e+00   3.0000000e+01   1.5457724e+02
  -1.2991592e+01  -3.2400000e+02   6.2435668e+00   1.4996603e+02  -4.8279508e+00   3.0000000e+01   1.5441609e+02
  -1.2555637e+01  -3.2400000e+02   6.0352834e+00   1.5063532e+02  -3.5000205e+00   3.0000000e+01   1.5450793e+02
  -1.2251846e+01  -3.2400000e+02   7.1131259e+00   1.5078725e+02  -2.5120393e+00   3.0000000e+01   1.5432152e+02
  -1.4268428e+01  -3.2400000e+02   7.1234532e+00   1.5051100e+02  -3.3827284e+00   3.0000000e+01   1.5588526e+02
  -1.4864140e+01  -3.2400000e+02   6.8561793e+00   1.4949600e+02  -2.8883001e+00   3.0000000e+01   1.5590450e+02
  -1.5600906e+01  -3.2400000e+02   7.3337866e+00   1.4854375e+02  -2.8628111e+00   3.0000000e+01   1.5563184e+02
  -1.7301060e+01  -3.2400000e+02   7.1395846e+00   1.4816119e+02  -2.9876610e+00   3.0000000e+01   1.5512877e+02
