   2.9306349e+01   4.0752981e+01  -1.7322540e+02   3.1182453e+01   5.9316069e+00  -5.2843894e+01   3.8715929e+01
   3.2000000e+01   4.7000000e+01  -1.7089071e+02   2.8063053e+01   1.3259490e+00  -4.2000000e+01   4.2595501e+01
   3.2000000e+01   4.7000000e+01  -1.6716396e+02   2.6259677e+01  -2.4677607e+00  -4.2000000e+01   4.7908335e+01
   3.2000000e+01   4.7000000e+01  -1.6465448e+02   2.4755294e+01  -5.7214230e+00  -4.2000000e+01   5.2158014e+01
   3.2000000e+01   4.7000000e+01  -1.6222913e+02   2.4413472e+01  -8.3131874e+00  -4.2000000e+01   5.5480612e+01
   3.2000000e+01   4.7000000e+01  -1.6183858e+02   2.6045521e+01  -1.0113543e+01  -4.2000000e+01   5.7913541e+01
   3.2000000e+01   4.7000000e+01  -1.6217099e+02   2.8135288e+01  -1.1253292e+01  -4.2000000e+01   5.8302118e+01
   3.2000000e+01   4.7000000e+01  -1.6333302e+02   3.0052380e+01  -1.1641102e+01  -4.2000000e+01   5.7587904e+01
   3.2000000e+01   4.7000000e+01  -1.6260873e+02   3.1229024e+01  -1.1111693e+01  -4.2000000e+01   5.5929387e+01
   3.2000000e+01   4.7000000e+01  -1.6332748e+02   3.3135356e+01  -1.0681552e+01  -4.2000000e+01   5.4159572e+01
   3.2000000e+01   4.7000000e+01  -1.6398556e+02   3.4885054e+01  -9.2528811e+00  -4.2000000e+01   5.1082988e+01
   3.2000000e+01   4.7000000e+01  -1.6789289e+02   3.6023178e+01  -6.1869555e+00  -4.2000000e+01   4.9421868e+01
   3.2000000e+01   4.7000000e+01  -1.6871014e+02   3.7985083e+01  -2.6004586e+00  -4.2000000e+01   4.9943604e+01
   3.2000000e+01   4.7000000e+01  -1.6770860e+02   3.9180554e+01   6.9274040e-01  -4.2000000e+01   4.8391773e+01
   3.2000000e+01   4.7000000e+01  -1.6762225e+02   4.0418430e+01   3.2675484e+00  -4.2000000e+01   4.5957579e+01
   3.2000000e+01   4.7000000e+01  -1.6530744e+02   4.1782422e+01   4.7629295e+00  -4.2000000e+01   4.3290869e+01
   3.2000000e+01   4.7000000e+01  -1.6379555e+02   4.3464090e+01   6.2204556e+00  -4.2000000e+01   4.1686687e+01
   3.2000000e+01   4.7000000e+01  -1.6525166e+02   4.4552337e+01   8.9487146e+00  -4.2000000e+01   4.0249947e+01
   3.2000000e+01   4.7000000e+01  -1.6604867e+02   4.4799833e+01   1.1422984e+01  -4.2000000e+01   3.8525464e+01
   3.2000000e+01   4.7000000e+01  -1.6457010e+02   4.6982737e+01   1.2785279e+01  -4.2000000e+01   3.5256725e+01
   3.2000000e+01   4.7000000e+01  -1.6189445e+02   4.8235937e+01   1.3750618e+01  -4.2000000e+01   3.2717131e+01
   3.2000000e+01   4.7000000e+01  -1.6131790e+02   5.0123968e+01   1.4671594e+01  -4.2000000e+01   2.9027423e+01
   3.2000000e+01   4.7000000e+01  -1.6137157e+02   5.1786286e+01   1.5990638e+01  -4.2000000e+01   2.6116373e+01
   3.2000000e+01   4.7000000e+01  -1.5850538e+02   5.2747138e+01   1.6697075e+01  -4.2000000e+01   2.2566185e+01
   3.2000000e+01   4.7000000e+01  -1.5766953e+02   5.4491400e+01   1.8013443e+01  -4.2000000e+01   1.9765046e+01
   3.2000000e+01   4.7000000e+01  -1.5706115e+02   5.5862115e+01   1.9738439e+01  -4.2000000e+01   1.7330149e+01
   3.2000000e+01   4.7000000e+01  -1.5518853e+02   5.6889091e+01   2.0869621e+01  -4.2000000e+01   1.3341294e+01
   3.2000000e+01   4.7000000e+01  -1.5464685e+02   5.8059629e+01   2.1887254e+01  -4.2000000e+01   1.0737016e+01
   3.2000000e+01   4.7000000e+01  -1.5280859e+02   5.9431925e+01   2.3420750e+01  -4.2000000e+01   7.7693821e+00
   3.2000000e+01   4.7000000e+01  -1.5121507e+02   6.0592953e+01   2.3971521e+01  -4.2000000e+01   3.9578174e+00
   3.2000000e+01   4.7000000e+01  -1.4861425e+02   6.1354404e+01   2.5384842e+01  -4.2000000e+01   3.7255018e-01
   3.2000000e+01   4.7000000e+01  -1.4686982e+02   6.2159684e+01   2.6727001e+01  -4.2000000e+01  -3.8141190e+00
   3.2000000e+01   4.7000000e+01  -1.4498963e+02   6.2622358e+01   2.8262852e+01  -4.2000000e+01  -8.2345971e+00
   3.2000000e+01   4.7000000e+01  -1.4641906e+02   6.1817761e+01   2.9170744e+01  -4.2000000e+01  -1.0853283e+01
   3.2000000e+01   4.7000000e+01  -1.5046439e+02   5.7832200e+01   2.9079573e+01  -4.2000000e+01  -1.3509915e+01
   3.2000000e+01   4.7000000e+01  -1.5439101e+02   5.4196329e+01   2.8418780e+01  -4.2000000e+01  -1.6563891e+01
   3.2000000e+01   4.7000000e+01  -1.5632696e+02   5.1082637e+01   2.8088146e+01  -4.2000000e+01  -1.6233421e+01
   3.2000000e+01   4.7000000e+01  -1.5996006e+02   4.6651474e+01   2.7364848e+01  -4.2000000e+01  -8.6231767e+00
   3.2000000e+01   4.7000000e+01  -1.6284645e+02   4.2668591e+01   2.3868727e+01  -4.2000000e+01   1.1939637e-01
   3.2000000e+01   4.7000000e+01  -1.6678609e+02   3.7763321e+01   1.8011402e+01  -4.2000000e+01   7.6141652e+00
   3.2000000e+01   4.7000000e+01  -1.6855020e+02   3.3923716e+01   1.2837061e+01  -4.2000000e+01   1.5144618e+01
   3.2000000e+01   4.7000000e+01  -1.7113240e+02   3.1015591e+01   7.5312936e+00  -4.2000000e+01   2.3139713e+01
   3.2000000e+01   4.7000000e+01  -1.7120745e+02   2.9617405e+01   3.0945827e+00  -4.2000000e+01   3.1060945e+01
   3.2000000e+01   4.7000000e+01  -1.6733191e+02   2.7565491e+01   1.9574522e-01  -4.2000000e+01   3.7766519e+01
   3.2000000e+01   4.7000000e+01  -1.6461003e+02   2.5794755e+01  -3.6571921e+00  -4.2000000e+01   4.4152135e+01
   3.2000000e+01   4.7000000e+01  -1.6017018e+02   2.4549113e+01  -6.8684863e+00  -4.2000000e+01   4.9747384e+01
   3.2000000e+01   4.7000000e+01  -1.6107801e+02   2.4761086e+01  -9.8683757e+00  -4.2000000e+01   5.5431195e+01
   3.2000000e+01   4.7000000e+01  -1.6100511e+02   2.6655206e+01  -1.1920132e+01  -4.2000000e+01   5.7349903e+01
   3.2000000e+01   4.7000000e+01  -1.6173745e+02   2.8646797e+01  -1.3002766e+01  -4.2000000e+01   5.6871090e+01
   3.2000000e+01   4.7000000e+01  -1.6444067e+02   3.0972559e+01  -1.2746642e+01  -4.2000000e+01   5.5759984e+01
   3.2000000e+01   4.7000000e+01  -1.6456695e+02   3.2534307e+01  -1.1681784e+01  -4.2000000e+01   5.4637295e+01
   3.2000000e+01   4.7000000e+01  -1.6602843e+02   3.4150361e+01  -1.0074303e+01  -4.2000000e+01   5.3935507e+01
   3.2000000e+01   4.7000000e+01  -1.6845239e+02   3.5716830e+01  -7.8245109e+00  -4.2000000e+01   5.2148951e+01
   3.2000000e+01   4.7000000e+01  -1.6917431e+02   3.6775456e+01  -4.8501447e+00  -4.2000000e+01   5.0789686e+01
   3.2000000e+01   4.7000000e+01  -1.6873144e+02   3.7985312e+01  -1.7903520e+00  -4.2000000e+01   4.9709397e+01
   3.2000000e+01   4.7000000e+01  -1.6807433e+02   3.9495569e+01   1.0155945e+00  -4.2000000e+01   4.7968442e+01
   3.2000000e+01   4.7000000e+01  -1.6739813e+02   4.0774722e+01   3.8237384e+00  -4.2000000e+01   4.6625723e+01
   3.2000000e+01   4.7000000e+01  -1.6629354e+02   4.1647573e+01   5.8384504e+00  -4.2000000e+01   4.3198543e+01
   3.2000000e+01   4.7000000e+01  -1.6706890e+02   4.2045463e+01   7.8093939e+00  -4.2000000e+01   4.1041210e+01
   3.2000000e+01   4.7000000e+01  -1.6564270e+02   4.4895108e+01   1.0155723e+01  -4.2000000e+01   3.8277283e+01
   3.2000000e+01   4.7000000e+01  -1.6162879e+02   4.6639954e+01   1.1035668e+01  -4.2000000e+01   3.4357663e+01
   3.2000000e+01   4.7000000e+01  -1.6052369e+02   4.7325713e+01   1.2539957e+01  -4.2000000e+01   3.2011147e+01
   3.2000000e+01   4.7000000e+01  -1.6027339e+02   4.9421786e+01   1.3743906e+01  -4.2000000e+01   2.8762342e+01
   3.2000000e+01   4.7000000e+01  -1.6007270e+02   5.0835978e+01   1.5468058e+01  -4.2000000e+01   2.5651286e+01
   3.2000000e+01   4.7000000e+01  -1.5716182e+02   5.1593672e+01   1.7097511e+01  -4.2000000e+01   2.3167853e+01
   3.2000000e+01   4.7000000e+01  -1.5681503e+02   5.3082376e+01   1.7959105e+01  -4.2000000e+01   2.0363527e+01
   3.2000000e+01   4.7000000e+01  -1.5607447e+02   5.4575222e+01   1.9435343e+01  -4.2000000e+01   1.7085247e+01
   3.2000000e+01   4.7000000e+01  -1.5544690e+02   5.5974136e+01   2.1640930e+01  -4.2000000e+01   1.4790268e+01
   3.2000000e+01   4.7000000e+01  -1.5380764e+02   5.7212918e+01   2.3534666e+01  -4.2000000e+01   1.2652508e+01
   3.2000000e+01   4.7000000e+01  -1.5128489e+02   5.8170840e+01   2.4617085e+01  -4.2000000e+01   8.1527523e+00
   3.2000000e+01   4.7000000e+01  -1.5165413e+02   5.9024365e+01   2.5729982e+01  -4.2000000e+01   5.6925662e+00
   3.2000000e+01   4.7000000e+01  -1.5046309e+02   6.0254369e+01   2.7280835e+01  -4.2000000e+01   2.5467999e+00
   3.2000000e+01   4.7000000e+01  -1.5091392e+02   6.1579758e+01   2.7819618e+01  -4.2000000e+01  -1.1114403e+00
   3.2000000e+01   4.7000000e+01  -1.5031093e+02   6.0242878e+01   2.8299752e+01  -4.2000000e+01  -4.9403088e+00
   3.2000000e+01   4.7000000e+01  -1.5369022e+02   5.5068925e+01   2.8815112e+01  -4.2000000e+01  -9.3206017e+00
   3.2000000e+01   4.7000000e+01  -1.5527133e+02   5.1493804e+01   2.8492973e+01  -4.2000000e+01  -1.2992816e+01
   3.2000000e+01   4.7000000e+01  -1.6038732e+02   4.9331082e+01   2.7830576e+01  -4.2000000e+01  -1.1630405e+01
   3.2000000e+01   4.7000000e+01  -1.6329484e+02   4.6387218e+01   2.5445904e+01  -4.2000000e+01  -6.2675756e+00
   3.2000000e+01   4.7000000e+01  -1.6805368e+02   4.4274985e+01   2.1575343e+01  -4.2000000e+01   2.7588372e+00
   3.2000000e+01   4.7000000e+01  -1.7144990e+02   4.0511621e+01   1.7287339e+01  -4.2000000e+01   1.0508830e+01
   3.2000000e+01   4.7000000e+01  -1.7116182e+02   3.8383835e+01   1.1425461e+01  -4.2000000e+01   1.4639750e+01
   3.2000000e+01   4.7000000e+01  -1.7240356e+02   3.6083735e+01   7.8045576e+00  -4.2000000e+01   2.2420221e+01
   3.2000000e+01   4.7000000e+01  -1.7379959e+02   3.3310815e+01   4.5394664e+00  -4.2000000e+01   3.0472288e+01
   3.2000000e+01   4.7000000e+01  -1.7199804e+02   3.1247230e+01   2.5669522e+00  -4.2000000e+01   3.7735917e+01
   3.2000000e+01   4.7000000e+01  -1.6982828e+02   2.9987920e+01   3.8691513e-01  -4.2000000e+01   4.4377544e+01
   3.2000000e+01   4.7000000e+01  -1.6860021e+02   3.0950022e+01  -1.7171763e+00  -4.2000000e+01   5.0457513e+01
   3.2000000e+01   4.7000000e+01  -1.6762187e+02   3.3099276e+01  -3.6187394e+00  -4.2000000e+01   5.2148099e+01
   3.2000000e+01   4.7000000e+01  -1.6928419e+02   3.5685430e+01  -3.0654745e+00  -4.2000000e+01   5.3096663e+01
   3.2000000e+01   4.7000000e+01  -1.7015071e+02   3.7796785e+01  -2.0439730e+00  -4.2000000e+01   5.1196103e+01
   3.2000000e+01   4.7000000e+01  -1.7060924e+02   3.9532472e+01  -7.2030292e-01  -4.2000000e+01   4.9998702e+01
   3.2000000e+01   4.7000000e+01  -1.6940257e+02   4.0216923e+01   7.5205774e-01  -4.2000000e+01   4.7911659e+01
   3.2000000e+01   4.7000000e+01  -1.6861787e+02   4.0681765e+01   1.8309742e+00  -4.2000000e+01   4.7111100e+01
   3.2000000e+01   4.7000000e+01  -1.6842450e+02   4.1649883e+01   3.5770271e+00  -4.2000000e+01   4.6264163e+01
   3.2000000e+01   4.7000000e+01  -1.6757673e+02   4.2289754e+01   5.6206714e+00  -4.2000000e+01   4.4389423e+01
   3.2000000e+01   4.7000000e+01  -1.6688082e+02   4.2456874e+01   7.2533091e+00  -4.2000000e+01   4.3222223e+01
   3.2000000e+01   4.7000000e+01  -1.6485497e+02   4.3891214e+01   8.6986386e+00  -4.2000000e+01   4.1938767e+01
   3.2000000e+01   4.7000000e+01  -1.6248846e+02   4.3517609e+01   9.8774909e+00  -4.2000000e+01   4.0357329e+01
   3.2000000e+01   4.7000000e+01  -1.5981405e+02   4.3194506e+01   1.0868027e+01  -4.2000000e+01   3.7814315e+01
   3.2000000e+01   4.7000000e+01  -1.5910637e+02   4.4539911e+01   1.1357967e+01  -4.2000000e+01   3.5535428e+01
   3.2000000e+01   4.7000000e+01  -1.5724524e+02   4.5528347e+01   1.1131268e+01  -4.2000000e+01   3.3213068e+01
   3.2000000e+01   4.7000000e+01  -1.5977942e+02   4.7680113e+01   1.3785497e+01  -4.2000000e+01   3.1342834e+01
   3.2000000e+01   4.7000000e+01  -1.6081919e+02   4.8399494e+01   1.5370010e+01  -4.2000000e+01   2.9042796e+01
   3.2000000e+01   4.7000000e+01  -1.5932918e+02   4.9258018e+01   1.7833610e+01  -4.2000000e+01   2.8516178e+01
   3.2000000e+01   4.7000000e+01  -1.5618801e+02   5.0390191e+01   1.8941514e+01  -4.2000000e+01   2.6462006e+01
   3.2000000e+01   4.7000000e+01  -1.5461800e+02   5.1150347e+01   1.9106076e+01  -4.2000000e+01   2.4579960e+01
   3.2000000e+01   4.7000000e+01  -1.5351682e+02   5.2139933e+01   1.9269353e+01  -4.2000000e+01   2.1967291e+01
   3.2000000e+01   4.7000000e+01  -1.5284821e+02   5.2552817e+01   1.9997063e+01  -4.2000000e+01   1.9073289e+01
   3.2000000e+01   4.7000000e+01  -1.5288071e+02   5.3913351e+01   2.1411927e+01  -4.2000000e+01   1.6549402e+01
   3.2000000e+01   4.7000000e+01  -1.5298389e+02   5.5352856e+01   2.2905619e+01  -4.2000000e+01   1.3537176e+01
   3.2000000e+01   4.7000000e+01  -1.5232906e+02   5.6293608e+01   2.4362053e+01  -4.2000000e+01   1.0829162e+01
   3.2000000e+01   4.7000000e+01  -1.5204438e+02   5.7206474e+01   2.5418612e+01  -4.2000000e+01   8.4722581e+00
   3.2000000e+01   4.7000000e+01  -1.4996405e+02   5.8489213e+01   2.6659085e+01  -4.2000000e+01   5.0903015e+00
   3.2000000e+01   4.7000000e+01  -1.4963599e+02   5.9586677e+01   2.7426433e+01  -4.2000000e+01   2.6309089e+00
   3.2000000e+01   4.7000000e+01  -1.4930155e+02   6.0618398e+01   2.8721242e+01  -4.2000000e+01   6.0891753e-01
   3.2000000e+01   4.7000000e+01  -1.4922542e+02   6.1583440e+01   2.9606964e+01  -4.2000000e+01  -1.0169323e+00
   3.2000000e+01   4.7000000e+01  -1.5045934e+02   6.1451011e+01   2.9932431e+01  -4.2000000e+01  -1.8719017e+00
   3.2000000e+01   4.7000000e+01  -1.5290782e+02   5.7332721e+01   2.9428271e+01  -4.2000000e+01  -4.2075508e+00
   3.2000000e+01   4.7000000e+01  -1.5418920e+02   5.2643073e+01   2.8379347e+01  -4.2000000e+01  -7.1233967e+00
   3.2000000e+01   4.7000000e+01  -1.5942658e+02   4.8288526e+01   2.7222965e+01  -4.2000000e+01  -4.2067283e+00
   3.2000000e+01   4.7000000e+01  -1.6112045e+02   4.4597134e+01   2.4719651e+01  -4.2000000e+01   1.5972997e+00
   3.2000000e+01   4.7000000e+01  -1.6475962e+02   4.0993874e+01   2.0055522e+01  -4.2000000e+01   8.7280959e+00
   3.2000000e+01   4.7000000e+01  -1.6706995e+02   3.7460867e+01   1.4433370e+01  -4.2000000e+01   1.4207658e+01
   3.2000000e+01   4.7000000e+01  -1.6870461e+02   3.4758628e+01   9.7404001e+00  -4.2000000e+01   2.0459357e+01
   3.2000000e+01   4.7000000e+01  -1.7152864e+02   3.3826251e+01   5.6326412e+00  -4.2000000e+01   2.7402333e+01
   3.2000000e+01   4.7000000e+01  -1.7193510e+02   3.3204064e+01   1.9490122e+00  -4.2000000e+01   3.2821346e+01
   3.2000000e+01   4.7000000e+01  -1.6786310e+02   3.0176738e+01  -1.5759069e+00  -4.2000000e+01   3.8032731e+01
   3.2000000e+01   4.7000000e+01  -1.6315986e+02   2.7459402e+01  -4.3244582e+00  -4.2000000e+01   4.4225576e+01
   3.2000000e+01   4.7000000e+01  -1.6122659e+02   2.4586865e+01  -6.0524103e+00  -4.2000000e+01   5.0263347e+01
   3.2000000e+01   4.7000000e+01  -1.6043938e+02   2.4995433e+01  -7.2631872e+00  -4.2000000e+01   5.5508196e+01
   3.2000000e+01   4.7000000e+01  -1.6064713e+02   2.7654768e+01  -8.0143749e+00  -4.2000000e+01   5.9224022e+01
   3.2000000e+01   4.7000000e+01  -1.6223252e+02   3.0113938e+01  -8.2856356e+00  -4.2000000e+01   5.9583138e+01
   3.2000000e+01   4.7000000e+01  -1.6321782e+02   3.2146933e+01  -7.7728347e+00  -4.2000000e+01   5.8880480e+01
   3.2000000e+01   4.7000000e+01  -1.6407241e+02   3.4439420e+01  -6.6668212e+00  -4.2000000e+01   5.6727749e+01
   3.2000000e+01   4.7000000e+01  -1.6599521e+02   3.5612859e+01  -4.4547562e+00  -4.2000000e+01   5.4343749e+01
   3.2000000e+01   4.7000000e+01  -1.6721500e+02   3.7582996e+01  -2.1690185e+00  -4.2000000e+01   5.1950421e+01
   3.2000000e+01   4.7000000e+01  -1.6673591e+02   3.8099548e+01   6.5501756e-01  -4.2000000e+01   5.1520940e+01
   3.2000000e+01   4.7000000e+01  -1.6705393e+02   3.8810708e+01   3.5045947e+00  -4.2000000e+01   4.9799327e+01
   3.2000000e+01   4.7000000e+01  -1.6597396e+02   4.0211999e+01   6.5876284e+00  -4.2000000e+01   4.7621623e+01
   3.2000000e+01   4.7000000e+01  -1.6371825e+02   4.0204314e+01   9.3308845e+00  -4.2000000e+01   4.6660872e+01
   3.2000000e+01   4.7000000e+01  -1.6375538e+02   4.1508965e+01   1.1336463e+01  -4.2000000e+01   4.3131240e+01
   3.2000000e+01   4.7000000e+01  -1.6430373e+02   4.1880015e+01   1.3682775e+01  -4.2000000e+01   4.2255974e+01
   3.2000000e+01   4.7000000e+01  -1.6395494e+02   4.3759796e+01   1.5226568e+01  -4.2000000e+01   3.9683754e+01
   3.2000000e+01   4.7000000e+01  -1.6179308e+02   4.5824752e+01   1.5696105e+01  -4.2000000e+01   3.6482016e+01
   3.2000000e+01   4.7000000e+01  -1.6232167e+02   4.7519024e+01   1.6598419e+01  -4.2000000e+01   3.4562947e+01
   3.2000000e+01   4.7000000e+01  -1.6286169e+02   4.9857551e+01   1.8318455e+01  -4.2000000e+01   3.3032106e+01
   3.2000000e+01   4.7000000e+01  -1.6040344e+02   5.1312664e+01   1.9422608e+01  -4.2000000e+01   2.9596904e+01
   3.2000000e+01   4.7000000e+01  -1.5756263e+02   5.2143706e+01   1.9687124e+01  -4.2000000e+01   2.6682832e+01
   3.2000000e+01   4.7000000e+01  -1.5435540e+02   5.3142623e+01   1.9527934e+01  -4.2000000e+01   2.2721819e+01
   3.2000000e+01   4.7000000e+01  -1.5452196e+02   5.3161088e+01   2.1043951e+01  -4.2000000e+01   2.0123445e+01
   3.2000000e+01   4.7000000e+01  -1.5366337e+02   5.4089869e+01   2.2540428e+01  -4.2000000e+01   1.7835987e+01
   3.2000000e+01   4.7000000e+01  -1.5228327e+02   5.5434061e+01   2.3718850e+01  -4.2000000e+01   1.4726563e+01
   3.2000000e+01   4.7000000e+01  -1.5161815e+02   5.6579748e+01   2.4459635e+01  -4.2000000e+01   1.1891818e+01
   3.2000000e+01   4.7000000e+01  -1.5186645e+02   5.8130514e+01   2.5126985e+01  -4.2000000e+01   9.1822944e+00
   3.2000000e+01   4.7000000e+01  -1.5204481e+02   5.9601222e+01   2.6309940e+01  -4.2000000e+01   6.3412632e+00
   3.2000000e+01   4.7000000e+01  -1.5105619e+02   6.0945467e+01   2.7596589e+01  -4.2000000e+01   2.6345188e+00
   3.2000000e+01   4.7000000e+01  -1.5008334e+02   6.1545700e+01   2.8579315e+01  -4.2000000e+01   2.6525034e-01
   3.2000000e+01   4.7000000e+01  -1.4933551e+02   6.1975164e+01   2.9511414e+01  -4.2000000e+01  -2.1796948e+00
   3.2000000e+01   4.7000000e+01  -1.4795513e+02   6.2042415e+01   3.0274355e+01  -4.2000000e+01  -6.3350743e+00
   3.2000000e+01   4.7000000e+01  -1.4678173e+02   6.1174714e+01   3.1209984e+01  -4.2000000e+01  -1.0189228e+01
   3.2000000e+01   4.7000000e+01  -1.4832394e+02   5.7794156e+01   3.1308590e+01  -4.2000000e+01  -1.3765168e+01
   3.2000000e+01   4.7000000e+01  -1.5091273e+02   5.3707693e+01   3.0855433e+01  -4.2000000e+01  -1.5851769e+01
   3.2000000e+01   4.7000000e+01  -1.5438248e+02   5.0577621e+01   2.9474545e+01  -4.2000000e+01  -1.2326183e+01
   3.2000000e+01   4.7000000e+01  -1.5720215e+02   4.7075923e+01   2.7229672e+01  -4.2000000e+01  -4.0697696e+00
   3.2000000e+01   4.7000000e+01  -1.6045383e+02   4.4674072e+01   2.3764326e+01  -4.2000000e+01   3.5181137e+00
   3.2000000e+01   4.7000000e+01  -1.6461243e+02   4.1372871e+01   1.8505991e+01  -4.2000000e+01   1.2215092e+01
   3.2000000e+01   4.7000000e+01  -1.6633266e+02   3.9114103e+01   1.3387603e+01  -4.2000000e+01   1.9809679e+01
   3.2000000e+01   4.7000000e+01  -1.6800499e+02   3.6297137e+01   8.8433309e+00  -4.2000000e+01   2.7517266e+01
   3.2000000e+01   4.7000000e+01  -1.6945191e+02   3.3925233e+01   4.4542823e+00  -4.2000000e+01   3.3716231e+01
   3.2000000e+01   4.7000000e+01  -1.6901025e+02   3.3370779e+01   3.5850100e-01  -4.2000000e+01   4.0237543e+01
   3.2000000e+01   4.7000000e+01  -1.6902690e+02   3.3812762e+01  -2.7127306e+00  -4.2000000e+01   4.5250781e+01
   3.2000000e+01   4.7000000e+01  -1.6903517e+02   3.4094786e+01  -4.8610048e+00  -4.2000000e+01   4.8777587e+01
   3.2000000e+01   4.7000000e+01  -1.6912582e+02   3.4665680e+01  -5.9909852e+00  -4.2000000e+01   5.1714535e+01
   3.2000000e+01   4.7000000e+01  -1.6869513e+02   3.5946842e+01  -6.6736083e+00  -4.2000000e+01   5.3827198e+01
   3.2000000e+01   4.7000000e+01  -1.6825133e+02   3.5772016e+01  -6.5363847e+00  -4.2000000e+01   5.5112459e+01
   3.2000000e+01   4.7000000e+01  -1.6805487e+02   3.6908835e+01  -6.0149790e+00  -4.2000000e+01   5.5033564e+01
   3.2000000e+01   4.7000000e+01  -1.6876697e+02   3.7070742e+01  -5.1555847e+00  -4.2000000e+01   5.3652976e+01
   3.2000000e+01   4.7000000e+01  -1.6969549e+02   3.7048110e+01  -3.9105427e+00  -4.2000000e+01   5.2775556e+01
   3.2000000e+01   4.7000000e+01  -1.6967526e+02   3.7440172e+01  -1.5583798e+00  -4.2000000e+01   5.3401338e+01
   3.2000000e+01   4.7000000e+01  -1.6985755e+02   3.8750521e+01  -2.9984283e-01  -4.2000000e+01   5.1346099e+01
   3.2000000e+01   4.7000000e+01  -1.6971414e+02   3.9579564e+01   1.0938562e+00  -4.2000000e+01   5.1057331e+01
   3.2000000e+01   4.7000000e+01  -1.6840917e+02   3.9389206e+01   2.7222054e+00  -4.2000000e+01   5.0615290e+01
   3.2000000e+01   4.7000000e+01  -1.6583515e+02   4.0704911e+01   4.1501054e+00  -4.2000000e+01   4.9101445e+01
   3.2000000e+01   4.7000000e+01  -1.6725878e+02   4.1406807e+01   5.7034491e+00  -4.2000000e+01   4.7460720e+01
   3.2000000e+01   4.7000000e+01  -1.6645262e+02   4.2319909e+01   7.4766943e+00  -4.2000000e+01   4.5929287e+01
   3.2000000e+01   4.7000000e+01  -1.6824124e+02   4.2827951e+01   8.7131678e+00  -4.2000000e+01   4.4347986e+01
   3.2000000e+01   4.7000000e+01  -1.6737406e+02   4.4890445e+01   1.0085410e+01  -4.2000000e+01   4.1366857e+01
   3.2000000e+01   4.7000000e+01  -1.6540786e+02   4.5681470e+01   1.1889975e+01  -4.2000000e+01   4.0039274e+01
   3.2000000e+01   4.7000000e+01  -1.6095725e+02   4.6261491e+01   1.2112181e+01  -4.2000000e+01   3.7026245e+01
   3.2000000e+01   4.7000000e+01  -1.5918216e+02   4.6281803e+01   1.2474465e+01  -4.2000000e+01   3.4980331e+01
   3.2000000e+01   4.7000000e+01  -1.5923566e+02   4.6509821e+01   1.3385638e+01  -4.2000000e+01   3.4013620e+01
   3.2000000e+01   4.7000000e+01  -1.5960393e+02   4.7275985e+01   1.4869539e+01  -4.2000000e+01   3.3521700e+01
   3.2000000e+01   4.7000000e+01  -1.5862439e+02   4.7730960e+01   1.5228680e+01  -4.2000000e+01   3.1193567e+01
   3.2000000e+01   4.7000000e+01  -1.5805639e+02   4.8768959e+01   1.5087353e+01  -4.2000000e+01   2.8737748e+01
   3.2000000e+01   4.7000000e+01  -1.5761504e+02   4.9728179e+01   1.5148753e+01  -4.2000000e+01   2.6686056e+01
   3.2000000e+01   4.7000000e+01  -1.5681128e+02   4.9958501e+01   1.5642273e+01  -4.2000000e+01   2.5446177e+01
   3.2000000e+01   4.7000000e+01  -1.5637955e+02   5.0419345e+01   1.5970457e+01  -4.2000000e+01   2.4387518e+01
   3.2000000e+01   4.7000000e+01  -1.5529179e+02   5.0537263e+01   1.6096591e+01  -4.2000000e+01   2.2781518e+01
   3.2000000e+01   4.7000000e+01  -1.5502670e+02   5.1032471e+01   1.5870761e+01  -4.2000000e+01   2.1446703e+01
   3.2000000e+01   4.7000000e+01  -1.5451912e+02   5.1301654e+01   1.6447731e+01  -4.2000000e+01   2.0047720e+01
   3.2000000e+01   4.7000000e+01  -1.5492154e+02   5.2244923e+01   1.6772718e+01  -4.2000000e+01   1.7379331e+01
   3.2000000e+01   4.7000000e+01  -1.5442809e+02   5.2843565e+01   1.7242722e+01  -4.2000000e+01   1.5989422e+01
   3.2000000e+01   4.7000000e+01  -1.5441101e+02   5.2905016e+01   1.7231961e+01  -4.2000000e+01   1.4200720e+01
   3.2000000e+01   4.7000000e+01  -1.5463675e+02   5.3484952e+01   1.8158057e+01  -4.2000000e+01   1.3586409e+01
   3.2000000e+01   4.7000000e+01  -1.5435284e+02   5.4587377e+01   1.8656247e+01  -4.2000000e+01   1.1552882e+01
   3.2000000e+01   4.7000000e+01  -1.5427121e+02   5.5288366e+01   1.9486486e+01  -4.2000000e+01   9.4339742e+00
   3.2000000e+01   4.7000000e+01  -1.5491682e+02   5.6098924e+01   2.0138070e+01  -4.2000000e+01   7.9643257e+00
   3.2000000e+01   4.7000000e+01  -1.5392058e+02   5.6807140e+01   2.0847327e+01  -4.2000000e+01   6.1539459e+00
   3.2000000e+01   4.7000000e+01  -1.5360180e+02   5.6630727e+01   2.1176987e+01  -4.2000000e+01   4.7803082e+00
   3.2000000e+01   4.7000000e+01  -1.5346008e+02   5.5193043e+01   2.0177258e+01  -4.2000000e+01   2.2847074e+00
   3.2000000e+01   4.7000000e+01  -1.5665894e+02   5.0924382e+01   2.0055917e+01  -4.2000000e+01   2.8284099e+00
   3.2000000e+01   4.7000000e+01  -1.5958018e+02   4.5164660e+01   1.8580062e+01  -4.2000000e+01   7.3321872e+00
   3.2000000e+01   4.7000000e+01  -1.6321423e+02   4.0787126e+01   1.7655245e+01  -4.2000000e+01   1.5710619e+01
   3.2000000e+01   4.7000000e+01  -1.6667307e+02   3.7824107e+01   1.7005413e+01  -4.2000000e+01   2.3699283e+01
   3.2000000e+01   4.7000000e+01  -1.6760214e+02   3.5190132e+01   1.4370727e+01  -4.2000000e+01   2.8240550e+01
   3.2000000e+01   4.7000000e+01  -1.6922541e+02   3.3761892e+01   1.1947182e+01  -4.2000000e+01   3.3755439e+01
   3.2000000e+01   4.7000000e+01  -1.6920866e+02   3.2229570e+01   9.0616501e+00  -4.2000000e+01   3.6800556e+01
   3.2000000e+01   4.7000000e+01  -1.6869516e+02   3.0023378e+01   5.0478517e+00  -4.2000000e+01   4.0548326e+01
   3.2000000e+01   4.7000000e+01  -1.6780304e+02   2.8010688e+01   1.1862327e+00  -4.2000000e+01   4.3949447e+01
   3.2000000e+01   4.7000000e+01  -1.6598547e+02   2.8024038e+01  -2.2183553e+00  -4.2000000e+01   4.8496612e+01
   3.2000000e+01   4.7000000e+01  -1.6402509e+02   2.9593625e+01  -4.7609737e+00  -4.2000000e+01   5.2345973e+01
   3.2000000e+01   4.7000000e+01  -1.6491214e+02   3.1967257e+01  -6.4633515e+00  -4.2000000e+01   5.4270700e+01
   3.2000000e+01   4.7000000e+01  -1.6642800e+02   3.3538531e+01  -7.3410134e+00  -4.2000000e+01   5.4205090e+01
   3.2000000e+01   4.7000000e+01  -1.6662512e+02   3.4591437e+01  -7.3133269e+00  -4.2000000e+01   5.3434685e+01
   3.2000000e+01   4.7000000e+01  -1.6666654e+02   3.6438390e+01  -6.3839645e+00  -4.2000000e+01   5.2812042e+01
   3.2000000e+01   4.7000000e+01  -1.6738519e+02   3.7024343e+01  -5.3165626e+00  -4.2000000e+01   5.0927685e+01
   3.2000000e+01   4.7000000e+01  -1.6898024e+02   3.8286873e+01  -4.1529111e+00  -4.2000000e+01   4.9191622e+01
   3.2000000e+01   4.7000000e+01  -1.6937084e+02   3.9914665e+01  -2.3858072e+00  -4.2000000e+01   4.7933970e+01
   3.2000000e+01   4.7000000e+01  -1.6980326e+02   4.0483257e+01  -4.6364009e-01  -4.2000000e+01   4.7003839e+01
   3.2000000e+01   4.7000000e+01  -1.6855228e+02   4.0650955e+01   1.2218941e+00  -4.2000000e+01   4.5754410e+01
   3.2000000e+01   4.7000000e+01  -1.6772583e+02   4.1011499e+01   2.4895183e+00  -4.2000000e+01   4.4130124e+01
   3.2000000e+01   4.7000000e+01  -1.6536405e+02   4.2180975e+01   3.8427967e+00  -4.2000000e+01   4.2995731e+01
   3.2000000e+01   4.7000000e+01  -1.6596368e+02   4.2323991e+01   6.4153863e+00  -4.2000000e+01   4.1929650e+01
   3.2000000e+01   4.7000000e+01  -1.6389172e+02   4.4010148e+01   8.4953895e+00  -4.2000000e+01   3.9517614e+01
   3.2000000e+01   4.7000000e+01  -1.6099027e+02   4.4723680e+01   9.3791536e+00  -4.2000000e+01   3.7476668e+01
   3.2000000e+01   4.7000000e+01  -1.6102604e+02   4.5819936e+01   1.1535509e+01  -4.2000000e+01   3.5896459e+01
   3.2000000e+01   4.7000000e+01  -1.6382328e+02   4.6051853e+01   1.2666492e+01  -4.2000000e+01   3.4464365e+01
   3.2000000e+01   4.7000000e+01  -1.6328316e+02   4.8641050e+01   1.3906745e+01  -4.2000000e+01   3.1641030e+01
   3.2000000e+01   4.7000000e+01  -1.6120436e+02   5.1682905e+01   1.4529527e+01  -4.2000000e+01   2.7533102e+01
   3.2000000e+01   4.7000000e+01  -1.5971036e+02   5.3632884e+01   1.5270131e+01  -4.2000000e+01   2.4086549e+01
   3.2000000e+01   4.7000000e+01  -1.5741575e+02   5.4473332e+01   1.5365324e+01  -4.2000000e+01   2.0110314e+01
   3.2000000e+01   4.7000000e+01  -1.5785632e+02   5.6030418e+01   1.6475900e+01  -4.2000000e+01   1.7223316e+01
   3.2000000e+01   4.7000000e+01  -1.5739447e+02   5.7175254e+01   1.7679392e+01  -4.2000000e+01   1.4134000e+01
   3.2000000e+01   4.7000000e+01  -1.5695698e+02   5.7718453e+01   1.8444317e+01  -4.2000000e+01   1.1490617e+01
   3.2000000e+01   4.7000000e+01  -1.5396500e+02   5.9157408e+01   1.9237100e+01  -4.2000000e+01   8.5686437e+00
   3.2000000e+01   4.7000000e+01  -1.5477104e+02   6.0879513e+01   2.0078949e+01  -4.2000000e+01   4.7930108e+00
   3.2000000e+01   4.7000000e+01  -1.5444193e+02   6.2522081e+01   2.1717782e+01  -4.2000000e+01   1.5749881e+00
   3.2000000e+01   4.7000000e+01  -1.5284449e+02   6.3968192e+01   2.3678658e+01  -4.2000000e+01  -2.5463807e+00
   3.2000000e+01   4.7000000e+01  -1.5175261e+02   6.5329742e+01   2.4779279e+01  -4.2000000e+01  -7.0663452e+00
   3.2000000e+01   4.7000000e+01  -1.5033675e+02   6.7053522e+01   2.5822136e+01  -4.2000000e+01  -1.1395801e+01
   3.2000000e+01   4.7000000e+01  -1.4879855e+02   6.7202206e+01   2.7267560e+01  -4.2000000e+01  -1.3941637e+01
   3.2000000e+01   4.7000000e+01  -1.4695326e+02   6.7093216e+01   2.9027864e+01  -4.2000000e+01  -1.5089376e+01
   3.2000000e+01   4.7000000e+01  -1.4597959e+02   6.6699187e+01   2.9459907e+01  -4.2000000e+01  -1.6825333e+01
   3.2000000e+01   4.7000000e+01  -1.4757308e+02   6.4041791e+01   2.8636523e+01  -4.2000000e+01  -2.0162436e+01
   3.2000000e+01   4.7000000e+01  -1.5132297e+02   5.8807823e+01   2.8163409e+01  -4.2000000e+01  -2.1257913e+01
   3.2000000e+01   4.7000000e+01  -1.5244486e+02   5.4078230e+01   2.7414080e+01  -4.2000000e+01  -2.3134956e+01
   3.2000000e+01   4.7000000e+01  -1.5529523e+02   5.1464614e+01   2.5658722e+01  -4.2000000e+01  -2.0762496e+01
   3.2000000e+01   4.7000000e+01  -1.5838975e+02   4.9704545e+01   2.3624616e+01  -4.2000000e+01  -1.2957253e+01
   3.2000000e+01   4.7000000e+01  -1.6246216e+02   4.5846027e+01   1.9650377e+01  -4.2000000e+01  -3.6537683e+00
   3.2000000e+01   4.7000000e+01  -1.6689731e+02   4.2479232e+01   1.4595715e+01  -4.2000000e+01   5.8202097e+00
   3.2000000e+01   4.7000000e+01  -1.6749604e+02   3.9361596e+01   1.0666863e+01  -4.2000000e+01   1.5838654e+01
