   2.3451633e+01  -4.0427511e+01  -1.7103310e+02   3.1182842e+01   5.9045814e+00  -5.2847424e+01   3.8715475e+01
   2.2168976e+01  -3.5641801e+01  -1.6807735e+02   2.7356044e+01   1.8808678e+00  -5.5265794e+01   4.4175943e+01
   1.8289797e+01  -2.3177624e+01  -1.6247649e+02   1.3917825e+01  -1.0913325e+00  -5.5559687e+01   5.0193944e+01
   1.6518389e+01  -2.4102925e+01  -1.6216435e+02   1.6845253e+01  -1.7828900e+00  -5.8266925e+01   5.3856774e+01
   1.5317875e+01  -2.3045702e+01  -1.6202322e+02   1.7151003e+01  -1.4424013e+00  -5.8269330e+01   5.6373109e+01
   1.4888056e+01  -2.6454494e+01  -1.6248584e+02   1.7632105e+01  -4.0262558e-01  -5.1725625e+01   5.8131106e+01
   1.3992857e+01  -2.8915762e+01  -1.6303754e+02   2.0011101e+01   8.5966131e-01  -4.9018198e+01   5.7357539e+01
   1.2702071e+01  -2.9733702e+01  -1.6297989e+02   1.8709565e+01   2.6274594e+00  -4.4975648e+01   5.5909551e+01
   1.3027659e+01  -3.0509891e+01  -1.6086231e+02   1.9075888e+01   1.5650730e+00  -4.3646134e+01   5.3745216e+01
   1.3053887e+01  -3.1894563e+01  -1.6084950e+02   2.1628535e+01   8.4243008e-01  -4.2981023e+01   5.1967689e+01
   1.1643696e+01  -3.5527232e+01  -1.6026028e+02   2.5856658e+01   3.2004515e+00  -4.2076590e+01   4.8864975e+01
   8.7385712e+00  -4.3005894e+01  -1.6047529e+02   3.2217907e+01   8.0711533e+00  -4.0965098e+01   4.8230581e+01
   8.4328919e+00  -4.3822172e+01  -1.5973201e+02   3.5149175e+01   1.1084713e+01  -4.1806741e+01   4.9430581e+01
   9.8631435e+00  -4.3548070e+01  -1.5849351e+02   3.4796614e+01   1.0129260e+01  -4.0087679e+01   4.7359191e+01
   9.8096878e+00  -4.4650932e+01  -1.5790311e+02   3.5426209e+01   1.1140515e+01  -3.7885935e+01   4.4736435e+01
   1.1049781e+01  -4.3813684e+01  -1.5642525e+02   4.1137410e+01   9.6353548e+00  -4.3366050e+01   4.2639765e+01
   1.2725562e+01  -4.5309401e+01  -1.5621238e+02   4.9353652e+01   9.2233305e+00  -4.8350922e+01   4.1788505e+01
   1.4328663e+01  -5.2073871e+01  -1.5749462e+02   5.9818538e+01   1.0694279e+01  -5.0810839e+01   4.0582141e+01
   1.4384591e+01  -5.6271538e+01  -1.5649147e+02   6.2090785e+01   1.1663381e+01  -4.7834129e+01   3.8247336e+01
   1.2113821e+01  -5.3979714e+01  -1.5385563e+02   6.5264982e+01   1.2649604e+01  -5.1386811e+01   3.4636900e+01
   9.6280013e+00  -4.9485730e+01  -1.5137723e+02   5.7613728e+01   1.5123237e+01  -4.6320272e+01   3.2452252e+01
   8.2187975e+00  -5.0288565e+01  -1.5008316e+02   5.8549618e+01   1.6619651e+01  -4.3663308e+01   2.8144425e+01
   9.3512291e+00  -5.1948437e+01  -1.5007000e+02   6.2848318e+01   1.6592416e+01  -4.4201395e+01   2.4899038e+01
   1.2647277e+01  -4.8506827e+01  -1.5005577e+02   6.2099855e+01   1.3640483e+01  -4.5083290e+01   2.1961507e+01
   1.2535444e+01  -4.8472352e+01  -1.4943217e+02   6.2523352e+01   1.4847817e+01  -4.2735514e+01   1.8756234e+01
   1.5351907e+01  -4.9733139e+01  -1.5052122e+02   6.7286631e+01   1.4418295e+01  -4.3889299e+01   1.6088801e+01
   1.4351888e+01  -4.7098556e+01  -1.4771383e+02   5.9083173e+01   1.3909185e+01  -3.5821078e+01   1.0794146e+01
   1.1294628e+01  -4.9109096e+01  -1.4529958e+02   6.0166375e+01   1.7058729e+01  -3.2842863e+01   7.6900658e+00
   1.4977242e+01  -4.6800890e+01  -1.4652268e+02   5.9706765e+01   1.5320437e+01  -3.1868758e+01   4.1980054e+00
   1.3240071e+01  -4.6087267e+01  -1.4381389e+02   5.8276375e+01   1.5372300e+01  -2.8989178e+01  -7.7682775e-01
   1.0535859e+01  -4.2444933e+01  -1.4041165e+02   5.2015584e+01   1.7832143e+01  -2.4184299e+01  -4.4205504e+00
   6.7355296e+00  -4.2828554e+01  -1.3693410e+02   5.4281507e+01   2.1843074e+01  -2.3915894e+01  -9.9619940e+00
   3.6797636e+00  -4.0928575e+01  -1.3333474e+02   4.9757952e+01   2.4129648e+01  -1.9239931e+01  -1.5852502e+01
   3.0307585e+00  -4.4316532e+01  -1.3422216e+02   5.2084545e+01   2.6392093e+01  -2.0005003e+01  -1.7001912e+01
   1.1358616e+01  -4.4746925e+01  -1.4258987e+02   5.2532805e+01   2.1841399e+01  -2.8257950e+01  -1.6916903e+01
   1.5731312e+01  -4.5965126e+01  -1.4773884e+02   5.2970643e+01   1.9824714e+01  -3.3590131e+01  -1.9723657e+01
   2.0100551e+01  -4.5450176e+01  -1.5234961e+02   5.3616328e+01   1.9322973e+01  -3.9764970e+01  -1.5492610e+01
   2.1556066e+01  -4.5266191e+01  -1.5663105e+02   4.6434424e+01   2.0453928e+01  -4.0171605e+01  -2.7620522e+00
   2.3972965e+01  -4.0873890e+01  -1.5984937e+02   4.2236280e+01   1.7682300e+01  -4.6889363e+01   8.2757797e+00
   2.4215416e+01  -3.7979996e+01  -1.6223453e+02   3.5415148e+01   1.2507239e+01  -5.0274376e+01   1.4186770e+01
   2.3293875e+01  -3.1951631e+01  -1.6184713e+02   2.5758372e+01   8.7570347e+00  -5.1885090e+01   2.1490140e+01
   2.2272220e+01  -3.4226597e+01  -1.6663900e+02   2.4983567e+01   8.7232690e+00  -5.1182123e+01   2.8397681e+01
   2.3372895e+01  -3.3904458e+01  -1.6743223e+02   2.5514969e+01   3.9061850e+00  -5.3572149e+01   3.6491662e+01
   2.2856859e+01  -2.5642568e+01  -1.6159317e+02   1.7446687e+01  -1.0538086e+00  -5.6281562e+01   4.3357628e+01
   1.8756841e+01  -2.2916942e+01  -1.6193716e+02   1.5131284e+01  -2.0511196e+00  -5.6880625e+01   4.8614806e+01
   1.6327225e+01  -1.9721215e+01  -1.6030897e+02   1.3347574e+01  -2.8311044e+00  -5.7634883e+01   5.3587401e+01
   1.4429243e+01  -2.1935280e+01  -1.6209887e+02   1.0979479e+01  -2.3466053e+00  -5.0745522e+01   5.8140019e+01
   1.4187895e+01  -2.4321377e+01  -1.6215343e+02   1.5473572e+01  -2.1928327e+00  -5.0109808e+01   5.7066507e+01
   1.4107993e+01  -2.7934615e+01  -1.6261166e+02   1.9084574e+01  -1.0856546e+00  -4.8347765e+01   5.5366730e+01
   1.2876638e+01  -3.0999815e+01  -1.6345654e+02   1.9302166e+01   2.1745295e+00  -4.3487051e+01   5.3943908e+01
   1.3050364e+01  -3.1102513e+01  -1.6229194e+02   2.0723110e+01   2.2196633e+00  -4.4033670e+01   5.2693928e+01
   1.1449865e+01  -3.4044496e+01  -1.6219087e+02   2.3582896e+01   5.0733387e+00  -4.2773988e+01   5.2302094e+01
   1.2076419e+01  -4.0806777e+01  -1.6289200e+02   2.9788933e+01   5.1616302e+00  -4.1124202e+01   5.1046468e+01
   9.0528377e+00  -4.2076441e+01  -1.6106485e+02   3.1814620e+01   9.2808404e+00  -4.1551516e+01   4.9620873e+01
   8.1548115e+00  -4.1494079e+01  -1.5959978e+02   3.1528146e+01   1.1529686e+01  -4.0505924e+01   4.8448114e+01
   8.2738023e+00  -4.1484011e+01  -1.5876023e+02   3.2876425e+01   1.2743789e+01  -4.0097659e+01   4.6564358e+01
   9.0557280e+00  -4.3988079e+01  -1.5796710e+02   4.0038374e+01   1.3493712e+01  -4.3979714e+01   4.5862527e+01
   1.1869286e+01  -4.6170882e+01  -1.5762944e+02   4.4845036e+01   1.0691181e+01  -4.5339237e+01   4.2733530e+01
   1.3591902e+01  -5.2550498e+01  -1.5799101e+02   4.9655287e+01   1.0442759e+01  -4.2120072e+01   4.0543402e+01
   1.4809500e+01  -5.2340619e+01  -1.5764296e+02   5.8674440e+01   1.1200729e+01  -4.8553947e+01   3.8087321e+01
   1.4847893e+01  -4.7280950e+01  -1.5493721e+02   5.9035247e+01   9.9519281e+00  -5.1829619e+01   3.4547459e+01
   1.3429360e+01  -4.7862652e+01  -1.5320332e+02   6.0004950e+01   1.1656271e+01  -5.0965559e+01   3.2299972e+01
   1.3514149e+01  -4.9339440e+01  -1.5271452e+02   6.3390156e+01   1.2180615e+01  -5.0046828e+01   2.8663821e+01
   1.1385500e+01  -5.0497790e+01  -1.5047869e+02   6.2702883e+01   1.4189440e+01  -4.6225168e+01   2.4996637e+01
   1.1084159e+01  -4.5909545e+01  -1.4848397e+02   5.6266115e+01   1.5034200e+01  -4.2579931e+01   2.2876367e+01
   1.3561645e+01  -4.7995198e+01  -1.4942575e+02   6.0241992e+01   1.3671718e+01  -4.1708530e+01   1.9477941e+01
   1.3218349e+01  -4.8917105e+01  -1.4800745e+02   6.2463837e+01   1.4394709e+01  -4.0455144e+01   1.5045611e+01
   1.2969492e+01  -5.0736770e+01  -1.4718090e+02   6.3166056e+01   1.6618783e+01  -3.6675632e+01   1.2348301e+01
   1.3126997e+01  -4.9155638e+01  -1.4578851e+02   6.0011832e+01   1.7079995e+01  -3.2738378e+01   9.8576675e+00
   1.1373974e+01  -4.4017246e+01  -1.4278524e+02   5.0694975e+01   1.7847404e+01  -2.5966209e+01   3.7068337e+00
   4.0304186e+00  -4.9743984e+01  -1.3815157e+02   5.6282021e+01   2.4058039e+01  -2.4182506e+01   5.3756927e-01
   3.5317832e+00  -4.7468245e+01  -1.3668405e+02   5.3440787e+01   2.5109979e+01  -2.1460206e+01  -3.8194506e+00
  -3.9592995e-01  -5.0345445e+01  -1.3294683e+02   5.9749116e+01   2.7032776e+01  -2.3318424e+01  -9.6489145e+00
   5.4328337e+00  -4.6579592e+01  -1.3730313e+02   5.3333079e+01   2.3331207e+01  -2.3307565e+01  -1.1335723e+01
   1.0481098e+01  -4.9129581e+01  -1.4262762e+02   5.1809904e+01   2.0926365e+01  -2.7178374e+01  -1.5263917e+01
   1.9462702e+01  -4.6642860e+01  -1.5001612e+02   5.6527704e+01   1.7431118e+01  -4.0081388e+01  -1.5623176e+01
   2.3970507e+01  -4.9828985e+01  -1.5896185e+02   5.9601469e+01   1.9929882e+01  -4.4253211e+01  -1.0201399e+01
   2.2675563e+01  -4.7131213e+01  -1.6012278e+02   5.0874066e+01   1.9451184e+01  -4.3815082e+01  -3.0425613e+00
   2.3716875e+01  -4.7842196e+01  -1.6530108e+02   4.9536731e+01   1.8227962e+01  -4.5831580e+01   6.3715755e+00
   2.4874834e+01  -4.9789526e+01  -1.6874952e+02   4.6382073e+01   1.4666577e+01  -4.5243607e+01   1.2808294e+01
   2.3707491e+01  -4.0715134e+01  -1.6667610e+02   3.5555939e+01   9.9355229e+00  -4.6031082e+01   1.5891570e+01
   2.0778739e+01  -3.6630117e+01  -1.6709519e+02   3.0442258e+01   1.0373168e+01  -4.9276493e+01   2.6509383e+01
   2.0988176e+01  -3.9102558e+01  -1.6947382e+02   3.0334642e+01   8.4773281e+00  -4.9597428e+01   3.4375992e+01
   2.0841412e+01  -3.4911608e+01  -1.6699953e+02   2.5918252e+01   6.1290914e+00  -5.1670579e+01   4.1627498e+01
   2.0266257e+01  -3.4461724e+01  -1.6512244e+02   2.4391822e+01   2.7439648e+00  -5.0749101e+01   4.7159935e+01
   1.7447974e+01  -3.5086333e+01  -1.6394313e+02   2.4928988e+01   3.0862704e+00  -4.8533197e+01   5.2609007e+01
   1.4749145e+01  -3.4114446e+01  -1.6196135e+02   2.2580526e+01   2.2109659e+00  -4.3466151e+01   5.1598651e+01
   1.1828488e+01  -4.3231181e+01  -1.6215491e+02   3.3874984e+01   6.6741687e+00  -4.3625215e+01   5.2970426e+01
   1.0584151e+01  -4.5901210e+01  -1.6152144e+02   3.9149660e+01   8.3756694e+00  -4.4607509e+01   5.0433693e+01
   9.1201644e+00  -4.6319440e+01  -1.6099139e+02   4.0248917e+01   1.0844840e+01  -4.3873519e+01   4.9292487e+01
   9.1553869e+00  -4.5604681e+01  -1.5914057e+02   3.8635777e+01   9.7092934e+00  -4.1830745e+01   4.7120913e+01
   7.8814392e+00  -4.5146843e+01  -1.5801105e+02   3.9364334e+01   1.1431425e+01  -4.2574600e+01   4.6485869e+01
   7.8578854e+00  -4.6440390e+01  -1.5749924e+02   3.9728268e+01   1.3387473e+01  -3.9913399e+01   4.5455351e+01
   8.5343371e+00  -4.9401278e+01  -1.5626359e+02   4.6954962e+01   1.3030121e+01  -4.3703415e+01   4.3859230e+01
   8.6877078e+00  -4.9198804e+01  -1.5538699e+02   4.5246113e+01   1.3275727e+01  -4.1477411e+01   4.2632281e+01
   9.2624199e+00  -4.6734374e+01  -1.5425488e+02   4.5941789e+01   1.3293387e+01  -4.2804252e+01   4.1560172e+01
   9.2532807e+00  -4.3883300e+01  -1.5244614e+02   4.1186976e+01   1.3162870e+01  -4.0178754e+01   3.9764670e+01
   9.9445635e+00  -4.1014037e+01  -1.5071755e+02   3.8087577e+01   1.2174252e+01  -3.9095841e+01   3.7143206e+01
   1.1787360e+01  -4.2372457e+01  -1.5115848e+02   4.2781586e+01   1.1001356e+01  -4.0731707e+01   3.5363730e+01
   1.5250887e+01  -4.0983292e+01  -1.5176920e+02   4.5821122e+01   7.7641626e+00  -4.3332281e+01   3.3135728e+01
   1.3164776e+01  -4.9600363e+01  -1.5195446e+02   5.9821122e+01   1.2440559e+01  -4.7196217e+01   3.1212536e+01
   8.3504339e+00  -5.3443653e+01  -1.4871179e+02   6.3036203e+01   1.5675422e+01  -4.6292170e+01   2.8445988e+01
   1.1718745e+01  -5.2032644e+01  -1.4960732e+02   5.9070846e+01   1.5621572e+01  -4.1434565e+01   2.8239146e+01
   1.5370969e+01  -4.7895160e+01  -1.4930297e+02   6.1210824e+01   1.2373574e+01  -4.5693001e+01   2.6250937e+01
   1.5509808e+01  -4.4753780e+01  -1.4891865e+02   5.6965392e+01   1.2503708e+01  -4.3015203e+01   2.4406295e+01
   1.4336032e+01  -4.4427103e+01  -1.4766803e+02   5.7949777e+01   1.3338848e+01  -4.2756004e+01   2.1535838e+01
   1.4470306e+01  -4.4443996e+01  -1.4684180e+02   5.6133858e+01   1.3213505e+01  -3.9470637e+01   1.7940383e+01
   1.4125270e+01  -4.6705661e+01  -1.4628141e+02   5.9184170e+01   1.4704542e+01  -3.8058822e+01   1.4608526e+01
   1.3806771e+01  -4.8782278e+01  -1.4572591e+02   6.3506680e+01   1.5758600e+01  -3.8464930e+01   1.0770375e+01
   1.4935527e+01  -4.8938998e+01  -1.4560910e+02   6.5223036e+01   1.5311883e+01  -3.8659913e+01   7.9008810e+00
   1.3222553e+01  -4.8383403e+01  -1.4400714e+02   6.0062222e+01   1.7156535e+01  -3.2484372e+01   5.0327041e+00
   1.0694442e+01  -4.5884290e+01  -1.4139104e+02   5.7547063e+01   1.9323320e+01  -3.0318529e+01   1.0563412e+00
   7.6713023e+00  -4.8325491e+01  -1.3903322e+02   6.0301389e+01   2.2339944e+01  -2.8883255e+01  -1.6130385e+00
   4.0867278e+00  -4.8680302e+01  -1.3600115e+02   6.0383469e+01   2.5363753e+01  -2.7126573e+01  -4.4070733e+00
   5.1896323e+00  -4.7692016e+01  -1.3654072e+02   5.9329581e+01   2.5127333e+01  -2.6333842e+01  -5.7890152e+00
   6.5670509e+00  -4.8205769e+01  -1.3818726e+02   5.8486050e+01   2.4493387e+01  -2.6218183e+01  -5.9362803e+00
   1.1236292e+01  -4.8151043e+01  -1.4343459e+02   5.7761642e+01   2.1680907e+01  -3.2495691e+01  -6.9111245e+00
   1.7158445e+01  -4.4195715e+01  -1.4832657e+02   5.3596562e+01   1.8707288e+01  -3.8723952e+01  -8.0027415e+00
   2.1085357e+01  -4.6638084e+01  -1.5625401e+02   5.2028710e+01   2.0566438e+01  -4.1471992e+01  -1.8074137e+00
   2.1359485e+01  -4.0043744e+01  -1.5671012e+02   3.9865242e+01   1.9343266e+01  -4.1028639e+01   4.8690591e+00
   2.0837399e+01  -4.0895527e+01  -1.5969482e+02   3.7694643e+01   1.6547283e+01  -4.3489602e+01   1.1448885e+01
   2.1344007e+01  -4.1169723e+01  -1.6157733e+02   3.6725595e+01   1.1290525e+01  -4.7244932e+01   1.6296518e+01
   1.6455347e+01  -3.3003773e+01  -1.6091457e+02   2.2871662e+01   1.1307052e+01  -4.5155887e+01   2.2422502e+01
   1.7675382e+01  -3.6474594e+01  -1.6559988e+02   2.5100894e+01   9.8205212e+00  -4.4957420e+01   2.9538832e+01
   1.6116211e+01  -3.4624725e+01  -1.6609066e+02   2.1404088e+01   7.4041116e+00  -4.3736309e+01   3.4493153e+01
   1.6977847e+01  -2.6300008e+01  -1.6274184e+02   1.2367413e+01   2.2273912e+00  -4.6343281e+01   4.0286782e+01
   1.9572351e+01  -2.3390077e+01  -1.6049411e+02   1.4071059e+01  -1.5473948e+00  -5.3183908e+01   4.8310315e+01
   1.9530891e+01  -2.0724864e+01  -1.5931248e+02   9.3957264e+00  -1.6559243e+00  -5.2943355e+01   5.3781581e+01
   1.7155397e+01  -2.1417526e+01  -1.6084701e+02   1.2313957e+01   1.5379562e+00  -5.2293131e+01   5.8267921e+01
   1.4371997e+01  -2.1060770e+01  -1.6036540e+02   9.4009139e+00   3.2652323e+00  -4.4949496e+01   5.9954455e+01
   1.4359243e+01  -2.5497652e+01  -1.6044758e+02   1.3067782e+01   3.0099487e+00  -4.2582348e+01   5.7838997e+01
   1.2901156e+01  -2.7665158e+01  -1.6049864e+02   1.3704470e+01   5.7288498e+00  -3.9312024e+01   5.6746618e+01
   1.0659592e+01  -2.9669793e+01  -1.6023402e+02   1.5865841e+01   8.3610597e+00  -3.7186860e+01   5.3712590e+01
   8.4787443e+00  -3.4793926e+01  -1.5998073e+02   2.0819432e+01   1.1242692e+01  -3.6910994e+01   5.1667565e+01
   8.8903922e+00  -3.8452185e+01  -1.6004706e+02   2.6798545e+01   1.1713614e+01  -3.7770106e+01   4.9445957e+01
   1.0582929e+01  -3.8181252e+01  -1.5886523e+02   2.8144006e+01   1.1140253e+01  -3.9831253e+01   5.0163334e+01
   9.6061807e+00  -4.1387864e+01  -1.5828607e+02   3.0656243e+01   1.3678577e+01  -3.7828369e+01   4.8381866e+01
   1.1024867e+01  -4.1806214e+01  -1.5729814e+02   3.3010683e+01   1.3366795e+01  -3.8068648e+01   4.6403256e+01
   1.2461544e+01  -4.1161414e+01  -1.5563805e+02   3.4167813e+01   1.2541262e+01  -3.9468848e+01   4.6018839e+01
   1.3147304e+01  -4.8454794e+01  -1.5535983e+02   4.8167812e+01   1.2397823e+01  -4.5061953e+01   4.2960024e+01
   1.3445751e+01  -5.3989666e+01  -1.5569128e+02   5.5877327e+01   1.5079196e+01  -4.6649633e+01   4.2480570e+01
   1.7006697e+01  -5.4241040e+01  -1.5649728e+02   5.9511926e+01   1.2407504e+01  -4.6948652e+01   3.9080244e+01
   1.2080164e+01  -5.0625480e+01  -1.5235563e+02   5.8245633e+01   1.4911098e+01  -4.7822075e+01   3.6136383e+01
   1.0653314e+01  -5.3352324e+01  -1.5209576e+02   6.3931409e+01   1.7347533e+01  -4.9179407e+01   3.4248375e+01
   1.0814822e+01  -5.4988698e+01  -1.5210236e+02   6.5159767e+01   1.9221813e+01  -4.5487907e+01   3.2082584e+01
   1.2036994e+01  -5.1767166e+01  -1.5062009e+02   6.4462180e+01   1.7441586e+01  -4.6198819e+01   2.8582383e+01
   1.4146353e+01  -4.8525267e+01  -1.4996630e+02   6.3760898e+01   1.4838659e+01  -4.6821659e+01   2.6056352e+01
   1.7051179e+01  -4.5044580e+01  -1.4985683e+02   6.5154317e+01   1.1871408e+01  -4.9128324e+01   2.1973463e+01
   1.3883896e+01  -4.8053192e+01  -1.4753539e+02   6.0836833e+01   1.5263521e+01  -4.0735701e+01   1.9000891e+01
   1.5111923e+01  -4.8228569e+01  -1.4726609e+02   6.0087635e+01   1.5051379e+01  -3.7594026e+01   1.6204587e+01
   1.4694154e+01  -4.7399325e+01  -1.4591007e+02   6.2129452e+01   1.5691177e+01  -3.8289016e+01   1.2344083e+01
   1.4445357e+01  -4.8155393e+01  -1.4521290e+02   6.5121890e+01   1.5909792e+01  -3.8977133e+01   9.4115994e+00
   1.3348105e+01  -4.9270349e+01  -1.4434405e+02   6.5549059e+01   1.7317342e+01  -3.5992400e+01   5.3768372e+00
   8.5341742e+00  -5.1182230e+01  -1.4059606e+02   6.6839275e+01   2.0862332e+01  -3.3789884e+01   1.2711553e+00
   7.2187632e+00  -4.9107852e+01  -1.3856463e+02   6.4380969e+01   2.1543364e+01  -3.1817256e+01  -3.3166169e+00
   2.2861418e+00  -4.7962541e+01  -1.3464447e+02   5.7270270e+01   2.5422643e+01  -2.4365790e+01  -5.4996542e+00
   2.1310779e+00  -4.8183044e+01  -1.3375703e+02   5.6441137e+01   2.5758385e+01  -2.1937568e+01  -8.7866744e+00
   3.7806172e+00  -4.6510771e+01  -1.3406217e+02   5.7334466e+01   2.4850246e+01  -2.4096088e+01  -1.3843912e+01
   4.5647138e+00  -4.4915726e+01  -1.3404920e+02   5.4625609e+01   2.4925971e+01  -2.3523692e+01  -1.7194222e+01
   7.3669976e+00  -4.6693191e+01  -1.3694175e+02   5.5323833e+01   2.3152053e+01  -2.7533104e+01  -1.9794709e+01
   1.6813181e+01  -4.4227032e+01  -1.4535400e+02   5.0319361e+01   1.9673804e+01  -3.1514575e+01  -1.7763155e+01
   2.1542000e+01  -4.5946056e+01  -1.5204605e+02   5.6377596e+01   1.8352071e+01  -4.2346609e+01  -8.3192788e+00
   2.0047415e+01  -4.1148685e+01  -1.5335945e+02   4.3035805e+01   1.9818574e+01  -3.9554648e+01   2.4442474e+00
   2.1631083e+01  -4.3282960e+01  -1.5713466e+02   4.7021200e+01   1.7447802e+01  -4.5107817e+01   8.3089790e+00
   1.9524569e+01  -4.5005332e+01  -1.5955137e+02   4.3212711e+01   1.5514413e+01  -4.4389929e+01   1.4785440e+01
   2.0157526e+01  -4.1913456e+01  -1.6113814e+02   4.0191139e+01   1.1182461e+01  -4.8219671e+01   2.2487406e+01
   1.8009887e+01  -3.5885340e+01  -1.6148845e+02   2.9950090e+01   9.3086366e+00  -4.8297514e+01   3.0977208e+01
   1.5568686e+01  -3.5230852e+01  -1.6265803e+02   2.6038794e+01   7.9543005e+00  -4.7560591e+01   3.5787654e+01
   1.6179550e+01  -3.3396258e+01  -1.6249764e+02   2.3944666e+01   3.2610819e+00  -4.7701106e+01   4.2350753e+01
   1.6958561e+01  -3.5957401e+01  -1.6448798e+02   2.7723571e+01   2.0220960e+00  -4.7654069e+01   4.6642743e+01
   1.5713643e+01  -3.7897633e+01  -1.6415252e+02   2.8935409e+01   1.6987886e+00  -4.6407091e+01   4.9621088e+01
   1.4796995e+01  -4.0527810e+01  -1.6347481e+02   3.1579377e+01   8.6888533e-01  -4.5743190e+01   5.2536855e+01
   1.4962620e+01  -4.0641152e+01  -1.6397299e+02   3.6329412e+01   1.2334975e+00  -4.9374106e+01   5.4505484e+01
   1.3034817e+01  -4.0495208e+01  -1.6205050e+02   3.3983353e+01   2.6394041e+00  -4.7439984e+01   5.5426977e+01
   1.1795601e+01  -4.0056827e+01  -1.6139860e+02   3.2014921e+01   4.4702244e+00  -4.3832441e+01   5.4644474e+01
   1.0273960e+01  -4.1697571e+01  -1.6079319e+02   3.2535800e+01   6.0491865e+00  -4.2780806e+01   5.2799601e+01
   9.3653534e+00  -4.2604178e+01  -1.6079520e+02   2.9908309e+01   8.0231287e+00  -3.8724834e+01   5.1657420e+01
   1.0775983e+01  -4.5145429e+01  -1.6087525e+02   3.5669513e+01   9.0487561e+00  -4.2075843e+01   5.3245007e+01
   9.4286186e+00  -4.5519638e+01  -1.6011471e+02   3.6823293e+01   9.9926753e+00  -4.1416946e+01   5.0312958e+01
   7.2005401e+00  -4.5261413e+01  -1.5902039e+02   3.6641809e+01   1.3507418e+01  -4.0688242e+01   5.0281908e+01
   7.3958834e+00  -4.3599781e+01  -1.5773905e+02   3.4294431e+01   1.3736915e+01  -3.9869121e+01   4.9715005e+01
   1.0595734e+01  -3.9722029e+01  -1.5689609e+02   3.2394512e+01   1.0603156e+01  -3.9524973e+01   4.7941806e+01
   9.9194501e+00  -4.7067516e+01  -1.5731757e+02   4.0977757e+01   1.2644190e+01  -4.0230783e+01   4.6809718e+01
   1.0074841e+01  -4.9365314e+01  -1.5567073e+02   4.8946586e+01   1.2310927e+01  -4.5489542e+01   4.5772763e+01
   1.1985068e+01  -5.6660342e+01  -1.5724897e+02   5.8809020e+01   1.2255747e+01  -4.7096136e+01   4.4025180e+01
   1.4429931e+01  -5.6416470e+01  -1.5715966e+02   6.6039123e+01   1.0245516e+01  -5.2335877e+01   4.0647692e+01
   1.5221698e+01  -5.4983260e+01  -1.5627609e+02   6.4242463e+01   1.0674863e+01  -5.0724175e+01   4.0026563e+01
   1.5053889e+01  -4.8549486e+01  -1.5366560e+02   5.8605128e+01   9.2508979e+00  -4.9876128e+01   3.7163305e+01
   1.3020650e+01  -4.6469661e+01  -1.5160344e+02   5.5462390e+01   1.0636862e+01  -4.8182647e+01   3.5297199e+01
   1.4361282e+01  -4.7610568e+01  -1.5221564e+02   5.6530136e+01   1.0522627e+01  -4.7353085e+01   3.4384539e+01
   1.3868629e+01  -4.8141816e+01  -1.5225611e+02   5.7071170e+01   1.2816245e+01  -4.6578556e+01   3.3765351e+01
   1.3494217e+01  -4.7515477e+01  -1.5101177e+02   5.8053655e+01   1.2235179e+01  -4.7569229e+01   3.1311404e+01
   1.4703419e+01  -4.7094484e+01  -1.5137122e+02   5.7808314e+01   1.1067335e+01  -4.5900807e+01   2.8586654e+01
   1.4972144e+01  -4.7653563e+01  -1.5110293e+02   6.0314715e+01   1.0537136e+01  -4.6581017e+01   2.6583568e+01
   1.5194197e+01  -4.6703177e+01  -1.5063678e+02   5.9976505e+01   1.0432880e+01  -4.6879748e+01   2.5751527e+01
   1.4994675e+01  -4.6509458e+01  -1.5029496e+02   5.9782819e+01   1.1013525e+01  -4.6014945e+01   2.4587461e+01
   1.5619607e+01  -4.4352894e+01  -1.4962242e+02   5.5692299e+01   9.7459752e+00  -4.3301339e+01   2.2793840e+01
   1.5045873e+01  -4.3986255e+01  -1.4935388e+02   5.4362235e+01   1.0416005e+01  -4.1426355e+01   2.1321060e+01
   1.5237108e+01  -4.4072991e+01  -1.4907073e+02   5.4897073e+01   1.0675191e+01  -4.1203084e+01   1.9825964e+01
   1.3321826e+01  -4.5969168e+01  -1.4793863e+02   5.7548921e+01   1.1750708e+01  -4.1060630e+01   1.6556161e+01
   1.5324259e+01  -4.5132661e+01  -1.4857897e+02   5.6753291e+01   1.0211916e+01  -4.0110071e+01   1.5478075e+01
   1.2415340e+01  -4.5390499e+01  -1.4676028e+02   5.4760672e+01   1.2052546e+01  -3.7841691e+01   1.3364750e+01
   1.1279995e+01  -4.7792217e+01  -1.4617676e+02   5.7725883e+01   1.3871628e+01  -3.7454605e+01   1.2601782e+01
   1.0958176e+01  -4.7027347e+01  -1.4560533e+02   5.7933636e+01   1.4212629e+01  -3.7296844e+01   1.0086759e+01
   1.0495070e+01  -4.8361732e+01  -1.4486649e+02   5.8195004e+01   1.4896902e+01  -3.4808218e+01   7.1804386e+00
   7.8828681e+00  -5.0774704e+01  -1.4332839e+02   6.1442427e+01   1.7124523e+01  -3.5073371e+01   5.5880304e+00
   8.1549589e+00  -4.8622190e+01  -1.4259485e+02   5.9225317e+01   1.6735022e+01  -3.4036444e+01   3.6305222e+00
   9.9381614e+00  -4.8377645e+01  -1.4359464e+02   5.9249483e+01   1.5720500e+01  -3.4487919e+01   2.6595248e+00
   1.1714857e+01  -4.5412121e+01  -1.4500129e+02   5.4887007e+01   1.3654901e+01  -3.5060204e+01   6.5096811e-01
   1.6374203e+01  -4.5779218e+01  -1.5114378e+02   5.3321587e+01   1.4222291e+01  -3.9697006e+01   3.4573019e+00
   1.8533533e+01  -4.3181252e+01  -1.5441410e+02   4.5319096e+01   1.3506854e+01  -4.2385385e+01   9.4147113e+00
   1.7856703e+01  -4.2468528e+01  -1.5776412e+02   4.0386000e+01   1.6393818e+01  -4.4313728e+01   1.8094998e+01
   2.0026141e+01  -4.2658699e+01  -1.6174310e+02   3.6542116e+01   1.6434390e+01  -4.4071648e+01   2.5431308e+01
   2.2443571e+01  -3.8153149e+01  -1.6284848e+02   3.2336394e+01   1.2680156e+01  -4.8245507e+01   2.9980604e+01
   1.9426644e+01  -3.6021817e+01  -1.6443135e+02   2.8011529e+01   1.5361485e+01  -4.7846950e+01   3.5369316e+01
   1.7690941e+01  -3.5215760e+01  -1.6501430e+02   2.6719760e+01   1.2962542e+01  -4.9241791e+01   3.7860172e+01
   1.7274776e+01  -3.0267864e+01  -1.6507862e+02   1.6150407e+01   9.4819624e+00  -4.5167047e+01   4.1196610e+01
   1.7728262e+01  -2.9207877e+01  -1.6439342e+02   1.6385037e+01   5.3098817e+00  -4.8756202e+01   4.4123589e+01
   1.8554443e+01  -3.1423069e+01  -1.6398978e+02   2.1154352e+01   1.3390036e+00  -5.0349718e+01   4.9943438e+01
   1.5015479e+01  -2.8813931e+01  -1.6253306e+02   2.0183203e+01   2.2439415e+00  -4.9394907e+01   5.3640110e+01
   1.1401153e+01  -3.0454967e+01  -1.6218225e+02   1.9000881e+01   5.3025119e+00  -4.3320955e+01   5.4134740e+01
   1.1590844e+01  -3.5415477e+01  -1.6306841e+02   2.4873612e+01   5.0015771e+00  -4.3428920e+01   5.3367926e+01
   1.1822415e+01  -3.4868967e+01  -1.6203003e+02   2.2720963e+01   4.3409686e+00  -4.0795952e+01   5.2084777e+01
   1.1677259e+01  -3.6708677e+01  -1.6186929e+02   2.7814723e+01   5.6016571e+00  -4.2437462e+01   5.1682457e+01
   9.2405056e+00  -3.6942004e+01  -1.6067696e+02   2.4891793e+01   7.6720507e+00  -3.8681569e+01   4.9007399e+01
   8.4319437e+00  -4.0130764e+01  -1.6121753e+02   2.9589068e+01   9.5269009e+00  -3.9304865e+01   4.7498911e+01
   8.1174623e+00  -4.1706794e+01  -1.6077900e+02   3.4711605e+01   1.1182482e+01  -4.1832333e+01   4.6684487e+01
   7.6076170e+00  -4.2755406e+01  -1.6018087e+02   3.5225386e+01   1.2519467e+01  -4.1077414e+01   4.5914650e+01
   7.2686004e+00  -4.1917148e+01  -1.5815880e+02   3.2789804e+01   1.1920368e+01  -3.8801213e+01   4.4566116e+01
   6.9817278e+00  -4.2906500e+01  -1.5678897e+02   3.2979139e+01   1.2038197e+01  -3.6987518e+01   4.2704839e+01
   8.2531687e+00  -4.1349892e+01  -1.5565925e+02   3.7312240e+01   1.1525085e+01  -4.1736707e+01   4.2101179e+01
   7.9938756e+00  -4.9008262e+01  -1.5454771e+02   4.7764843e+01   1.3074115e+01  -4.4482827e+01   4.1664821e+01
   1.0330119e+01  -4.7173253e+01  -1.5383874e+02   4.6870524e+01   1.1481571e+01  -4.2541885e+01   3.9102275e+01
   1.3182862e+01  -4.4901028e+01  -1.5352786e+02   5.0225068e+01   9.1672194e+00  -4.6881593e+01   3.7716407e+01
   1.0162282e+01  -4.6931575e+01  -1.5175449e+02   5.4148119e+01   1.3252372e+01  -4.7920086e+01   3.6092306e+01
   9.8590692e+00  -5.4949221e+01  -1.5264008e+02   6.0069135e+01   1.4847245e+01  -4.5056902e+01   3.3989482e+01
   9.9134722e+00  -5.4439195e+01  -1.5162254e+02   6.3353287e+01   1.4937997e+01  -4.5813130e+01   3.0420084e+01
   1.1991063e+01  -5.0507688e+01  -1.5170974e+02   6.4345738e+01   1.3387873e+01  -4.7507171e+01   2.6618506e+01
   1.2136348e+01  -4.8633843e+01  -1.5073971e+02   6.2542476e+01   1.3261467e+01  -4.4953576e+01   2.3349470e+01
   1.2098776e+01  -4.5482097e+01  -1.4919267e+02   5.8798781e+01   1.2488121e+01  -4.2586859e+01   1.9470265e+01
   1.1608625e+01  -4.6966726e+01  -1.4912914e+02   5.9606709e+01   1.4121039e+01  -3.9755715e+01   1.5989113e+01
   1.0046261e+01  -4.7738330e+01  -1.4695076e+02   6.0165035e+01   1.4758586e+01  -3.8060218e+01   1.2380074e+01
   8.1997966e+00  -4.9401910e+01  -1.4480585e+02   5.9353133e+01   1.5864943e+01  -3.4019231e+01   8.7483479e+00
   1.2044554e+01  -4.4503937e+01  -1.4595702e+02   5.7694128e+01   1.3865805e+01  -3.4717485e+01   6.6685254e+00
   6.6326840e+00  -4.9504433e+01  -1.4233350e+02   6.2669709e+01   1.7721307e+01  -3.2160058e+01   5.1414055e-01
   4.6831999e+00  -5.0611579e+01  -1.4028187e+02   6.4636244e+01   2.0008855e+01  -3.1062137e+01  -3.0013203e+00
   3.2522222e+00  -4.9690900e+01  -1.3764950e+02   6.5000773e+01   2.1492510e+01  -2.9691266e+01  -8.9206926e+00
   4.1542662e-01  -4.9748261e+01  -1.3381536e+02   6.6779953e+01   2.2402272e+01  -2.9149512e+01  -1.5234734e+01
  -1.3142921e+00  -4.8274518e+01  -1.3176640e+02   6.6981370e+01   2.3737580e+01  -2.8660699e+01  -1.9012540e+01
  -4.6124521e+00  -4.8424502e+01  -1.2707095e+02   6.5661767e+01   2.5035881e+01  -2.5853781e+01  -2.2175502e+01
  -4.6047001e+00  -4.7644825e+01  -1.2624323e+02   6.4163044e+01   2.6710866e+01  -2.4365804e+01  -2.2063975e+01
  -2.1322934e+00  -4.4179049e+01  -1.2813912e+02   5.7023051e+01   2.5248348e+01  -2.0802487e+01  -2.3837820e+01
   4.7283449e+00  -4.3620910e+01  -1.3517858e+02   5.4396169e+01   2.1636358e+01  -2.2690797e+01  -2.6601537e+01
   1.2302509e+01  -4.4346485e+01  -1.4337762e+02   5.2033860e+01   1.9191400e+01  -2.8504910e+01  -2.3414954e+01
   1.9416376e+01  -4.3021644e+01  -1.4796384e+02   5.3220994e+01   1.5004494e+01  -3.6854770e+01  -2.4064855e+01
   1.8482910e+01  -4.5030847e+01  -1.5094732e+02   5.3185060e+01   1.7130507e+01  -3.9405459e+01  -1.8831061e+01
   2.2034700e+01  -4.5970865e+01  -1.5633855e+02   5.6251279e+01   1.5647009e+01  -4.6199770e+01  -5.4243149e+00
   2.1680834e+01  -4.6729003e+01  -1.5907890e+02   5.0292925e+01   1.3330450e+01  -4.5504309e+01   3.6291956e+00
   2.0781064e+01  -4.9881693e+01  -1.6269124e+02   5.1728437e+01   1.1186191e+01  -4.8585923e+01   1.0628707e+01
   1.7870463e+01  -4.2382291e+01  -1.6119479e+02   3.7728437e+01   1.0673885e+01  -4.5692960e+01   2.0025609e+01
