   2.9306236e+01   4.0752847e+01  -1.7322497e+02   3.1182739e+01   5.9315849e+00  -5.2841339e+01   3.8714668e+01
   2.7292075e+01   2.6787868e+01  -1.7054171e+02   2.7174934e+01   3.1651467e+00  -5.3683135e+01   4.4097860e+01
   2.5277913e+01   1.2822889e+01  -1.6785845e+02   2.3167128e+01   3.9870843e-01  -5.4524931e+01   4.9481051e+01
   2.3263752e+01  -1.1420901e+00  -1.6517519e+02   1.9159323e+01  -2.3677298e+00  -5.5366727e+01   5.4864242e+01
   2.1249590e+01  -1.5107069e+01  -1.6249194e+02   1.5151517e+01  -5.1341681e+00  -5.6208523e+01   6.0247434e+01
   1.9235429e+01  -2.9072048e+01  -1.5980868e+02   1.1143712e+01  -7.9006063e+00  -5.7050319e+01   6.5630625e+01
   1.4114478e+01  -4.3009776e+01  -1.5713160e+02   7.1119039e+00   6.0155615e+00  -4.6195756e+01   7.1004930e+01
   1.3000000e+01  -4.3000000e+01  -1.6243308e+02  -4.7051840e+00   1.2000000e+01  -4.2000000e+01   6.5747827e+01
   1.3000000e+01  -4.3000000e+01  -1.6394745e+02  -1.6468019e+01   1.2000000e+01  -4.2000000e+01   5.7402228e+01
   1.3000000e+01  -4.3000000e+01  -1.6291716e+02  -2.7801816e+01   1.2000000e+01  -4.2000000e+01   4.8713320e+01
   1.3000000e+01  -4.3000000e+01  -1.6084955e+02  -3.6671494e+01   1.2000000e+01  -4.2000000e+01   4.1706777e+01
   1.3000000e+01  -4.3000000e+01  -1.5858245e+02  -4.1075965e+01   1.2000000e+01  -4.2000000e+01   3.7091260e+01
   1.3000000e+01  -4.3000000e+01  -1.5583163e+02  -4.1480674e+01   1.2000000e+01  -4.2000000e+01   3.6426115e+01
   1.3000000e+01  -4.3000000e+01  -1.5302709e+02  -4.0436226e+01   1.2000000e+01  -4.2000000e+01   3.5153377e+01
   1.3000000e+01  -4.3000000e+01  -1.5086182e+02  -3.9341857e+01   1.2000000e+01  -4.2000000e+01   3.3212488e+01
   1.3000000e+01  -4.3000000e+01  -1.4940284e+02  -3.7117345e+01   1.2000000e+01  -4.2000000e+01   3.1558446e+01
   1.3000000e+01  -4.3000000e+01  -1.4846174e+02  -3.4832283e+01   1.2000000e+01  -4.2000000e+01   3.0180937e+01
   1.3000000e+01  -4.3000000e+01  -1.4772955e+02  -3.3722109e+01   1.2000000e+01  -4.2000000e+01   2.8326218e+01
   1.3000000e+01  -4.3000000e+01  -1.4678766e+02  -3.3058130e+01   1.2000000e+01  -4.2000000e+01   2.6208792e+01
   1.3000000e+01  -4.3000000e+01  -1.4577180e+02  -3.1104549e+01   1.2000000e+01  -4.2000000e+01   2.4370350e+01
   1.3000000e+01  -4.3000000e+01  -1.4379294e+02  -2.8244522e+01   1.2000000e+01  -4.2000000e+01   2.2863278e+01
   1.3000000e+01  -4.3000000e+01  -1.4216102e+02  -2.5785037e+01   1.2000000e+01  -4.2000000e+01   1.9799167e+01
   1.3000000e+01  -4.3000000e+01  -1.4129956e+02  -2.3919410e+01   1.2000000e+01  -4.2000000e+01   1.6478668e+01
   1.3000000e+01  -4.3000000e+01  -1.4025611e+02  -2.1283666e+01   1.2000000e+01  -4.2000000e+01   1.3558599e+01
   1.3000000e+01  -4.3000000e+01  -1.3957712e+02  -1.8798316e+01   1.2000000e+01  -4.2000000e+01   1.0530344e+01
   1.3000000e+01  -4.3000000e+01  -1.3889813e+02  -1.6312966e+01   1.2000000e+01  -4.2000000e+01   7.5020887e+00
   1.3000000e+01  -4.3000000e+01  -1.3781804e+02  -1.3964808e+01   1.2000000e+01  -4.2000000e+01   4.1786313e+00
   1.3000000e+01  -4.3000000e+01  -1.3698960e+02  -1.1546067e+01   1.2000000e+01  -4.2000000e+01   1.0766144e+00
   1.3000000e+01  -4.3000000e+01  -1.3602452e+02  -8.7922073e+00   1.2000000e+01  -4.2000000e+01  -1.8215563e+00
   1.3000000e+01  -4.3000000e+01  -1.3546225e+02  -6.5073678e+00   1.2000000e+01  -4.2000000e+01  -5.1271474e+00
   1.3000000e+01  -4.3000000e+01  -1.3457468e+02  -3.6431878e+00   1.2000000e+01  -4.2000000e+01  -8.2234230e+00
   1.3000000e+01  -4.3000000e+01  -1.3366784e+02  -1.3896042e+00   1.2000000e+01  -4.2000000e+01  -1.2117284e+01
   1.3000000e+01  -4.3000000e+01  -1.3252003e+02   6.8655110e-01   1.2000000e+01  -4.2000000e+01  -1.6353596e+01
   1.3000000e+01  -4.3000000e+01  -1.3108500e+02   1.5672091e-01   1.2000000e+01  -4.2000000e+01  -2.0172585e+01
   1.3000000e+01  -4.3000000e+01  -1.2831483e+02  -5.1556963e+00   1.2000000e+01  -4.2000000e+01  -2.4177375e+01
   1.3000000e+01  -4.3000000e+01  -1.2588905e+02  -1.0727179e+01   1.2000000e+01  -4.2000000e+01  -2.8254505e+01
   1.3000000e+01  -4.3000000e+01  -1.2416507e+02  -1.4583224e+01   1.2000000e+01  -4.2000000e+01  -2.9223428e+01
   1.3000000e+01  -4.3000000e+01  -1.2340840e+02  -1.9466268e+01   1.2000000e+01  -4.2000000e+01  -2.5693477e+01
   1.3000000e+01  -4.3000000e+01  -1.2512884e+02  -2.5121277e+01   1.2000000e+01  -4.2000000e+01  -1.9320034e+01
   1.3000000e+01  -4.3000000e+01  -1.2922163e+02  -3.2315685e+01   1.2000000e+01  -4.2000000e+01  -1.3335823e+01
   1.3000000e+01  -4.3000000e+01  -1.3380402e+02  -3.8367984e+01   1.2000000e+01  -4.2000000e+01  -5.0779386e+00
   1.3000000e+01  -4.3000000e+01  -1.3927198e+02  -4.3172814e+01   1.2000000e+01  -4.2000000e+01   2.8713893e+00
   1.3000000e+01  -4.3000000e+01  -1.4465783e+02  -4.5687056e+01   1.2000000e+01  -4.2000000e+01   1.1362761e+01
   1.3000000e+01  -4.3000000e+01  -1.4860159e+02  -4.6940618e+01   1.2000000e+01  -4.2000000e+01   2.0676801e+01
   1.3000000e+01  -4.3000000e+01  -1.5391271e+02  -4.8415232e+01   1.2000000e+01  -4.2000000e+01   2.9165397e+01
   1.3000000e+01  -4.3000000e+01  -1.5834367e+02  -4.8564977e+01   1.2000000e+01  -4.2000000e+01   3.6851228e+01
   1.3000000e+01  -4.3000000e+01  -1.6133073e+02  -4.9000771e+01   1.2000000e+01  -4.2000000e+01   4.3594205e+01
   1.3000000e+01  -4.3000000e+01  -1.6292292e+02  -4.8115347e+01   1.2000000e+01  -4.2000000e+01   4.5966689e+01
   1.3000000e+01  -4.3000000e+01  -1.6331763e+02  -4.7235998e+01   1.2000000e+01  -4.2000000e+01   4.5298765e+01
   1.3000000e+01  -4.3000000e+01  -1.6241855e+02  -4.6740849e+01   1.2000000e+01  -4.2000000e+01   4.3857864e+01
   1.3000000e+01  -4.3000000e+01  -1.6102548e+02  -4.5610475e+01   1.2000000e+01  -4.2000000e+01   4.2577109e+01
   1.3000000e+01  -4.3000000e+01  -1.5963241e+02  -4.4480101e+01   1.2000000e+01  -4.2000000e+01   4.1296353e+01
   1.3000000e+01  -4.3000000e+01  -1.5908862e+02  -4.4298720e+01   1.2000000e+01  -4.2000000e+01   3.9375698e+01
   1.3000000e+01  -4.3000000e+01  -1.5754496e+02  -4.3439376e+01   1.2000000e+01  -4.2000000e+01   3.8100363e+01
   1.3000000e+01  -4.3000000e+01  -1.5490721e+02  -4.2133482e+01   1.2000000e+01  -4.2000000e+01   3.7009704e+01
   1.3000000e+01  -4.3000000e+01  -1.5226946e+02  -4.0827587e+01   1.2000000e+01  -4.2000000e+01   3.5919045e+01
   1.3000000e+01  -4.3000000e+01  -1.5082092e+02  -3.9211405e+01   1.2000000e+01  -4.2000000e+01   3.4571898e+01
   1.3000000e+01  -4.3000000e+01  -1.4941990e+02  -3.7623169e+01   1.2000000e+01  -4.2000000e+01   3.1734175e+01
   1.3000000e+01  -4.3000000e+01  -1.4810793e+02  -3.6579451e+01   1.2000000e+01  -4.2000000e+01   2.8732367e+01
   1.3000000e+01  -4.3000000e+01  -1.4649581e+02  -3.3871458e+01   1.2000000e+01  -4.2000000e+01   2.6789645e+01
   1.3000000e+01  -4.3000000e+01  -1.4513158e+02  -3.0651526e+01   1.2000000e+01  -4.2000000e+01   2.5038474e+01
   1.3000000e+01  -4.3000000e+01  -1.4398504e+02  -2.8442320e+01   1.2000000e+01  -4.2000000e+01   2.2896102e+01
   1.3000000e+01  -4.3000000e+01  -1.4301290e+02  -2.6400128e+01   1.2000000e+01  -4.2000000e+01   2.0323393e+01
   1.3000000e+01  -4.3000000e+01  -1.4166902e+02  -2.4485209e+01   1.2000000e+01  -4.2000000e+01   1.6945239e+01
   1.3000000e+01  -4.3000000e+01  -1.3966663e+02  -2.1304675e+01   1.2000000e+01  -4.2000000e+01   1.4297226e+01
   1.3000000e+01  -4.3000000e+01  -1.3897810e+02  -1.9294228e+01   1.2000000e+01  -4.2000000e+01   1.0988740e+01
   1.3000000e+01  -4.3000000e+01  -1.3851029e+02  -1.6888123e+01   1.2000000e+01  -4.2000000e+01   7.6876913e+00
   1.3000000e+01  -4.3000000e+01  -1.3738173e+02  -1.4057006e+01   1.2000000e+01  -4.2000000e+01   4.8060652e+00
   1.3000000e+01  -4.3000000e+01  -1.3612163e+02  -1.1169374e+01   1.2000000e+01  -4.2000000e+01   2.4211105e+00
   1.3000000e+01  -4.3000000e+01  -1.3508099e+02  -8.6499647e+00   1.2000000e+01  -4.2000000e+01  -1.2891683e+00
   1.3000000e+01  -4.3000000e+01  -1.3476948e+02  -7.1188878e+00   1.2000000e+01  -4.2000000e+01  -4.6644175e+00
   1.3000000e+01  -4.3000000e+01  -1.3400494e+02  -5.0513244e+00   1.2000000e+01  -4.2000000e+01  -7.8232691e+00
   1.3000000e+01  -4.3000000e+01  -1.3380364e+02  -3.9168462e+00   1.2000000e+01  -4.2000000e+01  -1.1566914e+01
   1.3000000e+01  -4.3000000e+01  -1.3196204e+02  -4.1776351e+00   1.2000000e+01  -4.2000000e+01  -1.5691072e+01
   1.3000000e+01  -4.3000000e+01  -1.2839310e+02  -9.4178970e+00   1.2000000e+01  -4.2000000e+01  -2.1236632e+01
   1.3000000e+01  -4.3000000e+01  -1.2572174e+02  -1.3892679e+01   1.2000000e+01  -4.2000000e+01  -2.4708137e+01
   1.3000000e+01  -4.3000000e+01  -1.2521933e+02  -1.8494041e+01   1.2000000e+01  -4.2000000e+01  -2.5819877e+01
   1.3000000e+01  -4.3000000e+01  -1.2556665e+02  -2.2534467e+01   1.2000000e+01  -4.2000000e+01  -2.4022146e+01
   1.3000000e+01  -4.3000000e+01  -1.2845279e+02  -2.6967330e+01   1.2000000e+01  -4.2000000e+01  -1.9716205e+01
   1.3000000e+01  -4.3000000e+01  -1.3188461e+02  -3.1601595e+01   1.2000000e+01  -4.2000000e+01  -1.5249541e+01
   1.3000000e+01  -4.3000000e+01  -1.3601615e+02  -3.5171662e+01   1.2000000e+01  -4.2000000e+01  -9.2737165e+00
   1.3000000e+01  -4.3000000e+01  -1.4022060e+02  -3.8929100e+01   1.2000000e+01  -4.2000000e+01  -4.8311816e-01
   1.3000000e+01  -4.3000000e+01  -1.4448603e+02  -4.2809467e+01   1.2000000e+01  -4.2000000e+01   7.9365093e+00
   1.3000000e+01  -4.3000000e+01  -1.4721117e+02  -4.4935505e+01   1.2000000e+01  -4.2000000e+01   1.6806025e+01
   1.3000000e+01  -4.3000000e+01  -1.4998032e+02  -4.6132095e+01   1.2000000e+01  -4.2000000e+01   2.5114451e+01
   1.3000000e+01  -4.3000000e+01  -1.5250304e+02  -4.6114649e+01   1.2000000e+01  -4.2000000e+01   3.3091007e+01
   1.3000000e+01  -4.3000000e+01  -1.5439714e+02  -4.5225839e+01   1.2000000e+01  -4.2000000e+01   3.7114537e+01
   1.3000000e+01  -4.3000000e+01  -1.5549508e+02  -4.4343508e+01   1.2000000e+01  -4.2000000e+01   3.8316220e+01
   1.3000000e+01  -4.3000000e+01  -1.5583086e+02  -4.3281183e+01   1.2000000e+01  -4.2000000e+01   3.7341432e+01
   1.3000000e+01  -4.3000000e+01  -1.5503442e+02  -4.2013746e+01   1.2000000e+01  -4.2000000e+01   3.6738093e+01
   1.3000000e+01  -4.3000000e+01  -1.5356248e+02  -4.1106247e+01   1.2000000e+01  -4.2000000e+01   3.5259783e+01
   1.3000000e+01  -4.3000000e+01  -1.5228129e+02  -3.9823118e+01   1.2000000e+01  -4.2000000e+01   3.4215670e+01
   1.3000000e+01  -4.3000000e+01  -1.5100011e+02  -3.8539990e+01   1.2000000e+01  -4.2000000e+01   3.3171557e+01
   1.3000000e+01  -4.3000000e+01  -1.5000409e+02  -3.7493756e+01   1.2000000e+01  -4.2000000e+01   3.1786943e+01
   1.3000000e+01  -4.3000000e+01  -1.4900808e+02  -3.6447523e+01   1.2000000e+01  -4.2000000e+01   3.0402328e+01
   1.3000000e+01  -4.3000000e+01  -1.4799189e+02  -3.4451057e+01   1.2000000e+01  -4.2000000e+01   2.9610020e+01
   1.3000000e+01  -4.3000000e+01  -1.4632705e+02  -3.2962098e+01   1.2000000e+01  -4.2000000e+01   2.8530864e+01
   1.3000000e+01  -4.3000000e+01  -1.4502116e+02  -3.1574202e+01   1.2000000e+01  -4.2000000e+01   2.6812195e+01
   1.3000000e+01  -4.3000000e+01  -1.4461006e+02  -2.9874812e+01   1.2000000e+01  -4.2000000e+01   2.4980565e+01
   1.3000000e+01  -4.3000000e+01  -1.4419896e+02  -2.8175422e+01   1.2000000e+01  -4.2000000e+01   2.3148936e+01
   1.3000000e+01  -4.3000000e+01  -1.4371762e+02  -2.6814495e+01   1.2000000e+01  -4.2000000e+01   2.1022720e+01
   1.3000000e+01  -4.3000000e+01  -1.4302461e+02  -2.6224798e+01   1.2000000e+01  -4.2000000e+01   1.8117797e+01
   1.3000000e+01  -4.3000000e+01  -1.4096242e+02  -2.3628570e+01   1.2000000e+01  -4.2000000e+01   1.6700254e+01
   1.3000000e+01  -4.3000000e+01  -1.4011475e+02  -2.1013638e+01   1.2000000e+01  -4.2000000e+01   1.5708722e+01
   1.3000000e+01  -4.3000000e+01  -1.3921257e+02  -1.9103985e+01   1.2000000e+01  -4.2000000e+01   1.4502922e+01
   1.3000000e+01  -4.3000000e+01  -1.3843906e+02  -1.7538597e+01   1.2000000e+01  -4.2000000e+01   1.2909678e+01
   1.3000000e+01  -4.3000000e+01  -1.3784040e+02  -1.6186028e+01   1.2000000e+01  -4.2000000e+01   9.9488984e+00
   1.3000000e+01  -4.3000000e+01  -1.3711987e+02  -1.4445021e+01   1.2000000e+01  -4.2000000e+01   7.1538935e+00
   1.3000000e+01  -4.3000000e+01  -1.3645006e+02  -1.2852230e+01   1.2000000e+01  -4.2000000e+01   4.1278164e+00
   1.3000000e+01  -4.3000000e+01  -1.3578025e+02  -1.1259439e+01   1.2000000e+01  -4.2000000e+01   1.1017392e+00
   1.3000000e+01  -4.3000000e+01  -1.3505352e+02  -9.5255699e+00   1.2000000e+01  -4.2000000e+01  -1.7947785e+00
   1.3000000e+01  -4.3000000e+01  -1.3386308e+02  -7.0029475e+00   1.2000000e+01  -4.2000000e+01  -4.4292494e+00
   1.3000000e+01  -4.3000000e+01  -1.3341263e+02  -5.1393274e+00   1.2000000e+01  -4.2000000e+01  -7.3514668e+00
   1.3000000e+01  -4.3000000e+01  -1.3329466e+02  -3.4274315e+00   1.2000000e+01  -4.2000000e+01  -9.9545911e+00
   1.3000000e+01  -4.3000000e+01  -1.3291232e+02  -2.3583745e+00   1.2000000e+01  -4.2000000e+01  -1.1654239e+01
   1.3000000e+01  -4.3000000e+01  -1.3231933e+02  -2.8034771e+00   1.2000000e+01  -4.2000000e+01  -1.3404795e+01
   1.3000000e+01  -4.3000000e+01  -1.3052965e+02  -7.2786760e+00   1.2000000e+01  -4.2000000e+01  -1.6501007e+01
   1.3000000e+01  -4.3000000e+01  -1.2758927e+02  -1.2065087e+01   1.2000000e+01  -4.2000000e+01  -1.9369465e+01
   1.3000000e+01  -4.3000000e+01  -1.2608197e+02  -1.8338482e+01   1.2000000e+01  -4.2000000e+01  -1.9579817e+01
   1.3000000e+01  -4.3000000e+01  -1.2553633e+02  -2.3292462e+01   1.2000000e+01  -4.2000000e+01  -1.5824223e+01
   1.3000000e+01  -4.3000000e+01  -1.2844882e+02  -2.8714865e+01   1.2000000e+01  -4.2000000e+01  -1.1049792e+01
   1.3000000e+01  -4.3000000e+01  -1.3216586e+02  -3.3907489e+01   1.2000000e+01  -4.2000000e+01  -6.1679586e+00
   1.3000000e+01  -4.3000000e+01  -1.3681493e+02  -3.8699530e+01   1.2000000e+01  -4.2000000e+01   1.1187816e+00
   1.3000000e+01  -4.3000000e+01  -1.4185266e+02  -4.2142303e+01   1.2000000e+01  -4.2000000e+01   8.2664935e+00
   1.3000000e+01  -4.3000000e+01  -1.4706400e+02  -4.4110156e+01   1.2000000e+01  -4.2000000e+01   1.4716003e+01
   1.3000000e+01  -4.3000000e+01  -1.5164191e+02  -4.5716262e+01   1.2000000e+01  -4.2000000e+01   2.1702134e+01
   1.3000000e+01  -4.3000000e+01  -1.5420163e+02  -4.6712640e+01   1.2000000e+01  -4.2000000e+01   2.9672341e+01
   1.3000000e+01  -4.3000000e+01  -1.5552525e+02  -4.8375199e+01   1.2000000e+01  -4.2000000e+01   3.7452376e+01
   1.3000000e+01  -4.3000000e+01  -1.5696665e+02  -4.8150440e+01   1.2000000e+01  -4.2000000e+01   4.4165021e+01
   1.3000000e+01  -4.3000000e+01  -1.5792236e+02  -4.6692375e+01   1.2000000e+01  -4.2000000e+01   4.8632612e+01
   1.3000000e+01  -4.3000000e+01  -1.5756937e+02  -4.5828527e+01   1.2000000e+01  -4.2000000e+01   4.8009891e+01
   1.3000000e+01  -4.3000000e+01  -1.5721638e+02  -4.4964679e+01   1.2000000e+01  -4.2000000e+01   4.7387169e+01
   1.3000000e+01  -4.3000000e+01  -1.5643209e+02  -4.3754366e+01   1.2000000e+01  -4.2000000e+01   4.4882722e+01
   1.3000000e+01  -4.3000000e+01  -1.5541823e+02  -4.3191057e+01   1.2000000e+01  -4.2000000e+01   4.2230417e+01
   1.3000000e+01  -4.3000000e+01  -1.5420954e+02  -4.2088330e+01   1.2000000e+01  -4.2000000e+01   3.9817361e+01
   1.3000000e+01  -4.3000000e+01  -1.5251819e+02  -4.0908145e+01   1.2000000e+01  -4.2000000e+01   3.8517427e+01
   1.3000000e+01  -4.3000000e+01  -1.5057058e+02  -4.0225072e+01   1.2000000e+01  -4.2000000e+01   3.7147141e+01
   1.3000000e+01  -4.3000000e+01  -1.4842767e+02  -3.8628221e+01   1.2000000e+01  -4.2000000e+01   3.6036620e+01
   1.3000000e+01  -4.3000000e+01  -1.4677943e+02  -3.7035146e+01   1.2000000e+01  -4.2000000e+01   3.5071750e+01
   1.3000000e+01  -4.3000000e+01  -1.4594108e+02  -3.5643699e+01   1.2000000e+01  -4.2000000e+01   3.2182750e+01
   1.3000000e+01  -4.3000000e+01  -1.4434179e+02  -3.4419829e+01   1.2000000e+01  -4.2000000e+01   3.0159319e+01
   1.3000000e+01  -4.3000000e+01  -1.4381177e+02  -3.2662865e+01   1.2000000e+01  -4.2000000e+01   2.8318794e+01
   1.3000000e+01  -4.3000000e+01  -1.4297579e+02  -3.0309851e+01   1.2000000e+01  -4.2000000e+01   2.6494819e+01
   1.3000000e+01  -4.3000000e+01  -1.4226364e+02  -2.8538041e+01   1.2000000e+01  -4.2000000e+01   2.4434526e+01
   1.3000000e+01  -4.3000000e+01  -1.4122075e+02  -2.6415587e+01   1.2000000e+01  -4.2000000e+01   2.2605297e+01
   1.3000000e+01  -4.3000000e+01  -1.4022865e+02  -2.3841410e+01   1.2000000e+01  -4.2000000e+01   2.0452742e+01
   1.3000000e+01  -4.3000000e+01  -1.3949741e+02  -2.1368171e+01   1.2000000e+01  -4.2000000e+01   1.8090828e+01
   1.3000000e+01  -4.3000000e+01  -1.3887610e+02  -1.8335285e+01   1.2000000e+01  -4.2000000e+01   1.5287997e+01
   1.3000000e+01  -4.3000000e+01  -1.3775300e+02  -1.6933972e+01   1.2000000e+01  -4.2000000e+01   1.1796408e+01
   1.3000000e+01  -4.3000000e+01  -1.3656209e+02  -1.4851919e+01   1.2000000e+01  -4.2000000e+01   8.7157847e+00
   1.3000000e+01  -4.3000000e+01  -1.3605485e+02  -1.2559105e+01   1.2000000e+01  -4.2000000e+01   5.6630100e+00
   1.3000000e+01  -4.3000000e+01  -1.3574389e+02  -1.0561488e+01   1.2000000e+01  -4.2000000e+01   2.5896478e+00
   1.3000000e+01  -4.3000000e+01  -1.3553946e+02  -8.8238728e+00   1.2000000e+01  -4.2000000e+01  -5.0957768e-01
   1.3000000e+01  -4.3000000e+01  -1.3506567e+02  -7.1992841e+00   1.2000000e+01  -4.2000000e+01  -3.5892732e+00
   1.3000000e+01  -4.3000000e+01  -1.3434349e+02  -5.4546514e+00   1.2000000e+01  -4.2000000e+01  -6.8465462e+00
   1.3000000e+01  -4.3000000e+01  -1.3351939e+02  -3.5199547e+00   1.2000000e+01  -4.2000000e+01  -9.9332995e+00
   1.3000000e+01  -4.3000000e+01  -1.3274003e+02  -1.9231521e+00   1.2000000e+01  -4.2000000e+01  -1.3074819e+01
   1.3000000e+01  -4.3000000e+01  -1.3141861e+02  -9.4001010e-01   1.2000000e+01  -4.2000000e+01  -1.6553377e+01
   1.3000000e+01  -4.3000000e+01  -1.2981659e+02  -4.3867236e-01   1.2000000e+01  -4.2000000e+01  -2.0202019e+01
   1.3000000e+01  -4.3000000e+01  -1.2723968e+02  -3.3344497e+00   1.2000000e+01  -4.2000000e+01  -2.4683563e+01
   1.3000000e+01  -4.3000000e+01  -1.2431985e+02  -8.2025040e+00   1.2000000e+01  -4.2000000e+01  -2.7547928e+01
   1.3000000e+01  -4.3000000e+01  -1.2389154e+02  -1.2814737e+01   1.2000000e+01  -4.2000000e+01  -2.6517364e+01
   1.3000000e+01  -4.3000000e+01  -1.2430494e+02  -1.7508860e+01   1.2000000e+01  -4.2000000e+01  -2.1169605e+01
   1.3000000e+01  -4.3000000e+01  -1.2654473e+02  -2.2013367e+01   1.2000000e+01  -4.2000000e+01  -1.5818309e+01
   1.3000000e+01  -4.3000000e+01  -1.3028928e+02  -2.7220944e+01   1.2000000e+01  -4.2000000e+01  -1.0378579e+01
   1.3000000e+01  -4.3000000e+01  -1.3462108e+02  -3.1731231e+01   1.2000000e+01  -4.2000000e+01  -3.1876441e+00
   1.3000000e+01  -4.3000000e+01  -1.3934105e+02  -3.6614609e+01   1.2000000e+01  -4.2000000e+01   5.7135061e+00
   1.3000000e+01  -4.3000000e+01  -1.4438958e+02  -4.0893284e+01   1.2000000e+01  -4.2000000e+01   1.3681302e+01
   1.3000000e+01  -4.3000000e+01  -1.4907037e+02  -4.2933956e+01   1.2000000e+01  -4.2000000e+01   2.1616898e+01
   1.3000000e+01  -4.3000000e+01  -1.5268588e+02  -4.3975355e+01   1.2000000e+01  -4.2000000e+01   2.7797323e+01
   1.3000000e+01  -4.3000000e+01  -1.5494322e+02  -4.4680857e+01   1.2000000e+01  -4.2000000e+01   3.2625265e+01
   1.3000000e+01  -4.3000000e+01  -1.5682317e+02  -4.4843235e+01   1.2000000e+01  -4.2000000e+01   3.6431189e+01
   1.3000000e+01  -4.3000000e+01  -1.5828256e+02  -4.4423759e+01   1.2000000e+01  -4.2000000e+01   3.9389364e+01
   1.3000000e+01  -4.3000000e+01  -1.5858216e+02  -4.4712356e+01   1.2000000e+01  -4.2000000e+01   4.1031462e+01
   1.3000000e+01  -4.3000000e+01  -1.5829254e+02  -4.3648204e+01   1.2000000e+01  -4.2000000e+01   4.1803907e+01
   1.3000000e+01  -4.3000000e+01  -1.5736789e+02  -4.3566633e+01   1.2000000e+01  -4.2000000e+01   4.0134778e+01
   1.3000000e+01  -4.3000000e+01  -1.5607745e+02  -4.3526988e+01   1.2000000e+01  -4.2000000e+01   3.8890480e+01
   1.3000000e+01  -4.3000000e+01  -1.5497939e+02  -4.2863181e+01   1.2000000e+01  -4.2000000e+01   3.8991012e+01
   1.3000000e+01  -4.3000000e+01  -1.5456235e+02  -4.2575633e+01   1.2000000e+01  -4.2000000e+01   3.7729555e+01
   1.3000000e+01  -4.3000000e+01  -1.5318164e+02  -4.1324318e+01   1.2000000e+01  -4.2000000e+01   3.7300849e+01
   1.3000000e+01  -4.3000000e+01  -1.5162641e+02  -4.0649786e+01   1.2000000e+01  -4.2000000e+01   3.6798301e+01
   1.3000000e+01  -4.3000000e+01  -1.4988872e+02  -3.8685290e+01   1.2000000e+01  -4.2000000e+01   3.6791204e+01
   1.3000000e+01  -4.3000000e+01  -1.4992194e+02  -3.8146318e+01   1.2000000e+01  -4.2000000e+01   3.5138146e+01
   1.3000000e+01  -4.3000000e+01  -1.5000304e+02  -3.7053252e+01   1.2000000e+01  -4.2000000e+01   3.3448191e+01
   1.3000000e+01  -4.3000000e+01  -1.4965557e+02  -3.6788530e+01   1.2000000e+01  -4.2000000e+01   3.1019353e+01
   1.3000000e+01  -4.3000000e+01  -1.4907941e+02  -3.5014608e+01   1.2000000e+01  -4.2000000e+01   2.8996450e+01
   1.3000000e+01  -4.3000000e+01  -1.4756522e+02  -3.2650163e+01   1.2000000e+01  -4.2000000e+01   2.7733815e+01
   1.3000000e+01  -4.3000000e+01  -1.4564666e+02  -2.9993651e+01   1.2000000e+01  -4.2000000e+01   2.6575201e+01
   1.3000000e+01  -4.3000000e+01  -1.4437936e+02  -2.8420211e+01   1.2000000e+01  -4.2000000e+01   2.4785103e+01
   1.3000000e+01  -4.3000000e+01  -1.4363718e+02  -2.7484715e+01   1.2000000e+01  -4.2000000e+01   2.2818776e+01
   1.3000000e+01  -4.3000000e+01  -1.4268869e+02  -2.6288638e+01   1.2000000e+01  -4.2000000e+01   2.1609688e+01
   1.3000000e+01  -4.3000000e+01  -1.4243177e+02  -2.5663461e+01   1.2000000e+01  -4.2000000e+01   1.9985270e+01
   1.3000000e+01  -4.3000000e+01  -1.4207317e+02  -2.4370033e+01   1.2000000e+01  -4.2000000e+01   1.8225694e+01
   1.3000000e+01  -4.3000000e+01  -1.4203434e+02  -2.3206540e+01   1.2000000e+01  -4.2000000e+01   1.6184860e+01
   1.3000000e+01  -4.3000000e+01  -1.4162113e+02  -2.1892957e+01   1.2000000e+01  -4.2000000e+01   1.4473642e+01
   1.3000000e+01  -4.3000000e+01  -1.4112095e+02  -2.1007603e+01   1.2000000e+01  -4.2000000e+01   1.3045855e+01
   1.3000000e+01  -4.3000000e+01  -1.4062077e+02  -2.0122249e+01   1.2000000e+01  -4.2000000e+01   1.1618067e+01
   1.3000000e+01  -4.3000000e+01  -1.4012059e+02  -1.9236894e+01   1.2000000e+01  -4.2000000e+01   1.0190280e+01
   1.3000000e+01  -4.3000000e+01  -1.3962041e+02  -1.8351540e+01   1.2000000e+01  -4.2000000e+01   8.7624924e+00
   1.3000000e+01  -4.3000000e+01  -1.3961270e+02  -1.7870301e+01   1.2000000e+01  -4.2000000e+01   6.8123778e+00
   1.3000000e+01  -4.3000000e+01  -1.3928275e+02  -1.6704523e+01   1.2000000e+01  -4.2000000e+01   5.1529166e+00
   1.3000000e+01  -4.3000000e+01  -1.3896377e+02  -1.6131409e+01   1.2000000e+01  -4.2000000e+01   3.1341279e+00
   1.3000000e+01  -4.3000000e+01  -1.3842321e+02  -1.5126758e+01   1.2000000e+01  -4.2000000e+01   1.4299584e+00
   1.3000000e+01  -4.3000000e+01  -1.3788266e+02  -1.4122106e+01   1.2000000e+01  -4.2000000e+01  -2.7421105e-01
   1.3000000e+01  -4.3000000e+01  -1.3734210e+02  -1.3117455e+01   1.2000000e+01  -4.2000000e+01  -1.9783805e+00
   1.3000000e+01  -4.3000000e+01  -1.3714777e+02  -1.2400143e+01   1.2000000e+01  -4.2000000e+01  -3.8645386e+00
   1.3000000e+01  -4.3000000e+01  -1.3671979e+02  -1.1113431e+01   1.2000000e+01  -4.2000000e+01  -5.4814548e+00
   1.3000000e+01  -4.3000000e+01  -1.3627847e+02  -1.0513978e+01   1.2000000e+01  -4.2000000e+01  -7.3251135e+00
   1.3000000e+01  -4.3000000e+01  -1.3528395e+02  -1.1528956e+01   1.2000000e+01  -4.2000000e+01  -9.7450161e+00
   1.3000000e+01  -4.3000000e+01  -1.3311534e+02  -1.6089728e+01   1.2000000e+01  -4.2000000e+01  -1.1242958e+01
   1.3000000e+01  -4.3000000e+01  -1.3189520e+02  -2.2028137e+01   1.2000000e+01  -4.2000000e+01  -9.5388378e+00
   1.3000000e+01  -4.3000000e+01  -1.3222692e+02  -2.7797096e+01   1.2000000e+01  -4.2000000e+01  -4.0303142e+00
   1.3000000e+01  -4.3000000e+01  -1.3357634e+02  -3.2949069e+01   1.2000000e+01  -4.2000000e+01   2.5023335e+00
   1.3000000e+01  -4.3000000e+01  -1.3570773e+02  -3.7514359e+01   1.2000000e+01  -4.2000000e+01   9.0984427e+00
   1.3000000e+01  -4.3000000e+01  -1.3870535e+02  -4.1103472e+01   1.2000000e+01  -4.2000000e+01   1.5915431e+01
   1.3000000e+01  -4.3000000e+01  -1.4319612e+02  -4.3692987e+01   1.2000000e+01  -4.2000000e+01   2.0657576e+01
   1.3000000e+01  -4.3000000e+01  -1.4768690e+02  -4.6282501e+01   1.2000000e+01  -4.2000000e+01   2.5399721e+01
   1.3000000e+01  -4.3000000e+01  -1.5107106e+02  -4.8031927e+01   1.2000000e+01  -4.2000000e+01   2.9162713e+01
   1.3000000e+01  -4.3000000e+01  -1.5423522e+02  -4.7897196e+01   1.2000000e+01  -4.2000000e+01   3.4066576e+01
   1.3000000e+01  -4.3000000e+01  -1.5704627e+02  -4.6725633e+01   1.2000000e+01  -4.2000000e+01   3.9188236e+01
   1.3000000e+01  -4.3000000e+01  -1.5816204e+02  -4.5595957e+01   1.2000000e+01  -4.2000000e+01   4.1724148e+01
   1.3000000e+01  -4.3000000e+01  -1.5951327e+02  -4.5166797e+01   1.2000000e+01  -4.2000000e+01   4.1550699e+01
   1.3000000e+01  -4.3000000e+01  -1.5923352e+02  -4.4533634e+01   1.2000000e+01  -4.2000000e+01   4.1065360e+01
   1.3000000e+01  -4.3000000e+01  -1.5890017e+02  -4.3401387e+01   1.2000000e+01  -4.2000000e+01   4.0714338e+01
   1.3000000e+01  -4.3000000e+01  -1.5771977e+02  -4.2863546e+01   1.2000000e+01  -4.2000000e+01   3.8852111e+01
   1.3000000e+01  -4.3000000e+01  -1.5653938e+02  -4.2325705e+01   1.2000000e+01  -4.2000000e+01   3.6989884e+01
   1.3000000e+01  -4.3000000e+01  -1.5538813e+02  -4.1137088e+01   1.2000000e+01  -4.2000000e+01   3.5766052e+01
   1.3000000e+01  -4.3000000e+01  -1.5414785e+02  -4.0586861e+01   1.2000000e+01  -4.2000000e+01   3.4614706e+01
   1.3000000e+01  -4.3000000e+01  -1.5280684e+02  -3.9730629e+01   1.2000000e+01  -4.2000000e+01   3.3596451e+01
   1.3000000e+01  -4.3000000e+01  -1.5168524e+02  -3.8851931e+01   1.2000000e+01  -4.2000000e+01   3.2105588e+01
   1.3000000e+01  -4.3000000e+01  -1.5046794e+02  -3.6877061e+01   1.2000000e+01  -4.2000000e+01   3.1264659e+01
   1.3000000e+01  -4.3000000e+01  -1.4946910e+02  -3.6112286e+01   1.2000000e+01  -4.2000000e+01   2.9613796e+01
   1.3000000e+01  -4.3000000e+01  -1.4784988e+02  -3.3900520e+01   1.2000000e+01  -4.2000000e+01   2.8473855e+01
   1.3000000e+01  -4.3000000e+01  -1.4740806e+02  -3.2021598e+01   1.2000000e+01  -4.2000000e+01   2.6936509e+01
   1.3000000e+01  -4.3000000e+01  -1.4583783e+02  -3.0066582e+01   1.2000000e+01  -4.2000000e+01   2.5448404e+01
   1.3000000e+01  -4.3000000e+01  -1.4513978e+02  -3.0063256e+01   1.2000000e+01  -4.2000000e+01   2.2296777e+01
   1.3000000e+01  -4.3000000e+01  -1.4416429e+02  -2.8084104e+01   1.2000000e+01  -4.2000000e+01   1.9982037e+01
   1.3000000e+01  -4.3000000e+01  -1.4337136e+02  -2.4979395e+01   1.2000000e+01  -4.2000000e+01   1.7787409e+01
   1.3000000e+01  -4.3000000e+01  -1.4272848e+02  -2.2198666e+01   1.2000000e+01  -4.2000000e+01   1.5177911e+01
   1.3000000e+01  -4.3000000e+01  -1.4207248e+02  -1.9831625e+01   1.2000000e+01  -4.2000000e+01   1.2001816e+01
   1.3000000e+01  -4.3000000e+01  -1.4120379e+02  -1.7813211e+01   1.2000000e+01  -4.2000000e+01   8.5449272e+00
   1.3000000e+01  -4.3000000e+01  -1.4033510e+02  -1.5794796e+01   1.2000000e+01  -4.2000000e+01   5.0880385e+00
   1.3000000e+01  -4.3000000e+01  -1.3954859e+02  -1.4106377e+01   1.2000000e+01  -4.2000000e+01   1.4742526e+00
   1.3000000e+01  -4.3000000e+01  -1.3847007e+02  -1.0823485e+01   1.2000000e+01  -4.2000000e+01  -9.6033079e-01
   1.3000000e+01  -4.3000000e+01  -1.3796588e+02  -9.3202275e+00   1.2000000e+01  -4.2000000e+01  -4.9691023e+00
   1.3000000e+01  -4.3000000e+01  -1.3710608e+02  -7.0922633e+00   1.2000000e+01  -4.2000000e+01  -8.5991443e+00
   1.3000000e+01  -4.3000000e+01  -1.3602189e+02  -4.5404279e+00   1.2000000e+01  -4.2000000e+01  -1.2244935e+01
   1.3000000e+01  -4.3000000e+01  -1.3537573e+02  -2.2674514e+00   1.2000000e+01  -4.2000000e+01  -1.6873465e+01
   1.3000000e+01  -4.3000000e+01  -1.3472025e+02   4.0769156e-01   1.2000000e+01  -4.2000000e+01  -2.1203663e+01
   1.3000000e+01  -4.3000000e+01  -1.3370815e+02   2.5114562e+00   1.2000000e+01  -4.2000000e+01  -2.4515615e+01
   1.3000000e+01  -4.3000000e+01  -1.3278625e+02   4.5313357e+00   1.2000000e+01  -4.2000000e+01  -2.6121731e+01
   1.3000000e+01  -4.3000000e+01  -1.3210265e+02   5.1824083e+00   1.2000000e+01  -4.2000000e+01  -2.8313724e+01
   1.3000000e+01  -4.3000000e+01  -1.3048643e+02   2.1271281e+00   1.2000000e+01  -4.2000000e+01  -3.1874037e+01
   1.3000000e+01  -4.3000000e+01  -1.2736221e+02  -3.8635362e+00   1.2000000e+01  -4.2000000e+01  -3.4327800e+01
   1.3000000e+01  -4.3000000e+01  -1.2476342e+02  -8.7711246e+00   1.2000000e+01  -4.2000000e+01  -3.6265027e+01
   1.3000000e+01  -4.3000000e+01  -1.2413848e+02  -1.2599154e+01   1.2000000e+01  -4.2000000e+01  -3.5868780e+01
   1.3000000e+01  -4.3000000e+01  -1.2572892e+02  -1.5739744e+01   1.2000000e+01  -4.2000000e+01  -3.1227119e+01
   1.3000000e+01  -4.3000000e+01  -1.2828504e+02  -2.0935912e+01   1.2000000e+01  -4.2000000e+01  -2.5714858e+01
   1.3000000e+01  -4.3000000e+01  -1.3226802e+02  -2.6278772e+01   1.2000000e+01  -4.2000000e+01  -2.0172215e+01
   1.3000000e+01  -4.3000000e+01  -1.3510547e+02  -3.0621148e+01   1.2000000e+01  -4.2000000e+01  -1.1389543e+01
