   2.9306236e+01   4.0752847e+01  -1.7322497e+02   3.1182739e+01   5.9315849e+00  -5.2841339e+01   3.8714668e+01
   1.5375768e+01   3.6170444e+01  -1.7045811e+02   2.7356071e+01   1.0531384e+01  -4.3942085e+01   4.4168821e+01
   1.3000000e+01   3.4194835e+01  -1.6801536e+02   1.7434980e+01   1.2000000e+01  -4.2000000e+01   4.9648822e+01
   1.3000000e+01   2.8518687e+01  -1.6695941e+02   9.4179271e+00   1.2000000e+01  -4.2000000e+01   5.2977323e+01
   1.3000000e+01   2.3402757e+01  -1.6630585e+02   4.6264331e+00   1.2000000e+01  -4.2000000e+01   5.5406244e+01
   1.3000000e+01   2.3391545e+01  -1.6511624e+02   5.6330502e+00   1.2000000e+01  -4.2000000e+01   5.7016630e+01
   1.3000000e+01   2.5300276e+01  -1.6495808e+02   8.9452569e+00   1.2000000e+01  -4.2000000e+01   5.6463127e+01
   1.3000000e+01   2.7270763e+01  -1.6471326e+02   1.2115836e+01   1.2000000e+01  -4.2000000e+01   5.5267215e+01
   1.3000000e+01   2.8208115e+01  -1.6272327e+02   1.3376612e+01   1.2000000e+01  -4.2000000e+01   5.3199406e+01
   1.3000000e+01   2.9223937e+01  -1.6248015e+02   1.5799071e+01   1.2000000e+01  -4.2000000e+01   5.1405660e+01
   1.3000000e+01   3.2235741e+01  -1.6107139e+02   1.9108845e+01   1.2000000e+01  -4.2000000e+01   4.8330766e+01
   1.3000000e+01   3.8125165e+01  -1.5989681e+02   2.3150036e+01   1.2000000e+01  -4.2000000e+01   4.7295261e+01
   1.3000000e+01   3.9263851e+01  -1.5755416e+02   2.4771024e+01   1.2000000e+01  -4.2000000e+01   4.8109876e+01
   1.3000000e+01   3.8720975e+01  -1.5512712e+02   2.4707833e+01   1.2000000e+01  -4.2000000e+01   4.6233605e+01
   1.3000000e+01   3.8359644e+01  -1.5341344e+02   2.4742609e+01   1.2000000e+01  -4.2000000e+01   4.3614571e+01
   1.3000000e+01   3.7134649e+01  -1.5092559e+02   2.4724059e+01   1.2000000e+01  -4.2000000e+01   4.1062924e+01
   1.3000000e+01   3.5943547e+01  -1.4877261e+02   2.4663993e+01   1.2000000e+01  -4.2000000e+01   3.9617707e+01
   1.3000000e+01   3.7957900e+01  -1.4658582e+02   2.4937597e+01   1.2000000e+01  -4.2000000e+01   3.8034499e+01
   1.3000000e+01   4.0392164e+01  -1.4394106e+02   2.5024350e+01   1.2000000e+01  -4.2000000e+01   3.5901164e+01
   1.3000000e+01   4.0312071e+01  -1.4166237e+02   2.6516042e+01   1.2000000e+01  -4.2000000e+01   3.2797608e+01
   1.3000000e+01   3.6815082e+01  -1.4012939e+02   2.6286198e+01   1.2000000e+01  -4.2000000e+01   3.0300864e+01
   1.3000000e+01   3.5155276e+01  -1.3904610e+02   2.6889574e+01   1.2000000e+01  -4.2000000e+01   2.6407193e+01
   1.3000000e+01   3.6044978e+01  -1.3724142e+02   2.7928026e+01   1.2000000e+01  -4.2000000e+01   2.3082783e+01
   1.3000000e+01   3.4239888e+01  -1.3551832e+02   2.8328385e+01   1.2000000e+01  -4.2000000e+01   1.9756931e+01
   1.3000000e+01   3.3217920e+01  -1.3408513e+02   2.9062068e+01   1.2000000e+01  -4.2000000e+01   1.6669461e+01
   1.3000000e+01   3.2963794e+01  -1.3188540e+02   2.9217185e+01   1.2000000e+01  -4.2000000e+01   1.3749753e+01
   1.3000000e+01   3.2167116e+01  -1.3014927e+02   3.0333231e+01   1.2000000e+01  -4.2000000e+01   9.5451075e+00
   1.3000000e+01   3.2229131e+01  -1.2841278e+02   3.1359294e+01   1.2000000e+01  -4.2000000e+01   6.3045159e+00
   1.3000000e+01   3.0812363e+01  -1.2665619e+02   3.2269114e+01   1.2000000e+01  -4.2000000e+01   2.7171710e+00
   1.3000000e+01   2.9887053e+01  -1.2568565e+02   3.3557104e+01   1.2000000e+01  -4.2000000e+01  -1.1523705e+00
   1.3000000e+01   2.8439769e+01  -1.2386172e+02   3.4546351e+01   1.2000000e+01  -4.2000000e+01  -5.0587663e+00
   1.3000000e+01   2.8141197e+01  -1.2214953e+02   3.5625849e+01   1.2000000e+01  -4.2000000e+01  -9.9326296e+00
   1.3000000e+01   2.8115471e+01  -1.2074701e+02   3.6934851e+01   1.2000000e+01  -4.2000000e+01  -1.4862151e+01
   1.3000000e+01   3.0471346e+01  -1.2075171e+02   3.6817854e+01   1.2000000e+01  -4.2000000e+01  -1.8112455e+01
   1.3000000e+01   3.4176875e+01  -1.2480067e+02   3.4302035e+01   1.2000000e+01  -4.2000000e+01  -2.0590644e+01
   1.3000000e+01   3.7112024e+01  -1.2956264e+02   3.2530772e+01   1.2000000e+01  -4.2000000e+01  -2.3364064e+01
   1.3000000e+01   3.7835485e+01  -1.3283116e+02   3.0327608e+01   1.2000000e+01  -4.2000000e+01  -2.2339109e+01
   1.3000000e+01   3.7677427e+01  -1.3642390e+02   2.5970386e+01   1.2000000e+01  -4.2000000e+01  -1.5033119e+01
   1.3000000e+01   3.4973048e+01  -1.4165491e+02   2.1033613e+01   1.2000000e+01  -4.2000000e+01  -5.4605916e+00
   1.3000000e+01   3.2670442e+01  -1.4931883e+02   1.5828151e+01   1.2000000e+01  -4.2000000e+01   3.9025078e+00
   1.3000000e+01   2.8893522e+01  -1.5493905e+02   1.0277624e+01   1.2000000e+01  -4.2000000e+01   1.3772284e+01
   1.3000000e+01   2.8568982e+01  -1.5997059e+02   7.8888616e+00   1.2000000e+01  -4.2000000e+01   2.2714234e+01
   1.3000000e+01   2.8028173e+01  -1.6300508e+02   7.2117790e+00   1.2000000e+01  -4.2000000e+01   3.1409251e+01
   1.3000000e+01   2.3630078e+01  -1.6272966e+02   2.9903837e+00   1.2000000e+01  -4.2000000e+01   3.9559934e+01
   1.3000000e+01   2.0337748e+01  -1.6527560e+02   3.9876053e-01   1.2000000e+01  -4.2000000e+01   4.6226852e+01
   1.3000000e+01   1.7120266e+01  -1.6538124e+02  -1.6603681e+00   1.2000000e+01  -4.2000000e+01   5.1847925e+01
   1.3000000e+01   1.8287654e+01  -1.6670166e+02   2.9995023e-01   1.2000000e+01  -4.2000000e+01   5.6806081e+01
   1.3000000e+01   2.0122888e+01  -1.6645320e+02   4.0476527e+00   1.2000000e+01  -4.2000000e+01   5.6291288e+01
   1.3000000e+01   2.3404010e+01  -1.6582706e+02   8.0532928e+00   1.2000000e+01  -4.2000000e+01   5.4640171e+01
   1.3000000e+01   2.7190945e+01  -1.6542391e+02   1.2502494e+01   1.2000000e+01  -4.2000000e+01   5.3295678e+01
   1.3000000e+01   2.8517659e+01  -1.6395833e+02   1.4590674e+01   1.2000000e+01  -4.2000000e+01   5.1971628e+01
   1.3000000e+01   3.1071549e+01  -1.6299732e+02   1.7404065e+01   1.2000000e+01  -4.2000000e+01   5.1510005e+01
   1.3000000e+01   3.6186472e+01  -1.6180358e+02   2.1449690e+01   1.2000000e+01  -4.2000000e+01   5.0270590e+01
   1.3000000e+01   3.8356103e+01  -1.5994217e+02   2.3687656e+01   1.2000000e+01  -4.2000000e+01   4.8811743e+01
   1.3000000e+01   3.7806910e+01  -1.5780008e+02   2.3809136e+01   1.2000000e+01  -4.2000000e+01   4.7530709e+01
   1.3000000e+01   3.7109026e+01  -1.5578997e+02   2.3949725e+01   1.2000000e+01  -4.2000000e+01   4.5631906e+01
   1.3000000e+01   3.6784474e+01  -1.5346809e+02   2.3616120e+01   1.2000000e+01  -4.2000000e+01   4.4344341e+01
   1.3000000e+01   3.6663889e+01  -1.5112926e+02   2.3391835e+01   1.2000000e+01  -4.2000000e+01   4.1027604e+01
   1.3000000e+01   3.9496195e+01  -1.4867082e+02   2.4243207e+01   1.2000000e+01  -4.2000000e+01   3.8631192e+01
   1.3000000e+01   3.9343370e+01  -1.4569910e+02   2.5672978e+01   1.2000000e+01  -4.2000000e+01   3.6065913e+01
   1.3000000e+01   3.6424610e+01  -1.4327880e+02   2.5857778e+01   1.2000000e+01  -4.2000000e+01   3.2719818e+01
   1.3000000e+01   3.4985884e+01  -1.4149372e+02   2.5240266e+01   1.2000000e+01  -4.2000000e+01   3.0154884e+01
   1.3000000e+01   3.4921006e+01  -1.3960849e+02   2.6420488e+01   1.2000000e+01  -4.2000000e+01   2.6758629e+01
   1.3000000e+01   3.5444338e+01  -1.3741606e+02   2.7194724e+01   1.2000000e+01  -4.2000000e+01   2.3085358e+01
   1.3000000e+01   3.2518853e+01  -1.3544997e+02   2.6868079e+01   1.2000000e+01  -4.2000000e+01   2.0452760e+01
   1.3000000e+01   3.2456662e+01  -1.3397181e+02   2.7733994e+01   1.2000000e+01  -4.2000000e+01   1.7131305e+01
   1.3000000e+01   3.3202856e+01  -1.3166381e+02   2.8928907e+01   1.2000000e+01  -4.2000000e+01   1.3239247e+01
   1.3000000e+01   3.3388835e+01  -1.2868195e+02   2.9544058e+01   1.2000000e+01  -4.2000000e+01   1.0069549e+01
   1.3000000e+01   3.2109090e+01  -1.2658605e+02   2.9906995e+01   1.2000000e+01  -4.2000000e+01   7.6814325e+00
   1.3000000e+01   2.9616911e+01  -1.2541768e+02   3.0582473e+01   1.2000000e+01  -4.2000000e+01   2.8938786e+00
   1.3000000e+01   3.0726507e+01  -1.2416502e+02   3.1682826e+01   1.2000000e+01  -4.2000000e+01  -5.1424241e-01
   1.3000000e+01   3.0758188e+01  -1.2244632e+02   3.2965197e+01   1.2000000e+01  -4.2000000e+01  -4.4863973e+00
   1.3000000e+01   3.3598869e+01  -1.2083170e+02   3.4939355e+01   1.2000000e+01  -4.2000000e+01  -9.0446814e+00
   1.3000000e+01   3.4282501e+01  -1.2142412e+02   3.4855433e+01   1.2000000e+01  -4.2000000e+01  -1.2631810e+01
   1.3000000e+01   3.8465199e+01  -1.2541013e+02   3.2203184e+01   1.2000000e+01  -4.2000000e+01  -1.7283242e+01
   1.3000000e+01   3.8588655e+01  -1.3000021e+02   3.0017789e+01   1.2000000e+01  -4.2000000e+01  -1.9916966e+01
   1.3000000e+01   4.0899989e+01  -1.3511493e+02   2.9299283e+01   1.2000000e+01  -4.2000000e+01  -1.7890845e+01
   1.3000000e+01   4.0473807e+01  -1.3941521e+02   2.7161731e+01   1.2000000e+01  -4.2000000e+01  -1.2436326e+01
   1.3000000e+01   3.9929414e+01  -1.4480745e+02   2.5590014e+01   1.2000000e+01  -4.2000000e+01  -4.1240385e+00
   1.3000000e+01   4.1329560e+01  -1.4979032e+02   2.4151601e+01   1.2000000e+01  -4.2000000e+01   4.0711626e+00
   1.3000000e+01   3.8085290e+01  -1.5506504e+02   2.1904366e+01   1.2000000e+01  -4.2000000e+01   1.0820748e+01
   1.3000000e+01   3.4434043e+01  -1.5893256e+02   1.7564191e+01   1.2000000e+01  -4.2000000e+01   2.0597796e+01
   1.3000000e+01   3.4516631e+01  -1.6222321e+02   1.5284783e+01   1.2000000e+01  -4.2000000e+01   2.9595372e+01
   1.3000000e+01   3.2231382e+01  -1.6238094e+02   1.1929253e+01   1.2000000e+01  -4.2000000e+01   3.7760051e+01
   1.3000000e+01   3.0716712e+01  -1.6234031e+02   1.0487240e+01   1.2000000e+01  -4.2000000e+01   4.4141729e+01
   1.3000000e+01   3.0276052e+01  -1.6199912e+02   1.1641572e+01   1.2000000e+01  -4.2000000e+01   5.0086530e+01
   1.3000000e+01   3.0131691e+01  -1.6189466e+02   1.4482149e+01   1.2000000e+01  -4.2000000e+01   5.0449004e+01
   1.3000000e+01   3.5420512e+01  -1.6035868e+02   1.9422162e+01   1.2000000e+01  -4.2000000e+01   5.1341388e+01
   1.3000000e+01   3.9188488e+01  -1.5915082e+02   2.3940334e+01   1.2000000e+01  -4.2000000e+01   4.9287007e+01
   1.3000000e+01   4.0495343e+01  -1.5841853e+02   2.6612934e+01   1.2000000e+01  -4.2000000e+01   4.8108371e+01
   1.3000000e+01   4.0478748e+01  -1.5653273e+02   2.7120885e+01   1.2000000e+01  -4.2000000e+01   4.6063245e+01
   1.3000000e+01   3.9844039e+01  -1.5531255e+02   2.6865515e+01   1.2000000e+01  -4.2000000e+01   4.5179931e+01
   1.3000000e+01   3.9354256e+01  -1.5349133e+02   2.6389591e+01   1.2000000e+01  -4.2000000e+01   4.4115326e+01
   1.3000000e+01   3.9481722e+01  -1.5104638e+02   2.5882182e+01   1.2000000e+01  -4.2000000e+01   4.2103552e+01
   1.3000000e+01   3.9392033e+01  -1.4919901e+02   2.5361598e+01   1.2000000e+01  -4.2000000e+01   4.0874285e+01
   1.3000000e+01   3.7529648e+01  -1.4715365e+02   2.5008903e+01   1.2000000e+01  -4.2000000e+01   3.9634134e+01
   1.3000000e+01   3.4965367e+01  -1.4535760e+02   2.3220019e+01   1.2000000e+01  -4.2000000e+01   3.7832012e+01
   1.3000000e+01   3.2468046e+01  -1.4348625e+02   2.1447609e+01   1.2000000e+01  -4.2000000e+01   3.5237396e+01
   1.3000000e+01   3.2180419e+01  -1.4230681e+02   2.1874771e+01   1.2000000e+01  -4.2000000e+01   3.3198620e+01
   1.3000000e+01   3.1310100e+01  -1.4146329e+02   2.2770711e+01   1.2000000e+01  -4.2000000e+01   3.0968968e+01
   1.3000000e+01   3.3758236e+01  -1.3944142e+02   2.3869904e+01   1.2000000e+01  -4.2000000e+01   2.8746372e+01
   1.3000000e+01   3.6038347e+01  -1.3762105e+02   2.4945634e+01   1.2000000e+01  -4.2000000e+01   2.5854484e+01
   1.3000000e+01   3.4612188e+01  -1.3515207e+02   2.4443901e+01   1.2000000e+01  -4.2000000e+01   2.4955336e+01
   1.3000000e+01   3.2709348e+01  -1.3296619e+02   2.4452105e+01   1.2000000e+01  -4.2000000e+01   2.3279453e+01
   1.3000000e+01   3.0972709e+01  -1.3255526e+02   2.4966586e+01   1.2000000e+01  -4.2000000e+01   2.1576603e+01
   1.3000000e+01   2.9434526e+01  -1.3214563e+02   2.5552002e+01   1.2000000e+01  -4.2000000e+01   1.8933710e+01
   1.3000000e+01   2.9654927e+01  -1.3109735e+02   2.6139921e+01   1.2000000e+01  -4.2000000e+01   1.5664550e+01
   1.3000000e+01   3.0356127e+01  -1.2916889e+02   2.6951104e+01   1.2000000e+01  -4.2000000e+01   1.2509672e+01
   1.3000000e+01   3.1554748e+01  -1.2765648e+02   2.8330721e+01   1.2000000e+01  -4.2000000e+01   9.1048917e+00
   1.3000000e+01   3.2276130e+01  -1.2564808e+02   2.9215285e+01   1.2000000e+01  -4.2000000e+01   5.7043753e+00
   1.3000000e+01   3.2867260e+01  -1.2415222e+02   3.0178732e+01   1.2000000e+01  -4.2000000e+01   2.7698328e+00
   1.3000000e+01   3.1203027e+01  -1.2314700e+02   3.1604411e+01   1.2000000e+01  -4.2000000e+01  -9.2198544e-01
   1.3000000e+01   3.1109843e+01  -1.2181440e+02   3.2166606e+01   1.2000000e+01  -4.2000000e+01  -3.5337684e+00
   1.3000000e+01   3.1911142e+01  -1.2028519e+02   3.3203790e+01   1.2000000e+01  -4.2000000e+01  -6.2008386e+00
   1.3000000e+01   3.2605370e+01  -1.1931263e+02   3.3985217e+01   1.2000000e+01  -4.2000000e+01  -8.1093121e+00
   1.3000000e+01   3.4062178e+01  -1.1960606e+02   3.4029411e+01   1.2000000e+01  -4.2000000e+01  -9.1449902e+00
   1.3000000e+01   3.5940065e+01  -1.2333348e+02   3.1604247e+01   1.2000000e+01  -4.2000000e+01  -1.1419499e+01
   1.3000000e+01   3.5862163e+01  -1.2848579e+02   2.8732822e+01   1.2000000e+01  -4.2000000e+01  -1.3136580e+01
   1.3000000e+01   3.7523600e+01  -1.3445988e+02   2.5802658e+01   1.2000000e+01  -4.2000000e+01  -1.0027981e+01
   1.3000000e+01   3.4664448e+01  -1.3907609e+02   2.1698510e+01   1.2000000e+01  -4.2000000e+01  -3.6829057e+00
   1.3000000e+01   3.3571253e+01  -1.4462797e+02   1.8562245e+01   1.2000000e+01  -4.2000000e+01   3.6426688e+00
   1.3000000e+01   3.2993296e+01  -1.5015748e+02   1.6242772e+01   1.2000000e+01  -4.2000000e+01   1.0184025e+01
   1.3000000e+01   2.9693253e+01  -1.5542473e+02   1.2565788e+01   1.2000000e+01  -4.2000000e+01   1.8270669e+01
   1.3000000e+01   3.0316132e+01  -1.5992622e+02   1.2531157e+01   1.2000000e+01  -4.2000000e+01   2.5869341e+01
   1.3000000e+01   3.1160295e+01  -1.6349555e+02   1.3684662e+01   1.2000000e+01  -4.2000000e+01   3.2286338e+01
   1.3000000e+01   2.6733745e+01  -1.6437650e+02   8.5273755e+00   1.2000000e+01  -4.2000000e+01   3.8524494e+01
   1.3000000e+01   2.2247829e+01  -1.6320272e+02   3.5995517e+00   1.2000000e+01  -4.2000000e+01   4.5756002e+01
   1.3000000e+01   1.8959672e+01  -1.6239565e+02  -1.0774357e+00   1.2000000e+01  -4.2000000e+01   5.1683603e+01
   1.3000000e+01   1.7785955e+01  -1.6220218e+02  -6.5194847e-01   1.2000000e+01  -4.2000000e+01   5.6471102e+01
   1.3000000e+01   1.7697575e+01  -1.6197004e+02   2.4760209e+00   1.2000000e+01  -4.2000000e+01   5.8923198e+01
   1.3000000e+01   2.0749321e+01  -1.6145683e+02   5.9676387e+00   1.2000000e+01  -4.2000000e+01   5.6961374e+01
   1.3000000e+01   2.3710742e+01  -1.6067759e+02   9.4206432e+00   1.2000000e+01  -4.2000000e+01   5.6007491e+01
   1.3000000e+01   2.6384457e+01  -1.5992471e+02   1.3404642e+01   1.2000000e+01  -4.2000000e+01   5.3274670e+01
   1.3000000e+01   3.0749343e+01  -1.5909048e+02   1.6961966e+01   1.2000000e+01  -4.2000000e+01   5.1155745e+01
   1.3000000e+01   3.3828605e+01  -1.5802345e+02   2.0539459e+01   1.2000000e+01  -4.2000000e+01   4.8817617e+01
   1.3000000e+01   3.3823194e+01  -1.5567673e+02   1.9909046e+01   1.2000000e+01  -4.2000000e+01   4.8860582e+01
   1.3000000e+01   3.4327859e+01  -1.5401938e+02   2.0057236e+01   1.2000000e+01  -4.2000000e+01   4.7225440e+01
   1.3000000e+01   3.4144738e+01  -1.5144654e+02   2.0424317e+01   1.2000000e+01  -4.2000000e+01   4.5032982e+01
   1.3000000e+01   3.2801027e+01  -1.4856118e+02   1.8866809e+01   1.2000000e+01  -4.2000000e+01   4.4068801e+01
   1.3000000e+01   3.4834910e+01  -1.4611784e+02   1.9696355e+01   1.2000000e+01  -4.2000000e+01   4.0825456e+01
   1.3000000e+01   3.6086865e+01  -1.4376733e+02   1.9525108e+01   1.2000000e+01  -4.2000000e+01   3.9338721e+01
   1.3000000e+01   3.7397856e+01  -1.4147168e+02   2.0803433e+01   1.2000000e+01  -4.2000000e+01   3.6701698e+01
   1.3000000e+01   3.6161875e+01  -1.3970365e+02   2.2373027e+01   1.2000000e+01  -4.2000000e+01   3.3887840e+01
   1.3000000e+01   3.5993856e+01  -1.3879009e+02   2.3312176e+01   1.2000000e+01  -4.2000000e+01   3.1721279e+01
   1.3000000e+01   3.6378058e+01  -1.3693268e+02   2.4388950e+01   1.2000000e+01  -4.2000000e+01   2.9696856e+01
   1.3000000e+01   3.5016647e+01  -1.3484365e+02   2.5022639e+01   1.2000000e+01  -4.2000000e+01   2.6430784e+01
   1.3000000e+01   3.3160278e+01  -1.3337349e+02   2.5626881e+01   1.2000000e+01  -4.2000000e+01   2.3653813e+01
   1.3000000e+01   3.0588457e+01  -1.3230714e+02   2.6429234e+01   1.2000000e+01  -4.2000000e+01   1.9800063e+01
   1.3000000e+01   3.0784622e+01  -1.3068668e+02   2.6083422e+01   1.2000000e+01  -4.2000000e+01   1.6569404e+01
   1.3000000e+01   3.0455361e+01  -1.2863599e+02   2.6403900e+01   1.2000000e+01  -4.2000000e+01   1.3680520e+01
   1.3000000e+01   3.0147611e+01  -1.2711717e+02   2.7471492e+01   1.2000000e+01  -4.2000000e+01   1.0449247e+01
   1.3000000e+01   3.0197215e+01  -1.2595009e+02   2.8650477e+01   1.2000000e+01  -4.2000000e+01   7.3132118e+00
   1.3000000e+01   3.1583948e+01  -1.2454203e+02   3.0323486e+01   1.2000000e+01  -4.2000000e+01   3.9703522e+00
   1.3000000e+01   3.2951646e+01  -1.2285619e+02   3.1776680e+01   1.2000000e+01  -4.2000000e+01   4.0739759e-01
   1.3000000e+01   3.3591492e+01  -1.2114629e+02   3.3331205e+01   1.2000000e+01  -4.2000000e+01  -3.9184140e+00
   1.3000000e+01   3.3617542e+01  -1.1982829e+02   3.4435244e+01   1.2000000e+01  -4.2000000e+01  -6.8307650e+00
   1.3000000e+01   3.4057880e+01  -1.1896898e+02   3.5473221e+01   1.2000000e+01  -4.2000000e+01  -9.8738005e+00
   1.3000000e+01   3.4109001e+01  -1.1856674e+02   3.6393665e+01   1.2000000e+01  -4.2000000e+01  -1.4402534e+01
   1.3000000e+01   3.4180203e+01  -1.1844501e+02   3.6447796e+01   1.2000000e+01  -4.2000000e+01  -1.8394888e+01
   1.3000000e+01   3.6099841e+01  -1.2080197e+02   3.4653994e+01   1.2000000e+01  -4.2000000e+01  -2.2181921e+01
   1.3000000e+01   3.6718823e+01  -1.2556387e+02   3.1691194e+01   1.2000000e+01  -4.2000000e+01  -2.3308782e+01
   1.3000000e+01   3.6868379e+01  -1.3011036e+02   2.8905213e+01   1.2000000e+01  -4.2000000e+01  -1.8731938e+01
   1.3000000e+01   3.4431332e+01  -1.3422504e+02   2.4489790e+01   1.2000000e+01  -4.2000000e+01  -1.0193687e+01
   1.3000000e+01   3.3386507e+01  -1.3843595e+02   2.1412119e+01   1.2000000e+01  -4.2000000e+01  -2.2106785e+00
   1.3000000e+01   3.4104117e+01  -1.4393771e+02   1.9661136e+01   1.2000000e+01  -4.2000000e+01   6.1581922e+00
   1.3000000e+01   3.2874393e+01  -1.4900504e+02   1.7889824e+01   1.2000000e+01  -4.2000000e+01   1.5043004e+01
   1.3000000e+01   3.0391214e+01  -1.5427906e+02   1.4449022e+01   1.2000000e+01  -4.2000000e+01   2.4962544e+01
   1.3000000e+01   3.0141563e+01  -1.5881880e+02   1.2851384e+01   1.2000000e+01  -4.2000000e+01   3.2433663e+01
   1.3000000e+01   2.9020292e+01  -1.6139264e+02   1.2426589e+01   1.2000000e+01  -4.2000000e+01   3.9603422e+01
   1.3000000e+01   3.0753198e+01  -1.6299304e+02   1.4812542e+01   1.2000000e+01  -4.2000000e+01   4.4461164e+01
   1.3000000e+01   3.2934668e+01  -1.6330113e+02   1.7165719e+01   1.2000000e+01  -4.2000000e+01   4.7879158e+01
   1.3000000e+01   3.5486784e+01  -1.6282234e+02   1.9774238e+01   1.2000000e+01  -4.2000000e+01   5.0964028e+01
   1.3000000e+01   3.6518930e+01  -1.6282527e+02   2.2163500e+01   1.2000000e+01  -4.2000000e+01   5.3043909e+01
   1.3000000e+01   3.7157120e+01  -1.6152868e+02   2.2399815e+01   1.2000000e+01  -4.2000000e+01   5.4064967e+01
   1.3000000e+01   3.7207994e+01  -1.6066493e+02   2.3489590e+01   1.2000000e+01  -4.2000000e+01   5.3662567e+01
   1.3000000e+01   3.8617203e+01  -1.6012451e+02   2.4382187e+01   1.2000000e+01  -4.2000000e+01   5.1884887e+01
   1.3000000e+01   3.9895828e+01  -1.5980893e+02   2.5206023e+01   1.2000000e+01  -4.2000000e+01   5.0940138e+01
   1.3000000e+01   4.0425818e+01  -1.5823488e+02   2.5001667e+01   1.2000000e+01  -4.2000000e+01   5.1812932e+01
   1.3000000e+01   4.0660452e+01  -1.5748609e+02   2.5999166e+01   1.2000000e+01  -4.2000000e+01   4.9374834e+01
   1.3000000e+01   3.9746688e+01  -1.5648837e+02   2.5796208e+01   1.2000000e+01  -4.2000000e+01   4.9070065e+01
   1.3000000e+01   3.8127896e+01  -1.5490758e+02   2.3990154e+01   1.2000000e+01  -4.2000000e+01   4.8488076e+01
   1.3000000e+01   3.4922870e+01  -1.5282112e+02   2.2729184e+01   1.2000000e+01  -4.2000000e+01   4.6779865e+01
   1.3000000e+01   3.7426908e+01  -1.5169093e+02   2.3533441e+01   1.2000000e+01  -4.2000000e+01   4.5264932e+01
   1.3000000e+01   3.9080661e+01  -1.4910494e+02   2.4409432e+01   1.2000000e+01  -4.2000000e+01   4.3721042e+01
   1.3000000e+01   4.1930571e+01  -1.4773646e+02   2.5400813e+01   1.2000000e+01  -4.2000000e+01   4.1854572e+01
   1.3000000e+01   4.3014028e+01  -1.4513017e+02   2.7045261e+01   1.2000000e+01  -4.2000000e+01   3.8825382e+01
   1.3000000e+01   4.1546645e+01  -1.4269765e+02   2.6451126e+01   1.2000000e+01  -4.2000000e+01   3.7446622e+01
   1.3000000e+01   3.7461438e+01  -1.4109083e+02   2.5690686e+01   1.2000000e+01  -4.2000000e+01   3.4899893e+01
   1.3000000e+01   3.4810695e+01  -1.4040138e+02   2.4444699e+01   1.2000000e+01  -4.2000000e+01   3.2832970e+01
   1.3000000e+01   3.4480170e+01  -1.3951362e+02   2.3866366e+01   1.2000000e+01  -4.2000000e+01   3.1407249e+01
   1.3000000e+01   3.4042488e+01  -1.3862706e+02   2.3503786e+01   1.2000000e+01  -4.2000000e+01   3.0527487e+01
   1.3000000e+01   3.3630227e+01  -1.3771410e+02   2.3519232e+01   1.2000000e+01  -4.2000000e+01   2.8409693e+01
   1.3000000e+01   3.3082973e+01  -1.3729699e+02   2.4445129e+01   1.2000000e+01  -4.2000000e+01   2.5975451e+01
   1.3000000e+01   3.3027010e+01  -1.3662117e+02   2.5325921e+01   1.2000000e+01  -4.2000000e+01   2.3936502e+01
   1.3000000e+01   3.2863485e+01  -1.3585275e+02   2.5619165e+01   1.2000000e+01  -4.2000000e+01   2.2625033e+01
   1.3000000e+01   3.2480071e+01  -1.3532372e+02   2.5920710e+01   1.2000000e+01  -4.2000000e+01   2.1408959e+01
   1.3000000e+01   3.1635828e+01  -1.3493691e+02   2.6119836e+01   1.2000000e+01  -4.2000000e+01   1.9729653e+01
   1.3000000e+01   3.0961278e+01  -1.3493047e+02   2.6473413e+01   1.2000000e+01  -4.2000000e+01   1.8274757e+01
   1.3000000e+01   3.0402655e+01  -1.3434355e+02   2.6415199e+01   1.2000000e+01  -4.2000000e+01   1.6761849e+01
   1.3000000e+01   3.1297326e+01  -1.3380582e+02   2.7502180e+01   1.2000000e+01  -4.2000000e+01   1.3989300e+01
   1.3000000e+01   3.1514607e+01  -1.3309125e+02   2.8291474e+01   1.2000000e+01  -4.2000000e+01   1.2649258e+01
   1.3000000e+01   3.1667504e+01  -1.3287603e+02   2.8742240e+01   1.2000000e+01  -4.2000000e+01   1.0594726e+01
   1.3000000e+01   3.1972812e+01  -1.3183589e+02   2.8995179e+01   1.2000000e+01  -4.2000000e+01   9.3478755e+00
   1.3000000e+01   3.2102379e+01  -1.3120476e+02   2.9931977e+01   1.2000000e+01  -4.2000000e+01   7.4400021e+00
   1.3000000e+01   3.2452867e+01  -1.3018245e+02   3.0488902e+01   1.2000000e+01  -4.2000000e+01   5.1413215e+00
   1.3000000e+01   3.3824424e+01  -1.2921333e+02   3.1401093e+01   1.2000000e+01  -4.2000000e+01   3.2804955e+00
   1.3000000e+01   3.3780205e+01  -1.2816958e+02   3.2248775e+01   1.2000000e+01  -4.2000000e+01   1.1906913e+00
   1.3000000e+01   3.3909491e+01  -1.2792122e+02   3.2283721e+01   1.2000000e+01  -4.2000000e+01  -2.2414906e-01
   1.3000000e+01   3.3852996e+01  -1.2986217e+02   3.2173104e+01   1.2000000e+01  -4.2000000e+01  -2.3853466e+00
   1.3000000e+01   3.5440130e+01  -1.3373542e+02   2.9099119e+01   1.2000000e+01  -4.2000000e+01  -1.8950745e+00
   1.3000000e+01   3.5114968e+01  -1.3869764e+02   2.4223820e+01   1.2000000e+01  -4.2000000e+01   2.5597320e+00
   1.3000000e+01   3.4305042e+01  -1.4290971e+02   1.9504512e+01   1.2000000e+01  -4.2000000e+01   1.0243903e+01
   1.3000000e+01   3.3273471e+01  -1.4655294e+02   1.5333377e+01   1.2000000e+01  -4.2000000e+01   1.8081021e+01
   1.3000000e+01   3.1584466e+01  -1.5034677e+02   1.1919641e+01   1.2000000e+01  -4.2000000e+01   2.4453306e+01
   1.3000000e+01   2.9563531e+01  -1.5342594e+02   9.3195187e+00   1.2000000e+01  -4.2000000e+01   3.0827937e+01
   1.3000000e+01   3.0393022e+01  -1.5693641e+02   9.6081361e+00   1.2000000e+01  -4.2000000e+01   3.4912748e+01
   1.3000000e+01   2.8653832e+01  -1.6076265e+02   8.1738710e+00   1.2000000e+01  -4.2000000e+01   3.9226485e+01
   1.3000000e+01   2.7275373e+01  -1.6292847e+02   6.5115581e+00   1.2000000e+01  -4.2000000e+01   4.2354667e+01
   1.3000000e+01   2.7252290e+01  -1.6318324e+02   7.6325698e+00   1.2000000e+01  -4.2000000e+01   4.7638609e+01
   1.3000000e+01   2.5984425e+01  -1.6331991e+02   9.3483596e+00   1.2000000e+01  -4.2000000e+01   5.2091596e+01
   1.3000000e+01   2.7795159e+01  -1.6323787e+02   1.3121402e+01   1.2000000e+01  -4.2000000e+01   5.3308959e+01
   1.3000000e+01   3.2019433e+01  -1.6333415e+02   1.7279131e+01   1.2000000e+01  -4.2000000e+01   5.2597185e+01
   1.3000000e+01   3.3013357e+01  -1.6250324e+02   1.9042511e+01   1.2000000e+01  -4.2000000e+01   5.1547549e+01
   1.3000000e+01   3.4038984e+01  -1.6132352e+02   2.1045953e+01   1.2000000e+01  -4.2000000e+01   5.0995305e+01
   1.3000000e+01   3.5523898e+01  -1.6057942e+02   2.2648307e+01   1.2000000e+01  -4.2000000e+01   4.8652409e+01
   1.3000000e+01   3.7694456e+01  -1.6045665e+02   2.5159783e+01   1.2000000e+01  -4.2000000e+01   4.7006775e+01
   1.3000000e+01   3.8661066e+01  -1.5908043e+02   2.6740317e+01   1.2000000e+01  -4.2000000e+01   4.5931746e+01
   1.3000000e+01   3.9382285e+01  -1.5789022e+02   2.7023288e+01   1.2000000e+01  -4.2000000e+01   4.5080228e+01
   1.3000000e+01   3.9132863e+01  -1.5587582e+02   2.6597467e+01   1.2000000e+01  -4.2000000e+01   4.3874059e+01
   1.3000000e+01   3.9029643e+01  -1.5413637e+02   2.6378452e+01   1.2000000e+01  -4.2000000e+01   4.1962488e+01
   1.3000000e+01   3.7218783e+01  -1.5179570e+02   2.5768636e+01   1.2000000e+01  -4.2000000e+01   4.0843842e+01
   1.3000000e+01   3.8949048e+01  -1.4912355e+02   2.5252267e+01   1.2000000e+01  -4.2000000e+01   3.9591638e+01
   1.3000000e+01   3.7624104e+01  -1.4647441e+02   2.5378681e+01   1.2000000e+01  -4.2000000e+01   3.7402476e+01
   1.3000000e+01   3.6504932e+01  -1.4421984e+02   2.5046830e+01   1.2000000e+01  -4.2000000e+01   3.5685805e+01
   1.3000000e+01   3.5588407e+01  -1.4220430e+02   2.4460100e+01   1.2000000e+01  -4.2000000e+01   3.3769103e+01
   1.3000000e+01   3.7677768e+01  -1.4145807e+02   2.4521519e+01   1.2000000e+01  -4.2000000e+01   3.1352492e+01
   1.3000000e+01   3.7893757e+01  -1.3939160e+02   2.6227164e+01   1.2000000e+01  -4.2000000e+01   2.8335405e+01
   1.3000000e+01   3.6720106e+01  -1.3762139e+02   2.8373063e+01   1.2000000e+01  -4.2000000e+01   2.4645425e+01
   1.3000000e+01   3.5433517e+01  -1.3621224e+02   2.9520559e+01   1.2000000e+01  -4.2000000e+01   2.1578022e+01
   1.3000000e+01   3.3656933e+01  -1.3513821e+02   3.0150586e+01   1.2000000e+01  -4.2000000e+01   1.7624463e+01
   1.3000000e+01   3.3448883e+01  -1.3443371e+02   3.1063659e+01   1.2000000e+01  -4.2000000e+01   1.4369511e+01
   1.3000000e+01   3.3895643e+01  -1.3285388e+02   3.2061031e+01   1.2000000e+01  -4.2000000e+01   1.0917340e+01
   1.3000000e+01   3.4397088e+01  -1.3127676e+02   3.2906719e+01   1.2000000e+01  -4.2000000e+01   7.4046437e+00
   1.3000000e+01   3.1567292e+01  -1.3009535e+02   3.3720924e+01   1.2000000e+01  -4.2000000e+01   4.8486963e+00
   1.3000000e+01   3.3353657e+01  -1.2879797e+02   3.5738004e+01   1.2000000e+01  -4.2000000e+01   2.1764058e-01
   1.3000000e+01   3.4096715e+01  -1.2674990e+02   3.7193169e+01   1.2000000e+01  -4.2000000e+01  -3.6588105e+00
   1.3000000e+01   3.4160850e+01  -1.2449156e+02   3.8672324e+01   1.2000000e+01  -4.2000000e+01  -8.7548147e+00
   1.3000000e+01   3.4814218e+01  -1.2281398e+02   4.0388114e+01   1.2000000e+01  -4.2000000e+01  -1.3939150e+01
   1.3000000e+01   3.5467021e+01  -1.2123705e+02   4.2913499e+01   1.2000000e+01  -4.2000000e+01  -1.8614317e+01
   1.3000000e+01   3.6587411e+01  -1.1861536e+02   4.3659622e+01   1.2000000e+01  -4.2000000e+01  -2.2215473e+01
   1.3000000e+01   3.6973557e+01  -1.1613030e+02   4.3731488e+01   1.2000000e+01  -4.2000000e+01  -2.3791374e+01
   1.3000000e+01   3.6629405e+01  -1.1620024e+02   4.4022591e+01   1.2000000e+01  -4.2000000e+01  -2.5843097e+01
   1.3000000e+01   3.7392122e+01  -1.1986180e+02   4.2878016e+01   1.2000000e+01  -4.2000000e+01  -2.8651987e+01
   1.3000000e+01   3.9029420e+01  -1.2531508e+02   3.9108465e+01   1.2000000e+01  -4.2000000e+01  -2.8967745e+01
   1.3000000e+01   3.7591219e+01  -1.2967185e+02   3.4769514e+01   1.2000000e+01  -4.2000000e+01  -2.9983786e+01
   1.3000000e+01   3.7424296e+01  -1.3356686e+02   3.2591154e+01   1.2000000e+01  -4.2000000e+01  -2.6902263e+01
   1.3000000e+01   3.7096980e+01  -1.3659699e+02   3.0442200e+01   1.2000000e+01  -4.2000000e+01  -1.8748913e+01
   1.3000000e+01   3.7479145e+01  -1.4163592e+02   2.7575021e+01   1.2000000e+01  -4.2000000e+01  -9.4161828e+00
   1.3000000e+01   3.9326460e+01  -1.4739843e+02   2.6497264e+01   1.2000000e+01  -4.2000000e+01  -6.9394627e-02
   1.3000000e+01   3.6380642e+01  -1.5137127e+02   2.2744427e+01   1.2000000e+01  -4.2000000e+01   1.0647899e+01
