   2.9306236e+01   4.0752847e+01  -1.7322497e+02   3.1182739e+01   5.9315849e+00  -5.2841339e+01   3.8714668e+01
   2.9212724e+01   3.6169544e+01  -1.5928112e+02   2.7355346e+01   1.9808408e+00  -4.6253341e+01   4.4169948e+01
   2.4423485e+01   3.7770706e+01  -1.5400000e+02   1.6386391e+01  -6.2859688e+00  -4.2000000e+01   4.9247497e+01
   2.4369407e+01   3.1963651e+01  -1.5400000e+02   7.6641705e+00  -1.0924672e+01  -4.2000000e+01   5.2922810e+01
   2.3199560e+01   2.6929956e+01  -1.5400000e+02   3.3220110e+00  -1.1405902e+01  -4.2000000e+01   5.5383228e+01
   2.2350780e+01   2.6957771e+01  -1.5400000e+02   4.9811440e+00  -9.8759796e+00  -4.2000000e+01   5.7024402e+01
   2.1153228e+01   2.8735122e+01  -1.5400000e+02   8.3186446e+00  -8.2885949e+00  -4.2000000e+01   5.6499651e+01
   2.0121545e+01   2.9948404e+01  -1.5400000e+02   1.0842111e+01  -6.5812433e+00  -4.2000000e+01   5.5304197e+01
   2.1292942e+01   3.1311571e+01  -1.5400000e+02   1.3003404e+01  -5.1435796e+00  -4.2000000e+01   5.3340423e+01
   2.1318166e+01   3.2356606e+01  -1.5400000e+02   1.5635562e+01  -5.1119508e+00  -4.2000000e+01   5.1524555e+01
   2.1211205e+01   3.5659130e+01  -1.5400000e+02   1.9607544e+01  -2.7974517e+00  -4.2000000e+01   4.8561936e+01
   1.9827843e+01   4.1282141e+01  -1.5400000e+02   2.3753561e+01   1.5227896e+00  -4.2000000e+01   4.7611201e+01
   1.9980631e+01   4.3007329e+01  -1.5400000e+02   2.6721958e+01   5.7115039e+00  -4.2000000e+01   4.8568588e+01
   2.1259062e+01   4.3751251e+01  -1.5400000e+02   2.8824529e+01   7.5839042e+00  -4.2000000e+01   4.6859977e+01
   2.1822265e+01   4.4814360e+01  -1.5400000e+02   3.0917876e+01   9.1047613e+00  -4.2000000e+01   4.4417118e+01
   2.3911844e+01   4.4707772e+01  -1.5400000e+02   3.3012297e+01   9.0914992e+00  -4.2000000e+01   4.2062906e+01
   2.6114959e+01   4.5182735e+01  -1.5400000e+02   3.5507094e+01   8.8854744e+00  -4.2000000e+01   4.0859920e+01
   2.7928297e+01   4.9811108e+01  -1.5400000e+02   3.9365586e+01   1.0480660e+01  -4.2000000e+01   3.9528768e+01
   2.9988914e+01   5.5272123e+01  -1.5400000e+02   4.3798638e+01   1.2304435e+01  -4.2000000e+01   3.7558445e+01
   3.0676711e+01   5.5581570e+01  -1.5400000e+02   4.7363225e+01   1.2747377e+01  -4.2000000e+01   3.4052692e+01
   2.9723967e+01   5.2643121e+01  -1.5400000e+02   4.7742701e+01   1.4986619e+01  -4.2000000e+01   3.1830985e+01
   2.9357866e+01   5.2871155e+01  -1.5400000e+02   5.0362907e+01   1.6867262e+01  -4.2000000e+01   2.7815574e+01
   3.0935129e+01   5.4891659e+01  -1.5400000e+02   5.3709606e+01   1.7190060e+01  -4.2000000e+01   2.4558093e+01
   3.3482589e+01   5.2702657e+01  -1.5400000e+02   5.4339724e+01   1.4680588e+01  -4.2000000e+01   2.1548472e+01
   3.4536357e+01   5.2965726e+01  -1.5400000e+02   5.6976990e+01   1.5121586e+01  -4.2000000e+01   1.8537654e+01
   3.6730257e+01   5.4103978e+01  -1.5400000e+02   5.9657069e+01   1.4860827e+01  -4.2000000e+01   1.5845665e+01
   3.8171598e+01   5.4447464e+01  -1.5400000e+02   6.2459643e+01   1.4587971e+01  -4.2000000e+01   1.1170784e+01
   3.8535770e+01   5.7268289e+01  -1.5400000e+02   6.6525632e+01   1.7157396e+01  -4.2000000e+01   8.2098088e+00
   4.0248375e+01   5.6359729e+01  -1.5400000e+02   6.8500432e+01   1.6479127e+01  -4.2000000e+01   4.7217256e+00
   4.1309254e+01   5.6812194e+01  -1.5400000e+02   7.1304571e+01   1.6141856e+01  -4.2000000e+01   1.7524822e-01
   4.1809702e+01   5.6131639e+01  -1.5400000e+02   7.3414854e+01   1.7764968e+01  -4.2000000e+01  -2.9683980e+00
   4.2038592e+01   5.6842606e+01  -1.5400000e+02   7.6554110e+01   2.0576703e+01  -4.2000000e+01  -8.0132362e+00
   4.2844854e+01   5.7966880e+01  -1.5400000e+02   7.9399917e+01   2.2241096e+01  -4.2000000e+01  -1.2972009e+01
   4.2356376e+01   6.1094500e+01  -1.5400000e+02   7.9501647e+01   2.4698349e+01  -4.2000000e+01  -1.5069661e+01
   4.0615529e+01   5.9411600e+01  -1.5400000e+02   7.0393406e+01   2.2339393e+01  -4.2000000e+01  -1.7043995e+01
   3.9341679e+01   5.6813808e+01  -1.5400000e+02   6.1633933e+01   1.8204215e+01  -4.2000000e+01  -2.0379323e+01
   3.8908599e+01   5.3426450e+01  -1.5400000e+02   5.3602928e+01   1.5233093e+01  -4.2000000e+01  -1.7493626e+01
   3.5857229e+01   5.2170078e+01  -1.5400000e+02   4.5310264e+01   1.5149189e+01  -4.2000000e+01  -8.0255423e+00
   3.3757585e+01   4.7783536e+01  -1.5400000e+02   3.5940023e+01   1.1362739e+01  -4.2000000e+01   2.0171619e+00
   3.1105656e+01   4.4156248e+01  -1.5400000e+02   2.6126085e+01   4.3551480e+00  -4.2000000e+01   9.8439759e+00
   3.0880993e+01   3.8190592e+01  -1.5400000e+02   1.6766817e+01  -1.3889715e+00  -4.2000000e+01   1.8060024e+01
   2.8388149e+01   3.5253344e+01  -1.5400000e+02   1.0784718e+01  -5.1424540e+00  -4.2000000e+01   2.5042591e+01
   2.7895641e+01   3.3205846e+01  -1.5400000e+02   7.8402797e+00  -8.3725474e+00  -4.2000000e+01   3.2873376e+01
   3.0352561e+01   2.8489160e+01  -1.5400000e+02   2.9687759e+00  -9.9201810e+00  -4.2000000e+01   4.1050316e+01
   2.6768116e+01   2.5546477e+01  -1.5400000e+02   4.9739526e-01  -1.1793818e+01  -4.2000000e+01   4.6962124e+01
   2.3992961e+01   2.2576209e+01  -1.5400000e+02  -8.2927940e-01  -1.1220592e+01  -4.2000000e+01   5.2349733e+01
   2.1474891e+01   2.2462890e+01  -1.5400000e+02   1.4898629e-01  -1.1533519e+01  -4.2000000e+01   5.6855069e+01
   2.0791395e+01   2.3801503e+01  -1.5400000e+02   3.5702867e+00  -1.0520250e+01  -4.2000000e+01   5.6213583e+01
   2.0819544e+01   2.6883756e+01  -1.5400000e+02   7.4371099e+00  -9.1465053e+00  -4.2000000e+01   5.4591760e+01
   1.9967368e+01   2.9643596e+01  -1.5400000e+02   1.0923743e+01  -7.0612459e+00  -4.2000000e+01   5.3267164e+01
   2.0493658e+01   3.1006840e+01  -1.5400000e+02   1.3282761e+01  -5.6996075e+00  -4.2000000e+01   5.2127632e+01
   1.9872959e+01   3.3095482e+01  -1.5400000e+02   1.5921696e+01  -3.1420387e+00  -4.2000000e+01   5.1625624e+01
   1.9939223e+01   3.8491728e+01  -1.5400000e+02   2.0491439e+01  -7.6744089e-01  -4.2000000e+01   5.0415500e+01
   1.9413704e+01   4.0761093e+01  -1.5400000e+02   2.3454381e+01   3.0181528e+00  -4.2000000e+01   4.9043639e+01
   1.9324861e+01   4.0974843e+01  -1.5400000e+02   2.5108536e+01   6.3882363e+00  -4.2000000e+01   4.7894197e+01
   1.9568229e+01   4.1236882e+01  -1.5400000e+02   2.6948079e+01   8.9001451e+00  -4.2000000e+01   4.6098711e+01
   2.0886515e+01   4.2768570e+01  -1.5400000e+02   2.9326019e+01   1.1075698e+01  -4.2000000e+01   4.4974400e+01
   2.3339459e+01   4.4844222e+01  -1.5400000e+02   3.2180238e+01   1.0666229e+01  -4.2000000e+01   4.1911427e+01
   2.5803818e+01   5.0274279e+01  -1.5400000e+02   3.6621693e+01   1.1219313e+01  -4.2000000e+01   3.9863364e+01
   2.8299396e+01   5.1877552e+01  -1.5400000e+02   4.1413173e+01   1.1460474e+01  -4.2000000e+01   3.7353405e+01
   3.0658914e+01   4.9024522e+01  -1.5400000e+02   4.2844096e+01   9.7119430e+00  -4.2000000e+01   3.3894123e+01
   3.1296614e+01   4.9124879e+01  -1.5400000e+02   4.4327549e+01   1.0904603e+01  -4.2000000e+01   3.1584496e+01
   3.2136653e+01   5.0548511e+01  -1.5400000e+02   4.7858014e+01   1.1679092e+01  -4.2000000e+01   2.8162785e+01
   3.2659101e+01   5.2945157e+01  -1.5400000e+02   5.1611350e+01   1.3764174e+01  -4.2000000e+01   2.4655758e+01
   3.3286893e+01   5.0601071e+01  -1.5400000e+02   5.2271404e+01   1.5117003e+01  -4.2000000e+01   2.2588970e+01
   3.5197146e+01   5.2309214e+01  -1.5400000e+02   5.5576606e+01   1.4255729e+01  -4.2000000e+01   1.9330216e+01
   3.7012598e+01   5.4353943e+01  -1.5400000e+02   5.9586641e+01   1.4632029e+01  -4.2000000e+01   1.5133425e+01
   3.8362439e+01   5.7217403e+01  -1.5400000e+02   6.3797006e+01   1.6964415e+01  -4.2000000e+01   1.2559075e+01
   3.9770177e+01   5.7979345e+01  -1.5400000e+02   6.6738750e+01   1.7960445e+01  -4.2000000e+01   1.0250280e+01
   4.0184554e+01   5.6334163e+01  -1.5400000e+02   6.8289920e+01   1.8506732e+01  -4.2000000e+01   5.0963823e+00
   3.9682969e+01   6.0956487e+01  -1.5400000e+02   7.2932409e+01   2.2821268e+01  -4.2000000e+01   2.1339245e+00
   4.0502493e+01   6.2359274e+01  -1.5400000e+02   7.6363885e+01   2.4718836e+01  -4.2000000e+01  -1.9585370e+00
   4.1270985e+01   6.5557481e+01  -1.5400000e+02   8.0713631e+01   2.6236874e+01  -4.2000000e+01  -7.8675284e+00
   4.1338337e+01   6.3744774e+01  -1.5400000e+02   7.7242915e+01   2.4549792e+01  -4.2000000e+01  -1.0372910e+01
   4.0592919e+01   6.3704812e+01  -1.5400000e+02   6.8778149e+01   2.1499044e+01  -4.2000000e+01  -1.5118400e+01
   4.0802497e+01   5.7558920e+01  -1.5400000e+02   5.8819046e+01   1.5638943e+01  -4.2000000e+01  -1.7433644e+01
   3.7808107e+01   5.6959175e+01  -1.5400000e+02   5.1794939e+01   1.2823470e+01  -4.2000000e+01  -1.3543112e+01
   3.4561306e+01   5.3803783e+01  -1.5400000e+02   4.4377925e+01   1.1438228e+01  -4.2000000e+01  -7.0281856e+00
   3.0029990e+01   5.1577372e+01  -1.5400000e+02   3.8464233e+01   9.4814778e+00  -4.2000000e+01   1.1558396e+00
   2.6903124e+01   5.1434901e+01  -1.5400000e+02   3.3731008e+01   6.6753301e+00  -4.2000000e+01   8.1061248e+00
   2.6334207e+01   4.6087554e+01  -1.5400000e+02   2.7923837e+01   9.3157005e-01  -4.2000000e+01   1.3154303e+01
   2.5185263e+01   4.0808897e+01  -1.5400000e+02   2.1015455e+01  -1.8323855e+00  -4.2000000e+01   2.2124066e+01
   2.3892817e+01   3.8898258e+01  -1.5400000e+02   1.6082898e+01  -4.1641679e+00  -4.2000000e+01   3.0254190e+01
   2.5482574e+01   3.5513941e+01  -1.5400000e+02   1.1418163e+01  -5.3885626e+00  -4.2000000e+01   3.8288595e+01
   2.6236970e+01   3.3767351e+01  -1.5400000e+02   9.6536852e+00  -6.4618623e+00  -4.2000000e+01   4.4603443e+01
   2.5111416e+01   3.3173386e+01  -1.5400000e+02   1.0917404e+01  -6.0037573e+00  -4.2000000e+01   5.0449276e+01
   2.3470413e+01   3.2551425e+01  -1.5400000e+02   1.3615354e+01  -5.4755939e+00  -4.2000000e+01   5.0612775e+01
   2.1767516e+01   3.7787489e+01  -1.5400000e+02   1.8944297e+01  -1.4303250e+00  -4.2000000e+01   5.1601000e+01
   2.0804703e+01   4.2213069e+01  -1.5400000e+02   2.4469232e+01   2.3803015e+00  -4.2000000e+01   4.9644893e+01
   1.9714991e+01   4.4145311e+01  -1.5400000e+02   2.8088437e+01   5.7666509e+00  -4.2000000e+01   4.8479538e+01
   2.0209279e+01   4.5143960e+01  -1.5400000e+02   3.0350207e+01   7.2930357e+00  -4.2000000e+01   4.6539925e+01
   2.0118732e+01   4.5413311e+01  -1.5400000e+02   3.1447048e+01   9.2525132e+00  -4.2000000e+01   4.5763431e+01
   2.0544210e+01   4.6404592e+01  -1.5400000e+02   3.3194893e+01   1.1836999e+01  -4.2000000e+01   4.4853147e+01
   2.2415268e+01   4.8870658e+01  -1.5400000e+02   3.5948762e+01   1.3058953e+01  -4.2000000e+01   4.3088618e+01
   2.3499346e+01   5.0314138e+01  -1.5400000e+02   3.7770423e+01   1.4132891e+01  -4.2000000e+01   4.1950668e+01
   2.5102186e+01   4.9302964e+01  -1.5400000e+02   3.9255019e+01   1.3977183e+01  -4.2000000e+01   4.0935235e+01
   2.6222562e+01   4.7576189e+01  -1.5400000e+02   3.8732411e+01   1.3903499e+01  -4.2000000e+01   3.9422231e+01
   2.8154642e+01   4.5534690e+01  -1.5400000e+02   3.8172677e+01   1.2757713e+01  -4.2000000e+01   3.7072738e+01
   3.0006613e+01   4.6107767e+01  -1.5400000e+02   4.0186547e+01   1.1359534e+01  -4.2000000e+01   3.5152193e+01
   3.2722920e+01   4.4877655e+01  -1.5400000e+02   4.1268815e+01   7.9176687e+00  -4.2000000e+01   3.2857003e+01
   3.2866971e+01   5.0365739e+01  -1.5400000e+02   4.6312410e+01   1.1480831e+01  -4.2000000e+01   3.0745213e+01
   3.1981760e+01   5.5154053e+01  -1.5400000e+02   5.0684128e+01   1.5307015e+01  -4.2000000e+01   2.7994768e+01
   3.3827098e+01   5.6004810e+01  -1.5400000e+02   5.3086792e+01   1.6987006e+01  -4.2000000e+01   2.7761040e+01
   3.7144859e+01   5.2767686e+01  -1.5400000e+02   5.3505102e+01   1.3581643e+01  -4.2000000e+01   2.5815795e+01
   3.7273110e+01   4.9995024e+01  -1.5400000e+02   5.3043480e+01   1.2723560e+01  -4.2000000e+01   2.4139369e+01
   3.7233916e+01   4.9400289e+01  -1.5400000e+02   5.4468147e+01   1.3310534e+01  -4.2000000e+01   2.1377676e+01
   3.8380161e+01   5.0567692e+01  -1.5400000e+02   5.6569181e+01   1.3251145e+01  -4.2000000e+01   1.8014624e+01
   3.9449475e+01   5.3308790e+01  -1.5400000e+02   6.0422764e+01   1.4622874e+01  -4.2000000e+01   1.4798187e+01
   4.0388758e+01   5.5856138e+01  -1.5400000e+02   6.4029098e+01   1.5715880e+01  -4.2000000e+01   1.0959846e+01
   4.1710305e+01   5.6583349e+01  -1.5400000e+02   6.5962354e+01   1.5595234e+01  -4.2000000e+01   7.9892813e+00
   4.1928807e+01   5.8045941e+01  -1.5400000e+02   6.8283863e+01   1.7240296e+01  -4.2000000e+01   5.4806202e+00
   4.1522304e+01   5.7042951e+01  -1.5400000e+02   7.0307995e+01   1.9216463e+01  -4.2000000e+01   1.8283755e+00
   4.1749239e+01   5.9878784e+01  -1.5400000e+02   7.4019630e+01   2.1980485e+01  -4.2000000e+01  -7.5115734e-01
   4.1759693e+01   6.2122432e+01  -1.5400000e+02   7.7355315e+01   2.4861287e+01  -4.2000000e+01  -3.4008579e+00
   4.2069290e+01   6.2060916e+01  -1.5400000e+02   7.8219099e+01   2.5206555e+01  -4.2000000e+01  -4.9702683e+00
   4.1837338e+01   6.2413672e+01  -1.5400000e+02   7.6978669e+01   2.4871712e+01  -4.2000000e+01  -5.3796112e+00
   4.0261411e+01   6.0485015e+01  -1.5400000e+02   6.8615042e+01   2.2568772e+01  -4.2000000e+01  -7.2396378e+00
   3.9636799e+01   5.4920986e+01  -1.5400000e+02   5.8214369e+01   1.8173634e+01  -4.2000000e+01  -9.2274700e+00
   3.6379174e+01   5.4351997e+01  -1.5400000e+02   4.9130117e+01   1.6009877e+01  -4.2000000e+01  -4.7554160e+00
   3.4400314e+01   4.8708612e+01  -1.5400000e+02   3.9866816e+01   1.3729939e+01  -4.2000000e+01   2.0333559e+00
   3.0960479e+01   4.5416393e+01  -1.5400000e+02   3.1938839e+01   1.0172349e+01  -4.2000000e+01   8.5321755e+00
   2.8975022e+01   4.2528835e+01  -1.5400000e+02   2.5361447e+01   5.0734365e+00  -4.2000000e+01   1.3507779e+01
   2.6280010e+01   3.7027100e+01  -1.5400000e+02   1.8051890e+01   1.4244315e+00  -4.2000000e+01   2.0218042e+01
   2.3743743e+01   3.4880327e+01  -1.5400000e+02   1.4318845e+01  -1.6712622e+00  -4.2000000e+01   2.6672479e+01
   2.1504575e+01   3.4119311e+01  -1.5400000e+02   1.3048401e+01  -4.2866924e+00  -4.2000000e+01   3.2359770e+01
   2.3527958e+01   2.9972415e+01  -1.5400000e+02   7.4766165e+00  -7.2550444e+00  -4.2000000e+01   3.8860382e+01
   2.6678350e+01   2.6287312e+01  -1.5400000e+02   3.0527253e+00  -8.7751907e+00  -4.2000000e+01   4.6645271e+01
   2.7417236e+01   2.3469127e+01  -1.5400000e+02  -9.4233399e-01  -8.6140449e+00  -4.2000000e+01   5.2546687e+01
   2.4870144e+01   2.2387147e+01  -1.5400000e+02   2.5309720e-01  -7.0614438e+00  -4.2000000e+01   5.7009319e+01
   2.2266655e+01   2.1379571e+01  -1.5400000e+02   3.0091636e+00  -5.2135001e+00  -4.2000000e+01   5.9189874e+01
   2.2003416e+01   2.3950627e+01  -1.5400000e+02   6.2704807e+00  -4.1717889e+00  -4.2000000e+01   5.7177263e+01
   2.1321847e+01   2.6567165e+01  -1.5400000e+02   9.6028597e+00  -1.9776208e+00  -4.2000000e+01   5.6251734e+01
   1.9789565e+01   2.8844218e+01  -1.5400000e+02   1.3516203e+01   6.2255712e-01  -4.2000000e+01   5.3552361e+01
   1.8613212e+01   3.2813555e+01  -1.5400000e+02   1.6934505e+01   3.8955046e+00  -4.2000000e+01   5.1395228e+01
   1.8584599e+01   3.6373510e+01  -1.5400000e+02   2.1264141e+01   6.1134475e+00  -4.2000000e+01   4.9089754e+01
   2.0659748e+01   3.7815755e+01  -1.5400000e+02   2.2802249e+01   7.7079887e+00  -4.2000000e+01   4.9453795e+01
   2.1032930e+01   3.9991219e+01  -1.5400000e+02   2.5211271e+01   1.0114125e+01  -4.2000000e+01   4.7929322e+01
   2.2754868e+01   4.1333695e+01  -1.5400000e+02   2.8057437e+01   1.1540740e+01  -4.2000000e+01   4.6008395e+01
   2.5473698e+01   4.2105493e+01  -1.5400000e+02   2.9705983e+01   1.1997416e+01  -4.2000000e+01   4.5498923e+01
   2.7725426e+01   4.6941029e+01  -1.5400000e+02   3.4563058e+01   1.2360055e+01  -4.2000000e+01   4.2274218e+01
   2.9048873e+01   5.1374189e+01  -1.5400000e+02   3.8310433e+01   1.4962780e+01  -4.2000000e+01   4.1375512e+01
   3.2046809e+01   5.4664250e+01  -1.5400000e+02   4.3237380e+01   1.3956932e+01  -4.2000000e+01   3.8544363e+01
   3.1506230e+01   5.3188088e+01  -1.5400000e+02   4.5572727e+01   1.4785690e+01  -4.2000000e+01   3.5529838e+01
   3.0656092e+01   5.4315259e+01  -1.5400000e+02   4.7965845e+01   1.7222032e+01  -4.2000000e+01   3.3477581e+01
   3.1138442e+01   5.6532661e+01  -1.5400000e+02   5.1950113e+01   1.9543081e+01  -4.2000000e+01   3.1560077e+01
   3.3107032e+01   5.5274038e+01  -1.5400000e+02   5.3717778e+01   1.8608014e+01  -4.2000000e+01   2.8107129e+01
   3.5264243e+01   5.2567938e+01  -1.5400000e+02   5.4095725e+01   1.5848868e+01  -4.2000000e+01   2.5563899e+01
   3.7536452e+01   4.8571353e+01  -1.5400000e+02   5.4056634e+01   1.2340434e+01  -4.2000000e+01   2.1586050e+01
   3.7978588e+01   5.2757233e+01  -1.5400000e+02   5.7520099e+01   1.5102918e+01  -4.2000000e+01   1.8968128e+01
   3.9542194e+01   5.4578540e+01  -1.5400000e+02   6.0695821e+01   1.5679688e+01  -4.2000000e+01   1.6329954e+01
   4.0584099e+01   5.4599713e+01  -1.5400000e+02   6.3393002e+01   1.6003772e+01  -4.2000000e+01   1.2506099e+01
   4.1308313e+01   5.5442092e+01  -1.5400000e+02   6.5743038e+01   1.6182992e+01  -4.2000000e+01   9.5058810e+00
   4.1764351e+01   5.7698738e+01  -1.5400000e+02   6.9323722e+01   1.7399429e+01  -4.2000000e+01   5.7147014e+00
   4.1544724e+01   6.0989452e+01  -1.5400000e+02   7.3540515e+01   2.0649348e+01  -4.2000000e+01   1.7879896e+00
   4.1877869e+01   6.0774890e+01  -1.5400000e+02   7.5609985e+01   2.1568446e+01  -4.2000000e+01  -2.7414122e+00
   4.1639314e+01   6.2865878e+01  -1.5400000e+02   7.8177405e+01   2.4518078e+01  -4.2000000e+01  -4.2780319e+00
   4.2530017e+01   6.4496475e+01  -1.5400000e+02   8.0538014e+01   2.5376817e+01  -4.2000000e+01  -7.3630862e+00
   4.3174025e+01   6.3143620e+01  -1.5400000e+02   8.0537423e+01   2.4936932e+01  -4.2000000e+01  -1.2438040e+01
   4.3603770e+01   6.1933335e+01  -1.5400000e+02   7.9355880e+01   2.4853895e+01  -4.2000000e+01  -1.5789433e+01
   4.3246950e+01   6.1366610e+01  -1.5400000e+02   7.3773144e+01   2.3236688e+01  -4.2000000e+01  -1.9037640e+01
   4.2430497e+01   5.7375667e+01  -1.5400000e+02   6.3757819e+01   1.9446897e+01  -4.2000000e+01  -1.8791148e+01
   4.0665490e+01   5.4117074e+01  -1.5400000e+02   5.4414084e+01   1.5864984e+01  -4.2000000e+01  -1.1397847e+01
   3.7049034e+01   4.9631548e+01  -1.5400000e+02   4.5287775e+01   1.5999358e+01  -4.2000000e+01  -1.3832157e+00
   3.4419989e+01   4.6949861e+01  -1.5400000e+02   3.8649610e+01   1.3683953e+01  -4.2000000e+01   5.5367560e+00
   3.0226804e+01   4.6501851e+01  -1.5400000e+02   3.3486583e+01   1.0802531e+01  -4.2000000e+01   1.1909664e+01
   2.8243232e+01   4.3237702e+01  -1.5400000e+02   2.8021154e+01   6.4910665e+00  -4.2000000e+01   1.9360085e+01
   2.6197117e+01   3.8658214e+01  -1.5400000e+02   2.0995921e+01   2.4435367e+00  -4.2000000e+01   2.7937377e+01
   2.3762172e+01   3.5779210e+01  -1.5400000e+02   1.5943291e+01  -5.4811283e-01  -4.2000000e+01   3.3589474e+01
   2.3275359e+01   3.3145406e+01  -1.5400000e+02   1.3396806e+01  -3.7485304e+00  -4.2000000e+01   4.0203141e+01
   2.2638887e+01   3.4089781e+01  -1.5400000e+02   1.4528126e+01  -5.3778781e+00  -4.2000000e+01   4.4739177e+01
   2.2248037e+01   3.5842063e+01  -1.5400000e+02   1.6384329e+01  -5.6477300e+00  -4.2000000e+01   4.8017245e+01
   2.2112183e+01   3.8368973e+01  -1.5400000e+02   1.9088002e+01  -5.0861958e+00  -4.2000000e+01   5.1071926e+01
   2.2057039e+01   3.9848348e+01  -1.5400000e+02   2.1762552e+01  -4.8718218e+00  -4.2000000e+01   5.3238510e+01
   2.2077248e+01   4.0404303e+01  -1.5400000e+02   2.2363655e+01  -3.2238056e+00  -4.2000000e+01   5.4343937e+01
   2.1441386e+01   4.0582465e+01  -1.5400000e+02   2.3937008e+01  -1.1899695e+00  -4.2000000e+01   5.3980868e+01
   2.0534360e+01   4.1732326e+01  -1.5400000e+02   2.4823991e+01   7.4615494e-01  -4.2000000e+01   5.2214568e+01
   1.9655081e+01   4.2795616e+01  -1.5400000e+02   2.5599659e+01   2.8073870e+00  -4.2000000e+01   5.1238972e+01
   2.0685963e+01   4.4293877e+01  -1.5400000e+02   2.6726292e+01   5.4697020e+00  -4.2000000e+01   5.2252222e+01
   2.0104249e+01   4.5344562e+01  -1.5400000e+02   2.8921134e+01   7.0533497e+00  -4.2000000e+01   4.9822694e+01
   1.9035424e+01   4.5068564e+01  -1.5400000e+02   2.9767937e+01   9.9970262e+00  -4.2000000e+01   4.9571312e+01
   1.9375843e+01   4.4384608e+01  -1.5400000e+02   2.9451959e+01   1.1954737e+01  -4.2000000e+01   4.9091969e+01
   2.1635325e+01   4.1774436e+01  -1.5400000e+02   2.9557796e+01   1.0688247e+01  -4.2000000e+01   4.7583033e+01
   2.2498480e+01   4.6049935e+01  -1.5400000e+02   3.2622706e+01   1.1960075e+01  -4.2000000e+01   4.6197240e+01
   2.4914636e+01   4.9485993e+01  -1.5400000e+02   3.6562411e+01   1.2617027e+01  -4.2000000e+01   4.4955982e+01
   2.6287925e+01   5.4930572e+01  -1.5400000e+02   4.0829408e+01   1.3612542e+01  -4.2000000e+01   4.3137536e+01
   2.9458349e+01   5.7117703e+01  -1.5400000e+02   4.5245233e+01   1.2159791e+01  -4.2000000e+01   3.9979914e+01
   3.1258616e+01   5.7102269e+01  -1.5400000e+02   4.6884756e+01   1.2378923e+01  -4.2000000e+01   3.9069043e+01
   3.2559952e+01   5.2280591e+01  -1.5400000e+02   4.5850890e+01   1.0160699e+01  -4.2000000e+01   3.6481873e+01
   3.2298523e+01   4.9708194e+01  -1.5400000e+02   4.4785641e+01   1.0524702e+01  -4.2000000e+01   3.4653416e+01
   3.3192710e+01   5.0352057e+01  -1.5400000e+02   4.5477354e+01   1.0575835e+01  -4.2000000e+01   3.3696884e+01
   3.2978021e+01   5.0861574e+01  -1.5400000e+02   4.6402110e+01   1.2520305e+01  -4.2000000e+01   3.3067589e+01
   3.3568033e+01   5.0744507e+01  -1.5400000e+02   4.7377937e+01   1.2351415e+01  -4.2000000e+01   3.0725924e+01
   3.4250960e+01   5.0559163e+01  -1.5400000e+02   4.8769362e+01   1.1399709e+01  -4.2000000e+01   2.8121417e+01
   3.5001696e+01   5.1046953e+01  -1.5400000e+02   5.0466889e+01   1.0848650e+01  -4.2000000e+01   2.6097241e+01
   3.5581298e+01   5.0465861e+01  -1.5400000e+02   5.0614955e+01   1.0568498e+01  -4.2000000e+01   2.5184594e+01
   3.5727835e+01   5.0325635e+01  -1.5400000e+02   5.1307699e+01   1.1027508e+01  -4.2000000e+01   2.4097217e+01
   3.6490835e+01   4.9187063e+01  -1.5400000e+02   5.1274512e+01   9.8881974e+00  -4.2000000e+01   2.2503330e+01
   3.6164362e+01   4.8959437e+01  -1.5400000e+02   5.1869537e+01   1.0389981e+01  -4.2000000e+01   2.1133680e+01
   3.6676645e+01   4.9169382e+01  -1.5400000e+02   5.2700508e+01   1.0693973e+01  -4.2000000e+01   1.9679220e+01
   3.6452932e+01   5.1188438e+01  -1.5400000e+02   5.5213345e+01   1.1670135e+01  -4.2000000e+01   1.6521622e+01
   3.7540548e+01   5.1027848e+01  -1.5400000e+02   5.5940609e+01   1.0558327e+01  -4.2000000e+01   1.5381316e+01
   3.6716133e+01   5.1951247e+01  -1.5400000e+02   5.6814539e+01   1.2086033e+01  -4.2000000e+01   1.3487750e+01
   3.6744138e+01   5.4282100e+01  -1.5400000e+02   5.9315064e+01   1.4091515e+01  -4.2000000e+01   1.2684616e+01
   3.6861896e+01   5.4347499e+01  -1.5400000e+02   6.0719307e+01   1.4589706e+01  -4.2000000e+01   1.0249251e+01
   3.7599759e+01   5.6308338e+01  -1.5400000e+02   6.3229387e+01   1.5378368e+01  -4.2000000e+01   7.5677960e+00
   3.7329437e+01   5.9030913e+01  -1.5400000e+02   6.5889765e+01   1.7484883e+01  -4.2000000e+01   5.8732982e+00
   3.7906269e+01   5.8326203e+01  -1.5400000e+02   6.6693775e+01   1.7386880e+01  -4.2000000e+01   3.9744993e+00
   3.8528933e+01   5.7925014e+01  -1.5400000e+02   6.6128115e+01   1.6465633e+01  -4.2000000e+01   2.8717942e+00
   3.7907978e+01   5.4853750e+01  -1.5400000e+02   6.2058730e+01   1.4224226e+01  -4.2000000e+01   8.5508797e-01
   3.6199826e+01   5.3520938e+01  -1.5400000e+02   5.3875982e+01   1.3414738e+01  -4.2000000e+01   2.4362674e+00
   3.4114552e+01   5.1150652e+01  -1.5400000e+02   4.4249479e+01   1.1537282e+01  -4.2000000e+01   7.3403512e+00
   3.0839423e+01   4.8344723e+01  -1.5400000e+02   3.5689255e+01   1.1556670e+01  -4.2000000e+01   1.5088474e+01
   2.8789796e+01   4.5755561e+01  -1.5400000e+02   2.8670363e+01   1.0504636e+01  -4.2000000e+01   2.2291008e+01
   2.9140856e+01   4.1330804e+01  -1.5400000e+02   2.1544174e+01   6.2810573e+00  -4.2000000e+01   2.7450970e+01
   2.7155704e+01   3.7591896e+01  -1.5400000e+02   1.6376474e+01   4.7984007e+00  -4.2000000e+01   3.2986456e+01
   2.4642801e+01   3.6532477e+01  -1.5400000e+02   1.3844348e+01   2.5148982e+00  -4.2000000e+01   3.6110101e+01
   2.3410364e+01   3.3556418e+01  -1.5400000e+02   9.9873974e+00  -1.3094131e+00  -4.2000000e+01   3.9891237e+01
   2.3776982e+01   3.1273614e+01  -1.5400000e+02   6.6783080e+00  -4.7064130e+00  -4.2000000e+01   4.2778109e+01
   2.4697992e+01   3.1629879e+01  -1.5400000e+02   7.9409186e+00  -6.6998057e+00  -4.2000000e+01   4.8133496e+01
   2.2770800e+01   2.9953760e+01  -1.5400000e+02   9.4974292e+00  -6.4902789e+00  -4.2000000e+01   5.2401525e+01
   2.0093898e+01   3.0330598e+01  -1.5400000e+02   1.2198681e+01  -4.1379541e+00  -4.2000000e+01   5.3382185e+01
   1.9121013e+01   3.4283625e+01  -1.5400000e+02   1.5983767e+01  -2.5832544e+00  -4.2000000e+01   5.2667343e+01
   1.9741002e+01   3.5401654e+01  -1.5400000e+02   1.8064605e+01  -1.9117273e+00  -4.2000000e+01   5.1656549e+01
   2.0121118e+01   3.7071342e+01  -1.5400000e+02   2.1029325e+01  -2.9126203e-01  -4.2000000e+01   5.1160018e+01
   1.9049542e+01   3.8099236e+01  -1.5400000e+02   2.2489550e+01   1.7114578e+00  -4.2000000e+01   4.8891225e+01
   1.7966986e+01   4.0086625e+01  -1.5400000e+02   2.4874179e+01   3.8235440e+00  -4.2000000e+01   4.7189425e+01
   1.7885881e+01   4.1569701e+01  -1.5400000e+02   2.7389803e+01   6.3958819e+00  -4.2000000e+01   4.6160051e+01
   1.7945164e+01   4.2955848e+01  -1.5400000e+02   2.8782923e+01   8.3849498e+00  -4.2000000e+01   4.5335300e+01
   1.8823021e+01   4.3436280e+01  -1.5400000e+02   2.9862282e+01   9.3385701e+00  -4.2000000e+01   4.4218556e+01
   1.9853979e+01   4.4736705e+01  -1.5400000e+02   3.1672557e+01   1.0229024e+01  -4.2000000e+01   4.2535505e+01
   2.1956417e+01   4.3796085e+01  -1.5400000e+02   3.2861829e+01   1.0180866e+01  -4.2000000e+01   4.1652878e+01
   2.3796153e+01   4.8387344e+01  -1.5400000e+02   3.6189636e+01   1.2515484e+01  -4.2000000e+01   4.0819212e+01
   2.6505687e+01   4.9095100e+01  -1.5400000e+02   3.9563557e+01   1.2059709e+01  -4.2000000e+01   3.8657890e+01
   2.9915828e+01   4.8134114e+01  -1.5400000e+02   4.0733164e+01   9.3905294e+00  -4.2000000e+01   3.7142186e+01
   2.9401701e+01   4.8828882e+01  -1.5400000e+02   4.2460290e+01   1.2376688e+01  -4.2000000e+01   3.5399810e+01
   2.9115530e+01   5.4440783e+01  -1.5400000e+02   4.6015432e+01   1.5232866e+01  -4.2000000e+01   3.3327165e+01
   3.0226105e+01   5.6187750e+01  -1.5400000e+02   5.0706486e+01   1.6153672e+01  -4.2000000e+01   2.9979728e+01
   3.1805873e+01   5.3988839e+01  -1.5400000e+02   5.2903735e+01   1.4416863e+01  -4.2000000e+01   2.6167747e+01
   3.2763350e+01   5.2711174e+01  -1.5400000e+02   5.4572272e+01   1.3834904e+01  -4.2000000e+01   2.3016216e+01
   3.3667807e+01   5.0646496e+01  -1.5400000e+02   5.5136822e+01   1.2831753e+01  -4.2000000e+01   1.9316246e+01
   3.3817229e+01   5.2220771e+01  -1.5400000e+02   5.7922332e+01   1.4169040e+01  -4.2000000e+01   1.6003269e+01
   3.4775846e+01   5.4106099e+01  -1.5400000e+02   6.1049852e+01   1.4949412e+01  -4.2000000e+01   1.2563088e+01
   3.5621371e+01   5.7157569e+01  -1.5400000e+02   6.4640609e+01   1.6423806e+01  -4.2000000e+01   9.2335861e+00
   3.7032921e+01   5.3457260e+01  -1.5400000e+02   6.4844200e+01   1.4806107e+01  -4.2000000e+01   6.9741190e+00
   3.7086025e+01   5.8050643e+01  -1.5400000e+02   7.0390028e+01   1.7392000e+01  -4.2000000e+01   1.4510101e+00
   3.7743763e+01   6.0986069e+01  -1.5400000e+02   7.4674070e+01   2.0102234e+01  -4.2000000e+01  -2.2504418e+00
   3.9147498e+01   6.2094367e+01  -1.5400000e+02   7.8399047e+01   2.1460974e+01  -4.2000000e+01  -7.9038191e+00
   4.0530973e+01   6.3588030e+01  -1.5400000e+02   8.2161374e+01   2.2001540e+01  -4.2000000e+01  -1.4055257e+01
   4.0850073e+01   6.3463262e+01  -1.5400000e+02   8.4739956e+01   2.3023827e+01  -4.2000000e+01  -1.7965641e+01
   4.2774288e+01   6.5613985e+01  -1.5400000e+02   8.7493834e+01   2.3955148e+01  -4.2000000e+01  -2.0787878e+01
   4.3921347e+01   6.6455093e+01  -1.5400000e+02   8.8933544e+01   2.5435772e+01  -4.2000000e+01  -2.0898774e+01
   4.3948624e+01   6.5478820e+01  -1.5400000e+02   8.8071807e+01   2.4864327e+01  -4.2000000e+01  -2.2278522e+01
   4.2470967e+01   6.3042690e+01  -1.5400000e+02   8.2174583e+01   2.2736923e+01  -4.2000000e+01  -2.5498720e+01
   4.0662615e+01   6.1054857e+01  -1.5400000e+02   7.1866172e+01   1.9979994e+01  -4.2000000e+01  -2.4792438e+01
   4.1682387e+01   5.5096444e+01  -1.5400000e+02   6.1339661e+01   1.4025161e+01  -4.2000000e+01  -2.5892658e+01
   3.8698357e+01   5.2569053e+01  -1.5400000e+02   5.4013257e+01   1.3125057e+01  -4.2000000e+01  -2.0748368e+01
   3.6747895e+01   5.0516122e+01  -1.5400000e+02   4.8042325e+01   1.1287344e+01  -4.2000000e+01  -1.0605648e+01
   3.3147943e+01   4.9993914e+01  -1.5400000e+02   4.1377349e+01   8.7239791e+00  -4.2000000e+01  -1.1811422e+00
   2.9040473e+01   5.0613051e+01  -1.5400000e+02   3.7008690e+01   5.6695408e+00  -4.2000000e+01   6.5342252e+00
   2.6608911e+01   4.5897749e+01  -1.5400000e+02   3.0555006e+01   4.2457917e+00  -4.2000000e+01   1.5982613e+01
