   2.9306236e+01   4.0752847e+01  -1.7322497e+02   3.1182739e+01   5.9315849e+00  -5.2841339e+01   3.8714668e+01
   2.9231655e+01   2.6787927e+01  -1.7055717e+02   2.7184349e+01   3.1651392e+00  -5.3683145e+01   4.4101483e+01
   2.9157074e+01   1.2823007e+01  -1.6788937e+02   2.3185959e+01   3.9869349e-01  -5.4524951e+01   4.9488298e+01
   2.9082492e+01  -1.1419130e+00  -1.6522157e+02   1.9187568e+01  -2.3677522e+00  -5.5366757e+01   5.4875112e+01
   2.9007911e+01  -1.5106833e+01  -1.6255377e+02   1.5189178e+01  -5.1341979e+00  -5.6208563e+01   6.0261927e+01
   2.8933329e+01  -2.9071753e+01  -1.5988596e+02   1.1190788e+01  -7.9006437e+00  -5.7050369e+01   6.5648742e+01
   2.8857162e+01  -4.3009682e+01  -1.5722993e+02   7.1700454e+00   6.0155241e+00  -4.6195789e+01   7.1026513e+01
   3.1322797e+01  -4.3000000e+01  -1.6578435e+02  -4.5017356e+00   1.2000000e+01  -4.2000000e+01   6.3704692e+01
   3.5648526e+01  -4.3000000e+01  -1.7176801e+02  -1.5637214e+01   1.2000000e+01  -4.2000000e+01   5.5942049e+01
   3.3900896e+01  -4.3000000e+01  -1.7059491e+02  -2.5773356e+01   1.2000000e+01  -4.2000000e+01   4.9248330e+01
   2.8548885e+01  -4.3000000e+01  -1.6635337e+02  -3.3508303e+01   1.2000000e+01  -4.2000000e+01   4.3538255e+01
   2.2388274e+01  -4.3000000e+01  -1.6189681e+02  -3.8726466e+01   1.2000000e+01  -4.2000000e+01   3.9030027e+01
   1.5119741e+01  -4.3000000e+01  -1.5741305e+02  -4.0601812e+01   1.2000000e+01  -4.2000000e+01   3.7285234e+01
   8.3645610e+00  -4.3000000e+01  -1.5389537e+02  -4.0739704e+01   1.2000000e+01  -4.2000000e+01   3.5236472e+01
   2.4631045e+00  -4.3000000e+01  -1.5193213e+02  -4.0147633e+01   1.2000000e+01  -4.2000000e+01   3.2854832e+01
  -1.7673977e+00  -4.3000000e+01  -1.5079955e+02  -3.8608077e+01   1.2000000e+01  -4.2000000e+01   3.0563197e+01
  -4.8348576e+00  -4.3000000e+01  -1.4928086e+02  -3.6735434e+01   1.2000000e+01  -4.2000000e+01   2.9241608e+01
  -7.4338506e+00  -4.3000000e+01  -1.4750969e+02  -3.5977738e+01   1.2000000e+01  -4.2000000e+01   2.7271484e+01
  -9.5789602e+00  -4.3000000e+01  -1.4560742e+02  -3.5537780e+01   1.2000000e+01  -4.2000000e+01   2.4844752e+01
  -1.1744357e+01  -4.3000000e+01  -1.4442972e+02  -3.3517681e+01   1.2000000e+01  -4.2000000e+01   2.2809719e+01
  -1.3851827e+01  -4.3000000e+01  -1.4394464e+02  -3.0800624e+01   1.2000000e+01  -4.2000000e+01   2.0999889e+01
  -1.5558902e+01  -4.3000000e+01  -1.4370594e+02  -2.8606037e+01   1.2000000e+01  -4.2000000e+01   1.7941563e+01
  -1.7183952e+01  -4.3000000e+01  -1.4253439e+02  -2.6960722e+01   1.2000000e+01  -4.2000000e+01   1.4594667e+01
  -1.8048615e+01  -4.3000000e+01  -1.4109443e+02  -2.4158882e+01   1.2000000e+01  -4.2000000e+01   1.1600611e+01
  -1.8815147e+01  -4.3000000e+01  -1.3996275e+02  -2.1612819e+01   1.2000000e+01  -4.2000000e+01   8.4193510e+00
  -1.9532193e+01  -4.3000000e+01  -1.3824529e+02  -1.9349166e+01   1.2000000e+01  -4.2000000e+01   5.2941416e+00
  -2.0103787e+01  -4.3000000e+01  -1.3741477e+02  -1.6749684e+01   1.2000000e+01  -4.2000000e+01   1.8037698e+00
  -2.1266705e+01  -4.3000000e+01  -1.3624348e+02  -1.4295607e+01   1.2000000e+01  -4.2000000e+01  -1.2256567e+00
  -2.2364080e+01  -4.3000000e+01  -1.3517835e+02  -1.1612985e+01   1.2000000e+01  -4.2000000e+01  -4.1653960e+00
  -2.3255142e+01  -4.3000000e+01  -1.3459861e+02  -9.1569172e+00   1.2000000e+01  -4.2000000e+01  -7.7683374e+00
  -2.4249634e+01  -4.3000000e+01  -1.3343331e+02  -6.1854712e+00   1.2000000e+01  -4.2000000e+01  -1.1086201e+01
  -2.6175413e+01  -4.3000000e+01  -1.3186462e+02  -3.6444637e+00   1.2000000e+01  -4.2000000e+01  -1.5525987e+01
  -2.8179914e+01  -4.3000000e+01  -1.3080436e+02  -1.3280397e+00   1.2000000e+01  -4.2000000e+01  -2.0270992e+01
  -2.9984085e+01  -4.3000000e+01  -1.3062598e+02  -1.8697154e+00   1.2000000e+01  -4.2000000e+01  -2.4489158e+01
  -2.7928555e+01  -4.3000000e+01  -1.3181931e+02  -7.1486433e+00   1.2000000e+01  -4.2000000e+01  -2.8954459e+01
  -2.4091977e+01  -4.3000000e+01  -1.3296858e+02  -1.2296385e+01   1.2000000e+01  -4.2000000e+01  -3.3456615e+01
  -2.0662371e+01  -4.3000000e+01  -1.3316194e+02  -1.5744489e+01   1.2000000e+01  -4.2000000e+01  -3.4895521e+01
  -1.7975346e+01  -4.3000000e+01  -1.3455385e+02  -2.0580020e+01   1.2000000e+01  -4.2000000e+01  -3.1185271e+01
  -1.4257673e+01  -4.3000000e+01  -1.3674781e+02  -2.6004122e+01   1.2000000e+01  -4.2000000e+01  -2.4259806e+01
  -9.2052103e+00  -4.3000000e+01  -1.4063330e+02  -3.2944155e+01   1.2000000e+01  -4.2000000e+01  -1.7133897e+01
  -5.0089623e+00  -4.3000000e+01  -1.4410039e+02  -3.8709180e+01   1.2000000e+01  -4.2000000e+01  -8.2469838e+00
  -1.7641642e+00  -4.3000000e+01  -1.4791473e+02  -4.3253662e+01   1.2000000e+01  -4.2000000e+01   2.5596421e-01
   7.5639078e-01  -4.3000000e+01  -1.5131239e+02  -4.5774889e+01   1.2000000e+01  -4.2000000e+01   9.2733040e+00
   2.3672600e+00  -4.3000000e+01  -1.5306620e+02  -4.7250520e+01   1.2000000e+01  -4.2000000e+01   1.8954893e+01
   3.9447622e+00  -4.3000000e+01  -1.5668734e+02  -4.8690238e+01   1.2000000e+01  -4.2000000e+01   2.7860321e+01
   4.6309511e+00  -4.3000000e+01  -1.5934839e+02  -4.8964797e+01   1.2000000e+01  -4.2000000e+01   3.5964867e+01
   4.0476021e+00  -4.3000000e+01  -1.6160139e+02  -4.9630910e+01   1.2000000e+01  -4.2000000e+01   4.2955473e+01
   3.6863546e+00  -4.3000000e+01  -1.6262947e+02  -4.8987532e+01   1.2000000e+01  -4.2000000e+01   4.5413883e+01
   3.5855885e+00  -4.3000000e+01  -1.6259042e+02  -4.8244092e+01   1.2000000e+01  -4.2000000e+01   4.4704103e+01
   2.4599182e+00  -4.3000000e+01  -1.6172596e+02  -4.7642004e+01   1.2000000e+01  -4.2000000e+01   4.3164977e+01
   1.3342478e+00  -4.3000000e+01  -1.6086149e+02  -4.7039915e+01   1.2000000e+01  -4.2000000e+01   4.1625851e+01
  -1.1865177e-01  -4.3000000e+01  -1.5970317e+02  -4.6114467e+01   1.2000000e+01  -4.2000000e+01   4.0587530e+01
  -1.1795128e+00  -4.3000000e+01  -1.5870131e+02  -4.5931238e+01   1.2000000e+01  -4.2000000e+01   3.8677400e+01
  -2.7874570e+00  -4.3000000e+01  -1.5756615e+02  -4.5163414e+01   1.2000000e+01  -4.2000000e+01   3.7110036e+01
  -4.9550802e+00  -4.3000000e+01  -1.5600399e+02  -4.4008423e+01   1.2000000e+01  -4.2000000e+01   3.5774360e+01
  -7.1227035e+00  -4.3000000e+01  -1.5444183e+02  -4.2853432e+01   1.2000000e+01  -4.2000000e+01   3.4438684e+01
  -9.0209516e+00  -4.3000000e+01  -1.5269533e+02  -4.1313647e+01   1.2000000e+01  -4.2000000e+01   3.3187988e+01
  -9.9180766e+00  -4.3000000e+01  -1.5119555e+02  -3.9950466e+01   1.2000000e+01  -4.2000000e+01   3.0220623e+01
  -1.0649182e+01  -4.3000000e+01  -1.4935802e+02  -3.9062129e+01   1.2000000e+01  -4.2000000e+01   2.7136093e+01
  -1.1418867e+01  -4.3000000e+01  -1.4721104e+02  -3.6384250e+01   1.2000000e+01  -4.2000000e+01   2.5187505e+01
  -1.2143130e+01  -4.3000000e+01  -1.4544340e+02  -3.3181874e+01   1.2000000e+01  -4.2000000e+01   2.3424406e+01
  -1.2865997e+01  -4.3000000e+01  -1.4374426e+02  -3.1002459e+01   1.2000000e+01  -4.2000000e+01   2.1245291e+01
  -1.3702865e+01  -4.3000000e+01  -1.4290079e+02  -2.8798400e+01   1.2000000e+01  -4.2000000e+01   1.8572196e+01
  -1.5011726e+01  -4.3000000e+01  -1.4180513e+02  -2.6772383e+01   1.2000000e+01  -4.2000000e+01   1.4775563e+01
  -1.6412211e+01  -4.3000000e+01  -1.4072623e+02  -2.3939459e+01   1.2000000e+01  -4.2000000e+01   1.2113440e+01
  -1.7621197e+01  -4.3000000e+01  -1.3946356e+02  -2.1857016e+01   1.2000000e+01  -4.2000000e+01   9.0132547e+00
  -1.8769131e+01  -4.3000000e+01  -1.3791756e+02  -1.9713576e+01   1.2000000e+01  -4.2000000e+01   5.4804479e+00
  -2.0037169e+01  -4.3000000e+01  -1.3656997e+02  -1.6953462e+01   1.2000000e+01  -4.2000000e+01   2.3687870e+00
  -2.1457049e+01  -4.3000000e+01  -1.3490565e+02  -1.4125074e+01   1.2000000e+01  -4.2000000e+01   9.7975328e-02
  -2.2545187e+01  -4.3000000e+01  -1.3430355e+02  -1.1460493e+01   1.2000000e+01  -4.2000000e+01  -3.7683604e+00
  -2.4492070e+01  -4.3000000e+01  -1.3375776e+02  -9.9878228e+00   1.2000000e+01  -4.2000000e+01  -7.4507381e+00
  -2.6592971e+01  -4.3000000e+01  -1.3262470e+02  -7.7500708e+00   1.2000000e+01  -4.2000000e+01  -1.0946278e+01
  -2.9724973e+01  -4.3000000e+01  -1.3159818e+02  -6.0533272e+00   1.2000000e+01  -4.2000000e+01  -1.5533760e+01
  -3.0418718e+01  -4.3000000e+01  -1.3193605e+02  -6.4986425e+00   1.2000000e+01  -4.2000000e+01  -1.9665833e+01
  -2.7920647e+01  -4.3000000e+01  -1.3234290e+02  -1.1818702e+01   1.2000000e+01  -4.2000000e+01  -2.5530478e+01
  -2.3471954e+01  -4.3000000e+01  -1.3245246e+02  -1.5678900e+01   1.2000000e+01  -4.2000000e+01  -2.9787959e+01
  -1.9785938e+01  -4.3000000e+01  -1.3390299e+02  -1.9547980e+01   1.2000000e+01  -4.2000000e+01  -3.1520282e+01
  -1.6482329e+01  -4.3000000e+01  -1.3627704e+02  -2.3299355e+01   1.2000000e+01  -4.2000000e+01  -2.9568068e+01
  -1.3045827e+01  -4.3000000e+01  -1.3985164e+02  -2.7425655e+01   1.2000000e+01  -4.2000000e+01  -2.4491935e+01
  -9.9496293e+00  -4.3000000e+01  -1.4289228e+02  -3.1963155e+01   1.2000000e+01  -4.2000000e+01  -1.9068482e+01
  -6.3452559e+00  -4.3000000e+01  -1.4625893e+02  -3.5704798e+01   1.2000000e+01  -4.2000000e+01  -1.2191003e+01
  -3.8408885e+00  -4.3000000e+01  -1.4907837e+02  -3.9362776e+01   1.2000000e+01  -4.2000000e+01  -2.9575370e+00
  -1.5797824e+00  -4.3000000e+01  -1.5180890e+02  -4.3251963e+01   1.2000000e+01  -4.2000000e+01   5.8595101e+00
  -7.2077124e-01  -4.3000000e+01  -1.5298696e+02  -4.5602524e+01   1.2000000e+01  -4.2000000e+01   1.5102213e+01
   1.1547798e-02  -4.3000000e+01  -1.5427618e+02  -4.6938022e+01   1.2000000e+01  -4.2000000e+01   2.3789045e+01
   1.1318118e-01  -4.3000000e+01  -1.5550879e+02  -4.6978045e+01   1.2000000e+01  -4.2000000e+01   3.2033010e+01
  -5.5460570e-01  -4.3000000e+01  -1.5679563e+02  -4.6292536e+01   1.2000000e+01  -4.2000000e+01   3.6361375e+01
  -1.9257615e+00  -4.3000000e+01  -1.5676356e+02  -4.5642508e+01   1.2000000e+01  -4.2000000e+01   3.7510570e+01
  -3.2964763e+00  -4.3000000e+01  -1.5632164e+02  -4.4809838e+01   1.2000000e+01  -4.2000000e+01   3.6371295e+01
  -4.8527183e+00  -4.3000000e+01  -1.5583455e+02  -4.3794599e+01   1.2000000e+01  -4.2000000e+01   3.5517335e+01
  -6.3976859e+00  -4.3000000e+01  -1.5507292e+02  -4.3018747e+01   1.2000000e+01  -4.2000000e+01   3.4119340e+01
  -7.9901889e+00  -4.3000000e+01  -1.5438060e+02  -4.1962350e+01   1.2000000e+01  -4.2000000e+01   3.3019748e+01
  -9.5599530e+00  -4.3000000e+01  -1.5317052e+02  -4.0992077e+01   1.2000000e+01  -4.2000000e+01   3.2024703e+01
  -1.0958260e+01  -4.3000000e+01  -1.5151448e+02  -4.0138174e+01   1.2000000e+01  -4.2000000e+01   3.0478588e+01
  -1.2194198e+01  -4.3000000e+01  -1.5026047e+02  -3.8976173e+01   1.2000000e+01  -4.2000000e+01   2.8989529e+01
  -1.3366616e+01  -4.3000000e+01  -1.4904585e+02  -3.7040876e+01   1.2000000e+01  -4.2000000e+01   2.7999491e+01
  -1.4350485e+01  -4.3000000e+01  -1.4765808e+02  -3.5617293e+01   1.2000000e+01  -4.2000000e+01   2.6807081e+01
  -1.5077509e+01  -4.3000000e+01  -1.4618862e+02  -3.4369907e+01   1.2000000e+01  -4.2000000e+01   2.5046161e+01
  -1.5620175e+01  -4.3000000e+01  -1.4497701e+02  -3.2608158e+01   1.2000000e+01  -4.2000000e+01   2.3357907e+01
  -1.4800338e+01  -4.3000000e+01  -1.4412076e+02  -3.0485195e+01   1.2000000e+01  -4.2000000e+01   2.1242349e+01
  -1.5441760e+01  -4.3000000e+01  -1.4233666e+02  -2.9210250e+01   1.2000000e+01  -4.2000000e+01   1.9025381e+01
  -1.6407700e+01  -4.3000000e+01  -1.4191187e+02  -2.8708038e+01   1.2000000e+01  -4.2000000e+01   1.5815964e+01
  -1.7657385e+01  -4.3000000e+01  -1.4041656e+02  -2.6490145e+01   1.2000000e+01  -4.2000000e+01   1.4537666e+01
  -1.8705967e+01  -4.3000000e+01  -1.3829062e+02  -2.3747945e+01   1.2000000e+01  -4.2000000e+01   1.3828969e+01
  -1.9366259e+01  -4.3000000e+01  -1.3770883e+02  -2.2040125e+01   1.2000000e+01  -4.2000000e+01   1.2569140e+01
  -1.9775937e+01  -4.3000000e+01  -1.3748403e+02  -2.0437314e+01   1.2000000e+01  -4.2000000e+01   1.0723625e+01
  -2.0055220e+01  -4.3000000e+01  -1.3642541e+02  -1.8909615e+01   1.2000000e+01  -4.2000000e+01   7.7390446e+00
  -2.0574971e+01  -4.3000000e+01  -1.3525672e+02  -1.7024250e+01   1.2000000e+01  -4.2000000e+01   4.8333069e+00
  -2.1840622e+01  -4.3000000e+01  -1.3413071e+02  -1.5260334e+01   1.2000000e+01  -4.2000000e+01   1.2613025e+00
  -2.3115127e+01  -4.3000000e+01  -1.3302762e+02  -1.3314017e+01   1.2000000e+01  -4.2000000e+01  -2.0934810e+00
  -2.4527296e+01  -4.3000000e+01  -1.3228618e+02  -1.1534806e+01   1.2000000e+01  -4.2000000e+01  -5.2215750e+00
  -2.5956162e+01  -4.3000000e+01  -1.3214275e+02  -9.1527889e+00   1.2000000e+01  -4.2000000e+01  -8.1243730e+00
  -2.7749423e+01  -4.3000000e+01  -1.3114138e+02  -7.2428604e+00   1.2000000e+01  -4.2000000e+01  -1.0910486e+01
  -3.0440298e+01  -4.3000000e+01  -1.3037197e+02  -5.6223065e+00   1.2000000e+01  -4.2000000e+01  -1.3517349e+01
  -3.3103283e+01  -4.3000000e+01  -1.2945165e+02  -4.1740723e+00   1.2000000e+01  -4.2000000e+01  -1.6111517e+01
  -3.5034288e+01  -4.3000000e+01  -1.2932360e+02  -4.4706418e+00   1.2000000e+01  -4.2000000e+01  -1.7841635e+01
  -3.2754857e+01  -4.3000000e+01  -1.3118103e+02  -9.0482790e+00   1.2000000e+01  -4.2000000e+01  -2.1557196e+01
  -2.7560834e+01  -4.3000000e+01  -1.3275983e+02  -1.4055532e+01   1.2000000e+01  -4.2000000e+01  -2.4816026e+01
  -2.2424287e+01  -4.3000000e+01  -1.3509413e+02  -2.0066613e+01   1.2000000e+01  -4.2000000e+01  -2.5351935e+01
  -1.7701332e+01  -4.3000000e+01  -1.3700546e+02  -2.4915493e+01   1.2000000e+01  -4.2000000e+01  -2.0820436e+01
  -1.3418388e+01  -4.3000000e+01  -1.3998200e+02  -3.0054903e+01   1.2000000e+01  -4.2000000e+01  -1.4988632e+01
  -9.1718796e+00  -4.3000000e+01  -1.4315998e+02  -3.5011025e+01   1.2000000e+01  -4.2000000e+01  -9.0160531e+00
  -6.1800210e+00  -4.3000000e+01  -1.4742478e+02  -3.9798084e+01   1.2000000e+01  -4.2000000e+01  -8.1135268e-01
  -3.9592036e+00  -4.3000000e+01  -1.5100613e+02  -4.3167530e+01   1.2000000e+01  -4.2000000e+01   6.9462676e+00
  -2.1828268e+00  -4.3000000e+01  -1.5434009e+02  -4.5052289e+01   1.2000000e+01  -4.2000000e+01   1.3736020e+01
  -5.1899564e-01  -4.3000000e+01  -1.5637870e+02  -4.6847318e+01   1.2000000e+01  -4.2000000e+01   2.0970480e+01
   1.5770077e+00  -4.3000000e+01  -1.5662238e+02  -4.7816334e+01   1.2000000e+01  -4.2000000e+01   2.8989999e+01
   2.7730937e+00  -4.3000000e+01  -1.5669048e+02  -4.9433288e+01   1.2000000e+01  -4.2000000e+01   3.6863283e+01
   2.3591717e+00  -4.3000000e+01  -1.5732616e+02  -4.9161882e+01   1.2000000e+01  -4.2000000e+01   4.3693462e+01
   9.8656876e-01  -4.3000000e+01  -1.5789790e+02  -4.7714801e+01   1.2000000e+01  -4.2000000e+01   4.8162746e+01
  -1.8132603e-01  -4.3000000e+01  -1.5770073e+02  -4.7149010e+01   1.2000000e+01  -4.2000000e+01   4.7444905e+01
  -1.4891390e+00  -4.3000000e+01  -1.5709603e+02  -4.6383968e+01   1.2000000e+01  -4.2000000e+01   4.6375352e+01
  -3.0062602e+00  -4.3000000e+01  -1.5656157e+02  -4.5226312e+01   1.2000000e+01  -4.2000000e+01   4.3939643e+01
  -4.6336695e+00  -4.3000000e+01  -1.5589952e+02  -4.4875233e+01   1.2000000e+01  -4.2000000e+01   4.1195054e+01
  -6.2214036e+00  -4.3000000e+01  -1.5524389e+02  -4.3986870e+01   1.2000000e+01  -4.2000000e+01   3.8651537e+01
  -7.5726347e+00  -4.3000000e+01  -1.5377387e+02  -4.3144086e+01   1.2000000e+01  -4.2000000e+01   3.7412602e+01
  -8.8619481e+00  -4.3000000e+01  -1.5231349e+02  -4.2534232e+01   1.2000000e+01  -4.2000000e+01   3.6012725e+01
  -1.0131133e+01  -4.3000000e+01  -1.5073398e+02  -4.1084214e+01   1.2000000e+01  -4.2000000e+01   3.4749700e+01
  -1.1161959e+01  -4.3000000e+01  -1.4843444e+02  -3.9709060e+01   1.2000000e+01  -4.2000000e+01   3.3681863e+01
  -1.1891363e+01  -4.3000000e+01  -1.4650740e+02  -3.8260061e+01   1.2000000e+01  -4.2000000e+01   3.0639485e+01
  -1.2838206e+01  -4.3000000e+01  -1.4464617e+02  -3.7123236e+01   1.2000000e+01  -4.2000000e+01   2.8629434e+01
  -1.3723072e+01  -4.3000000e+01  -1.4269560e+02  -3.5352271e+01   1.2000000e+01  -4.2000000e+01   2.6757019e+01
  -1.4916067e+01  -4.3000000e+01  -1.4211819e+02  -3.2883148e+01   1.2000000e+01  -4.2000000e+01   2.4517971e+01
  -1.6181794e+01  -4.3000000e+01  -1.4152807e+02  -3.1060104e+01   1.2000000e+01  -4.2000000e+01   2.2245381e+01
  -1.7642711e+01  -4.3000000e+01  -1.4064944e+02  -2.8989769e+01   1.2000000e+01  -4.2000000e+01   2.0326378e+01
  -1.9003324e+01  -4.3000000e+01  -1.3933203e+02  -2.6762239e+01   1.2000000e+01  -4.2000000e+01   1.8084398e+01
  -2.0166443e+01  -4.3000000e+01  -1.3838560e+02  -2.4092286e+01   1.2000000e+01  -4.2000000e+01   1.5903007e+01
  -1.9788515e+01  -4.3000000e+01  -1.3752095e+02  -2.1097893e+01   1.2000000e+01  -4.2000000e+01   1.2706530e+01
  -2.0078786e+01  -4.3000000e+01  -1.3655926e+02  -1.9754531e+01   1.2000000e+01  -4.2000000e+01   9.2605602e+00
  -2.0610635e+01  -4.3000000e+01  -1.3526407e+02  -1.7630312e+01   1.2000000e+01  -4.2000000e+01   6.3343658e+00
  -2.1320413e+01  -4.3000000e+01  -1.3402397e+02  -1.5210991e+01   1.2000000e+01  -4.2000000e+01   3.3893070e+00
  -2.2234405e+01  -4.3000000e+01  -1.3297595e+02  -1.3219035e+01   1.2000000e+01  -4.2000000e+01   2.5192938e-01
  -2.4025393e+01  -4.3000000e+01  -1.3226402e+02  -1.1408099e+01   1.2000000e+01  -4.2000000e+01  -3.0780599e+00
  -2.6730107e+01  -4.3000000e+01  -1.3172615e+02  -9.6203697e+00   1.2000000e+01  -4.2000000e+01  -6.6439121e+00
  -2.9302112e+01  -4.3000000e+01  -1.3091453e+02  -7.6025406e+00   1.2000000e+01  -4.2000000e+01  -1.0491506e+01
  -3.1848230e+01  -4.3000000e+01  -1.3092595e+02  -5.6746666e+00   1.2000000e+01  -4.2000000e+01  -1.4010575e+01
  -3.4239439e+01  -4.3000000e+01  -1.3017080e+02  -3.9737495e+00   1.2000000e+01  -4.2000000e+01  -1.7356844e+01
  -3.5227801e+01  -4.3000000e+01  -1.2980331e+02  -2.7325822e+00   1.2000000e+01  -4.2000000e+01  -2.1591953e+01
  -3.5762088e+01  -4.3000000e+01  -1.2946628e+02  -2.2676381e+00   1.2000000e+01  -4.2000000e+01  -2.5762506e+01
  -3.3902698e+01  -4.3000000e+01  -1.2987872e+02  -5.3301350e+00   1.2000000e+01  -4.2000000e+01  -3.0129471e+01
  -2.8830075e+01  -4.3000000e+01  -1.3087148e+02  -9.9144382e+00   1.2000000e+01  -4.2000000e+01  -3.3698815e+01
  -2.4211969e+01  -4.3000000e+01  -1.3208610e+02  -1.4077494e+01   1.2000000e+01  -4.2000000e+01  -3.2751048e+01
  -2.0423948e+01  -4.3000000e+01  -1.3435735e+02  -1.8831207e+01   1.2000000e+01  -4.2000000e+01  -2.6907926e+01
  -1.6728556e+01  -4.3000000e+01  -1.3667922e+02  -2.3212881e+01   1.2000000e+01  -4.2000000e+01  -2.0822849e+01
  -1.3262801e+01  -4.3000000e+01  -1.4032648e+02  -2.8386067e+01   1.2000000e+01  -4.2000000e+01  -1.4114088e+01
  -1.0032616e+01  -4.3000000e+01  -1.4394791e+02  -3.2887492e+01   1.2000000e+01  -4.2000000e+01  -6.1203150e+00
  -6.9879148e+00  -4.3000000e+01  -1.4791223e+02  -3.7680753e+01   1.2000000e+01  -4.2000000e+01   3.3999904e+00
  -4.8274177e+00  -4.3000000e+01  -1.5176494e+02  -4.1842238e+01   1.2000000e+01  -4.2000000e+01   1.2001795e+01
  -3.2914668e+00  -4.3000000e+01  -1.5492906e+02  -4.3995376e+01   1.2000000e+01  -4.2000000e+01   2.0380583e+01
  -1.9278051e+00  -4.3000000e+01  -1.5675817e+02  -4.5043405e+01   1.2000000e+01  -4.2000000e+01   2.6926181e+01
  -1.1621257e+00  -4.3000000e+01  -1.5769293e+02  -4.5797133e+01   1.2000000e+01  -4.2000000e+01   3.1942898e+01
  -7.3085175e-01  -4.3000000e+01  -1.5838101e+02  -4.6194036e+01   1.2000000e+01  -4.2000000e+01   3.5756138e+01
  -3.0255454e-01  -4.3000000e+01  -1.5865833e+02  -4.5740381e+01   1.2000000e+01  -4.2000000e+01   3.8744207e+01
  -8.4990914e-01  -4.3000000e+01  -1.5828552e+02  -4.5779837e+01   1.2000000e+01  -4.2000000e+01   4.0229495e+01
  -1.7056854e+00  -4.3000000e+01  -1.5793952e+02  -4.5069381e+01   1.2000000e+01  -4.2000000e+01   4.0752421e+01
  -2.8905515e+00  -4.3000000e+01  -1.5759538e+02  -4.5107620e+01   1.2000000e+01  -4.2000000e+01   3.9106263e+01
  -4.2856134e+00  -4.3000000e+01  -1.5724162e+02  -4.5261136e+01   1.2000000e+01  -4.2000000e+01   3.7908452e+01
  -5.5632059e+00  -4.3000000e+01  -1.5602617e+02  -4.5037213e+01   1.2000000e+01  -4.2000000e+01   3.8168286e+01
  -6.6134530e+00  -4.3000000e+01  -1.5552277e+02  -4.4421151e+01   1.2000000e+01  -4.2000000e+01   3.6532150e+01
  -8.0790485e+00  -4.3000000e+01  -1.5495369e+02  -4.3558118e+01   1.2000000e+01  -4.2000000e+01   3.6100075e+01
  -9.5112583e+00  -4.3000000e+01  -1.5408498e+02  -4.3018091e+01   1.2000000e+01  -4.2000000e+01   3.5616873e+01
  -1.0404640e+01  -4.3000000e+01  -1.5252703e+02  -4.1063052e+01   1.2000000e+01  -4.2000000e+01   3.5445777e+01
  -1.1002356e+01  -4.3000000e+01  -1.5122355e+02  -4.0531975e+01   1.2000000e+01  -4.2000000e+01   3.3759054e+01
  -1.1698237e+01  -4.3000000e+01  -1.4953606e+02  -3.9329414e+01   1.2000000e+01  -4.2000000e+01   3.1915284e+01
  -1.2297543e+01  -4.3000000e+01  -1.4797419e+02  -3.8999141e+01   1.2000000e+01  -4.2000000e+01   2.9367490e+01
  -1.2887973e+01  -4.3000000e+01  -1.4655780e+02  -3.7265336e+01   1.2000000e+01  -4.2000000e+01   2.7158030e+01
  -1.3483733e+01  -4.3000000e+01  -1.4513018e+02  -3.5021418e+01   1.2000000e+01  -4.2000000e+01   2.5667373e+01
  -1.3984880e+01  -4.3000000e+01  -1.4413334e+02  -3.2362947e+01   1.2000000e+01  -4.2000000e+01   2.4504103e+01
  -1.4413419e+01  -4.3000000e+01  -1.4319430e+02  -3.0785258e+01   1.2000000e+01  -4.2000000e+01   2.2859986e+01
  -1.4758365e+01  -4.3000000e+01  -1.4234348e+02  -2.9894542e+01   1.2000000e+01  -4.2000000e+01   2.1030110e+01
  -1.5233026e+01  -4.3000000e+01  -1.4178495e+02  -2.8817447e+01   1.2000000e+01  -4.2000000e+01   1.9775380e+01
  -1.5732475e+01  -4.3000000e+01  -1.4108424e+02  -2.8113781e+01   1.2000000e+01  -4.2000000e+01   1.8216945e+01
  -1.6004863e+01  -4.3000000e+01  -1.4115658e+02  -2.6885108e+01   1.2000000e+01  -4.2000000e+01   1.6006103e+01
  -1.6242967e+01  -4.3000000e+01  -1.4082927e+02  -2.5519001e+01   1.2000000e+01  -4.2000000e+01   1.3942665e+01
  -1.6416811e+01  -4.3000000e+01  -1.4026811e+02  -2.4501296e+01   1.2000000e+01  -4.2000000e+01   1.2320092e+01
  -1.6633053e+01  -4.3000000e+01  -1.3993458e+02  -2.3328971e+01   1.2000000e+01  -4.2000000e+01   1.0951464e+01
  -1.6721637e+01  -4.3000000e+01  -1.3965784e+02  -2.2478360e+01   1.2000000e+01  -4.2000000e+01   9.4981866e+00
  -1.6772193e+01  -4.3000000e+01  -1.3976638e+02  -2.1555554e+01   1.2000000e+01  -4.2000000e+01   8.0975030e+00
  -1.6807996e+01  -4.3000000e+01  -1.3943922e+02  -2.0891231e+01   1.2000000e+01  -4.2000000e+01   6.6463744e+00
  -1.7206414e+01  -4.3000000e+01  -1.3933990e+02  -2.0115168e+01   1.2000000e+01  -4.2000000e+01   4.2952773e+00
  -1.7447247e+01  -4.3000000e+01  -1.3887964e+02  -1.8968370e+01   1.2000000e+01  -4.2000000e+01   2.5815772e+00
  -1.7756493e+01  -4.3000000e+01  -1.3914321e+02  -1.8492690e+01   1.2000000e+01  -4.2000000e+01   5.7871650e-01
  -1.8368696e+01  -4.3000000e+01  -1.3867966e+02  -1.7539360e+01   1.2000000e+01  -4.2000000e+01  -9.3559057e-01
  -1.8980899e+01  -4.3000000e+01  -1.3821612e+02  -1.6586030e+01   1.2000000e+01  -4.2000000e+01  -2.4498976e+00
  -1.9738386e+01  -4.3000000e+01  -1.3762948e+02  -1.5731264e+01   1.2000000e+01  -4.2000000e+01  -4.1947239e+00
  -2.0787141e+01  -4.3000000e+01  -1.3750033e+02  -1.4978575e+01   1.2000000e+01  -4.2000000e+01  -6.1897793e+00
  -2.2028057e+01  -4.3000000e+01  -1.3692772e+02  -1.3717999e+01   1.2000000e+01  -4.2000000e+01  -8.0071119e+00
  -2.2989051e+01  -4.3000000e+01  -1.3664446e+02  -1.3199882e+01   1.2000000e+01  -4.2000000e+01  -9.9831685e+00
  -2.2070323e+01  -4.3000000e+01  -1.3737964e+02  -1.4166275e+01   1.2000000e+01  -4.2000000e+01  -1.2438175e+01
  -1.9573486e+01  -4.3000000e+01  -1.3797786e+02  -1.8601273e+01   1.2000000e+01  -4.2000000e+01  -1.4196909e+01
  -1.6288463e+01  -4.3000000e+01  -1.3926480e+02  -2.4384923e+01   1.2000000e+01  -4.2000000e+01  -1.2328528e+01
  -1.3714617e+01  -4.3000000e+01  -1.4086107e+02  -3.0032207e+01   1.2000000e+01  -4.2000000e+01  -6.4690835e+00
  -1.1388835e+01  -4.3000000e+01  -1.4230120e+02  -3.5050550e+01   1.2000000e+01  -4.2000000e+01   5.0236295e-01
  -8.4962889e+00  -4.3000000e+01  -1.4410419e+02  -3.9481695e+01   1.2000000e+01  -4.2000000e+01   7.3325982e+00
  -6.5267448e+00  -4.3000000e+01  -1.4603010e+02  -4.2702209e+01   1.2000000e+01  -4.2000000e+01   1.4487519e+01
  -4.9616798e+00  -4.3000000e+01  -1.4864381e+02  -4.5027434e+01   1.2000000e+01  -4.2000000e+01   1.9434614e+01
  -2.9952362e+00  -4.3000000e+01  -1.5190832e+02  -4.7328801e+01   1.2000000e+01  -4.2000000e+01   2.4058121e+01
  -1.0560918e+00  -4.3000000e+01  -1.5438863e+02  -4.9230684e+01   1.2000000e+01  -4.2000000e+01   2.8014411e+01
   5.8394373e-01  -4.3000000e+01  -1.5646264e+02  -4.8955574e+01   1.2000000e+01  -4.2000000e+01   3.3245480e+01
   7.8850577e-01  -4.3000000e+01  -1.5772777e+02  -4.7713341e+01   1.2000000e+01  -4.2000000e+01   3.8228375e+01
  -4.7732836e-01  -4.3000000e+01  -1.5858058e+02  -4.6677348e+01   1.2000000e+01  -4.2000000e+01   4.0846526e+01
  -1.0666182e+00  -4.3000000e+01  -1.5905113e+02  -4.6431629e+01   1.2000000e+01  -4.2000000e+01   4.0658365e+01
  -1.6046511e+00  -4.3000000e+01  -1.5887778e+02  -4.6094607e+01   1.2000000e+01  -4.2000000e+01   4.0012489e+01
  -2.2341760e+00  -4.3000000e+01  -1.5836931e+02  -4.4940879e+01   1.2000000e+01  -4.2000000e+01   3.9696079e+01
  -3.4786188e+00  -4.3000000e+01  -1.5777490e+02  -4.4473037e+01   1.2000000e+01  -4.2000000e+01   3.7706703e+01
  -4.7230616e+00  -4.3000000e+01  -1.5718050e+02  -4.4005196e+01   1.2000000e+01  -4.2000000e+01   3.5717327e+01
  -6.0889416e+00  -4.3000000e+01  -1.5655924e+02  -4.2945848e+01   1.2000000e+01  -4.2000000e+01   3.4443571e+01
  -7.3943295e+00  -4.3000000e+01  -1.5566797e+02  -4.2584705e+01   1.2000000e+01  -4.2000000e+01   3.3219082e+01
  -8.6934755e+00  -4.3000000e+01  -1.5478475e+02  -4.1904739e+01   1.2000000e+01  -4.2000000e+01   3.2173425e+01
  -9.8570965e+00  -4.3000000e+01  -1.5368011e+02  -4.1192342e+01   1.2000000e+01  -4.2000000e+01   3.0639041e+01
  -1.1028506e+01  -4.3000000e+01  -1.5248747e+02  -3.9336621e+01   1.2000000e+01  -4.2000000e+01   2.9753659e+01
  -1.2046282e+01  -4.3000000e+01  -1.5047161e+02  -3.8756685e+01   1.2000000e+01  -4.2000000e+01   2.8029589e+01
  -1.3079041e+01  -4.3000000e+01  -1.4880055e+02  -3.6670742e+01   1.2000000e+01  -4.2000000e+01   2.6780590e+01
  -1.3598664e+01  -4.3000000e+01  -1.4630469e+02  -3.4680324e+01   1.2000000e+01  -4.2000000e+01   2.5258554e+01
  -1.4415445e+01  -4.3000000e+01  -1.4518704e+02  -3.2785879e+01   1.2000000e+01  -4.2000000e+01   2.3501036e+01
  -1.5202718e+01  -4.3000000e+01  -1.4473411e+02  -3.2666844e+01   1.2000000e+01  -4.2000000e+01   2.0377871e+01
  -1.6281457e+01  -4.3000000e+01  -1.4381603e+02  -3.0526501e+01   1.2000000e+01  -4.2000000e+01   1.7750567e+01
  -1.7322875e+01  -4.3000000e+01  -1.4306987e+02  -2.7545105e+01   1.2000000e+01  -4.2000000e+01   1.5348947e+01
  -1.8212681e+01  -4.3000000e+01  -1.4216959e+02  -2.4771152e+01   1.2000000e+01  -4.2000000e+01   1.2723523e+01
  -1.8627446e+01  -4.3000000e+01  -1.4170961e+02  -2.2293217e+01   1.2000000e+01  -4.2000000e+01   9.3358419e+00
  -1.9010057e+01  -4.3000000e+01  -1.4100893e+02  -2.0251575e+01   1.2000000e+01  -4.2000000e+01   5.7847551e+00
  -1.9514714e+01  -4.3000000e+01  -1.4010487e+02  -1.8395310e+01   1.2000000e+01  -4.2000000e+01   2.2437115e+00
  -2.0239574e+01  -4.3000000e+01  -1.3957274e+02  -1.6604363e+01   1.2000000e+01  -4.2000000e+01  -1.2563695e+00
  -2.0998976e+01  -4.3000000e+01  -1.3861902e+02  -1.3485224e+01   1.2000000e+01  -4.2000000e+01  -3.5752289e+00
  -2.1936609e+01  -4.3000000e+01  -1.3824034e+02  -1.1990121e+01   1.2000000e+01  -4.2000000e+01  -7.4796224e+00
  -2.3286905e+01  -4.3000000e+01  -1.3728174e+02  -9.7634646e+00   1.2000000e+01  -4.2000000e+01  -1.1152608e+01
  -2.5125538e+01  -4.3000000e+01  -1.3602804e+02  -6.9449005e+00   1.2000000e+01  -4.2000000e+01  -1.5578878e+01
  -2.7132959e+01  -4.3000000e+01  -1.3492052e+02  -4.5629957e+00   1.2000000e+01  -4.2000000e+01  -2.0390344e+01
  -2.9223365e+01  -4.3000000e+01  -1.3425685e+02  -1.6525985e+00   1.2000000e+01  -4.2000000e+01  -2.4931080e+01
  -3.2107605e+01  -4.3000000e+01  -1.3261029e+02   6.3804688e-01   1.2000000e+01  -4.2000000e+01  -2.8620473e+01
  -3.5328434e+01  -4.3000000e+01  -1.3077868e+02   2.9345035e+00   1.2000000e+01  -4.2000000e+01  -3.0661552e+01
  -3.7111314e+01  -4.3000000e+01  -1.3065078e+02   3.7571431e+00   1.2000000e+01  -4.2000000e+01  -3.3245759e+01
  -3.5272078e+01  -4.3000000e+01  -1.3225921e+02   6.6632102e-01   1.2000000e+01  -4.2000000e+01  -3.7299155e+01
  -3.0485323e+01  -4.3000000e+01  -1.3360654e+02  -5.2430056e+00   1.2000000e+01  -4.2000000e+01  -4.0639704e+01
  -2.4979427e+01  -4.3000000e+01  -1.3312551e+02  -9.7558656e+00   1.2000000e+01  -4.2000000e+01  -4.2845233e+01
  -2.1219790e+01  -4.3000000e+01  -1.3449768e+02  -1.3140991e+01   1.2000000e+01  -4.2000000e+01  -4.2561449e+01
  -1.8229124e+01  -4.3000000e+01  -1.3584306e+02  -1.6059478e+01   1.2000000e+01  -4.2000000e+01  -3.7549218e+01
  -1.4749518e+01  -4.3000000e+01  -1.3886659e+02  -2.1258264e+01   1.2000000e+01  -4.2000000e+01  -3.1291119e+01
  -1.1262327e+01  -4.3000000e+01  -1.4261612e+02  -2.6548616e+01   1.2000000e+01  -4.2000000e+01  -2.4855000e+01
  -9.0271223e+00  -4.3000000e+01  -1.4580046e+02  -3.1044251e+01   1.2000000e+01  -4.2000000e+01  -1.5393474e+01
