   2.3451633e+01  -4.0427511e+01  -1.7103310e+02   3.1182842e+01   5.9045814e+00  -5.2847424e+01   3.8715475e+01
   1.5011509e+01  -4.1385743e+01  -1.5708832e+02   2.7359288e+01   1.8843048e+00  -4.4910277e+01   4.4170895e+01
   1.3000000e+01  -4.3000000e+01  -1.5400000e+02   2.1119520e+01   2.9168348e-02  -4.2000000e+01   4.6072408e+01
   1.3000000e+01  -4.3000000e+01  -1.5400000e+02   1.9222254e+01  -1.4738979e+00  -4.2000000e+01   4.8564015e+01
   1.3000000e+01  -4.3000000e+01  -1.5400000e+02   1.9864962e+01  -2.8794108e+00  -4.2000000e+01   5.1061786e+01
   1.3000000e+01  -4.3000000e+01  -1.5400000e+02   2.2535190e+01  -4.1702044e+00  -4.2000000e+01   5.3526350e+01
   1.3000000e+01  -4.3000000e+01  -1.5400000e+02   2.5098394e+01  -5.0733732e+00  -4.2000000e+01   5.4982060e+01
   1.3000000e+01  -4.3000000e+01  -1.5400000e+02   2.6854661e+01  -5.8236660e+00  -4.2000000e+01   5.5681527e+01
   1.3000000e+01  -4.3000000e+01  -1.5400000e+02   2.8371386e+01  -6.3422802e+00  -4.2000000e+01   5.5537084e+01
   1.3000000e+01  -4.3000000e+01  -1.5400000e+02   3.0215805e+01  -6.8619434e+00  -4.2000000e+01   5.5230595e+01
   1.3000000e+01  -4.3000000e+01  -1.5400000e+02   3.1864561e+01  -7.0948787e+00  -4.2000000e+01   5.3321679e+01
   1.3000000e+01  -4.3000000e+01  -1.5400000e+02   3.1640773e+01  -7.2536320e+00  -4.2000000e+01   5.1434957e+01
   1.3000000e+01  -4.3000000e+01  -1.5400000e+02   3.2979975e+01  -6.4745824e+00  -4.2000000e+01   5.0823371e+01
   1.3000000e+01  -4.3000000e+01  -1.5400000e+02   3.4667720e+01  -4.9695780e+00  -4.2000000e+01   4.9370085e+01
   1.3000000e+01  -4.3000000e+01  -1.5400000e+02   3.6102526e+01  -3.1499470e+00  -4.2000000e+01   4.7431897e+01
   1.3000000e+01  -4.3000000e+01  -1.5400000e+02   3.8417276e+01  -4.8585536e-01  -4.2000000e+01   4.4719715e+01
   1.3000000e+01  -4.3000000e+01  -1.5400000e+02   4.0882258e+01   2.7145392e+00  -4.2000000e+01   4.2629878e+01
   1.3000000e+01  -4.3000000e+01  -1.5400000e+02   4.1436850e+01   4.9600334e+00  -4.2000000e+01   4.1193221e+01
   1.3000000e+01  -4.3000000e+01  -1.5400000e+02   4.1499602e+01   6.6524681e+00  -4.2000000e+01   3.9756410e+01
   1.3000000e+01  -4.3000000e+01  -1.5400000e+02   4.4132146e+01   8.5025727e+00  -4.2000000e+01   3.7332831e+01
   1.3000000e+01  -4.3000000e+01  -1.5400000e+02   4.6892848e+01   1.1219415e+01  -4.2000000e+01   3.4514509e+01
   1.3000000e+01  -4.3000000e+01  -1.5400000e+02   4.9320697e+01   1.3156835e+01  -4.2000000e+01   3.1343309e+01
   1.3000000e+01  -4.3000000e+01  -1.5400000e+02   5.1032205e+01   1.4742923e+01  -4.2000000e+01   2.8651223e+01
   1.3000000e+01  -4.3000000e+01  -1.5400000e+02   5.3502935e+01   1.6320556e+01  -4.2000000e+01   2.5981627e+01
   1.3000000e+01  -4.3000000e+01  -1.5400000e+02   5.5973665e+01   1.7898188e+01  -4.2000000e+01   2.3312032e+01
   1.3000000e+01  -4.3000000e+01  -1.5400000e+02   5.7907653e+01   1.9512763e+01  -4.2000000e+01   2.1158810e+01
   1.3000000e+01  -4.3000000e+01  -1.5400000e+02   6.0109496e+01   2.1079639e+01  -4.2000000e+01   1.8925440e+01
   1.3000000e+01  -4.3000000e+01  -1.5400000e+02   6.1791784e+01   2.2621444e+01  -4.2000000e+01   1.6633116e+01
   1.3000000e+01  -4.3000000e+01  -1.5400000e+02   6.4428203e+01   2.4114007e+01  -4.2000000e+01   1.4373786e+01
   1.3000000e+01  -4.3000000e+01  -1.5400000e+02   6.6685534e+01   2.5550670e+01  -4.2000000e+01   1.2007610e+01
   1.3000000e+01  -4.3000000e+01  -1.5400000e+02   6.9157189e+01   2.6978636e+01  -4.2000000e+01   9.6373048e+00
   1.3000000e+01  -4.3000000e+01  -1.5400000e+02   7.1488312e+01   2.8522611e+01  -4.2000000e+01   7.1092953e+00
   1.3000000e+01  -4.3000000e+01  -1.5400000e+02   7.3426186e+01   3.0150249e+01  -4.2000000e+01   4.4906699e+00
   1.3000000e+01  -4.3000000e+01  -1.5400000e+02   7.1873202e+01   3.1927939e+01  -4.2000000e+01   1.6729127e+00
   1.3000000e+01  -4.3000000e+01  -1.5400000e+02   6.5357962e+01   3.3396570e+01  -4.2000000e+01  -1.6801859e+00
   1.3000000e+01  -4.3000000e+01  -1.5400000e+02   5.8726483e+01   3.3948210e+01  -4.2000000e+01  -5.7238500e+00
   1.3000000e+01  -4.3000000e+01  -1.5400000e+02   5.3514275e+01   3.3758129e+01  -4.2000000e+01  -8.3342315e+00
   1.3000000e+01  -4.3000000e+01  -1.5400000e+02   4.6106045e+01   3.1526066e+01  -4.2000000e+01  -6.4037188e+00
   1.3000000e+01  -4.3000000e+01  -1.5400000e+02   4.0218309e+01   2.7636882e+01  -4.2000000e+01  -1.8337383e+00
   1.3000000e+01  -4.3000000e+01  -1.5400000e+02   3.3507061e+01   2.2628363e+01  -4.2000000e+01   2.1253798e+00
   1.3000000e+01  -4.3000000e+01  -1.5400000e+02   2.8353826e+01   1.8101583e+01  -4.2000000e+01   6.6152351e+00
   1.3000000e+01  -4.3000000e+01  -1.5400000e+02   2.4334107e+01   1.3579517e+01  -4.2000000e+01   1.1289580e+01
   1.3000000e+01  -4.3000000e+01  -1.5400000e+02   2.2255378e+01   9.5796082e+00  -4.2000000e+01   1.6871750e+01
   1.3000000e+01  -4.3000000e+01  -1.5400000e+02   2.0815140e+01   6.9138118e+00  -4.2000000e+01   2.2439121e+01
   1.3000000e+01  -4.3000000e+01  -1.5400000e+02   2.0043915e+01   4.2979628e+00  -4.2000000e+01   2.7986411e+01
   1.3000000e+01  -4.3000000e+01  -1.5400000e+02   2.0478251e+01   2.3890568e+00  -4.2000000e+01   3.3044816e+01
   1.3000000e+01  -4.3000000e+01  -1.5400000e+02   2.1590329e+01   4.9788552e-01  -4.2000000e+01   3.8343976e+01
   1.3000000e+01  -4.3000000e+01  -1.5400000e+02   2.4145571e+01  -1.2125537e+00  -4.2000000e+01   4.3024887e+01
   1.3000000e+01  -4.3000000e+01  -1.5400000e+02   2.6131925e+01  -2.7257244e+00  -4.2000000e+01   4.6619882e+01
   1.3000000e+01  -4.3000000e+01  -1.5400000e+02   2.7573459e+01  -4.0158609e+00  -4.2000000e+01   4.9103510e+01
   1.3000000e+01  -4.3000000e+01  -1.5400000e+02   2.8829671e+01  -5.0028804e+00  -4.2000000e+01   5.0588686e+01
   1.3000000e+01  -4.3000000e+01  -1.5400000e+02   2.9977950e+01  -5.6616842e+00  -4.2000000e+01   5.1446349e+01
   1.3000000e+01  -4.3000000e+01  -1.5400000e+02   3.0715112e+01  -6.0774890e+00  -4.2000000e+01   5.1387420e+01
   1.3000000e+01  -4.3000000e+01  -1.5400000e+02   3.1508375e+01  -5.9743399e+00  -4.2000000e+01   5.0792856e+01
   1.3000000e+01  -4.3000000e+01  -1.5400000e+02   3.2895240e+01  -5.2421805e+00  -4.2000000e+01   5.0065442e+01
   1.3000000e+01  -4.3000000e+01  -1.5400000e+02   3.4735337e+01  -4.0535206e+00  -4.2000000e+01   4.8855959e+01
   1.3000000e+01  -4.3000000e+01  -1.5400000e+02   3.6272009e+01  -2.1443915e+00  -4.2000000e+01   4.7618374e+01
   1.3000000e+01  -4.3000000e+01  -1.5400000e+02   3.7759150e+01   2.0170935e-01  -4.2000000e+01   4.4884633e+01
   1.3000000e+01  -4.3000000e+01  -1.5400000e+02   3.8232827e+01   2.2434508e+00  -4.2000000e+01   4.2768965e+01
   1.3000000e+01  -4.3000000e+01  -1.5400000e+02   4.1533652e+01   4.7960980e+00  -4.2000000e+01   4.0216129e+01
   1.3000000e+01  -4.3000000e+01  -1.5400000e+02   4.5300010e+01   8.2759522e+00  -4.2000000e+01   3.6240112e+01
   1.3000000e+01  -4.3000000e+01  -1.5400000e+02   4.6815960e+01   1.1200844e+01  -4.2000000e+01   3.3626603e+01
   1.3000000e+01  -4.3000000e+01  -1.5400000e+02   4.9186076e+01   1.3011136e+01  -4.2000000e+01   3.0834419e+01
   1.3000000e+01  -4.3000000e+01  -1.5400000e+02   5.0803771e+01   1.4807769e+01  -4.2000000e+01   2.8047250e+01
   1.3000000e+01  -4.3000000e+01  -1.5400000e+02   5.3179322e+01   1.6869434e+01  -4.2000000e+01   2.5993127e+01
   1.3000000e+01  -4.3000000e+01  -1.5400000e+02   5.5205265e+01   1.8294907e+01  -4.2000000e+01   2.3767235e+01
   1.3000000e+01  -4.3000000e+01  -1.5400000e+02   5.7377547e+01   1.9723968e+01  -4.2000000e+01   2.1510592e+01
   1.3000000e+01  -4.3000000e+01  -1.5400000e+02   5.9278415e+01   2.1216937e+01  -4.2000000e+01   1.9300954e+01
   1.3000000e+01  -4.3000000e+01  -1.5400000e+02   6.1582336e+01   2.2769813e+01  -4.2000000e+01   1.7248480e+01
   1.3000000e+01  -4.3000000e+01  -1.5400000e+02   6.4111526e+01   2.4373525e+01  -4.2000000e+01   1.5142826e+01
   1.3000000e+01  -4.3000000e+01  -1.5400000e+02   6.5113445e+01   2.6002784e+01  -4.2000000e+01   1.2939367e+01
   1.3000000e+01  -4.3000000e+01  -1.5400000e+02   6.7103762e+01   2.7592887e+01  -4.2000000e+01   1.0763669e+01
   1.3000000e+01  -4.3000000e+01  -1.5400000e+02   6.8526725e+01   2.9118907e+01  -4.2000000e+01   8.3922148e+00
   1.3000000e+01  -4.3000000e+01  -1.5400000e+02   6.7291169e+01   3.0666282e+01  -4.2000000e+01   5.7501411e+00
   1.3000000e+01  -4.3000000e+01  -1.5400000e+02   6.0402423e+01   3.1886825e+01  -4.2000000e+01   1.9401696e+00
   1.3000000e+01  -4.3000000e+01  -1.5400000e+02   5.5029596e+01   3.2942849e+01  -4.2000000e+01  -1.8100350e+00
   1.3000000e+01  -4.3000000e+01  -1.5400000e+02   4.9164080e+01   3.1671016e+01  -4.2000000e+01  -4.7892281e+00
   1.3000000e+01  -4.3000000e+01  -1.5400000e+02   4.3986318e+01   2.7987622e+01  -4.2000000e+01  -4.9403024e+00
   1.3000000e+01  -4.3000000e+01  -1.5400000e+02   3.9537521e+01   2.3329184e+01  -4.2000000e+01  -1.8933233e+00
   1.3000000e+01  -4.3000000e+01  -1.5400000e+02   3.4600740e+01   1.8734751e+01  -4.2000000e+01   1.2019479e+00
   1.3000000e+01  -4.3000000e+01  -1.5400000e+02   3.2345981e+01   1.3937307e+01  -4.2000000e+01   5.0988300e+00
   1.3000000e+01  -4.3000000e+01  -1.5400000e+02   2.8938788e+01   1.0197468e+01  -4.2000000e+01   1.0083597e+01
   1.3000000e+01  -4.3000000e+01  -1.5400000e+02   2.5431993e+01   6.7712343e+00  -4.2000000e+01   1.5484975e+01
   1.3000000e+01  -4.3000000e+01  -1.5400000e+02   2.3482957e+01   4.2397152e+00  -4.2000000e+01   2.1499354e+01
   1.3000000e+01  -4.3000000e+01  -1.5400000e+02   2.3228912e+01   1.8296106e+00  -4.2000000e+01   2.7647958e+01
   1.3000000e+01  -4.3000000e+01  -1.5400000e+02   2.4973554e+01   2.4533068e-01  -4.2000000e+01   3.4190469e+01
   1.3000000e+01  -4.3000000e+01  -1.5400000e+02   2.8128499e+01  -1.3137205e+00  -4.2000000e+01   3.9663015e+01
   1.3000000e+01  -4.3000000e+01  -1.5400000e+02   3.0363235e+01  -2.3606177e+00  -4.2000000e+01   4.4022864e+01
   1.3000000e+01  -4.3000000e+01  -1.5400000e+02   3.2078383e+01  -2.8975348e+00  -4.2000000e+01   4.6101227e+01
   1.3000000e+01  -4.3000000e+01  -1.5400000e+02   3.3467312e+01  -3.0353011e+00  -4.2000000e+01   4.7079019e+01
   1.3000000e+01  -4.3000000e+01  -1.5400000e+02   3.4786856e+01  -2.8431154e+00  -4.2000000e+01   4.7013169e+01
   1.3000000e+01  -4.3000000e+01  -1.5400000e+02   3.5621056e+01  -2.5935089e+00  -4.2000000e+01   4.6904605e+01
   1.3000000e+01  -4.3000000e+01  -1.5400000e+02   3.6873216e+01  -1.4014667e+00  -4.2000000e+01   4.6254356e+01
   1.3000000e+01  -4.3000000e+01  -1.5400000e+02   3.7939617e+01   2.7185571e-01  -4.2000000e+01   4.4976362e+01
   1.3000000e+01  -4.3000000e+01  -1.5400000e+02   3.8544610e+01   1.9706237e+00  -4.2000000e+01   4.3697293e+01
   1.3000000e+01  -4.3000000e+01  -1.5400000e+02   4.0900350e+01   4.5523289e+00  -4.2000000e+01   4.2459598e+01
   1.3000000e+01  -4.3000000e+01  -1.5400000e+02   4.1927944e+01   7.5979323e+00  -4.2000000e+01   4.0748840e+01
   1.3000000e+01  -4.3000000e+01  -1.5400000e+02   4.3131598e+01   1.0174160e+01  -4.2000000e+01   3.8700489e+01
   1.3000000e+01  -4.3000000e+01  -1.5400000e+02   4.4958010e+01   1.1749316e+01  -4.2000000e+01   3.6653425e+01
   1.3000000e+01  -4.3000000e+01  -1.5400000e+02   4.7116515e+01   1.2449561e+01  -4.2000000e+01   3.4970222e+01
   1.3000000e+01  -4.3000000e+01  -1.5400000e+02   4.8068236e+01   1.3772482e+01  -4.2000000e+01   3.3006843e+01
   1.3000000e+01  -4.3000000e+01  -1.5400000e+02   4.8116361e+01   1.4706494e+01  -4.2000000e+01   3.1143768e+01
   1.3000000e+01  -4.3000000e+01  -1.5400000e+02   4.9781496e+01   1.6358056e+01  -4.2000000e+01   3.0212067e+01
   1.3000000e+01  -4.3000000e+01  -1.5400000e+02   5.2666010e+01   1.7982242e+01  -4.2000000e+01   2.9285865e+01
   1.3000000e+01  -4.3000000e+01  -1.5400000e+02   5.4628331e+01   1.9393644e+01  -4.2000000e+01   2.7812558e+01
   1.3000000e+01  -4.3000000e+01  -1.5400000e+02   5.6408533e+01   2.0763687e+01  -4.2000000e+01   2.6243670e+01
   1.3000000e+01  -4.3000000e+01  -1.5400000e+02   5.7576966e+01   2.1851812e+01  -4.2000000e+01   2.4089409e+01
   1.3000000e+01  -4.3000000e+01  -1.5400000e+02   5.9127486e+01   2.2960918e+01  -4.2000000e+01   2.1956005e+01
   1.3000000e+01  -4.3000000e+01  -1.5400000e+02   6.0678006e+01   2.4070024e+01  -4.2000000e+01   1.9822600e+01
   1.3000000e+01  -4.3000000e+01  -1.5400000e+02   6.1941698e+01   2.5219301e+01  -4.2000000e+01   1.7665047e+01
   1.3000000e+01  -4.3000000e+01  -1.5400000e+02   6.3054014e+01   2.6397783e+01  -4.2000000e+01   1.5524469e+01
   1.3000000e+01  -4.3000000e+01  -1.5400000e+02   6.5476856e+01   2.7597235e+01  -4.2000000e+01   1.3416481e+01
   1.3000000e+01  -4.3000000e+01  -1.5400000e+02   6.7017088e+01   2.8860292e+01  -4.2000000e+01   1.1263417e+01
   1.3000000e+01  -4.3000000e+01  -1.5400000e+02   6.8557320e+01   3.0123349e+01  -4.2000000e+01   9.1103523e+00
   1.3000000e+01  -4.3000000e+01  -1.5400000e+02   6.9485160e+01   3.1383933e+01  -4.2000000e+01   7.0407233e+00
   1.3000000e+01  -4.3000000e+01  -1.5400000e+02   6.8506905e+01   3.2267713e+01  -4.2000000e+01   5.5919662e+00
   1.3000000e+01  -4.3000000e+01  -1.5400000e+02   6.2822747e+01   3.2845861e+01  -4.2000000e+01   3.3766188e+00
   1.3000000e+01  -4.3000000e+01  -1.5400000e+02   5.6967801e+01   3.3176798e+01  -4.2000000e+01   6.6566319e-01
   1.3000000e+01  -4.3000000e+01  -1.5400000e+02   4.9020894e+01   3.1559046e+01  -4.2000000e+01  -8.0479588e-01
   1.3000000e+01  -4.3000000e+01  -1.5400000e+02   4.3843508e+01   2.8421473e+01  -4.2000000e+01   1.3416390e+00
   1.3000000e+01  -4.3000000e+01  -1.5400000e+02   3.8260030e+01   2.3208417e+01  -4.2000000e+01   5.0232393e+00
   1.3000000e+01  -4.3000000e+01  -1.5400000e+02   3.3479122e+01   1.7959256e+01  -4.2000000e+01   8.7679639e+00
   1.3000000e+01  -4.3000000e+01  -1.5400000e+02   2.9687522e+01   1.3508522e+01  -4.2000000e+01   1.2984355e+01
   1.3000000e+01  -4.3000000e+01  -1.5400000e+02   2.7323391e+01   9.1437710e+00  -4.2000000e+01   1.7348166e+01
   1.3000000e+01  -4.3000000e+01  -1.5400000e+02   2.6064153e+01   5.4476804e+00  -4.2000000e+01   2.2011752e+01
   1.3000000e+01  -4.3000000e+01  -1.5400000e+02   2.3743787e+01   2.7793715e+00  -4.2000000e+01   2.6689250e+01
   1.3000000e+01  -4.3000000e+01  -1.5400000e+02   2.2386352e+01   1.1560744e+00  -4.2000000e+01   3.1578696e+01
   1.3000000e+01  -4.3000000e+01  -1.5400000e+02   2.0455051e+01  -2.8725300e-01  -4.2000000e+01   3.6476620e+01
   1.3000000e+01  -4.3000000e+01  -1.5400000e+02   2.2032924e+01  -1.5340767e+00  -4.2000000e+01   4.1463237e+01
   1.3000000e+01  -4.3000000e+01  -1.5400000e+02   2.5645236e+01  -2.6158923e+00  -4.2000000e+01   4.6359623e+01
   1.3000000e+01  -4.3000000e+01  -1.5400000e+02   2.7834251e+01  -3.3017276e+00  -4.2000000e+01   5.0000571e+01
   1.3000000e+01  -4.3000000e+01  -1.5400000e+02   2.9475279e+01  -3.6786710e+00  -4.2000000e+01   5.2526516e+01
   1.3000000e+01  -4.3000000e+01  -1.5400000e+02   3.1629872e+01  -3.8711745e+00  -4.2000000e+01   5.3454262e+01
   1.3000000e+01  -4.3000000e+01  -1.5400000e+02   3.2101101e+01  -3.8306674e+00  -4.2000000e+01   5.3273955e+01
   1.3000000e+01  -4.3000000e+01  -1.5400000e+02   3.3525694e+01  -3.5624949e+00  -4.2000000e+01   5.2203810e+01
   1.3000000e+01  -4.3000000e+01  -1.5400000e+02   3.3842803e+01  -2.6961858e+00  -4.2000000e+01   5.1751759e+01
   1.3000000e+01  -4.3000000e+01  -1.5400000e+02   3.4751095e+01  -1.3314322e+00  -4.2000000e+01   5.0528594e+01
   1.3000000e+01  -4.3000000e+01  -1.5400000e+02   3.6663670e+01   9.5434669e-01  -4.2000000e+01   4.8653945e+01
   1.3000000e+01  -4.3000000e+01  -1.5400000e+02   3.7806888e+01   4.6664791e+00  -4.2000000e+01   4.7253005e+01
   1.3000000e+01  -4.3000000e+01  -1.5400000e+02   3.9274322e+01   7.6415586e+00  -4.2000000e+01   4.4369788e+01
   1.3000000e+01  -4.3000000e+01  -1.5400000e+02   3.9568322e+01   9.8439944e+00  -4.2000000e+01   4.3148441e+01
   1.3000000e+01  -4.3000000e+01  -1.5400000e+02   4.1702303e+01   1.1456094e+01  -4.2000000e+01   4.1268872e+01
   1.3000000e+01  -4.3000000e+01  -1.5400000e+02   4.4649068e+01   1.3298741e+01  -4.2000000e+01   3.8510478e+01
   1.3000000e+01  -4.3000000e+01  -1.5400000e+02   4.6184608e+01   1.4763382e+01  -4.2000000e+01   3.6404824e+01
   1.3000000e+01  -4.3000000e+01  -1.5400000e+02   4.8378802e+01   1.6187035e+01  -4.2000000e+01   3.4659557e+01
   1.3000000e+01  -4.3000000e+01  -1.5400000e+02   5.0988641e+01   1.7797180e+01  -4.2000000e+01   3.2199263e+01
   1.3000000e+01  -4.3000000e+01  -1.5400000e+02   5.3598481e+01   1.9407324e+01  -4.2000000e+01   2.9738968e+01
   1.3000000e+01  -4.3000000e+01  -1.5400000e+02   5.6710828e+01   2.0892770e+01  -4.2000000e+01   2.7309050e+01
   1.3000000e+01  -4.3000000e+01  -1.5400000e+02   5.7033424e+01   2.2357698e+01  -4.2000000e+01   2.4818496e+01
   1.3000000e+01  -4.3000000e+01  -1.5400000e+02   5.8565867e+01   2.3733558e+01  -4.2000000e+01   2.2521949e+01
   1.3000000e+01  -4.3000000e+01  -1.5400000e+02   6.0932935e+01   2.5049206e+01  -4.2000000e+01   2.0332880e+01
   1.3000000e+01  -4.3000000e+01  -1.5400000e+02   6.2646086e+01   2.6306671e+01  -4.2000000e+01   1.8158701e+01
   1.3000000e+01  -4.3000000e+01  -1.5400000e+02   6.4359237e+01   2.7564136e+01  -4.2000000e+01   1.5984522e+01
   1.3000000e+01  -4.3000000e+01  -1.5400000e+02   6.5697528e+01   2.8711235e+01  -4.2000000e+01   1.3747453e+01
   1.3000000e+01  -4.3000000e+01  -1.5400000e+02   6.7579525e+01   2.9770910e+01  -4.2000000e+01   1.1444102e+01
   1.3000000e+01  -4.3000000e+01  -1.5400000e+02   6.8633467e+01   3.0809379e+01  -4.2000000e+01   9.1177816e+00
   1.3000000e+01  -4.3000000e+01  -1.5400000e+02   6.9687408e+01   3.1847849e+01  -4.2000000e+01   6.7914612e+00
   1.3000000e+01  -4.3000000e+01  -1.5400000e+02   7.0741349e+01   3.2886319e+01  -4.2000000e+01   4.4651409e+00
   1.3000000e+01  -4.3000000e+01  -1.5400000e+02   7.0774974e+01   3.4063139e+01  -4.2000000e+01   2.0378517e+00
   1.3000000e+01  -4.3000000e+01  -1.5400000e+02   6.6685128e+01   3.5457045e+01  -4.2000000e+01  -7.0552667e-01
   1.3000000e+01  -4.3000000e+01  -1.5400000e+02   6.0560545e+01   3.6872880e+01  -4.2000000e+01  -3.5730202e+00
   1.3000000e+01  -4.3000000e+01  -1.5400000e+02   5.4300897e+01   3.6339490e+01  -4.2000000e+01  -4.6430006e+00
   1.3000000e+01  -4.3000000e+01  -1.5400000e+02   4.8350612e+01   3.3720282e+01  -4.2000000e+01  -1.8084237e+00
   1.3000000e+01  -4.3000000e+01  -1.5400000e+02   4.4148598e+01   2.9252371e+01  -4.2000000e+01   2.1490815e+00
   1.3000000e+01  -4.3000000e+01  -1.5400000e+02   3.8823309e+01   2.3022172e+01  -4.2000000e+01   7.3287059e+00
   1.3000000e+01  -4.3000000e+01  -1.5400000e+02   3.5409602e+01   1.7774862e+01  -4.2000000e+01   1.2757002e+01
   1.3000000e+01  -4.3000000e+01  -1.5400000e+02   3.1373039e+01   1.3590884e+01  -4.2000000e+01   1.8198028e+01
   1.3000000e+01  -4.3000000e+01  -1.5400000e+02   2.8208411e+01   9.4549172e+00  -4.2000000e+01   2.3600418e+01
   1.3000000e+01  -4.3000000e+01  -1.5400000e+02   2.7313894e+01   6.0308156e+00  -4.2000000e+01   2.9060770e+01
   1.3000000e+01  -4.3000000e+01  -1.5400000e+02   2.7768061e+01   3.0498887e+00  -4.2000000e+01   3.4160569e+01
   1.3000000e+01  -4.3000000e+01  -1.5400000e+02   2.8102814e+01   4.4214801e-01  -4.2000000e+01   3.8986026e+01
   1.3000000e+01  -4.3000000e+01  -1.5400000e+02   2.8889258e+01  -1.6078512e+00  -4.2000000e+01   4.3453295e+01
   1.3000000e+01  -4.3000000e+01  -1.5400000e+02   3.0096468e+01  -3.1687149e+00  -4.2000000e+01   4.7036626e+01
   1.3000000e+01  -4.3000000e+01  -1.5400000e+02   3.0257496e+01  -4.2258297e+00  -4.2000000e+01   4.9984791e+01
   1.3000000e+01  -4.3000000e+01  -1.5400000e+02   3.1740069e+01  -4.8836162e+00  -4.2000000e+01   5.1738459e+01
   1.3000000e+01  -4.3000000e+01  -1.5400000e+02   3.1783876e+01  -5.3163328e+00  -4.2000000e+01   5.2152581e+01
   1.3000000e+01  -4.3000000e+01  -1.5400000e+02   3.1616826e+01  -5.5126798e+00  -4.2000000e+01   5.2033689e+01
   1.3000000e+01  -4.3000000e+01  -1.5400000e+02   3.1907630e+01  -5.1147761e+00  -4.2000000e+01   5.2475850e+01
   1.3000000e+01  -4.3000000e+01  -1.5400000e+02   3.3157439e+01  -4.6669449e+00  -4.2000000e+01   5.1614218e+01
   1.3000000e+01  -4.3000000e+01  -1.5400000e+02   3.4107146e+01  -4.0017125e+00  -4.2000000e+01   5.1162184e+01
   1.3000000e+01  -4.3000000e+01  -1.5400000e+02   3.4516218e+01  -3.2729378e+00  -4.2000000e+01   5.0701994e+01
   1.3000000e+01  -4.3000000e+01  -1.5400000e+02   3.7023396e+01  -1.4408149e+00  -4.2000000e+01   4.9548546e+01
   1.3000000e+01  -4.3000000e+01  -1.5400000e+02   3.7341200e+01   3.5985393e-01  -4.2000000e+01   4.8338815e+01
   1.3000000e+01  -4.3000000e+01  -1.5400000e+02   3.8470294e+01   2.1729836e+00  -4.2000000e+01   4.7105255e+01
   1.3000000e+01  -4.3000000e+01  -1.5400000e+02   3.8500415e+01   3.3765972e+00  -4.2000000e+01   4.5572342e+01
   1.3000000e+01  -4.3000000e+01  -1.5400000e+02   4.0659207e+01   4.7296606e+00  -4.2000000e+01   4.3432243e+01
   1.3000000e+01  -4.3000000e+01  -1.5400000e+02   4.2383559e+01   6.6434327e+00  -4.2000000e+01   4.1761204e+01
   1.3000000e+01  -4.3000000e+01  -1.5400000e+02   4.5385488e+01   9.1651530e+00  -4.2000000e+01   3.8993336e+01
   1.3000000e+01  -4.3000000e+01  -1.5400000e+02   4.6598693e+01   1.1432954e+01  -4.2000000e+01   3.6775570e+01
   1.3000000e+01  -4.3000000e+01  -1.5400000e+02   4.6997826e+01   1.3018985e+01  -4.2000000e+01   3.5408534e+01
   1.3000000e+01  -4.3000000e+01  -1.5400000e+02   4.7629842e+01   1.4600930e+01  -4.2000000e+01   3.4102249e+01
   1.3000000e+01  -4.3000000e+01  -1.5400000e+02   4.8567589e+01   1.5597485e+01  -4.2000000e+01   3.2644544e+01
   1.3000000e+01  -4.3000000e+01  -1.5400000e+02   5.0075076e+01   1.6211942e+01  -4.2000000e+01   3.0742840e+01
   1.3000000e+01  -4.3000000e+01  -1.5400000e+02   5.1350494e+01   1.6795830e+01  -4.2000000e+01   2.8856037e+01
   1.3000000e+01  -4.3000000e+01  -1.5400000e+02   5.2020311e+01   1.7266273e+01  -4.2000000e+01   2.7603148e+01
   1.3000000e+01  -4.3000000e+01  -1.5400000e+02   5.2849044e+01   1.7748175e+01  -4.2000000e+01   2.6377120e+01
   1.3000000e+01  -4.3000000e+01  -1.5400000e+02   5.3677777e+01   1.8230077e+01  -4.2000000e+01   2.5151092e+01
   1.3000000e+01  -4.3000000e+01  -1.5400000e+02   5.4426694e+01   1.8698138e+01  -4.2000000e+01   2.3920426e+01
   1.3000000e+01  -4.3000000e+01  -1.5400000e+02   5.5092049e+01   1.9174868e+01  -4.2000000e+01   2.2687922e+01
   1.3000000e+01  -4.3000000e+01  -1.5400000e+02   5.5816292e+01   1.9554236e+01  -4.2000000e+01   2.0829896e+01
   1.3000000e+01  -4.3000000e+01  -1.5400000e+02   5.6717966e+01   1.9931084e+01  -4.2000000e+01   1.9086337e+01
   1.3000000e+01  -4.3000000e+01  -1.5400000e+02   5.6760314e+01   2.0310964e+01  -4.2000000e+01   1.7350384e+01
   1.3000000e+01  -4.3000000e+01  -1.5400000e+02   5.7291238e+01   2.0828638e+01  -4.2000000e+01   1.6353053e+01
   1.3000000e+01  -4.3000000e+01  -1.5400000e+02   5.8469798e+01   2.1338406e+01  -4.2000000e+01   1.5310900e+01
   1.3000000e+01  -4.3000000e+01  -1.5400000e+02   5.9349699e+01   2.1969369e+01  -4.2000000e+01   1.3629360e+01
   1.3000000e+01  -4.3000000e+01  -1.5400000e+02   5.9746148e+01   2.2599196e+01  -4.2000000e+01   1.1956319e+01
   1.3000000e+01  -4.3000000e+01  -1.5400000e+02   6.0963694e+01   2.3217977e+01  -4.2000000e+01   1.0383400e+01
   1.3000000e+01  -4.3000000e+01  -1.5400000e+02   6.1036000e+01   2.3865588e+01  -4.2000000e+01   8.8115105e+00
   1.3000000e+01  -4.3000000e+01  -1.5400000e+02   5.9668877e+01   2.4465824e+01  -4.2000000e+01   7.1324220e+00
   1.3000000e+01  -4.3000000e+01  -1.5400000e+02   5.3451209e+01   2.4231940e+01  -4.2000000e+01   5.8280470e+00
   1.3000000e+01  -4.3000000e+01  -1.5400000e+02   4.5555636e+01   2.2192503e+01  -4.2000000e+01   7.3164976e+00
   1.3000000e+01  -4.3000000e+01  -1.5400000e+02   3.8906790e+01   1.9366635e+01  -4.2000000e+01   1.2709060e+01
   1.3000000e+01  -4.3000000e+01  -1.5400000e+02   3.4241348e+01   1.6997402e+01  -4.2000000e+01   1.7400466e+01
   1.3000000e+01  -4.3000000e+01  -1.5400000e+02   3.0663703e+01   1.4659943e+01  -4.2000000e+01   2.1321987e+01
   1.3000000e+01  -4.3000000e+01  -1.5400000e+02   2.8243805e+01   1.2363639e+01  -4.2000000e+01   2.5317951e+01
   1.3000000e+01  -4.3000000e+01  -1.5400000e+02   2.6255606e+01   1.0030444e+01  -4.2000000e+01   2.9226812e+01
   1.3000000e+01  -4.3000000e+01  -1.5400000e+02   2.3846804e+01   7.6499578e+00  -4.2000000e+01   3.2973850e+01
   1.3000000e+01  -4.3000000e+01  -1.5400000e+02   2.1945818e+01   5.2457184e+00  -4.2000000e+01   3.6612297e+01
   1.3000000e+01  -4.3000000e+01  -1.5400000e+02   2.2831777e+01   2.9129703e+00  -4.2000000e+01   4.0411425e+01
   1.3000000e+01  -4.3000000e+01  -1.5400000e+02   2.5326639e+01   1.2883401e+00  -4.2000000e+01   4.4286673e+01
   1.3000000e+01  -4.3000000e+01  -1.5400000e+02   2.8051683e+01  -1.7584881e-01  -4.2000000e+01   4.7519713e+01
   1.3000000e+01  -4.3000000e+01  -1.5400000e+02   2.9176680e+01  -1.5329160e+00  -4.2000000e+01   4.9581664e+01
   1.3000000e+01  -4.3000000e+01  -1.5400000e+02   3.0119704e+01  -2.6875019e+00  -4.2000000e+01   5.0744189e+01
   1.3000000e+01  -4.3000000e+01  -1.5400000e+02   3.1913682e+01  -3.4505766e+00  -4.2000000e+01   5.1269164e+01
   1.3000000e+01  -4.3000000e+01  -1.5400000e+02   3.2421301e+01  -3.9903793e+00  -4.2000000e+01   5.0796881e+01
   1.3000000e+01  -4.3000000e+01  -1.5400000e+02   3.3150246e+01  -4.4803182e+00  -4.2000000e+01   5.0200806e+01
   1.3000000e+01  -4.3000000e+01  -1.5400000e+02   3.4427245e+01  -4.4256765e+00  -4.2000000e+01   4.9085077e+01
   1.3000000e+01  -4.3000000e+01  -1.5400000e+02   3.4771529e+01  -4.3135616e+00  -4.2000000e+01   4.7977636e+01
   1.3000000e+01  -4.3000000e+01  -1.5400000e+02   3.5553461e+01  -3.5145786e+00  -4.2000000e+01   4.6852659e+01
   1.3000000e+01  -4.3000000e+01  -1.5400000e+02   3.6498036e+01  -2.4330404e+00  -4.2000000e+01   4.5353223e+01
   1.3000000e+01  -4.3000000e+01  -1.5400000e+02   3.8659315e+01  -6.5176158e-01  -4.2000000e+01   4.4057799e+01
   1.3000000e+01  -4.3000000e+01  -1.5400000e+02   3.8844035e+01   1.1781223e+00  -4.2000000e+01   4.2720761e+01
   1.3000000e+01  -4.3000000e+01  -1.5400000e+02   4.1632868e+01   4.4524620e+00  -4.2000000e+01   4.0352724e+01
   1.3000000e+01  -4.3000000e+01  -1.5400000e+02   4.3874218e+01   8.1195386e+00  -4.2000000e+01   3.8210634e+01
   1.3000000e+01  -4.3000000e+01  -1.5400000e+02   4.5033557e+01   1.0602835e+01  -4.2000000e+01   3.6710759e+01
   1.3000000e+01  -4.3000000e+01  -1.5400000e+02   4.4224764e+01   1.1353315e+01  -4.2000000e+01   3.5344547e+01
   1.3000000e+01  -4.3000000e+01  -1.5400000e+02   4.6942253e+01   1.2296749e+01  -4.2000000e+01   3.3254160e+01
   1.3000000e+01  -4.3000000e+01  -1.5400000e+02   5.0853000e+01   1.3553559e+01  -4.2000000e+01   3.0083583e+01
   1.3000000e+01  -4.3000000e+01  -1.5400000e+02   5.3711902e+01   1.4830615e+01  -4.2000000e+01   2.6890053e+01
   1.3000000e+01  -4.3000000e+01  -1.5400000e+02   5.5974823e+01   1.6101031e+01  -4.2000000e+01   2.3691219e+01
   1.3000000e+01  -4.3000000e+01  -1.5400000e+02   5.7518255e+01   1.7357157e+01  -4.2000000e+01   2.0501724e+01
   1.3000000e+01  -4.3000000e+01  -1.5400000e+02   5.8891784e+01   1.8344505e+01  -4.2000000e+01   1.7985721e+01
   1.3000000e+01  -4.3000000e+01  -1.5400000e+02   5.9821891e+01   1.9325829e+01  -4.2000000e+01   1.5492074e+01
   1.3000000e+01  -4.3000000e+01  -1.5400000e+02   6.2967661e+01   2.0309414e+01  -4.2000000e+01   1.3223542e+01
   1.3000000e+01  -4.3000000e+01  -1.5400000e+02   6.4609388e+01   2.1348744e+01  -4.2000000e+01   1.0780341e+01
   1.3000000e+01  -4.3000000e+01  -1.5400000e+02   6.6251115e+01   2.2388075e+01  -4.2000000e+01   8.3371414e+00
   1.3000000e+01  -4.3000000e+01  -1.5400000e+02   6.8861810e+01   2.4038380e+01  -4.2000000e+01   5.4199476e+00
   1.3000000e+01  -4.3000000e+01  -1.5400000e+02   7.1150412e+01   2.5677890e+01  -4.2000000e+01   2.4371033e+00
   1.3000000e+01  -4.3000000e+01  -1.5400000e+02   7.3659614e+01   2.7281985e+01  -4.2000000e+01  -5.4650908e-01
   1.3000000e+01  -4.3000000e+01  -1.5400000e+02   7.5051810e+01   2.8927834e+01  -4.2000000e+01  -3.4290436e+00
   1.3000000e+01  -4.3000000e+01  -1.5400000e+02   7.6241123e+01   3.0581670e+01  -4.2000000e+01  -4.9405952e+00
   1.3000000e+01  -4.3000000e+01  -1.5400000e+02   7.6620539e+01   3.2211617e+01  -4.2000000e+01  -6.5108020e+00
   1.3000000e+01  -4.3000000e+01  -1.5400000e+02   7.3373590e+01   3.3450319e+01  -4.2000000e+01  -8.9197807e+00
   1.3000000e+01  -4.3000000e+01  -1.5400000e+02   6.5740636e+01   3.4808074e+01  -4.2000000e+01  -1.1551255e+01
   1.3000000e+01  -4.3000000e+01  -1.5400000e+02   5.9733372e+01   3.5195041e+01  -4.2000000e+01  -1.3787076e+01
   1.3000000e+01  -4.3000000e+01  -1.5400000e+02   5.4514269e+01   3.3965713e+01  -4.2000000e+01  -1.4878172e+01
   1.3000000e+01  -4.3000000e+01  -1.5400000e+02   4.9925806e+01   3.0872141e+01  -4.2000000e+01  -1.1676562e+01
   1.3000000e+01  -4.3000000e+01  -1.5400000e+02   4.3619585e+01   2.5294426e+01  -4.2000000e+01  -6.2232785e+00
   1.3000000e+01  -4.3000000e+01  -1.5400000e+02   3.8419267e+01   1.9416507e+01  -4.2000000e+01  -9.2047506e-01
   1.3000000e+01  -4.3000000e+01  -1.5400000e+02   3.4998484e+01   1.4440468e+01  -4.2000000e+01   5.7273392e+00
