  -2.8647186e+01  -3.4742839e+01  -2.9644538e+01   4.1370941e+01  -9.0208727e+00  -4.4336108e+01   2.5226086e+01
  -2.9000000e+01  -2.8000000e+01  -2.8824934e+01   3.6612540e+01  -9.0000000e+00  -4.2429997e+01   2.1769891e+01
  -2.9000000e+01  -2.8000000e+01  -3.0195462e+01   3.4052279e+01  -9.0000000e+00  -3.8924020e+01   1.9097978e+01
  -2.9000000e+01  -2.8000000e+01  -3.3787730e+01   3.2543768e+01  -9.0000000e+00  -3.6852986e+01   1.6175996e+01
  -2.9000000e+01  -2.8000000e+01  -3.7976167e+01   3.2342132e+01  -9.0000000e+00  -3.6601922e+01   1.3917383e+01
  -2.9000000e+01  -2.8000000e+01  -4.2178784e+01   3.4148635e+01  -9.0000000e+00  -3.8149474e+01   1.1302053e+01
  -2.9000000e+01  -2.8000000e+01  -4.2103246e+01   3.8160965e+01  -9.0000000e+00  -3.9399489e+01   7.9443563e+00
  -2.9000000e+01  -2.8000000e+01  -4.2858160e+01   4.1374074e+01  -9.0000000e+00  -4.0715983e+01   3.7523435e+00
  -2.9000000e+01  -2.8000000e+01  -4.3310258e+01   4.1789035e+01  -9.0000000e+00  -3.8725016e+01  -1.0095766e-01
  -2.9000000e+01  -2.8000000e+01  -4.4501461e+01   4.2021222e+01  -9.0000000e+00  -3.5923122e+01  -5.5026572e+00
  -2.9000000e+01  -2.8000000e+01  -4.5915965e+01   4.2478097e+01  -9.0000000e+00  -3.3369462e+01  -1.1735589e+01
  -2.9000000e+01  -2.8000000e+01  -4.6286013e+01   4.2820575e+01  -9.0000000e+00  -3.1042585e+01  -1.6751548e+01
  -2.9000000e+01  -2.8000000e+01  -4.7921860e+01   4.4562741e+01  -9.0000000e+00  -3.0536833e+01  -2.2126974e+01
  -2.9000000e+01  -2.8000000e+01  -4.9524690e+01   4.5297814e+01  -9.0000000e+00  -3.0129076e+01  -2.5348551e+01
  -2.9000000e+01  -2.8000000e+01  -5.1271239e+01   4.4709425e+01  -9.0000000e+00  -2.8339604e+01  -2.9434811e+01
  -2.9000000e+01  -2.8000000e+01  -5.2292353e+01   4.3825664e+01  -9.0000000e+00  -2.5654860e+01  -3.2559995e+01
  -2.9000000e+01  -2.8000000e+01  -5.2453543e+01   4.2702520e+01  -9.0000000e+00  -2.2506916e+01  -3.3768768e+01
  -2.9000000e+01  -2.8000000e+01  -5.3568814e+01   4.1256943e+01  -9.0000000e+00  -2.1052551e+01  -3.4767693e+01
  -2.9000000e+01  -2.8000000e+01  -5.1615395e+01   3.8810274e+01  -9.0000000e+00  -2.0679335e+01  -3.9500532e+01
  -2.9000000e+01  -2.8000000e+01  -5.1463707e+01   3.5860277e+01  -9.0000000e+00  -2.1545128e+01  -3.9630761e+01
  -2.9000000e+01  -2.8000000e+01  -5.0836499e+01   3.2583600e+01  -9.0000000e+00  -2.1916818e+01  -3.6300102e+01
  -2.9000000e+01  -2.8000000e+01  -4.7630023e+01   3.0388278e+01  -9.0000000e+00  -2.3874306e+01  -2.9976586e+01
  -2.9000000e+01  -2.8000000e+01  -4.3984197e+01   2.9263872e+01  -9.0000000e+00  -2.6497368e+01  -2.2743045e+01
  -2.9000000e+01  -2.8000000e+01  -4.0127026e+01   2.9205201e+01  -9.0000000e+00  -3.1035674e+01  -1.4270842e+01
  -2.9000000e+01  -2.8000000e+01  -3.5995849e+01   2.9107381e+01  -9.0000000e+00  -3.5505039e+01  -4.5943539e+00
  -2.9000000e+01  -2.8000000e+01  -3.2561389e+01   3.1869741e+01  -9.0000000e+00  -4.1897579e+01   4.3169198e+00
  -2.9000000e+01  -2.8000000e+01  -2.8464186e+01   3.4795668e+01  -9.0000000e+00  -4.8024829e+01   1.3182353e+01
  -2.9000000e+01  -2.8000000e+01  -2.4717566e+01   3.6743433e+01  -9.0000000e+00  -5.2053926e+01   1.9223621e+01
  -2.9000000e+01  -2.8000000e+01  -2.1237205e+01   3.8217153e+01  -9.0000000e+00  -5.5029891e+01   2.4856387e+01
  -2.9000000e+01  -2.8000000e+01  -2.1123793e+01   3.9285843e+01  -9.0000000e+00  -5.8922048e+01   3.1606828e+01
  -2.9000000e+01  -2.8000000e+01  -2.1698299e+01   3.8352229e+01  -9.0000000e+00  -6.2580167e+01   3.9837061e+01
  -2.9000000e+01  -2.8000000e+01  -2.2698110e+01   3.9086285e+01  -9.0000000e+00  -6.6219482e+01   4.6555380e+01
  -2.9000000e+01  -2.8000000e+01  -2.0812640e+01   3.5100347e+01  -9.0000000e+00  -6.8517781e+01   5.2615183e+01
  -2.9000000e+01  -2.8000000e+01  -2.2290823e+01   3.2960139e+01  -9.0000000e+00  -6.9142332e+01   5.9050631e+01
  -2.9000000e+01  -2.8000000e+01  -2.2059052e+01   3.1768434e+01  -9.0000000e+00  -6.6660013e+01   6.0680405e+01
  -2.9000000e+01  -2.8000000e+01  -2.2574497e+01   3.3584578e+01  -9.0000000e+00  -6.2671223e+01   5.6493367e+01
  -2.9000000e+01  -2.8000000e+01  -2.3141271e+01   3.4553294e+01  -9.0000000e+00  -5.9581601e+01   5.4280132e+01
  -2.9000000e+01  -2.8000000e+01  -2.5192469e+01   3.4109652e+01  -9.0000000e+00  -5.7684483e+01   5.0768005e+01
  -2.9000000e+01  -2.8000000e+01  -2.7051393e+01   3.1500090e+01  -9.0000000e+00  -5.7411409e+01   5.0606123e+01
  -2.9000000e+01  -2.8000000e+01  -2.6563174e+01   3.2690881e+01  -9.0000000e+00  -5.3998395e+01   4.5627449e+01
  -2.9000000e+01  -2.8000000e+01  -2.7000275e+01   3.1568521e+01  -9.0000000e+00  -4.9960226e+01   4.3259572e+01
  -2.9000000e+01  -2.8000000e+01  -2.8757071e+01   3.3206060e+01  -9.0000000e+00  -5.0463965e+01   4.0418570e+01
  -2.9000000e+01  -2.8000000e+01  -2.8270562e+01   3.4492244e+01  -9.0000000e+00  -4.9985769e+01   3.7981641e+01
  -2.9000000e+01  -2.8000000e+01  -2.7210208e+01   3.3633250e+01  -9.0000000e+00  -4.7291759e+01   3.5355491e+01
  -2.9000000e+01  -2.8000000e+01  -2.6445016e+01   3.2844114e+01  -9.0000000e+00  -4.4477461e+01   3.3108121e+01
  -2.9000000e+01  -2.8000000e+01  -2.8886748e+01   3.0817920e+01  -9.0000000e+00  -4.1471449e+01   3.0407807e+01
  -2.9000000e+01  -2.8000000e+01  -2.9783811e+01   2.9637241e+01  -9.0000000e+00  -3.8159299e+01   2.7218330e+01
  -2.9000000e+01  -2.8000000e+01  -3.0355761e+01   2.9037963e+01  -9.0000000e+00  -3.5332142e+01   2.4047944e+01
  -2.9000000e+01  -2.8000000e+01  -3.5067416e+01   2.9031849e+01  -9.0000000e+00  -3.4603784e+01   1.9956080e+01
  -2.9000000e+01  -2.8000000e+01  -4.1240246e+01   3.1162790e+01  -9.0000000e+00  -3.6312395e+01   1.5808398e+01
  -2.9000000e+01  -2.8000000e+01  -4.3467178e+01   3.1041562e+01  -9.0000000e+00  -3.5989264e+01   1.2948322e+01
  -2.9000000e+01  -2.8000000e+01  -4.4714610e+01   3.3749856e+01  -9.0000000e+00  -3.6301165e+01   8.2647093e+00
  -2.9000000e+01  -2.8000000e+01  -4.5173739e+01   3.6016967e+01  -9.0000000e+00  -3.6343322e+01   4.8464000e+00
  -2.9000000e+01  -2.8000000e+01  -4.5244982e+01   3.6795841e+01  -9.0000000e+00  -3.4882027e+01   1.9134957e+00
  -2.9000000e+01  -2.8000000e+01  -4.4862501e+01   3.7676720e+01  -9.0000000e+00  -3.3087207e+01  -1.0186358e+00
  -2.9000000e+01  -2.8000000e+01  -4.8123206e+01   3.8759129e+01  -9.0000000e+00  -3.1850090e+01  -6.9944902e+00
  -2.9000000e+01  -2.8000000e+01  -4.9720349e+01   3.9603244e+01  -9.0000000e+00  -3.0298979e+01  -1.2266944e+01
  -2.9000000e+01  -2.8000000e+01  -4.9738193e+01   3.9290361e+01  -9.0000000e+00  -2.8097462e+01  -1.7101552e+01
  -2.9000000e+01  -2.8000000e+01  -4.8804918e+01   3.8814027e+01  -9.0000000e+00  -2.5123587e+01  -2.0970335e+01
  -2.9000000e+01  -2.8000000e+01  -4.9449752e+01   3.8135337e+01  -9.0000000e+00  -2.2294798e+01  -2.4878423e+01
  -2.9000000e+01  -2.8000000e+01  -5.0470221e+01   3.7278636e+01  -9.0000000e+00  -1.9626990e+01  -2.8222260e+01
  -2.9000000e+01  -2.8000000e+01  -5.1138688e+01   3.6415285e+01  -9.0000000e+00  -1.6996137e+01  -3.1467606e+01
  -2.9000000e+01  -2.8000000e+01  -4.9088489e+01   3.3011734e+01  -9.0000000e+00  -1.7392053e+01  -3.4093558e+01
  -2.9000000e+01  -2.8000000e+01  -4.7109121e+01   2.9895554e+01  -9.0000000e+00  -1.8527088e+01  -3.5258732e+01
  -2.9000000e+01  -2.8000000e+01  -4.4570732e+01   2.6622664e+01  -9.0000000e+00  -2.0045273e+01  -3.2091127e+01
  -2.9000000e+01  -2.8000000e+01  -4.2708552e+01   2.4157165e+01  -9.0000000e+00  -2.2068913e+01  -2.7250332e+01
  -2.9000000e+01  -2.8000000e+01  -4.0986461e+01   2.2344490e+01  -9.0000000e+00  -2.5007677e+01  -2.1939324e+01
  -2.9000000e+01  -2.8000000e+01  -3.7006248e+01   2.0588973e+01  -9.0000000e+00  -2.7979363e+01  -1.5045786e+01
  -2.9000000e+01  -2.8000000e+01  -3.4657720e+01   2.0263078e+01  -9.0000000e+00  -3.2759794e+01  -7.2069950e+00
  -2.9000000e+01  -2.8000000e+01  -3.2562733e+01   2.1204639e+01  -9.0000000e+00  -3.8337387e+01   5.0859396e-01
  -2.9000000e+01  -2.8000000e+01  -3.0692313e+01   2.2980930e+01  -9.0000000e+00  -4.3334959e+01   8.9722470e+00
  -2.9000000e+01  -2.8000000e+01  -2.9858841e+01   2.4873417e+01  -9.0000000e+00  -4.8727878e+01   1.7040898e+01
  -2.9000000e+01  -2.8000000e+01  -2.7526791e+01   2.7595949e+01  -9.0000000e+00  -5.1951395e+01   2.4895022e+01
  -2.9000000e+01  -2.8000000e+01  -2.4668881e+01   2.8948991e+01  -9.0000000e+00  -5.5439936e+01   3.0978924e+01
  -2.9000000e+01  -2.8000000e+01  -2.4704903e+01   2.8253928e+01  -9.0000000e+00  -5.8776702e+01   3.8269827e+01
  -2.9000000e+01  -2.8000000e+01  -2.4759009e+01   2.7492900e+01  -9.0000000e+00  -6.1919622e+01   4.6804309e+01
  -2.9000000e+01  -2.8000000e+01  -2.1837473e+01   2.7804219e+01  -9.0000000e+00  -6.2902467e+01   5.3805891e+01
  -2.9000000e+01  -2.8000000e+01  -2.2182755e+01   2.7747546e+01  -9.0000000e+00  -6.3310326e+01   6.0210115e+01
  -2.9000000e+01  -2.8000000e+01  -2.2911102e+01   2.8559629e+01  -9.0000000e+00  -6.1918092e+01   6.0411451e+01
  -2.9000000e+01  -2.8000000e+01  -2.6108486e+01   3.0443691e+01  -9.0000000e+00  -6.1273855e+01   5.7394800e+01
  -2.9000000e+01  -2.8000000e+01  -2.4345481e+01   3.1486618e+01  -9.0000000e+00  -5.9278540e+01   5.4939222e+01
  -2.9000000e+01  -2.8000000e+01  -2.6392911e+01   3.0886709e+01  -9.0000000e+00  -5.7735937e+01   5.2127288e+01
  -2.9000000e+01  -2.8000000e+01  -2.6632884e+01   3.0128760e+01  -9.0000000e+00  -5.6517200e+01   5.2762344e+01
  -2.9000000e+01  -2.8000000e+01  -2.5484505e+01   2.9479447e+01  -9.0000000e+00  -5.3203755e+01   4.8831752e+01
  -2.9000000e+01  -2.8000000e+01  -2.6468946e+01   3.0070268e+01  -9.0000000e+00  -5.0193257e+01   4.4540170e+01
  -2.9000000e+01  -2.8000000e+01  -2.8138852e+01   3.4886845e+01  -9.0000000e+00  -5.2737834e+01   4.1063519e+01
  -2.9000000e+01  -2.8000000e+01  -2.7285432e+01   3.6502733e+01  -9.0000000e+00  -5.2756237e+01   3.7346613e+01
  -2.9000000e+01  -2.8000000e+01  -2.7858838e+01   3.5466491e+01  -9.0000000e+00  -5.1526378e+01   3.5856121e+01
  -2.9000000e+01  -2.8000000e+01  -2.6222077e+01   3.3136935e+01  -9.0000000e+00  -4.8213562e+01   3.4570072e+01
  -2.9000000e+01  -2.8000000e+01  -2.7973388e+01   3.0558697e+01  -9.0000000e+00  -4.5785193e+01   3.3044912e+01
  -2.9000000e+01  -2.8000000e+01  -3.0618355e+01   3.1964771e+01  -9.0000000e+00  -4.5775509e+01   3.1205036e+01
  -2.9000000e+01  -2.8000000e+01  -3.6075087e+01   3.4967805e+01  -9.0000000e+00  -4.7671235e+01   2.7614162e+01
  -2.9000000e+01  -2.8000000e+01  -3.6808305e+01   3.6756759e+01  -9.0000000e+00  -4.7685271e+01   2.4235567e+01
  -2.9000000e+01  -2.8000000e+01  -3.6826363e+01   3.7234921e+01  -9.0000000e+00  -4.6123322e+01   2.1370360e+01
  -2.9000000e+01  -2.8000000e+01  -3.8219275e+01   3.7780652e+01  -9.0000000e+00  -4.5612776e+01   1.8847337e+01
  -2.9000000e+01  -2.8000000e+01  -4.0187247e+01   3.8394083e+01  -9.0000000e+00  -4.5207857e+01   1.6288701e+01
  -2.9000000e+01  -2.8000000e+01  -4.1567791e+01   3.9248834e+01  -9.0000000e+00  -4.5345979e+01   1.4451166e+01
  -2.9000000e+01  -2.8000000e+01  -4.1494671e+01   3.9356033e+01  -9.0000000e+00  -4.4528167e+01   1.2743152e+01
  -2.9000000e+01  -2.8000000e+01  -4.2148720e+01   3.8739244e+01  -9.0000000e+00  -4.2211402e+01   1.0115752e+01
  -2.9000000e+01  -2.8000000e+01  -4.3496472e+01   3.8928349e+01  -9.0000000e+00  -4.1004017e+01   7.9355038e+00
  -2.9000000e+01  -2.8000000e+01  -4.3895782e+01   3.9068672e+01  -9.0000000e+00  -3.8771553e+01   4.1602732e+00
  -2.9000000e+01  -2.8000000e+01  -4.4382924e+01   3.9317889e+01  -9.0000000e+00  -3.6461905e+01   4.1192501e-01
  -2.9000000e+01  -2.8000000e+01  -4.5385605e+01   3.9511583e+01  -9.0000000e+00  -3.4503234e+01  -2.9410568e+00
  -2.9000000e+01  -2.8000000e+01  -4.6672332e+01   4.0149886e+01  -9.0000000e+00  -3.1661079e+01  -8.1624789e+00
  -2.9000000e+01  -2.8000000e+01  -5.0239640e+01   4.0334204e+01  -9.0000000e+00  -3.0835371e+01  -1.2370972e+01
  -2.9000000e+01  -2.8000000e+01  -5.2075867e+01   4.0474595e+01  -9.0000000e+00  -3.0367643e+01  -1.5781969e+01
  -2.9000000e+01  -2.8000000e+01  -5.2742226e+01   4.0411995e+01  -9.0000000e+00  -2.9296042e+01  -1.8356415e+01
  -2.9000000e+01  -2.8000000e+01  -5.1241849e+01   3.9369412e+01  -9.0000000e+00  -2.7194891e+01  -2.0209994e+01
  -2.9000000e+01  -2.8000000e+01  -4.9506942e+01   3.7083510e+01  -9.0000000e+00  -2.5109297e+01  -1.9864042e+01
  -2.9000000e+01  -2.8000000e+01  -4.8428953e+01   3.4356388e+01  -9.0000000e+00  -2.4125175e+01  -2.0766946e+01
  -2.9000000e+01  -2.8000000e+01  -4.8067630e+01   3.0208464e+01  -9.0000000e+00  -2.5964149e+01  -1.8833846e+01
  -2.9000000e+01  -2.8000000e+01  -4.5623695e+01   2.7423034e+01  -9.0000000e+00  -2.8473690e+01  -1.3902083e+01
  -2.9000000e+01  -2.8000000e+01  -4.3896593e+01   2.5095425e+01  -9.0000000e+00  -3.1332105e+01  -8.3507353e+00
  -2.9000000e+01  -2.8000000e+01  -3.9628787e+01   2.3684723e+01  -9.0000000e+00  -3.3276802e+01  -2.7931385e+00
  -2.9000000e+01  -2.8000000e+01  -3.5911036e+01   2.3319601e+01  -9.0000000e+00  -3.6456967e+01   3.7585193e+00
  -2.9000000e+01  -2.8000000e+01  -3.2362398e+01   2.5879260e+01  -9.0000000e+00  -4.1360434e+01   1.0813751e+01
  -2.9000000e+01  -2.8000000e+01  -3.0637442e+01   3.0747523e+01  -9.0000000e+00  -4.7966091e+01   1.7612814e+01
  -2.9000000e+01  -2.8000000e+01  -2.6346037e+01   3.4105729e+01  -9.0000000e+00  -5.3108129e+01   2.2986736e+01
  -2.9000000e+01  -2.8000000e+01  -2.1880735e+01   3.5104739e+01  -9.0000000e+00  -5.4898666e+01   2.9381045e+01
  -2.9000000e+01  -2.8000000e+01  -2.0760117e+01   3.4849922e+01  -9.0000000e+00  -5.8176506e+01   3.4841791e+01
  -2.9000000e+01  -2.8000000e+01  -2.1000901e+01   3.5162980e+01  -9.0000000e+00  -6.0960090e+01   3.9755846e+01
  -2.9000000e+01  -2.8000000e+01  -2.1117683e+01   3.5087916e+01  -9.0000000e+00  -6.2781288e+01   4.4518499e+01
  -2.9000000e+01  -2.8000000e+01  -2.0815748e+01   3.3978980e+01  -9.0000000e+00  -6.2476755e+01   4.8478479e+01
  -2.9000000e+01  -2.8000000e+01  -2.0736801e+01   3.4644521e+01  -9.0000000e+00  -6.0380406e+01   5.0110236e+01
  -2.9000000e+01  -2.8000000e+01  -2.1218463e+01   3.5461912e+01  -9.0000000e+00  -5.8165521e+01   4.8339310e+01
  -2.9000000e+01  -2.8000000e+01  -2.0522984e+01   3.5125776e+01  -9.0000000e+00  -5.5886740e+01   4.5733345e+01
  -2.9000000e+01  -2.8000000e+01  -2.1350724e+01   3.5356712e+01  -9.0000000e+00  -5.4165235e+01   4.3614398e+01
  -2.9000000e+01  -2.8000000e+01  -2.3080439e+01   3.4360702e+01  -9.0000000e+00  -5.3417278e+01   4.1318278e+01
  -2.9000000e+01  -2.8000000e+01  -2.5177586e+01   3.5076606e+01  -9.0000000e+00  -5.2943993e+01   4.0037404e+01
  -2.9000000e+01  -2.8000000e+01  -2.7204003e+01   3.5431076e+01  -9.0000000e+00  -5.2729830e+01   3.8987872e+01
  -2.9000000e+01  -2.8000000e+01  -2.7885042e+01   3.6023273e+01  -9.0000000e+00  -5.2359207e+01   3.6977723e+01
  -2.9000000e+01  -2.8000000e+01  -2.7135648e+01   3.7839327e+01  -9.0000000e+00  -5.1840246e+01   3.4210089e+01
  -2.9000000e+01  -2.8000000e+01  -2.7589789e+01   3.8398814e+01  -9.0000000e+00  -5.1332702e+01   3.1793876e+01
  -2.9000000e+01  -2.8000000e+01  -3.0655679e+01   3.9337931e+01  -9.0000000e+00  -5.2346913e+01   3.0565193e+01
  -2.9000000e+01  -2.8000000e+01  -2.9596132e+01   3.7946536e+01  -9.0000000e+00  -4.9023977e+01   2.7015519e+01
  -2.9000000e+01  -2.8000000e+01  -3.0214519e+01   3.6698674e+01  -9.0000000e+00  -4.5831165e+01   2.4841333e+01
  -2.9000000e+01  -2.8000000e+01  -3.1515701e+01   3.6071223e+01  -9.0000000e+00  -4.4311372e+01   2.2925109e+01
  -2.9000000e+01  -2.8000000e+01  -2.9664019e+01   3.4614280e+01  -9.0000000e+00  -4.0786632e+01   2.1438856e+01
  -2.9000000e+01  -2.8000000e+01  -3.2521306e+01   3.2667678e+01  -9.0000000e+00  -3.8487142e+01   1.8534069e+01
  -2.9000000e+01  -2.8000000e+01  -3.7646851e+01   3.3273816e+01  -9.0000000e+00  -3.9095039e+01   1.6214234e+01
  -2.9000000e+01  -2.8000000e+01  -4.0964761e+01   3.4693151e+01  -9.0000000e+00  -4.0028210e+01   1.4360075e+01
  -2.9000000e+01  -2.8000000e+01  -4.2025942e+01   3.6527634e+01  -9.0000000e+00  -4.0321575e+01   1.1316610e+01
  -2.9000000e+01  -2.8000000e+01  -4.1803382e+01   3.8892764e+01  -9.0000000e+00  -4.0032781e+01   8.2727215e+00
  -2.9000000e+01  -2.8000000e+01  -4.1893135e+01   3.9279628e+01  -9.0000000e+00  -3.7942032e+01   4.1340355e+00
  -2.9000000e+01  -2.8000000e+01  -4.2056804e+01   3.9008878e+01  -9.0000000e+00  -3.4708036e+01   3.2601652e-01
  -2.9000000e+01  -2.8000000e+01  -4.3182141e+01   3.9083122e+01  -9.0000000e+00  -3.3141048e+01  -1.7446099e+00
  -2.9000000e+01  -2.8000000e+01  -4.4354574e+01   3.8422308e+01  -9.0000000e+00  -3.0087001e+01  -6.5322430e+00
  -2.9000000e+01  -2.8000000e+01  -4.4558307e+01   3.8567403e+01  -9.0000000e+00  -2.7214855e+01  -1.1522198e+01
  -2.9000000e+01  -2.8000000e+01  -4.6318874e+01   3.9902929e+01  -9.0000000e+00  -2.6192803e+01  -1.7300078e+01
  -2.9000000e+01  -2.8000000e+01  -4.8502945e+01   4.0528003e+01  -9.0000000e+00  -2.5202127e+01  -2.0798891e+01
  -2.9000000e+01  -2.8000000e+01  -5.0048379e+01   4.1239672e+01  -9.0000000e+00  -2.4197617e+01  -2.4854576e+01
  -2.9000000e+01  -2.8000000e+01  -5.0886211e+01   4.1997817e+01  -9.0000000e+00  -2.3319560e+01  -2.9334178e+01
  -2.9000000e+01  -2.8000000e+01  -5.3242621e+01   4.2761950e+01  -9.0000000e+00  -2.3848623e+01  -3.1696932e+01
  -2.9000000e+01  -2.8000000e+01  -5.1470062e+01   4.3045943e+01  -9.0000000e+00  -2.5077870e+01  -3.8001553e+01
  -2.9000000e+01  -2.8000000e+01  -4.9674113e+01   4.1595025e+01  -9.0000000e+00  -2.9342780e+01  -3.8784192e+01
  -2.9000000e+01  -2.8000000e+01  -4.6329560e+01   3.9787699e+01  -9.0000000e+00  -3.3499651e+01  -3.4602405e+01
  -2.9000000e+01  -2.8000000e+01  -4.5827379e+01   3.7075055e+01  -9.0000000e+00  -3.7895985e+01  -2.7535442e+01
  -2.9000000e+01  -2.8000000e+01  -4.3501711e+01   3.4869729e+01  -9.0000000e+00  -4.1917379e+01  -2.2097054e+01
  -2.9000000e+01  -2.8000000e+01  -3.8913838e+01   3.3106528e+01  -9.0000000e+00  -4.4603757e+01  -1.4693762e+01
  -2.9000000e+01  -2.8000000e+01  -2.7785077e+01   3.6367994e+01  -9.0000000e+00  -4.8586368e+01  -2.2037499e+01
  -2.9000000e+01  -2.8000000e+01  -2.3457683e+01   3.9630244e+01  -9.0000000e+00  -5.3322012e+01  -2.2420300e+01
  -2.9000000e+01  -2.8000000e+01  -2.9431216e+01   4.1545581e+01  -9.0000000e+00  -5.4528218e+01  -1.1813090e+01
  -2.9000000e+01  -2.8000000e+01  -2.7184946e+01   3.9592579e+01  -9.0000000e+00  -5.6408193e+01  -1.0726707e+00
  -2.9000000e+01  -2.8000000e+01  -2.4689602e+01   3.8447723e+01  -9.0000000e+00  -5.7940338e+01   9.7299886e+00
  -2.9000000e+01  -2.8000000e+01  -2.3670181e+01   3.7035476e+01  -9.0000000e+00  -6.1379135e+01   2.0257053e+01
  -2.9000000e+01  -2.8000000e+01  -2.3393514e+01   3.6315060e+01  -9.0000000e+00  -6.4226604e+01   3.0804352e+01
  -2.9000000e+01  -2.8000000e+01  -2.2346524e+01   3.5476798e+01  -9.0000000e+00  -6.6954115e+01   4.0907348e+01
  -2.9000000e+01  -2.8000000e+01  -2.3132173e+01   3.3429148e+01  -9.0000000e+00  -6.9544278e+01   4.9762127e+01
  -2.9000000e+01  -2.8000000e+01  -2.3800881e+01   3.3300059e+01  -9.0000000e+00  -7.0302405e+01   5.5829887e+01
  -2.9000000e+01  -2.8000000e+01  -2.4261368e+01   3.3396094e+01  -9.0000000e+00  -7.0606499e+01   5.8250489e+01
  -2.9000000e+01  -2.8000000e+01  -2.3550603e+01   3.3657350e+01  -9.0000000e+00  -7.0040534e+01   5.9776989e+01
  -2.9000000e+01  -2.8000000e+01  -2.2489111e+01   3.6548255e+01  -9.0000000e+00  -6.7098086e+01   5.6692749e+01
  -2.9000000e+01  -2.8000000e+01  -2.3483949e+01   3.9093500e+01  -9.0000000e+00  -6.6854375e+01   5.3876143e+01
  -2.9000000e+01  -2.8000000e+01  -2.6447377e+01   4.2153282e+01  -9.0000000e+00  -6.8785496e+01   5.1888182e+01
  -2.9000000e+01  -2.8000000e+01  -2.6005839e+01   4.3429578e+01  -9.0000000e+00  -6.9305099e+01   5.0006161e+01
  -2.9000000e+01  -2.8000000e+01  -2.4757892e+01   4.3456533e+01  -9.0000000e+00  -6.7611266e+01   4.7534586e+01
  -2.9000000e+01  -2.8000000e+01  -2.4013819e+01   4.3578726e+01  -9.0000000e+00  -6.6207425e+01   4.5443095e+01
  -2.9000000e+01  -2.8000000e+01  -2.6739106e+01   4.1570064e+01  -9.0000000e+00  -6.5649251e+01   4.5886703e+01
  -2.9000000e+01  -2.8000000e+01  -2.4865469e+01   4.0942396e+01  -9.0000000e+00  -6.1743488e+01   4.3587956e+01
  -2.9000000e+01  -2.8000000e+01  -2.3920273e+01   4.0814598e+01  -9.0000000e+00  -5.8236517e+01   3.9725850e+01
  -2.9000000e+01  -2.8000000e+01  -2.7537063e+01   4.1322214e+01  -9.0000000e+00  -5.8855417e+01   3.8973627e+01
  -2.9000000e+01  -2.8000000e+01  -2.7022634e+01   4.3545981e+01  -9.0000000e+00  -5.9674000e+01   3.7297787e+01
  -2.9000000e+01  -2.8000000e+01  -2.5545946e+01   4.3064936e+01  -9.0000000e+00  -5.7917166e+01   3.6147921e+01
  -2.9000000e+01  -2.8000000e+01  -2.4642111e+01   4.1340093e+01  -9.0000000e+00  -5.4307588e+01   3.4032361e+01
  -2.9000000e+01  -2.8000000e+01  -2.4130229e+01   3.9218104e+01  -9.0000000e+00  -5.0990695e+01   3.2176583e+01
  -2.9000000e+01  -2.8000000e+01  -3.1274875e+01   3.7220419e+01  -9.0000000e+00  -5.0283873e+01   3.1104585e+01
  -2.9000000e+01  -2.8000000e+01  -3.4887661e+01   3.8335529e+01  -9.0000000e+00  -5.1254816e+01   2.9333788e+01
  -2.9000000e+01  -2.8000000e+01  -3.4932096e+01   3.9380737e+01  -9.0000000e+00  -5.0811451e+01   2.8844313e+01
  -2.9000000e+01  -2.8000000e+01  -3.5971835e+01   3.8308448e+01  -9.0000000e+00  -4.9764076e+01   2.7494208e+01
  -2.9000000e+01  -2.8000000e+01  -3.6383639e+01   3.8658322e+01  -9.0000000e+00  -4.8761940e+01   2.5456516e+01
  -2.9000000e+01  -2.8000000e+01  -3.7916085e+01   3.8902953e+01  -9.0000000e+00  -4.8070091e+01   2.3637521e+01
  -2.9000000e+01  -2.8000000e+01  -3.8438239e+01   3.8119502e+01  -9.0000000e+00  -4.6457573e+01   2.1598405e+01
  -2.9000000e+01  -2.8000000e+01  -3.8455315e+01   3.8728604e+01  -9.0000000e+00  -4.4492354e+01   1.7369371e+01
  -2.9000000e+01  -2.8000000e+01  -3.8710859e+01   3.6693930e+01  -9.0000000e+00  -4.1214754e+01   1.5743334e+01
  -2.9000000e+01  -2.8000000e+01  -4.1429052e+01   3.6334796e+01  -9.0000000e+00  -4.0442916e+01   1.3798400e+01
  -2.9000000e+01  -2.8000000e+01  -4.2585525e+01   3.7274487e+01  -9.0000000e+00  -3.9659143e+01   1.0782364e+01
  -2.9000000e+01  -2.8000000e+01  -4.4471389e+01   3.7335702e+01  -9.0000000e+00  -3.8270828e+01   7.5740124e+00
  -2.9000000e+01  -2.8000000e+01  -4.5288497e+01   3.6877406e+01  -9.0000000e+00  -3.6203155e+01   3.3994045e+00
  -2.9000000e+01  -2.8000000e+01  -4.5630961e+01   3.6712487e+01  -9.0000000e+00  -3.4237082e+01  -2.6213910e-02
  -2.9000000e+01  -2.8000000e+01  -4.6658927e+01   3.6571319e+01  -9.0000000e+00  -3.2123122e+01  -3.9625782e+00
  -2.9000000e+01  -2.8000000e+01  -4.8819003e+01   3.6662978e+01  -9.0000000e+00  -2.9846064e+01  -9.2480353e+00
  -2.9000000e+01  -2.8000000e+01  -4.8950023e+01   3.6590015e+01  -9.0000000e+00  -2.8254572e+01  -1.2650132e+01
  -2.9000000e+01  -2.8000000e+01  -5.0944656e+01   3.6257580e+01  -9.0000000e+00  -2.7031048e+01  -1.5936078e+01
  -2.9000000e+01  -2.8000000e+01  -5.0626429e+01   3.6810257e+01  -9.0000000e+00  -2.6744905e+01  -1.7450807e+01
  -2.9000000e+01  -2.8000000e+01  -5.0465883e+01   3.6772460e+01  -9.0000000e+00  -2.9128796e+01  -1.9396370e+01
  -2.9000000e+01  -2.8000000e+01  -4.8634276e+01   3.5973884e+01  -9.0000000e+00  -3.4009315e+01  -1.7999914e+01
  -2.9000000e+01  -2.8000000e+01  -4.6424274e+01   3.4406101e+01  -9.0000000e+00  -3.8939278e+01  -1.3454400e+01
  -2.9000000e+01  -2.8000000e+01  -4.1631837e+01   3.4760966e+01  -9.0000000e+00  -4.3561375e+01  -6.8716328e+00
  -2.9000000e+01  -2.8000000e+01  -3.7576488e+01   3.5737100e+01  -9.0000000e+00  -4.8847820e+01  -1.3669166e+00
  -2.9000000e+01  -2.8000000e+01  -3.4337134e+01   3.8701327e+01  -9.0000000e+00  -5.5403786e+01   5.4503199e+00
  -2.9000000e+01  -2.8000000e+01  -3.1249732e+01   4.2233959e+01  -9.0000000e+00  -6.1959696e+01   1.2464355e+01
  -2.9000000e+01  -2.8000000e+01  -2.8397465e+01   4.5380841e+01  -9.0000000e+00  -6.7357592e+01   1.8348714e+01
  -2.9000000e+01  -2.8000000e+01  -2.5957516e+01   4.3119004e+01  -9.0000000e+00  -6.5580479e+01   2.4040682e+01
  -2.9000000e+01  -2.8000000e+01  -2.2708610e+01   4.2825058e+01  -9.0000000e+00  -6.4448205e+01   3.0313884e+01
  -2.9000000e+01  -2.8000000e+01  -2.1854180e+01   4.2988838e+01  -9.0000000e+00  -6.5427836e+01   3.5497152e+01
  -2.9000000e+01  -2.8000000e+01  -2.1228059e+01   4.2655495e+01  -9.0000000e+00  -6.5713801e+01   4.1722936e+01
  -2.9000000e+01  -2.8000000e+01  -2.0963006e+01   4.0515189e+01  -9.0000000e+00  -6.6143931e+01   4.6306126e+01
  -2.9000000e+01  -2.8000000e+01  -2.2362086e+01   4.0437047e+01  -9.0000000e+00  -6.5494294e+01   4.8631619e+01
  -2.9000000e+01  -2.8000000e+01  -2.2941718e+01   4.0057532e+01  -9.0000000e+00  -6.5140299e+01   5.0800342e+01
  -2.9000000e+01  -2.8000000e+01  -2.3151934e+01   3.9640914e+01  -9.0000000e+00  -6.4379111e+01   5.0446456e+01
  -2.9000000e+01  -2.8000000e+01  -2.3771453e+01   3.9740023e+01  -9.0000000e+00  -6.3050675e+01   4.9135128e+01
  -2.9000000e+01  -2.8000000e+01  -2.4032323e+01   3.8734286e+01  -9.0000000e+00  -6.1301308e+01   4.7249226e+01
  -2.9000000e+01  -2.8000000e+01  -2.5585470e+01   3.7810736e+01  -9.0000000e+00  -5.9608735e+01   4.5228507e+01
  -2.9000000e+01  -2.8000000e+01  -2.6098930e+01   3.7343980e+01  -9.0000000e+00  -5.7622849e+01   4.3241954e+01
  -2.9000000e+01  -2.8000000e+01  -2.6080323e+01   3.8856623e+01  -9.0000000e+00  -5.6773827e+01   4.1461642e+01
  -2.9000000e+01  -2.8000000e+01  -2.8647005e+01   4.1465155e+01  -9.0000000e+00  -5.8123811e+01   3.9138634e+01
  -2.9000000e+01  -2.8000000e+01  -3.1049677e+01   4.4141430e+01  -9.0000000e+00  -6.0566165e+01   3.7726545e+01
  -2.9000000e+01  -2.8000000e+01  -2.9026098e+01   4.6250844e+01  -9.0000000e+00  -6.0835690e+01   3.4712775e+01
  -2.9000000e+01  -2.8000000e+01  -2.8456954e+01   4.5946742e+01  -9.0000000e+00  -5.8906846e+01   3.2434666e+01
  -2.9000000e+01  -2.8000000e+01  -2.8897493e+01   4.4737535e+01  -9.0000000e+00  -5.6359232e+01   3.0323678e+01
  -2.9000000e+01  -2.8000000e+01  -2.9648319e+01   4.1032337e+01  -9.0000000e+00  -5.1661432e+01   2.9020053e+01
  -2.9000000e+01  -2.8000000e+01  -3.1564331e+01   3.7156366e+01  -9.0000000e+00  -4.7420783e+01   2.7626983e+01
  -2.9000000e+01  -2.8000000e+01  -3.7042621e+01   3.7518977e+01  -9.0000000e+00  -4.8543920e+01   2.6211508e+01
  -2.9000000e+01  -2.8000000e+01  -3.7230898e+01   3.8957990e+01  -9.0000000e+00  -4.8250869e+01   2.2917802e+01
  -2.9000000e+01  -2.8000000e+01  -3.7365191e+01   4.0292445e+01  -9.0000000e+00  -4.7746981e+01   2.0664831e+01
  -2.9000000e+01  -2.8000000e+01  -3.9210720e+01   4.0996254e+01  -9.0000000e+00  -4.8009714e+01   1.8851979e+01
  -2.9000000e+01  -2.8000000e+01  -4.0632816e+01   4.1825899e+01  -9.0000000e+00  -4.7998468e+01   1.7471345e+01
  -2.9000000e+01  -2.8000000e+01  -4.0319006e+01   4.1284217e+01  -9.0000000e+00  -4.6095344e+01   1.5586029e+01
  -2.9000000e+01  -2.8000000e+01  -4.1131150e+01   4.0568413e+01  -9.0000000e+00  -4.4176955e+01   1.2984712e+01
  -2.9000000e+01  -2.8000000e+01  -4.2362243e+01   4.0931684e+01  -9.0000000e+00  -4.3148057e+01   1.0453328e+01
  -2.9000000e+01  -2.8000000e+01  -4.2690764e+01   4.1155122e+01  -9.0000000e+00  -4.1294948e+01   7.1826888e+00
  -2.9000000e+01  -2.8000000e+01  -4.2875620e+01   4.0478990e+01  -9.0000000e+00  -3.8795511e+01   4.1009979e+00
  -2.9000000e+01  -2.8000000e+01  -4.4443192e+01   4.0931527e+01  -9.0000000e+00  -3.7198177e+01   7.8268398e-01
  -2.9000000e+01  -2.8000000e+01  -4.5229090e+01   4.1440598e+01  -9.0000000e+00  -3.5316809e+01  -2.9725200e+00
  -2.9000000e+01  -2.8000000e+01  -4.7819400e+01   4.2029041e+01  -9.0000000e+00  -3.3642991e+01  -8.5383277e+00
  -2.9000000e+01  -2.8000000e+01  -4.9363692e+01   4.2385744e+01  -9.0000000e+00  -3.2405214e+01  -1.2416328e+01
  -2.9000000e+01  -2.8000000e+01  -5.1194931e+01   4.3904194e+01  -9.0000000e+00  -3.2550085e+01  -1.5716739e+01
  -2.9000000e+01  -2.8000000e+01  -5.1686166e+01   4.5282104e+01  -9.0000000e+00  -3.2224244e+01  -1.9526478e+01
  -2.9000000e+01  -2.8000000e+01  -5.1205621e+01   4.5378302e+01  -9.0000000e+00  -3.0535128e+01  -2.2460798e+01
  -2.9000000e+01  -2.8000000e+01  -5.1958854e+01   4.5074864e+01  -9.0000000e+00  -2.9241469e+01  -2.5401957e+01
  -2.9000000e+01  -2.8000000e+01  -5.1541860e+01   4.3559799e+01  -9.0000000e+00  -2.7764969e+01  -2.6216726e+01
  -2.9000000e+01  -2.8000000e+01  -5.0736739e+01   4.0757644e+01  -9.0000000e+00  -2.6865788e+01  -2.7898316e+01
  -2.9000000e+01  -2.8000000e+01  -5.0350714e+01   3.6330979e+01  -9.0000000e+00  -2.7817134e+01  -2.7699610e+01
  -2.9000000e+01  -2.8000000e+01  -4.8277913e+01   3.2248762e+01  -9.0000000e+00  -3.1109946e+01  -2.2936829e+01
  -2.9000000e+01  -2.8000000e+01  -4.6059184e+01   3.0067358e+01  -9.0000000e+00  -3.4783848e+01  -1.5308469e+01
  -2.9000000e+01  -2.8000000e+01  -4.2180306e+01   2.8208662e+01  -9.0000000e+00  -3.8025754e+01  -6.7840386e+00
  -2.9000000e+01  -2.8000000e+01  -3.8664035e+01   2.8389286e+01  -9.0000000e+00  -4.2997989e+01   1.2441070e+00
  -2.9000000e+01  -2.8000000e+01  -3.4235959e+01   3.0146806e+01  -9.0000000e+00  -4.8944060e+01   7.7130511e+00
  -2.9000000e+01  -2.8000000e+01  -3.3245627e+01   3.1750452e+01  -9.0000000e+00  -5.4978557e+01   1.4584654e+01
  -2.9000000e+01  -2.8000000e+01  -2.8568154e+01   3.4763614e+01  -9.0000000e+00  -5.8733483e+01   2.0057198e+01
  -2.9000000e+01  -2.8000000e+01  -2.4622792e+01   3.5264703e+01  -9.0000000e+00  -6.0196530e+01   2.5797951e+01
  -2.9000000e+01  -2.8000000e+01  -2.2816327e+01   3.5228256e+01  -9.0000000e+00  -6.3670216e+01   3.1071932e+01
  -2.9000000e+01  -2.8000000e+01  -2.2133129e+01   3.5381375e+01  -9.0000000e+00  -6.5413451e+01   3.7466353e+01
  -2.9000000e+01  -2.8000000e+01  -1.9490861e+01   3.6400858e+01  -9.0000000e+00  -6.6095230e+01   4.3811221e+01
  -2.9000000e+01  -2.8000000e+01  -2.0557945e+01   3.5957987e+01  -9.0000000e+00  -6.8484627e+01   4.8731940e+01
  -2.9000000e+01  -2.8000000e+01  -2.2445922e+01   3.4465339e+01  -9.0000000e+00  -7.0093254e+01   5.3892647e+01
  -2.9000000e+01  -2.8000000e+01  -2.4269670e+01   3.4777077e+01  -9.0000000e+00  -7.0211753e+01   5.6962171e+01
  -2.9000000e+01  -2.8000000e+01  -2.4456333e+01   3.6668107e+01  -9.0000000e+00  -6.8287396e+01   5.5075240e+01
  -2.9000000e+01  -2.8000000e+01  -2.4576987e+01   3.9548272e+01  -9.0000000e+00  -6.7494971e+01   5.1937646e+01
  -2.9000000e+01  -2.8000000e+01  -2.5107907e+01   4.0452432e+01  -9.0000000e+00  -6.6877971e+01   5.0376773e+01
  -2.9000000e+01  -2.8000000e+01  -2.4680276e+01   4.1349277e+01  -9.0000000e+00  -6.5283989e+01   4.8134822e+01
  -2.9000000e+01  -2.8000000e+01  -2.4259875e+01   4.1681868e+01  -9.0000000e+00  -6.3672581e+01   4.6006228e+01
  -2.9000000e+01  -2.8000000e+01  -2.5336819e+01   3.8504825e+01  -9.0000000e+00  -6.1360469e+01   4.4563921e+01
  -2.9000000e+01  -2.8000000e+01  -2.5940470e+01   3.9933768e+01  -9.0000000e+00  -5.9651441e+01   4.1009642e+01
  -2.9000000e+01  -2.8000000e+01  -2.6232687e+01   4.0024764e+01  -9.0000000e+00  -5.7922863e+01   3.8225436e+01
  -2.9000000e+01  -2.8000000e+01  -2.8444122e+01   4.3598964e+01  -9.0000000e+00  -6.0177684e+01   3.7254411e+01
  -2.9000000e+01  -2.8000000e+01  -2.7583608e+01   4.6101297e+01  -9.0000000e+00  -6.1156820e+01   3.4654106e+01
  -2.9000000e+01  -2.8000000e+01  -2.6495896e+01   4.5207699e+01  -9.0000000e+00  -5.8185880e+01   3.1959123e+01
  -2.9000000e+01  -2.8000000e+01  -2.5820166e+01   4.3743649e+01  -9.0000000e+00  -5.4685529e+01   2.8905425e+01
  -2.9000000e+01  -2.8000000e+01  -2.6392712e+01   4.1446116e+01  -9.0000000e+00  -5.0069798e+01   2.6760889e+01
  -2.9000000e+01  -2.8000000e+01  -3.1914064e+01   3.8060737e+01  -9.0000000e+00  -4.7655122e+01   2.4755906e+01
  -2.9000000e+01  -2.8000000e+01  -3.4533662e+01   3.7850965e+01  -9.0000000e+00  -4.6778709e+01   2.2471859e+01
  -2.9000000e+01  -2.8000000e+01  -3.6067558e+01   3.9005625e+01  -9.0000000e+00  -4.6393088e+01   2.0570101e+01
  -2.9000000e+01  -2.8000000e+01  -3.5651868e+01   3.8246793e+01  -9.0000000e+00  -4.4549586e+01   1.8679780e+01
  -2.9000000e+01  -2.8000000e+01  -3.7953496e+01   3.7643534e+01  -9.0000000e+00  -4.3044722e+01   1.6321597e+01
  -2.9000000e+01  -2.8000000e+01  -3.9555062e+01   3.7816050e+01  -9.0000000e+00  -4.2327411e+01   1.4492927e+01
  -2.9000000e+01  -2.8000000e+01  -3.9767060e+01   3.7678739e+01  -9.0000000e+00  -4.0554734e+01   1.1491183e+01
  -2.9000000e+01  -2.8000000e+01  -4.0920720e+01   3.7354778e+01  -9.0000000e+00  -3.9067809e+01   8.3325718e+00
  -2.9000000e+01  -2.8000000e+01  -4.2370751e+01   3.7261076e+01  -9.0000000e+00  -3.7517048e+01   4.7609777e+00
  -2.9000000e+01  -2.8000000e+01  -4.2359097e+01   3.8672545e+01  -9.0000000e+00  -3.6865462e+01   1.6264235e+00
  -2.9000000e+01  -2.8000000e+01  -4.2795122e+01   3.9024800e+01  -9.0000000e+00  -3.5347366e+01  -1.9171763e-01
  -2.9000000e+01  -2.8000000e+01  -4.3969900e+01   4.0589027e+01  -9.0000000e+00  -3.4221994e+01  -3.6446201e+00
  -2.9000000e+01  -2.8000000e+01  -4.7049144e+01   4.0646745e+01  -9.0000000e+00  -3.2878756e+01  -7.5961141e+00
  -2.9000000e+01  -2.8000000e+01  -4.8340113e+01   4.1380405e+01  -9.0000000e+00  -3.1469454e+01  -1.1476269e+01
  -2.9000000e+01  -2.8000000e+01  -5.0318117e+01   4.1719049e+01  -9.0000000e+00  -3.1107329e+01  -1.4514999e+01
  -2.9000000e+01  -2.8000000e+01  -5.1260147e+01   4.1642981e+01  -9.0000000e+00  -3.1231264e+01  -1.6183165e+01
  -2.9000000e+01  -2.8000000e+01  -5.0949125e+01   4.1475738e+01  -9.0000000e+00  -3.2617480e+01  -1.7078862e+01
  -2.9000000e+01  -2.8000000e+01  -4.9495052e+01   3.8833653e+01  -9.0000000e+00  -3.5517154e+01  -1.4939958e+01
  -2.9000000e+01  -2.8000000e+01  -4.7634006e+01   3.5134435e+01  -9.0000000e+00  -3.8288867e+01  -1.1059050e+01
  -2.9000000e+01  -2.8000000e+01  -4.5990231e+01   3.2714475e+01  -9.0000000e+00  -4.0730065e+01  -7.1816941e+00
  -2.9000000e+01  -2.8000000e+01  -4.3308490e+01   3.2315048e+01  -9.0000000e+00  -4.3935884e+01  -5.5284898e-01
  -2.9000000e+01  -2.8000000e+01  -3.9688284e+01   3.4048459e+01  -9.0000000e+00  -4.7914539e+01   5.8588000e+00
  -2.9000000e+01  -2.8000000e+01  -3.4823690e+01   3.6362616e+01  -9.0000000e+00  -5.2691692e+01   1.3243007e+01
  -2.9000000e+01  -2.8000000e+01  -3.0564818e+01   3.9336387e+01  -9.0000000e+00  -5.6809281e+01   2.0275667e+01
  -2.9000000e+01  -2.8000000e+01  -2.9115020e+01   3.9163843e+01  -9.0000000e+00  -5.9935970e+01   2.4758467e+01
  -2.9000000e+01  -2.8000000e+01  -2.6510833e+01   3.9539717e+01  -9.0000000e+00  -6.2041871e+01   2.9822607e+01
  -2.9000000e+01  -2.8000000e+01  -2.4471274e+01   4.0802206e+01  -9.0000000e+00  -6.3524947e+01   3.4294046e+01
  -2.9000000e+01  -2.8000000e+01  -2.3207683e+01   4.0986512e+01  -9.0000000e+00  -6.4617142e+01   3.8583936e+01
  -2.9000000e+01  -2.8000000e+01  -2.2259700e+01   4.1889036e+01  -9.0000000e+00  -6.5096503e+01   4.2220684e+01
  -2.9000000e+01  -2.8000000e+01  -2.1146840e+01   4.1468677e+01  -9.0000000e+00  -6.4299546e+01   4.5418008e+01
  -2.9000000e+01  -2.8000000e+01  -2.0830528e+01   4.2014129e+01  -9.0000000e+00  -6.3553824e+01   4.7202879e+01
  -2.9000000e+01  -2.8000000e+01  -2.0350899e+01   4.2282773e+01  -9.0000000e+00  -6.2227631e+01   4.5982924e+01
  -2.9000000e+01  -2.8000000e+01  -2.1774433e+01   4.2235983e+01  -9.0000000e+00  -6.1504113e+01   4.4896089e+01
  -2.9000000e+01  -2.8000000e+01  -2.3381380e+01   4.2952228e+01  -9.0000000e+00  -6.1647776e+01   4.2456285e+01
  -2.9000000e+01  -2.8000000e+01  -2.5570673e+01   4.4603065e+01  -9.0000000e+00  -6.2434333e+01   4.1185214e+01
  -2.9000000e+01  -2.8000000e+01  -2.6099417e+01   4.5193506e+01  -9.0000000e+00  -6.2887219e+01   4.0360274e+01
  -2.9000000e+01  -2.8000000e+01  -2.4965652e+01   4.4804646e+01  -9.0000000e+00  -6.1460045e+01   3.8484193e+01
  -2.9000000e+01  -2.8000000e+01  -2.4369326e+01   4.5060263e+01  -9.0000000e+00  -5.9564006e+01   3.5479628e+01
  -2.9000000e+01  -2.8000000e+01  -2.4326888e+01   4.4050981e+01  -9.0000000e+00  -5.7700424e+01   3.4289868e+01
  -2.9000000e+01  -2.8000000e+01  -2.6982405e+01   4.4907483e+01  -9.0000000e+00  -5.8385433e+01   3.3279157e+01
  -2.9000000e+01  -2.8000000e+01  -2.5719350e+01   4.5210238e+01  -9.0000000e+00  -5.6740626e+01   3.1864658e+01
  -2.9000000e+01  -2.8000000e+01  -2.7491652e+01   4.4336177e+01  -9.0000000e+00  -5.5416260e+01   3.0125430e+01
  -2.9000000e+01  -2.8000000e+01  -2.8050650e+01   4.2476633e+01  -9.0000000e+00  -5.2282856e+01   2.8099820e+01
  -2.9000000e+01  -2.8000000e+01  -2.6664463e+01   4.0060539e+01  -9.0000000e+00  -4.7725876e+01   2.5575247e+01
  -2.9000000e+01  -2.8000000e+01  -2.9428071e+01   3.7169361e+01  -9.0000000e+00  -4.4396577e+01   2.3297271e+01
  -2.9000000e+01  -2.8000000e+01  -3.5958906e+01   3.7297800e+01  -9.0000000e+00  -4.6211177e+01   2.2751616e+01
  -2.9000000e+01  -2.8000000e+01  -3.6050249e+01   3.8392394e+01  -9.0000000e+00  -4.6375490e+01   2.1344266e+01
  -2.9000000e+01  -2.8000000e+01  -3.6587271e+01   3.8834850e+01  -9.0000000e+00  -4.5959302e+01   2.0218700e+01
  -2.9000000e+01  -2.8000000e+01  -3.8371456e+01   4.0072747e+01  -9.0000000e+00  -4.6490143e+01   1.8245616e+01
  -2.9000000e+01  -2.8000000e+01  -3.9795334e+01   4.1210126e+01  -9.0000000e+00  -4.6922542e+01   1.6752250e+01
  -2.9000000e+01  -2.8000000e+01  -3.9620208e+01   4.2836061e+01  -9.0000000e+00  -4.6894979e+01   1.4057505e+01
  -2.9000000e+01  -2.8000000e+01  -4.0201265e+01   4.2062331e+01  -9.0000000e+00  -4.4985942e+01   1.0557795e+01
  -2.9000000e+01  -2.8000000e+01  -4.1026255e+01   4.1689342e+01  -9.0000000e+00  -4.2920324e+01   7.4991052e+00
  -2.9000000e+01  -2.8000000e+01  -4.1631230e+01   4.1301148e+01  -9.0000000e+00  -4.0543086e+01   4.7247688e+00
  -2.9000000e+01  -2.8000000e+01  -4.2355274e+01   4.1799374e+01  -9.0000000e+00  -3.9285542e+01   1.7687495e+00
  -2.9000000e+01  -2.8000000e+01  -4.3403077e+01   4.4896571e+01  -9.0000000e+00  -3.9996994e+01  -1.7664948e+00
  -2.9000000e+01  -2.8000000e+01  -4.3375984e+01   4.6129641e+01  -9.0000000e+00  -3.8639254e+01  -5.3506426e+00
  -2.9000000e+01  -2.8000000e+01  -4.5120581e+01   4.6793232e+01  -9.0000000e+00  -3.8050488e+01  -9.0072650e+00
  -2.9000000e+01  -2.8000000e+01  -4.5322358e+01   4.5952009e+01  -9.0000000e+00  -3.5309183e+01  -1.2260953e+01
  -2.9000000e+01  -2.8000000e+01  -4.5492061e+01   4.5399088e+01  -9.0000000e+00  -3.3008707e+01  -1.4978098e+01
  -2.9000000e+01  -2.8000000e+01  -4.5999389e+01   4.3898556e+01  -9.0000000e+00  -3.0188492e+01  -1.9577924e+01
  -2.9000000e+01  -2.8000000e+01  -4.7351666e+01   4.1684560e+01  -9.0000000e+00  -2.8596479e+01  -2.2837022e+01
  -2.9000000e+01  -2.8000000e+01  -4.6294460e+01   3.9360205e+01  -9.0000000e+00  -2.7086308e+01  -2.6167992e+01
  -2.9000000e+01  -2.8000000e+01  -4.5367225e+01   3.6751145e+01  -9.0000000e+00  -2.9672008e+01  -2.6902284e+01
  -2.9000000e+01  -2.8000000e+01  -4.3589237e+01   3.3981322e+01  -9.0000000e+00  -3.2219295e+01  -2.4341588e+01
  -2.9000000e+01  -2.8000000e+01  -4.2931180e+01   3.1291833e+01  -9.0000000e+00  -3.4748667e+01  -1.8553609e+01
  -2.9000000e+01  -2.8000000e+01  -4.0790796e+01   2.9198270e+01  -9.0000000e+00  -3.6909693e+01  -1.1670477e+01
  -2.9000000e+01  -2.8000000e+01  -3.7760047e+01   2.7846797e+01  -9.0000000e+00  -3.9768826e+01  -4.6143603e+00
  -2.9000000e+01  -2.8000000e+01  -3.4173088e+01   3.0234767e+01  -9.0000000e+00  -4.4069576e+01   3.2608971e+00
  -2.9000000e+01  -2.8000000e+01  -3.0294283e+01   3.4091536e+01  -9.0000000e+00  -4.9756572e+01   1.0375745e+01
  -2.9000000e+01  -2.8000000e+01  -2.6760142e+01   3.5772887e+01  -9.0000000e+00  -5.2352299e+01   1.6642275e+01
  -2.9000000e+01  -2.8000000e+01  -2.1867816e+01   3.4392638e+01  -9.0000000e+00  -5.2768224e+01   2.2211361e+01
  -2.9000000e+01  -2.8000000e+01  -2.1098880e+01   3.4527814e+01  -9.0000000e+00  -5.5797314e+01   2.9727777e+01
  -2.9000000e+01  -2.8000000e+01  -2.2703544e+01   3.3330875e+01  -9.0000000e+00  -5.9595139e+01   3.6279653e+01
  -2.9000000e+01  -2.8000000e+01  -2.2140569e+01   3.3316523e+01  -9.0000000e+00  -6.2176643e+01   4.1323386e+01
  -2.9000000e+01  -2.8000000e+01  -2.3145215e+01   3.5400715e+01  -9.0000000e+00  -6.4613535e+01   4.4830083e+01
  -2.9000000e+01  -2.8000000e+01  -2.3748260e+01   3.6120235e+01  -9.0000000e+00  -6.5612855e+01   4.9099903e+01
  -2.9000000e+01  -2.8000000e+01  -2.4803574e+01   3.8513250e+01  -9.0000000e+00  -6.5558845e+01   5.0517849e+01
  -2.9000000e+01  -2.8000000e+01  -2.5326410e+01   4.1838107e+01  -9.0000000e+00  -6.5822009e+01   5.0648170e+01
  -2.9000000e+01  -2.8000000e+01  -2.4163697e+01   4.3001163e+01  -9.0000000e+00  -6.5548577e+01   4.8897064e+01
  -2.9000000e+01  -2.8000000e+01  -2.2516439e+01   4.3062284e+01  -9.0000000e+00  -6.3381113e+01   4.6554938e+01
  -2.9000000e+01  -2.8000000e+01  -2.3433062e+01   4.2643776e+01  -9.0000000e+00  -6.1722538e+01   4.4012496e+01
  -2.9000000e+01  -2.8000000e+01  -2.4237843e+01   4.2162367e+01  -9.0000000e+00  -5.9814994e+01   4.3269140e+01
  -2.9000000e+01  -2.8000000e+01  -2.6587052e+01   4.2528029e+01  -9.0000000e+00  -5.9716340e+01   4.1321094e+01
  -2.9000000e+01  -2.8000000e+01  -2.8723118e+01   4.3430001e+01  -9.0000000e+00  -6.0713639e+01   4.0018689e+01
  -2.9000000e+01  -2.8000000e+01  -2.5039075e+01   4.3625666e+01  -9.0000000e+00  -5.7759442e+01   3.6674318e+01
  -2.9000000e+01  -2.8000000e+01  -2.7240078e+01   4.1314387e+01  -9.0000000e+00  -5.5823574e+01   3.4865875e+01
  -2.9000000e+01  -2.8000000e+01  -2.8286011e+01   4.1979390e+01  -9.0000000e+00  -5.4694063e+01   3.3475484e+01
  -2.9000000e+01  -2.8000000e+01  -2.9281211e+01   4.2516231e+01  -9.0000000e+00  -5.4156736e+01   3.1569887e+01
  -2.9000000e+01  -2.8000000e+01  -2.7102063e+01   4.1509395e+01  -9.0000000e+00  -5.0319906e+01   2.8866305e+01
  -2.9000000e+01  -2.8000000e+01  -2.8086156e+01   3.9151543e+01  -9.0000000e+00  -4.6927448e+01   2.6778837e+01
  -2.9000000e+01  -2.8000000e+01  -2.8230355e+01   3.6499711e+01  -9.0000000e+00  -4.3692358e+01   2.4766243e+01
  -2.9000000e+01  -2.8000000e+01  -3.2315271e+01   3.4699715e+01  -9.0000000e+00  -4.2558927e+01   2.3515514e+01
  -2.9000000e+01  -2.8000000e+01  -3.6012205e+01   3.5107003e+01  -9.0000000e+00  -4.3298759e+01   2.2974255e+01
  -2.9000000e+01  -2.8000000e+01  -3.6113674e+01   3.7192197e+01  -9.0000000e+00  -4.3311158e+01   1.9333602e+01
  -2.9000000e+01  -2.8000000e+01  -3.7982314e+01   3.7903644e+01  -9.0000000e+00  -4.3342185e+01   1.6786018e+01
  -2.9000000e+01  -2.8000000e+01  -3.9416919e+01   3.8367497e+01  -9.0000000e+00  -4.3158880e+01   1.5277950e+01
  -2.9000000e+01  -2.8000000e+01  -4.0835306e+01   3.9253519e+01  -9.0000000e+00  -4.2740498e+01   1.2512953e+01
  -2.9000000e+01  -2.8000000e+01  -4.1758340e+01   4.0550944e+01  -9.0000000e+00  -4.2935088e+01   9.9919901e+00
  -2.9000000e+01  -2.8000000e+01  -4.3161179e+01   4.1246907e+01  -9.0000000e+00  -4.3177808e+01   9.3279728e+00
  -2.9000000e+01  -2.8000000e+01  -4.2387515e+01   4.1442910e+01  -9.0000000e+00  -4.0141052e+01   5.0034184e+00
  -2.9000000e+01  -2.8000000e+01  -4.2153625e+01   4.2618710e+01  -9.0000000e+00  -3.8071804e+01   1.4243722e+00
  -2.9000000e+01  -2.8000000e+01  -4.5191611e+01   4.4772568e+01  -9.0000000e+00  -3.8733767e+01  -2.1253946e+00
  -2.9000000e+01  -2.8000000e+01  -4.7544815e+01   4.5787981e+01  -9.0000000e+00  -3.8569264e+01  -6.0918446e+00
  -2.9000000e+01  -2.8000000e+01  -4.8837490e+01   4.6850199e+01  -9.0000000e+00  -3.7275490e+01  -1.0710357e+01
  -2.9000000e+01  -2.8000000e+01  -4.7923334e+01   4.6090701e+01  -9.0000000e+00  -3.4531279e+01  -1.3874503e+01
  -2.9000000e+01  -2.8000000e+01  -4.8825295e+01   4.5756889e+01  -9.0000000e+00  -3.1966072e+01  -1.7492489e+01
  -2.9000000e+01  -2.8000000e+01  -4.9324546e+01   4.4651799e+01  -9.0000000e+00  -2.9838188e+01  -1.9870801e+01
  -2.9000000e+01  -2.8000000e+01  -4.9386490e+01   4.2718102e+01  -9.0000000e+00  -2.8641275e+01  -2.2459167e+01
  -2.9000000e+01  -2.8000000e+01  -4.8923946e+01   3.8860594e+01  -9.0000000e+00  -2.8706621e+01  -2.6169477e+01
  -2.9000000e+01  -2.8000000e+01  -4.6865923e+01   3.3857188e+01  -9.0000000e+00  -3.0297326e+01  -2.5647718e+01
  -2.9000000e+01  -2.8000000e+01  -4.5938042e+01   3.1047630e+01  -9.0000000e+00  -3.3586926e+01  -2.2045190e+01
  -2.9000000e+01  -2.8000000e+01  -4.2212157e+01   3.0684953e+01  -9.0000000e+00  -3.7063586e+01  -2.1255567e+01
  -2.9000000e+01  -2.8000000e+01  -4.1786162e+01   2.8833314e+01  -9.0000000e+00  -4.0336418e+01  -1.7365916e+01
  -2.9000000e+01  -2.8000000e+01  -3.9562056e+01   2.8459745e+01  -9.0000000e+00  -4.2680299e+01  -1.1971929e+01
  -2.9000000e+01  -2.8000000e+01  -3.5089881e+01   2.9497713e+01  -9.0000000e+00  -4.4489971e+01  -9.4688444e+00
  -2.9000000e+01  -2.8000000e+01  -3.2873385e+01   3.0761512e+01  -9.0000000e+00  -4.6261266e+01  -2.9084539e+00
  -2.9000000e+01  -2.8000000e+01  -3.0007754e+01   3.1707850e+01  -9.0000000e+00  -4.9517613e+01   2.4524087e+00
  -2.9000000e+01  -2.8000000e+01  -2.8465200e+01   3.4724409e+01  -9.0000000e+00  -5.3385253e+01   8.7803198e+00
  -2.9000000e+01  -2.8000000e+01  -2.5704374e+01   3.7508429e+01  -9.0000000e+00  -5.6427131e+01   1.2768295e+01
  -2.9000000e+01  -2.8000000e+01  -2.3274293e+01   3.9635813e+01  -9.0000000e+00  -5.8391985e+01   1.8327014e+01
  -2.9000000e+01  -2.8000000e+01  -2.2517625e+01   4.1690849e+01  -9.0000000e+00  -6.0494255e+01   2.4263526e+01
  -2.9000000e+01  -2.8000000e+01  -2.0959697e+01   4.2204220e+01  -9.0000000e+00  -6.0422037e+01   2.9471720e+01
  -2.9000000e+01  -2.8000000e+01  -2.0773402e+01   4.1073022e+01  -9.0000000e+00  -5.9766702e+01   3.5024995e+01
  -2.9000000e+01  -2.8000000e+01  -2.0561128e+01   4.0192743e+01  -9.0000000e+00  -5.8805611e+01   3.9429983e+01
  -2.9000000e+01  -2.8000000e+01  -2.2834918e+01   4.0091137e+01  -9.0000000e+00  -5.8948051e+01   4.0498521e+01
  -2.9000000e+01  -2.8000000e+01  -2.3016833e+01   4.1038099e+01  -9.0000000e+00  -5.8515195e+01   3.9652526e+01
