  -1.4490024e+01  -2.7776017e+01  -7.5164017e+00   1.7878985e+01   2.0140415e+01  -3.0061753e+01   3.8834418e+01
  -1.5000000e+01  -2.6000000e+01  -7.9864862e+00   1.5225525e+01   2.1592646e+01  -3.1000000e+01   3.9716549e+01
  -1.5000000e+01  -2.6000000e+01  -7.8376780e+00   1.4041758e+01   2.2927267e+01  -3.1000000e+01   4.0683467e+01
  -1.5000000e+01  -2.6000000e+01  -8.2764811e+00   1.3621773e+01   2.5043715e+01  -3.1000000e+01   4.0761218e+01
  -1.5000000e+01  -2.6000000e+01  -8.8257698e+00   1.3870931e+01   2.6408686e+01  -3.1000000e+01   4.1947816e+01
  -1.5000000e+01  -2.6000000e+01  -9.0379932e+00   1.3339262e+01   2.4930830e+01  -3.1000000e+01   4.2836973e+01
  -1.5000000e+01  -2.6000000e+01  -8.8277358e+00   1.2681563e+01   2.2865917e+01  -3.1000000e+01   4.3313173e+01
  -1.5000000e+01  -2.6000000e+01  -8.6272802e+00   1.2862633e+01   2.0799118e+01  -3.1000000e+01   4.4579370e+01
  -1.5000000e+01  -2.6000000e+01  -8.8598277e+00   1.2296301e+01   1.8327386e+01  -3.1000000e+01   4.3814116e+01
  -1.5000000e+01  -2.6000000e+01  -8.5777638e+00   1.3225254e+01   1.6127803e+01  -3.1000000e+01   4.3899817e+01
  -1.5000000e+01  -2.6000000e+01  -9.1346533e+00   1.3800208e+01   1.4852368e+01  -3.1000000e+01   4.2366879e+01
  -1.5000000e+01  -2.6000000e+01  -9.2098663e+00   1.4529940e+01   1.2496674e+01  -3.1000000e+01   4.2846940e+01
  -1.5000000e+01  -2.6000000e+01  -1.0180632e+01   1.4511528e+01   1.1397881e+01  -3.1000000e+01   4.1635409e+01
  -1.5000000e+01  -2.6000000e+01  -1.1150819e+01   1.5246087e+01   1.0172853e+01  -3.1000000e+01   4.0537582e+01
  -1.5000000e+01  -2.6000000e+01  -1.1097826e+01   1.5736929e+01   7.7287801e+00  -3.1000000e+01   3.9518206e+01
  -1.5000000e+01  -2.6000000e+01  -1.2319110e+01   1.6129272e+01   6.3222919e+00  -3.1000000e+01   3.8097660e+01
  -1.5000000e+01  -2.6000000e+01  -1.2252599e+01   1.6785826e+01   3.7485465e+00  -3.1000000e+01   3.8532497e+01
  -1.5000000e+01  -2.6000000e+01  -1.2550304e+01   1.7678350e+01   2.0194764e+00  -3.1000000e+01   3.7399763e+01
  -1.5000000e+01  -2.6000000e+01  -1.3116700e+01   1.8287222e+01  -2.2891730e-03  -3.1000000e+01   3.5047895e+01
  -1.5000000e+01  -2.6000000e+01  -1.3675639e+01   1.9623123e+01  -2.7464241e+00  -3.1000000e+01   3.4298761e+01
  -1.5000000e+01  -2.6000000e+01  -1.4456775e+01   2.0508288e+01  -4.6218537e+00  -3.1000000e+01   3.3179889e+01
  -1.5000000e+01  -2.6000000e+01  -1.6080260e+01   2.2355769e+01  -6.2825215e+00  -3.1000000e+01   3.0412575e+01
  -1.5000000e+01  -2.6000000e+01  -1.7621349e+01   2.3702454e+01  -7.1647250e+00  -3.1000000e+01   2.6782277e+01
  -1.5000000e+01  -2.6000000e+01  -1.7944182e+01   2.5648901e+01  -8.5979899e+00  -3.1000000e+01   2.4235689e+01
  -1.5000000e+01  -2.6000000e+01  -1.7285841e+01   2.6921956e+01  -1.0456680e+01  -3.1000000e+01   2.0986843e+01
  -1.5000000e+01  -2.6000000e+01  -1.8214775e+01   2.8078393e+01  -1.1957564e+01  -3.1000000e+01   2.0648077e+01
  -1.5000000e+01  -2.6000000e+01  -1.8569606e+01   2.9093081e+01  -1.3284642e+01  -3.1000000e+01   1.7749391e+01
  -1.5000000e+01  -2.6000000e+01  -2.0103949e+01   3.0386199e+01  -1.4462369e+01  -3.1000000e+01   1.5259607e+01
  -1.5000000e+01  -2.6000000e+01  -2.0095284e+01   3.1014503e+01  -1.5830863e+01  -3.1000000e+01   1.3679059e+01
  -1.5000000e+01  -2.6000000e+01  -1.9961363e+01   3.1543039e+01  -1.6027594e+01  -3.1000000e+01   9.8847044e+00
  -1.5000000e+01  -2.6000000e+01  -1.9918852e+01   2.7142514e+01  -1.4783196e+01  -3.1000000e+01   9.0271471e+00
  -1.5000000e+01  -2.6000000e+01  -1.5886479e+01   2.0842532e+01  -1.2501535e+01  -3.1000000e+01   7.7341302e+00
  -1.5000000e+01  -2.6000000e+01  -1.3881577e+01   1.6316918e+01  -5.8948666e+00  -3.1000000e+01   4.9028600e+00
  -1.5000000e+01  -2.6000000e+01  -1.2476681e+01   1.6945631e+01   8.6407397e-01  -3.1000000e+01   1.2799917e+01
  -1.5000000e+01  -2.6000000e+01  -1.1753113e+01   1.8516800e+01   7.0738494e+00  -3.1000000e+01   1.8887243e+01
  -1.5000000e+01  -2.6000000e+01  -8.8699621e+00   1.9794112e+01   1.1972760e+01  -3.1000000e+01   2.4338759e+01
  -1.5000000e+01  -2.6000000e+01  -6.7028742e+00   1.8525310e+01   1.8890202e+01  -3.1000000e+01   2.6273215e+01
  -1.5000000e+01  -2.6000000e+01  -7.3139263e+00   1.6565921e+01   2.5802207e+01  -3.1000000e+01   2.8775114e+01
  -1.5000000e+01  -2.6000000e+01  -7.1253701e+00   1.4149559e+01   2.9963513e+01  -3.1000000e+01   2.8138564e+01
  -1.5000000e+01  -2.6000000e+01  -8.1422638e+00   1.2931405e+01   3.4512751e+01  -3.1000000e+01   2.9308905e+01
  -1.5000000e+01  -2.6000000e+01  -6.5076253e+00   1.6126561e+01   3.6304306e+01  -3.1000000e+01   3.1855718e+01
  -1.5000000e+01  -2.6000000e+01  -3.8534990e+00   1.9706769e+01   3.5673081e+01  -3.1000000e+01   3.4961414e+01
  -1.5000000e+01  -2.6000000e+01  -4.6298646e+00   1.8970081e+01   3.5020168e+01  -3.1000000e+01   3.7737788e+01
  -1.5000000e+01  -2.6000000e+01  -4.9946080e+00   1.8565096e+01   3.3591226e+01  -3.1000000e+01   4.0964963e+01
  -1.5000000e+01  -2.6000000e+01  -6.4857417e+00   1.6954651e+01   3.3133002e+01  -3.1000000e+01   4.2813441e+01
  -1.5000000e+01  -2.6000000e+01  -7.4790311e+00   1.5476892e+01   3.2061742e+01  -3.1000000e+01   4.3421300e+01
  -1.5000000e+01  -2.6000000e+01  -8.0580370e+00   1.4424591e+01   3.0747568e+01  -3.1000000e+01   4.4891859e+01
  -1.5000000e+01  -2.6000000e+01  -8.4792277e+00   1.3754410e+01   2.8059279e+01  -3.1000000e+01   4.7695742e+01
  -1.5000000e+01  -2.6000000e+01  -9.1650405e+00   1.2836629e+01   2.6516675e+01  -3.1000000e+01   4.8739808e+01
  -1.5000000e+01  -2.6000000e+01  -9.1397718e+00   1.2176538e+01   2.4729215e+01  -3.1000000e+01   4.7787049e+01
  -1.5000000e+01  -2.6000000e+01  -9.6130663e+00   1.1591667e+01   2.3213690e+01  -3.1000000e+01   4.7905803e+01
  -1.5000000e+01  -2.6000000e+01  -1.0062281e+01   1.1145984e+01   2.1743824e+01  -3.1000000e+01   4.8438510e+01
  -1.5000000e+01  -2.6000000e+01  -1.0576782e+01   1.1468585e+01   2.0033213e+01  -3.1000000e+01   4.7096559e+01
  -1.5000000e+01  -2.6000000e+01  -1.0914521e+01   1.1780980e+01   1.8460913e+01  -3.1000000e+01   4.6642337e+01
  -1.5000000e+01  -2.6000000e+01  -1.2331220e+01   1.2169851e+01   1.7441589e+01  -3.1000000e+01   4.6977040e+01
  -1.5000000e+01  -2.6000000e+01  -1.3198545e+01   1.2142796e+01   1.5523539e+01  -3.1000000e+01   4.5631102e+01
  -1.5000000e+01  -2.6000000e+01  -1.3920085e+01   1.2956072e+01   1.3741988e+01  -3.1000000e+01   4.4571713e+01
  -1.5000000e+01  -2.6000000e+01  -1.3230306e+01   1.3623866e+01   1.0854001e+01  -3.1000000e+01   4.2521853e+01
  -1.5000000e+01  -2.6000000e+01  -1.3838558e+01   1.3793342e+01   8.7584466e+00  -3.1000000e+01   4.1469322e+01
  -1.5000000e+01  -2.6000000e+01  -1.2750871e+01   1.5348117e+01   5.1876063e+00  -3.1000000e+01   4.0760542e+01
  -1.5000000e+01  -2.6000000e+01  -1.3778274e+01   1.6439923e+01   3.8353967e+00  -3.1000000e+01   3.9791596e+01
  -1.5000000e+01  -2.6000000e+01  -1.4598937e+01   1.7745152e+01   1.8856953e+00  -3.1000000e+01   3.7461336e+01
  -1.5000000e+01  -2.6000000e+01  -1.5424171e+01   1.9364248e+01   1.2583502e-02  -3.1000000e+01   3.4282987e+01
  -1.5000000e+01  -2.6000000e+01  -1.5608198e+01   2.0590102e+01  -1.9190247e+00  -3.1000000e+01   3.2594960e+01
  -1.5000000e+01  -2.6000000e+01  -1.5626846e+01   2.2572369e+01  -3.8311485e+00  -3.1000000e+01   3.0456857e+01
  -1.5000000e+01  -2.6000000e+01  -1.6401044e+01   2.4193047e+01  -4.9785660e+00  -3.1000000e+01   2.7345017e+01
  -1.5000000e+01  -2.6000000e+01  -1.6645490e+01   2.5277410e+01  -6.4120258e+00  -3.1000000e+01   2.4848336e+01
  -1.5000000e+01  -2.6000000e+01  -1.7332936e+01   2.6807649e+01  -7.4729294e+00  -3.1000000e+01   2.0886912e+01
  -1.5000000e+01  -2.6000000e+01  -1.7556208e+01   2.8074459e+01  -9.4502022e+00  -3.1000000e+01   1.9932689e+01
  -1.5000000e+01  -2.6000000e+01  -1.8430401e+01   2.8165161e+01  -1.0674533e+01  -3.1000000e+01   1.7902641e+01
  -1.5000000e+01  -2.6000000e+01  -1.8474107e+01   2.7175261e+01  -1.1325925e+01  -3.1000000e+01   1.6422032e+01
  -1.5000000e+01  -2.6000000e+01  -1.7470897e+01   2.3168470e+01  -1.0015304e+01  -3.1000000e+01   1.3063402e+01
  -1.5000000e+01  -2.6000000e+01  -1.4968767e+01   1.6753618e+01  -6.2243862e+00  -3.1000000e+01   8.4116460e+00
  -1.5000000e+01  -2.6000000e+01  -1.5073215e+01   1.4184233e+01  -1.3983534e+00  -3.1000000e+01   1.2157057e+01
  -1.5000000e+01  -2.6000000e+01  -1.4617962e+01   1.5343734e+01   2.5791709e+00  -3.1000000e+01   1.9242449e+01
  -1.5000000e+01  -2.6000000e+01  -1.3181591e+01   1.7651544e+01   7.5795793e+00  -3.1000000e+01   2.3780403e+01
  -1.5000000e+01  -2.6000000e+01  -1.0913952e+01   1.8581826e+01   1.1719331e+01  -3.1000000e+01   2.8415977e+01
  -1.5000000e+01  -2.6000000e+01  -8.3313022e+00   1.7057493e+01   1.6012090e+01  -3.1000000e+01   3.1471133e+01
  -1.5000000e+01  -2.6000000e+01  -8.3830790e+00   1.4121200e+01   2.0842997e+01  -3.1000000e+01   3.3292966e+01
  -1.5000000e+01  -2.6000000e+01  -9.5566829e+00   1.0754694e+01   2.6345823e+01  -3.1000000e+01   3.4493451e+01
  -1.5000000e+01  -2.6000000e+01  -8.6724784e+00   1.0778227e+01   2.8614167e+01  -3.1000000e+01   3.5828016e+01
  -1.5000000e+01  -2.6000000e+01  -7.2994830e+00   1.4161924e+01   2.9617130e+01  -3.1000000e+01   3.9886140e+01
  -1.5000000e+01  -2.6000000e+01  -7.7174380e+00   1.3923215e+01   2.8838973e+01  -3.1000000e+01   4.1675827e+01
  -1.5000000e+01  -2.6000000e+01  -7.9005735e+00   1.4295863e+01   2.7867035e+01  -3.1000000e+01   4.5439140e+01
  -1.5000000e+01  -2.6000000e+01  -8.0600517e+00   1.2948590e+01   2.5776603e+01  -3.1000000e+01   4.7332951e+01
  -1.5000000e+01  -2.6000000e+01  -8.5208418e+00   1.1772914e+01   2.4693230e+01  -3.1000000e+01   4.8013065e+01
  -1.5000000e+01  -2.6000000e+01  -9.1742331e+00   1.1431062e+01   2.3458330e+01  -3.1000000e+01   4.8754772e+01
  -1.5000000e+01  -2.6000000e+01  -9.7333908e+00   1.0589917e+01   2.2254065e+01  -3.1000000e+01   4.8456536e+01
  -1.5000000e+01  -2.6000000e+01  -1.0316023e+01   1.0127729e+01   2.1278214e+01  -3.1000000e+01   4.8307021e+01
  -1.5000000e+01  -2.6000000e+01  -1.0576797e+01   1.0044350e+01   1.9561953e+01  -3.1000000e+01   4.9727730e+01
  -1.5000000e+01  -2.6000000e+01  -1.0480968e+01   1.0370744e+01   1.8579080e+01  -3.1000000e+01   4.9709805e+01
  -1.5000000e+01  -2.6000000e+01  -1.0791089e+01   1.0397842e+01   1.7479720e+01  -3.1000000e+01   4.8506944e+01
  -1.5000000e+01  -2.6000000e+01  -1.1186709e+01   1.0395200e+01   1.6600535e+01  -3.1000000e+01   4.8469532e+01
  -1.5000000e+01  -2.6000000e+01  -1.1127469e+01   1.0413347e+01   1.4506333e+01  -3.1000000e+01   4.6167132e+01
  -1.5000000e+01  -2.6000000e+01  -1.1231239e+01   1.1279446e+01   1.2260578e+01  -3.1000000e+01   4.6687123e+01
  -1.5000000e+01  -2.6000000e+01  -1.0783110e+01   1.2503525e+01   1.0202243e+01  -3.1000000e+01   4.6123876e+01
  -1.5000000e+01  -2.6000000e+01  -1.1351227e+01   1.3035700e+01   9.2847056e+00  -3.1000000e+01   4.4482533e+01
  -1.5000000e+01  -2.6000000e+01  -1.3158446e+01   1.3769521e+01   7.8464814e+00  -3.1000000e+01   4.4552353e+01
  -1.5000000e+01  -2.6000000e+01  -1.3056064e+01   1.4403012e+01   6.0537997e+00  -3.1000000e+01   4.2982842e+01
  -1.5000000e+01  -2.6000000e+01  -1.3043668e+01   1.5424158e+01   4.2760419e+00  -3.1000000e+01   3.9690311e+01
  -1.5000000e+01  -2.6000000e+01  -1.3578989e+01   1.7288148e+01   2.9439595e+00  -3.1000000e+01   3.9322603e+01
  -1.5000000e+01  -2.6000000e+01  -1.4955543e+01   1.8491242e+01   2.4282390e+00  -3.1000000e+01   3.7557279e+01
  -1.5000000e+01  -2.6000000e+01  -1.5871866e+01   1.9239580e+01   1.0088222e+00  -3.1000000e+01   3.4821266e+01
  -1.5000000e+01  -2.6000000e+01  -1.6122888e+01   1.9907380e+01  -1.1007574e+00  -3.1000000e+01   3.3004873e+01
  -1.5000000e+01  -2.6000000e+01  -1.6525293e+01   2.2408677e+01  -2.4725324e+00  -3.1000000e+01   3.0305646e+01
  -1.5000000e+01  -2.6000000e+01  -1.7028191e+01   2.3888790e+01  -3.1853038e+00  -3.1000000e+01   2.7024212e+01
  -1.5000000e+01  -2.6000000e+01  -1.7002392e+01   2.5353100e+01  -5.2775285e+00  -3.1000000e+01   2.6621181e+01
  -1.5000000e+01  -2.6000000e+01  -1.8029460e+01   2.6645683e+01  -5.6636029e+00  -3.1000000e+01   2.3575487e+01
  -1.5000000e+01  -2.6000000e+01  -1.8078904e+01   2.7663146e+01  -6.5529312e+00  -3.1000000e+01   2.0434353e+01
  -1.5000000e+01  -2.6000000e+01  -1.8404502e+01   2.8827084e+01  -8.0522406e+00  -3.1000000e+01   1.8861567e+01
  -1.5000000e+01  -2.6000000e+01  -1.9352637e+01   2.9504105e+01  -8.9709754e+00  -3.1000000e+01   1.6686913e+01
  -1.5000000e+01  -2.6000000e+01  -1.8615192e+01   3.0678320e+01  -1.0435192e+01  -3.1000000e+01   1.2468005e+01
  -1.5000000e+01  -2.6000000e+01  -2.0066955e+01   3.0190453e+01  -1.1122487e+01  -3.1000000e+01   1.0914296e+01
  -1.5000000e+01  -2.6000000e+01  -1.8910901e+01   2.6008810e+01  -1.1705014e+01  -3.1000000e+01   1.0728427e+01
  -1.5000000e+01  -2.6000000e+01  -1.6746726e+01   2.0398775e+01  -9.0493113e+00  -3.1000000e+01   7.2450559e+00
  -1.5000000e+01  -2.6000000e+01  -1.6383891e+01   1.7146488e+01  -5.1028170e+00  -3.1000000e+01   9.2961243e+00
  -1.5000000e+01  -2.6000000e+01  -1.5073550e+01   1.6603528e+01  -1.7222005e+00  -3.1000000e+01   1.7953859e+01
  -1.5000000e+01  -2.6000000e+01  -1.3919594e+01   1.6635298e+01   3.4755666e+00  -3.1000000e+01   2.5323777e+01
  -1.5000000e+01  -2.6000000e+01  -1.1446338e+01   1.5125372e+01   1.0627748e+01  -3.1000000e+01   2.9617995e+01
  -1.5000000e+01  -2.6000000e+01  -1.2729005e+01   1.1381145e+01   1.9421904e+01  -3.1000000e+01   3.4047543e+01
  -1.5000000e+01  -2.6000000e+01  -1.2782314e+01   7.7874363e+00   2.4920800e+01  -3.1000000e+01   3.6306762e+01
  -1.5000000e+01  -2.6000000e+01  -1.2742258e+01   7.1958217e+00   3.0251482e+01  -3.1000000e+01   3.6995238e+01
  -1.5000000e+01  -2.6000000e+01  -1.2391725e+01   7.3132316e+00   3.3572622e+01  -3.1000000e+01   3.7814578e+01
  -1.5000000e+01  -2.6000000e+01  -1.0619773e+01   1.1112047e+01   3.3968573e+01  -3.1000000e+01   4.0531700e+01
  -1.5000000e+01  -2.6000000e+01  -8.0335439e+00   1.4193168e+01   3.2569423e+01  -3.1000000e+01   4.4186445e+01
  -1.5000000e+01  -2.6000000e+01  -8.4945979e+00   1.3453332e+01   3.1486909e+01  -3.1000000e+01   4.5046648e+01
  -1.5000000e+01  -2.6000000e+01  -9.0879931e+00   1.2193032e+01   3.0176807e+01  -3.1000000e+01   4.5342099e+01
  -1.5000000e+01  -2.6000000e+01  -9.7956750e+00   1.1091438e+01   2.8525542e+01  -3.1000000e+01   4.6995787e+01
  -1.5000000e+01  -2.6000000e+01  -1.0143449e+01   1.0245047e+01   2.7117510e+01  -3.1000000e+01   4.8034872e+01
  -1.5000000e+01  -2.6000000e+01  -1.0440227e+01   9.2105188e+00   2.5685556e+01  -3.1000000e+01   4.9041950e+01
  -1.5000000e+01  -2.6000000e+01  -1.0733229e+01   9.3718052e+00   2.4215373e+01  -3.1000000e+01   4.9677830e+01
  -1.5000000e+01  -2.6000000e+01  -1.0615552e+01   9.1208925e+00   2.2339082e+01  -3.1000000e+01   4.8729863e+01
  -1.5000000e+01  -2.6000000e+01  -1.0738426e+01   9.2130146e+00   2.0121726e+01  -3.1000000e+01   4.8635080e+01
  -1.5000000e+01  -2.6000000e+01  -1.0725553e+01   9.2851748e+00   1.8734100e+01  -3.1000000e+01   4.9928138e+01
  -1.5000000e+01  -2.6000000e+01  -1.0609173e+01   9.4110472e+00   1.7411813e+01  -3.1000000e+01   4.7951511e+01
  -1.5000000e+01  -2.6000000e+01  -1.1270385e+01   1.0015182e+01   1.5737358e+01  -3.1000000e+01   4.6127551e+01
  -1.5000000e+01  -2.6000000e+01  -1.1255646e+01   1.0767413e+01   1.3311465e+01  -3.1000000e+01   4.5411822e+01
  -1.5000000e+01  -2.6000000e+01  -1.2089212e+01   1.2072350e+01   1.2033468e+01  -3.1000000e+01   4.3907694e+01
  -1.5000000e+01  -2.6000000e+01  -1.2411972e+01   1.2971669e+01   9.9779411e+00  -3.1000000e+01   4.2952751e+01
  -1.5000000e+01  -2.6000000e+01  -1.3259296e+01   1.3753764e+01   8.6279291e+00  -3.1000000e+01   4.1180740e+01
  -1.5000000e+01  -2.6000000e+01  -1.2913385e+01   1.4640650e+01   6.0701781e+00  -3.1000000e+01   3.9074839e+01
  -1.5000000e+01  -2.6000000e+01  -1.3901362e+01   1.5473914e+01   4.1762477e+00  -3.1000000e+01   3.7603547e+01
  -1.5000000e+01  -2.6000000e+01  -1.2723348e+01   1.7851846e+01   1.3399550e+00  -3.1000000e+01   3.7129252e+01
  -1.5000000e+01  -2.6000000e+01  -1.4575379e+01   1.8705431e+01   2.7134441e-01  -3.1000000e+01   3.4388596e+01
  -1.5000000e+01  -2.6000000e+01  -1.4951789e+01   1.9931652e+01  -2.0762896e+00  -3.1000000e+01   3.2145907e+01
  -1.5000000e+01  -2.6000000e+01  -1.6010518e+01   2.2350472e+01  -2.7376202e+00  -3.1000000e+01   2.6825214e+01
  -1.5000000e+01  -2.6000000e+01  -1.7375705e+01   2.3680803e+01  -3.2647087e+00  -3.1000000e+01   2.3816236e+01
  -1.5000000e+01  -2.6000000e+01  -1.6089394e+01   2.5696800e+01  -6.1898295e+00  -3.1000000e+01   2.4099307e+01
  -1.5000000e+01  -2.6000000e+01  -1.6394126e+01   2.6834500e+01  -7.9027702e+00  -3.1000000e+01   2.0900137e+01
  -1.5000000e+01  -2.6000000e+01  -1.7325669e+01   2.8134747e+01  -9.1113072e+00  -3.1000000e+01   1.8754643e+01
  -1.5000000e+01  -2.6000000e+01  -1.8356302e+01   2.9480229e+01  -9.3739674e+00  -3.1000000e+01   1.4135183e+01
  -1.5000000e+01  -2.6000000e+01  -1.8550851e+01   3.0741338e+01  -1.1144738e+01  -3.1000000e+01   1.3255303e+01
  -1.5000000e+01  -2.6000000e+01  -2.0240126e+01   3.1587674e+01  -1.1711702e+01  -3.1000000e+01   1.0136185e+01
  -1.5000000e+01  -2.6000000e+01  -2.0965877e+01   3.1314390e+01  -1.2498863e+01  -3.1000000e+01   9.0565863e+00
  -1.5000000e+01  -2.6000000e+01  -2.0015053e+01   2.9257746e+01  -1.3108830e+01  -3.1000000e+01   8.6343514e+00
  -1.5000000e+01  -2.6000000e+01  -1.6656921e+01   2.2738933e+01  -1.1518581e+01  -3.1000000e+01   7.6739067e+00
  -1.5000000e+01  -2.6000000e+01  -1.6043654e+01   1.5626430e+01  -7.1459733e+00  -3.1000000e+01   6.9902171e+00
  -1.5000000e+01  -2.6000000e+01  -1.5105715e+01   1.3244867e+01  -3.6243213e+00  -3.1000000e+01   1.6143532e+01
  -1.5000000e+01  -2.6000000e+01  -1.5085072e+01   1.2364166e+01   2.5201757e+00  -3.1000000e+01   2.4297813e+01
  -1.5000000e+01  -2.6000000e+01  -1.3664053e+01   1.1884707e+01   9.8228747e+00  -3.1000000e+01   2.9245734e+01
  -1.5000000e+01  -2.6000000e+01  -1.3550655e+01   8.4549697e+00   1.7412081e+01  -3.1000000e+01   3.4259685e+01
  -1.5000000e+01  -2.6000000e+01  -1.3451919e+01   5.5293297e+00   2.3306840e+01  -3.1000000e+01   3.9682063e+01
  -1.5000000e+01  -2.6000000e+01  -1.3824875e+01   5.3126657e+00   2.8439535e+01  -3.1000000e+01   4.1863414e+01
  -1.5000000e+01  -2.6000000e+01  -1.3075621e+01   7.3837956e+00   3.1778699e+01  -3.1000000e+01   4.3612235e+01
  -1.5000000e+01  -2.6000000e+01  -1.1231580e+01   1.0347007e+01   3.3110186e+01  -3.1000000e+01   4.4368881e+01
  -1.5000000e+01  -2.6000000e+01  -1.0309180e+01   1.1287159e+01   3.2004849e+01  -3.1000000e+01   4.7890042e+01
  -1.5000000e+01  -2.6000000e+01  -1.0295298e+01   1.0898651e+01   3.0489504e+01  -3.1000000e+01   5.0854527e+01
  -1.5000000e+01  -2.6000000e+01  -1.0334931e+01   1.0600490e+01   2.9642064e+01  -3.1000000e+01   5.2653053e+01
  -1.5000000e+01  -2.6000000e+01  -1.0577781e+01   9.1179888e+00   2.8181432e+01  -3.1000000e+01   5.1146285e+01
  -1.5000000e+01  -2.6000000e+01  -1.1560503e+01   8.1929948e+00   2.7359842e+01  -3.1000000e+01   5.1000755e+01
  -1.5000000e+01  -2.6000000e+01  -1.0968307e+01   8.1361164e+00   2.5665810e+01  -3.1000000e+01   5.1315947e+01
  -1.5000000e+01  -2.6000000e+01  -1.1819008e+01   7.9248691e+00   2.4814370e+01  -3.1000000e+01   5.0740249e+01
  -1.5000000e+01  -2.6000000e+01  -1.1535998e+01   7.8470164e+00   2.3092600e+01  -3.1000000e+01   5.1311355e+01
  -1.5000000e+01  -2.6000000e+01  -1.1356746e+01   7.9641769e+00   2.0647664e+01  -3.1000000e+01   5.1446915e+01
  -1.5000000e+01  -2.6000000e+01  -1.1296280e+01   8.0152737e+00   1.9231293e+01  -3.1000000e+01   5.1754494e+01
  -1.5000000e+01  -2.6000000e+01  -1.1223308e+01   8.3234222e+00   1.7858594e+01  -3.1000000e+01   5.1470017e+01
  -1.5000000e+01  -2.6000000e+01  -1.0785994e+01   9.4059070e+00   1.6619236e+01  -3.1000000e+01   5.0638861e+01
  -1.5000000e+01  -2.6000000e+01  -1.1358151e+01   9.7332383e+00   1.5769753e+01  -3.1000000e+01   4.9089050e+01
  -1.5000000e+01  -2.6000000e+01  -1.1311933e+01   1.0189112e+01   1.3808015e+01  -3.1000000e+01   4.8219762e+01
  -1.5000000e+01  -2.6000000e+01  -1.0743217e+01   1.0831654e+01   1.1710153e+01  -3.1000000e+01   4.7464853e+01
  -1.5000000e+01  -2.6000000e+01  -1.1720722e+01   1.1303212e+01   1.0775892e+01  -3.1000000e+01   4.6816227e+01
  -1.5000000e+01  -2.6000000e+01  -1.3063965e+01   1.2221670e+01   1.0193371e+01  -3.1000000e+01   4.6376024e+01
  -1.5000000e+01  -2.6000000e+01  -1.2935633e+01   1.2631150e+01   8.4096990e+00  -3.1000000e+01   4.4517625e+01
  -1.5000000e+01  -2.6000000e+01  -1.3538552e+01   1.3237300e+01   6.6609590e+00  -3.1000000e+01   4.2780086e+01
  -1.5000000e+01  -2.6000000e+01  -1.2248969e+01   1.4056768e+01   3.1397263e+00  -3.1000000e+01   4.1839930e+01
  -1.5000000e+01  -2.6000000e+01  -1.3522794e+01   1.6102721e+01   1.7985674e+00  -3.1000000e+01   4.2254739e+01
  -1.5000000e+01  -2.6000000e+01  -1.6613347e+01   1.6411113e+01   2.1350258e+00  -3.1000000e+01   4.0687817e+01
  -1.5000000e+01  -2.6000000e+01  -1.6086080e+01   1.7660057e+01  -3.3998328e-01  -3.1000000e+01   3.9544058e+01
  -1.5000000e+01  -2.6000000e+01  -1.4603400e+01   1.8757650e+01  -3.3264391e+00  -3.1000000e+01   3.8289237e+01
  -1.5000000e+01  -2.6000000e+01  -1.4700470e+01   1.9400433e+01  -5.0032574e+00  -3.1000000e+01   3.7378503e+01
  -1.5000000e+01  -2.6000000e+01  -1.5642932e+01   1.9807690e+01  -4.9723890e+00  -3.1000000e+01   3.4950355e+01
  -1.5000000e+01  -2.6000000e+01  -1.6748153e+01   1.9975240e+01  -5.4989652e+00  -3.1000000e+01   3.3388075e+01
  -1.5000000e+01  -2.6000000e+01  -1.7113873e+01   2.0883010e+01  -5.9013141e+00  -3.1000000e+01   3.1699646e+01
  -1.5000000e+01  -2.6000000e+01  -1.7678484e+01   2.2223800e+01  -6.6534106e+00  -3.1000000e+01   3.1321995e+01
  -1.5000000e+01  -2.6000000e+01  -1.8413980e+01   2.2663886e+01  -6.9725307e+00  -3.1000000e+01   3.0687917e+01
  -1.5000000e+01  -2.6000000e+01  -1.9394328e+01   2.3038640e+01  -7.0431402e+00  -3.1000000e+01   2.9009286e+01
  -1.5000000e+01  -2.6000000e+01  -1.9380069e+01   2.3690741e+01  -8.0216228e+00  -3.1000000e+01   2.8542953e+01
  -1.5000000e+01  -2.6000000e+01  -1.9136758e+01   2.4392265e+01  -9.3328987e+00  -3.1000000e+01   2.7292428e+01
  -1.5000000e+01  -2.6000000e+01  -1.9187068e+01   2.5068378e+01  -1.0270143e+01  -3.1000000e+01   2.7409188e+01
  -1.5000000e+01  -2.6000000e+01  -1.8915411e+01   2.5320268e+01  -1.1487747e+01  -3.1000000e+01   2.7118834e+01
  -1.5000000e+01  -2.6000000e+01  -1.9320167e+01   2.5635521e+01  -1.2279527e+01  -3.1000000e+01   2.5019422e+01
  -1.5000000e+01  -2.6000000e+01  -1.9094503e+01   2.5310891e+01  -1.3233820e+01  -3.1000000e+01   2.5511444e+01
  -1.5000000e+01  -2.6000000e+01  -1.9259284e+01   2.4648832e+01  -1.3605462e+01  -3.1000000e+01   2.5272978e+01
  -1.5000000e+01  -2.6000000e+01  -1.8168239e+01   2.1532504e+01  -1.2175785e+01  -3.1000000e+01   2.6501899e+01
  -1.5000000e+01  -2.6000000e+01  -1.5667051e+01   1.5596002e+01  -8.8563945e+00  -3.1000000e+01   2.6871230e+01
  -1.5000000e+01  -2.6000000e+01  -1.4655866e+01   9.0642754e+00  -4.6488594e+00  -3.1000000e+01   2.7444897e+01
  -1.5000000e+01  -2.6000000e+01  -1.4731717e+01   6.8293490e+00   8.6835425e-01  -3.1000000e+01   3.0566595e+01
  -1.5000000e+01  -2.6000000e+01  -1.4756760e+01   5.8858435e+00   4.8100814e+00  -3.1000000e+01   3.8771270e+01
  -1.5000000e+01  -2.6000000e+01  -1.3585494e+01   6.2941809e+00   7.5256868e+00  -3.1000000e+01   4.2823295e+01
  -1.5000000e+01  -2.6000000e+01  -1.3069075e+01   5.8723200e+00   1.2321710e+01  -3.1000000e+01   4.5551921e+01
  -1.5000000e+01  -2.6000000e+01  -1.2613072e+01   6.1400431e+00   1.5809398e+01  -3.1000000e+01   4.8406782e+01
  -1.5000000e+01  -2.6000000e+01  -1.1967747e+01   6.8564159e+00   1.8380605e+01  -3.1000000e+01   4.7726731e+01
  -1.5000000e+01  -2.6000000e+01  -1.1216462e+01   7.2643488e+00   2.0448020e+01  -3.1000000e+01   4.5022111e+01
  -1.5000000e+01  -2.6000000e+01  -9.8116686e+00   9.0518501e+00   2.1725507e+01  -3.1000000e+01   4.4189554e+01
  -1.5000000e+01  -2.6000000e+01  -8.3194716e+00   1.2128457e+01   2.3628895e+01  -3.1000000e+01   4.3614129e+01
  -1.5000000e+01  -2.6000000e+01  -7.6855797e+00   1.3419469e+01   2.5304022e+01  -3.1000000e+01   4.3026196e+01
  -1.5000000e+01  -2.6000000e+01  -7.1726581e+00   1.3200555e+01   2.5741399e+01  -3.1000000e+01   4.3080879e+01
  -1.5000000e+01  -2.6000000e+01  -8.0504302e+00   1.2007666e+01   2.6701080e+01  -3.1000000e+01   4.2563474e+01
  -1.5000000e+01  -2.6000000e+01  -8.7631362e+00   1.1383939e+01   2.8769460e+01  -3.1000000e+01   4.3703133e+01
  -1.5000000e+01  -2.6000000e+01  -9.4324118e+00   1.0840773e+01   2.9634519e+01  -3.1000000e+01   4.4268461e+01
  -1.5000000e+01  -2.6000000e+01  -9.6586175e+00   1.0460186e+01   2.9551032e+01  -3.1000000e+01   4.5611035e+01
  -1.5000000e+01  -2.6000000e+01  -9.4240403e+00   1.0591969e+01   2.8143817e+01  -3.1000000e+01   4.6173572e+01
  -1.5000000e+01  -2.6000000e+01  -9.2371983e+00   1.0926932e+01   2.6945749e+01  -3.1000000e+01   4.7254643e+01
  -1.5000000e+01  -2.6000000e+01  -9.1756054e+00   1.1151989e+01   2.4894742e+01  -3.1000000e+01   4.6928230e+01
  -1.5000000e+01  -2.6000000e+01  -8.5077004e+00   1.1413058e+01   2.2895004e+01  -3.1000000e+01   4.7911316e+01
  -1.5000000e+01  -2.6000000e+01  -8.5342822e+00   1.1674682e+01   2.0355501e+01  -3.1000000e+01   4.7647179e+01
  -1.5000000e+01  -2.6000000e+01  -8.5020949e+00   1.1623447e+01   1.8064987e+01  -3.1000000e+01   4.6942743e+01
  -1.5000000e+01  -2.6000000e+01  -8.6443932e+00   1.2177571e+01   1.6661839e+01  -3.1000000e+01   4.6823908e+01
  -1.5000000e+01  -2.6000000e+01  -9.4074908e+00   1.1761280e+01   1.5465801e+01  -3.1000000e+01   4.6572150e+01
  -1.5000000e+01  -2.6000000e+01  -9.3185451e+00   1.2305328e+01   1.3798384e+01  -3.1000000e+01   4.6202264e+01
  -1.5000000e+01  -2.6000000e+01  -9.3116050e+00   1.2772292e+01   1.1430968e+01  -3.1000000e+01   4.6376363e+01
  -1.5000000e+01  -2.6000000e+01  -8.8461536e+00   1.3696523e+01   9.1877466e+00  -3.1000000e+01   4.4823538e+01
  -1.5000000e+01  -2.6000000e+01  -9.4998970e+00   1.4431656e+01   7.5519498e+00  -3.1000000e+01   4.3892596e+01
  -1.5000000e+01  -2.6000000e+01  -1.0847961e+01   1.5111885e+01   6.2426735e+00  -3.1000000e+01   4.3304630e+01
  -1.5000000e+01  -2.6000000e+01  -1.2299382e+01   1.5599892e+01   5.2160003e+00  -3.1000000e+01   4.2964450e+01
  -1.5000000e+01  -2.6000000e+01  -1.2466726e+01   1.6275249e+01   3.4726672e+00  -3.1000000e+01   4.0940935e+01
  -1.5000000e+01  -2.6000000e+01  -1.1780784e+01   1.7549251e+01   7.7284864e-01  -3.1000000e+01   4.0862589e+01
  -1.5000000e+01  -2.6000000e+01  -1.1561966e+01   1.8230936e+01  -2.1791262e+00  -3.1000000e+01   3.9027044e+01
  -1.5000000e+01  -2.6000000e+01  -1.3594758e+01   1.9285059e+01  -3.6501611e+00  -3.1000000e+01   3.7312756e+01
  -1.5000000e+01  -2.6000000e+01  -1.4613631e+01   2.0562632e+01  -5.5356035e+00  -3.1000000e+01   3.6825985e+01
  -1.5000000e+01  -2.6000000e+01  -1.4997208e+01   2.1335578e+01  -7.6226022e+00  -3.1000000e+01   3.5040800e+01
  -1.5000000e+01  -2.6000000e+01  -1.5517747e+01   2.2421779e+01  -8.7372567e+00  -3.1000000e+01   3.3260559e+01
  -1.5000000e+01  -2.6000000e+01  -1.6948273e+01   2.3224394e+01  -9.6577027e+00  -3.1000000e+01   3.1057079e+01
  -1.5000000e+01  -2.6000000e+01  -1.6921842e+01   2.4762494e+01  -1.1475189e+01  -3.1000000e+01   3.0136674e+01
  -1.5000000e+01  -2.6000000e+01  -1.7533459e+01   2.5628374e+01  -1.2992743e+01  -3.1000000e+01   2.9304838e+01
  -1.5000000e+01  -2.6000000e+01  -1.7213427e+01   2.6696792e+01  -1.5297026e+01  -3.1000000e+01   2.8465320e+01
  -1.5000000e+01  -2.6000000e+01  -1.9261329e+01   2.6894097e+01  -1.6140367e+01  -3.1000000e+01   2.6450181e+01
  -1.5000000e+01  -2.6000000e+01  -2.0365495e+01   2.6907034e+01  -1.6675574e+01  -3.1000000e+01   2.4348124e+01
  -1.5000000e+01  -2.6000000e+01  -1.8917668e+01   2.4741249e+01  -1.6473755e+01  -3.1000000e+01   2.2531338e+01
  -1.5000000e+01  -2.6000000e+01  -1.7246034e+01   1.7746783e+01  -1.3175757e+01  -3.1000000e+01   2.0555551e+01
  -1.5000000e+01  -2.6000000e+01  -1.4588333e+01   1.2704069e+01  -8.7637865e+00  -3.1000000e+01   2.0390052e+01
  -1.5000000e+01  -2.6000000e+01  -1.3798867e+01   9.2428767e+00  -3.3187526e+00  -3.1000000e+01   2.1500384e+01
  -1.5000000e+01  -2.6000000e+01  -1.4331007e+01   8.4789207e+00   3.2237469e+00  -3.1000000e+01   2.5557636e+01
  -1.5000000e+01  -2.6000000e+01  -1.3442510e+01   1.0850632e+01   9.4500362e+00  -3.1000000e+01   2.9884266e+01
  -1.5000000e+01  -2.6000000e+01  -1.2107386e+01   1.1006695e+01   1.5454540e+01  -3.1000000e+01   3.3339233e+01
  -1.5000000e+01  -2.6000000e+01  -1.1622753e+01   1.0330679e+01   2.0164763e+01  -3.1000000e+01   3.5438876e+01
  -1.5000000e+01  -2.6000000e+01  -1.1826973e+01   8.2910089e+00   2.4080755e+01  -3.1000000e+01   3.7649694e+01
  -1.5000000e+01  -2.6000000e+01  -1.0429536e+01   7.9272979e+00   2.6660529e+01  -3.1000000e+01   4.0409963e+01
  -1.5000000e+01  -2.6000000e+01  -1.0100029e+01   7.4909609e+00   2.9639477e+01  -3.1000000e+01   4.2142400e+01
  -1.5000000e+01  -2.6000000e+01  -1.0925190e+01   7.7982918e+00   3.2606949e+01  -3.1000000e+01   4.2928125e+01
