  -1.4490024e+01  -2.7776017e+01  -7.5164017e+00   1.7878985e+01   2.0140415e+01  -3.0061753e+01   3.8834418e+01
  -1.3788002e+01  -2.7807793e+01  -8.0280938e+00   1.9572332e+01   2.0686631e+01  -3.3830944e+01   4.0163108e+01
  -1.3186515e+01  -2.9933585e+01  -7.6899943e+00   2.1566349e+01   2.1519659e+01  -3.4834390e+01   4.1476276e+01
  -1.3301248e+01  -2.9065138e+01  -8.1904793e+00   2.1282299e+01   2.3817558e+01  -3.6045378e+01   4.1469600e+01
  -1.3553655e+01  -2.8151512e+01  -8.7001131e+00   2.0313268e+01   2.5230537e+01  -3.5786475e+01   4.2541096e+01
  -1.3506368e+01  -2.6426981e+01  -8.8403851e+00   1.8072111e+01   2.3267686e+01  -3.6048944e+01   4.3248648e+01
  -1.2958185e+01  -2.7852404e+01  -8.4293438e+00   1.8881754e+01   2.0596990e+01  -3.5972815e+01   4.3913331e+01
  -1.3258632e+01  -2.9030915e+01  -8.0785915e+00   2.0121670e+01   1.8776770e+01  -3.5712900e+01   4.5288719e+01
  -1.2376336e+01  -2.9434994e+01  -8.4348921e+00   1.9750018e+01   1.5495146e+01  -3.5456177e+01   4.4547707e+01
  -1.4273625e+01  -2.9530623e+01  -7.9446238e+00   2.0709050e+01   1.5143167e+01  -3.5304047e+01   4.4556783e+01
  -1.5179896e+01  -2.8202996e+01  -8.7846409e+00   1.7586821e+01   1.4948145e+01  -3.2647814e+01   4.2679308e+01
  -1.4841579e+01  -2.7135307e+01  -9.0222539e+00   1.6225574e+01   1.2227822e+01  -3.1550005e+01   4.3024445e+01
  -1.6025339e+01  -2.5964740e+01  -1.0018022e+01   1.3799133e+01   1.2232480e+01  -3.0201144e+01   4.1545947e+01
  -1.7096010e+01  -2.5139159e+01  -1.0832889e+01   1.3680513e+01   1.1825479e+01  -3.0179747e+01   4.0315821e+01
  -1.7097968e+01  -2.7018938e+01  -1.0425495e+01   1.6346799e+01   9.2667460e+00  -3.0349340e+01   3.9551704e+01
  -1.7197855e+01  -2.1808204e+01  -1.2487297e+01   8.2267511e+00   8.2203605e+00  -2.6761727e+01   3.7235888e+01
  -1.5870643e+01  -2.3444481e+01  -1.2245405e+01   9.5614573e+00   4.3730705e+00  -2.5545406e+01   3.7910101e+01
  -1.6530923e+01  -2.5158919e+01  -1.2274863e+01   1.3020965e+01   3.2529577e+00  -2.6467989e+01   3.7014616e+01
  -1.6115658e+01  -2.5862243e+01  -1.2844385e+01   1.3175542e+01   8.3936800e-01  -2.5141031e+01   3.4637045e+01
  -1.5151287e+01  -2.4735876e+01  -1.3612737e+01   1.4523840e+01  -2.7273624e+00  -2.6505593e+01   3.3891574e+01
  -1.5282484e+01  -2.4795822e+01  -1.4425281e+01   1.4452008e+01  -4.3872329e+00  -2.5280073e+01   3.2671224e+01
  -1.5003862e+01  -2.3981775e+01  -1.6187260e+01   1.3891247e+01  -6.1199441e+00  -2.3363415e+01   2.9588963e+01
  -1.5334004e+01  -2.3683202e+01  -1.7714757e+01   1.4828572e+01  -6.5460279e+00  -2.3197101e+01   2.5877998e+01
  -1.4881009e+01  -2.7089999e+01  -1.7771596e+01   1.9742852e+01  -9.1012663e+00  -2.2843452e+01   2.3691075e+01
  -1.4627574e+01  -2.8696488e+01  -1.6944331e+01   2.2928232e+01  -1.1629007e+01  -2.3230153e+01   2.0549563e+01
  -1.4604973e+01  -2.5056179e+01  -1.8206730e+01   1.9406723e+01  -1.2396204e+01  -2.2009102e+01   1.9960698e+01
  -1.5427563e+01  -2.7584749e+01  -1.8108255e+01   2.3075183e+01  -1.3546318e+01  -2.2123914e+01   1.7172060e+01
  -1.6156141e+01  -2.7014861e+01  -1.9482784e+01   2.2782334e+01  -1.3966538e+01  -2.0875363e+01   1.4586840e+01
  -1.5155168e+01  -2.7589313e+01  -1.9569435e+01   2.2476690e+01  -1.6604703e+01  -1.9222979e+01   1.2920773e+01
  -1.5956886e+01  -2.9387866e+01  -1.9184445e+01   2.3886717e+01  -1.6318029e+01  -1.8278168e+01   9.0528978e+00
  -1.5872188e+01  -2.1574033e+01  -2.0258573e+01   1.5232772e+01  -1.3109220e+01  -2.2232423e+01   8.1485385e+00
  -1.3533407e+01  -3.0022069e+01  -1.6202504e+01   1.9826853e+01  -1.3424026e+01  -2.6084409e+01   7.9017285e+00
  -1.4668541e+01  -2.5047869e+01  -1.4962069e+01   9.9034601e+00  -4.5918590e+00  -2.5191132e+01   4.3295337e+00
  -1.4075009e+01  -2.2573546e+01  -1.3861718e+01   8.4468639e+00   1.7003735e+00  -2.5582723e+01   1.2429529e+01
  -1.6434925e+01  -2.3987298e+01  -1.2582366e+01   9.9276034e+00   9.4300411e+00  -2.3721124e+01   1.8404123e+01
  -1.6221550e+01  -2.8231272e+01  -8.7783237e+00   1.7391942e+01   1.3653929e+01  -2.5631110e+01   2.4443550e+01
  -1.4123299e+01  -2.8055940e+01  -7.3763821e+00   1.7791621e+01   1.9320188e+01  -2.7628425e+01   2.6424414e+01
  -1.3571503e+01  -2.6032455e+01  -8.0129623e+00   1.8272044e+01   2.5397796e+01  -3.2822921e+01   2.9024386e+01
  -9.7980174e+00  -2.7456528e+01  -8.0165356e+00   2.0017103e+01   2.6501754e+01  -3.5587664e+01   2.8952575e+01
  -1.1573054e+01  -2.4717349e+01  -8.8959915e+00   1.4767783e+01   3.2311594e+01  -3.4363581e+01   2.9671520e+01
  -1.0609188e+01  -2.5753136e+01  -7.0051734e+00   1.8673755e+01   3.2636117e+01  -3.3874099e+01   3.2447317e+01
  -1.2022034e+01  -2.5847758e+01  -4.2219124e+00   2.0061682e+01   3.2870931e+01  -3.1438011e+01   3.5307215e+01
  -1.1610404e+01  -2.6392410e+01  -4.9791661e+00   2.2867631e+01   3.1808784e+01  -3.5044899e+01   3.8374417e+01
  -1.2622118e+01  -2.6123864e+01  -5.1167382e+00   2.2189668e+01   3.1166010e+01  -3.5118000e+01   4.1442584e+01
  -1.3090661e+01  -2.5038597e+01  -6.7283126e+00   1.9344888e+01   3.1227258e+01  -3.5097091e+01   4.3084768e+01
  -1.3481409e+01  -2.5351771e+01  -7.5976788e+00   1.7410164e+01   3.0494837e+01  -3.4150420e+01   4.3628396e+01
  -1.2440761e+01  -2.5844182e+01  -8.0777221e+00   1.8859664e+01   2.8115964e+01  -3.6447687e+01   4.5346903e+01
  -1.2559306e+01  -2.5970442e+01  -8.3860617e+00   1.7784329e+01   2.5342903e+01  -3.5828676e+01   4.8154558e+01
  -1.2881544e+01  -2.4927363e+01  -9.2623632e+00   1.5343136e+01   2.4290445e+01  -3.5380663e+01   4.8987247e+01
  -1.2600253e+01  -2.3912999e+01  -9.2831773e+00   1.2936884e+01   2.2166672e+01  -3.4522357e+01   4.7820373e+01
  -1.2816479e+01  -2.2497258e+01  -9.9484299e+00   1.0372526e+01   2.0922740e+01  -3.3964175e+01   4.7753484e+01
  -1.3176483e+01  -2.5660771e+01  -1.0125226e+01   1.3456431e+01   1.9921181e+01  -3.4150710e+01   4.8667006e+01
  -1.4562427e+01  -2.7213928e+01  -1.0297947e+01   1.6019738e+01   1.9409223e+01  -3.4830652e+01   4.7417398e+01
  -1.4852245e+01  -2.6668153e+01  -1.0643763e+01   1.6192622e+01   1.8073511e+01  -3.5327133e+01   4.6915243e+01
  -1.5100522e+01  -2.2321405e+01  -1.2356799e+01   1.0932499e+01   1.7156266e+01  -3.4101224e+01   4.6642087e+01
  -1.5702200e+01  -2.2562476e+01  -1.3083899e+01   1.0656592e+01   1.5680853e+01  -3.3483068e+01   4.5236189e+01
  -1.6960633e+01  -2.1909600e+01  -1.3618028e+01   9.6264791e+00   1.4810533e+01  -3.2067285e+01   4.3993366e+01
  -1.6943828e+01  -2.6275462e+01  -1.2523450e+01   1.5839802e+01   1.2024942e+01  -3.3142209e+01   4.2570438e+01
  -1.6935219e+01  -2.6189655e+01  -1.3332377e+01   1.2980524e+01   1.0159611e+01  -2.9759942e+01   4.1375294e+01
  -1.5742425e+01  -2.5859296e+01  -1.2419977e+01   1.1877440e+01   5.5179538e+00  -2.7073154e+01   4.0532335e+01
  -1.5607540e+01  -2.1573734e+01  -1.3936232e+01   7.4202569e+00   4.3519010e+00  -2.5695344e+01   3.8916856e+01
  -1.6378735e+01  -2.4075799e+01  -1.4382405e+01   1.3126566e+01   2.9968809e+00  -2.7771416e+01   3.7009899e+01
  -1.6799315e+01  -2.3714830e+01  -1.5113222e+01   1.4713227e+01   1.5410612e+00  -2.8057064e+01   3.3777391e+01
  -1.5317221e+01  -2.2873316e+01  -1.5664466e+01   1.3816690e+01  -1.5157430e+00  -2.6630425e+01   3.1935212e+01
  -1.3554321e+01  -2.3994580e+01  -1.5960369e+01   1.6052979e+01  -5.0198359e+00  -2.5769511e+01   2.9832078e+01
  -1.4727962e+01  -2.5243941e+01  -1.6497301e+01   1.8377357e+01  -5.1751243e+00  -2.5138858e+01   2.6816837e+01
  -1.5190212e+01  -2.7164496e+01  -1.6458863e+01   2.1683891e+01  -6.5175700e+00  -2.5484193e+01   2.4550198e+01
  -1.6438777e+01  -2.5215951e+01  -1.6865843e+01   2.0945188e+01  -6.3051734e+00  -2.4869377e+01   2.0327809e+01
  -1.6499670e+01  -2.6565101e+01  -1.6789930e+01   2.2619699e+01  -8.6074775e+00  -2.3798277e+01   1.9560885e+01
  -1.6267222e+01  -2.7474457e+01  -1.7836106e+01   2.3024320e+01  -1.0012746e+01  -2.3256868e+01   1.7502340e+01
  -1.6679205e+01  -2.5859516e+01  -1.7864757e+01   2.2313851e+01  -1.0092126e+01  -2.5375229e+01   1.6125918e+01
  -1.6146454e+01  -2.7837390e+01  -1.7198444e+01   1.9231841e+01  -9.1091155e+00  -2.4520190e+01   1.2801137e+01
  -1.5263301e+01  -2.7474717e+01  -1.5248778e+01   1.4186871e+01  -5.3635983e+00  -2.6751523e+01   8.2628078e+00
  -1.5701252e+01  -2.4048055e+01  -1.5743724e+01   9.6391389e+00  -4.9642333e-02  -2.8192544e+01   1.1852489e+01
  -1.5831876e+01  -2.6328731e+01  -1.4723212e+01   1.3338796e+01   3.5843694e+00  -2.8465117e+01   1.9349301e+01
  -1.6618613e+01  -2.6898066e+01  -1.3113876e+01   1.5453538e+01   9.3255038e+00  -2.7483859e+01   2.3773797e+01
  -1.6422220e+01  -2.9351290e+01  -1.0659542e+01   1.8916771e+01   1.3464142e+01  -2.7393390e+01   2.8753674e+01
  -1.4866632e+01  -3.1602726e+01  -8.3571665e+00   2.1611486e+01   1.6904697e+01  -2.9430637e+01   3.2206022e+01
  -1.3238600e+01  -3.1620482e+01  -8.9073363e+00   2.3677861e+01   2.0653117e+01  -3.5092088e+01   3.4362676e+01
  -1.3079774e+01  -2.8040966e+01  -1.0025535e+01   1.7027790e+01   2.5619043e+01  -3.5693348e+01   3.5207991e+01
  -1.2080937e+01  -3.1122292e+01  -8.5292273e+00   2.1681929e+01   2.6541459e+01  -3.7082890e+01   3.7074131e+01
  -1.3427980e+01  -3.0090886e+01  -6.9419917e+00   2.1576164e+01   2.8400157e+01  -3.4257774e+01   4.0768048e+01
  -1.3300766e+01  -3.0253580e+01  -7.2871309e+00   2.2619577e+01   2.7257856e+01  -3.5735489e+01   4.2591597e+01
  -1.3283804e+01  -2.7637308e+01  -7.7056457e+00   1.9763231e+01   2.6136954e+01  -3.5329654e+01   4.6047593e+01
  -1.2227609e+01  -2.9449629e+01  -7.6841379e+00   2.0689046e+01   2.2854544e+01  -3.5762468e+01   4.8205996e+01
  -1.2376320e+01  -2.7439667e+01  -8.4479628e+00   1.6594561e+01   2.2129033e+01  -3.4862723e+01   4.8557226e+01
  -1.2756755e+01  -2.6070366e+01  -9.1801964e+00   1.5109940e+01   2.1208097e+01  -3.5243280e+01   4.9114134e+01
  -1.2761227e+01  -2.6779779e+01  -9.6604640e+00   1.5106727e+01   2.0009676e+01  -3.5355694e+01   4.8886071e+01
  -1.2387346e+01  -2.5907541e+01  -1.0438340e+01   1.3369329e+01   1.8818552e+01  -3.4889954e+01   4.8614233e+01
  -1.2468573e+01  -2.6092205e+01  -1.0559234e+01   1.3577156e+01   1.6973175e+01  -3.5042019e+01   5.0106516e+01
  -1.2801632e+01  -2.4864707e+01  -1.0646568e+01   1.1405154e+01   1.6456789e+01  -3.3588595e+01   4.9790807e+01
  -1.3449351e+01  -2.5627971e+01  -1.0905689e+01   1.1946378e+01   1.6010337e+01  -3.3260003e+01   4.8611101e+01
  -1.3048970e+01  -2.4276388e+01  -1.1451002e+01   1.0280757e+01   1.4786487e+01  -3.2978845e+01   4.8423206e+01
  -1.2571362e+01  -2.5162138e+01  -1.1357833e+01   1.0209447e+01   1.2240395e+01  -3.1739631e+01   4.6135453e+01
  -1.3550254e+01  -2.6669426e+01  -1.1344654e+01   1.2353750e+01   1.0908834e+01  -3.1412754e+01   4.6840784e+01
  -1.4394579e+01  -2.8229616e+01  -1.0660835e+01   1.6114432e+01   9.5638744e+00  -3.2430368e+01   4.6465394e+01
  -1.4298108e+01  -2.6822547e+01  -1.1449524e+01   1.4093409e+01   8.7157896e+00  -3.1235636e+01   4.4587661e+01
  -1.6123091e+01  -2.4281132e+01  -1.3035039e+01   1.0969826e+01   8.6796426e+00  -2.9779022e+01   4.4269040e+01
  -1.5128509e+01  -2.2378746e+01  -1.3135032e+01   8.3847014e+00   5.9937918e+00  -2.8260995e+01   4.2354900e+01
  -1.5738456e+01  -2.4720335e+01  -1.2940614e+01   1.0891062e+01   4.8323771e+00  -2.7182051e+01   3.9252746e+01
  -1.5686963e+01  -2.3780892e+01  -1.3576623e+01   1.0078889e+01   3.5398404e+00  -2.5174612e+01   3.8715199e+01
  -1.7655579e+01  -2.0983348e+01  -1.5000721e+01   1.0341584e+01   4.9706104e+00  -2.7281199e+01   3.6669455e+01
  -1.7439340e+01  -2.1482932e+01  -1.5576160e+01   1.0923634e+01   3.1214475e+00  -2.6384037e+01   3.3911494e+01
  -1.6977370e+01  -2.3230313e+01  -1.5662522e+01   1.2618288e+01   4.8591938e-01  -2.5511599e+01   3.2318964e+01
  -1.6158811e+01  -2.4378641e+01  -1.6208825e+01   1.7456661e+01  -1.4861585e+00  -2.6932962e+01   2.9831323e+01
  -1.6996501e+01  -2.3373384e+01  -1.6527871e+01   1.9322691e+01  -1.4410362e+00  -2.8423983e+01   2.6525792e+01
  -1.6208276e+01  -2.2962321e+01  -1.6609972e+01   1.8370817e+01  -4.2357294e+00  -2.6149182e+01   2.6064133e+01
  -1.5877092e+01  -2.0346235e+01  -1.8113344e+01   1.6284237e+01  -4.2324922e+00  -2.5200637e+01   2.2526106e+01
  -1.6796900e+01  -2.3884576e+01  -1.7518181e+01   1.9784133e+01  -4.9594256e+00  -2.4001268e+01   1.9723589e+01
  -1.7535461e+01  -2.5067634e+01  -1.7408430e+01   2.2325016e+01  -6.0842066e+00  -2.4139806e+01   1.8378234e+01
  -1.8407818e+01  -2.5235015e+01  -1.8126715e+01   2.2229373e+01  -6.1659834e+00  -2.2965364e+01   1.6115960e+01
  -1.7526463e+01  -3.0160145e+01  -1.7031567e+01   2.8036562e+01  -9.4700540e+00  -2.2820409e+01   1.2126356e+01
  -1.9374008e+01  -2.8884470e+01  -1.8221346e+01   2.7926541e+01  -8.0703287e+00  -2.4674706e+01   1.0877071e+01
  -1.7495807e+01  -2.7250140e+01  -1.7982887e+01   2.1185995e+01  -1.0064097e+01  -2.3940868e+01   1.0594044e+01
  -1.5568978e+01  -2.8650259e+01  -1.6738337e+01   1.9386733e+01  -8.3129080e+00  -2.7228169e+01   7.2980368e+00
  -1.7133090e+01  -2.7375930e+01  -1.6321693e+01   1.4552152e+01  -2.9798252e+00  -2.6724355e+01   9.3691481e+00
  -1.5669007e+01  -2.9290076e+01  -1.4978556e+01   1.7341886e+01  -9.0460889e-01  -2.8453477e+01   1.8708101e+01
  -1.6967777e+01  -2.9227156e+01  -1.3773032e+01   1.7023309e+01   5.7039317e+00  -2.7894138e+01   2.5875523e+01
  -1.6756814e+01  -3.1968717e+01  -1.1636909e+01   2.1975720e+01   1.3773591e+01  -3.1882148e+01   3.0563731e+01
  -1.5010368e+01  -2.7167134e+01  -1.3764133e+01   1.5956038e+01   2.1198459e+01  -3.4930360e+01   3.4500327e+01
  -1.2139310e+01  -2.5147207e+01  -1.3518772e+01   1.1828518e+01   2.3588023e+01  -3.6606942e+01   3.6749409e+01
  -1.2647512e+01  -2.2855720e+01  -1.3533331e+01   1.0295533e+01   2.9250840e+01  -3.8156429e+01   3.7023046e+01
  -1.1584387e+01  -2.3518295e+01  -1.2681489e+01   1.2148836e+01   3.1054547e+01  -3.9348693e+01   3.8111405e+01
  -1.2248645e+01  -2.5677755e+01  -1.0578148e+01   1.4504133e+01   3.1418464e+01  -3.5119084e+01   4.0979833e+01
  -1.2499589e+01  -2.9184691e+01  -7.6392702e+00   2.0093116e+01   3.0019478e+01  -3.3636882e+01   4.5009028e+01
  -1.2567509e+01  -2.8012305e+01  -8.3534301e+00   1.9000940e+01   2.9116903e+01  -3.4915856e+01   4.5694512e+01
  -1.2374479e+01  -2.9468424e+01  -8.7992141e+00   1.9791601e+01   2.7621125e+01  -3.5469875e+01   4.6182863e+01
  -1.2374328e+01  -2.7357830e+01  -9.6574860e+00   1.6422544e+01   2.5877604e+01  -3.5551044e+01   4.7626948e+01
  -1.1762421e+01  -2.6289674e+01  -1.0144012e+01   1.4540779e+01   2.3963240e+01  -3.5648059e+01   4.8558968e+01
  -1.1872178e+01  -2.5883943e+01  -1.0349034e+01   1.2693841e+01   2.2476582e+01  -3.5227843e+01   4.9482099e+01
  -1.1475951e+01  -2.3639997e+01  -1.0878292e+01   1.0341158e+01   2.0700848e+01  -3.5003409e+01   4.9827068e+01
  -1.1009386e+01  -2.5349262e+01  -1.0577039e+01   1.2284573e+01   1.8298075e+01  -3.5464978e+01   4.9069770e+01
  -1.1248885e+01  -2.5461049e+01  -1.0703712e+01   1.2859514e+01   1.6267109e+01  -3.5918723e+01   4.9012637e+01
  -1.2317358e+01  -2.4370777e+01  -1.0906853e+01   9.8632846e+00   1.6095731e+01  -3.3659845e+01   5.0009472e+01
  -1.3233400e+01  -2.6098158e+01  -1.0697550e+01   1.1588229e+01   1.5752650e+01  -3.3396306e+01   4.8115736e+01
  -1.3691006e+01  -2.6772130e+01  -1.1293372e+01   1.3109281e+01   1.4501157e+01  -3.3638548e+01   4.6375918e+01
  -1.3480219e+01  -2.8975783e+01  -1.1063063e+01   1.7554782e+01   1.1666948e+01  -3.5242269e+01   4.6026060e+01
  -1.4601355e+01  -2.6893160e+01  -1.2034886e+01   1.5394109e+01   1.1617023e+01  -3.3748767e+01   4.4136720e+01
  -1.5270413e+01  -2.5486716e+01  -1.2322371e+01   1.2143249e+01   1.0084912e+01  -3.0633787e+01   4.2854652e+01
  -1.5546410e+01  -2.3964446e+01  -1.3130732e+01   1.0991176e+01   8.8708394e+00  -3.0184057e+01   4.0842788e+01
  -1.5729021e+01  -2.5375522e+01  -1.2715946e+01   1.3105292e+01   6.5330579e+00  -2.9906025e+01   3.8912291e+01
  -1.5568928e+01  -2.3419775e+01  -1.4005868e+01   1.0150120e+01   4.6911932e+00  -2.7780964e+01   3.7044710e+01
  -1.4684897e+01  -2.6130340e+01  -1.2706659e+01   1.6003190e+01   9.5140810e-01  -2.8685527e+01   3.7010981e+01
  -1.6849276e+01  -2.4093454e+01  -1.4320832e+01   1.2200548e+01   1.8819520e+00  -2.5572958e+01   3.3780063e+01
  -1.5948229e+01  -2.4771733e+01  -1.4710389e+01   1.3992815e+01  -1.3717083e+00  -2.5363282e+01   3.1596907e+01
  -1.4909197e+01  -2.5817929e+01  -1.6084423e+01   1.8141378e+01  -2.7760911e+00  -2.6233890e+01   2.6308318e+01
  -1.5380036e+01  -2.4218173e+01  -1.7452443e+01   1.7629802e+01  -2.6699000e+00  -2.5950778e+01   2.3209419e+01
  -1.4868368e+01  -2.7278214e+01  -1.5642978e+01   2.0719776e+01  -6.9886295e+00  -2.3628011e+01   2.3760668e+01
  -1.4456719e+01  -2.7350182e+01  -1.6303181e+01   2.0533678e+01  -8.8335794e+00  -2.2144061e+01   2.0267191e+01
  -1.5078218e+01  -2.5821926e+01  -1.7207035e+01   2.0129432e+01  -9.2041449e+00  -2.1893154e+01   1.8035338e+01
  -1.5259976e+01  -2.6377796e+01  -1.8281806e+01   2.1675539e+01  -9.2475013e+00  -2.1570910e+01   1.3293783e+01
  -1.6206876e+01  -2.7324543e+01  -1.7713102e+01   2.3492789e+01  -1.0815617e+01  -2.0948012e+01   1.2724069e+01
  -1.6515764e+01  -2.4963540e+01  -1.9723285e+01   2.0925581e+01  -1.0362601e+01  -1.9575310e+01   9.0994735e+00
  -1.7106247e+01  -2.4221279e+01  -2.0129463e+01   1.9280104e+01  -1.0717554e+01  -1.8742576e+01   8.0939923e+00
  -1.6653617e+01  -2.7673932e+01  -1.9153338e+01   2.2796096e+01  -1.2347768e+01  -2.1584286e+01   8.2693751e+00
  -1.3907697e+01  -2.9727262e+01  -1.6957125e+01   2.2474213e+01  -1.2282137e+01  -2.7188120e+01   7.8987533e+00
  -1.4958866e+01  -2.5017524e+01  -1.6819359e+01   1.0515341e+01  -6.1151193e+00  -2.6656357e+01   6.6480001e+00
  -1.5035887e+01  -2.2684685e+01  -1.5863551e+01   6.0688012e+00  -2.8502693e+00  -2.6822092e+01   1.6123621e+01
  -1.6514470e+01  -2.2953405e+01  -1.6000987e+01   9.6286910e+00   4.8295784e+00  -3.1583699e+01   2.4309052e+01
  -1.5145871e+01  -2.4539601e+01  -1.4358368e+01   1.0914620e+01   1.0859033e+01  -3.1687490e+01   2.9177789e+01
  -1.4422101e+01  -2.0216519e+01  -1.5756656e+01   7.5090550e+00   1.9533323e+01  -3.6926237e+01   3.3974916e+01
  -1.2301647e+01  -2.1696863e+01  -1.4688820e+01   8.7614825e+00   2.2701258e+01  -3.9898197e+01   3.9944051e+01
  -1.1566863e+01  -2.0202021e+01  -1.5080875e+01   1.2558480e+01   2.7364851e+01  -4.6027346e+01   4.1890742e+01
  -1.0208170e+01  -2.0490261e+01  -1.3498865e+01   1.4542766e+01   2.8333806e+01  -4.5562592e+01   4.3810826e+01
  -1.1294398e+01  -2.4243622e+01  -1.1254486e+01   1.5072726e+01   2.9742541e+01  -3.8465479e+01   4.4792167e+01
  -1.1336372e+01  -2.5584521e+01  -1.0182938e+01   1.6184229e+01   2.8248754e+01  -3.7221760e+01   4.8548764e+01
  -1.1726954e+01  -2.3821966e+01  -1.0449661e+01   1.2335517e+01   2.7146532e+01  -3.5458329e+01   5.1153588e+01
  -1.1494046e+01  -2.1751688e+01  -1.0676251e+01   1.0445537e+01   2.6115782e+01  -3.6194047e+01   5.2699015e+01
  -1.1490888e+01  -2.3427802e+01  -1.0649498e+01   1.1418452e+01   2.4560580e+01  -3.6998553e+01   5.1294752e+01
  -1.1643296e+01  -2.1573874e+01  -1.1930466e+01   8.0384969e+00   2.4181112e+01  -3.6312611e+01   5.0895142e+01
  -1.2791840e+01  -2.3720305e+01  -1.0873464e+01   1.0256776e+01   2.3118113e+01  -3.6370858e+01   5.1418799e+01
  -1.2690048e+01  -2.2145421e+01  -1.2017502e+01   9.7687758e+00   2.2445053e+01  -3.7969306e+01   5.0645050e+01
  -1.2113329e+01  -2.2369933e+01  -1.1551382e+01   8.7210484e+00   1.9921046e+01  -3.6512451e+01   5.1277565e+01
  -1.1642680e+01  -2.2621458e+01  -1.1310374e+01   8.6669277e+00   1.6937302e+01  -3.5926255e+01   5.1413321e+01
  -1.2442354e+01  -2.3084258e+01  -1.1432761e+01   8.2765294e+00   1.6582691e+01  -3.4892108e+01   5.1690272e+01
  -1.1883059e+01  -2.2917729e+01  -1.1430228e+01   8.7292490e+00   1.4782561e+01  -3.5244764e+01   5.1394529e+01
  -1.2168767e+01  -2.5745987e+01  -1.0878950e+01   1.2078219e+01   1.3861559e+01  -3.4387984e+01   5.0855106e+01
  -1.2268628e+01  -2.5686555e+01  -1.1589796e+01   1.2351652e+01   1.3289858e+01  -3.4434074e+01   4.9275018e+01
  -1.3148550e+01  -2.8014001e+01  -1.1238753e+01   1.5556728e+01   1.1941375e+01  -3.4782786e+01   4.8686834e+01
  -1.3675990e+01  -3.0089333e+01  -1.0520746e+01   1.6432629e+01   1.0307728e+01  -3.2447819e+01   4.8050929e+01
  -1.3965448e+01  -2.5870639e+01  -1.1894797e+01   1.1518731e+01   9.8921107e+00  -3.1412305e+01   4.6836925e+01
  -1.5531402e+01  -2.3653755e+01  -1.3238896e+01   7.9599425e+00   1.0702167e+01  -2.8855373e+01   4.5944394e+01
  -1.5954523e+01  -2.6865548e+01  -1.2655154e+01   1.2761536e+01   9.1100802e+00  -3.0057503e+01   4.4541148e+01
  -1.6155738e+01  -2.7235359e+01  -1.3217570e+01   1.3625592e+01   7.5226914e+00  -2.9914675e+01   4.2836845e+01
  -1.4558380e+01  -3.0159553e+01  -1.1859660e+01   1.4758546e+01   2.1612848e+00  -2.6751963e+01   4.2069500e+01
  -1.5703012e+01  -2.5495759e+01  -1.3430050e+01   9.9683955e+00   2.3664331e+00  -2.4474489e+01   4.1884834e+01
  -1.6826697e+01  -1.9912622e+01  -1.6817253e+01   5.3400463e+00   4.1944898e+00  -2.5243421e+01   3.9549439e+01
  -1.5608824e+01  -2.2969908e+01  -1.5762700e+01   1.1751031e+01  -4.1201177e-02  -2.7490869e+01   3.8996030e+01
  -1.4511572e+01  -2.6618133e+01  -1.4559838e+01   1.7457007e+01  -3.9793223e+00  -2.8736119e+01   3.8202213e+01
  -1.5824353e+01  -2.8115122e+01  -1.4282250e+01   1.8973614e+01  -4.6133991e+00  -2.7895109e+01   3.7417343e+01
  -1.6692770e+01  -2.9643249e+01  -1.5158160e+01   2.0657495e+01  -3.7412098e+00  -2.7666250e+01   3.5082887e+01
  -1.5984233e+01  -2.9227297e+01  -1.6510386e+01   1.8797692e+01  -4.9134018e+00  -2.5950493e+01   3.3391717e+01
  -1.6551939e+01  -3.0617666e+01  -1.6469508e+01   2.3012492e+01  -5.1648426e+00  -2.8028786e+01   3.1936108e+01
  -1.6571592e+01  -2.8486299e+01  -1.7067004e+01   2.4592283e+01  -5.7177407e+00  -3.0709012e+01   3.1567419e+01
  -1.7589255e+01  -2.7504499e+01  -1.7523945e+01   2.5107736e+01  -5.0852553e+00  -3.1775515e+01   3.0917948e+01
  -1.8627417e+01  -2.5368711e+01  -1.8365235e+01   2.3035102e+01  -4.0448180e+00  -3.1209705e+01   2.8992273e+01
  -1.8491705e+01  -2.6071180e+01  -1.8165285e+01   2.3505707e+01  -5.3666204e+00  -3.0164314e+01   2.8593803e+01
  -1.8690673e+01  -2.8561695e+01  -1.7575486e+01   2.6386468e+01  -6.9155543e+00  -2.9807825e+01   2.7535879e+01
  -1.8569200e+01  -2.7563120e+01  -1.7781191e+01   2.5093327e+01  -7.7358646e+00  -2.8702258e+01   2.7556748e+01
  -1.8540641e+01  -2.8028980e+01  -1.7427119e+01   2.4385648e+01  -9.0585230e+00  -2.7038019e+01   2.7201698e+01
  -1.9742553e+01  -3.0062319e+01  -1.7242814e+01   2.6484731e+01  -9.1197240e+00  -2.6613633e+01   2.5208518e+01
  -1.9219402e+01  -3.0671565e+01  -1.7109666e+01   2.6630666e+01  -1.0663627e+01  -2.6568903e+01   2.5866986e+01
  -1.8608599e+01  -3.1621958e+01  -1.7611807e+01   2.7645656e+01  -1.1597131e+01  -2.7666598e+01   2.5704064e+01
  -1.8517522e+01  -3.1898962e+01  -1.6809004e+01   2.4236172e+01  -9.8829969e+00  -2.7281841e+01   2.7063370e+01
  -1.5780651e+01  -3.0143858e+01  -1.5574037e+01   1.8278415e+01  -7.9924731e+00  -2.9764193e+01   2.7362385e+01
  -1.4725256e+01  -2.5200804e+01  -1.5169303e+01   9.5851927e+00  -4.2122933e+00  -3.2754967e+01   2.7469117e+01
  -1.5817820e+01  -2.2818443e+01  -1.5907837e+01   7.0990624e+00   2.7839020e+00  -3.5192271e+01   3.0431945e+01
  -1.5585354e+01  -2.6011565e+01  -1.4930063e+01   9.4041979e+00   5.6214852e+00  -3.5207880e+01   3.9216946e+01
  -1.4042667e+01  -2.8135862e+01  -1.3566719e+01   1.2638413e+01   6.9641367e+00  -3.5920137e+01   4.3465822e+01
  -1.3473040e+01  -2.6726492e+01  -1.3463882e+01   1.1946609e+01   1.1812121e+01  -3.7298912e+01   4.6047009e+01
  -1.3287286e+01  -2.6120768e+01  -1.2852767e+01   1.2582814e+01   1.4811909e+01  -3.8446463e+01   4.8901109e+01
  -1.2850751e+01  -2.5679430e+01  -1.2158084e+01   1.2246588e+01   1.6846363e+01  -3.7649391e+01   4.8039337e+01
  -1.4079057e+01  -2.9629615e+01  -1.0936276e+01   1.6289690e+01   1.9909487e+01  -3.7038945e+01   4.5746821e+01
  -1.4005869e+01  -3.3153653e+01  -9.0817197e+00   2.1204733e+01   2.1047273e+01  -3.6080674e+01   4.5334772e+01
  -1.3434545e+01  -3.2436446e+01  -7.8968377e+00   2.2379748e+01   2.2701656e+01  -3.4538748e+01   4.4578449e+01
  -1.4393282e+01  -3.0664515e+01  -7.2015250e+00   2.1735950e+01   2.5089669e+01  -3.4676911e+01   4.3746130e+01
  -1.3196667e+01  -3.2489055e+01  -6.6237484e+00   2.3414073e+01   2.4372017e+01  -3.4599116e+01   4.4130169e+01
  -1.3159614e+01  -3.0516104e+01  -7.7849094e+00   2.1750116e+01   2.5334301e+01  -3.6658362e+01   4.3487219e+01
  -1.2288693e+01  -2.9612230e+01  -8.7560571e+00   2.0509109e+01   2.6738969e+01  -3.7020175e+01   4.4656943e+01
  -1.2266706e+01  -2.7484666e+01  -9.4238915e+00   1.7698843e+01   2.7270465e+01  -3.7103956e+01   4.4964079e+01
  -1.1965167e+01  -2.7798981e+01  -9.4791124e+00   1.8375938e+01   2.6691042e+01  -3.7986919e+01   4.6430669e+01
  -1.1966889e+01  -2.9579902e+01  -8.9948334e+00   1.9280583e+01   2.5063561e+01  -3.6610248e+01   4.7119380e+01
  -1.1045964e+01  -2.7586536e+01  -9.0608867e+00   1.8248423e+01   2.3029130e+01  -3.7519145e+01   4.8045093e+01
  -1.2180425e+01  -2.7154327e+01  -8.9221324e+00   1.6956879e+01   2.1921355e+01  -3.6339727e+01   4.7485245e+01
  -1.2941881e+01  -2.9375323e+01  -8.0286657e+00   1.7964431e+01   2.0672595e+01  -3.4387777e+01   4.8634326e+01
  -1.2324318e+01  -3.1525467e+01  -7.9362719e+00   2.0788761e+01   1.7364569e+01  -3.4666397e+01   4.8605483e+01
  -1.2232374e+01  -2.9637188e+01  -8.2661810e+00   1.8696178e+01   1.5249189e+01  -3.4721533e+01   4.7674052e+01
  -1.3341972e+01  -2.7857727e+01  -8.5477146e+00   1.7087588e+01   1.5065550e+01  -3.4413160e+01   4.7284935e+01
  -1.3531546e+01  -2.8922668e+01  -9.2751861e+00   1.8280390e+01   1.4094192e+01  -3.5014969e+01   4.7177228e+01
  -1.3151291e+01  -2.7632716e+01  -9.3922242e+00   1.4787878e+01   1.2092803e+01  -3.1849365e+01   4.6498698e+01
  -1.3636849e+01  -2.9220647e+01  -9.2338321e+00   1.6309368e+01   1.0097256e+01  -3.1112126e+01   4.6814731e+01
  -1.4125850e+01  -3.2348198e+01  -8.4436424e+00   2.1975173e+01   8.2567835e+00  -3.2669054e+01   4.5602284e+01
  -1.4960318e+01  -3.1146638e+01  -9.1036694e+00   2.1186832e+01   7.4801462e+00  -3.2463479e+01   4.4518980e+01
  -1.6891628e+01  -2.8355599e+01  -1.0260456e+01   1.6996992e+01   7.8146346e+00  -3.0205860e+01   4.3492474e+01
  -1.7164667e+01  -2.2511261e+01  -1.2296887e+01   9.4556937e+00   7.0711853e+00  -2.7973534e+01   4.2336488e+01
  -1.8235625e+01  -2.6198390e+01  -1.1671091e+01   1.5043555e+01   6.0325254e+00  -2.9084669e+01   4.0787647e+01
  -1.5780159e+01  -2.8556836e+01  -1.1162478e+01   1.7780900e+01   1.0293533e+00  -2.7999092e+01   4.0962849e+01
  -1.4857506e+01  -3.1756455e+01  -1.0944643e+01   1.8214905e+01  -3.0940989e+00  -2.3916127e+01   3.9095112e+01
  -1.6699389e+01  -2.7710955e+01  -1.3133131e+01   1.5794437e+01  -2.2958438e+00  -2.4817569e+01   3.7127405e+01
  -1.6388321e+01  -2.5737303e+01  -1.4203124e+01   1.7056135e+01  -4.4509922e+00  -2.7044942e+01   3.6601214e+01
  -1.5333772e+01  -2.6426188e+01  -1.4785225e+01   1.8055850e+01  -7.5333825e+00  -2.6576256e+01   3.4790725e+01
  -1.5138742e+01  -2.7472435e+01  -1.5347704e+01   2.2299385e+01  -8.8633247e+00  -2.9113929e+01   3.3260507e+01
  -1.4575750e+01  -2.5785197e+01  -1.7093945e+01   2.1045623e+01  -9.9893886e+00  -2.8758022e+01   3.0853038e+01
  -1.4961328e+01  -2.6708953e+01  -1.6753498e+01   2.2452571e+01  -1.1805676e+01  -2.7460475e+01   2.9983017e+01
  -1.5805388e+01  -2.6708186e+01  -1.7120073e+01   2.2021985e+01  -1.2593846e+01  -2.5852304e+01   2.9093173e+01
  -1.4554396e+01  -2.9646004e+01  -1.6927439e+01   2.6743170e+01  -1.6702533e+01  -2.6866861e+01   2.8457656e+01
  -1.6156551e+01  -2.7065346e+01  -1.8849368e+01   2.2056261e+01  -1.5389502e+01  -2.4038754e+01   2.6092126e+01
  -1.6982934e+01  -2.7378398e+01  -1.9593630e+01   2.2769220e+01  -1.5363207e+01  -2.4383382e+01   2.4105166e+01
  -1.5969482e+01  -2.8110526e+01  -1.8389383e+01   2.1203927e+01  -1.6155586e+01  -2.4469686e+01   2.2336279e+01
  -1.4780266e+01  -2.6536836e+01  -1.7612569e+01   1.5696178e+01  -1.2876509e+01  -2.8400712e+01   2.0457629e+01
  -1.4912688e+01  -2.4784785e+01  -1.5060515e+01   8.1906236e+00  -8.2356847e+00  -2.7391849e+01   2.0051662e+01
  -1.4223967e+01  -2.2834730e+01  -1.4924491e+01   5.7798318e+00  -2.6731457e+00  -3.0837871e+01   2.1079746e+01
  -1.4210356e+01  -2.2767006e+01  -1.5682193e+01   4.8541567e+00   4.2047640e+00  -3.0726831e+01   2.5204328e+01
  -1.4804945e+01  -2.6534693e+01  -1.3873385e+01   1.1512436e+01   1.0037055e+01  -3.1188115e+01   3.0039498e+01
  -1.4581450e+01  -2.7008686e+01  -1.2512553e+01   1.1382264e+01   1.5872402e+01  -3.0236481e+01   3.3521841e+01
  -1.3903214e+01  -2.7363489e+01  -1.1883764e+01   1.4720512e+01   1.9815285e+01  -3.4388157e+01   3.5896874e+01
  -1.3010621e+01  -2.6585634e+01  -1.2178937e+01   1.2449448e+01   2.2982062e+01  -3.5052623e+01   3.8146097e+01
  -1.1091498e+01  -2.6059615e+01  -1.0605247e+01   1.2813529e+01   2.3641111e+01  -3.6359513e+01   4.1052834e+01
  -1.1329741e+01  -2.4313429e+01  -1.0518140e+01   1.0179246e+01   2.6941204e+01  -3.5935554e+01   4.2483229e+01
  -1.0979225e+01  -2.4706442e+01  -1.1408293e+01   1.1708682e+01   2.9703896e+01  -3.6812586e+01   4.3382690e+01
