   2.0969109e+01   2.2618346e+01  -1.5582569e+02   1.3887657e+01  -1.1997178e+01  -3.2371613e+01   2.6851944e+01
   1.2000000e+01   1.9277583e+01  -1.6100000e+02   1.5449085e+01  -4.4662081e-01  -3.5000000e+01   2.4795995e+01
   1.2000000e+01   2.3579663e+01  -1.6100000e+02   1.8957527e+01   6.4989410e+00  -3.5000000e+01   2.2896484e+01
   1.2000000e+01   2.2068218e+01  -1.6100000e+02   1.8650447e+01   8.5063117e+00  -3.5000000e+01   1.9917486e+01
   1.2000000e+01   2.3379225e+01  -1.6100000e+02   1.6507985e+01   5.3503233e+00  -3.5000000e+01   1.5857854e+01
   1.2000000e+01   2.1389586e+01  -1.6100000e+02   1.1416398e+01  -1.8086978e-01  -3.5000000e+01   1.3138837e+01
   1.2000000e+01   2.1424466e+01  -1.6100000e+02   7.8459447e+00  -7.5156446e+00  -3.5000000e+01   1.3408995e+01
   1.2000000e+01   2.0738415e+01  -1.6100000e+02   6.1226040e+00  -1.5820373e+01  -3.5000000e+01   1.2372474e+01
   1.2000000e+01   2.0720532e+01  -1.6100000e+02   7.7414966e+00  -2.4929061e+01  -3.5000000e+01   1.3784927e+01
   1.2000000e+01   1.9070886e+01  -1.6100000e+02   8.8251945e+00  -3.3106916e+01  -3.5000000e+01   1.5583537e+01
   1.2000000e+01   1.5677521e+01  -1.6100000e+02   8.9453760e+00  -4.0214902e+01  -3.5000000e+01   1.5661995e+01
   1.2000000e+01   1.2961051e+01  -1.6100000e+02   1.0401229e+01  -4.5394675e+01  -3.5000000e+01   1.5323251e+01
   1.2000000e+01   1.3428422e+01  -1.6100000e+02   1.6758164e+01  -4.8355536e+01  -3.5000000e+01   1.4496997e+01
   1.2000000e+01   1.5391108e+01  -1.6100000e+02   2.2464529e+01  -4.8400590e+01  -3.5000000e+01   1.7613593e+01
   1.2000000e+01   1.7355144e+01  -1.6100000e+02   2.2634644e+01  -4.5932254e+01  -3.5000000e+01   2.0977288e+01
   1.2000000e+01   1.8446690e+01  -1.6100000e+02   1.9662669e+01  -4.2661125e+01  -3.5000000e+01   2.5536463e+01
   1.2000000e+01   1.9349479e+01  -1.6100000e+02   1.7197139e+01  -3.9404569e+01  -3.5000000e+01   2.8254551e+01
   1.2000000e+01   2.2238850e+01  -1.6100000e+02   1.8478824e+01  -3.5788951e+01  -3.5000000e+01   2.9377761e+01
   1.2000000e+01   2.0360659e+01  -1.6100000e+02   1.5356250e+01  -3.3158843e+01  -3.5000000e+01   3.1621988e+01
   1.2000000e+01   1.9623622e+01  -1.6100000e+02   1.3259769e+01  -3.0158634e+01  -3.5000000e+01   3.3538597e+01
   1.2000000e+01   1.7420494e+01  -1.6100000e+02   9.7509567e+00  -2.7461052e+01  -3.5000000e+01   3.5033886e+01
   1.2000000e+01   1.7964389e+01  -1.6100000e+02   8.8946264e+00  -2.4537234e+01  -3.5000000e+01   3.5143766e+01
   1.2000000e+01   1.9886341e+01  -1.6100000e+02   1.0405325e+01  -2.1350227e+01  -3.5000000e+01   3.5614082e+01
   1.2000000e+01   2.3583026e+01  -1.6100000e+02   1.3792378e+01  -1.8105608e+01  -3.5000000e+01   3.6356134e+01
   1.2000000e+01   2.1822443e+01  -1.6100000e+02   1.2158851e+01  -1.5603240e+01  -3.5000000e+01   3.5671312e+01
   1.2000000e+01   1.9943976e+01  -1.6100000e+02   1.0443633e+01  -1.2732838e+01  -3.5000000e+01   3.5372050e+01
   1.2000000e+01   2.1186632e+01  -1.6100000e+02   1.1906950e+01  -1.0321156e+01  -3.5000000e+01   3.3661696e+01
   1.2000000e+01   1.9908631e+01  -1.6100000e+02   1.1297702e+01  -7.8984197e+00  -3.5000000e+01   3.2307180e+01
   1.2000000e+01   1.9927634e+01  -1.6100000e+02   1.2319264e+01  -4.3963458e+00  -3.5000000e+01   3.0511215e+01
   1.2000000e+01   1.7056793e+01  -1.6100000e+02   1.1035872e+01  -1.0710355e+00  -3.5000000e+01   2.8829910e+01
   1.2000000e+01   1.4152565e+01  -1.6100000e+02   1.0405145e+01   2.0581042e+00  -3.5000000e+01   2.5646454e+01
   1.2000000e+01   1.6461359e+01  -1.6100000e+02   1.4508333e+01   4.8619338e+00  -3.5000000e+01   2.1596949e+01
   1.2000000e+01   1.8311581e+01  -1.6100000e+02   1.8022291e+01   7.3878932e+00  -3.5000000e+01   1.9247665e+01
   1.2000000e+01   2.0235885e+01  -1.6100000e+02   2.1537246e+01   1.0047275e+01  -3.5000000e+01   1.6123322e+01
   1.2000000e+01   2.0392243e+01  -1.6100000e+02   2.4360895e+01   1.2258360e+01  -3.5000000e+01   1.3168017e+01
   1.2000000e+01   1.8453814e+01  -1.6100000e+02   2.5177890e+01   1.4025251e+01  -3.5000000e+01   9.7000148e+00
   1.2000000e+01   1.8252116e+01  -1.6100000e+02   2.5856695e+01   1.5112005e+01  -3.5000000e+01   6.3070081e+00
   1.2000000e+01   2.0024406e+01  -1.6100000e+02   2.5758768e+01   1.4990065e+01  -3.5000000e+01   3.2638179e+00
   1.2000000e+01   2.3542865e+01  -1.6100000e+02   2.1120742e+01   1.0750926e+01  -3.5000000e+01   1.3820154e-01
   1.2000000e+01   2.4256344e+01  -1.6100000e+02   1.6731349e+01   3.7238989e+00  -3.5000000e+01  -5.2489936e-02
   1.2000000e+01   2.3725746e+01  -1.6100000e+02   1.3161352e+01  -5.6803895e+00  -3.5000000e+01   2.2474740e+00
   1.2000000e+01   2.0369015e+01  -1.6100000e+02   9.5144155e+00  -1.5308842e+01  -3.5000000e+01   9.0183885e+00
   1.2000000e+01   2.0220291e+01  -1.6100000e+02   9.2457958e+00  -2.5161364e+01  -3.5000000e+01   1.4147575e+01
   1.2000000e+01   1.7513721e+01  -1.6100000e+02   9.3859617e+00  -3.4274896e+01  -3.5000000e+01   1.4415610e+01
   1.2000000e+01   1.7490600e+01  -1.6100000e+02   1.4245051e+01  -4.2337168e+01  -3.5000000e+01   1.3811101e+01
   1.2000000e+01   1.5435530e+01  -1.6100000e+02   1.8825149e+01  -4.9754893e+01  -3.5000000e+01   1.3486754e+01
   1.2000000e+01   1.2363638e+01  -1.6100000e+02   2.2419463e+01  -5.6164717e+01  -3.5000000e+01   1.5714912e+01
   1.2000000e+01   8.7599112e+00  -1.6100000e+02   2.3023025e+01  -6.0537579e+01  -3.5000000e+01   1.6794508e+01
   1.2000000e+01   8.6622652e+00  -1.6100000e+02   2.3070311e+01  -6.1232150e+01  -3.5000000e+01   1.8053101e+01
   1.2000000e+01   1.2579461e+01  -1.6100000e+02   2.4383822e+01  -5.9137311e+01  -3.5000000e+01   2.0252679e+01
   1.2000000e+01   1.6236037e+01  -1.6100000e+02   2.5281476e+01  -5.5558388e+01  -3.5000000e+01   2.0872954e+01
   1.2000000e+01   1.8931133e+01  -1.6100000e+02   2.4435109e+01  -5.2245458e+01  -3.5000000e+01   2.2664040e+01
   1.2000000e+01   1.9408361e+01  -1.6100000e+02   2.0414744e+01  -4.8947538e+01  -3.5000000e+01   2.6748993e+01
   1.2000000e+01   2.0906396e+01  -1.6100000e+02   1.8698939e+01  -4.5955170e+01  -3.5000000e+01   2.8373878e+01
   1.2000000e+01   1.6541926e+01  -1.6100000e+02   1.3070721e+01  -4.4019935e+01  -3.5000000e+01   3.2356653e+01
   1.2000000e+01   1.4139885e+01  -1.6100000e+02   7.9278130e+00  -4.0299218e+01  -3.5000000e+01   3.5022026e+01
   1.2000000e+01   1.3652770e+01  -1.6100000e+02   5.3209425e+00  -3.6418301e+01  -3.5000000e+01   3.5504468e+01
   1.2000000e+01   1.3308908e+01  -1.6100000e+02   4.4742390e+00  -3.3281898e+01  -3.5000000e+01   3.7133340e+01
   1.2000000e+01   1.3067162e+01  -1.6100000e+02   3.6753225e+00  -3.0997788e+01  -3.5000000e+01   3.8244645e+01
   1.2000000e+01   1.6227290e+01  -1.6100000e+02   6.4170310e+00  -2.9396032e+01  -3.5000000e+01   3.8231796e+01
   1.2000000e+01   2.1271348e+01  -1.6100000e+02   1.1300514e+01  -2.6492273e+01  -3.5000000e+01   3.6295825e+01
   1.2000000e+01   2.1643740e+01  -1.6100000e+02   1.1360542e+01  -2.3618882e+01  -3.5000000e+01   3.5896414e+01
   1.2000000e+01   2.1972577e+01  -1.6100000e+02   1.1301537e+01  -2.1188332e+01  -3.5000000e+01   3.7063311e+01
   1.2000000e+01   2.1985552e+01  -1.6100000e+02   1.1894261e+01  -1.8650881e+01  -3.5000000e+01   3.5994865e+01
   1.2000000e+01   1.9113687e+01  -1.6100000e+02   9.8700399e+00  -1.6375791e+01  -3.5000000e+01   3.5800456e+01
   1.2000000e+01   1.9130548e+01  -1.6100000e+02   1.0792243e+01  -1.4093347e+01  -3.5000000e+01   3.3800302e+01
   1.2000000e+01   1.9098621e+01  -1.6100000e+02   1.0311755e+01  -1.1983001e+01  -3.5000000e+01   3.3316262e+01
   1.2000000e+01   1.7196867e+01  -1.6100000e+02   8.8343842e+00  -8.5571868e+00  -3.5000000e+01   3.3448190e+01
   1.2000000e+01   1.6033055e+01  -1.6100000e+02   8.5708846e+00  -6.0498286e+00  -3.5000000e+01   3.1680060e+01
   1.2000000e+01   1.6196134e+01  -1.6100000e+02   8.3076783e+00  -3.4650330e+00  -3.5000000e+01   2.9188448e+01
   1.2000000e+01   1.8552481e+01  -1.6100000e+02   1.1937287e+01  -7.4194899e-01  -3.5000000e+01   2.7261760e+01
   1.2000000e+01   1.9364005e+01  -1.6100000e+02   1.4688514e+01   1.6703564e+00  -3.5000000e+01   2.4406511e+01
   1.2000000e+01   2.0939696e+01  -1.6100000e+02   1.7909765e+01   3.9819818e+00  -3.5000000e+01   2.1623950e+01
   1.2000000e+01   2.2975696e+01  -1.6100000e+02   2.1029627e+01   6.3083331e+00  -3.5000000e+01   2.0443072e+01
   1.2000000e+01   2.4062639e+01  -1.6100000e+02   2.3120374e+01   8.6710333e+00  -3.5000000e+01   1.8820503e+01
   1.2000000e+01   2.3103297e+01  -1.6100000e+02   2.2914206e+01   1.0581078e+01  -3.5000000e+01   1.8328073e+01
   1.2000000e+01   2.0829942e+01  -1.6100000e+02   2.1521663e+01   1.2416824e+01  -3.5000000e+01   1.6414208e+01
   1.2000000e+01   2.0007752e+01  -1.6100000e+02   2.0488041e+01   1.2322441e+01  -3.5000000e+01   1.4134313e+01
   1.2000000e+01   2.2895535e+01  -1.6100000e+02   2.0137659e+01   7.7816037e+00  -3.5000000e+01   1.2479903e+01
   1.2000000e+01   2.4006633e+01  -1.6100000e+02   1.7429375e+01   5.3893606e-01  -3.5000000e+01   9.1434221e+00
   1.2000000e+01   2.3626014e+01  -1.6100000e+02   1.4801179e+01  -8.5442161e+00  -3.5000000e+01   5.9934435e+00
   1.2000000e+01   2.3132101e+01  -1.6100000e+02   1.2931860e+01  -1.8459921e+01  -3.5000000e+01   7.5258293e+00
   1.2000000e+01   2.4921633e+01  -1.6100000e+02   1.4126679e+01  -2.8245841e+01  -3.5000000e+01   8.0517428e+00
   1.2000000e+01   2.0083870e+01  -1.6100000e+02   1.1512381e+01  -3.7320055e+01  -3.5000000e+01   5.4775314e+00
   1.2000000e+01   1.5744521e+01  -1.6100000e+02   1.4296059e+01  -4.6722300e+01  -3.5000000e+01   3.2566886e+00
   1.2000000e+01   1.0387471e+01  -1.6100000e+02   1.7872777e+01  -5.5018195e+01  -3.5000000e+01   3.7496136e+00
   1.2000000e+01   4.4847597e+00  -1.6100000e+02   1.9849188e+01  -6.0924453e+01  -3.5000000e+01   5.5714397e+00
   1.2000000e+01   1.2813156e+00  -1.6100000e+02   2.0504841e+01  -6.1856136e+01  -3.5000000e+01   8.6691318e+00
   1.2000000e+01   1.2842390e+00  -1.6100000e+02   1.8459876e+01  -6.0298985e+01  -3.5000000e+01   1.1194249e+01
   1.2000000e+01   2.8057263e+00  -1.6100000e+02   1.6947470e+01  -5.7004275e+01  -3.5000000e+01   1.4029273e+01
   1.2000000e+01   5.4990647e+00  -1.6100000e+02   1.5576987e+01  -5.3191042e+01  -3.5000000e+01   1.5436128e+01
   1.2000000e+01   1.1022782e+01  -1.6100000e+02   1.8002269e+01  -4.8284866e+01  -3.5000000e+01   1.6288200e+01
   1.2000000e+01   1.6697614e+01  -1.6100000e+02   2.1876291e+01  -4.5160778e+01  -3.5000000e+01   1.7034930e+01
   1.2000000e+01   1.3824174e+01  -1.6100000e+02   1.7000800e+01  -4.2319713e+01  -3.5000000e+01   1.9254187e+01
   1.2000000e+01   1.5935202e+01  -1.6100000e+02   1.5605379e+01  -3.8206886e+01  -3.5000000e+01   2.2758569e+01
   1.2000000e+01   1.6906606e+01  -1.6100000e+02   1.4877987e+01  -3.5436485e+01  -3.5000000e+01   2.5608107e+01
   1.2000000e+01   1.7222936e+01  -1.6100000e+02   1.4260111e+01  -3.2063468e+01  -3.5000000e+01   2.7130019e+01
   1.2000000e+01   1.7519958e+01  -1.6100000e+02   1.3036078e+01  -2.9424057e+01  -3.5000000e+01   2.9011164e+01
   1.2000000e+01   1.8410743e+01  -1.6100000e+02   1.1994858e+01  -2.6089363e+01  -3.5000000e+01   2.9457676e+01
   1.2000000e+01   1.7713544e+01  -1.6100000e+02   1.0807660e+01  -2.3521431e+01  -3.5000000e+01   3.0807379e+01
   1.2000000e+01   1.8700847e+01  -1.6100000e+02   1.1258792e+01  -1.9873951e+01  -3.5000000e+01   3.0676399e+01
   1.2000000e+01   1.8763648e+01  -1.6100000e+02   1.1666653e+01  -1.7256088e+01  -3.5000000e+01   3.0182021e+01
   1.2000000e+01   1.7876057e+01  -1.6100000e+02   1.1453950e+01  -1.5004223e+01  -3.5000000e+01   2.9512719e+01
   1.2000000e+01   1.4309316e+01  -1.6100000e+02   8.6329705e+00  -1.1744583e+01  -3.5000000e+01   3.0488150e+01
   1.2000000e+01   1.5489579e+01  -1.6100000e+02   8.5718934e+00  -9.0939249e+00  -3.5000000e+01   2.7642595e+01
   1.2000000e+01   1.6234174e+01  -1.6100000e+02   1.0200386e+01  -6.3723358e+00  -3.5000000e+01   2.6793564e+01
   1.2000000e+01   1.6207922e+01  -1.6100000e+02   1.1182351e+01  -4.1017656e+00  -3.5000000e+01   2.6009733e+01
   1.2000000e+01   1.6317905e+01  -1.6100000e+02   1.2077265e+01  -2.1548974e+00  -3.5000000e+01   2.3886161e+01
   1.2000000e+01   1.6739318e+01  -1.6100000e+02   1.3260244e+01   2.5082961e-01  -3.5000000e+01   2.0966722e+01
   1.2000000e+01   1.8844509e+01  -1.6100000e+02   1.6960892e+01   2.1377878e+00  -3.5000000e+01   1.8945736e+01
   1.2000000e+01   1.7260713e+01  -1.6100000e+02   1.6086136e+01   3.4641908e+00  -3.5000000e+01   1.7508370e+01
   1.2000000e+01   1.8215357e+01  -1.6100000e+02   1.6662421e+01   4.8869242e+00  -3.5000000e+01   1.5144780e+01
   1.2000000e+01   2.0201584e+01  -1.6100000e+02   1.7214978e+01   3.8607165e+00  -3.5000000e+01   1.2730424e+01
   1.2000000e+01   2.1337029e+01  -1.6100000e+02   1.4566146e+01  -2.0421362e+00  -3.5000000e+01   9.0863321e+00
   1.2000000e+01   2.2633279e+01  -1.6100000e+02   1.1302979e+01  -8.5893796e+00  -3.5000000e+01   8.0154591e+00
   1.2000000e+01   1.9538915e+01  -1.6100000e+02   6.3728887e+00  -1.6666192e+01  -3.5000000e+01   1.3116655e+01
   1.2000000e+01   2.0597453e+01  -1.6100000e+02   6.5538505e+00  -2.5788794e+01  -3.5000000e+01   1.8315677e+01
   1.2000000e+01   2.0078186e+01  -1.6100000e+02   9.8201630e+00  -3.4116959e+01  -3.5000000e+01   1.9054039e+01
   1.2000000e+01   1.5361037e+01  -1.6100000e+02   8.5894413e+00  -4.0136475e+01  -3.5000000e+01   1.8039318e+01
   1.2000000e+01   1.6432483e+01  -1.6100000e+02   1.5093964e+01  -4.5973733e+01  -3.5000000e+01   1.8676849e+01
   1.2000000e+01   1.3825053e+01  -1.6100000e+02   1.8028424e+01  -5.1146863e+01  -3.5000000e+01   1.7768158e+01
   1.2000000e+01   1.2093961e+01  -1.6100000e+02   2.1587623e+01  -5.3816175e+01  -3.5000000e+01   1.6640330e+01
   1.2000000e+01   1.3795564e+01  -1.6100000e+02   2.2433141e+01  -5.3248736e+01  -3.5000000e+01   1.7734336e+01
   1.2000000e+01   1.7281358e+01  -1.6100000e+02   2.3067649e+01  -5.0434332e+01  -3.5000000e+01   1.9767487e+01
   1.2000000e+01   1.7527437e+01  -1.6100000e+02   1.9901665e+01  -4.7168225e+01  -3.5000000e+01   2.1902321e+01
   1.2000000e+01   1.4784692e+01  -1.6100000e+02   1.4826163e+01  -4.4915603e+01  -3.5000000e+01   2.4213704e+01
   1.2000000e+01   1.3831959e+01  -1.6100000e+02   1.1500249e+01  -4.2383162e+01  -3.5000000e+01   2.5304482e+01
   1.2000000e+01   1.5141928e+01  -1.6100000e+02   1.1140061e+01  -3.8766878e+01  -3.5000000e+01   2.8060181e+01
   1.2000000e+01   1.9036073e+01  -1.6100000e+02   1.3660969e+01  -3.4513157e+01  -3.5000000e+01   2.7103184e+01
   1.2000000e+01   1.6130768e+01  -1.6100000e+02   9.3654947e+00  -3.1931114e+01  -3.5000000e+01   3.2513857e+01
   1.2000000e+01   1.2648314e+01  -1.6100000e+02   4.2746295e+00  -2.9570172e+01  -3.5000000e+01   3.4254185e+01
   1.2000000e+01   1.4892337e+01  -1.6100000e+02   5.4737374e+00  -2.7102430e+01  -3.5000000e+01   3.3745192e+01
   1.2000000e+01   1.8198290e+01  -1.6100000e+02   8.8896947e+00  -2.4054375e+01  -3.5000000e+01   3.5264369e+01
   1.2000000e+01   2.2121620e+01  -1.6100000e+02   1.2578638e+01  -2.1171902e+01  -3.5000000e+01   3.5148507e+01
   1.2000000e+01   2.1805305e+01  -1.6100000e+02   1.1750066e+01  -1.8215172e+01  -3.5000000e+01   3.6157299e+01
   1.2000000e+01   1.9643423e+01  -1.6100000e+02   9.4706922e+00  -1.5754983e+01  -3.5000000e+01   3.4832793e+01
   1.2000000e+01   1.8575955e+01  -1.6100000e+02   9.3788098e+00  -1.3614340e+01  -3.5000000e+01   3.3999112e+01
   1.2000000e+01   1.7370441e+01  -1.6100000e+02   8.6636770e+00  -1.1598517e+01  -3.5000000e+01   3.3555122e+01
   1.2000000e+01   1.4453497e+01  -1.6100000e+02   6.4303660e+00  -8.8955704e+00  -3.5000000e+01   3.3704963e+01
   1.2000000e+01   1.2409919e+01  -1.6100000e+02   5.2781079e+00  -6.9968282e+00  -3.5000000e+01   3.0480757e+01
   1.2000000e+01   1.1740862e+01  -1.6100000e+02   4.9400914e+00  -4.2829760e+00  -3.5000000e+01   2.7909039e+01
   1.2000000e+01   1.2445894e+01  -1.6100000e+02   6.1297929e+00  -1.2156030e+00  -3.5000000e+01   2.7607081e+01
   1.2000000e+01   1.5427694e+01  -1.6100000e+02   9.7472691e+00   1.8731446e+00  -3.5000000e+01   2.5826323e+01
   1.2000000e+01   1.7574960e+01  -1.6100000e+02   1.2762890e+01   3.5464321e+00  -3.5000000e+01   2.2844053e+01
   1.2000000e+01   1.8096221e+01  -1.6100000e+02   1.4764636e+01   5.3716250e+00  -3.5000000e+01   2.1288958e+01
   1.2000000e+01   1.9984190e+01  -1.6100000e+02   1.8113900e+01   7.2844102e+00  -3.5000000e+01   1.8400706e+01
   1.2000000e+01   1.9860750e+01  -1.6100000e+02   1.9201838e+01   9.1758465e+00  -3.5000000e+01   1.6818992e+01
   1.2000000e+01   1.9098329e+01  -1.6100000e+02   1.9099170e+01   1.1019195e+01  -3.5000000e+01   1.4211594e+01
   1.2000000e+01   2.0652651e+01  -1.6100000e+02   1.8269115e+01   1.0600953e+01  -3.5000000e+01   1.2448136e+01
   1.2000000e+01   1.9217584e+01  -1.6100000e+02   1.3205754e+01   5.4033453e+00  -3.5000000e+01   8.7633521e+00
   1.2000000e+01   1.9874950e+01  -1.6100000e+02   1.1631152e+01  -1.3045661e+00  -3.5000000e+01   8.6615634e+00
   1.2000000e+01   2.1943225e+01  -1.6100000e+02   1.1522068e+01  -9.0343539e+00  -3.5000000e+01   7.6484366e+00
   1.2000000e+01   2.0180004e+01  -1.6100000e+02   9.9278069e+00  -1.8140791e+01  -3.5000000e+01   1.0293192e+01
   1.2000000e+01   2.1984683e+01  -1.6100000e+02   1.2391950e+01  -2.6822785e+01  -3.5000000e+01   1.0321095e+01
   1.2000000e+01   1.8558980e+01  -1.6100000e+02   9.8466048e+00  -3.3959183e+01  -3.5000000e+01   9.2824461e+00
   1.2000000e+01   1.5918038e+01  -1.6100000e+02   1.2650733e+01  -4.2611598e+01  -3.5000000e+01   5.9467680e+00
   1.2000000e+01   1.2572221e+01  -1.6100000e+02   1.7462508e+01  -5.0877953e+01  -3.5000000e+01   6.5526213e+00
   1.2000000e+01   1.1593788e+01  -1.6100000e+02   2.1846217e+01  -5.6333691e+01  -3.5000000e+01   7.9276224e+00
   1.2000000e+01   8.8019761e+00  -1.6100000e+02   2.4381117e+01  -5.9473481e+01  -3.5000000e+01   1.2557305e+01
   1.2000000e+01   1.1350845e+01  -1.6100000e+02   2.5011848e+01  -5.7450247e+01  -3.5000000e+01   1.5239197e+01
   1.2000000e+01   1.5602870e+01  -1.6100000e+02   2.5592617e+01  -5.3893820e+01  -3.5000000e+01   1.7174367e+01
   1.2000000e+01   1.8192149e+01  -1.6100000e+02   2.5689248e+01  -5.0668225e+01  -3.5000000e+01   1.9650648e+01
   1.2000000e+01   2.0279004e+01  -1.6100000e+02   2.3033884e+01  -4.6605404e+01  -3.5000000e+01   2.1828307e+01
   1.2000000e+01   1.9873578e+01  -1.6100000e+02   1.9137789e+01  -4.3667044e+01  -3.5000000e+01   2.5042347e+01
   1.2000000e+01   1.8352691e+01  -1.6100000e+02   1.5355821e+01  -4.0288165e+01  -3.5000000e+01   2.8744180e+01
   1.2000000e+01   1.5386258e+01  -1.6100000e+02   9.8379487e+00  -3.6766670e+01  -3.5000000e+01   3.0912319e+01
   1.2000000e+01   1.4116998e+01  -1.6100000e+02   7.5569100e+00  -3.3871008e+01  -3.5000000e+01   3.3461359e+01
   1.2000000e+01   1.4379729e+01  -1.6100000e+02   6.1380849e+00  -3.0404194e+01  -3.5000000e+01   3.5566128e+01
   1.2000000e+01   1.5290009e+01  -1.6100000e+02   5.7498318e+00  -2.7677607e+01  -3.5000000e+01   3.6062013e+01
   1.2000000e+01   1.6803466e+01  -1.6100000e+02   7.1504141e+00  -2.4726753e+01  -3.5000000e+01   3.7044033e+01
   1.2000000e+01   1.8701462e+01  -1.6100000e+02   7.9586034e+00  -2.1303819e+01  -3.5000000e+01   3.7162579e+01
   1.2000000e+01   1.7930344e+01  -1.6100000e+02   6.7330439e+00  -1.8642513e+01  -3.5000000e+01   3.7960924e+01
   1.2000000e+01   1.8648457e+01  -1.6100000e+02   7.8025787e+00  -1.6107524e+01  -3.5000000e+01   3.7069850e+01
   1.2000000e+01   1.8812015e+01  -1.6100000e+02   7.9467893e+00  -1.3804326e+01  -3.5000000e+01   3.6841452e+01
   1.2000000e+01   2.0186464e+01  -1.6100000e+02   9.9897796e+00  -1.1977704e+01  -3.5000000e+01   3.5834311e+01
   1.2000000e+01   1.7176389e+01  -1.6100000e+02   8.1536105e+00  -9.6525855e+00  -3.5000000e+01   3.6336883e+01
   1.2000000e+01   1.5209330e+01  -1.6100000e+02   5.9356066e+00  -7.8546046e+00  -3.5000000e+01   3.4123246e+01
   1.2000000e+01   1.3891381e+01  -1.6100000e+02   4.9338089e+00  -5.7174614e+00  -3.5000000e+01   3.2550950e+01
   1.2000000e+01   1.4580199e+01  -1.6100000e+02   6.3019001e+00  -3.2237187e+00  -3.5000000e+01   3.1380657e+01
   1.2000000e+01   1.6633013e+01  -1.6100000e+02   8.5156340e+00  -5.0143521e-01  -3.5000000e+01   2.9864723e+01
   1.2000000e+01   1.7301177e+01  -1.6100000e+02   9.9793492e+00   2.1684309e+00  -3.5000000e+01   2.9560418e+01
   1.2000000e+01   1.9397815e+01  -1.6100000e+02   1.2050296e+01   4.3394755e+00  -3.5000000e+01   2.7233135e+01
   1.2000000e+01   2.1811792e+01  -1.6100000e+02   1.4612584e+01   6.1947731e+00  -3.5000000e+01   2.5612225e+01
   1.2000000e+01   2.3397068e+01  -1.6100000e+02   1.6874395e+01   8.5418257e+00  -3.5000000e+01   2.4728919e+01
   1.2000000e+01   2.3689647e+01  -1.6100000e+02   1.7729843e+01   1.1093764e+01  -3.5000000e+01   2.2403251e+01
   1.2000000e+01   2.4086428e+01  -1.6100000e+02   1.7368627e+01   1.0192438e+01  -3.5000000e+01   1.9971407e+01
   1.2000000e+01   2.4765160e+01  -1.6100000e+02   1.5421927e+01   4.6255105e+00  -3.5000000e+01   1.7194141e+01
   1.2000000e+01   2.3526843e+01  -1.6100000e+02   1.3207074e+01  -3.3296864e+00  -3.5000000e+01   1.3140753e+01
   1.2000000e+01   2.4177467e+01  -1.6100000e+02   1.3416964e+01  -1.2451748e+01  -3.5000000e+01   1.0840785e+01
   1.2000000e+01   2.2041392e+01  -1.6100000e+02   1.2781521e+01  -2.1326959e+01  -3.5000000e+01   1.1165665e+01
   1.2000000e+01   2.0190589e+01  -1.6100000e+02   1.2862008e+01  -2.9663171e+01  -3.5000000e+01   9.2285323e+00
   1.2000000e+01   1.9819504e+01  -1.6100000e+02   1.5528374e+01  -3.6965650e+01  -3.5000000e+01   8.4269133e+00
   1.2000000e+01   2.0843359e+01  -1.6100000e+02   2.0829307e+01  -4.2515270e+01  -3.5000000e+01   9.6498877e+00
   1.2000000e+01   1.8929109e+01  -1.6100000e+02   2.3039518e+01  -4.6931033e+01  -3.5000000e+01   9.2485016e+00
   1.2000000e+01   1.9399142e+01  -1.6100000e+02   2.6575039e+01  -5.0234802e+01  -3.5000000e+01   1.0032968e+01
   1.2000000e+01   1.9530609e+01  -1.6100000e+02   3.0377283e+01  -5.2057890e+01  -3.5000000e+01   1.0470833e+01
   1.2000000e+01   1.8556047e+01  -1.6100000e+02   3.1721803e+01  -5.1988202e+01  -3.5000000e+01   1.3144075e+01
   1.2000000e+01   2.0576191e+01  -1.6100000e+02   3.1816919e+01  -4.9875875e+01  -3.5000000e+01   1.4918037e+01
   1.2000000e+01   2.2154567e+01  -1.6100000e+02   3.1590953e+01  -4.7301256e+01  -3.5000000e+01   1.5878805e+01
   1.2000000e+01   2.2916922e+01  -1.6100000e+02   3.0879425e+01  -4.5213753e+01  -3.5000000e+01   1.6748634e+01
   1.2000000e+01   2.1361991e+01  -1.6100000e+02   2.7159831e+01  -4.2764902e+01  -3.5000000e+01   1.8263408e+01
   1.2000000e+01   2.1492944e+01  -1.6100000e+02   2.4146668e+01  -3.9202746e+01  -3.5000000e+01   1.9038582e+01
   1.2000000e+01   2.1611726e+01  -1.6100000e+02   2.2289370e+01  -3.5991992e+01  -3.5000000e+01   2.0786881e+01
   1.2000000e+01   1.9890413e+01  -1.6100000e+02   1.9280807e+01  -3.3474767e+01  -3.5000000e+01   2.3027775e+01
   1.2000000e+01   2.0060319e+01  -1.6100000e+02   1.8111174e+01  -3.0454582e+01  -3.5000000e+01   2.4952538e+01
   1.2000000e+01   2.0568862e+01  -1.6100000e+02   1.7513282e+01  -2.8094326e+01  -3.5000000e+01   2.6702063e+01
   1.2000000e+01   2.2153835e+01  -1.6100000e+02   1.8277729e+01  -2.6025582e+01  -3.5000000e+01   2.6701122e+01
   1.2000000e+01   2.2067652e+01  -1.6100000e+02   1.7054381e+01  -2.3758485e+01  -3.5000000e+01   2.8117556e+01
   1.2000000e+01   2.1249554e+01  -1.6100000e+02   1.5436028e+01  -2.1134414e+01  -3.5000000e+01   2.8468052e+01
   1.2000000e+01   2.0117619e+01  -1.6100000e+02   1.3835558e+01  -1.8722376e+01  -3.5000000e+01   2.8754857e+01
   1.2000000e+01   2.1200430e+01  -1.6100000e+02   1.5559066e+01  -1.6644945e+01  -3.5000000e+01   2.7477369e+01
   1.2000000e+01   2.0684183e+01  -1.6100000e+02   1.5699753e+01  -1.4083343e+01  -3.5000000e+01   2.7919120e+01
   1.2000000e+01   1.6646338e+01  -1.6100000e+02   1.2242911e+01  -1.1283992e+01  -3.5000000e+01   2.7990206e+01
   1.2000000e+01   1.3643403e+01  -1.6100000e+02   9.2009508e+00  -8.4309254e+00  -3.5000000e+01   2.5717280e+01
   1.2000000e+01   1.2675388e+01  -1.6100000e+02   9.2935242e+00  -5.8196838e+00  -3.5000000e+01   2.3232965e+01
   1.2000000e+01   1.5237261e+01  -1.6100000e+02   1.2311969e+01  -3.1494649e+00  -3.5000000e+01   2.1006873e+01
   1.2000000e+01   1.6903627e+01  -1.6100000e+02   1.5383533e+01  -3.7153131e-01  -3.5000000e+01   1.9809552e+01
   1.2000000e+01   1.7059716e+01  -1.6100000e+02   1.6800539e+01   2.2249493e+00  -3.5000000e+01   1.7995308e+01
   1.2000000e+01   1.9000853e+01  -1.6100000e+02   1.9578751e+01   4.5917369e+00  -3.5000000e+01   1.7251541e+01
   1.2000000e+01   2.0634362e+01  -1.6100000e+02   2.1931600e+01   6.8759494e+00  -3.5000000e+01   1.4854384e+01
   1.2000000e+01   2.0717925e+01  -1.6100000e+02   2.2856052e+01   8.8586373e+00  -3.5000000e+01   1.3110095e+01
   1.2000000e+01   2.1679424e+01  -1.6100000e+02   2.2933740e+01   9.7500162e+00  -3.5000000e+01   1.0866137e+01
   1.2000000e+01   2.1246625e+01  -1.6100000e+02   2.0936914e+01   6.6351283e+00  -3.5000000e+01   9.5763971e+00
   1.2000000e+01   2.3853009e+01  -1.6100000e+02   1.6958732e+01   4.0227470e-01  -3.5000000e+01   7.4545075e+00
   1.2000000e+01   2.5008682e+01  -1.6100000e+02   1.3750057e+01  -8.6384419e+00  -3.5000000e+01   6.2408696e+00
   1.2000000e+01   2.1827753e+01  -1.6100000e+02   9.0415877e+00  -1.7101020e+01  -3.5000000e+01   8.4521428e+00
   1.2000000e+01   1.9185990e+01  -1.6100000e+02   6.2842247e+00  -2.6183186e+01  -3.5000000e+01   1.4799839e+01
   1.2000000e+01   1.5773931e+01  -1.6100000e+02   3.7749286e+00  -3.4044929e+01  -3.5000000e+01   1.2956867e+01
   1.2000000e+01   1.4416043e+01  -1.6100000e+02   8.0036457e+00  -4.2429297e+01  -3.5000000e+01   1.1203587e+01
   1.2000000e+01   1.4105627e+01  -1.6100000e+02   1.5040679e+01  -4.9518329e+01  -3.5000000e+01   9.9047104e+00
   1.2000000e+01   1.0870209e+01  -1.6100000e+02   2.1366352e+01  -5.5700831e+01  -3.5000000e+01   1.3729789e+01
   1.2000000e+01   1.0216868e+01  -1.6100000e+02   2.3981603e+01  -5.8324377e+01  -3.5000000e+01   1.5834946e+01
   1.2000000e+01   1.3441351e+01  -1.6100000e+02   2.4915351e+01  -5.6580848e+01  -3.5000000e+01   1.7328383e+01
   1.2000000e+01   1.8394524e+01  -1.6100000e+02   2.7561591e+01  -5.3805165e+01  -3.5000000e+01   1.8676448e+01
   1.2000000e+01   2.1574884e+01  -1.6100000e+02   2.8980114e+01  -5.1091917e+01  -3.5000000e+01   2.0875063e+01
   1.2000000e+01   2.1890388e+01  -1.6100000e+02   2.6052597e+01  -4.8465608e+01  -3.5000000e+01   2.4338860e+01
   1.2000000e+01   2.1125977e+01  -1.6100000e+02   2.1230293e+01  -4.5105952e+01  -3.5000000e+01   2.6760882e+01
   1.2000000e+01   1.9574623e+01  -1.6100000e+02   1.7066916e+01  -4.1809222e+01  -3.5000000e+01   2.9979498e+01
   1.2000000e+01   1.7650186e+01  -1.6100000e+02   1.3689100e+01  -3.8711970e+01  -3.5000000e+01   3.0913140e+01
   1.2000000e+01   1.8152938e+01  -1.6100000e+02   1.2916941e+01  -3.6002159e+01  -3.5000000e+01   3.0236082e+01
   1.2000000e+01   2.1642478e+01  -1.6100000e+02   1.5433478e+01  -3.3871500e+01  -3.5000000e+01   3.2305595e+01
   1.2000000e+01   2.0106623e+01  -1.6100000e+02   1.3662641e+01  -3.2101760e+01  -3.5000000e+01   3.3796206e+01
   1.2000000e+01   1.8379929e+01  -1.6100000e+02   1.0732526e+01  -2.9786848e+01  -3.5000000e+01   3.4659732e+01
   1.2000000e+01   1.8421801e+01  -1.6100000e+02   1.0128505e+01  -2.7559067e+01  -3.5000000e+01   3.4727877e+01
   1.2000000e+01   1.9477010e+01  -1.6100000e+02   1.0565224e+01  -2.5106222e+01  -3.5000000e+01   3.4779511e+01
   1.2000000e+01   1.9406232e+01  -1.6100000e+02   1.1078682e+01  -2.2242868e+01  -3.5000000e+01   3.5237642e+01
   1.2000000e+01   2.1445564e+01  -1.6100000e+02   1.3315663e+01  -2.0640286e+01  -3.5000000e+01   3.4268053e+01
   1.2000000e+01   2.3019114e+01  -1.6100000e+02   1.4694604e+01  -1.8235217e+01  -3.5000000e+01   3.2660106e+01
   1.2000000e+01   1.9900561e+01  -1.6100000e+02   1.2526382e+01  -1.5992541e+01  -3.5000000e+01   3.3627099e+01
   1.2000000e+01   1.9016727e+01  -1.6100000e+02   1.1373962e+01  -1.4169417e+01  -3.5000000e+01   3.0748852e+01
   1.2000000e+01   1.8172451e+01  -1.6100000e+02   1.0753878e+01  -1.2024211e+01  -3.5000000e+01   3.1017465e+01
   1.2000000e+01   1.8615381e+01  -1.6100000e+02   1.1412163e+01  -8.9807821e+00  -3.5000000e+01   3.0382438e+01
   1.2000000e+01   1.8358186e+01  -1.6100000e+02   1.1703046e+01  -6.1400816e+00  -3.5000000e+01   2.8346314e+01
   1.2000000e+01   1.9175939e+01  -1.6100000e+02   1.2378549e+01  -4.3736855e+00  -3.5000000e+01   2.5794867e+01
   1.2000000e+01   1.9517998e+01  -1.6100000e+02   1.3436857e+01  -2.1111296e+00  -3.5000000e+01   2.5094908e+01
   1.2000000e+01   2.0957394e+01  -1.6100000e+02   1.5779346e+01  -1.0432549e-02  -3.5000000e+01   2.3353113e+01
   1.2000000e+01   2.2384959e+01  -1.6100000e+02   1.7741876e+01   1.5441837e+00  -3.5000000e+01   2.3324546e+01
   1.2000000e+01   2.2619108e+01  -1.6100000e+02   1.8661808e+01   3.1063240e+00  -3.5000000e+01   2.3258609e+01
   1.2000000e+01   2.2432746e+01  -1.6100000e+02   1.9101135e+01   4.5901778e+00  -3.5000000e+01   2.3052624e+01
   1.2000000e+01   2.4169419e+01  -1.6100000e+02   2.0175032e+01   5.8637785e+00  -3.5000000e+01   2.1629453e+01
   1.2000000e+01   2.4143138e+01  -1.6100000e+02   1.9714569e+01   6.1834744e+00  -3.5000000e+01   1.9223578e+01
   1.2000000e+01   2.3335645e+01  -1.6100000e+02   1.7349729e+01   2.7822236e+00  -3.5000000e+01   1.7799831e+01
   1.2000000e+01   2.5841053e+01  -1.6100000e+02   1.5246492e+01  -6.1929366e+00  -3.5000000e+01   1.3629030e+01
   1.2000000e+01   2.3816778e+01  -1.6100000e+02   9.3320530e+00  -1.4671676e+01  -3.5000000e+01   1.3182086e+01
   1.2000000e+01   2.1050062e+01  -1.6100000e+02   6.0390570e+00  -2.3434124e+01  -3.5000000e+01   1.4906757e+01
   1.2000000e+01   1.9947041e+01  -1.6100000e+02   5.4194263e+00  -3.1637999e+01  -3.5000000e+01   1.8349631e+01
   1.2000000e+01   2.2330193e+01  -1.6100000e+02   1.1005221e+01  -3.7860726e+01  -3.5000000e+01   2.1419532e+01
   1.2000000e+01   2.2589500e+01  -1.6100000e+02   1.5063509e+01  -4.2071236e+01  -3.5000000e+01   2.2737291e+01
   1.2000000e+01   1.9266030e+01  -1.6100000e+02   1.7509354e+01  -4.5303963e+01  -3.5000000e+01   2.5000139e+01
   1.2000000e+01   1.9835720e+01  -1.6100000e+02   2.3846943e+01  -4.7214466e+01  -3.5000000e+01   2.4433540e+01
   1.2000000e+01   2.0461734e+01  -1.6100000e+02   2.3543641e+01  -4.7072679e+01  -3.5000000e+01   2.5296726e+01
   1.2000000e+01   2.1322175e+01  -1.6100000e+02   2.1434566e+01  -4.5328828e+01  -3.5000000e+01   2.5359450e+01
   1.2000000e+01   2.0396452e+01  -1.6100000e+02   1.8712820e+01  -4.3049457e+01  -3.5000000e+01   2.8462993e+01
   1.2000000e+01   2.0236682e+01  -1.6100000e+02   1.8103721e+01  -4.1212940e+01  -3.5000000e+01   2.8936063e+01
   1.2000000e+01   1.9661324e+01  -1.6100000e+02   1.5951855e+01  -3.8865535e+01  -3.5000000e+01   3.0330117e+01
   1.2000000e+01   2.0047696e+01  -1.6100000e+02   1.4390030e+01  -3.5589891e+01  -3.5000000e+01   2.9435748e+01
   1.2000000e+01   2.2525205e+01  -1.6100000e+02   1.5432246e+01  -3.2275553e+01  -3.5000000e+01   3.2814026e+01
   1.2000000e+01   1.7828023e+01  -1.6100000e+02   9.7318645e+00  -2.9654261e+01  -3.5000000e+01   3.3726386e+01
   1.2000000e+01   1.6555305e+01  -1.6100000e+02   7.9736585e+00  -2.6634240e+01  -3.5000000e+01   3.3133874e+01
   1.2000000e+01   1.7603055e+01  -1.6100000e+02   8.4630398e+00  -2.3617692e+01  -3.5000000e+01   3.2986498e+01
   1.2000000e+01   2.0104206e+01  -1.6100000e+02   1.0716815e+01  -2.0714209e+01  -3.5000000e+01   3.4220892e+01
   1.2000000e+01   2.4147482e+01  -1.6100000e+02   1.4689961e+01  -1.7989409e+01  -3.5000000e+01   3.3319286e+01
   1.2000000e+01   2.3748779e+01  -1.6100000e+02   1.4651176e+01  -1.6039625e+01  -3.5000000e+01   3.3454202e+01
   1.2000000e+01   2.0691520e+01  -1.6100000e+02   1.2114980e+01  -1.3518956e+01  -3.5000000e+01   3.3908482e+01
   1.2000000e+01   1.9008585e+01  -1.6100000e+02   1.0690378e+01  -1.1123194e+01  -3.5000000e+01   3.2452469e+01
   1.2000000e+01   1.9470966e+01  -1.6100000e+02   1.1821028e+01  -8.5126866e+00  -3.5000000e+01   3.1298219e+01
   1.2000000e+01   1.8920510e+01  -1.6100000e+02   1.1230152e+01  -6.1456690e+00  -3.5000000e+01   3.0711013e+01
   1.2000000e+01   1.7607377e+01  -1.6100000e+02   1.0714609e+01  -3.6135451e+00  -3.5000000e+01   2.9737449e+01
   1.2000000e+01   1.6118088e+01  -1.6100000e+02   9.7874350e+00  -5.5184660e-01  -3.5000000e+01   2.7265338e+01
   1.2000000e+01   1.8492504e+01  -1.6100000e+02   1.1931227e+01   2.2679671e+00  -3.5000000e+01   2.4116717e+01
   1.2000000e+01   2.1231748e+01  -1.6100000e+02   1.6899261e+01   4.9892077e+00  -3.5000000e+01   2.2393768e+01
   1.2000000e+01   2.3061715e+01  -1.6100000e+02   2.0492547e+01   6.7670555e+00  -3.5000000e+01   1.9000139e+01
   1.2000000e+01   2.3247687e+01  -1.6100000e+02   2.2269447e+01   9.2210241e+00  -3.5000000e+01   1.7235740e+01
   1.2000000e+01   2.3255148e+01  -1.6100000e+02   2.3453988e+01   1.1419571e+01  -3.5000000e+01   1.5285710e+01
   1.2000000e+01   2.2035891e+01  -1.6100000e+02   2.3798114e+01   1.3112187e+01  -3.5000000e+01   1.3771767e+01
   1.2000000e+01   2.1808275e+01  -1.6100000e+02   2.4526419e+01   1.4813685e+01  -3.5000000e+01   1.1548842e+01
   1.2000000e+01   2.2282931e+01  -1.6100000e+02   2.4684724e+01   1.5802915e+01  -3.5000000e+01   9.4206000e+00
   1.2000000e+01   2.3970158e+01  -1.6100000e+02   2.4622294e+01   1.3506733e+01  -3.5000000e+01   9.0669891e+00
   1.2000000e+01   2.6030291e+01  -1.6100000e+02   2.2584157e+01   7.0058251e+00  -3.5000000e+01   5.6828843e+00
   1.2000000e+01   2.7900518e+01  -1.6100000e+02   1.8862313e+01   6.9863452e-04  -3.5000000e+01   6.1241254e+00
   1.2000000e+01   2.8040504e+01  -1.6100000e+02   1.5301004e+01  -9.5075274e+00  -3.5000000e+01   5.7403985e+00
   1.2000000e+01   2.4502899e+01  -1.6100000e+02   1.2027293e+01  -1.8541884e+01  -3.5000000e+01   9.0342344e+00
   1.2000000e+01   2.3605875e+01  -1.6100000e+02   1.4070844e+01  -2.7037810e+01  -3.5000000e+01   1.2750720e+01
   1.2000000e+01   2.4417825e+01  -1.6100000e+02   1.8433718e+01  -3.3843170e+01  -3.5000000e+01   1.5388710e+01
   1.2000000e+01   2.1788204e+01  -1.6100000e+02   2.0792088e+01  -4.0629098e+01  -3.5000000e+01   1.6602380e+01
   1.2000000e+01   1.8416066e+01  -1.6100000e+02   2.2797122e+01  -4.7795745e+01  -3.5000000e+01   1.6274547e+01
   1.2000000e+01   1.7948768e+01  -1.6100000e+02   2.7006528e+01  -5.3999912e+01  -3.5000000e+01   1.5617726e+01
   1.2000000e+01   1.6367159e+01  -1.6100000e+02   3.0227791e+01  -5.7929368e+01  -3.5000000e+01   1.7310168e+01
   1.2000000e+01   1.6637311e+01  -1.6100000e+02   3.0811288e+01  -5.9397819e+01  -3.5000000e+01   1.6005379e+01
   1.2000000e+01   1.8237368e+01  -1.6100000e+02   3.0354012e+01  -5.6820106e+01  -3.5000000e+01   1.8773634e+01
   1.2000000e+01   1.9783993e+01  -1.6100000e+02   2.9924323e+01  -5.4397808e+01  -3.5000000e+01   1.9701968e+01
   1.2000000e+01   2.1214930e+01  -1.6100000e+02   2.7447316e+01  -5.0773833e+01  -3.5000000e+01   2.2059114e+01
   1.2000000e+01   2.1047174e+01  -1.6100000e+02   2.3246018e+01  -4.7979042e+01  -3.5000000e+01   2.5168786e+01
   1.2000000e+01   1.8493293e+01  -1.6100000e+02   1.7751494e+01  -4.5741171e+01  -3.5000000e+01   2.7656121e+01
   1.2000000e+01   1.9888623e+01  -1.6100000e+02   1.6725225e+01  -4.2134567e+01  -3.5000000e+01   3.0249303e+01
   1.2000000e+01   1.9862619e+01  -1.6100000e+02   1.4730297e+01  -3.8932123e+01  -3.5000000e+01   3.0865229e+01
   1.2000000e+01   2.1163617e+01  -1.6100000e+02   1.4972260e+01  -3.5694969e+01  -3.5000000e+01   3.3257926e+01
   1.2000000e+01   1.8770182e+01  -1.6100000e+02   1.1333042e+01  -3.3260744e+01  -3.5000000e+01   3.4837636e+01
   1.2000000e+01   1.6753956e+01  -1.6100000e+02   7.7154344e+00  -3.0216595e+01  -3.5000000e+01   3.6779733e+01
   1.2000000e+01   1.3851000e+01  -1.6100000e+02   3.9212087e+00  -2.8026675e+01  -3.5000000e+01   3.8279144e+01
   1.2000000e+01   1.5718574e+01  -1.6100000e+02   4.9327431e+00  -2.4377052e+01  -3.5000000e+01   3.8457645e+01
   1.2000000e+01   1.8038658e+01  -1.6100000e+02   6.3612895e+00  -2.0924059e+01  -3.5000000e+01   3.8477859e+01
   1.2000000e+01   1.8346379e+01  -1.6100000e+02   6.6164747e+00  -1.7500433e+01  -3.5000000e+01   3.8920783e+01
   1.2000000e+01   1.9298791e+01  -1.6100000e+02   7.8494230e+00  -1.4218849e+01  -3.5000000e+01   3.9725009e+01
   1.2000000e+01   2.0340176e+01  -1.6100000e+02   8.9881277e+00  -1.1742024e+01  -3.5000000e+01   3.7484892e+01
   1.2000000e+01   1.8874430e+01  -1.6100000e+02   7.8285651e+00  -8.7391071e+00  -3.5000000e+01   3.7312354e+01
   1.2000000e+01   1.6035117e+01  -1.6100000e+02   6.2012737e+00  -5.8357044e+00  -3.5000000e+01   3.7000716e+01
   1.2000000e+01   1.5143390e+01  -1.6100000e+02   6.1024244e+00  -3.2058007e+00  -3.5000000e+01   3.4694445e+01
   1.2000000e+01   1.6565312e+01  -1.6100000e+02   7.3837416e+00  -1.0478617e+00  -3.5000000e+01   3.2292207e+01
   1.2000000e+01   1.8360256e+01  -1.6100000e+02   9.6399952e+00   2.8592058e+00  -3.5000000e+01   3.1730409e+01
   1.2000000e+01   1.8971074e+01  -1.6100000e+02   1.1252694e+01   5.5220620e+00  -3.5000000e+01   2.9180758e+01
   1.2000000e+01   2.1383504e+01  -1.6100000e+02   1.4917072e+01   7.8794140e+00  -3.5000000e+01   2.7113631e+01
   1.2000000e+01   2.4190643e+01  -1.6100000e+02   1.8889734e+01   1.0304106e+01  -3.5000000e+01   2.4906381e+01
   1.2000000e+01   2.5301288e+01  -1.6100000e+02   2.1380925e+01   1.2240667e+01  -3.5000000e+01   2.3455363e+01
   1.2000000e+01   2.4972909e+01  -1.6100000e+02   2.1625250e+01   1.4063572e+01  -3.5000000e+01   2.1679153e+01
   1.2000000e+01   2.3757139e+01  -1.6100000e+02   1.9784010e+01   1.4321232e+01  -3.5000000e+01   2.0046025e+01
   1.2000000e+01   2.2533905e+01  -1.6100000e+02   1.6659940e+01   1.2117140e+01  -3.5000000e+01   1.5559843e+01
   1.2000000e+01   2.3352642e+01  -1.6100000e+02   1.2614350e+01   7.0265192e+00  -3.5000000e+01   1.3528715e+01
   1.2000000e+01   2.3950750e+01  -1.6100000e+02   8.3971355e+00  -1.6920860e-01  -3.5000000e+01   1.4881635e+01
   1.2000000e+01   2.0608615e+01  -1.6100000e+02   2.7900223e+00  -9.3410679e+00  -3.5000000e+01   1.3358657e+01
   1.2000000e+01   1.8990620e+01  -1.6100000e+02   1.7182110e+00  -1.8715877e+01  -3.5000000e+01   1.2114442e+01
   1.2000000e+01   1.6536042e+01  -1.6100000e+02   2.2188768e+00  -2.7959692e+01  -3.5000000e+01   1.1530362e+01
   1.2000000e+01   1.7272955e+01  -1.6100000e+02   8.3490867e+00  -3.7171267e+01  -3.5000000e+01   9.2783498e+00
   1.2000000e+01   1.5287899e+01  -1.6100000e+02   1.4073897e+01  -4.6247904e+01  -3.5000000e+01   7.5775213e+00
   1.2000000e+01   1.2129601e+01  -1.6100000e+02   1.9389112e+01  -5.3842343e+01  -3.5000000e+01   7.6318184e+00
   1.2000000e+01   6.9104719e+00  -1.6100000e+02   2.3168995e+01  -5.9678414e+01  -3.5000000e+01   9.6558871e+00
   1.2000000e+01   5.3958130e+00  -1.6100000e+02   2.3772548e+01  -6.0206476e+01  -3.5000000e+01   1.2860664e+01
   1.2000000e+01   8.0659558e+00  -1.6100000e+02   2.3692996e+01  -5.8091676e+01  -3.5000000e+01   1.3968996e+01
   1.2000000e+01   1.2265459e+01  -1.6100000e+02   2.4059205e+01  -5.4552723e+01  -3.5000000e+01   1.5169323e+01
   1.2000000e+01   1.6043756e+01  -1.6100000e+02   2.4752792e+01  -5.0413100e+01  -3.5000000e+01   1.7064687e+01
   1.2000000e+01   2.0213400e+01  -1.6100000e+02   2.5674158e+01  -4.7019524e+01  -3.5000000e+01   1.9483058e+01
   1.2000000e+01   2.2270929e+01  -1.6100000e+02   2.3973378e+01  -4.3122842e+01  -3.5000000e+01   2.2190954e+01
   1.2000000e+01   1.9460869e+01  -1.6100000e+02   1.8635398e+01  -4.0528179e+01  -3.5000000e+01   2.6020103e+01
   1.2000000e+01   1.7820129e+01  -1.6100000e+02   1.4961506e+01  -3.7766133e+01  -3.5000000e+01   2.8576808e+01
   1.2000000e+01   1.9681106e+01  -1.6100000e+02   1.4355539e+01  -3.4138002e+01  -3.5000000e+01   3.1086689e+01
   1.2000000e+01   1.8940122e+01  -1.6100000e+02   1.2103601e+01  -3.1409145e+01  -3.5000000e+01   3.3786857e+01
   1.2000000e+01   1.6605063e+01  -1.6100000e+02   8.0314835e+00  -2.8713022e+01  -3.5000000e+01   3.4748118e+01
   1.2000000e+01   1.4928542e+01  -1.6100000e+02   5.7410342e+00  -2.5818485e+01  -3.5000000e+01   3.5335853e+01
   1.2000000e+01   1.7213301e+01  -1.6100000e+02   6.8374569e+00  -2.2329599e+01  -3.5000000e+01   3.6073574e+01
   1.2000000e+01   1.7928071e+01  -1.6100000e+02   6.9081121e+00  -1.8954890e+01  -3.5000000e+01   3.8048663e+01
   1.2000000e+01   1.9939385e+01  -1.6100000e+02   8.6060465e+00  -1.5828276e+01  -3.5000000e+01   3.7656187e+01
   1.2000000e+01   2.2350334e+01  -1.6100000e+02   1.1308192e+01  -1.3625419e+01  -3.5000000e+01   3.7024738e+01
   1.2000000e+01   1.9454541e+01  -1.6100000e+02   8.4192177e+00  -1.0860592e+01  -3.5000000e+01   3.6210733e+01
   1.2000000e+01   1.6376874e+01  -1.6100000e+02   5.9038774e+00  -8.4986847e+00  -3.5000000e+01   3.5160500e+01
   1.2000000e+01   1.4688737e+01  -1.6100000e+02   4.2377856e+00  -5.1174472e+00  -3.5000000e+01   3.4365771e+01
   1.2000000e+01   1.5895483e+01  -1.6100000e+02   6.6564829e+00  -1.7163267e+00  -3.5000000e+01   3.3328472e+01
   1.2000000e+01   1.8724715e+01  -1.6100000e+02   1.0042624e+01   2.0318746e+00  -3.5000000e+01   3.0959251e+01
   1.2000000e+01   2.1085865e+01  -1.6100000e+02   1.2823503e+01   4.9977050e+00  -3.5000000e+01   2.9023711e+01
   1.2000000e+01   2.1804380e+01  -1.6100000e+02   1.4730079e+01   7.3393573e+00  -3.5000000e+01   2.7018843e+01
   1.2000000e+01   2.4198350e+01  -1.6100000e+02   1.8449459e+01   9.2814272e+00  -3.5000000e+01   2.4971706e+01
   1.2000000e+01   2.4576618e+01  -1.6100000e+02   2.0320444e+01   1.1434286e+01  -3.5000000e+01   2.3112214e+01
   1.2000000e+01   2.3054372e+01  -1.6100000e+02   1.9733683e+01   1.3160346e+01  -3.5000000e+01   2.0612167e+01
   1.2000000e+01   2.4001540e+01  -1.6100000e+02   1.8839008e+01   1.0311411e+01  -3.5000000e+01   1.8502133e+01
   1.2000000e+01   2.4905939e+01  -1.6100000e+02   1.7374156e+01   4.2654152e+00  -3.5000000e+01   1.5595528e+01
   1.2000000e+01   2.6088234e+01  -1.6100000e+02   1.7354873e+01  -4.0915230e+00  -3.5000000e+01   1.2842439e+01
   1.2000000e+01   2.3024597e+01  -1.6100000e+02   1.1884055e+01  -1.3106672e+01  -3.5000000e+01   1.1700726e+01
   1.2000000e+01   1.9678749e+01  -1.6100000e+02   7.4981787e+00  -2.2414389e+01  -3.5000000e+01   1.3539560e+01
   1.2000000e+01   1.6979027e+01  -1.6100000e+02   4.9268711e+00  -3.1960637e+01  -3.5000000e+01   1.3092455e+01
   1.2000000e+01   1.9629003e+01  -1.6100000e+02   1.0861222e+01  -4.0381216e+01  -3.5000000e+01   1.4880509e+01
   1.2000000e+01   1.6484107e+01  -1.6100000e+02   1.5081458e+01  -4.7840463e+01  -3.5000000e+01   1.3696849e+01
   1.2000000e+01   1.4822152e+01  -1.6100000e+02   2.1522495e+01  -5.3567181e+01  -3.5000000e+01   1.4982901e+01
   1.2000000e+01   1.2179150e+01  -1.6100000e+02   2.5111883e+01  -5.7179377e+01  -3.5000000e+01   1.7931724e+01
   1.2000000e+01   1.5265207e+01  -1.6100000e+02   2.6346919e+01  -5.5355877e+01  -3.5000000e+01   1.8696868e+01
   1.2000000e+01   1.8776558e+01  -1.6100000e+02   2.6974730e+01  -5.2161518e+01  -3.5000000e+01   2.0529746e+01
   1.2000000e+01   1.9191378e+01  -1.6100000e+02   2.4839737e+01  -4.9156456e+01  -3.5000000e+01   2.1468910e+01
   1.2000000e+01   2.2277475e+01  -1.6100000e+02   2.3090916e+01  -4.5458888e+01  -3.5000000e+01   2.4954453e+01
   1.2000000e+01   2.2138409e+01  -1.6100000e+02   2.0631469e+01  -4.2069147e+01  -3.5000000e+01   2.7133583e+01
   1.2000000e+01   2.3281955e+01  -1.6100000e+02   1.9000577e+01  -3.8598014e+01  -3.5000000e+01   3.0883864e+01
   1.2000000e+01   2.2235302e+01  -1.6100000e+02   1.6948809e+01  -3.4611774e+01  -3.5000000e+01   3.1214176e+01
   1.2000000e+01   2.0905415e+01  -1.6100000e+02   1.3976972e+01  -3.1706231e+01  -3.5000000e+01   3.4354247e+01
   1.2000000e+01   1.9613680e+01  -1.6100000e+02   1.1408084e+01  -2.9435351e+01  -3.5000000e+01   3.4586824e+01
   1.2000000e+01   2.0413584e+01  -1.6100000e+02   1.2413299e+01  -2.7499675e+01  -3.5000000e+01   3.3802099e+01
   1.2000000e+01   2.2791587e+01  -1.6100000e+02   1.5541676e+01  -2.6468921e+01  -3.5000000e+01   3.2713388e+01
   1.2000000e+01   2.5577097e+01  -1.6100000e+02   1.8326464e+01  -2.5504029e+01  -3.5000000e+01   3.1468615e+01
   1.2000000e+01   2.8212769e+01  -1.6100000e+02   2.2163117e+01  -2.4614109e+01  -3.5000000e+01   2.9047054e+01
   1.2000000e+01   3.0161414e+01  -1.6100000e+02   2.4887446e+01  -2.2534753e+01  -3.5000000e+01   2.8671564e+01
   1.2000000e+01   3.3064851e+01  -1.6100000e+02   2.8092146e+01  -2.0437231e+01  -3.5000000e+01   2.7549175e+01
   1.2000000e+01   3.2161399e+01  -1.6100000e+02   2.8715822e+01  -1.9409628e+01  -3.5000000e+01   2.5230947e+01
   1.2000000e+01   3.2231586e+01  -1.6100000e+02   2.9075960e+01  -1.7981502e+01  -3.5000000e+01   2.4694371e+01
   1.2000000e+01   2.8359731e+01  -1.6100000e+02   2.6055516e+01  -1.6340306e+01  -3.5000000e+01   2.2471337e+01
   1.2000000e+01   2.1733617e+01  -1.6100000e+02   2.0243163e+01  -1.4315087e+01  -3.5000000e+01   1.9835765e+01
   1.2000000e+01   1.8085617e+01  -1.6100000e+02   1.7706354e+01  -1.1878472e+01  -3.5000000e+01   2.0325509e+01
   1.2000000e+01   1.6768317e+01  -1.6100000e+02   1.6829511e+01  -1.0396712e+01  -3.5000000e+01   1.8953907e+01
   1.2000000e+01   1.6549022e+01  -1.6100000e+02   1.7746225e+01  -8.4593126e+00  -3.5000000e+01   1.6780377e+01
   1.2000000e+01   1.7668296e+01  -1.6100000e+02   2.0161005e+01  -6.8306353e+00  -3.5000000e+01   1.4971392e+01
   1.2000000e+01   2.0872414e+01  -1.6100000e+02   2.4349263e+01  -4.8932143e+00  -3.5000000e+01   1.2704807e+01
   1.2000000e+01   2.0119366e+01  -1.6100000e+02   2.4456673e+01  -2.9039117e+00  -3.5000000e+01   1.0995929e+01
   1.2000000e+01   2.0430467e+01  -1.6100000e+02   2.4756047e+01  -8.4875379e-01  -3.5000000e+01   9.4685417e+00
   1.2000000e+01   2.0485470e+01  -1.6100000e+02   2.5144921e+01   1.2484964e+00  -3.5000000e+01   9.9924744e+00
   1.2000000e+01   2.0881847e+01  -1.6100000e+02   2.5555515e+01   3.3403388e+00  -3.5000000e+01   8.3974762e+00
   1.2000000e+01   2.1745743e+01  -1.6100000e+02   2.4208182e+01   4.8632230e+00  -3.5000000e+01   5.8816508e+00
   1.2000000e+01   2.3938695e+01  -1.6100000e+02   1.9356303e+01   9.6293403e-01  -3.5000000e+01   2.4073970e+00
   1.2000000e+01   2.5453179e+01  -1.6100000e+02   1.5047580e+01  -4.9406832e+00  -3.5000000e+01   2.3662549e+00
   1.2000000e+01   2.7577308e+01  -1.6100000e+02   1.4637320e+01  -1.1011042e+01  -3.5000000e+01   4.8508670e+00
   1.2000000e+01   2.3519140e+01  -1.6100000e+02   1.0975113e+01  -1.8934024e+01  -3.5000000e+01   9.1836746e+00
   1.2000000e+01   2.2981218e+01  -1.6100000e+02   1.1784385e+01  -2.7319065e+01  -3.5000000e+01   1.2883053e+01
   1.2000000e+01   2.0500454e+01  -1.6100000e+02   1.1621390e+01  -3.5672454e+01  -3.5000000e+01   1.2159671e+01
   1.2000000e+01   2.0187287e+01  -1.6100000e+02   1.6294533e+01  -4.4312084e+01  -3.5000000e+01   1.2647133e+01
   1.2000000e+01   1.9805022e+01  -1.6100000e+02   2.1841669e+01  -5.0167011e+01  -3.5000000e+01   1.1015012e+01
   1.2000000e+01   1.6899331e+01  -1.6100000e+02   2.5871967e+01  -5.5594712e+01  -3.5000000e+01   1.1778409e+01
   1.2000000e+01   1.2744777e+01  -1.6100000e+02   2.7701509e+01  -5.8208820e+01  -3.5000000e+01   1.4615965e+01
   1.2000000e+01   1.3319943e+01  -1.6100000e+02   2.6390434e+01  -5.7230263e+01  -3.5000000e+01   1.4764432e+01
   1.2000000e+01   1.7826152e+01  -1.6100000e+02   2.7547724e+01  -5.3248142e+01  -3.5000000e+01   1.5741065e+01
   1.2000000e+01   1.8070730e+01  -1.6100000e+02   2.4979726e+01  -5.0172559e+01  -3.5000000e+01   1.7625538e+01
   1.2000000e+01   1.8479095e+01  -1.6100000e+02   2.0189120e+01  -4.6916312e+01  -3.5000000e+01   2.1541876e+01
   1.2000000e+01   1.8816025e+01  -1.6100000e+02   1.7308722e+01  -4.4033074e+01  -3.5000000e+01   2.5057802e+01
   1.2000000e+01   1.8800967e+01  -1.6100000e+02   1.4893769e+01  -4.1133556e+01  -3.5000000e+01   2.8484205e+01
   1.2000000e+01   1.8666673e+01  -1.6100000e+02   1.2610357e+01  -3.7995431e+01  -3.5000000e+01   3.1522972e+01
   1.2000000e+01   1.6902659e+01  -1.6100000e+02   9.8953278e+00  -3.5644125e+01  -3.5000000e+01   3.2167948e+01
   1.2000000e+01   1.6092163e+01  -1.6100000e+02   8.5772323e+00  -3.3138106e+01  -3.5000000e+01   3.4476533e+01
   1.2000000e+01   1.6471044e+01  -1.6100000e+02   7.6349717e+00  -3.1482870e+01  -3.5000000e+01   3.5444582e+01
   1.2000000e+01   1.5566280e+01  -1.6100000e+02   6.7709451e+00  -3.0110897e+01  -3.5000000e+01   3.5051206e+01
   1.2000000e+01   1.6985324e+01  -1.6100000e+02   7.2330620e+00  -2.8883948e+01  -3.5000000e+01   3.5023309e+01
   1.2000000e+01   1.5708035e+01  -1.6100000e+02   6.4766127e+00  -2.8168306e+01  -3.5000000e+01   3.5513836e+01
   1.2000000e+01   1.3861521e+01  -1.6100000e+02   4.7744710e+00  -2.6915792e+01  -3.5000000e+01   3.5547515e+01
   1.2000000e+01   1.5330363e+01  -1.6100000e+02   5.3563503e+00  -2.6124794e+01  -3.5000000e+01   3.6604594e+01
   1.2000000e+01   1.9515116e+01  -1.6100000e+02   9.4426544e+00  -2.4568270e+01  -3.5000000e+01   3.7769264e+01
   1.2000000e+01   2.3209603e+01  -1.6100000e+02   1.2673082e+01  -2.3254218e+01  -3.5000000e+01   3.8610573e+01
   1.2000000e+01   2.2161242e+01  -1.6100000e+02   1.1505046e+01  -2.1892809e+01  -3.5000000e+01   3.9357123e+01
   1.2000000e+01   2.0454719e+01  -1.6100000e+02   1.1102234e+01  -2.0364582e+01  -3.5000000e+01   3.8976688e+01
   1.2000000e+01   2.0288493e+01  -1.6100000e+02   1.0992818e+01  -1.9190621e+01  -3.5000000e+01   3.8018210e+01
   1.2000000e+01   1.9924805e+01  -1.6100000e+02   1.0611926e+01  -1.7384336e+01  -3.5000000e+01   3.8496427e+01
   1.2000000e+01   1.9353576e+01  -1.6100000e+02   1.0572191e+01  -1.5961976e+01  -3.5000000e+01   3.8571073e+01
   1.2000000e+01   2.0070073e+01  -1.6100000e+02   1.1860033e+01  -1.4520409e+01  -3.5000000e+01   3.7735423e+01
   1.2000000e+01   1.9381392e+01  -1.6100000e+02   1.1208562e+01  -1.2484616e+01  -3.5000000e+01   3.7673469e+01
   1.2000000e+01   1.6964598e+01  -1.6100000e+02   9.2118810e+00  -1.0796882e+01  -3.5000000e+01   3.7006746e+01
   1.2000000e+01   1.7363725e+01  -1.6100000e+02   8.9230910e+00  -8.4068116e+00  -3.5000000e+01   3.5882785e+01
   1.2000000e+01   1.7888472e+01  -1.6100000e+02   9.5953777e+00  -6.4818972e+00  -3.5000000e+01   3.4549833e+01
   1.2000000e+01   1.7221108e+01  -1.6100000e+02   9.4401041e+00  -3.6419249e+00  -3.5000000e+01   3.2979467e+01
   1.2000000e+01   1.7269390e+01  -1.6100000e+02   1.0050744e+01  -8.3187150e-01  -3.5000000e+01   3.2155236e+01
   1.2000000e+01   1.8673009e+01  -1.6100000e+02   1.1784274e+01   1.7699719e+00  -3.5000000e+01   3.0871147e+01
   1.2000000e+01   2.1014754e+01  -1.6100000e+02   1.4715225e+01   4.5061997e+00  -3.5000000e+01   2.9054588e+01
   1.2000000e+01   2.2610520e+01  -1.6100000e+02   1.7259658e+01   6.9884104e+00  -3.5000000e+01   2.7507579e+01
   1.2000000e+01   2.3011244e+01  -1.6100000e+02   1.8149737e+01   8.8600036e+00  -3.5000000e+01   2.6004522e+01
   1.2000000e+01   2.4765984e+01  -1.6100000e+02   1.8909002e+01   9.6730040e+00  -3.5000000e+01   2.4186474e+01
   1.2000000e+01   2.2787859e+01  -1.6100000e+02   1.5070118e+01   6.0248386e+00  -3.5000000e+01   2.2278086e+01
   1.2000000e+01   2.5219431e+01  -1.6100000e+02   9.9622791e+00   1.1532757e+00  -3.5000000e+01   1.8737335e+01
   1.2000000e+01   2.2545248e+01  -1.6100000e+02   3.5330107e+00  -5.6221497e+00  -3.5000000e+01   1.8918338e+01
   1.2000000e+01   2.0899142e+01  -1.6100000e+02   1.6621159e+00  -1.4116880e+01  -3.5000000e+01   1.9910988e+01
   1.2000000e+01   1.9156267e+01  -1.6100000e+02   2.4127280e+00  -2.3308414e+01  -3.5000000e+01   1.9326934e+01
   1.2000000e+01   1.9273864e+01  -1.6100000e+02   8.1342413e+00  -3.2349678e+01  -3.5000000e+01   1.8452250e+01
   1.2000000e+01   1.9271849e+01  -1.6100000e+02   1.4117891e+01  -3.9738703e+01  -3.5000000e+01   1.6618139e+01
   1.2000000e+01   1.4360012e+01  -1.6100000e+02   1.7511004e+01  -4.6225590e+01  -3.5000000e+01   1.4439421e+01
   1.2000000e+01   1.2055532e+01  -1.6100000e+02   2.2092004e+01  -5.1024717e+01  -3.5000000e+01   1.4915217e+01
   1.2000000e+01   1.1251414e+01  -1.6100000e+02   2.4020052e+01  -5.2223487e+01  -3.5000000e+01   1.6573527e+01
   1.2000000e+01   1.4197802e+01  -1.6100000e+02   2.5529676e+01  -5.0697382e+01  -3.5000000e+01   1.8376602e+01
   1.2000000e+01   1.7169665e+01  -1.6100000e+02   2.6890212e+01  -4.8251595e+01  -3.5000000e+01   1.8050378e+01
   1.2000000e+01   1.9005449e+01  -1.6100000e+02   2.6451199e+01  -4.5609474e+01  -3.5000000e+01   1.8362409e+01
   1.2000000e+01   1.7110574e+01  -1.6100000e+02   2.3559804e+01  -4.3879996e+01  -3.5000000e+01   1.8780329e+01
   1.2000000e+01   1.7075260e+01  -1.6100000e+02   2.0541647e+01  -4.0703936e+01  -3.5000000e+01   2.0140567e+01
   1.2000000e+01   2.0422862e+01  -1.6100000e+02   2.0886420e+01  -3.6967096e+01  -3.5000000e+01   2.3233814e+01
   1.2000000e+01   2.2789714e+01  -1.6100000e+02   2.1034270e+01  -3.4249050e+01  -3.5000000e+01   2.6530344e+01
   1.2000000e+01   1.6936462e+01  -1.6100000e+02   1.3643686e+01  -3.2399286e+01  -3.5000000e+01   2.9140227e+01
   1.2000000e+01   1.8602789e+01  -1.6100000e+02   1.3937847e+01  -3.0003270e+01  -3.5000000e+01   3.1079134e+01
   1.2000000e+01   2.1650764e+01  -1.6100000e+02   1.6024121e+01  -2.7271343e+01  -3.5000000e+01   3.1626470e+01
   1.2000000e+01   2.2230464e+01  -1.6100000e+02   1.5667835e+01  -2.4196999e+01  -3.5000000e+01   3.2438433e+01
   1.2000000e+01   2.1407329e+01  -1.6100000e+02   1.4402326e+01  -2.1149544e+01  -3.5000000e+01   3.3555665e+01
   1.2000000e+01   1.9931879e+01  -1.6100000e+02   1.2238975e+01  -1.8384234e+01  -3.5000000e+01   3.3776899e+01
   1.2000000e+01   1.9801803e+01  -1.6100000e+02   1.2321593e+01  -1.6095598e+01  -3.5000000e+01   3.1465470e+01
   1.2000000e+01   1.9338380e+01  -1.6100000e+02   1.2371437e+01  -1.4258795e+01  -3.5000000e+01   3.1471056e+01
   1.2000000e+01   1.6293593e+01  -1.6100000e+02   9.8443065e+00  -1.1640919e+01  -3.5000000e+01   3.1923837e+01
   1.2000000e+01   1.8694827e+01  -1.6100000e+02   1.2394294e+01  -9.7290182e+00  -3.5000000e+01   2.9750482e+01
   1.2000000e+01   1.6550923e+01  -1.6100000e+02   1.0663511e+01  -7.6049857e+00  -3.5000000e+01   2.6459116e+01
   1.2000000e+01   1.4881769e+01  -1.6100000e+02   1.0187662e+01  -5.3775932e+00  -3.5000000e+01   2.5820327e+01
   1.2000000e+01   1.5835953e+01  -1.6100000e+02   1.1856277e+01  -2.7115184e+00  -3.5000000e+01   2.5361154e+01
   1.2000000e+01   1.7027148e+01  -1.6100000e+02   1.4314211e+01  -5.9926151e-01  -3.5000000e+01   2.3767465e+01
   1.2000000e+01   1.7601577e+01  -1.6100000e+02   1.6298838e+01   1.1449038e+00  -3.5000000e+01   2.0594836e+01
   1.2000000e+01   1.8194859e+01  -1.6100000e+02   1.8090399e+01   2.9037103e+00  -3.5000000e+01   1.8842017e+01
   1.2000000e+01   1.8842199e+01  -1.6100000e+02   1.9831209e+01   4.6787930e+00  -3.5000000e+01   1.6499244e+01
   1.2000000e+01   1.9252688e+01  -1.6100000e+02   2.1679748e+01   6.4226689e+00  -3.5000000e+01   1.4416642e+01
   1.2000000e+01   1.7216508e+01  -1.6100000e+02   2.0810496e+01   7.4737747e+00  -3.5000000e+01   1.1371642e+01
   1.2000000e+01   1.8438388e+01  -1.6100000e+02   2.0655606e+01   7.8175855e+00  -3.5000000e+01   8.1587176e+00
   1.2000000e+01   1.9275870e+01  -1.6100000e+02   1.5798811e+01   3.8119587e+00  -3.5000000e+01   5.4383583e+00
   1.2000000e+01   2.2008050e+01  -1.6100000e+02   1.2178060e+01  -2.3950797e+00  -3.5000000e+01   6.2083483e+00
   1.2000000e+01   2.2334250e+01  -1.6100000e+02   7.7374495e+00  -1.0198081e+01  -3.5000000e+01   6.6020825e+00
   1.2000000e+01   2.2844832e+01  -1.6100000e+02   6.1115981e+00  -1.9130695e+01  -3.5000000e+01   2.1167980e+00
   1.2000000e+01   1.9205975e+01  -1.6100000e+02   2.8757328e+00  -2.6280649e+01  -3.5000000e+01   6.2156075e+00
   1.2000000e+01   1.5068602e+01  -1.6100000e+02   3.1186730e+00  -3.4964568e+01  -3.5000000e+01   8.8346052e+00
   1.2000000e+01   1.4341319e+01  -1.6100000e+02   8.0416556e+00  -4.4406941e+01  -3.5000000e+01   1.1577015e+01
   1.2000000e+01   1.3084669e+01  -1.6100000e+02   1.3744671e+01  -5.1320001e+01  -3.5000000e+01   1.2923529e+01
   1.2000000e+01   1.2099778e+01  -1.6100000e+02   1.9196936e+01  -5.5284646e+01  -3.5000000e+01   1.6987796e+01
   1.2000000e+01   1.2118569e+01  -1.6100000e+02   2.2737329e+01  -5.6233602e+01  -3.5000000e+01   1.7837523e+01
   1.2000000e+01   1.6069845e+01  -1.6100000e+02   2.4563092e+01  -5.4114542e+01  -3.5000000e+01   2.0086797e+01
   1.2000000e+01   1.7346582e+01  -1.6100000e+02   2.2474657e+01  -5.0780127e+01  -3.5000000e+01   2.2435719e+01
   1.2000000e+01   1.7500736e+01  -1.6100000e+02   1.8800065e+01  -4.7742966e+01  -3.5000000e+01   2.3758302e+01
   1.2000000e+01   1.7469371e+01  -1.6100000e+02   1.5483000e+01  -4.4741170e+01  -3.5000000e+01   2.8484996e+01
   1.2000000e+01   1.7704498e+01  -1.6100000e+02   1.2922492e+01  -4.1007910e+01  -3.5000000e+01   3.1099900e+01
   1.2000000e+01   1.6610301e+01  -1.6100000e+02   9.7236809e+00  -3.7845109e+01  -3.5000000e+01   3.2932966e+01
   1.2000000e+01   1.5265073e+01  -1.6100000e+02   6.6244949e+00  -3.4929440e+01  -3.5000000e+01   3.5342064e+01
   1.2000000e+01   1.6375481e+01  -1.6100000e+02   7.2610890e+00  -3.2201237e+01  -3.5000000e+01   3.7578521e+01
   1.2000000e+01   1.5727771e+01  -1.6100000e+02   4.7837745e+00  -2.9268620e+01  -3.5000000e+01   3.9512887e+01
   1.2000000e+01   1.5187875e+01  -1.6100000e+02   3.5515416e+00  -2.6753486e+01  -3.5000000e+01   4.0319158e+01
   1.2000000e+01   1.5030640e+01  -1.6100000e+02   2.1674063e+00  -2.3307722e+01  -3.5000000e+01   4.0981268e+01
   1.2000000e+01   1.5132863e+01  -1.6100000e+02   1.6074019e+00  -2.0115448e+01  -3.5000000e+01   4.1236103e+01
   1.2000000e+01   1.7396515e+01  -1.6100000e+02   2.9720317e+00  -1.7038822e+01  -3.5000000e+01   3.9428882e+01
   1.2000000e+01   2.0532004e+01  -1.6100000e+02   5.9620061e+00  -1.4291863e+01  -3.5000000e+01   3.9965010e+01
   1.2000000e+01   1.9031375e+01  -1.6100000e+02   6.9460623e+00  -1.2372820e+01  -3.5000000e+01   3.9666356e+01
   1.2000000e+01   1.9883642e+01  -1.6100000e+02   7.5714492e+00  -1.0146786e+01  -3.5000000e+01   3.7914258e+01
   1.2000000e+01   1.8756270e+01  -1.6100000e+02   6.9995574e+00  -7.7771119e+00  -3.5000000e+01   3.7717133e+01
   1.2000000e+01   1.9795442e+01  -1.6100000e+02   8.9264906e+00  -4.9922672e+00  -3.5000000e+01   3.6171480e+01
   1.2000000e+01   1.7078123e+01  -1.6100000e+02   7.2738624e+00  -2.1741719e+00  -3.5000000e+01   3.4455156e+01
   1.2000000e+01   1.8672287e+01  -1.6100000e+02   9.6120661e+00   7.7123670e-01  -3.5000000e+01   3.3981710e+01
   1.2000000e+01   1.8494423e+01  -1.6100000e+02   1.0744268e+01   3.9978900e+00  -3.5000000e+01   3.3394539e+01
   1.2000000e+01   1.9053339e+01  -1.6100000e+02   1.1463428e+01   4.8759173e+00  -3.5000000e+01   2.9480647e+01
   1.2000000e+01   2.0252634e+01  -1.6100000e+02   1.3616036e+01   6.4605627e+00  -3.5000000e+01   2.7898233e+01
   1.2000000e+01   2.1323921e+01  -1.6100000e+02   1.5747512e+01   8.2059578e+00  -3.5000000e+01   2.5785072e+01
   1.2000000e+01   2.3062212e+01  -1.6100000e+02   1.8509361e+01   1.0174692e+01  -3.5000000e+01   2.3899655e+01
   1.2000000e+01   2.2556366e+01  -1.6100000e+02   1.9783081e+01   1.1903348e+01  -3.5000000e+01   2.2533742e+01
   1.2000000e+01   2.2825041e+01  -1.6100000e+02   2.0416810e+01   1.3533442e+01  -3.5000000e+01   2.0495217e+01
   1.2000000e+01   2.2885050e+01  -1.6100000e+02   1.8698833e+01   1.2312104e+01  -3.5000000e+01   1.8237008e+01
   1.2000000e+01   2.2904225e+01  -1.6100000e+02   1.5349285e+01   4.7781147e+00  -3.5000000e+01   1.5552717e+01
   1.2000000e+01   2.1631826e+01  -1.6100000e+02   1.1868872e+01  -2.6472796e+00  -3.5000000e+01   1.2461499e+01
   1.2000000e+01   2.1590180e+01  -1.6100000e+02   1.0156828e+01  -9.7031859e+00  -3.5000000e+01   1.0037511e+01
   1.2000000e+01   2.2557040e+01  -1.6100000e+02   1.1612294e+01  -1.8153873e+01  -3.5000000e+01   1.3465741e+01
   1.2000000e+01   2.2348959e+01  -1.6100000e+02   1.2680622e+01  -2.6220912e+01  -3.5000000e+01   1.4867035e+01
   1.2000000e+01   2.1636115e+01  -1.6100000e+02   1.2526008e+01  -3.4558483e+01  -3.5000000e+01   1.5558510e+01
   1.2000000e+01   1.8439375e+01  -1.6100000e+02   1.4697486e+01  -4.3089893e+01  -3.5000000e+01   1.3436065e+01
   1.2000000e+01   1.5442933e+01  -1.6100000e+02   1.9019928e+01  -4.9219840e+01  -3.5000000e+01   1.3306315e+01
   1.2000000e+01   1.2893510e+01  -1.6100000e+02   2.3991078e+01  -5.3578122e+01  -3.5000000e+01   1.5622578e+01
   1.2000000e+01   1.4342945e+01  -1.6100000e+02   2.6004142e+01  -5.3874397e+01  -3.5000000e+01   1.6801331e+01
   1.2000000e+01   1.6714119e+01  -1.6100000e+02   2.6000537e+01  -5.1306161e+01  -3.5000000e+01   1.7564623e+01
   1.2000000e+01   1.7514156e+01  -1.6100000e+02   2.5020752e+01  -4.9010646e+01  -3.5000000e+01   1.7774087e+01
   1.2000000e+01   1.7648915e+01  -1.6100000e+02   2.1950195e+01  -4.5840807e+01  -3.5000000e+01   1.9420056e+01
   1.2000000e+01   1.9223995e+01  -1.6100000e+02   2.0031259e+01  -4.2553378e+01  -3.5000000e+01   2.1653488e+01
   1.2000000e+01   1.7284473e+01  -1.6100000e+02   1.6008296e+01  -3.9566410e+01  -3.5000000e+01   2.5460045e+01
   1.2000000e+01   1.6312301e+01  -1.6100000e+02   1.3290210e+01  -3.6945277e+01  -3.5000000e+01   2.6652292e+01
   1.2000000e+01   1.8912938e+01  -1.6100000e+02   1.4080746e+01  -3.3648290e+01  -3.5000000e+01   2.9475540e+01
   1.2000000e+01   1.9171554e+01  -1.6100000e+02   1.3571593e+01  -3.1003589e+01  -3.5000000e+01   3.1914659e+01
   1.2000000e+01   2.2044484e+01  -1.6100000e+02   1.5852132e+01  -2.8903080e+01  -3.5000000e+01   3.2256099e+01
   1.2000000e+01   2.5705102e+01  -1.6100000e+02   1.8664193e+01  -2.5962947e+01  -3.5000000e+01   3.2041292e+01
   1.2000000e+01   2.2983747e+01  -1.6100000e+02   1.5956701e+01  -2.3463436e+01  -3.5000000e+01   3.3719162e+01
   1.2000000e+01   2.2810760e+01  -1.6100000e+02   1.4613289e+01  -2.0774552e+01  -3.5000000e+01   3.3035394e+01
   1.2000000e+01   2.3670463e+01  -1.6100000e+02   1.5786651e+01  -1.7761402e+01  -3.5000000e+01   3.2384179e+01
   1.2000000e+01   2.2530405e+01  -1.6100000e+02   1.4739926e+01  -1.5877651e+01  -3.5000000e+01   3.1767440e+01
   1.2000000e+01   1.8586725e+01  -1.6100000e+02   1.1686450e+01  -1.3408878e+01  -3.5000000e+01   3.1954462e+01
   1.2000000e+01   1.7389486e+01  -1.6100000e+02   1.0306294e+01  -1.0442379e+01  -3.5000000e+01   3.1520187e+01
   1.2000000e+01   1.6324728e+01  -1.6100000e+02   9.1761939e+00  -7.5539232e+00  -3.5000000e+01   2.8907328e+01
   1.2000000e+01   1.7618692e+01  -1.6100000e+02   1.1003316e+01  -4.4165645e+00  -3.5000000e+01   2.6579193e+01
   1.2000000e+01   1.8485110e+01  -1.6100000e+02   1.2922848e+01  -2.2507408e+00  -3.5000000e+01   2.5554301e+01
   1.2000000e+01   1.9117303e+01  -1.6100000e+02   1.5088952e+01  -2.2128127e-01  -3.5000000e+01   2.3360108e+01
   1.2000000e+01   1.9981127e+01  -1.6100000e+02   1.6917273e+01   2.1873456e+00  -3.5000000e+01   2.1680847e+01
   1.2000000e+01   2.0030104e+01  -1.6100000e+02   1.8603927e+01   4.0739109e+00  -3.5000000e+01   1.9134728e+01
   1.2000000e+01   2.1336885e+01  -1.6100000e+02   2.0912961e+01   6.6148548e+00  -3.5000000e+01   1.7305467e+01
   1.2000000e+01   2.1375742e+01  -1.6100000e+02   2.2410558e+01   8.2888951e+00  -3.5000000e+01   1.4787160e+01
   1.2000000e+01   2.1860776e+01  -1.6100000e+02   2.3621657e+01   1.0242485e+01  -3.5000000e+01   1.2931708e+01
   1.2000000e+01   2.3495320e+01  -1.6100000e+02   2.2509214e+01   1.0371935e+01  -3.5000000e+01   9.4258299e+00
   1.2000000e+01   2.4756221e+01  -1.6100000e+02   2.0923790e+01   8.0969254e+00  -3.5000000e+01   6.3757330e+00
   1.2000000e+01   2.5832002e+01  -1.6100000e+02   1.9032708e+01   1.8668743e+00  -3.5000000e+01   7.1984886e+00
   1.2000000e+01   2.4242665e+01  -1.6100000e+02   1.6488907e+01  -7.9726310e+00  -3.5000000e+01   4.7741869e+00
   1.2000000e+01   2.3847397e+01  -1.6100000e+02   1.5481423e+01  -1.7258690e+01  -3.5000000e+01   6.7360147e+00
   1.2000000e+01   1.9824556e+01  -1.6100000e+02   1.2115476e+01  -2.5805807e+01  -3.5000000e+01   1.0880088e+01
   1.2000000e+01   2.0524216e+01  -1.6100000e+02   1.3461387e+01  -3.4931036e+01  -3.5000000e+01   1.1321946e+01
   1.2000000e+01   2.0014211e+01  -1.6100000e+02   1.5785729e+01  -4.3031750e+01  -3.5000000e+01   1.1318914e+01
   1.2000000e+01   1.6699786e+01  -1.6100000e+02   1.6168525e+01  -4.8549391e+01  -3.5000000e+01   9.2894920e+00
   1.2000000e+01   1.5045334e+01  -1.6100000e+02   1.8981959e+01  -5.1938654e+01  -3.5000000e+01   9.5242802e+00
   1.2000000e+01   1.6692300e+01  -1.6100000e+02   2.4963483e+01  -5.3900639e+01  -3.5000000e+01   9.9387100e+00
   1.2000000e+01   1.6312647e+01  -1.6100000e+02   2.8974674e+01  -5.3844403e+01  -3.5000000e+01   1.4178871e+01
   1.2000000e+01   1.9513298e+01  -1.6100000e+02   2.9925294e+01  -5.1660726e+01  -3.5000000e+01   1.5561229e+01
   1.2000000e+01   2.1478600e+01  -1.6100000e+02   3.0192983e+01  -4.8720930e+01  -3.5000000e+01   1.6640079e+01
   1.2000000e+01   2.2525704e+01  -1.6100000e+02   2.8802451e+01  -4.6075554e+01  -3.5000000e+01   1.8508823e+01
   1.2000000e+01   2.4129762e+01  -1.6100000e+02   2.7087517e+01  -4.2965216e+01  -3.5000000e+01   2.0127288e+01
   1.2000000e+01   2.5440712e+01  -1.6100000e+02   2.5749449e+01  -3.9588491e+01  -3.5000000e+01   2.2982253e+01
   1.2000000e+01   2.4115511e+01  -1.6100000e+02   2.2722392e+01  -3.6925695e+01  -3.5000000e+01   2.5648816e+01
   1.2000000e+01   2.3103949e+01  -1.6100000e+02   2.0647309e+01  -3.4691870e+01  -3.5000000e+01   2.7631260e+01
   1.2000000e+01   2.2696220e+01  -1.6100000e+02   2.0089561e+01  -3.2389676e+01  -3.5000000e+01   2.8079441e+01
   1.2000000e+01   2.4867496e+01  -1.6100000e+02   2.1141307e+01  -2.9420161e+01  -3.5000000e+01   2.8586895e+01
   1.2000000e+01   2.4571536e+01  -1.6100000e+02   2.0672676e+01  -2.7831975e+01  -3.5000000e+01   2.9181037e+01
   1.2000000e+01   2.4708171e+01  -1.6100000e+02   1.9854934e+01  -2.5293299e+01  -3.5000000e+01   2.9015964e+01
   1.2000000e+01   2.3715311e+01  -1.6100000e+02   1.8151829e+01  -2.2849907e+01  -3.5000000e+01   2.9266940e+01
   1.2000000e+01   2.1508796e+01  -1.6100000e+02   1.5642008e+01  -2.0519140e+01  -3.5000000e+01   3.0094865e+01
   1.2000000e+01   2.1954026e+01  -1.6100000e+02   1.5940894e+01  -1.8540771e+01  -3.5000000e+01   2.8525232e+01
   1.2000000e+01   2.4719908e+01  -1.6100000e+02   1.8623446e+01  -1.6024576e+01  -3.5000000e+01   2.8277364e+01
   1.2000000e+01   2.2570368e+01  -1.6100000e+02   1.7127926e+01  -1.4044851e+01  -3.5000000e+01   2.8063750e+01
   1.2000000e+01   1.8838091e+01  -1.6100000e+02   1.3318740e+01  -1.0840334e+01  -3.5000000e+01   2.9416390e+01
   1.2000000e+01   1.7968287e+01  -1.6100000e+02   1.3091971e+01  -8.5619320e+00  -3.5000000e+01   2.7969967e+01
   1.2000000e+01   1.7664782e+01  -1.6100000e+02   1.2630448e+01  -6.8795241e+00  -3.5000000e+01   2.4922163e+01
   1.2000000e+01   1.7854737e+01  -1.6100000e+02   1.3613916e+01  -3.7433917e+00  -3.5000000e+01   2.4578490e+01
   1.2000000e+01   1.9426342e+01  -1.6100000e+02   1.6001831e+01  -2.1963665e+00  -3.5000000e+01   2.1884730e+01
   1.2000000e+01   1.8060760e+01  -1.6100000e+02   1.6048783e+01  -2.7576687e-01  -3.5000000e+01   2.0508570e+01
   1.2000000e+01   1.9674559e+01  -1.6100000e+02   1.8450389e+01   1.6706908e+00  -3.5000000e+01   1.9483059e+01
   1.2000000e+01   2.0300813e+01  -1.6100000e+02   1.9623877e+01   3.4966665e+00  -3.5000000e+01   1.8855588e+01
   1.2000000e+01   2.3008943e+01  -1.6100000e+02   2.2312988e+01   5.9243679e+00  -3.5000000e+01   1.7993817e+01
   1.2000000e+01   2.3856581e+01  -1.6100000e+02   2.4066931e+01   7.9220437e+00  -3.5000000e+01   1.5535840e+01
   1.2000000e+01   2.3868296e+01  -1.6100000e+02   2.4123079e+01   9.0779923e+00  -3.5000000e+01   1.4223282e+01
   1.2000000e+01   2.3723131e+01  -1.6100000e+02   2.2715699e+01   7.7783311e+00  -3.5000000e+01   1.2685335e+01
   1.2000000e+01   2.3879943e+01  -1.6100000e+02   1.9056317e+01  -1.5012211e-01  -3.5000000e+01   1.0937218e+01
   1.2000000e+01   2.4042628e+01  -1.6100000e+02   1.6586176e+01  -8.4058674e+00  -3.5000000e+01   8.4569383e+00
   1.2000000e+01   2.4213811e+01  -1.6100000e+02   1.5983154e+01  -1.7405405e+01  -3.5000000e+01   1.4412835e+01
   1.2000000e+01   2.3588102e+01  -1.6100000e+02   1.6360591e+01  -2.5665944e+01  -3.5000000e+01   1.9234423e+01
   1.2000000e+01   2.0262243e+01  -1.6100000e+02   1.5502939e+01  -3.3663333e+01  -3.5000000e+01   2.1677139e+01
   1.2000000e+01   1.7597393e+01  -1.6100000e+02   1.8896425e+01  -4.1629125e+01  -3.5000000e+01   2.2836059e+01
   1.2000000e+01   1.7816240e+01  -1.6100000e+02   2.2001818e+01  -4.5351849e+01  -3.5000000e+01   2.2640483e+01
   1.2000000e+01   1.8648946e+01  -1.6100000e+02   2.1909469e+01  -4.4593675e+01  -3.5000000e+01   2.3019656e+01
   1.2000000e+01   1.8755653e+01  -1.6100000e+02   1.9815633e+01  -4.2288924e+01  -3.5000000e+01   2.4594806e+01
   1.2000000e+01   1.8024823e+01  -1.6100000e+02   1.7711461e+01  -4.0987264e+01  -3.5000000e+01   2.6104775e+01
   1.2000000e+01   1.8545019e+01  -1.6100000e+02   1.6282318e+01  -3.8513037e+01  -3.5000000e+01   2.8585627e+01
   1.2000000e+01   1.8901584e+01  -1.6100000e+02   1.5034590e+01  -3.5979540e+01  -3.5000000e+01   3.0236889e+01
   1.2000000e+01   1.7894307e+01  -1.6100000e+02   1.2901684e+01  -3.2914514e+01  -3.5000000e+01   3.1538855e+01
   1.2000000e+01   1.8586606e+01  -1.6100000e+02   1.2967849e+01  -2.9891742e+01  -3.5000000e+01   3.3021320e+01
   1.2000000e+01   1.7585507e+01  -1.6100000e+02   1.1164779e+01  -2.7091628e+01  -3.5000000e+01   3.3073981e+01
   1.2000000e+01   1.7619921e+01  -1.6100000e+02   1.0001926e+01  -2.4610385e+01  -3.5000000e+01   3.2507268e+01
   1.2000000e+01   1.7845301e+01  -1.6100000e+02   9.4519539e+00  -2.1464111e+01  -3.5000000e+01   3.2899746e+01
   1.2000000e+01   2.0126825e+01  -1.6100000e+02   1.1925605e+01  -1.9146080e+01  -3.5000000e+01   3.2554790e+01
   1.2000000e+01   2.0917247e+01  -1.6100000e+02   1.3615064e+01  -1.7130927e+01  -3.5000000e+01   3.0347888e+01
   1.2000000e+01   2.3755861e+01  -1.6100000e+02   1.6575957e+01  -1.5284067e+01  -3.5000000e+01   2.9943917e+01
   1.2000000e+01   2.2709468e+01  -1.6100000e+02   1.6220423e+01  -1.3206697e+01  -3.5000000e+01   2.9067690e+01
   1.2000000e+01   1.9058589e+01  -1.6100000e+02   1.2904493e+01  -1.1314380e+01  -3.5000000e+01   2.8294587e+01
   1.2000000e+01   1.7756436e+01  -1.6100000e+02   1.2083225e+01  -9.3840833e+00  -3.5000000e+01   2.7273260e+01
   1.2000000e+01   1.8799589e+01  -1.6100000e+02   1.3624076e+01  -7.4328156e+00  -3.5000000e+01   2.5299714e+01
   1.2000000e+01   1.7225344e+01  -1.6100000e+02   1.3072717e+01  -4.9862092e+00  -3.5000000e+01   2.5289458e+01
   1.2000000e+01   1.4253263e+01  -1.6100000e+02   1.0934059e+01  -2.6342246e+00  -3.5000000e+01   2.3015297e+01
   1.2000000e+01   1.5135658e+01  -1.6100000e+02   1.2764525e+01  -6.1219191e-01  -3.5000000e+01   1.8703226e+01
   1.2000000e+01   1.6272256e+01  -1.6100000e+02   1.5288524e+01   1.5504207e+00  -3.5000000e+01   1.6505767e+01
   1.2000000e+01   1.6039676e+01  -1.6100000e+02   1.7835438e+01   3.6652959e+00  -3.5000000e+01   1.6883357e+01
   1.2000000e+01   1.8336959e+01  -1.6100000e+02   2.0879915e+01   6.5162883e+00  -3.5000000e+01   1.5078784e+01
   1.2000000e+01   2.0978277e+01  -1.6100000e+02   2.4766516e+01   8.6135494e+00  -3.5000000e+01   1.2124971e+01
   1.2000000e+01   2.1244952e+01  -1.6100000e+02   2.6952790e+01   1.0843886e+01  -3.5000000e+01   1.0030112e+01
   1.2000000e+01   1.9834801e+01  -1.6100000e+02   2.7205955e+01   1.2629446e+01  -3.5000000e+01   7.9871858e+00
   1.2000000e+01   1.7946325e+01  -1.6100000e+02   2.6334939e+01   1.4276829e+01  -3.5000000e+01   6.0910723e+00
   1.2000000e+01   1.9689779e+01  -1.6100000e+02   2.6469522e+01   1.5127597e+01  -3.5000000e+01   2.7481958e+00
   1.2000000e+01   2.1949684e+01  -1.6100000e+02   2.3444802e+01   1.0632702e+01  -3.5000000e+01  -1.2085093e+00
   1.2000000e+01   2.3431115e+01  -1.6100000e+02   1.7038220e+01   4.7407741e+00  -3.5000000e+01  -1.2785095e+00
   1.2000000e+01   2.3455031e+01  -1.6100000e+02   1.3128589e+01  -1.6006985e+00  -3.5000000e+01   3.5281374e+00
   1.2000000e+01   2.1011429e+01  -1.6100000e+02   9.7241636e+00  -9.1948724e+00  -3.5000000e+01   9.6425195e+00
   1.2000000e+01   1.8250379e+01  -1.6100000e+02   6.6345675e+00  -1.6870857e+01  -3.5000000e+01   1.6577533e+01
   1.2000000e+01   1.8388706e+01  -1.6100000e+02   8.0252634e+00  -2.5843269e+01  -3.5000000e+01   2.1668481e+01
   1.2000000e+01   1.8532707e+01  -1.6100000e+02   8.7957836e+00  -3.3051114e+01  -3.5000000e+01   1.9566527e+01
   1.2000000e+01   1.7181851e+01  -1.6100000e+02   7.2980337e+00  -3.9353919e+01  -3.5000000e+01   1.9822960e+01
   1.2000000e+01   1.6810974e+01  -1.6100000e+02   8.1210230e+00  -4.3538148e+01  -3.5000000e+01   2.1327158e+01
   1.2000000e+01   1.7286856e+01  -1.6100000e+02   1.1498200e+01  -4.6791477e+01  -3.5000000e+01   2.2364262e+01
   1.2000000e+01   1.6689556e+01  -1.6100000e+02   1.5689954e+01  -4.7912135e+01  -3.5000000e+01   2.3986607e+01
   1.2000000e+01   1.9265328e+01  -1.6100000e+02   2.1957606e+01  -4.6755399e+01  -3.5000000e+01   2.2250621e+01
   1.2000000e+01   2.2484023e+01  -1.6100000e+02   2.2829612e+01  -4.5832033e+01  -3.5000000e+01   2.4055892e+01
   1.2000000e+01   1.9771100e+01  -1.6100000e+02   1.8244309e+01  -4.4722341e+01  -3.5000000e+01   2.6796432e+01
   1.2000000e+01   1.9208979e+01  -1.6100000e+02   1.5814432e+01  -4.2555053e+01  -3.5000000e+01   2.8935411e+01
   1.2000000e+01   2.0159203e+01  -1.6100000e+02   1.4191837e+01  -3.9758423e+01  -3.5000000e+01   3.1899484e+01
   1.2000000e+01   2.2342961e+01  -1.6100000e+02   1.4747821e+01  -3.6981645e+01  -3.5000000e+01   3.3068685e+01
   1.2000000e+01   1.8341142e+01  -1.6100000e+02   9.2939461e+00  -3.4147828e+01  -3.5000000e+01   3.4976942e+01
   1.2000000e+01   1.5213164e+01  -1.6100000e+02   5.2969650e+00  -3.1563636e+01  -3.5000000e+01   3.6362110e+01
   1.2000000e+01   1.6141885e+01  -1.6100000e+02   6.5450651e+00  -2.9344748e+01  -3.5000000e+01   3.7225497e+01
   1.2000000e+01   1.7989975e+01  -1.6100000e+02   7.7828184e+00  -2.7100936e+01  -3.5000000e+01   3.7801346e+01
   1.2000000e+01   1.9107092e+01  -1.6100000e+02   8.7268391e+00  -2.4582422e+01  -3.5000000e+01   3.8248346e+01
   1.2000000e+01   1.9231490e+01  -1.6100000e+02   8.0260541e+00  -2.2311353e+01  -3.5000000e+01   3.8200360e+01
   1.2000000e+01   1.9718975e+01  -1.6100000e+02   7.9206015e+00  -1.9491932e+01  -3.5000000e+01   3.8751977e+01
   1.2000000e+01   2.0462965e+01  -1.6100000e+02   9.1940648e+00  -1.7462709e+01  -3.5000000e+01   3.9078428e+01
   1.2000000e+01   2.1533538e+01  -1.6100000e+02   1.0215973e+01  -1.5641114e+01  -3.5000000e+01   3.6958894e+01
   1.2000000e+01   2.3350945e+01  -1.6100000e+02   1.2342755e+01  -1.3400822e+01  -3.5000000e+01   3.6167493e+01
   1.2000000e+01   2.3378774e+01  -1.6100000e+02   1.3261764e+01  -1.1662630e+01  -3.5000000e+01   3.5065852e+01
   1.2000000e+01   2.0847915e+01  -1.6100000e+02   1.1346102e+01  -9.9502207e+00  -3.5000000e+01   3.5177123e+01
   1.2000000e+01   1.8328376e+01  -1.6100000e+02   1.0060472e+01  -8.2537563e+00  -3.5000000e+01   3.4321534e+01
   1.2000000e+01   1.6871850e+01  -1.6100000e+02   8.8183540e+00  -6.2100351e+00  -3.5000000e+01   3.1643769e+01
   1.2000000e+01   1.5950221e+01  -1.6100000e+02   8.6057971e+00  -3.2896095e+00  -3.5000000e+01   2.9789330e+01
   1.2000000e+01   1.6757190e+01  -1.6100000e+02   1.0136667e+01  -4.9078494e-01  -3.5000000e+01   2.8428521e+01
   1.2000000e+01   1.7466670e+01  -1.6100000e+02   1.1567665e+01   1.6905582e+00  -3.5000000e+01   2.8075429e+01
   1.2000000e+01   1.9093297e+01  -1.6100000e+02   1.3489901e+01   3.3029461e+00  -3.5000000e+01   2.4646188e+01
   1.2000000e+01   2.0354981e+01  -1.6100000e+02   1.5615859e+01   5.1180249e+00  -3.5000000e+01   2.2631731e+01
   1.2000000e+01   2.1903570e+01  -1.6100000e+02   1.8623989e+01   6.8094905e+00  -3.5000000e+01   2.2320819e+01
   1.2000000e+01   2.2127502e+01  -1.6100000e+02   1.9985001e+01   8.7802522e+00  -3.5000000e+01   2.0104040e+01
   1.2000000e+01   2.2524508e+01  -1.6100000e+02   2.1416721e+01   1.0766869e+01  -3.5000000e+01   1.8922312e+01
   1.2000000e+01   2.3201612e+01  -1.6100000e+02   2.2692046e+01   1.2332988e+01  -3.5000000e+01   1.9007477e+01
   1.2000000e+01   2.3705056e+01  -1.6100000e+02   2.3479171e+01   1.3535961e+01  -3.5000000e+01   1.6906672e+01
   1.2000000e+01   2.5430614e+01  -1.6100000e+02   2.2823939e+01   1.1702895e+01  -3.5000000e+01   1.4062121e+01
   1.2000000e+01   2.8083956e+01  -1.6100000e+02   1.7649430e+01   5.6809605e+00  -3.5000000e+01   1.0882994e+01
   1.2000000e+01   2.6528106e+01  -1.6100000e+02   1.1375845e+01  -2.5899203e+00  -3.5000000e+01   1.2070090e+01
   1.2000000e+01   2.2363048e+01  -1.6100000e+02   6.4588699e+00  -1.0895827e+01  -3.5000000e+01   1.6228451e+01
   1.2000000e+01   2.1179419e+01  -1.6100000e+02   6.0197780e+00  -2.0203225e+01  -3.5000000e+01   2.1865577e+01
   1.2000000e+01   2.0035288e+01  -1.6100000e+02   9.1172674e+00  -2.9203912e+01  -3.5000000e+01   2.3897158e+01
   1.2000000e+01   2.1341537e+01  -1.6100000e+02   1.4100826e+01  -3.6300465e+01  -3.5000000e+01   2.3139698e+01
   1.2000000e+01   1.7400897e+01  -1.6100000e+02   1.7959261e+01  -4.3946596e+01  -3.5000000e+01   2.2941956e+01
   1.2000000e+01   1.8738944e+01  -1.6100000e+02   2.4903847e+01  -4.6801538e+01  -3.5000000e+01   2.1077474e+01
   1.2000000e+01   1.9034999e+01  -1.6100000e+02   2.5371106e+01  -4.7004472e+01  -3.5000000e+01   2.1065751e+01
   1.2000000e+01   2.1553789e+01  -1.6100000e+02   2.6291805e+01  -4.5321451e+01  -3.5000000e+01   2.0893492e+01
   1.2000000e+01   2.2260932e+01  -1.6100000e+02   2.4749503e+01  -4.4009329e+01  -3.5000000e+01   2.2511341e+01
   1.2000000e+01   2.1425530e+01  -1.6100000e+02   2.2597230e+01  -4.2204934e+01  -3.5000000e+01   2.4800335e+01
   1.2000000e+01   2.0132673e+01  -1.6100000e+02   1.9327604e+01  -3.9601401e+01  -3.5000000e+01   2.7324722e+01
   1.2000000e+01   2.1031697e+01  -1.6100000e+02   1.8295842e+01  -3.6657416e+01  -3.5000000e+01   2.7235403e+01
   1.2000000e+01   2.2681682e+01  -1.6100000e+02   1.7775306e+01  -3.3039631e+01  -3.5000000e+01   2.9928470e+01
   1.2000000e+01   2.4616436e+01  -1.6100000e+02   1.7934200e+01  -2.9657681e+01  -3.5000000e+01   3.1958190e+01
   1.2000000e+01   2.1848901e+01  -1.6100000e+02   1.3955066e+01  -2.7341331e+01  -3.5000000e+01   3.2391361e+01
   1.2000000e+01   1.8731929e+01  -1.6100000e+02   1.0346794e+01  -2.5143405e+01  -3.5000000e+01   3.2715580e+01
   1.2000000e+01   1.9071679e+01  -1.6100000e+02   9.9527212e+00  -2.1994734e+01  -3.5000000e+01   3.2838196e+01
   1.2000000e+01   2.1098049e+01  -1.6100000e+02   1.1668724e+01  -1.9830324e+01  -3.5000000e+01   3.2808237e+01
   1.2000000e+01   2.3962977e+01  -1.6100000e+02   1.4685790e+01  -1.7845396e+01  -3.5000000e+01   3.2053736e+01
   1.2000000e+01   2.6872983e+01  -1.6100000e+02   1.8348680e+01  -1.6835785e+01  -3.5000000e+01   3.1183012e+01
   1.2000000e+01   2.6556322e+01  -1.6100000e+02   1.9088249e+01  -1.6690171e+01  -3.5000000e+01   3.0220081e+01
   1.2000000e+01   2.7758861e+01  -1.6100000e+02   2.0912773e+01  -1.4830244e+01  -3.5000000e+01   2.8931354e+01
   1.2000000e+01   2.4080461e+01  -1.6100000e+02   1.8181719e+01  -1.2948139e+01  -3.5000000e+01   2.8040008e+01
   1.2000000e+01   2.4199175e+01  -1.6100000e+02   1.8016850e+01  -1.2109875e+01  -3.5000000e+01   2.6458473e+01
   1.2000000e+01   2.0118847e+01  -1.6100000e+02   1.4724931e+01  -9.8520650e+00  -3.5000000e+01   2.5560768e+01
   1.2000000e+01   1.8360844e+01  -1.6100000e+02   1.3750503e+01  -7.5285854e+00  -3.5000000e+01   2.3006687e+01
   1.2000000e+01   1.7573888e+01  -1.6100000e+02   1.3992554e+01  -5.0710506e+00  -3.5000000e+01   2.1195855e+01
   1.2000000e+01   1.4864347e+01  -1.6100000e+02   1.3180579e+01  -2.6614875e+00  -3.5000000e+01   1.9303713e+01
   1.2000000e+01   1.6183417e+01  -1.6100000e+02   1.5268517e+01   5.4941555e-01  -3.5000000e+01   1.8276931e+01
   1.2000000e+01   1.5699826e+01  -1.6100000e+02   1.6625970e+01   2.7913802e+00  -3.5000000e+01   1.6927003e+01
   1.2000000e+01   1.6166096e+01  -1.6100000e+02   1.8358727e+01   4.8967942e+00  -3.5000000e+01   1.4698054e+01
   1.2000000e+01   1.7197882e+01  -1.6100000e+02   2.1269663e+01   6.6026900e+00  -3.5000000e+01   1.2120219e+01
   1.2000000e+01   1.7825673e+01  -1.6100000e+02   2.3525023e+01   8.4915754e+00  -3.5000000e+01   1.0082443e+01
   1.2000000e+01   2.1068974e+01  -1.6100000e+02   2.6733647e+01   1.0767875e+01  -3.5000000e+01   8.6829743e+00
   1.2000000e+01   2.3197555e+01  -1.6100000e+02   2.5984504e+01   1.1720179e+01  -3.5000000e+01   5.2026769e+00
   1.2000000e+01   2.3593657e+01  -1.6100000e+02   1.9704224e+01   6.4228000e+00  -3.5000000e+01   1.7037535e+00
   1.2000000e+01   2.3752986e+01  -1.6100000e+02   1.4189420e+01  -1.2860898e-01  -3.5000000e+01   3.4005469e-01
   1.2000000e+01   2.3689264e+01  -1.6100000e+02   1.2530869e+01  -7.2097540e+00  -3.5000000e+01   1.1540675e+00
   1.2000000e+01   2.1784837e+01  -1.6100000e+02   1.0961849e+01  -1.6055849e+01  -3.5000000e+01   5.1331068e+00
   1.2000000e+01   2.4094472e+01  -1.6100000e+02   1.4487892e+01  -2.3828162e+01  -3.5000000e+01   9.5823252e+00
   1.2000000e+01   2.2162340e+01  -1.6100000e+02   1.4518964e+01  -3.2125937e+01  -3.5000000e+01   1.0854567e+01
   1.2000000e+01   1.8548279e+01  -1.6100000e+02   1.4969344e+01  -4.2029231e+01  -3.5000000e+01   1.0770430e+01
   1.2000000e+01   1.5883462e+01  -1.6100000e+02   1.7175496e+01  -4.9303867e+01  -3.5000000e+01   9.2729233e+00
   1.2000000e+01   1.4806532e+01  -1.6100000e+02   1.9831189e+01  -5.4851189e+01  -3.5000000e+01   7.9220230e+00
   1.2000000e+01   1.2844850e+01  -1.6100000e+02   2.3147965e+01  -5.9791991e+01  -3.5000000e+01   9.6309155e+00
   1.2000000e+01   8.9908181e+00  -1.6100000e+02   2.4276406e+01  -6.1808992e+01  -3.5000000e+01   1.1960285e+01
   1.2000000e+01   7.3478506e+00  -1.6100000e+02   2.3660945e+01  -6.1031471e+01  -3.5000000e+01   1.4542796e+01
   1.2000000e+01   1.0528290e+01  -1.6100000e+02   2.3729898e+01  -5.8095057e+01  -3.5000000e+01   1.5147835e+01
   1.2000000e+01   1.4278458e+01  -1.6100000e+02   2.3545526e+01  -5.4040037e+01  -3.5000000e+01   1.6817040e+01
   1.2000000e+01   1.7605566e+01  -1.6100000e+02   2.3546342e+01  -5.0435306e+01  -3.5000000e+01   1.9206788e+01
   1.2000000e+01   2.1481718e+01  -1.6100000e+02   2.2651161e+01  -4.6324032e+01  -3.5000000e+01   2.3000601e+01
   1.2000000e+01   1.9969940e+01  -1.6100000e+02   1.8588617e+01  -4.3997166e+01  -3.5000000e+01   2.8052255e+01
   1.2000000e+01   1.9552324e+01  -1.6100000e+02   1.5891925e+01  -4.1207957e+01  -3.5000000e+01   3.0283955e+01
   1.2000000e+01   1.8054883e+01  -1.6100000e+02   1.2128791e+01  -3.8316228e+01  -3.5000000e+01   3.2349394e+01
   1.2000000e+01   1.9105680e+01  -1.6100000e+02   1.2634442e+01  -3.4764688e+01  -3.5000000e+01   3.3750414e+01
   1.2000000e+01   2.1130503e+01  -1.6100000e+02   1.3899948e+01  -3.2984959e+01  -3.5000000e+01   3.4333770e+01
   1.2000000e+01   1.9974513e+01  -1.6100000e+02   1.2077158e+01  -3.1802702e+01  -3.5000000e+01   3.4444937e+01
   1.2000000e+01   2.0712124e+01  -1.6100000e+02   1.2283776e+01  -3.0788227e+01  -3.5000000e+01   3.4254203e+01
   1.2000000e+01   2.3664747e+01  -1.6100000e+02   1.5139503e+01  -2.8809288e+01  -3.5000000e+01   3.5231875e+01
   1.2000000e+01   2.3214141e+01  -1.6100000e+02   1.5192613e+01  -2.7363906e+01  -3.5000000e+01   3.5969948e+01
   1.2000000e+01   2.2845413e+01  -1.6100000e+02   1.4794001e+01  -2.5325106e+01  -3.5000000e+01   3.5341363e+01
   1.2000000e+01   2.3923590e+01  -1.6100000e+02   1.5094132e+01  -2.2843009e+01  -3.5000000e+01   3.5946080e+01
   1.2000000e+01   2.3499090e+01  -1.6100000e+02   1.4633223e+01  -2.1332285e+01  -3.5000000e+01   3.5199702e+01
   1.2000000e+01   2.1306888e+01  -1.6100000e+02   1.2921864e+01  -1.8655772e+01  -3.5000000e+01   3.5361998e+01
   1.2000000e+01   2.2178659e+01  -1.6100000e+02   1.3926118e+01  -1.6098461e+01  -3.5000000e+01   3.3987677e+01
   1.2000000e+01   1.7960984e+01  -1.6100000e+02   1.0489703e+01  -1.3748610e+01  -3.5000000e+01   3.2625277e+01
   1.2000000e+01   1.5850213e+01  -1.6100000e+02   8.3608765e+00  -1.1835825e+01  -3.5000000e+01   3.2709546e+01
   1.2000000e+01   1.4974415e+01  -1.6100000e+02   8.0134419e+00  -9.6549865e+00  -3.5000000e+01   3.0623597e+01
   1.2000000e+01   1.4445387e+01  -1.6100000e+02   8.2027781e+00  -7.0671201e+00  -3.5000000e+01   2.8473795e+01
   1.2000000e+01   1.6457946e+01  -1.6100000e+02   1.0641969e+01  -5.1176979e+00  -3.5000000e+01   2.6077505e+01
   1.2000000e+01   1.7086966e+01  -1.6100000e+02   1.2080703e+01  -2.8648727e+00  -3.5000000e+01   2.5964662e+01
   1.2000000e+01   1.9632153e+01  -1.6100000e+02   1.4317999e+01  -7.5994231e-01  -3.5000000e+01   2.3994743e+01
   1.2000000e+01   2.0953479e+01  -1.6100000e+02   1.6574034e+01   1.5835968e+00  -3.5000000e+01   2.3376037e+01
   1.2000000e+01   2.3203580e+01  -1.6100000e+02   1.9295488e+01   3.2516053e+00  -3.5000000e+01   2.3189754e+01
   1.2000000e+01   2.4996090e+01  -1.6100000e+02   2.1723888e+01   4.7380707e+00  -3.5000000e+01   2.1426004e+01
   1.2000000e+01   2.4223620e+01  -1.6100000e+02   2.1801470e+01   6.2893208e+00  -3.5000000e+01   2.0224913e+01
   1.2000000e+01   2.4049218e+01  -1.6100000e+02   2.1720597e+01   7.1808739e+00  -3.5000000e+01   1.8471986e+01
   1.2000000e+01   2.4451276e+01  -1.6100000e+02   1.9530801e+01   4.2465889e+00  -3.5000000e+01   1.6229265e+01
   1.2000000e+01   2.5011501e+01  -1.6100000e+02   1.6877819e+01  -5.6160741e-01  -3.5000000e+01   1.3751867e+01
   1.2000000e+01   2.3899444e+01  -1.6100000e+02   1.5214313e+01  -8.4040450e+00  -3.5000000e+01   1.7535515e+01
   1.2000000e+01   2.3910842e+01  -1.6100000e+02   1.4776190e+01  -1.6586024e+01  -3.5000000e+01   2.2696112e+01
   1.2000000e+01   2.3544974e+01  -1.6100000e+02   1.5138745e+01  -2.5757426e+01  -3.5000000e+01   2.4599824e+01
   1.2000000e+01   2.3678561e+01  -1.6100000e+02   1.6215390e+01  -3.3511299e+01  -3.5000000e+01   2.6104259e+01
   1.2000000e+01   2.1593697e+01  -1.6100000e+02   1.6816269e+01  -3.9082061e+01  -3.5000000e+01   2.4709542e+01
   1.2000000e+01   2.0906101e+01  -1.6100000e+02   1.9458130e+01  -4.4060601e+01  -3.5000000e+01   2.3712916e+01
   1.2000000e+01   1.9920309e+01  -1.6100000e+02   2.2315722e+01  -4.6600322e+01  -3.5000000e+01   2.2348854e+01
   1.2000000e+01   1.9175102e+01  -1.6100000e+02   2.4691137e+01  -4.7919185e+01  -3.5000000e+01   2.1268798e+01
   1.2000000e+01   1.9721992e+01  -1.6100000e+02   2.5888511e+01  -4.8094246e+01  -3.5000000e+01   2.0973424e+01
   1.2000000e+01   1.9350647e+01  -1.6100000e+02   2.3175347e+01  -4.7580424e+01  -3.5000000e+01   2.3687450e+01
   1.2000000e+01   2.0992072e+01  -1.6100000e+02   2.2234398e+01  -4.5774048e+01  -3.5000000e+01   2.4897074e+01
   1.2000000e+01   2.0859944e+01  -1.6100000e+02   1.9696837e+01  -4.3467231e+01  -3.5000000e+01   2.6248143e+01
   1.2000000e+01   2.1708160e+01  -1.6100000e+02   1.9015453e+01  -4.1370265e+01  -3.5000000e+01   2.7981080e+01
   1.2000000e+01   2.0486209e+01  -1.6100000e+02   1.6259794e+01  -3.9314092e+01  -3.5000000e+01   2.9880792e+01
   1.2000000e+01   2.1129441e+01  -1.6100000e+02   1.5418680e+01  -3.6658197e+01  -3.5000000e+01   2.8015575e+01
   1.2000000e+01   2.0901677e+01  -1.6100000e+02   1.3649607e+01  -3.4283778e+01  -3.5000000e+01   3.2486720e+01
   1.2000000e+01   1.8451895e+01  -1.6100000e+02   9.9829772e+00  -3.2530808e+01  -3.5000000e+01   3.4780283e+01
   1.2000000e+01   1.5280191e+01  -1.6100000e+02   5.8275809e+00  -3.0382113e+01  -3.5000000e+01   3.6209693e+01
   1.2000000e+01   1.4939231e+01  -1.6100000e+02   5.0552691e+00  -2.8586199e+01  -3.5000000e+01   3.7341436e+01
   1.2000000e+01   1.4727189e+01  -1.6100000e+02   4.3758515e+00  -2.6544293e+01  -3.5000000e+01   3.7333642e+01
   1.2000000e+01   1.7971395e+01  -1.6100000e+02   7.0729882e+00  -2.4297771e+01  -3.5000000e+01   3.6755846e+01
   1.2000000e+01   1.6971174e+01  -1.6100000e+02   6.1364785e+00  -2.2402767e+01  -3.5000000e+01   3.6910315e+01
   1.2000000e+01   2.0197941e+01  -1.6100000e+02   9.4436552e+00  -1.9828569e+01  -3.5000000e+01   3.6455166e+01
   1.2000000e+01   2.4510324e+01  -1.6100000e+02   1.3845084e+01  -1.8116250e+01  -3.5000000e+01   3.5947210e+01
   1.2000000e+01   2.5475942e+01  -1.6100000e+02   1.5384427e+01  -1.6631323e+01  -3.5000000e+01   3.6364856e+01
   1.2000000e+01   2.4076744e+01  -1.6100000e+02   1.4313115e+01  -1.4376473e+01  -3.5000000e+01   3.6253835e+01
   1.2000000e+01   2.2090523e+01  -1.6100000e+02   1.3162289e+01  -1.2895006e+01  -3.5000000e+01   3.5007154e+01
   1.2000000e+01   2.1976413e+01  -1.6100000e+02   1.2949245e+01  -1.1468389e+01  -3.5000000e+01   3.3475656e+01
   1.2000000e+01   2.0052144e+01  -1.6100000e+02   1.1645070e+01  -9.8131996e+00  -3.5000000e+01   3.2940655e+01
   1.2000000e+01   1.9008304e+01  -1.6100000e+02   1.1343926e+01  -7.7063613e+00  -3.5000000e+01   3.0779734e+01
   1.2000000e+01   1.6362859e+01  -1.6100000e+02   9.8017669e+00  -4.7022626e+00  -3.5000000e+01   2.9855192e+01
   1.2000000e+01   1.6551328e+01  -1.6100000e+02   1.0606415e+01  -2.5666466e+00  -3.5000000e+01   2.8288237e+01
   1.2000000e+01   1.5787230e+01  -1.6100000e+02   1.1127469e+01  -1.5128541e-01  -3.5000000e+01   2.5766470e+01
   1.2000000e+01   1.5514241e+01  -1.6100000e+02   1.2737774e+01   2.6246291e+00  -3.5000000e+01   2.3064276e+01
   1.2000000e+01   1.6909917e+01  -1.6100000e+02   1.5654427e+01   4.9067668e+00  -3.5000000e+01   2.0501919e+01
   1.2000000e+01   1.8205038e+01  -1.6100000e+02   1.8426987e+01   7.7361409e+00  -3.5000000e+01   1.7664525e+01
   1.2000000e+01   1.9521025e+01  -1.6100000e+02   2.1097334e+01   1.0115999e+01  -3.5000000e+01   1.4897457e+01
   1.2000000e+01   2.0658616e+01  -1.6100000e+02   2.4122980e+01   1.2567237e+01  -3.5000000e+01   1.2490921e+01
   1.2000000e+01   2.1012288e+01  -1.6100000e+02   2.6666778e+01   1.4999630e+01  -3.5000000e+01   9.4660437e+00
   1.2000000e+01   1.9388200e+01  -1.6100000e+02   2.7245743e+01   1.7433771e+01  -3.5000000e+01   8.6005119e+00
   1.2000000e+01   2.2977301e+01  -1.6100000e+02   2.5486098e+01   1.5243358e+01  -3.5000000e+01   2.5987015e+00
   1.2000000e+01   2.3501450e+01  -1.6100000e+02   2.0230801e+01   1.1098166e+01  -3.5000000e+01   1.4270153e+00
   1.2000000e+01   2.4616669e+01  -1.6100000e+02   1.5523230e+01   3.3121642e+00  -3.5000000e+01  -1.1788613e+00
   1.2000000e+01   2.6336335e+01  -1.6100000e+02   1.3677086e+01  -5.2271190e+00  -3.5000000e+01  -6.6541682e-01
   1.2000000e+01   2.4058069e+01  -1.6100000e+02   1.0474023e+01  -1.2376027e+01  -3.5000000e+01   1.7318085e+00
   1.2000000e+01   2.1255161e+01  -1.6100000e+02   1.0671502e+01  -2.0683551e+01  -3.5000000e+01   5.9106664e+00
   1.2000000e+01   2.0879803e+01  -1.6100000e+02   1.5161584e+01  -2.9732227e+01  -3.5000000e+01   5.2581371e+00
   1.2000000e+01   2.1139364e+01  -1.6100000e+02   2.0975161e+01  -3.7338041e+01  -3.5000000e+01   5.2804505e+00
   1.2000000e+01   2.1451454e+01  -1.6100000e+02   2.6464608e+01  -4.3843093e+01  -3.5000000e+01   6.1929557e+00
   1.2000000e+01   2.0174667e+01  -1.6100000e+02   3.0764001e+01  -4.9489053e+01  -3.5000000e+01   8.0827171e+00
   1.2000000e+01   1.7785088e+01  -1.6100000e+02   3.3067987e+01  -5.3467257e+01  -3.5000000e+01   1.1294418e+01
   1.2000000e+01   1.6556860e+01  -1.6100000e+02   3.2425719e+01  -5.4710573e+01  -3.5000000e+01   1.3879746e+01
   1.2000000e+01   1.7722815e+01  -1.6100000e+02   3.0074719e+01  -5.2106885e+01  -3.5000000e+01   1.4224997e+01
   1.2000000e+01   2.0075134e+01  -1.6100000e+02   2.9203631e+01  -4.8953478e+01  -3.5000000e+01   1.5293197e+01
   1.2000000e+01   2.3833555e+01  -1.6100000e+02   2.9783014e+01  -4.4976490e+01  -3.5000000e+01   1.7200325e+01
   1.2000000e+01   2.2549885e+01  -1.6100000e+02   2.4499559e+01  -4.1272981e+01  -3.5000000e+01   1.9123507e+01
   1.2000000e+01   2.0990717e+01  -1.6100000e+02   2.0828885e+01  -3.8409604e+01  -3.5000000e+01   2.2472559e+01
   1.2000000e+01   2.0454488e+01  -1.6100000e+02   1.9121519e+01  -3.4843714e+01  -3.5000000e+01   2.4784919e+01
   1.2000000e+01   2.1926386e+01  -1.6100000e+02   1.9779622e+01  -3.1864423e+01  -3.5000000e+01   2.6281252e+01
   1.2000000e+01   2.2785660e+01  -1.6100000e+02   2.0358587e+01  -2.9592956e+01  -3.5000000e+01   2.6911549e+01
   1.2000000e+01   2.5752817e+01  -1.6100000e+02   2.3029577e+01  -2.7680324e+01  -3.5000000e+01   2.6475359e+01
   1.2000000e+01   2.8775028e+01  -1.6100000e+02   2.5654369e+01  -2.5809476e+01  -3.5000000e+01   2.5576524e+01
   1.2000000e+01   2.9222344e+01  -1.6100000e+02   2.6111161e+01  -2.4239643e+01  -3.5000000e+01   2.5846531e+01
   1.2000000e+01   2.9659678e+01  -1.6100000e+02   2.6823164e+01  -2.1972700e+01  -3.5000000e+01   2.4276611e+01
   1.2000000e+01   3.1125372e+01  -1.6100000e+02   2.8524018e+01  -2.0245957e+01  -3.5000000e+01   2.4020409e+01
   1.2000000e+01   3.0666410e+01  -1.6100000e+02   2.8289922e+01  -1.8456805e+01  -3.5000000e+01   2.2921516e+01
   1.2000000e+01   3.0246067e+01  -1.6100000e+02   2.7813458e+01  -1.6723956e+01  -3.5000000e+01   2.2749761e+01
   1.2000000e+01   2.3661259e+01  -1.6100000e+02   2.1627828e+01  -1.4978864e+01  -3.5000000e+01   2.1050475e+01
