   2.0969109e+01   2.2618346e+01  -1.5582569e+02   1.3887657e+01  -1.1997178e+01  -3.2371613e+01   2.6851944e+01
   1.9929174e+01   8.6183959e+00  -1.6100000e+02   7.8405858e+00  -2.7454706e+00  -3.5827895e+01   2.3257076e+01
   1.8889239e+01  -5.3815543e+00  -1.6617431e+02   1.7935150e+00   6.5062366e+00  -3.9284176e+01   1.9662209e+01
   1.7849304e+01  -1.9381505e+01  -1.7134861e+02  -4.2535557e+00   1.5757944e+01  -4.2740458e+01   1.6067341e+01
   1.6766767e+01  -2.2000000e+01  -1.6100000e+02  -1.0836299e+01   2.5284286e+01  -4.6680617e+01   1.2369135e+01
   1.3500003e+01  -2.2000000e+01  -1.6100000e+02  -1.4059584e+01   1.5422312e+01  -4.7168673e+01   7.6126523e+00
   1.0307025e+01  -2.2000000e+01  -1.6100000e+02  -1.7820639e+01   6.5942130e+00  -4.8241391e+01   6.4132140e+00
   8.5011653e+00  -2.2000000e+01  -1.6100000e+02  -2.0138264e+01  -2.0978597e+00  -4.8559833e+01   5.4300661e+00
   7.6633630e+00  -2.2000000e+01  -1.6100000e+02  -2.0941402e+01  -1.0854970e+01  -4.7773832e+01   6.4983252e+00
   7.1054248e+00  -2.2000000e+01  -1.6100000e+02  -2.1200830e+01  -1.9561610e+01  -4.6228077e+01   8.2713369e+00
   6.2488546e+00  -2.2000000e+01  -1.6100000e+02  -2.0749723e+01  -2.8032246e+01  -4.4097836e+01   9.2216470e+00
   6.1207772e+00  -2.2000000e+01  -1.6100000e+02  -1.9548808e+01  -3.5356249e+01  -4.1390572e+01   9.3900825e+00
   7.1710434e+00  -2.2000000e+01  -1.6100000e+02  -1.7418646e+01  -4.0582898e+01  -3.7535794e+01   7.8669677e+00
   7.4435799e+00  -2.2000000e+01  -1.6100000e+02  -1.6314981e+01  -4.3081902e+01  -3.4150192e+01   9.7309685e+00
   6.5898406e+00  -2.2000000e+01  -1.6100000e+02  -1.8090979e+01  -4.1466918e+01  -3.3243042e+01   1.2496675e+01
   5.5334002e+00  -2.2000000e+01  -1.6100000e+02  -2.0916275e+01  -3.8260032e+01  -3.3565384e+01   1.6815825e+01
   4.5225874e+00  -2.2000000e+01  -1.6100000e+02  -2.3063096e+01  -3.4674535e+01  -3.4289816e+01   1.9890267e+01
   3.0247683e+00  -2.2000000e+01  -1.6100000e+02  -2.4038349e+01  -3.1174730e+01  -3.4541260e+01   2.1260906e+01
   2.2130471e+00  -2.2000000e+01  -1.6100000e+02  -2.4588332e+01  -2.8098042e+01  -3.5129786e+01   2.3983115e+01
   2.1244907e+00  -2.2000000e+01  -1.6100000e+02  -2.5026454e+01  -2.5088972e+01  -3.5823401e+01   2.6221795e+01
   2.0901096e+00  -2.2000000e+01  -1.6100000e+02  -2.5644870e+01  -2.2196512e+01  -3.6402343e+01   2.8217216e+01
   1.9667429e+00  -2.2000000e+01  -1.6100000e+02  -2.6315141e+01  -1.9271436e+01  -3.6948581e+01   2.8721290e+01
   1.6633701e+00  -2.2000000e+01  -1.6100000e+02  -2.6466676e+01  -1.6359116e+01  -3.7022650e+01   2.9013422e+01
   1.3168321e+00  -2.2000000e+01  -1.6100000e+02  -2.6507621e+01  -1.3490559e+01  -3.6997414e+01   2.9296118e+01
   1.0713178e+00  -2.2000000e+01  -1.6100000e+02  -2.6428518e+01  -1.0934888e+01  -3.7061427e+01   2.9078407e+01
   1.5291399e+00  -2.2000000e+01  -1.6100000e+02  -2.6150241e+01  -7.9739097e+00  -3.7200050e+01   2.9238815e+01
   1.8968754e+00  -2.2000000e+01  -1.6100000e+02  -2.5690011e+01  -5.5978257e+00  -3.7116567e+01   2.7620776e+01
   1.8999159e+00  -2.2000000e+01  -1.6100000e+02  -2.5226078e+01  -3.2024656e+00  -3.6838414e+01   2.6449783e+01
   1.5793435e+00  -2.2000000e+01  -1.6100000e+02  -2.4506010e+01  -1.2914601e-01  -3.6243371e+01   2.4715205e+01
   2.9699010e+00  -2.2000000e+01  -1.6100000e+02  -2.3383695e+01   3.0472065e+00  -3.5782503e+01   2.3393249e+01
   4.6919226e+00  -2.2000000e+01  -1.6100000e+02  -2.1823442e+01   6.1628762e+00  -3.4893606e+01   2.0664429e+01
   4.8067777e+00  -2.2000000e+01  -1.6100000e+02  -2.0480666e+01   8.9254208e+00  -3.3696112e+01   1.6755465e+01
   4.1862733e+00  -2.2000000e+01  -1.6100000e+02  -1.9868560e+01   1.1313980e+01  -3.2070499e+01   1.3830419e+01
   3.2379166e+00  -2.2000000e+01  -1.6100000e+02  -1.9454432e+01   1.3746774e+01  -3.0410962e+01   1.0431688e+01
   2.5737112e+00  -2.2000000e+01  -1.6100000e+02  -1.8715435e+01   1.6008089e+01  -2.8436775e+01   7.5650392e+00
   3.0641004e+00  -2.2000000e+01  -1.6100000e+02  -1.7786783e+01   1.8169533e+01  -2.6510291e+01   4.1690389e+00
   3.5931367e+00  -2.2000000e+01  -1.6100000e+02  -1.7561561e+01   1.9499478e+01  -2.5311831e+01   5.5884874e-01
   4.1143648e+00  -2.2000000e+01  -1.6100000e+02  -1.8578184e+01   2.0197484e+01  -2.5563063e+01  -2.6139151e+00
   4.2383814e+00  -2.2000000e+01  -1.6100000e+02  -2.2684781e+01   1.8453414e+01  -2.8797620e+01  -6.5157338e+00
   4.8789429e+00  -2.2000000e+01  -1.6100000e+02  -2.5350106e+01   1.3833756e+01  -3.1442917e+01  -7.9308550e+00
   6.4094028e+00  -2.2000000e+01  -1.6100000e+02  -2.7239669e+01   6.3919419e+00  -3.3479938e+01  -6.7548139e+00
   8.4606230e+00  -2.2000000e+01  -1.6100000e+02  -2.7266794e+01  -2.1103075e+00  -3.5773316e+01  -9.5730268e-01
   8.9636693e+00  -2.2000000e+01  -1.6100000e+02  -2.7391637e+01  -1.1153463e+01  -3.7993589e+01   4.3299037e+00
   8.6315524e+00  -2.2000000e+01  -1.6100000e+02  -2.6747539e+01  -2.0452414e+01  -3.8273668e+01   6.5759346e+00
   8.6253104e+00  -2.2000000e+01  -1.6100000e+02  -2.4958054e+01  -2.9725347e+01  -3.7021142e+01   6.4999970e+00
   9.3991793e+00  -2.2000000e+01  -1.6100000e+02  -2.2367085e+01  -3.8945032e+01  -3.4469045e+01   6.0323928e+00
   1.0902726e+01  -2.2000000e+01  -1.6100000e+02  -1.9779317e+01  -4.7801488e+01  -3.1635942e+01   8.3004792e+00
   1.4118579e+01  -2.2000000e+01  -1.6100000e+02  -1.8593885e+01  -5.4923049e+01  -2.9593203e+01   9.2153164e+00
   1.5083437e+01  -2.2000000e+01  -1.6100000e+02  -1.8722719e+01  -5.7258331e+01  -2.8415058e+01   9.7231509e+00
   1.3559179e+01  -2.2000000e+01  -1.6100000e+02  -1.9958815e+01  -5.5968102e+01  -2.7854650e+01   1.0999447e+01
   1.0983972e+01  -2.2000000e+01  -1.6100000e+02  -2.1222807e+01  -5.2726641e+01  -2.7762592e+01   1.1287449e+01
   8.3595200e+00  -2.2000000e+01  -1.6100000e+02  -2.2836370e+01  -4.8987111e+01  -2.8400996e+01   1.2776464e+01
   6.5091414e+00  -2.2000000e+01  -1.6100000e+02  -2.5074356e+01  -4.4832617e+01  -2.9759500e+01   1.7100541e+01
   4.5840662e+00  -2.2000000e+01  -1.6100000e+02  -2.6499551e+01  -4.1235168e+01  -3.0794765e+01   1.9169620e+01
   3.3807583e+00  -2.2000000e+01  -1.6100000e+02  -2.6980925e+01  -3.8154309e+01  -3.1656595e+01   2.4450478e+01
   2.3146059e+00  -2.2000000e+01  -1.6100000e+02  -2.7511749e+01  -3.4572499e+01  -3.3293808e+01   2.8408188e+01
   1.5111134e+00  -2.2000000e+01  -1.6100000e+02  -2.7754119e+01  -3.0852751e+01  -3.4865187e+01   2.9536166e+01
   9.7083083e-01  -2.2000000e+01  -1.6100000e+02  -2.7343350e+01  -2.7733022e+01  -3.5925036e+01   3.1646145e+01
   8.9437226e-01  -2.2000000e+01  -1.6100000e+02  -2.6971567e+01  -2.5345344e+01  -3.6848776e+01   3.2899769e+01
   1.0930683e+00  -2.2000000e+01  -1.6100000e+02  -2.7155436e+01  -2.3494423e+01  -3.7124142e+01   3.2598281e+01
   9.1341432e-01  -2.2000000e+01  -1.6100000e+02  -2.7060494e+01  -2.1009523e+01  -3.7166223e+01   3.0146583e+01
   7.8830155e-01  -2.2000000e+01  -1.6100000e+02  -2.7091933e+01  -1.8498864e+01  -3.7386047e+01   2.9443490e+01
  -3.7719386e-02  -2.2000000e+01  -1.6100000e+02  -2.7025413e+01  -1.6153835e+01  -3.7659213e+01   3.0454049e+01
   2.6454510e-01  -2.2000000e+01  -1.6100000e+02  -2.6425068e+01  -1.3866111e+01  -3.7688850e+01   2.9701168e+01
   1.5798763e+00  -2.2000000e+01  -1.6100000e+02  -2.5701202e+01  -1.1427532e+01  -3.7702894e+01   2.9678493e+01
   2.4964097e+00  -2.2000000e+01  -1.6100000e+02  -2.4731420e+01  -9.0779939e+00  -3.7779613e+01   2.8115474e+01
   3.1353165e+00  -2.2000000e+01  -1.6100000e+02  -2.4421558e+01  -6.9691140e+00  -3.8285896e+01   2.7514340e+01
   3.3843536e+00  -2.2000000e+01  -1.6100000e+02  -2.3886473e+01  -3.7613253e+00  -3.8266528e+01   2.7706441e+01
   3.5574508e+00  -2.2000000e+01  -1.6100000e+02  -2.3177264e+01  -1.2781543e+00  -3.7900059e+01   2.6209058e+01
   3.7949697e+00  -2.2000000e+01  -1.6100000e+02  -2.3473156e+01   1.1254319e+00  -3.7494864e+01   2.3725688e+01
   3.2563980e+00  -2.2000000e+01  -1.6100000e+02  -2.2948525e+01   3.5836993e+00  -3.6216279e+01   2.1493225e+01
   3.7304757e+00  -2.2000000e+01  -1.6100000e+02  -2.2260979e+01   5.7924836e+00  -3.4643766e+01   1.8674581e+01
   3.8242805e+00  -2.2000000e+01  -1.6100000e+02  -2.1634376e+01   7.8687594e+00  -3.3182405e+01   1.5829393e+01
   3.6050484e+00  -2.2000000e+01  -1.6100000e+02  -2.1326372e+01   1.0034910e+01  -3.1871416e+01   1.4163771e+01
   3.3933648e+00  -2.2000000e+01  -1.6100000e+02  -2.1161566e+01   1.2191138e+01  -3.0693258e+01   1.2434519e+01
   2.7631808e+00  -2.2000000e+01  -1.6100000e+02  -2.1242276e+01   1.4191983e+01  -2.9840243e+01   1.1838737e+01
   2.0842458e+00  -2.2000000e+01  -1.6100000e+02  -2.1257848e+01   1.6202977e+01  -2.9045005e+01   1.0203806e+01
   1.8626459e+00  -2.2000000e+01  -1.6100000e+02  -2.1633671e+01   1.6811731e+01  -2.8811885e+01   7.9552123e+00
   2.1640747e+00  -2.2000000e+01  -1.6100000e+02  -2.3249047e+01   1.3796717e+01  -2.9968016e+01   5.7492605e+00
   2.4811276e+00  -2.2000000e+01  -1.6100000e+02  -2.5331519e+01   8.2692508e+00  -3.1957291e+01   2.0396830e+00
   3.5040337e+00  -2.2000000e+01  -1.6100000e+02  -2.6869979e+01   1.0858380e+00  -3.3540293e+01  -1.3494367e+00
   4.7611434e+00  -2.2000000e+01  -1.6100000e+02  -2.7351692e+01  -6.9441166e+00  -3.5681404e+01  -7.9607105e-01
   5.8770064e+00  -2.2000000e+01  -1.6100000e+02  -2.8065786e+01  -1.4895016e+01  -3.7239275e+01  -6.7282613e-01
   6.2081487e+00  -2.2000000e+01  -1.6100000e+02  -2.7580903e+01  -2.3229172e+01  -3.7652964e+01  -1.7564647e+00
   8.1522616e+00  -2.2000000e+01  -1.6100000e+02  -2.4943494e+01  -3.2827276e+01  -3.5843686e+01  -3.3283065e+00
   1.2188593e+01  -2.2000000e+01  -1.6100000e+02  -2.1753608e+01  -4.2968793e+01  -3.2864621e+01  -3.1968817e+00
   1.7702267e+01  -2.2000000e+01  -1.6100000e+02  -1.9136888e+01  -5.2329125e+01  -2.9928859e+01  -2.1553166e+00
   1.9983697e+01  -2.2000000e+01  -1.6100000e+02  -1.7105231e+01  -5.7477832e+01  -2.7323566e+01   5.9835490e-01
   1.8332446e+01  -2.2000000e+01  -1.6100000e+02  -1.7586287e+01  -5.7149434e+01  -2.6778944e+01   3.2536974e+00
   1.5696780e+01  -2.2000000e+01  -1.6100000e+02  -1.8596026e+01  -5.3959762e+01  -2.6687378e+01   6.3780966e+00
   1.3062725e+01  -2.2000000e+01  -1.6100000e+02  -2.0410873e+01  -4.9723966e+01  -2.7191203e+01   7.8042827e+00
   1.0301124e+01  -2.2000000e+01  -1.6100000e+02  -2.1572954e+01  -4.5075633e+01  -2.7283769e+01   7.7386894e+00
   8.3568015e+00  -2.2000000e+01  -1.6100000e+02  -2.2694494e+01  -4.1826675e+01  -2.7101002e+01   7.3793210e+00
   6.8602936e+00  -2.2000000e+01  -1.6100000e+02  -2.4275822e+01  -3.7618759e+01  -2.7674546e+01   1.0789388e+01
   5.3036528e+00  -2.2000000e+01  -1.6100000e+02  -2.5465008e+01  -3.3574260e+01  -2.9057988e+01   1.4184122e+01
   3.9624499e+00  -2.2000000e+01  -1.6100000e+02  -2.6088409e+01  -3.0403260e+01  -3.0156253e+01   1.7640249e+01
   3.4957901e+00  -2.2000000e+01  -1.6100000e+02  -2.5870131e+01  -2.7199589e+01  -3.1336712e+01   1.9675293e+01
   2.8833865e+00  -2.2000000e+01  -1.6100000e+02  -2.6065467e+01  -2.4233534e+01  -3.2570863e+01   2.1925573e+01
   2.1572260e+00  -2.2000000e+01  -1.6100000e+02  -2.6400256e+01  -2.1054178e+01  -3.3868106e+01   2.2645333e+01
   1.8895609e+00  -2.2000000e+01  -1.6100000e+02  -2.6210432e+01  -1.8494466e+01  -3.4571261e+01   2.4200910e+01
   1.5974221e+00  -2.2000000e+01  -1.6100000e+02  -2.5959539e+01  -1.5193329e+01  -3.5209962e+01   2.4412131e+01
   1.6497987e+00  -2.2000000e+01  -1.6100000e+02  -2.5356655e+01  -1.2521603e+01  -3.5554644e+01   2.4176024e+01
   1.9778147e+00  -2.2000000e+01  -1.6100000e+02  -2.4547051e+01  -1.0158386e+01  -3.5776162e+01   2.3757327e+01
   3.1960760e+00  -2.2000000e+01  -1.6100000e+02  -2.3618624e+01  -6.9308023e+00  -3.6113838e+01   2.4957816e+01
   4.4762368e+00  -2.2000000e+01  -1.6100000e+02  -2.3383640e+01  -4.2823874e+00  -3.7148611e+01   2.2487164e+01
   4.6768982e+00  -2.2000000e+01  -1.6100000e+02  -2.2433230e+01  -1.6759709e+00  -3.6938324e+01   2.1307647e+01
   4.2406982e+00  -2.2000000e+01  -1.6100000e+02  -2.1780279e+01   5.4778065e-01  -3.6437464e+01   2.0566105e+01
   3.8039941e+00  -2.2000000e+01  -1.6100000e+02  -2.1324054e+01   2.3828836e+00  -3.5877944e+01   1.8508394e+01
   3.5254704e+00  -2.2000000e+01  -1.6100000e+02  -2.0973270e+01   4.6998058e+00  -3.5085875e+01   1.5614244e+01
   4.4124062e+00  -2.2000000e+01  -1.6100000e+02  -2.0356469e+01   6.4380558e+00  -3.3557409e+01   1.3349844e+01
   3.7167236e+00  -2.2000000e+01  -1.6100000e+02  -2.0533115e+01   7.9505292e+00  -3.2672482e+01   1.1775059e+01
   2.7761800e+00  -2.2000000e+01  -1.6100000e+02  -2.1049948e+01   9.6546616e+00  -3.2196834e+01   9.2672447e+00
   2.5580784e+00  -2.2000000e+01  -1.6100000e+02  -2.2080718e+01   9.3988553e+00  -3.2251326e+01   6.4748291e+00
   2.8486000e+00  -2.2000000e+01  -1.6100000e+02  -2.4234503e+01   5.2036734e+00  -3.4019585e+01   2.6914046e+00
   2.5231926e+00  -2.2000000e+01  -1.6100000e+02  -2.6538337e+01   1.2414518e-01  -3.6497881e+01   8.6405056e-01
   3.8948183e+00  -2.2000000e+01  -1.6100000e+02  -2.7001851e+01  -6.8246161e+00  -3.9105249e+01   5.1577961e+00
   4.5080494e+00  -2.2000000e+01  -1.6100000e+02  -2.7404443e+01  -1.4523060e+01  -4.0802404e+01   9.8446206e+00
   4.5893014e+00  -2.2000000e+01  -1.6100000e+02  -2.6361833e+01  -2.2227045e+01  -4.0104905e+01   1.1857652e+01
   4.7028487e+00  -2.2000000e+01  -1.6100000e+02  -2.4790077e+01  -2.9642248e+01  -3.8996494e+01   1.1990343e+01
   5.0405004e+00  -2.2000000e+01  -1.6100000e+02  -2.2306550e+01  -3.6376149e+01  -3.6860665e+01   1.2192160e+01
   6.6576997e+00  -2.2000000e+01  -1.6100000e+02  -2.0228950e+01  -4.3222445e+01  -3.4187065e+01   1.1250158e+01
   8.0635619e+00  -2.2000000e+01  -1.6100000e+02  -1.8094590e+01  -4.7875334e+01  -3.1131596e+01   1.0035034e+01
   7.8211188e+00  -2.2000000e+01  -1.6100000e+02  -1.8778322e+01  -4.8338736e+01  -3.0299507e+01   1.0207858e+01
   7.2526799e+00  -2.2000000e+01  -1.6100000e+02  -2.0512480e+01  -4.6312471e+01  -3.0256467e+01   1.0982174e+01
   6.3273489e+00  -2.2000000e+01  -1.6100000e+02  -2.2643372e+01  -4.2804063e+01  -3.0930573e+01   1.3210098e+01
   5.4715184e+00  -2.2000000e+01  -1.6100000e+02  -2.3860468e+01  -3.9930316e+01  -3.1690496e+01   1.6337620e+01
   4.6172396e+00  -2.2000000e+01  -1.6100000e+02  -2.4853888e+01  -3.7052555e+01  -3.2546147e+01   1.8119794e+01
   3.9361362e+00  -2.2000000e+01  -1.6100000e+02  -2.5464373e+01  -3.3535330e+01  -3.3081946e+01   2.0560671e+01
   2.3325844e+00  -2.2000000e+01  -1.6100000e+02  -2.5734674e+01  -2.9759985e+01  -3.3727782e+01   1.9796707e+01
   1.9155513e+00  -2.2000000e+01  -1.6100000e+02  -2.6093417e+01  -2.6840502e+01  -3.4621057e+01   2.4922416e+01
   1.4397803e+00  -2.2000000e+01  -1.6100000e+02  -2.6732627e+01  -2.4015646e+01  -3.5813717e+01   2.8272801e+01
   1.6444236e+00  -2.2000000e+01  -1.6100000e+02  -2.6978412e+01  -2.1659472e+01  -3.6565491e+01   2.7945374e+01
   1.7838944e+00  -2.2000000e+01  -1.6100000e+02  -2.6683253e+01  -1.8855610e+01  -3.6719436e+01   2.8832658e+01
   1.4361206e+00  -2.2000000e+01  -1.6100000e+02  -2.6518472e+01  -1.6179996e+01  -3.7000743e+01   2.8408861e+01
   9.7664688e-01  -2.2000000e+01  -1.6100000e+02  -2.6523711e+01  -1.3533585e+01  -3.7479529e+01   2.9561044e+01
   8.2887597e-01  -2.2000000e+01  -1.6100000e+02  -2.6209509e+01  -1.0981285e+01  -3.7902591e+01   2.8916608e+01
   1.4859240e+00  -2.2000000e+01  -1.6100000e+02  -2.5240670e+01  -8.8912987e+00  -3.7985770e+01   2.8299903e+01
   2.5413678e+00  -2.2000000e+01  -1.6100000e+02  -2.4512343e+01  -6.7201453e+00  -3.8170814e+01   2.7970547e+01
   3.2081266e+00  -2.2000000e+01  -1.6100000e+02  -2.3782127e+01  -4.0325303e+00  -3.8310311e+01   2.8428424e+01
   4.4646981e+00  -2.2000000e+01  -1.6100000e+02  -2.2652525e+01  -2.0168660e+00  -3.8629439e+01   2.5963514e+01
   6.6214182e+00  -2.2000000e+01  -1.6100000e+02  -2.1636618e+01   6.6969574e-01  -3.8865669e+01   2.3427133e+01
   7.6997909e+00  -2.2000000e+01  -1.6100000e+02  -2.0945533e+01   3.2915022e+00  -3.8369863e+01   2.2639777e+01
   7.7089382e+00  -2.2000000e+01  -1.6100000e+02  -2.0568725e+01   6.1799850e+00  -3.7320859e+01   2.0687957e+01
   6.5611498e+00  -2.2000000e+01  -1.6100000e+02  -2.0520131e+01   8.1346030e+00  -3.6259656e+01   1.7752756e+01
   5.8408005e+00  -2.2000000e+01  -1.6100000e+02  -2.0161768e+01   9.7997365e+00  -3.5043337e+01   1.6024391e+01
   5.1878992e+00  -2.2000000e+01  -1.6100000e+02  -1.9645597e+01   1.1513718e+01  -3.3728046e+01   1.3226375e+01
   4.3938533e+00  -2.2000000e+01  -1.6100000e+02  -1.9393027e+01   1.3460151e+01  -3.2604684e+01   1.1384244e+01
   4.7624820e+00  -2.2000000e+01  -1.6100000e+02  -1.9152661e+01   1.5427899e+01  -3.2010722e+01   9.0192702e+00
   4.1157295e+00  -2.2000000e+01  -1.6100000e+02  -2.0560380e+01   1.5969258e+01  -3.2484399e+01   6.7959465e+00
   4.4905706e+00  -2.2000000e+01  -1.6100000e+02  -2.2537565e+01   1.2721583e+01  -3.4591012e+01   3.1344384e+00
   4.9469272e+00  -2.2000000e+01  -1.6100000e+02  -2.3590476e+01   7.8083924e+00  -3.6038551e+01   2.1317649e+00
   5.0784023e+00  -2.2000000e+01  -1.6100000e+02  -2.4629974e+01   1.5556642e+00  -3.7709732e+01   4.6056479e-01
   6.0547944e+00  -2.2000000e+01  -1.6100000e+02  -2.4795482e+01  -6.2537856e+00  -3.9049041e+01   2.6257687e+00
   6.3876417e+00  -2.2000000e+01  -1.6100000e+02  -2.4606390e+01  -1.3722839e+01  -4.0235641e+01   2.8983235e+00
   6.1919927e+00  -2.2000000e+01  -1.6100000e+02  -2.4396711e+01  -2.1517796e+01  -4.0774496e+01   2.5589588e+00
   6.2969361e+00  -2.2000000e+01  -1.6100000e+02  -2.2767608e+01  -3.0386206e+01  -3.8785064e+01   2.9555075e-01
   8.4758276e+00  -2.2000000e+01  -1.6100000e+02  -1.9793019e+01  -3.9727419e+01  -3.5471333e+01   3.4167949e-01
   9.8306585e+00  -2.2000000e+01  -1.6100000e+02  -1.7704928e+01  -4.7747036e+01  -3.2581625e+01   9.2956517e-01
   1.2343429e+01  -2.2000000e+01  -1.6100000e+02  -1.5851999e+01  -5.3868431e+01  -2.9736798e+01   5.0154232e+00
   1.1709148e+01  -2.2000000e+01  -1.6100000e+02  -1.6704286e+01  -5.3685654e+01  -2.8953285e+01   6.8834096e+00
   9.8455263e+00  -2.2000000e+01  -1.6100000e+02  -1.8502032e+01  -5.0879574e+01  -2.9093153e+01   8.0342742e+00
   8.3333374e+00  -2.2000000e+01  -1.6100000e+02  -2.0134796e+01  -4.7553412e+01  -2.9171783e+01   1.0115152e+01
   6.3041058e+00  -2.2000000e+01  -1.6100000e+02  -2.2534468e+01  -4.3120806e+01  -3.0277664e+01   1.2129293e+01
   4.2941543e+00  -2.2000000e+01  -1.6100000e+02  -2.4335348e+01  -3.9212505e+01  -3.1380721e+01   1.5929642e+01
   3.2195465e+00  -2.2000000e+01  -1.6100000e+02  -2.5253320e+01  -3.5322975e+01  -3.2329678e+01   2.0212322e+01
   2.2387989e+00  -2.2000000e+01  -1.6100000e+02  -2.5930203e+01  -3.1570867e+01  -3.3880780e+01   2.3560856e+01
   1.7805263e+00  -2.2000000e+01  -1.6100000e+02  -2.5705853e+01  -2.8610788e+01  -3.5135847e+01   2.6669381e+01
   2.0114871e+00  -2.2000000e+01  -1.6100000e+02  -2.5843311e+01  -2.5120238e+01  -3.6780872e+01   2.9167563e+01
   2.1285321e+00  -2.2000000e+01  -1.6100000e+02  -2.5880780e+01  -2.2177083e+01  -3.8290409e+01   3.0253672e+01
   2.0289597e+00  -2.2000000e+01  -1.6100000e+02  -2.5249671e+01  -1.9482034e+01  -3.9085912e+01   3.1177295e+01
   1.4142943e+00  -2.2000000e+01  -1.6100000e+02  -2.5119262e+01  -1.6355690e+01  -4.0036911e+01   3.1239538e+01
   1.3822204e+00  -2.2000000e+01  -1.6100000e+02  -2.4961024e+01  -1.3764745e+01  -4.0623489e+01   3.2121909e+01
   1.7243842e+00  -2.2000000e+01  -1.6100000e+02  -2.4362772e+01  -1.1289766e+01  -4.0872529e+01   3.1455019e+01
   2.1979611e+00  -2.2000000e+01  -1.6100000e+02  -2.3985785e+01  -9.0238054e+00  -4.1167038e+01   3.1180029e+01
   2.8042271e+00  -2.2000000e+01  -1.6100000e+02  -2.3238673e+01  -7.1123604e+00  -4.1225039e+01   3.0244977e+01
   3.6230514e+00  -2.2000000e+01  -1.6100000e+02  -2.2431741e+01  -4.7821202e+00  -4.1000464e+01   3.0828461e+01
   4.3010487e+00  -2.2000000e+01  -1.6100000e+02  -2.2439503e+01  -2.7496989e+00  -4.0985354e+01   2.8932754e+01
   4.4733752e+00  -2.2000000e+01  -1.6100000e+02  -2.2254540e+01  -6.3671640e-01  -4.0645713e+01   2.7519972e+01
   4.6189983e+00  -2.2000000e+01  -1.6100000e+02  -2.1779017e+01   1.5018689e+00  -4.0039193e+01   2.6218811e+01
   4.7825111e+00  -2.2000000e+01  -1.6100000e+02  -2.1619912e+01   4.0128282e+00  -3.9404689e+01   2.4524883e+01
   4.5236680e+00  -2.2000000e+01  -1.6100000e+02  -2.1506403e+01   6.4988092e+00  -3.8469182e+01   2.4098568e+01
   3.5261517e+00  -2.2000000e+01  -1.6100000e+02  -2.1881058e+01   8.5845581e+00  -3.7680628e+01   2.1724603e+01
   2.9288031e+00  -2.2000000e+01  -1.6100000e+02  -2.2187204e+01   1.0087000e+01  -3.6703248e+01   1.9703655e+01
   2.1873242e+00  -2.2000000e+01  -1.6100000e+02  -2.2371602e+01   1.2268645e+01  -3.5509127e+01   1.8533837e+01
   2.1052219e+00  -2.2000000e+01  -1.6100000e+02  -2.2507956e+01   1.4638308e+01  -3.4581519e+01   1.6421002e+01
   2.7247864e+00  -2.2000000e+01  -1.6100000e+02  -2.3173328e+01   1.4916027e+01  -3.4349993e+01   1.3877356e+01
   3.2464139e+00  -2.2000000e+01  -1.6100000e+02  -2.4784206e+01   1.1399671e+01  -3.5437152e+01   1.0863995e+01
   4.5412669e+00  -2.2000000e+01  -1.6100000e+02  -2.5504462e+01   5.7186816e+00  -3.6516610e+01   6.7525533e+00
   5.3473177e+00  -2.2000000e+01  -1.6100000e+02  -2.5834529e+01  -1.4194660e+00  -3.7680023e+01   4.0881792e+00
   6.9435911e+00  -2.2000000e+01  -1.6100000e+02  -2.5348406e+01  -9.2542866e+00  -3.8279131e+01   3.7448401e+00
   7.4196757e+00  -2.2000000e+01  -1.6100000e+02  -2.4724469e+01  -1.7413211e+01  -3.8646487e+01   2.3210533e+00
   7.0572549e+00  -2.2000000e+01  -1.6100000e+02  -2.3615963e+01  -2.5294523e+01  -3.7957684e+01   1.4408784e+00
   7.2059636e+00  -2.2000000e+01  -1.6100000e+02  -2.2040166e+01  -3.2135749e+01  -3.6070806e+01   1.7172643e+00
   7.6792791e+00  -2.2000000e+01  -1.6100000e+02  -2.0520554e+01  -3.8045342e+01  -3.4118448e+01   1.2169594e+00
   7.7937920e+00  -2.2000000e+01  -1.6100000e+02  -1.9391080e+01  -4.3165634e+01  -3.2138022e+01   1.5201366e+00
   7.4861762e+00  -2.2000000e+01  -1.6100000e+02  -1.7915914e+01  -4.6586752e+01  -2.9802267e+01   1.8256103e+00
   8.1977230e+00  -2.2000000e+01  -1.6100000e+02  -1.7199007e+01  -4.7958049e+01  -2.8052340e+01   4.4441589e+00
   7.7832074e+00  -2.2000000e+01  -1.6100000e+02  -1.8350392e+01  -4.6574763e+01  -2.7913578e+01   5.7774806e+00
   7.0329094e+00  -2.2000000e+01  -1.6100000e+02  -1.9501963e+01  -4.4255165e+01  -2.7893052e+01   6.4518254e+00
   6.3357584e+00  -2.2000000e+01  -1.6100000e+02  -2.0554763e+01  -4.1886767e+01  -2.7817894e+01   7.2024706e+00
   5.9514502e+00  -2.2000000e+01  -1.6100000e+02  -2.1880303e+01  -3.8801612e+01  -2.8332748e+01   9.1097918e+00
   5.3387677e+00  -2.2000000e+01  -1.6100000e+02  -2.3301659e+01  -3.5033008e+01  -2.9148319e+01   9.9369300e+00
   4.9226198e+00  -2.2000000e+01  -1.6100000e+02  -2.4182660e+01  -3.1719867e+01  -2.9669940e+01   1.1437956e+01
   4.7618758e+00  -2.2000000e+01  -1.6100000e+02  -2.4588607e+01  -2.8677289e+01  -3.0566367e+01   1.4252274e+01
   3.7914540e+00  -2.2000000e+01  -1.6100000e+02  -2.4650698e+01  -2.5797136e+01  -3.1470020e+01   1.6584266e+01
   3.1156368e+00  -2.2000000e+01  -1.6100000e+02  -2.4768028e+01  -2.3287975e+01  -3.2388486e+01   1.8759287e+01
   2.9474998e+00  -2.2000000e+01  -1.6100000e+02  -2.4918233e+01  -2.1073076e+01  -3.3062111e+01   1.9041384e+01
   2.6825742e+00  -2.2000000e+01  -1.6100000e+02  -2.5228256e+01  -1.8896675e+01  -3.3745143e+01   2.0563709e+01
   2.3765452e+00  -2.2000000e+01  -1.6100000e+02  -2.5324483e+01  -1.6395760e+01  -3.4302556e+01   2.1384753e+01
   2.2944267e+00  -2.2000000e+01  -1.6100000e+02  -2.5261992e+01  -1.4030426e+01  -3.4694247e+01   2.1957797e+01
   2.4332244e+00  -2.2000000e+01  -1.6100000e+02  -2.4642567e+01  -1.1916556e+01  -3.4750104e+01   2.1126577e+01
   2.8198574e+00  -2.2000000e+01  -1.6100000e+02  -2.3951879e+01  -9.5052823e+00  -3.4701211e+01   2.1448126e+01
   4.7822659e+00  -2.2000000e+01  -1.6100000e+02  -2.3170620e+01  -6.5169874e+00  -3.5121192e+01   2.2043468e+01
   5.3712941e+00  -2.2000000e+01  -1.6100000e+02  -2.2427740e+01  -3.6777571e+00  -3.5795054e+01   2.0474507e+01
   6.2619699e+00  -2.2000000e+01  -1.6100000e+02  -2.1082310e+01  -1.1023383e+00  -3.5846281e+01   1.8184887e+01
   6.8815636e+00  -2.2000000e+01  -1.6100000e+02  -2.0472969e+01   1.3897105e+00  -3.5120148e+01   1.5527112e+01
   7.7321380e+00  -2.2000000e+01  -1.6100000e+02  -1.9645467e+01   4.1009339e+00  -3.4058779e+01   1.4073312e+01
   7.0843196e+00  -2.2000000e+01  -1.6100000e+02  -1.9166471e+01   6.5771540e+00  -3.3050611e+01   1.2365441e+01
   6.4456232e+00  -2.2000000e+01  -1.6100000e+02  -1.8864678e+01   8.6621428e+00  -3.2000208e+01   1.1374419e+01
   5.7908238e+00  -2.2000000e+01  -1.6100000e+02  -1.8767148e+01   1.0867169e+01  -3.1073160e+01   9.0361984e+00
   5.5295447e+00  -2.2000000e+01  -1.6100000e+02  -1.8628702e+01   1.2808120e+01  -3.0197206e+01   7.3389886e+00
   5.1539026e+00  -2.2000000e+01  -1.6100000e+02  -1.9233268e+01   1.4300393e+01  -3.0093220e+01   5.0015436e+00
   4.9045091e+00  -2.2000000e+01  -1.6100000e+02  -2.0294784e+01   1.2484428e+01  -3.0722604e+01   3.2386762e+00
   4.9139230e+00  -2.2000000e+01  -1.6100000e+02  -2.3530794e+01   8.6741914e+00  -3.3926702e+01   5.5510302e-01
   5.1630322e+00  -2.2000000e+01  -1.6100000e+02  -2.6019907e+01   2.3782765e+00  -3.6658436e+01  -1.4089441e+00
   6.8962152e+00  -2.2000000e+01  -1.6100000e+02  -2.6489716e+01  -4.6374779e+00  -3.9450606e+01   4.4114201e-01
   7.1283306e+00  -2.2000000e+01  -1.6100000e+02  -2.6232246e+01  -1.2778254e+01  -4.1563456e+01   6.0671773e+00
   6.9875467e+00  -2.2000000e+01  -1.6100000e+02  -2.5996702e+01  -2.0580119e+01  -4.2634685e+01   6.4312625e+00
   7.0127595e+00  -2.2000000e+01  -1.6100000e+02  -2.3702794e+01  -2.9176196e+01  -4.1370751e+01   5.6087732e+00
   8.5230129e+00  -2.2000000e+01  -1.6100000e+02  -2.0704124e+01  -3.7601350e+01  -3.8624021e+01   3.7860687e+00
   1.0983156e+01  -2.2000000e+01  -1.6100000e+02  -1.6985128e+01  -4.6486311e+01  -3.4356417e+01   7.0209615e+00
   1.1916934e+01  -2.2000000e+01  -1.6100000e+02  -1.5613609e+01  -5.2296990e+01  -3.2103577e+01   8.8042599e+00
   1.0863445e+01  -2.2000000e+01  -1.6100000e+02  -1.6671475e+01  -5.2386325e+01  -3.1347566e+01   9.3406104e+00
   9.3917508e+00  -2.2000000e+01  -1.6100000e+02  -1.8141018e+01  -5.0275209e+01  -3.0703736e+01   9.4216510e+00
   8.2067694e+00  -2.2000000e+01  -1.6100000e+02  -1.9725736e+01  -4.7449828e+01  -3.0448863e+01   1.0898516e+01
   6.5450079e+00  -2.2000000e+01  -1.6100000e+02  -2.1766389e+01  -4.4170373e+01  -3.0976359e+01   1.4489235e+01
   4.7895292e+00  -2.2000000e+01  -1.6100000e+02  -2.3545168e+01  -4.0268821e+01  -3.2342008e+01   1.7727590e+01
   3.4474385e+00  -2.2000000e+01  -1.6100000e+02  -2.4528438e+01  -3.6812225e+01  -3.3216602e+01   2.1626670e+01
   2.2762792e+00  -2.2000000e+01  -1.6100000e+02  -2.4825987e+01  -3.3474922e+01  -3.3999438e+01   2.3763961e+01
   1.3732312e+00  -2.2000000e+01  -1.6100000e+02  -2.5090800e+01  -3.0650485e+01  -3.4608076e+01   2.3483929e+01
   1.0703826e+00  -2.2000000e+01  -1.6100000e+02  -2.5365651e+01  -2.8624199e+01  -3.5089443e+01   2.4596408e+01
   1.5865109e+00  -2.2000000e+01  -1.6100000e+02  -2.5245663e+01  -2.6465558e+01  -3.5998685e+01   2.6569511e+01
   2.1355228e+00  -2.2000000e+01  -1.6100000e+02  -2.5303511e+01  -2.4130210e+01  -3.7225130e+01   2.8066609e+01
   2.4981271e+00  -2.2000000e+01  -1.6100000e+02  -2.5003664e+01  -2.1859545e+01  -3.8281339e+01   2.8505036e+01
   2.1618755e+00  -2.2000000e+01  -1.6100000e+02  -2.4888078e+01  -1.9698414e+01  -3.8771944e+01   2.8638200e+01
   2.2202190e+00  -2.2000000e+01  -1.6100000e+02  -2.4322018e+01  -1.7043075e+01  -3.8679022e+01   2.9076431e+01
   2.3049090e+00  -2.2000000e+01  -1.6100000e+02  -2.3963935e+01  -1.5381781e+01  -3.8783762e+01   2.8189499e+01
   2.2520376e+00  -2.2000000e+01  -1.6100000e+02  -2.3766375e+01  -1.3254293e+01  -3.8946129e+01   2.6563623e+01
   2.6560703e+00  -2.2000000e+01  -1.6100000e+02  -2.3142301e+01  -1.1010241e+01  -3.8757513e+01   2.7547677e+01
   3.1882768e+00  -2.2000000e+01  -1.6100000e+02  -2.2854624e+01  -8.9452435e+00  -3.9131776e+01   2.5228505e+01
   3.9737976e+00  -2.2000000e+01  -1.6100000e+02  -2.2376513e+01  -6.9550168e+00  -3.9141073e+01   2.5213154e+01
   5.0877917e+00  -2.2000000e+01  -1.6100000e+02  -2.2259523e+01  -4.1636309e+00  -3.8512943e+01   2.4353728e+01
   5.8090168e+00  -2.2000000e+01  -1.6100000e+02  -2.2017873e+01  -1.3825717e+00  -3.7901616e+01   2.2484443e+01
   6.1277264e+00  -2.2000000e+01  -1.6100000e+02  -2.2031465e+01   4.2039775e-01  -3.7641111e+01   2.0032379e+01
   6.1185579e+00  -2.2000000e+01  -1.6100000e+02  -2.1631624e+01   2.5575131e+00  -3.6964911e+01   1.9042454e+01
   6.0481514e+00  -2.2000000e+01  -1.6100000e+02  -2.1142542e+01   4.3262845e+00  -3.6187105e+01   1.7347726e+01
   5.7141467e+00  -2.2000000e+01  -1.6100000e+02  -2.0979172e+01   5.8216700e+00  -3.5453434e+01   1.6827486e+01
   5.6514586e+00  -2.2000000e+01  -1.6100000e+02  -2.0892002e+01   7.2659275e+00  -3.4660789e+01   1.6677164e+01
   5.6079374e+00  -2.2000000e+01  -1.6100000e+02  -2.0851801e+01   8.6968857e+00  -3.3918320e+01   1.6527358e+01
   5.6395776e+00  -2.2000000e+01  -1.6100000e+02  -2.1323976e+01   1.0038093e+01  -3.3610778e+01   1.5165784e+01
   5.6008863e+00  -2.2000000e+01  -1.6100000e+02  -2.1835137e+01   1.0930487e+01  -3.3497035e+01   1.2971367e+01
   4.9747271e+00  -2.2000000e+01  -1.6100000e+02  -2.2991059e+01   9.0163234e+00  -3.4225939e+01   1.1329943e+01
   5.6741645e+00  -2.2000000e+01  -1.6100000e+02  -2.5410162e+01   3.3214089e+00  -3.6921549e+01   6.9361140e+00
   5.9091165e+00  -2.2000000e+01  -1.6100000e+02  -2.7007255e+01  -3.3551422e+00  -4.0512006e+01   5.9304384e+00
   6.5954429e+00  -2.2000000e+01  -1.6100000e+02  -2.6938574e+01  -1.0538067e+01  -4.2787212e+01   7.4970564e+00
   6.4009738e+00  -2.2000000e+01  -1.6100000e+02  -2.6642263e+01  -1.8150987e+01  -4.3951869e+01   1.0582052e+01
   5.7209497e+00  -2.2000000e+01  -1.6100000e+02  -2.5249826e+01  -2.4795739e+01  -4.3306454e+01   1.3156653e+01
   5.1712472e+00  -2.2000000e+01  -1.6100000e+02  -2.3800041e+01  -3.0974227e+01  -4.1762454e+01   1.4894400e+01
   5.6141706e+00  -2.2000000e+01  -1.6100000e+02  -2.1229991e+01  -3.5962635e+01  -3.9394339e+01   1.7433058e+01
   6.4755969e+00  -2.2000000e+01  -1.6100000e+02  -1.8717768e+01  -4.0168803e+01  -3.6239673e+01   1.7003362e+01
   5.9154825e+00  -2.2000000e+01  -1.6100000e+02  -1.9212544e+01  -4.1240858e+01  -3.5814644e+01   1.7403236e+01
   5.0618086e+00  -2.2000000e+01  -1.6100000e+02  -2.0744547e+01  -3.9885319e+01  -3.6169785e+01   1.7369943e+01
   4.9946248e+00  -2.2000000e+01  -1.6100000e+02  -2.2019777e+01  -3.7640573e+01  -3.6202102e+01   2.0292234e+01
   4.4623611e+00  -2.2000000e+01  -1.6100000e+02  -2.2572320e+01  -3.5697913e+01  -3.5821656e+01   2.1191722e+01
   4.0026470e+00  -2.2000000e+01  -1.6100000e+02  -2.3538959e+01  -3.3302059e+01  -3.5959954e+01   2.2800582e+01
   3.1302859e+00  -2.2000000e+01  -1.6100000e+02  -2.4528861e+01  -3.0046241e+01  -3.6355833e+01   2.2337728e+01
   2.1640216e+00  -2.2000000e+01  -1.6100000e+02  -2.5256670e+01  -2.7115990e+01  -3.6394857e+01   2.4820168e+01
   2.6391893e+00  -2.2000000e+01  -1.6100000e+02  -2.5990566e+01  -2.4085019e+01  -3.6783414e+01   2.6645763e+01
   2.7914514e+00  -2.2000000e+01  -1.6100000e+02  -2.6215364e+01  -2.1045685e+01  -3.6887749e+01   2.6769131e+01
   2.7404183e+00  -2.2000000e+01  -1.6100000e+02  -2.6439885e+01  -1.8235209e+01  -3.6921901e+01   2.6614755e+01
   2.5534041e+00  -2.2000000e+01  -1.6100000e+02  -2.6522356e+01  -1.5671643e+01  -3.6856681e+01   2.7485505e+01
   2.0384277e+00  -2.2000000e+01  -1.6100000e+02  -2.6412603e+01  -1.3139961e+01  -3.6820919e+01   2.6356340e+01
   1.7198181e+00  -2.2000000e+01  -1.6100000e+02  -2.6135829e+01  -1.1169165e+01  -3.6765488e+01   2.6417672e+01
   2.5028200e+00  -2.2000000e+01  -1.6100000e+02  -2.5520129e+01  -8.6176715e+00  -3.6928535e+01   2.7255349e+01
   3.5439375e+00  -2.2000000e+01  -1.6100000e+02  -2.4888311e+01  -6.1375223e+00  -3.7258492e+01   2.6445044e+01
   4.5011867e+00  -2.2000000e+01  -1.6100000e+02  -2.3941624e+01  -3.5935520e+00  -3.7320982e+01   2.5468448e+01
   4.0827956e+00  -2.2000000e+01  -1.6100000e+02  -2.3739331e+01  -1.3512085e+00  -3.7238102e+01   2.4773438e+01
   3.6044685e+00  -2.2000000e+01  -1.6100000e+02  -2.3290432e+01   1.0590236e+00  -3.6772305e+01   2.3949234e+01
   4.0036177e+00  -2.2000000e+01  -1.6100000e+02  -2.2953949e+01   3.8585402e+00  -3.6261107e+01   2.1784641e+01
   3.5393066e+00  -2.2000000e+01  -1.6100000e+02  -2.3032601e+01   6.4726979e+00  -3.5637634e+01   1.8479397e+01
   4.1610250e+00  -2.2000000e+01  -1.6100000e+02  -2.1998314e+01   8.8883604e+00  -3.3851122e+01   1.6448214e+01
   4.0169946e+00  -2.2000000e+01  -1.6100000e+02  -2.1250481e+01   1.0740884e+01  -3.2644579e+01   1.3345449e+01
   3.8413986e+00  -2.2000000e+01  -1.6100000e+02  -2.0588327e+01   1.2969510e+01  -3.1453550e+01   1.1387197e+01
   4.8233533e+00  -2.2000000e+01  -1.6100000e+02  -1.9962666e+01   1.4997958e+01  -3.0451689e+01   9.4808050e+00
   5.8887656e+00  -2.2000000e+01  -1.6100000e+02  -1.9070832e+01   1.6927762e+01  -2.9564527e+01   8.1479139e+00
   7.0526851e+00  -2.2000000e+01  -1.6100000e+02  -1.8262806e+01   1.8652216e+01  -2.8928378e+01   6.1587538e+00
   7.5795623e+00  -2.2000000e+01  -1.6100000e+02  -1.8038378e+01   2.0150527e+01  -2.8908976e+01   3.9016792e+00
   7.0158174e+00  -2.2000000e+01  -1.6100000e+02  -1.9018842e+01   1.9136381e+01  -2.9402119e+01   2.6620434e+00
   6.5389850e+00  -2.2000000e+01  -1.6100000e+02  -2.1491123e+01   1.5082359e+01  -3.1290316e+01  -1.2042627e+00
   6.3464981e+00  -2.2000000e+01  -1.6100000e+02  -2.4530059e+01   1.0299011e+01  -3.4043943e+01  -2.2211733e+00
   6.6209586e+00  -2.2000000e+01  -1.6100000e+02  -2.6776453e+01   3.2283706e+00  -3.6956481e+01  -3.0715622e+00
   8.6434383e+00  -2.2000000e+01  -1.6100000e+02  -2.6542694e+01  -4.4824422e+00  -3.9193102e+01  -2.0106752e-01
   9.0645692e+00  -2.2000000e+01  -1.6100000e+02  -2.5061984e+01  -1.2563229e+01  -3.9961647e+01   3.3154885e+00
   8.4668171e+00  -2.2000000e+01  -1.6100000e+02  -2.3865439e+01  -2.0676987e+01  -3.9388207e+01   6.2866012e+00
   7.9666032e+00  -2.2000000e+01  -1.6100000e+02  -2.1964696e+01  -2.8851545e+01  -3.8155080e+01   8.4900358e+00
   8.2945041e+00  -2.2000000e+01  -1.6100000e+02  -1.9792008e+01  -3.7384456e+01  -3.6519629e+01   9.1100554e+00
   8.9559914e+00  -2.2000000e+01  -1.6100000e+02  -1.7923212e+01  -4.5478573e+01  -3.4305453e+01   8.1670927e+00
   1.0790378e+01  -2.2000000e+01  -1.6100000e+02  -1.6386771e+01  -5.1824164e+01  -3.1723004e+01   9.2593256e+00
   1.1348944e+01  -2.2000000e+01  -1.6100000e+02  -1.6755299e+01  -5.4503183e+01  -3.0420578e+01   7.4331636e+00
   1.0638361e+01  -2.2000000e+01  -1.6100000e+02  -1.7883545e+01  -5.3298620e+01  -2.9743582e+01   9.3628424e+00
   9.1612699e+00  -2.2000000e+01  -1.6100000e+02  -1.8905548e+01  -5.0794712e+01  -2.9854721e+01   1.0486901e+01
   7.6068679e+00  -2.2000000e+01  -1.6100000e+02  -2.0578989e+01  -4.7075963e+01  -3.0661045e+01   1.2330405e+01
   6.2818742e+00  -2.2000000e+01  -1.6100000e+02  -2.2452907e+01  -4.3651475e+01  -3.2065739e+01   1.5770806e+01
   5.2067401e+00  -2.2000000e+01  -1.6100000e+02  -2.3834923e+01  -4.0499746e+01  -3.3254489e+01   1.9445077e+01
   4.1055345e+00  -2.2000000e+01  -1.6100000e+02  -2.4720545e+01  -3.6831547e+01  -3.3945543e+01   2.2107822e+01
   2.9341198e+00  -2.2000000e+01  -1.6100000e+02  -2.5483689e+01  -3.3304635e+01  -3.4773625e+01   2.3200175e+01
   2.1946927e+00  -2.2000000e+01  -1.6100000e+02  -2.5757510e+01  -3.0267269e+01  -3.5196128e+01   2.5345216e+01
   2.2868174e+00  -2.2000000e+01  -1.6100000e+02  -2.5895992e+01  -2.7564965e+01  -3.6477046e+01   2.7637487e+01
   1.7904714e+00  -2.2000000e+01  -1.6100000e+02  -2.6095874e+01  -2.4515806e+01  -3.7798879e+01   3.0304636e+01
   1.6007875e+00  -2.2000000e+01  -1.6100000e+02  -2.5918887e+01  -2.2350016e+01  -3.8866777e+01   3.2657741e+01
   1.2908522e+00  -2.2000000e+01  -1.6100000e+02  -2.5631184e+01  -1.9271023e+01  -3.9770523e+01   3.3061377e+01
   6.6989972e-01  -2.2000000e+01  -1.6100000e+02  -2.5458694e+01  -1.6106902e+01  -4.0610189e+01   3.2837877e+01
   9.3068925e-01  -2.2000000e+01  -1.6100000e+02  -2.5067105e+01  -1.2992605e+01  -4.1033291e+01   3.3278191e+01
   1.5935512e+00  -2.2000000e+01  -1.6100000e+02  -2.4489122e+01  -9.9171830e+00  -4.1309617e+01   3.3970078e+01
   2.3239242e+00  -2.2000000e+01  -1.6100000e+02  -2.3901329e+01  -7.1031776e+00  -4.1798656e+01   3.2077823e+01
   2.9921938e+00  -2.2000000e+01  -1.6100000e+02  -2.3321258e+01  -4.0808732e+00  -4.1946519e+01   3.1815939e+01
   4.4806043e+00  -2.2000000e+01  -1.6100000e+02  -2.2433696e+01  -1.2028827e+00  -4.1555460e+01   3.1603020e+01
   4.3407699e+00  -2.2000000e+01  -1.6100000e+02  -2.1773837e+01   1.4669369e+00  -4.1209830e+01   2.9740583e+01
   4.0875037e+00  -2.2000000e+01  -1.6100000e+02  -2.1594412e+01   3.5538558e+00  -4.0954508e+01   2.7080799e+01
   3.4272301e+00  -2.2000000e+01  -1.6100000e+02  -2.1712964e+01   6.7447271e+00  -3.9794183e+01   2.6178797e+01
   3.0992051e+00  -2.2000000e+01  -1.6100000e+02  -2.1679202e+01   9.3275363e+00  -3.8534753e+01   2.3820430e+01
   2.7988221e+00  -2.2000000e+01  -1.6100000e+02  -2.1302496e+01   1.1548097e+01  -3.7149752e+01   2.1608540e+01
   2.4984391e+00  -2.2000000e+01  -1.6100000e+02  -2.0925789e+01   1.3768657e+01  -3.5764750e+01   1.9396650e+01
   2.3646943e+00  -2.2000000e+01  -1.6100000e+02  -2.0673457e+01   1.5594690e+01  -3.4382826e+01   1.7611118e+01
   2.5435892e+00  -2.2000000e+01  -1.6100000e+02  -2.0780946e+01   1.7438507e+01  -3.3477155e+01   1.5954169e+01
   2.9482776e+00  -2.2000000e+01  -1.6100000e+02  -2.1403941e+01   1.8446015e+01  -3.3263894e+01   1.4181961e+01
   3.5992126e+00  -2.2000000e+01  -1.6100000e+02  -2.2432324e+01   1.7922761e+01  -3.4092306e+01   1.0052834e+01
   4.0915067e+00  -2.2000000e+01  -1.6100000e+02  -2.4678394e+01   1.4825441e+01  -3.6458933e+01   7.3052965e+00
   4.7848644e+00  -2.2000000e+01  -1.6100000e+02  -2.6533184e+01   9.3968346e+00  -3.9831825e+01   7.6898165e+00
   5.7067371e+00  -2.2000000e+01  -1.6100000e+02  -2.7770569e+01   1.8395175e+00  -4.2624938e+01   6.7526219e+00
   6.8488027e+00  -2.2000000e+01  -1.6100000e+02  -2.7219682e+01  -5.8806255e+00  -4.4192552e+01   5.8249621e+00
   7.9277678e+00  -2.2000000e+01  -1.6100000e+02  -2.5779577e+01  -1.3970793e+01  -4.4603034e+01   5.3492991e+00
   8.6746243e+00  -2.2000000e+01  -1.6100000e+02  -2.3962316e+01  -2.2672290e+01  -4.3342053e+01   3.4462751e+00
   1.0368263e+01  -2.2000000e+01  -1.6100000e+02  -2.1280671e+01  -3.2092012e+01  -4.0976959e+01   1.4360813e+00
   1.2787981e+01  -2.2000000e+01  -1.6100000e+02  -1.8551403e+01  -4.1846581e+01  -3.7236878e+01   7.2880627e-01
   1.7049415e+01  -2.2000000e+01  -1.6100000e+02  -1.5505877e+01  -5.0956600e+01  -3.3491222e+01   2.3175630e+00
   1.8038900e+01  -2.2000000e+01  -1.6100000e+02  -1.4303990e+01  -5.5333092e+01  -3.1281447e+01   5.1625352e+00
   1.5630313e+01  -2.2000000e+01  -1.6100000e+02  -1.5190983e+01  -5.4283839e+01  -3.0429666e+01   5.7434248e+00
   1.2672338e+01  -2.2000000e+01  -1.6100000e+02  -1.6961000e+01  -5.1189299e+01  -3.0126368e+01   6.2756298e+00
   1.0232331e+01  -2.2000000e+01  -1.6100000e+02  -1.8714454e+01  -4.7032183e+01  -2.9968775e+01   7.6743215e+00
   8.6169294e+00  -2.2000000e+01  -1.6100000e+02  -2.0862028e+01  -4.3437731e+01  -3.0125795e+01   9.3528342e+00
   6.8763184e+00  -2.2000000e+01  -1.6100000e+02  -2.3076914e+01  -3.9364734e+01  -3.0760386e+01   1.1768633e+01
   5.4340194e+00  -2.2000000e+01  -1.6100000e+02  -2.4672124e+01  -3.5527656e+01  -3.1575386e+01   1.6828255e+01
   4.2577921e+00  -2.2000000e+01  -1.6100000e+02  -2.5519679e+01  -3.2357549e+01  -3.2395339e+01   2.0663432e+01
   3.3261546e+00  -2.2000000e+01  -1.6100000e+02  -2.6113595e+01  -2.9130735e+01  -3.3692163e+01   2.3136699e+01
   2.6154404e+00  -2.2000000e+01  -1.6100000e+02  -2.6442534e+01  -2.6039622e+01  -3.4859265e+01   2.6138076e+01
   2.7002680e+00  -2.2000000e+01  -1.6100000e+02  -2.6829452e+01  -2.3097573e+01  -3.6404661e+01   2.8252530e+01
   2.6750663e+00  -2.2000000e+01  -1.6100000e+02  -2.6481133e+01  -2.0222290e+01  -3.7442463e+01   2.9584319e+01
   1.6327852e+00  -2.2000000e+01  -1.6100000e+02  -2.6290398e+01  -1.7209378e+01  -3.8398244e+01   3.0238852e+01
   1.6167228e+00  -2.2000000e+01  -1.6100000e+02  -2.6126278e+01  -1.4091968e+01  -3.9049845e+01   3.1887740e+01
   1.5468993e+00  -2.2000000e+01  -1.6100000e+02  -2.5770030e+01  -1.1202253e+01  -3.9594695e+01   3.1663654e+01
   1.7764469e+00  -2.2000000e+01  -1.6100000e+02  -2.5144591e+01  -8.8767955e+00  -3.9886616e+01   3.0845515e+01
   2.5424553e+00  -2.2000000e+01  -1.6100000e+02  -2.4791597e+01  -5.9569512e+00  -4.0445940e+01   3.0555416e+01
   2.9759319e+00  -2.2000000e+01  -1.6100000e+02  -2.4025553e+01  -3.4835213e+00  -4.0577152e+01   2.9673584e+01
   3.3666915e+00  -2.2000000e+01  -1.6100000e+02  -2.3883911e+01  -3.5372041e-01  -4.0327129e+01   2.8885623e+01
   3.8082537e+00  -2.2000000e+01  -1.6100000e+02  -2.3105652e+01   2.7303371e+00  -3.9388324e+01   2.7900271e+01
   3.8910821e+00  -2.2000000e+01  -1.6100000e+02  -2.2676268e+01   6.1431501e+00  -3.8557633e+01   2.5483771e+01
   2.9364959e+00  -2.2000000e+01  -1.6100000e+02  -2.2875058e+01   8.9264903e+00  -3.7452706e+01   2.3323408e+01
   2.1822931e+00  -2.2000000e+01  -1.6100000e+02  -2.2788466e+01   1.1100950e+01  -3.6148308e+01   2.1131544e+01
   1.5462495e+00  -2.2000000e+01  -1.6100000e+02  -2.2521840e+01   1.2921715e+01  -3.4630734e+01   1.8872810e+01
   1.5494524e+00  -2.2000000e+01  -1.6100000e+02  -2.2204633e+01   1.4925192e+01  -3.3249299e+01   1.7010218e+01
   2.4570916e+00  -2.2000000e+01  -1.6100000e+02  -2.1906214e+01   1.6957404e+01  -3.2461903e+01   1.4787167e+01
   3.1796520e+00  -2.2000000e+01  -1.6100000e+02  -2.2871257e+01   1.5542818e+01  -3.2916229e+01   1.2413670e+01
   3.4412573e+00  -2.2000000e+01  -1.6100000e+02  -2.4332217e+01   1.1266435e+01  -3.3953836e+01   9.0261263e+00
   4.3508889e+00  -2.2000000e+01  -1.6100000e+02  -2.5352549e+01   4.9838054e+00  -3.4813558e+01   5.7712813e+00
   5.4321306e+00  -2.2000000e+01  -1.6100000e+02  -2.6880508e+01  -2.3663600e+00  -3.6972190e+01   4.3499213e+00
   6.3998723e+00  -2.2000000e+01  -1.6100000e+02  -2.7354758e+01  -1.0250354e+01  -3.9110990e+01   6.0322929e+00
   7.1599673e+00  -2.2000000e+01  -1.6100000e+02  -2.7395775e+01  -1.8368396e+01  -4.0799495e+01   6.2391114e+00
   7.2276459e+00  -2.2000000e+01  -1.6100000e+02  -2.6216436e+01  -2.6479140e+01  -4.0412265e+01   7.3549438e+00
   7.9183686e+00  -2.2000000e+01  -1.6100000e+02  -2.3220809e+01  -3.5151612e+01  -3.8296565e+01   7.0048241e+00
   9.3771928e+00  -2.2000000e+01  -1.6100000e+02  -2.0004389e+01  -4.3878011e+01  -3.4207424e+01   7.8530249e+00
   1.1484665e+01  -2.2000000e+01  -1.6100000e+02  -1.7703643e+01  -5.0776283e+01  -3.0706524e+01   1.0590473e+01
   1.0115098e+01  -2.2000000e+01  -1.6100000e+02  -1.8487469e+01  -5.1105992e+01  -2.9473313e+01   1.0387629e+01
   8.7121778e+00  -2.2000000e+01  -1.6100000e+02  -2.0103617e+01  -4.8716984e+01  -2.9290394e+01   1.1358157e+01
   7.4970013e+00  -2.2000000e+01  -1.6100000e+02  -2.1668279e+01  -4.5308902e+01  -2.9573749e+01   1.2363326e+01
   6.1439691e+00  -2.2000000e+01  -1.6100000e+02  -2.4110817e+01  -4.1534791e+01  -3.0621493e+01   1.5055670e+01
   4.9693482e+00  -2.2000000e+01  -1.6100000e+02  -2.5592890e+01  -3.7462283e+01  -3.1126372e+01   1.7609832e+01
   3.8681812e+00  -2.2000000e+01  -1.6100000e+02  -2.7007325e+01  -3.3975868e+01  -3.1820192e+01   2.1266121e+01
   2.9058455e+00  -2.2000000e+01  -1.6100000e+02  -2.7207683e+01  -2.9984904e+01  -3.2540421e+01   2.2946913e+01
   2.1287818e+00  -2.2000000e+01  -1.6100000e+02  -2.7584521e+01  -2.6871517e+01  -3.3482703e+01   2.6383131e+01
   1.2056356e+00  -2.2000000e+01  -1.6100000e+02  -2.7891516e+01  -2.4182392e+01  -3.4315875e+01   2.7571797e+01
   9.4750650e-01  -2.2000000e+01  -1.6100000e+02  -2.7609572e+01  -2.2229069e+01  -3.4384592e+01   2.7085878e+01
   8.2883261e-01  -2.2000000e+01  -1.6100000e+02  -2.7143308e+01  -2.1076626e+01  -3.4222412e+01   2.5947603e+01
   5.9507109e-01  -2.2000000e+01  -1.6100000e+02  -2.7063846e+01  -2.0213605e+01  -3.4083247e+01   2.4094340e+01
   7.6727816e-01  -2.2000000e+01  -1.6100000e+02  -2.6605040e+01  -1.9470768e+01  -3.3429243e+01   2.1363776e+01
   1.1480654e+00  -2.2000000e+01  -1.6100000e+02  -2.6336811e+01  -1.8096620e+01  -3.2713158e+01   2.0217406e+01
   1.6825462e+00  -2.2000000e+01  -1.6100000e+02  -2.6363522e+01  -1.6617040e+01  -3.2161319e+01   1.8678173e+01
   2.2154150e+00  -2.2000000e+01  -1.6100000e+02  -2.5914965e+01  -1.5439265e+01  -3.1339623e+01   1.6874871e+01
   2.4638461e+00  -2.2000000e+01  -1.6100000e+02  -2.5815996e+01  -1.4187748e+01  -3.0841318e+01   1.6118554e+01
   2.3863936e+00  -2.2000000e+01  -1.6100000e+02  -2.5401885e+01  -1.2118782e+01  -3.0334994e+01   1.4776802e+01
   4.2665989e+00  -2.2000000e+01  -1.6100000e+02  -2.4456553e+01  -9.5924980e+00  -3.0639522e+01   1.3052436e+01
   5.7910785e+00  -2.2000000e+01  -1.6100000e+02  -2.3178236e+01  -6.9255732e+00  -3.0566784e+01   1.3640322e+01
   6.5897886e+00  -2.2000000e+01  -1.6100000e+02  -2.2293124e+01  -5.2890521e+00  -3.0902972e+01   1.2693231e+01
   7.2653866e+00  -2.2000000e+01  -1.6100000e+02  -2.1039388e+01  -3.4776242e+00  -3.0976116e+01   1.1030883e+01
   6.3496835e+00  -2.2000000e+01  -1.6100000e+02  -1.9843628e+01  -1.9322378e+00  -3.0608048e+01   9.1073853e+00
   5.9190147e+00  -2.2000000e+01  -1.6100000e+02  -1.8935777e+01  -3.0063972e-01  -3.0011130e+01   6.4499614e+00
   6.5119238e+00  -2.2000000e+01  -1.6100000e+02  -1.8448707e+01   1.5842128e+00  -2.9436394e+01   4.6368255e+00
   6.0873991e+00  -2.2000000e+01  -1.6100000e+02  -1.8457358e+01   3.6044501e+00  -2.8947195e+01   2.9232492e+00
   5.4796848e+00  -2.2000000e+01  -1.6100000e+02  -1.8471435e+01   5.7269562e+00  -2.8196484e+01   3.0066014e+00
   4.8584061e+00  -2.2000000e+01  -1.6100000e+02  -1.8733316e+01   7.6896248e+00  -2.7677759e+01   1.6399642e+00
   3.8046601e+00  -2.2000000e+01  -1.6100000e+02  -2.0017142e+01   9.7434351e+00  -2.8162431e+01  -9.5567534e-01
   3.5637435e+00  -2.2000000e+01  -1.6100000e+02  -2.3610346e+01   8.5112202e+00  -3.1439118e+01  -4.5603265e+00
   3.3525107e+00  -2.2000000e+01  -1.6100000e+02  -2.6372788e+01   4.5994421e+00  -3.4598061e+01  -5.7471897e+00
   2.7772446e+00  -2.2000000e+01  -1.6100000e+02  -2.7641097e+01  -6.5301145e-01  -3.6149641e+01  -4.5934257e+00
   3.9637399e+00  -2.2000000e+01  -1.6100000e+02  -2.7490725e+01  -8.0109227e+00  -3.7630311e+01  -2.4633458e-01
   4.8595184e+00  -2.2000000e+01  -1.6100000e+02  -2.6881614e+01  -1.5438764e+01  -3.8613607e+01   3.6863607e+00
   4.2780416e+00  -2.2000000e+01  -1.6100000e+02  -2.6399389e+01  -2.3726219e+01  -3.8414030e+01   4.6100859e+00
   5.4941011e+00  -2.2000000e+01  -1.6100000e+02  -2.4921917e+01  -3.2287257e+01  -3.6865381e+01   5.0088798e+00
   6.2259371e+00  -2.2000000e+01  -1.6100000e+02  -2.2596218e+01  -3.9621861e+01  -3.4572985e+01   3.5425245e+00
   9.0770363e+00  -2.2000000e+01  -1.6100000e+02  -2.0188020e+01  -4.7389150e+01  -3.1357976e+01   3.8284886e+00
   1.2795629e+01  -2.2000000e+01  -1.6100000e+02  -1.8171257e+01  -5.2912949e+01  -2.8273373e+01   6.3880111e+00
   1.2446717e+01  -2.2000000e+01  -1.6100000e+02  -1.9217683e+01  -5.2838396e+01  -2.7674926e+01   6.0561552e+00
   1.0025590e+01  -2.2000000e+01  -1.6100000e+02  -2.0477058e+01  -4.9964071e+01  -2.7423250e+01   5.9938838e+00
   8.3830169e+00  -2.2000000e+01  -1.6100000e+02  -2.2038878e+01  -4.6171314e+01  -2.7898929e+01   7.9348471e+00
   6.6609012e+00  -2.2000000e+01  -1.6100000e+02  -2.4546240e+01  -4.2446180e+01  -2.9356443e+01   1.1995873e+01
   5.1305792e+00  -2.2000000e+01  -1.6100000e+02  -2.6131738e+01  -3.9101825e+01  -3.0293503e+01   1.5882543e+01
   3.6458347e+00  -2.2000000e+01  -1.6100000e+02  -2.7136342e+01  -3.5902339e+01  -3.1207843e+01   1.9861787e+01
   2.3438598e+00  -2.2000000e+01  -1.6100000e+02  -2.7961858e+01  -3.2594944e+01  -3.2142678e+01   2.3401375e+01
   1.9475407e+00  -2.2000000e+01  -1.6100000e+02  -2.8081141e+01  -2.9921692e+01  -3.3086241e+01   2.5013509e+01
   1.0859844e+00  -2.2000000e+01  -1.6100000e+02  -2.7683095e+01  -2.7520027e+01  -3.3928366e+01   2.7848271e+01
   6.6150516e-01  -2.2000000e+01  -1.6100000e+02  -2.7901961e+01  -2.5797158e+01  -3.4895150e+01   2.9084723e+01
   4.8276441e-01  -2.2000000e+01  -1.6100000e+02  -2.7536299e+01  -2.4247551e+01  -3.5379553e+01   2.9175261e+01
   9.5686198e-01  -2.2000000e+01  -1.6100000e+02  -2.7737078e+01  -2.3262829e+01  -3.6019573e+01   2.8999542e+01
   1.4845230e+00  -2.2000000e+01  -1.6100000e+02  -2.7402531e+01  -2.2366531e+01  -3.6159048e+01   2.9616401e+01
   1.7513710e+00  -2.2000000e+01  -1.6100000e+02  -2.7025689e+01  -2.1176967e+01  -3.6516852e+01   3.0111338e+01
   1.7983973e+00  -2.2000000e+01  -1.6100000e+02  -2.7160509e+01  -2.0380012e+01  -3.7208034e+01   3.1036466e+01
   2.1756628e+00  -2.2000000e+01  -1.6100000e+02  -2.6832566e+01  -1.9127014e+01  -3.7510356e+01   3.1526830e+01
   1.9547756e+00  -2.2000000e+01  -1.6100000e+02  -2.6958113e+01  -1.7939934e+01  -3.7781786e+01   3.1775356e+01
   1.7278029e+00  -2.2000000e+01  -1.6100000e+02  -2.7046441e+01  -1.6590376e+01  -3.8014486e+01   3.2714428e+01
   1.5437857e+00  -2.2000000e+01  -1.6100000e+02  -2.6237245e+01  -1.5081457e+01  -3.7696010e+01   3.2900246e+01
   2.7365070e-01  -2.2000000e+01  -1.6100000e+02  -2.5854178e+01  -1.3935987e+01  -3.7872160e+01   3.2396845e+01
   8.3969217e-01  -2.2000000e+01  -1.6100000e+02  -2.5452345e+01  -1.2292226e+01  -3.8265338e+01   3.2729617e+01
   1.9820655e+00  -2.2000000e+01  -1.6100000e+02  -2.4723609e+01  -1.0880398e+01  -3.8507776e+01   3.2727892e+01
   2.4713819e+00  -2.2000000e+01  -1.6100000e+02  -2.3933776e+01  -9.3463073e+00  -3.8694808e+01   3.1959540e+01
   2.9050979e+00  -2.2000000e+01  -1.6100000e+02  -2.3484782e+01  -7.4491611e+00  -3.9081278e+01   3.1905322e+01
   2.7945837e+00  -2.2000000e+01  -1.6100000e+02  -2.2948405e+01  -5.6868933e+00  -3.9288010e+01   3.1697439e+01
   2.4903648e+00  -2.2000000e+01  -1.6100000e+02  -2.2852379e+01  -3.5281186e+00  -3.9694477e+01   3.0600260e+01
   3.2964710e+00  -2.2000000e+01  -1.6100000e+02  -2.2420203e+01  -1.6605350e+00  -3.9762296e+01   2.9189111e+01
   3.2913328e+00  -2.2000000e+01  -1.6100000e+02  -2.1934993e+01   8.8688454e-01  -3.9559401e+01   2.7726197e+01
   2.4844620e+00  -2.2000000e+01  -1.6100000e+02  -2.1743348e+01   3.3812022e+00  -3.8874492e+01   2.6830265e+01
   1.8823923e+00  -2.2000000e+01  -1.6100000e+02  -2.1678302e+01   5.6804799e+00  -3.8194425e+01   2.5390372e+01
   1.4630976e+00  -2.2000000e+01  -1.6100000e+02  -2.1590574e+01   8.1115741e+00  -3.7216753e+01   2.3289750e+01
   1.0128225e+00  -2.2000000e+01  -1.6100000e+02  -2.1535786e+01   1.0368942e+01  -3.5966053e+01   2.1569859e+01
   7.0212564e-01  -2.2000000e+01  -1.6100000e+02  -2.1802506e+01   1.2234708e+01  -3.4890043e+01   1.9816404e+01
  -3.6594449e-01  -2.2000000e+01  -1.6100000e+02  -2.2966866e+01   1.3349541e+01  -3.4314984e+01   1.7681611e+01
   3.7091591e-01  -2.2000000e+01  -1.6100000e+02  -2.4719181e+01   1.1239973e+01  -3.4640327e+01   1.5770985e+01
   1.0399750e+00  -2.2000000e+01  -1.6100000e+02  -2.8111189e+01   7.9401901e+00  -3.8132530e+01   1.1918487e+01
   1.4108666e+00  -2.2000000e+01  -1.6100000e+02  -2.9648441e+01   2.1605972e+00  -4.1283077e+01   1.1823664e+01
   1.3106477e+00  -2.2000000e+01  -1.6100000e+02  -2.9362666e+01  -5.2963968e+00  -4.2733891e+01   1.2882132e+01
   1.9297116e+00  -2.2000000e+01  -1.6100000e+02  -2.7960312e+01  -1.3437237e+01  -4.3075902e+01   1.3098445e+01
   2.5869372e+00  -2.2000000e+01  -1.6100000e+02  -2.5931767e+01  -2.1554001e+01  -4.0963375e+01   1.2392219e+01
   3.7531172e+00  -2.2000000e+01  -1.6100000e+02  -2.3739022e+01  -2.9315745e+01  -3.8490827e+01   1.0528075e+01
   5.3968687e+00  -2.2000000e+01  -1.6100000e+02  -2.0356348e+01  -3.7182727e+01  -3.4865710e+01   8.8768930e+00
   7.3385062e+00  -2.2000000e+01  -1.6100000e+02  -1.7322907e+01  -4.4083668e+01  -3.1296680e+01   8.7105500e+00
   9.3723037e+00  -2.2000000e+01  -1.6100000e+02  -1.6636030e+01  -4.7583996e+01  -2.9122214e+01   9.7471257e+00
   8.8396839e+00  -2.2000000e+01  -1.6100000e+02  -1.7813141e+01  -4.7013112e+01  -2.8338096e+01   1.0591905e+01
   7.9189085e+00  -2.2000000e+01  -1.6100000e+02  -1.9174466e+01  -4.4853432e+01  -2.7936756e+01   9.8388927e+00
   7.1532137e+00  -2.2000000e+01  -1.6100000e+02  -2.0545746e+01  -4.2074735e+01  -2.8399254e+01   9.7388875e+00
   6.7605069e+00  -2.2000000e+01  -1.6100000e+02  -2.1292359e+01  -3.9660848e+01  -2.8481683e+01   1.0484907e+01
   6.4420569e+00  -2.2000000e+01  -1.6100000e+02  -2.2559041e+01  -3.6326630e+01  -2.9422790e+01   1.1652491e+01
   5.8286465e+00  -2.2000000e+01  -1.6100000e+02  -2.3778167e+01  -3.3127643e+01  -3.0302683e+01   1.3730104e+01
   5.1068791e+00  -2.2000000e+01  -1.6100000e+02  -2.4938469e+01  -3.0281668e+01  -3.1126688e+01   1.6688592e+01
   3.7396822e+00  -2.2000000e+01  -1.6100000e+02  -2.5720283e+01  -2.7185150e+01  -3.2122294e+01   2.1293696e+01
   3.0137200e+00  -2.2000000e+01  -1.6100000e+02  -2.6161505e+01  -2.4825923e+01  -3.2648867e+01   2.3556971e+01
   2.3476218e+00  -2.2000000e+01  -1.6100000e+02  -2.6497092e+01  -2.2134345e+01  -3.3154959e+01   2.4086647e+01
   2.0304510e+00  -2.2000000e+01  -1.6100000e+02  -2.6799528e+01  -1.9385872e+01  -3.3654033e+01   2.5013834e+01
   1.6938632e+00  -2.2000000e+01  -1.6100000e+02  -2.6810509e+01  -1.6519140e+01  -3.4024997e+01   2.6565230e+01
   1.7157294e+00  -2.2000000e+01  -1.6100000e+02  -2.6803188e+01  -1.3713229e+01  -3.4600362e+01   2.7160713e+01
   2.5458527e+00  -2.2000000e+01  -1.6100000e+02  -2.6288911e+01  -1.1385718e+01  -3.4946454e+01   2.5414325e+01
   3.0705880e+00  -2.2000000e+01  -1.6100000e+02  -2.5598700e+01  -9.3770832e+00  -3.5135857e+01   2.5253727e+01
   3.5411520e+00  -2.2000000e+01  -1.6100000e+02  -2.4981661e+01  -6.8456359e+00  -3.5204304e+01   2.5993268e+01
   3.6424085e+00  -2.2000000e+01  -1.6100000e+02  -2.4386093e+01  -4.9983852e+00  -3.5308461e+01   2.3949516e+01
   4.6112133e+00  -2.2000000e+01  -1.6100000e+02  -2.3787450e+01  -2.8485262e+00  -3.5516606e+01   2.1037058e+01
   5.6699303e+00  -2.2000000e+01  -1.6100000e+02  -2.2737921e+01  -6.7238217e-01  -3.5152217e+01   2.0176319e+01
   6.5148841e+00  -2.2000000e+01  -1.6100000e+02  -2.1957088e+01   1.7604457e+00  -3.4676500e+01   1.9604023e+01
   6.1979204e+00  -2.2000000e+01  -1.6100000e+02  -2.1296601e+01   3.7994005e+00  -3.3801621e+01   1.8029651e+01
   5.5267234e+00  -2.2000000e+01  -1.6100000e+02  -2.0701107e+01   5.4839658e+00  -3.2835860e+01   1.5111907e+01
   4.6512752e+00  -2.2000000e+01  -1.6100000e+02  -2.0296189e+01   7.2380086e+00  -3.1811747e+01   1.3263540e+01
   3.7989397e+00  -2.2000000e+01  -1.6100000e+02  -2.0005469e+01   8.8984716e+00  -3.0758561e+01   1.0778217e+01
   3.1565540e+00  -2.2000000e+01  -1.6100000e+02  -1.9630529e+01   1.0639567e+01  -2.9508798e+01   8.5872715e+00
   2.5851237e+00  -2.2000000e+01  -1.6100000e+02  -1.9523915e+01   1.2022399e+01  -2.8621283e+01   5.8957674e+00
   4.1994285e+00  -2.2000000e+01  -1.6100000e+02  -1.9956200e+01   1.2992209e+01  -2.8989956e+01   2.6831107e+00
   4.1501389e+00  -2.2000000e+01  -1.6100000e+02  -2.2609808e+01   1.0997521e+01  -3.1832414e+01  -6.0358484e-01
   4.2502599e+00  -2.2000000e+01  -1.6100000e+02  -2.5477056e+01   6.7802299e+00  -3.5057535e+01  -1.2563850e+00
   4.0390705e+00  -2.2000000e+01  -1.6100000e+02  -2.7866459e+01   4.4870075e-01  -3.8330712e+01  -1.1561296e+00
   4.7094184e+00  -2.2000000e+01  -1.6100000e+02  -2.8987408e+01  -6.3872395e+00  -4.0755150e+01  -4.7058312e+00
   5.0405082e+00  -2.2000000e+01  -1.6100000e+02  -2.8340288e+01  -1.3547982e+01  -4.2056658e+01  -1.7597644e+00
   5.7371398e+00  -2.2000000e+01  -1.6100000e+02  -2.6626993e+01  -2.1971074e+01  -4.1318242e+01   1.6682810e+00
   6.7469520e+00  -2.2000000e+01  -1.6100000e+02  -2.4571059e+01  -3.0976615e+01  -4.0093652e+01   4.7777740e+00
   7.4316671e+00  -2.2000000e+01  -1.6100000e+02  -2.1439883e+01  -3.9461687e+01  -3.7971350e+01   6.4753473e+00
   8.1122169e+00  -2.2000000e+01  -1.6100000e+02  -1.8401412e+01  -4.6970493e+01  -3.4305341e+01   1.0023581e+01
   8.7666109e+00  -2.2000000e+01  -1.6100000e+02  -1.6893965e+01  -5.0855967e+01  -3.1547228e+01   1.0739846e+01
   7.5943907e+00  -2.2000000e+01  -1.6100000e+02  -1.8017023e+01  -5.0037727e+01  -3.1032347e+01   1.1810909e+01
   6.6565812e+00  -2.2000000e+01  -1.6100000e+02  -2.0014555e+01  -4.6815217e+01  -3.1459030e+01   1.3640753e+01
   5.5220866e+00  -2.2000000e+01  -1.6100000e+02  -2.2238428e+01  -4.3247328e+01  -3.2295588e+01   1.5198087e+01
   4.0329794e+00  -2.2000000e+01  -1.6100000e+02  -2.3848791e+01  -3.9804388e+01  -3.3272257e+01   2.0077645e+01
   2.3535373e+00  -2.2000000e+01  -1.6100000e+02  -2.5159376e+01  -3.5763098e+01  -3.4153271e+01   2.3316383e+01
   1.3096618e+00  -2.2000000e+01  -1.6100000e+02  -2.6047511e+01  -3.2530259e+01  -3.4987825e+01   2.5760604e+01
   1.4029577e+00  -2.2000000e+01  -1.6100000e+02  -2.6633719e+01  -2.9301884e+01  -3.6386600e+01   2.8712254e+01
   1.2309147e+00  -2.2000000e+01  -1.6100000e+02  -2.6363575e+01  -2.6581417e+01  -3.7340483e+01   3.1201176e+01
   8.0628160e-01  -2.2000000e+01  -1.6100000e+02  -2.6656801e+01  -2.3778413e+01  -3.8695163e+01   3.3421310e+01
   5.7934361e-01  -2.2000000e+01  -1.6100000e+02  -2.6402946e+01  -2.1343929e+01  -3.9847139e+01   3.4802021e+01
   6.5896746e-01  -2.2000000e+01  -1.6100000e+02  -2.6319182e+01  -1.8260670e+01  -4.1034152e+01   3.5665244e+01
   5.3102913e-01  -2.2000000e+01  -1.6100000e+02  -2.6083523e+01  -1.5229553e+01  -4.1913470e+01   3.5953367e+01
   4.6997389e-01  -2.2000000e+01  -1.6100000e+02  -2.5885483e+01  -1.2369706e+01  -4.2796326e+01   3.4283029e+01
   6.5486104e-01  -2.2000000e+01  -1.6100000e+02  -2.5443110e+01  -9.8308177e+00  -4.3176748e+01   3.4106939e+01
   1.3784677e+00  -2.2000000e+01  -1.6100000e+02  -2.4060768e+01  -7.7014856e+00  -4.2578635e+01   3.4053155e+01
   2.9224736e+00  -2.2000000e+01  -1.6100000e+02  -2.3706803e+01  -5.4311080e+00  -4.2783451e+01   3.2461663e+01
   3.2224934e+00  -2.2000000e+01  -1.6100000e+02  -2.3427604e+01  -3.0211204e+00  -4.2343876e+01   3.2024288e+01
   3.4688054e+00  -2.2000000e+01  -1.6100000e+02  -2.2899784e+01  -5.0981777e-01  -4.1638272e+01   3.0604457e+01
   3.4970856e+00  -2.2000000e+01  -1.6100000e+02  -2.2483525e+01   2.2996580e+00  -4.0968498e+01   2.9011405e+01
   3.0872677e+00  -2.2000000e+01  -1.6100000e+02  -2.2100947e+01   4.9283095e+00  -4.0104517e+01   2.8472137e+01
   2.9874381e+00  -2.2000000e+01  -1.6100000e+02  -2.1704836e+01   7.7612392e+00  -3.8956222e+01   2.7921098e+01
   3.1633832e+00  -2.2000000e+01  -1.6100000e+02  -2.1854374e+01   8.9333098e+00  -3.8363093e+01   2.4442940e+01
   2.9498129e+00  -2.2000000e+01  -1.6100000e+02  -2.1606269e+01   1.0445343e+01  -3.7235303e+01   2.2523848e+01
   2.7584260e+00  -2.2000000e+01  -1.6100000e+02  -2.1422628e+01   1.1965958e+01  -3.6178410e+01   2.0511141e+01
   2.3967878e+00  -2.2000000e+01  -1.6100000e+02  -2.1122033e+01   1.3762660e+01  -3.4942315e+01   1.8325057e+01
   2.8700750e+00  -2.2000000e+01  -1.6100000e+02  -2.0596013e+01   1.5527544e+01  -3.3586644e+01   1.6973740e+01
   3.3692075e+00  -2.2000000e+01  -1.6100000e+02  -2.0543813e+01   1.7139018e+01  -3.2767224e+01   1.4921956e+01
   3.8884673e+00  -2.2000000e+01  -1.6100000e+02  -2.1483850e+01   1.7196531e+01  -3.3396483e+01   1.2702519e+01
   5.0409027e+00  -2.2000000e+01  -1.6100000e+02  -2.3408916e+01   1.2137988e+01  -3.5035031e+01   9.5355314e+00
   5.0443598e+00  -2.2000000e+01  -1.6100000e+02  -2.4590002e+01   6.4728350e+00  -3.6851911e+01   6.0588684e+00
   5.0606711e+00  -2.2000000e+01  -1.6100000e+02  -2.5342969e+01   3.7730016e-01  -3.8480805e+01   3.4686861e+00
   5.4568872e+00  -2.2000000e+01  -1.6100000e+02  -2.4924973e+01  -6.9644679e+00  -3.9560872e+01   5.5826033e+00
   5.8681376e+00  -2.2000000e+01  -1.6100000e+02  -2.4377850e+01  -1.4013388e+01  -4.0514848e+01   7.1218830e+00
   5.8744998e+00  -2.2000000e+01  -1.6100000e+02  -2.4574246e+01  -2.1958663e+01  -4.1040091e+01   7.7208020e+00
   6.2835647e+00  -2.2000000e+01  -1.6100000e+02  -2.2826604e+01  -3.0451001e+01  -3.9686988e+01   6.9014012e+00
   7.5879035e+00  -2.2000000e+01  -1.6100000e+02  -1.9669328e+01  -3.8783638e+01  -3.6848649e+01   6.9317839e+00
   9.1280596e+00  -2.2000000e+01  -1.6100000e+02  -1.6382685e+01  -4.6212784e+01  -3.3002608e+01   9.0069788e+00
   9.0935290e+00  -2.2000000e+01  -1.6100000e+02  -1.6204673e+01  -4.8944594e+01  -3.1289175e+01   9.4267650e+00
   8.2036723e+00  -2.2000000e+01  -1.6100000e+02  -1.7702285e+01  -4.7333505e+01  -3.0821612e+01   9.4570946e+00
   7.3307692e+00  -2.2000000e+01  -1.6100000e+02  -1.9129313e+01  -4.4875945e+01  -3.0416925e+01   9.3147388e+00
   6.4399107e+00  -2.2000000e+01  -1.6100000e+02  -2.0903657e+01  -4.1420627e+01  -3.1086306e+01   1.0933531e+01
   5.3811937e+00  -2.2000000e+01  -1.6100000e+02  -2.2671501e+01  -3.8175002e+01  -3.1799775e+01   1.2834188e+01
   4.5330265e+00  -2.2000000e+01  -1.6100000e+02  -2.3846203e+01  -3.4637759e+01  -3.2401771e+01   1.7019629e+01
   3.3695489e+00  -2.2000000e+01  -1.6100000e+02  -2.4565308e+01  -3.1773929e+01  -3.2962339e+01   1.9000870e+01
   2.2238789e+00  -2.2000000e+01  -1.6100000e+02  -2.5231777e+01  -2.8749221e+01  -3.3678978e+01   2.1642775e+01
   1.8472764e+00  -2.2000000e+01  -1.6100000e+02  -2.5530540e+01  -2.6020884e+01  -3.4139141e+01   2.4175841e+01
   1.6404559e+00  -2.2000000e+01  -1.6100000e+02  -2.5677376e+01  -2.3702302e+01  -3.4750608e+01   2.4712737e+01
   1.4665325e+00  -2.2000000e+01  -1.6100000e+02  -2.5856251e+01  -2.1075538e+01  -3.5366645e+01   2.4382586e+01
   1.7199122e+00  -2.2000000e+01  -1.6100000e+02  -2.5632619e+01  -1.8657295e+01  -3.5728785e+01   2.6354992e+01
   9.0665879e-01  -2.2000000e+01  -1.6100000e+02  -2.5807004e+01  -1.6167265e+01  -3.6368411e+01   2.6413254e+01
   1.5199315e+00  -2.2000000e+01  -1.6100000e+02  -2.5333107e+01  -1.3414129e+01  -3.6430740e+01   2.5693912e+01
   2.3198090e+00  -2.2000000e+01  -1.6100000e+02  -2.5071806e+01  -1.1164096e+01  -3.6584916e+01   2.5215031e+01
   3.5012405e+00  -2.2000000e+01  -1.6100000e+02  -2.4415122e+01  -8.4465004e+00  -3.6591546e+01   2.5877386e+01
   3.6379784e+00  -2.2000000e+01  -1.6100000e+02  -2.4047330e+01  -5.6042331e+00  -3.6812375e+01   2.5752549e+01
   5.3392489e+00  -2.2000000e+01  -1.6100000e+02  -2.3530116e+01  -2.8757801e+00  -3.7139829e+01   2.3597688e+01
   6.1169174e+00  -2.2000000e+01  -1.6100000e+02  -2.2910142e+01   5.5285292e-02  -3.6558464e+01   2.1027556e+01
   6.5940732e+00  -2.2000000e+01  -1.6100000e+02  -2.2211114e+01   2.1736469e+00  -3.5883766e+01   1.9729800e+01
   6.7031915e+00  -2.2000000e+01  -1.6100000e+02  -2.1376350e+01   4.4831171e+00  -3.4934012e+01   1.7631262e+01
   6.9757189e+00  -2.2000000e+01  -1.6100000e+02  -2.0849167e+01   6.5892587e+00  -3.4004363e+01   1.5895131e+01
   6.6568201e+00  -2.2000000e+01  -1.6100000e+02  -2.0189781e+01   8.4798204e+00  -3.2807501e+01   1.3383696e+01
   5.9211537e+00  -2.2000000e+01  -1.6100000e+02  -1.9804824e+01   1.0685414e+01  -3.1719459e+01   1.1504521e+01
   5.2407557e+00  -2.2000000e+01  -1.6100000e+02  -1.9393520e+01   1.2280907e+01  -3.0605346e+01   9.0636242e+00
   4.5957974e+00  -2.2000000e+01  -1.6100000e+02  -1.9195269e+01   1.4328691e+01  -2.9720723e+01   6.9547883e+00
   4.3717323e+00  -2.2000000e+01  -1.6100000e+02  -2.0710657e+01   1.5530834e+01  -3.0512192e+01   3.5947127e+00
   4.8840540e+00  -2.2000000e+01  -1.6100000e+02  -2.2212610e+01   1.5019731e+01  -3.1511783e+01   1.3593835e-01
   5.1106349e+00  -2.2000000e+01  -1.6100000e+02  -2.3653708e+01   1.0568608e+01  -3.3203568e+01  -4.7491852e-01
   6.5033172e+00  -2.2000000e+01  -1.6100000e+02  -2.4589253e+01   3.2408961e+00  -3.4798148e+01  -2.7450204e+00
   7.6506308e+00  -2.2000000e+01  -1.6100000e+02  -2.5141395e+01  -4.7006614e+00  -3.6188979e+01  -1.8457693e+00
   8.6205797e+00  -2.2000000e+01  -1.6100000e+02  -2.5187510e+01  -1.2963565e+01  -3.7426042e+01   2.0324453e+00
   8.3553845e+00  -2.2000000e+01  -1.6100000e+02  -2.5389563e+01  -2.1382518e+01  -3.8582406e+01   3.2042908e+00
   7.6703413e+00  -2.2000000e+01  -1.6100000e+02  -2.4563857e+01  -2.9962443e+01  -3.8304788e+01   3.6480285e+00
   7.4379213e+00  -2.2000000e+01  -1.6100000e+02  -2.2714455e+01  -3.7046807e+01  -3.7146933e+01   2.3749791e+00
   7.8315728e+00  -2.2000000e+01  -1.6100000e+02  -2.0437385e+01  -4.3064334e+01  -3.4836417e+01   2.2365474e+00
   7.7572017e+00  -2.2000000e+01  -1.6100000e+02  -1.8291948e+01  -4.7265736e+01  -3.2065055e+01   1.8582818e+00
   8.9266521e+00  -2.2000000e+01  -1.6100000e+02  -1.6687785e+01  -4.9494304e+01  -2.9323351e+01   5.4759742e+00
   8.0009042e+00  -2.2000000e+01  -1.6100000e+02  -1.8084785e+01  -4.8209226e+01  -2.9073881e+01   6.3546063e+00
   7.1166946e+00  -2.2000000e+01  -1.6100000e+02  -1.9223214e+01  -4.5463157e+01  -2.9013291e+01   7.1180394e+00
   6.6201882e+00  -2.2000000e+01  -1.6100000e+02  -2.0794185e+01  -4.2530040e+01  -2.9330838e+01   8.6803342e+00
   5.8936461e+00  -2.2000000e+01  -1.6100000e+02  -2.2642402e+01  -3.9393219e+01  -2.9919392e+01   9.8423497e+00
   5.1674013e+00  -2.2000000e+01  -1.6100000e+02  -2.4117306e+01  -3.6211314e+01  -3.0348387e+01   1.2193280e+01
   4.4841083e+00  -2.2000000e+01  -1.6100000e+02  -2.5276125e+01  -3.2967657e+01  -3.0736920e+01   1.5601920e+01
   3.6797714e+00  -2.2000000e+01  -1.6100000e+02  -2.5898617e+01  -3.0125505e+01  -3.1102477e+01   1.8556829e+01
   2.8618766e+00  -2.2000000e+01  -1.6100000e+02  -2.5748043e+01  -2.7546184e+01  -3.1410085e+01   1.9870329e+01
   2.1395145e+00  -2.2000000e+01  -1.6100000e+02  -2.5892340e+01  -2.4737780e+01  -3.2016853e+01   2.0312420e+01
   2.5182952e+00  -2.2000000e+01  -1.6100000e+02  -2.5776587e+01  -2.2854561e+01  -3.2520160e+01   2.1072554e+01
   2.6539212e+00  -2.2000000e+01  -1.6100000e+02  -2.5854126e+01  -2.0403875e+01  -3.3260530e+01   2.1262235e+01
   2.6766044e+00  -2.2000000e+01  -1.6100000e+02  -2.5751860e+01  -1.8080681e+01  -3.3959047e+01   2.1900519e+01
   2.7661017e+00  -2.2000000e+01  -1.6100000e+02  -2.5440000e+01  -1.5714121e+01  -3.4466838e+01   2.3075367e+01
   2.7433964e+00  -2.2000000e+01  -1.6100000e+02  -2.5025207e+01  -1.3632846e+01  -3.4911610e+01   2.1933828e+01
   2.8789327e+00  -2.2000000e+01  -1.6100000e+02  -2.4625296e+01  -1.1521442e+01  -3.5095893e+01   2.1356079e+01
   3.0427638e+00  -2.2000000e+01  -1.6100000e+02  -2.4064998e+01  -9.3122580e+00  -3.5146308e+01   2.1451205e+01
   3.4019208e+00  -2.2000000e+01  -1.6100000e+02  -2.3833938e+01  -6.1999530e+00  -3.5259872e+01   2.2970563e+01
   3.7761261e+00  -2.2000000e+01  -1.6100000e+02  -2.3200731e+01  -3.9561929e+00  -3.5108942e+01   2.2075296e+01
   4.4961908e+00  -2.2000000e+01  -1.6100000e+02  -2.2849742e+01  -2.1552540e+00  -3.5399420e+01   1.9255675e+01
   5.2252253e+00  -2.2000000e+01  -1.6100000e+02  -2.1959232e+01   6.6629469e-01  -3.5043320e+01   1.8480348e+01
   5.9210146e+00  -2.2000000e+01  -1.6100000e+02  -2.1196102e+01   2.1375095e+00  -3.4753295e+01   1.6164637e+01
   6.2979060e+00  -2.2000000e+01  -1.6100000e+02  -2.0296550e+01   4.1905016e+00  -3.4109242e+01   1.4709380e+01
   6.4482760e+00  -2.2000000e+01  -1.6100000e+02  -1.9707852e+01   5.7847063e+00  -3.3309229e+01   1.3407807e+01
   5.8847593e+00  -2.2000000e+01  -1.6100000e+02  -1.9695705e+01   7.5701679e+00  -3.2561357e+01   1.2758019e+01
   4.7061577e+00  -2.2000000e+01  -1.6100000e+02  -1.9852340e+01   9.7275464e+00  -3.1874660e+01   1.1593207e+01
   4.3399658e+00  -2.2000000e+01  -1.6100000e+02  -1.9631817e+01   1.1700852e+01  -3.1109056e+01   9.3867320e+00
   3.7779606e+00  -2.2000000e+01  -1.6100000e+02  -1.9827367e+01   1.3039872e+01  -3.0680538e+01   7.8247565e+00
   3.5705600e+00  -2.2000000e+01  -1.6100000e+02  -2.0673486e+01   1.2753762e+01  -3.0997115e+01   6.0562291e+00
   4.5444933e+00  -2.2000000e+01  -1.6100000e+02  -2.2827411e+01   7.3181608e+00  -3.3076256e+01   3.8868346e+00
   4.5737827e+00  -2.2000000e+01  -1.6100000e+02  -2.4356436e+01   1.0264792e+00  -3.4983042e+01   1.1039138e+00
   5.2714509e+00  -2.2000000e+01  -1.6100000e+02  -2.5136228e+01  -6.8119861e+00  -3.6078246e+01   5.2822381e+00
   5.5669110e+00  -2.2000000e+01  -1.6100000e+02  -2.5072763e+01  -1.4805417e+01  -3.6761461e+01   9.8114921e+00
   5.0360532e+00  -2.2000000e+01  -1.6100000e+02  -2.4183304e+01  -2.3131990e+01  -3.6852927e+01   1.3589874e+01
   5.1672175e+00  -2.2000000e+01  -1.6100000e+02  -2.1571253e+01  -3.1663424e+01  -3.5186679e+01   1.5960648e+01
   4.8823871e+00  -2.2000000e+01  -1.6100000e+02  -2.0057388e+01  -3.7739569e+01  -3.3517936e+01   1.5785537e+01
   4.0737322e+00  -2.2000000e+01  -1.6100000e+02  -2.0285069e+01  -3.8656034e+01  -3.3095696e+01   1.5815946e+01
   3.6155031e+00  -2.2000000e+01  -1.6100000e+02  -2.1265388e+01  -3.7120579e+01  -3.3438162e+01   1.7091327e+01
   3.5681350e+00  -2.2000000e+01  -1.6100000e+02  -2.2145363e+01  -3.5686746e+01  -3.3728827e+01   1.8732838e+01
   3.3121524e+00  -2.2000000e+01  -1.6100000e+02  -2.3146794e+01  -3.3244155e+01  -3.4374614e+01   2.1119126e+01
   2.8775772e+00  -2.2000000e+01  -1.6100000e+02  -2.3908568e+01  -3.0634234e+01  -3.5035536e+01   2.2878894e+01
   2.4960353e+00  -2.2000000e+01  -1.6100000e+02  -2.4035611e+01  -2.7738936e+01  -3.5801920e+01   2.4589844e+01
   2.0870640e+00  -2.2000000e+01  -1.6100000e+02  -2.3914874e+01  -2.4852761e+01  -3.6392666e+01   2.6116672e+01
   1.8054874e+00  -2.2000000e+01  -1.6100000e+02  -2.3962327e+01  -2.1937033e+01  -3.7019913e+01   2.6634225e+01
   1.4273231e+00  -2.2000000e+01  -1.6100000e+02  -2.4372897e+01  -1.9417784e+01  -3.7575355e+01   2.6355054e+01
   1.0309645e+00  -2.2000000e+01  -1.6100000e+02  -2.4742043e+01  -1.6568906e+01  -3.7768887e+01   2.6847703e+01
   8.4713613e-01  -2.2000000e+01  -1.6100000e+02  -2.4672102e+01  -1.4308828e+01  -3.7444014e+01   2.6153572e+01
   9.2412506e-01  -2.2000000e+01  -1.6100000e+02  -2.4297147e+01  -1.2285326e+01  -3.6962855e+01   2.4221306e+01
   1.3644286e+00  -2.2000000e+01  -1.6100000e+02  -2.4165733e+01  -1.0669227e+01  -3.6608082e+01   2.3080401e+01
   1.7460075e+00  -2.2000000e+01  -1.6100000e+02  -2.3880630e+01  -8.5760842e+00  -3.6291980e+01   2.2502942e+01
   3.0349033e+00  -2.2000000e+01  -1.6100000e+02  -2.3411303e+01  -6.5816241e+00  -3.6475063e+01   2.2136587e+01
   4.1290695e+00  -2.2000000e+01  -1.6100000e+02  -2.2755251e+01  -4.4784912e+00  -3.6529823e+01   2.1335694e+01
   4.3092570e+00  -2.2000000e+01  -1.6100000e+02  -2.2361446e+01  -2.6003371e+00  -3.6046073e+01   1.9407360e+01
   5.4521556e+00  -2.2000000e+01  -1.6100000e+02  -2.1728664e+01  -3.6795124e-01  -3.5502618e+01   1.9251808e+01
   6.4107172e+00  -2.2000000e+01  -1.6100000e+02  -2.1143782e+01   2.0810964e+00  -3.5249575e+01   1.7654100e+01
   6.4051234e+00  -2.2000000e+01  -1.6100000e+02  -2.0265278e+01   4.1392415e+00  -3.4792602e+01   1.3731783e+01
   6.2035567e+00  -2.2000000e+01  -1.6100000e+02  -1.9294886e+01   6.1150815e+00  -3.3937268e+01   1.1210685e+01
   6.4427189e+00  -2.2000000e+01  -1.6100000e+02  -1.7850677e+01   7.9825888e+00  -3.2409706e+01   1.1233688e+01
   6.7964342e+00  -2.2000000e+01  -1.6100000e+02  -1.7341802e+01   1.0705680e+01  -3.1464544e+01   9.5152385e+00
   6.1300941e+00  -2.2000000e+01  -1.6100000e+02  -1.6960876e+01   1.2739235e+01  -3.0180311e+01   6.5235744e+00
   5.6017433e+00  -2.2000000e+01  -1.6100000e+02  -1.6393773e+01   1.4841001e+01  -2.8682841e+01   4.3965508e+00
   5.5175513e+00  -2.2000000e+01  -1.6100000e+02  -1.5908716e+01   1.6701046e+01  -2.7424685e+01   2.4121008e+00
   6.4614427e+00  -2.2000000e+01  -1.6100000e+02  -1.5376742e+01   1.8641840e+01  -2.6747666e+01   7.3525462e-01
   6.2195694e+00  -2.2000000e+01  -1.6100000e+02  -1.6006803e+01   2.0242923e+01  -2.7085669e+01  -2.6096788e+00
   6.6003924e+00  -2.2000000e+01  -1.6100000e+02  -1.8761297e+01   1.8427434e+01  -2.9279439e+01  -6.8419212e+00
   6.5532256e+00  -2.2000000e+01  -1.6100000e+02  -2.2372506e+01   1.5189919e+01  -3.3345514e+01  -8.4683163e+00
   6.9932101e+00  -2.2000000e+01  -1.6100000e+02  -2.4263527e+01   1.0232447e+01  -3.5862973e+01  -5.3168306e+00
   7.2251423e+00  -2.2000000e+01  -1.6100000e+02  -2.4633270e+01   2.8529287e+00  -3.8034272e+01   1.6163795e-01
   7.6812206e+00  -2.2000000e+01  -1.6100000e+02  -2.4592847e+01  -5.1200258e+00  -4.0224510e+01   7.0803221e+00
   7.6539039e+00  -2.2000000e+01  -1.6100000e+02  -2.4172408e+01  -1.3476022e+01  -4.1457780e+01   1.2805703e+01
   6.5095613e+00  -2.2000000e+01  -1.6100000e+02  -2.3971840e+01  -2.0894429e+01  -4.2552706e+01   1.2836358e+01
   5.1132554e+00  -2.2000000e+01  -1.6100000e+02  -2.3699158e+01  -2.7562326e+01  -4.3410367e+01   1.3186627e+01
   4.2700851e+00  -2.2000000e+01  -1.6100000e+02  -2.2773748e+01  -3.2663721e+01  -4.3317289e+01   1.4576225e+01
   4.0638520e+00  -2.2000000e+01  -1.6100000e+02  -2.1595169e+01  -3.7382359e+01  -4.1892747e+01   1.5667372e+01
   5.1830356e+00  -2.2000000e+01  -1.6100000e+02  -1.9769885e+01  -4.0204832e+01  -3.9293587e+01   1.7171325e+01
   5.7180324e+00  -2.2000000e+01  -1.6100000e+02  -1.8493461e+01  -4.0951224e+01  -3.6361675e+01   1.5023817e+01
   5.3158886e+00  -2.2000000e+01  -1.6100000e+02  -2.0393539e+01  -4.0614864e+01  -3.6087315e+01   1.5442413e+01
   5.0196831e+00  -2.2000000e+01  -1.6100000e+02  -2.1944824e+01  -3.9050815e+01  -3.6331375e+01   1.8645521e+01
   4.3820972e+00  -2.2000000e+01  -1.6100000e+02  -2.3168683e+01  -3.6696251e+01  -3.6401262e+01   2.1131440e+01
   3.2491414e+00  -2.2000000e+01  -1.6100000e+02  -2.4665558e+01  -3.3840501e+01  -3.6748357e+01   2.4047181e+01
   2.2988619e+00  -2.2000000e+01  -1.6100000e+02  -2.5659085e+01  -3.1206153e+01  -3.6964638e+01   2.5226180e+01
   1.2266173e+00  -2.2000000e+01  -1.6100000e+02  -2.6218812e+01  -2.8294610e+01  -3.7488489e+01   2.7852275e+01
   1.5261342e+00  -2.2000000e+01  -1.6100000e+02  -2.6657198e+01  -2.5733011e+01  -3.7857049e+01   3.0119786e+01
   1.9002005e+00  -2.2000000e+01  -1.6100000e+02  -2.6470724e+01  -2.3382611e+01  -3.7900511e+01   3.1196089e+01
   1.9949903e+00  -2.2000000e+01  -1.6100000e+02  -2.6600125e+01  -2.1249237e+01  -3.8329638e+01   3.1714591e+01
   2.0690020e+00  -2.2000000e+01  -1.6100000e+02  -2.6419759e+01  -1.8954398e+01  -3.8667286e+01   3.2091194e+01
   1.4870286e+00  -2.2000000e+01  -1.6100000e+02  -2.6471102e+01  -1.6962937e+01  -3.9253883e+01   3.2246263e+01
   9.8886627e-01  -2.2000000e+01  -1.6100000e+02  -2.6432991e+01  -1.4532989e+01  -3.9737402e+01   3.2927011e+01
   1.1886764e+00  -2.2000000e+01  -1.6100000e+02  -2.5850075e+01  -1.2536659e+01  -3.9746698e+01   3.3098992e+01
   1.4729838e+00  -2.2000000e+01  -1.6100000e+02  -2.5482608e+01  -1.0640816e+01  -4.0128344e+01   3.1300836e+01
   1.8155563e+00  -2.2000000e+01  -1.6100000e+02  -2.4886909e+01  -8.6466741e+00  -4.0208656e+01   3.0154172e+01
   2.1995539e+00  -2.2000000e+01  -1.6100000e+02  -2.4110446e+01  -6.6875900e+00  -4.0086290e+01   2.9028265e+01
   2.9615209e+00  -2.2000000e+01  -1.6100000e+02  -2.3601333e+01  -4.9562820e+00  -3.9998799e+01   2.9178003e+01
   3.4164524e+00  -2.2000000e+01  -1.6100000e+02  -2.2791823e+01  -3.0878062e+00  -3.9569465e+01   2.8685978e+01
   3.5883870e+00  -2.2000000e+01  -1.6100000e+02  -2.2432549e+01  -1.1043381e+00  -3.9503350e+01   2.6474195e+01
   4.4421620e+00  -2.2000000e+01  -1.6100000e+02  -2.1984997e+01   1.4686707e+00  -3.8818332e+01   2.4645064e+01
   5.4015938e+00  -2.2000000e+01  -1.6100000e+02  -2.1528474e+01   4.0452842e+00  -3.7976750e+01   2.3183854e+01
   5.0499946e+00  -2.2000000e+01  -1.6100000e+02  -2.1385560e+01   6.0771229e+00  -3.7085187e+01   2.2567092e+01
   5.4611760e+00  -2.2000000e+01  -1.6100000e+02  -2.1292477e+01   7.7969714e+00  -3.6421608e+01   1.9337269e+01
   5.8048718e+00  -2.2000000e+01  -1.6100000e+02  -2.0919185e+01   9.4515999e+00  -3.5472547e+01   1.7001844e+01
   5.5595029e+00  -2.2000000e+01  -1.6100000e+02  -2.0379420e+01   1.0996872e+01  -3.4164695e+01   1.6317465e+01
   5.3260126e+00  -2.2000000e+01  -1.6100000e+02  -2.0089418e+01   1.2663507e+01  -3.3160205e+01   1.4372962e+01
   5.1468530e+00  -2.2000000e+01  -1.6100000e+02  -1.9742861e+01   1.4521381e+01  -3.2109930e+01   1.2950257e+01
   5.0982524e+00  -2.2000000e+01  -1.6100000e+02  -1.9625634e+01   1.5895700e+01  -3.1252237e+01   1.2715659e+01
   5.1647429e+00  -2.2000000e+01  -1.6100000e+02  -1.9671808e+01   1.7152475e+01  -3.0784974e+01   1.0979232e+01
   5.6616030e+00  -2.2000000e+01  -1.6100000e+02  -2.0873556e+01   1.6941369e+01  -3.1537721e+01   8.0087246e+00
   5.8220838e+00  -2.2000000e+01  -1.6100000e+02  -2.4642961e+01   1.4137386e+01  -3.5371244e+01   4.3726922e+00
   6.2056631e+00  -2.2000000e+01  -1.6100000e+02  -2.6867089e+01   8.1097825e+00  -3.8933360e+01   4.2007966e+00
   7.2169791e+00  -2.2000000e+01  -1.6100000e+02  -2.7184314e+01   9.1503297e-01  -4.1172071e+01   8.1085166e+00
   7.4203052e+00  -2.2000000e+01  -1.6100000e+02  -2.6542576e+01  -7.3318114e+00  -4.2957623e+01   1.3323674e+01
   8.1560567e+00  -2.2000000e+01  -1.6100000e+02  -2.4546418e+01  -1.5670203e+01  -4.3259091e+01   1.6229873e+01
   7.5684859e+00  -2.2000000e+01  -1.6100000e+02  -2.3162430e+01  -2.3611402e+01  -4.2513004e+01   1.6180650e+01
   7.1892617e+00  -2.2000000e+01  -1.6100000e+02  -1.9911715e+01  -3.2292727e+01  -3.9851229e+01   1.6550317e+01
   7.0684745e+00  -2.2000000e+01  -1.6100000e+02  -1.7150098e+01  -3.8573025e+01  -3.6488431e+01   1.4573195e+01
   6.7560189e+00  -2.2000000e+01  -1.6100000e+02  -1.7273638e+01  -4.0880780e+01  -3.5062260e+01   1.3808759e+01
   6.3811995e+00  -2.2000000e+01  -1.6100000e+02  -1.8370627e+01  -4.0356043e+01  -3.4478698e+01   1.2691809e+01
   6.0541125e+00  -2.2000000e+01  -1.6100000e+02  -1.9956380e+01  -3.9211363e+01  -3.4505260e+01   1.3610442e+01
   5.9210196e+00  -2.2000000e+01  -1.6100000e+02  -2.1110271e+01  -3.7371159e+01  -3.4351487e+01   1.5998058e+01
   5.2416005e+00  -2.2000000e+01  -1.6100000e+02  -2.2184733e+01  -3.4510947e+01  -3.4785269e+01   1.9087603e+01
   4.2370268e+00  -2.2000000e+01  -1.6100000e+02  -2.3086989e+01  -3.1472446e+01  -3.5201686e+01   1.9455466e+01
   2.9773700e+00  -2.2000000e+01  -1.6100000e+02  -2.3930254e+01  -2.8121885e+01  -3.5854167e+01   2.1750862e+01
   1.8471323e+00  -2.2000000e+01  -1.6100000e+02  -2.4652642e+01  -2.4961862e+01  -3.6431942e+01   2.3622478e+01
   1.8624158e+00  -2.2000000e+01  -1.6100000e+02  -2.5221238e+01  -2.2228115e+01  -3.7099001e+01   2.4845940e+01
   2.1036771e+00  -2.2000000e+01  -1.6100000e+02  -2.5361857e+01  -1.9797750e+01  -3.7452299e+01   2.5939729e+01
   1.7744507e+00  -2.2000000e+01  -1.6100000e+02  -2.5682477e+01  -1.6985319e+01  -3.7510474e+01   2.6365010e+01
   1.3995782e+00  -2.2000000e+01  -1.6100000e+02  -2.5947581e+01  -1.4774695e+01  -3.7386962e+01   2.6250372e+01
   9.6550851e-01  -2.2000000e+01  -1.6100000e+02  -2.5998176e+01  -1.3021196e+01  -3.6938484e+01   2.5210077e+01
   7.3654338e-01  -2.2000000e+01  -1.6100000e+02  -2.5887813e+01  -1.2116427e+01  -3.6163887e+01   2.3923730e+01
   7.6626561e-01  -2.2000000e+01  -1.6100000e+02  -2.5737644e+01  -1.1670176e+01  -3.5371989e+01   2.2915952e+01
   2.2744723e+00  -2.2000000e+01  -1.6100000e+02  -2.5372075e+01  -1.0247097e+01  -3.4941884e+01   2.1333546e+01
   3.3653232e+00  -2.2000000e+01  -1.6100000e+02  -2.4847302e+01  -7.9662833e+00  -3.4671206e+01   2.0920238e+01
   3.3516664e+00  -2.2000000e+01  -1.6100000e+02  -2.4720398e+01  -6.8080161e+00  -3.4736519e+01   1.9364718e+01
   3.4990734e+00  -2.2000000e+01  -1.6100000e+02  -2.4196936e+01  -4.7587670e+00  -3.4480396e+01   1.9012139e+01
   3.6189708e+00  -2.2000000e+01  -1.6100000e+02  -2.3472216e+01  -2.5775111e+00  -3.4280618e+01   1.7096045e+01
   3.7269611e+00  -2.2000000e+01  -1.6100000e+02  -2.2541524e+01  -3.7064253e-01  -3.3903143e+01   1.5308890e+01
   5.0005865e+00  -2.2000000e+01  -1.6100000e+02  -2.1228261e+01   2.1649866e+00  -3.3422997e+01   1.3922389e+01
   5.9456564e+00  -2.2000000e+01  -1.6100000e+02  -2.0188029e+01   5.2571853e+00  -3.3022457e+01   1.2745330e+01
   6.5692363e+00  -2.2000000e+01  -1.6100000e+02  -1.8920118e+01   7.4049952e+00  -3.2334444e+01   1.1553209e+01
   6.2703507e+00  -2.2000000e+01  -1.6100000e+02  -1.8036631e+01   9.4846077e+00  -3.1660837e+01   9.4458817e+00
   5.6866347e+00  -2.2000000e+01  -1.6100000e+02  -1.6956778e+01   1.1024200e+01  -3.0710267e+01   6.9916042e+00
   5.1524261e+00  -2.2000000e+01  -1.6100000e+02  -1.6015762e+01   1.2972957e+01  -2.9806563e+01   4.8053759e+00
   4.5209709e+00  -2.2000000e+01  -1.6100000e+02  -1.5915777e+01   1.5227761e+01  -2.9259141e+01   3.0107675e+00
   3.7313145e+00  -2.2000000e+01  -1.6100000e+02  -1.7575252e+01   1.6764822e+01  -2.9951964e+01  -5.9699277e-01
   3.8344812e+00  -2.2000000e+01  -1.6100000e+02  -2.1098399e+01   1.4134674e+01  -3.3116333e+01  -4.5308764e+00
   4.2782426e+00  -2.2000000e+01  -1.6100000e+02  -2.4014990e+01   9.8466994e+00  -3.6058071e+01  -6.6682492e+00
   4.5569759e+00  -2.2000000e+01  -1.6100000e+02  -2.4851073e+01   3.9918185e+00  -3.7554564e+01  -6.6067145e+00
   5.9973641e+00  -2.2000000e+01  -1.6100000e+02  -2.4863669e+01  -3.8014049e+00  -3.8706401e+01  -3.3040374e+00
   6.9819873e+00  -2.2000000e+01  -1.6100000e+02  -2.4369567e+01  -1.0901667e+01  -3.9307557e+01   1.2798902e-01
   6.9987033e+00  -2.2000000e+01  -1.6100000e+02  -2.3964998e+01  -1.9021343e+01  -3.9823302e+01   2.2594858e+00
   7.2075390e+00  -2.2000000e+01  -1.6100000e+02  -2.2912042e+01  -2.8477358e+01  -3.9277782e+01   3.3752036e+00
   7.9798167e+00  -2.2000000e+01  -1.6100000e+02  -2.1066287e+01  -3.7268637e+01  -3.7690571e+01   2.5188156e+00
   8.7767291e+00  -2.2000000e+01  -1.6100000e+02  -1.9636556e+01  -4.5115589e+01  -3.5764601e+01   7.1319435e-01
   1.1272895e+01  -2.2000000e+01  -1.6100000e+02  -1.8005472e+01  -5.2067497e+01  -3.3014993e+01   1.4534315e+00
   1.4597837e+01  -2.2000000e+01  -1.6100000e+02  -1.6567012e+01  -5.6635291e+01  -3.0336411e+01   3.5839772e+00
   1.5363113e+01  -2.2000000e+01  -1.6100000e+02  -1.6418852e+01  -5.7068720e+01  -2.8943665e+01   6.3604394e+00
   1.2951456e+01  -2.2000000e+01  -1.6100000e+02  -1.7512655e+01  -5.4594935e+01  -2.8851516e+01   6.6944234e+00
   1.0561192e+01  -2.2000000e+01  -1.6100000e+02  -1.9126847e+01  -5.0740899e+01  -2.9298409e+01   7.7174677e+00
   8.5660709e+00  -2.2000000e+01  -1.6100000e+02  -2.0890682e+01  -4.6875056e+01  -2.9747623e+01   9.5609090e+00
   6.3606723e+00  -2.2000000e+01  -1.6100000e+02  -2.3284804e+01  -4.2678596e+01  -3.0849377e+01   1.2635294e+01
   4.9428863e+00  -2.2000000e+01  -1.6100000e+02  -2.4996896e+01  -3.9048216e+01  -3.1793988e+01   1.8578247e+01
   3.0600539e+00  -2.2000000e+01  -1.6100000e+02  -2.5903045e+01  -3.5907648e+01  -3.2710733e+01   2.2177924e+01
   1.9556472e+00  -2.2000000e+01  -1.6100000e+02  -2.6552697e+01  -3.2786592e+01  -3.4002870e+01   2.5129476e+01
   1.2165400e+00  -2.2000000e+01  -1.6100000e+02  -2.6255236e+01  -2.9397294e+01  -3.4702048e+01   2.6734611e+01
   6.6995590e-01  -2.2000000e+01  -1.6100000e+02  -2.6171191e+01  -2.7505334e+01  -3.5528554e+01   2.7386110e+01
   9.3948095e-01  -2.2000000e+01  -1.6100000e+02  -2.6471614e+01  -2.5888532e+01  -3.6028203e+01   2.7799700e+01
   1.0716398e+00  -2.2000000e+01  -1.6100000e+02  -2.6656314e+01  -2.4648727e+01  -3.6384206e+01   2.7533011e+01
   1.4136868e+00  -2.2000000e+01  -1.6100000e+02  -2.6569788e+01  -2.3145547e+01  -3.6489391e+01   2.7928876e+01
   1.8971952e+00  -2.2000000e+01  -1.6100000e+02  -2.6322144e+01  -2.1687537e+01  -3.6532186e+01   2.8919513e+01
   2.3685616e+00  -2.2000000e+01  -1.6100000e+02  -2.6000061e+01  -1.9839675e+01  -3.6915838e+01   2.8676721e+01
   2.2866114e+00  -2.2000000e+01  -1.6100000e+02  -2.5948870e+01  -1.7752546e+01  -3.7425530e+01   2.9139800e+01
   1.1867331e+00  -2.2000000e+01  -1.6100000e+02  -2.5864416e+01  -1.6187808e+01  -3.7363248e+01   2.8664942e+01
   1.2669266e+00  -2.2000000e+01  -1.6100000e+02  -2.5365266e+01  -1.3743539e+01  -3.7344453e+01   2.9201260e+01
   3.8140286e-01  -2.2000000e+01  -1.6100000e+02  -2.4817671e+01  -1.1456189e+01  -3.7535235e+01   2.8079054e+01
   1.9826313e+00  -2.2000000e+01  -1.6100000e+02  -2.3722052e+01  -8.7961065e+00  -3.8264099e+01   2.7304744e+01
   3.5224654e+00  -2.2000000e+01  -1.6100000e+02  -2.2894590e+01  -6.7372344e+00  -3.8964418e+01   2.7324608e+01
   4.9619237e+00  -2.2000000e+01  -1.6100000e+02  -2.2276884e+01  -4.5762518e+00  -3.8755506e+01   2.5437163e+01
   5.7188945e+00  -2.2000000e+01  -1.6100000e+02  -2.1526335e+01  -2.0447555e+00  -3.8512919e+01   2.3277718e+01
   6.4842142e+00  -2.2000000e+01  -1.6100000e+02  -2.0921863e+01  -2.0475683e-01  -3.8114280e+01   2.0754860e+01
   7.1397803e+00  -2.2000000e+01  -1.6100000e+02  -2.0295455e+01   1.7554690e+00  -3.7644366e+01   2.0288055e+01
   6.4003671e+00  -2.2000000e+01  -1.6100000e+02  -2.0435017e+01   3.6794489e+00  -3.7210780e+01   1.8175266e+01
   5.1685725e+00  -2.2000000e+01  -1.6100000e+02  -2.0286074e+01   5.8703712e+00  -3.6161027e+01   1.7287690e+01
   3.7338866e+00  -2.2000000e+01  -1.6100000e+02  -2.0490423e+01   7.1969588e+00  -3.5119915e+01   1.6726546e+01
   2.4465436e+00  -2.2000000e+01  -1.6100000e+02  -2.0783430e+01   8.5392690e+00  -3.4049001e+01   1.4957404e+01
   1.6542897e+00  -2.2000000e+01  -1.6100000e+02  -2.1023831e+01   1.0121169e+01  -3.3011364e+01   1.3888092e+01
   1.2808543e+00  -2.2000000e+01  -1.6100000e+02  -2.1454469e+01   1.1113122e+01  -3.2320813e+01   1.2175530e+01
   2.3248745e+00  -2.2000000e+01  -1.6100000e+02  -2.2823091e+01   9.6588853e+00  -3.3345926e+01   9.8419036e+00
   3.0329258e+00  -2.2000000e+01  -1.6100000e+02  -2.4524645e+01   6.5836220e+00  -3.4914176e+01   7.0759863e+00
   3.9362865e+00  -2.2000000e+01  -1.6100000e+02  -2.4921195e+01   3.5059924e-01  -3.5915512e+01   9.4329663e+00
   4.7426517e+00  -2.2000000e+01  -1.6100000e+02  -2.5402642e+01  -7.0026338e+00  -3.7083823e+01   1.3964937e+01
   5.4126711e+00  -2.2000000e+01  -1.6100000e+02  -2.5539680e+01  -1.5001380e+01  -3.8135120e+01   1.6438744e+01
   4.5374123e+00  -2.2000000e+01  -1.6100000e+02  -2.5232225e+01  -2.2494553e+01  -3.8867835e+01   1.8398191e+01
   4.3962567e+00  -2.2000000e+01  -1.6100000e+02  -2.3894581e+01  -2.8989453e+01  -3.8499768e+01   1.7952738e+01
   4.4590999e+00  -2.2000000e+01  -1.6100000e+02  -2.2231729e+01  -3.4762353e+01  -3.7507091e+01   1.7065674e+01
   5.1741273e+00  -2.2000000e+01  -1.6100000e+02  -2.0640686e+01  -3.9076642e+01  -3.5310292e+01   1.5462078e+01
   6.3078473e+00  -2.2000000e+01  -1.6100000e+02  -1.9574027e+01  -4.1784569e+01  -3.3226842e+01   1.3916879e+01
   6.7572382e+00  -2.2000000e+01  -1.6100000e+02  -1.9677601e+01  -4.2959206e+01  -3.2054982e+01   1.2929409e+01
   6.5270749e+00  -2.2000000e+01  -1.6100000e+02  -2.1101685e+01  -4.2524153e+01  -3.2268700e+01   1.4945607e+01
   5.7857638e+00  -2.2000000e+01  -1.6100000e+02  -2.2500851e+01  -4.0993145e+01  -3.2620933e+01   1.5914458e+01
   4.7683038e+00  -2.2000000e+01  -1.6100000e+02  -2.3875593e+01  -3.8462624e+01  -3.3178705e+01   1.7797358e+01
   4.0780165e+00  -2.2000000e+01  -1.6100000e+02  -2.4758604e+01  -3.6118988e+01  -3.3376163e+01   1.9393907e+01
   3.6202623e+00  -2.2000000e+01  -1.6100000e+02  -2.5687507e+01  -3.3854989e+01  -3.3779522e+01   2.1808450e+01
   3.0033420e+00  -2.2000000e+01  -1.6100000e+02  -2.6265996e+01  -3.1247585e+01  -3.4268960e+01   2.0473513e+01
   2.7066618e+00  -2.2000000e+01  -1.6100000e+02  -2.6900498e+01  -2.8802417e+01  -3.4778383e+01   2.4154897e+01
   2.4693289e+00  -2.2000000e+01  -1.6100000e+02  -2.7510816e+01  -2.6687084e+01  -3.5372457e+01   2.7190715e+01
   2.5076022e+00  -2.2000000e+01  -1.6100000e+02  -2.7951368e+01  -2.4498200e+01  -3.5951770e+01   2.9576439e+01
   2.4898429e+00  -2.2000000e+01  -1.6100000e+02  -2.8036221e+01  -2.2657209e+01  -3.6317304e+01   3.1229688e+01
   2.1141242e+00  -2.2000000e+01  -1.6100000e+02  -2.8012944e+01  -2.0718206e+01  -3.6750434e+01   3.1576770e+01
   1.1814492e+00  -2.2000000e+01  -1.6100000e+02  -2.8078808e+01  -1.8783314e+01  -3.6937714e+01   3.0907962e+01
   7.5960084e-01  -2.2000000e+01  -1.6100000e+02  -2.7894699e+01  -1.7018521e+01  -3.7020264e+01   3.1079671e+01
   2.9446046e-01  -2.2000000e+01  -1.6100000e+02  -2.7590046e+01  -1.4861554e+01  -3.6968398e+01   3.0358774e+01
   6.3774394e-02  -2.2000000e+01  -1.6100000e+02  -2.7418725e+01  -1.3282976e+01  -3.6828388e+01   2.9220276e+01
   3.5591285e-01  -2.2000000e+01  -1.6100000e+02  -2.7192004e+01  -1.1876734e+01  -3.6573373e+01   2.9223749e+01
   1.7685119e+00  -2.2000000e+01  -1.6100000e+02  -2.6853370e+01  -9.7268488e+00  -3.6566412e+01   2.9193050e+01
   2.7076608e+00  -2.2000000e+01  -1.6100000e+02  -2.5793003e+01  -8.0208244e+00  -3.7138847e+01   2.8668626e+01
   2.5958183e+00  -2.2000000e+01  -1.6100000e+02  -2.5336652e+01  -6.4953704e+00  -3.7446589e+01   2.7339388e+01
   2.7539567e+00  -2.2000000e+01  -1.6100000e+02  -2.4697982e+01  -4.8449772e+00  -3.7408919e+01   2.6787627e+01
   2.0457466e+00  -2.2000000e+01  -1.6100000e+02  -2.4174347e+01  -2.9868310e+00  -3.6990546e+01   2.5006836e+01
   2.7264790e+00  -2.2000000e+01  -1.6100000e+02  -2.3510761e+01  -1.7685666e-01  -3.6475727e+01   2.4252639e+01
   3.7912570e+00  -2.2000000e+01  -1.6100000e+02  -2.2916561e+01   1.8919048e+00  -3.6066734e+01   2.2761401e+01
   5.7561496e+00  -2.2000000e+01  -1.6100000e+02  -2.1988751e+01   4.3028335e+00  -3.5428948e+01   2.0441975e+01
   6.6266820e+00  -2.2000000e+01  -1.6100000e+02  -2.0745463e+01   7.0149164e+00  -3.4416149e+01   1.7931045e+01
   6.0026044e+00  -2.2000000e+01  -1.6100000e+02  -1.9959513e+01   9.1414987e+00  -3.3166712e+01   1.5160968e+01
   5.1362406e+00  -2.2000000e+01  -1.6100000e+02  -1.9400229e+01   1.1833636e+01  -3.1823494e+01   1.2237035e+01
   3.8569270e+00  -2.2000000e+01  -1.6100000e+02  -1.9403072e+01   1.4118091e+01  -3.0130811e+01   9.3040700e+00
   2.5321583e+00  -2.2000000e+01  -1.6100000e+02  -1.9124938e+01   1.6389527e+01  -2.8186524e+01   6.4904605e+00
   1.6591666e+00  -2.2000000e+01  -1.6100000e+02  -1.8719636e+01   1.9106377e+01  -2.6249181e+01   3.4401645e+00
   2.1172342e+00  -2.2000000e+01  -1.6100000e+02  -1.8073705e+01   2.1616629e+01  -2.4494400e+01   2.3933456e+00
   2.9635076e+00  -2.2000000e+01  -1.6100000e+02  -2.0669467e+01   2.1159723e+01  -2.6307024e+01  -3.2915151e+00
   3.2785089e+00  -2.2000000e+01  -1.6100000e+02  -2.3559439e+01   1.8973410e+01  -2.8921699e+01  -5.7078046e+00
   4.8477147e+00  -2.2000000e+01  -1.6100000e+02  -2.6245730e+01   1.3952725e+01  -3.2162120e+01  -8.7428217e+00
   5.5206690e+00  -2.2000000e+01  -1.6100000e+02  -2.7976948e+01   7.5407679e+00  -3.4487856e+01  -9.4767087e+00
   5.8195475e+00  -2.2000000e+01  -1.6100000e+02  -2.8576059e+01   6.2959041e-01  -3.6112323e+01  -7.5473018e+00
   6.9573110e+00  -2.2000000e+01  -1.6100000e+02  -2.7574162e+01  -7.4942010e+00  -3.6020866e+01  -3.5138505e+00
   7.8533836e+00  -2.2000000e+01  -1.6100000e+02  -2.5955547e+01  -1.6371135e+01  -3.5178523e+01  -3.0482974e+00
   8.4611758e+00  -2.2000000e+01  -1.6100000e+02  -2.4069375e+01  -2.5245877e+01  -3.3176418e+01  -3.2764858e+00
   8.9095167e+00  -2.2000000e+01  -1.6100000e+02  -2.2622638e+01  -3.3675668e+01  -3.0733966e+01  -2.9094921e+00
   9.5797538e+00  -2.2000000e+01  -1.6100000e+02  -2.0944616e+01  -4.1664243e+01  -2.7915030e+01  -1.1317903e+00
   1.1936253e+01  -2.2000000e+01  -1.6100000e+02  -1.9526478e+01  -4.8128138e+01  -2.5734425e+01   2.1261387e+00
   1.2903490e+01  -2.2000000e+01  -1.6100000e+02  -1.9609985e+01  -5.0837183e+01  -2.5002495e+01   4.7845911e+00
   1.1395327e+01  -2.2000000e+01  -1.6100000e+02  -2.0701217e+01  -4.8553166e+01  -2.5681147e+01   4.9544992e+00
   9.8472804e+00  -2.2000000e+01  -1.6100000e+02  -2.2081187e+01  -4.5379925e+01  -2.6111660e+01   5.4725230e+00
   8.4384216e+00  -2.2000000e+01  -1.6100000e+02  -2.3601422e+01  -4.1630733e+01  -2.6458525e+01   6.3101997e+00
   6.7458875e+00  -2.2000000e+01  -1.6100000e+02  -2.5578722e+01  -3.7149862e+01  -2.7685825e+01   8.8227641e+00
   5.6077746e+00  -2.2000000e+01  -1.6100000e+02  -2.6552585e+01  -3.3805130e+01  -2.8299606e+01   1.2789027e+01
   4.7715475e+00  -2.2000000e+01  -1.6100000e+02  -2.6547178e+01  -3.0437034e+01  -2.9049821e+01   1.5675202e+01
   3.7521645e+00  -2.2000000e+01  -1.6100000e+02  -2.6466090e+01  -2.7422044e+01  -2.9748981e+01   1.7743701e+01
   2.8937571e+00  -2.2000000e+01  -1.6100000e+02  -2.6234886e+01  -2.5088914e+01  -3.0121312e+01   1.8611393e+01
   2.0426427e+00  -2.2000000e+01  -1.6100000e+02  -2.6177519e+01  -2.3217728e+01  -3.0295604e+01   1.8174951e+01
   2.1691157e+00  -2.2000000e+01  -1.6100000e+02  -2.6668811e+01  -2.1548463e+01  -3.0090576e+01   1.6868701e+01
   2.4790284e+00  -2.2000000e+01  -1.6100000e+02  -2.6943320e+01  -1.9996424e+01  -2.9770416e+01   1.6755535e+01
   2.5987272e+00  -2.2000000e+01  -1.6100000e+02  -2.6912214e+01  -1.7771871e+01  -2.9448567e+01   1.5605890e+01
   2.5641276e+00  -2.2000000e+01  -1.6100000e+02  -2.6772825e+01  -1.6439235e+01  -2.9163740e+01   1.5057077e+01
   1.6989951e+00  -2.2000000e+01  -1.6100000e+02  -2.6474990e+01  -1.4765119e+01  -2.8991315e+01   1.4387831e+01
   1.1137289e+00  -2.2000000e+01  -1.6100000e+02  -2.6308672e+01  -1.3158237e+01  -2.8969420e+01   1.4231247e+01
   3.0093207e+00  -2.2000000e+01  -1.6100000e+02  -2.5814140e+01  -1.0470246e+01  -2.9504182e+01   1.3601924e+01
