   2.0969109e+01   2.2618346e+01  -1.5582569e+02   1.3887657e+01  -1.1997178e+01  -3.2371613e+01   2.6851944e+01
   2.0758415e+01   8.6183828e+00  -1.6100000e+02   7.0658150e+00  -3.3053844e+00  -3.5000000e+01   2.2990490e+01
   2.0756381e+01  -5.3815200e+00  -1.6617426e+02   9.6447667e-02   5.7076342e+00  -3.7628362e+01   1.9198028e+01
   2.0754348e+01  -1.9381423e+01  -1.7134852e+02  -6.8729197e+00   1.4720653e+01  -4.0256725e+01   1.5405566e+01
   2.0060789e+01  -2.2000000e+01  -1.6100000e+02  -1.4931007e+01   2.5150146e+01  -3.5000000e+01   1.1703527e+01
   1.5746858e+01  -2.2000000e+01  -1.6100000e+02  -2.3148546e+01   1.5891057e+01  -3.5000000e+01   6.1730554e+00
   1.1542954e+01  -2.2000000e+01  -1.6100000e+02  -2.8793923e+01   7.2049100e+00  -3.5000000e+01   5.1117607e+00
   8.9621440e+00  -2.2000000e+01  -1.6100000e+02  -3.1784569e+01  -1.6672861e+00  -3.5000000e+01   4.2836295e+00
   7.7042241e+00  -2.2000000e+01  -1.6100000e+02  -3.2128904e+01  -1.0662042e+01  -3.5000000e+01   5.6397897e+00
   6.8573407e+00  -2.2000000e+01  -1.6100000e+02  -3.1055611e+01  -1.9618338e+01  -3.5000000e+01   7.7024610e+00
   5.8874686e+00  -2.2000000e+01  -1.6100000e+02  -2.8735969e+01  -2.8212082e+01  -3.5000000e+01   8.9037016e+00
   5.8860697e+00  -2.2000000e+01  -1.6100000e+02  -2.5246780e+01  -3.5505529e+01  -3.5000000e+01   9.2652217e+00
   7.5142295e+00  -2.2000000e+01  -1.6100000e+02  -2.0383034e+01  -4.0405695e+01  -3.5000000e+01   8.0261869e+00
   8.2346631e+00  -2.2000000e+01  -1.6100000e+02  -1.6682240e+01  -4.2714187e+01  -3.5000000e+01   1.0084072e+01
   7.2018539e+00  -2.2000000e+01  -1.6100000e+02  -1.7197203e+01  -4.1169210e+01  -3.5000000e+01   1.2745598e+01
   5.7892913e+00  -2.2000000e+01  -1.6100000e+02  -1.9834627e+01  -3.8158295e+01  -3.5000000e+01   1.6930053e+01
   4.4263973e+00  -2.2000000e+01  -1.6100000e+02  -2.2393612e+01  -3.4589294e+01  -3.5000000e+01   1.9967420e+01
   2.9344217e+00  -2.2000000e+01  -1.6100000e+02  -2.3596468e+01  -3.1120619e+01  -3.5000000e+01   2.1300349e+01
   1.9519732e+00  -2.2000000e+01  -1.6100000e+02  -2.4486611e+01  -2.8241556e+01  -3.5000000e+01   2.3921301e+01
   1.9462997e+00  -2.2000000e+01  -1.6100000e+02  -2.5555876e+01  -2.5107323e+01  -3.5000000e+01   2.6166037e+01
   1.9224703e+00  -2.2000000e+01  -1.6100000e+02  -2.6737947e+01  -2.2215040e+01  -3.5000000e+01   2.8179112e+01
   1.7970405e+00  -2.2000000e+01  -1.6100000e+02  -2.7857524e+01  -1.9313808e+01  -3.5000000e+01   2.8611454e+01
   1.4876993e+00  -2.2000000e+01  -1.6100000e+02  -2.8102625e+01  -1.6398026e+01  -3.5000000e+01   2.8893523e+01
   1.1142347e+00  -2.2000000e+01  -1.6100000e+02  -2.8135165e+01  -1.3552771e+01  -3.5000000e+01   2.9168111e+01
   8.7668689e-01  -2.2000000e+01  -1.6100000e+02  -2.8096084e+01  -1.0980515e+01  -3.5000000e+01   2.8956160e+01
   1.3993529e+00  -2.2000000e+01  -1.6100000e+02  -2.7942946e+01  -8.0215706e+00  -3.5000000e+01   2.9056986e+01
   1.7725462e+00  -2.2000000e+01  -1.6100000e+02  -2.7489144e+01  -5.6358150e+00  -3.5000000e+01   2.7492546e+01
   1.7225736e+00  -2.2000000e+01  -1.6100000e+02  -2.6833346e+01  -3.2291827e+00  -3.5000000e+01   2.6340211e+01
   1.3923810e+00  -2.2000000e+01  -1.6100000e+02  -2.5661892e+01  -1.6097308e-01  -3.5000000e+01   2.4677558e+01
   2.7781066e+00  -2.2000000e+01  -1.6100000e+02  -2.4183448e+01   3.0140597e+00  -3.5000000e+01   2.3510718e+01
   4.7593427e+00  -2.2000000e+01  -1.6100000e+02  -2.1862457e+01   6.2299234e+00  -3.5000000e+01   2.0787754e+01
   4.8028375e+00  -2.2000000e+01  -1.6100000e+02  -1.9544474e+01   8.8976265e+00  -3.5000000e+01   1.6948151e+01
   4.4076024e+00  -2.2000000e+01  -1.6100000e+02  -1.7577198e+01   1.1182148e+01  -3.5000000e+01   1.4214946e+01
   3.2537580e+00  -2.2000000e+01  -1.6100000e+02  -1.5742717e+01   1.3665029e+01  -3.5000000e+01   1.0927836e+01
   2.4411855e+00  -2.2000000e+01  -1.6100000e+02  -1.3360636e+01   1.5780604e+01  -3.5000000e+01   8.2492930e+00
   2.8471904e+00  -2.2000000e+01  -1.6100000e+02  -1.0737895e+01   1.7905984e+01  -3.5000000e+01   5.0564090e+00
   3.3757746e+00  -2.2000000e+01  -1.6100000e+02  -9.4634629e+00   1.9205456e+01  -3.5000000e+01   1.6821076e+00
   4.0522969e+00  -2.2000000e+01  -1.6100000e+02  -1.0448221e+01   1.9888849e+01  -3.5000000e+01  -1.6707190e+00
   4.4367187e+00  -2.2000000e+01  -1.6100000e+02  -1.6779918e+01   1.8446045e+01  -3.5000000e+01  -6.3426632e+00
   5.4411718e+00  -2.2000000e+01  -1.6100000e+02  -2.1752682e+01   1.4111046e+01  -3.5000000e+01  -7.9824872e+00
   6.8839683e+00  -2.2000000e+01  -1.6100000e+02  -2.5555624e+01   6.6850252e+00  -3.5000000e+01  -6.9562363e+00
   8.7371443e+00  -2.2000000e+01  -1.6100000e+02  -2.7652725e+01  -1.8743585e+00  -3.5000000e+01  -1.3006271e+00
   9.0675680e+00  -2.2000000e+01  -1.6100000e+02  -2.9660832e+01  -1.0979246e+01  -3.5000000e+01   3.7490135e+00
   8.7725709e+00  -2.2000000e+01  -1.6100000e+02  -2.9510476e+01  -2.0371955e+01  -3.5000000e+01   6.1720401e+00
   8.8584424e+00  -2.2000000e+01  -1.6100000e+02  -2.6963885e+01  -2.9611201e+01  -3.5000000e+01   6.3858907e+00
   9.9883945e+00  -2.2000000e+01  -1.6100000e+02  -2.2623737e+01  -3.8705697e+01  -3.5000000e+01   6.2203895e+00
   1.1969161e+01  -2.2000000e+01  -1.6100000e+02  -1.8092825e+01  -4.7346417e+01  -3.5000000e+01   8.5260454e+00
   1.5367066e+01  -2.2000000e+01  -1.6100000e+02  -1.5320280e+01  -5.4297628e+01  -3.5000000e+01   9.3287917e+00
   1.6189179e+01  -2.2000000e+01  -1.6100000e+02  -1.4366532e+01  -5.6470506e+01  -3.5000000e+01   9.8989576e+00
   1.4576935e+01  -2.2000000e+01  -1.6100000e+02  -1.5027926e+01  -5.5136894e+01  -3.5000000e+01   1.1242347e+01
   1.1894911e+01  -2.2000000e+01  -1.6100000e+02  -1.6007283e+01  -5.2007507e+01  -3.5000000e+01   1.1596155e+01
   9.0684735e+00  -2.2000000e+01  -1.6100000e+02  -1.7832932e+01  -4.8482484e+01  -3.5000000e+01   1.3077527e+01
   6.9294422e+00  -2.2000000e+01  -1.6100000e+02  -2.0853708e+01  -4.4582306e+01  -3.5000000e+01   1.7307910e+01
   4.8693932e+00  -2.2000000e+01  -1.6100000e+02  -2.3043701e+01  -4.1082742e+01  -3.5000000e+01   1.9328709e+01
   3.5805942e+00  -2.2000000e+01  -1.6100000e+02  -2.4166709e+01  -3.8175076e+01  -3.5000000e+01   2.4533898e+01
   2.2408809e+00  -2.2000000e+01  -1.6100000e+02  -2.5895712e+01  -3.4620866e+01  -3.5000000e+01   2.8456247e+01
   1.3510375e+00  -2.2000000e+01  -1.6100000e+02  -2.7389913e+01  -3.0943972e+01  -3.5000000e+01   2.9493702e+01
   7.7836511e-01  -2.2000000e+01  -1.6100000e+02  -2.7901210e+01  -2.7838018e+01  -3.5000000e+01   3.1565282e+01
   7.0570838e-01  -2.2000000e+01  -1.6100000e+02  -2.8344208e+01  -2.5441808e+01  -3.5000000e+01   3.2810883e+01
   7.5527030e-01  -2.2000000e+01  -1.6100000e+02  -2.8773809e+01  -2.3528246e+01  -3.5000000e+01   3.2478586e+01
   5.6437675e-01  -2.2000000e+01  -1.6100000e+02  -2.8782320e+01  -2.1069399e+01  -3.5000000e+01   3.0047377e+01
   4.5621014e-01  -2.2000000e+01  -1.6100000e+02  -2.8965951e+01  -1.8566013e+01  -3.5000000e+01   2.9307504e+01
  -3.1389513e-01  -2.2000000e+01  -1.6100000e+02  -2.9140900e+01  -1.6230382e+01  -3.5000000e+01   3.0297144e+01
   1.6458743e-03  -2.2000000e+01  -1.6100000e+02  -2.8613707e+01  -1.3923773e+01  -3.5000000e+01   2.9545566e+01
   1.3294710e+00  -2.2000000e+01  -1.6100000e+02  -2.7941313e+01  -1.1485014e+01  -3.5000000e+01   2.9526085e+01
   2.2264969e+00  -2.2000000e+01  -1.6100000e+02  -2.7032137e+01  -9.1460010e+00  -3.5000000e+01   2.7965209e+01
   2.8226136e+00  -2.2000000e+01  -1.6100000e+02  -2.7150997e+01  -7.0390577e+00  -3.5000000e+01   2.7317665e+01
   3.0641821e+00  -2.2000000e+01  -1.6100000e+02  -2.6694173e+01  -3.8333001e+00  -3.5000000e+01   2.7518295e+01
   3.2489615e+00  -2.2000000e+01  -1.6100000e+02  -2.5755076e+01  -1.3238184e+00  -3.5000000e+01   2.6086778e+01
   3.5116194e+00  -2.2000000e+01  -1.6100000e+02  -2.5679423e+01   1.0632797e+00  -3.5000000e+01   2.3608533e+01
   3.1138362e+00  -2.2000000e+01  -1.6100000e+02  -2.4148761e+01   3.5484311e+00  -3.5000000e+01   2.1450346e+01
   3.5855688e+00  -2.2000000e+01  -1.6100000e+02  -2.2186294e+01   5.7548479e+00  -3.5000000e+01   1.8790004e+01
   3.6841788e+00  -2.2000000e+01  -1.6100000e+02  -2.0303449e+01   7.8293585e+00  -3.5000000e+01   1.6067809e+01
   3.4487506e+00  -2.2000000e+01  -1.6100000e+02  -1.8881137e+01   9.9574758e+00  -3.5000000e+01   1.4523715e+01
   3.2247855e+00  -2.2000000e+01  -1.6100000e+02  -1.7680328e+01   1.2074534e+01  -3.5000000e+01   1.2878080e+01
   2.5928780e+00  -2.2000000e+01  -1.6100000e+02  -1.6948184e+01   1.4081468e+01  -3.5000000e+01   1.2315293e+01
   1.9295529e+00  -2.2000000e+01  -1.6100000e+02  -1.6269471e+01   1.6077927e+01  -3.5000000e+01   1.0734890e+01
   2.0548734e+00  -2.2000000e+01  -1.6100000e+02  -1.6303666e+01   1.6706903e+01  -3.5000000e+01   8.5466115e+00
   2.4242837e+00  -2.2000000e+01  -1.6100000e+02  -1.8741751e+01   1.3763382e+01  -3.5000000e+01   6.1502706e+00
   2.6959130e+00  -2.2000000e+01  -1.6100000e+02  -2.2442231e+01   8.3042963e+00  -3.5000000e+01   2.1643695e+00
   3.6764735e+00  -2.2000000e+01  -1.6100000e+02  -2.5385271e+01   1.1552142e+00  -3.5000000e+01  -1.3927383e+00
   4.9894152e+00  -2.2000000e+01  -1.6100000e+02  -2.7679879e+01  -6.8378614e+00  -3.5000000e+01  -1.0877189e+00
   5.9218705e+00  -2.2000000e+01  -1.6100000e+02  -2.9816741e+01  -1.4840443e+01  -3.5000000e+01  -9.6386382e-01
   6.1346038e+00  -2.2000000e+01  -1.6100000e+02  -2.9822975e+01  -2.3287842e+01  -3.5000000e+01  -1.9843459e+00
   8.3068639e+00  -2.2000000e+01  -1.6100000e+02  -2.5943236e+01  -3.2784419e+01  -3.5000000e+01  -3.2736362e+00
   1.2696225e+01  -2.2000000e+01  -1.6100000e+02  -2.0661629e+01  -4.2684183e+01  -3.5000000e+01  -2.8255108e+00
   1.8639983e+01  -2.2000000e+01  -1.6100000e+02  -1.5893473e+01  -5.1705722e+01  -3.5000000e+01  -1.8756179e+00
   2.1242231e+01  -2.2000000e+01  -1.6100000e+02  -1.2034007e+01  -5.6411218e+01  -3.5000000e+01   8.8671257e-01
   1.9264547e+01  -2.2000000e+01  -1.6100000e+02  -1.1656163e+01  -5.6186499e+01  -3.5000000e+01   3.5623617e+00
   1.6435006e+01  -2.2000000e+01  -1.6100000e+02  -1.2316847e+01  -5.3172680e+01  -3.5000000e+01   6.7341724e+00
   1.3705976e+01  -2.2000000e+01  -1.6100000e+02  -1.4412040e+01  -4.9153747e+01  -3.5000000e+01   8.1692251e+00
   1.0996868e+01  -2.2000000e+01  -1.6100000e+02  -1.5625834e+01  -4.4558533e+01  -3.5000000e+01   8.2022323e+00
   9.1814357e+00  -2.2000000e+01  -1.6100000e+02  -1.6657542e+01  -4.1292780e+01  -3.5000000e+01   7.9290914e+00
   7.5288516e+00  -2.2000000e+01  -1.6100000e+02  -1.8419895e+01  -3.7314641e+01  -3.5000000e+01   1.1207776e+01
   5.7746377e+00  -2.2000000e+01  -1.6100000e+02  -2.0513955e+01  -3.3424366e+01  -3.5000000e+01   1.4398660e+01
   4.3036138e+00  -2.2000000e+01  -1.6100000e+02  -2.1991994e+01  -3.0289803e+01  -3.5000000e+01   1.7823797e+01
   3.6799637e+00  -2.2000000e+01  -1.6100000e+02  -2.2677825e+01  -2.7094416e+01  -3.5000000e+01   1.9831752e+01
   2.9471658e+00  -2.2000000e+01  -1.6100000e+02  -2.3917823e+01  -2.4179265e+01  -3.5000000e+01   2.1965579e+01
   2.1512003e+00  -2.2000000e+01  -1.6100000e+02  -2.5301549e+01  -2.1078480e+01  -3.5000000e+01   2.2643491e+01
   1.8862057e+00  -2.2000000e+01  -1.6100000e+02  -2.5763014e+01  -1.8511234e+01  -3.5000000e+01   2.4187906e+01
   1.5894979e+00  -2.2000000e+01  -1.6100000e+02  -2.6060632e+01  -1.5210412e+01  -3.5000000e+01   2.4367795e+01
   1.6443324e+00  -2.2000000e+01  -1.6100000e+02  -2.5777163e+01  -1.2532338e+01  -3.5000000e+01   2.4117721e+01
   1.9625172e+00  -2.2000000e+01  -1.6100000e+02  -2.5171830e+01  -1.0160217e+01  -3.5000000e+01   2.3695465e+01
   3.1103765e+00  -2.2000000e+01  -1.6100000e+02  -2.4526702e+01  -6.9553032e+00  -3.5000000e+01   2.4884539e+01
   4.3397627e+00  -2.2000000e+01  -1.6100000e+02  -2.5107405e+01  -4.3094433e+00  -3.5000000e+01   2.2319037e+01
   4.5770426e+00  -2.2000000e+01  -1.6100000e+02  -2.4129170e+01  -1.6873947e+00  -3.5000000e+01   2.1188487e+01
   4.3647097e+00  -2.2000000e+01  -1.6100000e+02  -2.3100102e+01   4.5261629e-01  -3.5000000e+01   2.0515625e+01
   3.9303641e+00  -2.2000000e+01  -1.6100000e+02  -2.2177659e+01   2.3912778e+00  -3.5000000e+01   1.8493184e+01
   3.5969606e+00  -2.2000000e+01  -1.6100000e+02  -2.1198556e+01   4.6625222e+00  -3.5000000e+01   1.5707079e+01
   4.4124836e+00  -2.2000000e+01  -1.6100000e+02  -1.9336376e+01   6.4035232e+00  -3.5000000e+01   1.3568394e+01
   3.7079208e+00  -2.2000000e+01  -1.6100000e+02  -1.8655541e+01   7.9176094e+00  -3.5000000e+01   1.2041844e+01
   2.7524994e+00  -2.2000000e+01  -1.6100000e+02  -1.8688673e+01   9.6147109e+00  -3.5000000e+01   9.5226905e+00
   2.7917480e+00  -2.2000000e+01  -1.6100000e+02  -1.9715908e+01   9.4190130e+00  -3.5000000e+01   6.8286082e+00
   3.0767916e+00  -2.2000000e+01  -1.6100000e+02  -2.3196976e+01   5.2709734e+00  -3.5000000e+01   2.7244328e+00
   2.6418139e+00  -2.2000000e+01  -1.6100000e+02  -2.7536325e+01   1.8673684e-01  -3.5000000e+01   5.4001553e-01
   3.8854812e+00  -2.2000000e+01  -1.6100000e+02  -3.0270868e+01  -6.8065659e+00  -3.5000000e+01   4.6293071e+00
   4.2674508e+00  -2.2000000e+01  -1.6100000e+02  -3.2184147e+01  -1.4641730e+01  -3.5000000e+01   9.3005230e+00
   4.4645785e+00  -2.2000000e+01  -1.6100000e+02  -3.0784906e+01  -2.2370971e+01  -3.5000000e+01   1.1506169e+01
   4.5867913e+00  -2.2000000e+01  -1.6100000e+02  -2.8308965e+01  -2.9747305e+01  -3.5000000e+01   1.1807228e+01
   5.1640507e+00  -2.2000000e+01  -1.6100000e+02  -2.4354417e+01  -3.6321267e+01  -3.5000000e+01   1.2254127e+01
   7.1707732e+00  -2.2000000e+01  -1.6100000e+02  -2.0301713e+01  -4.2927840e+01  -3.5000000e+01   1.1473595e+01
   9.0681997e+00  -2.2000000e+01  -1.6100000e+02  -1.6025069e+01  -4.7311618e+01  -3.5000000e+01   1.0390601e+01
   8.6820068e+00  -2.2000000e+01  -1.6100000e+02  -1.5649424e+01  -4.7787914e+01  -3.5000000e+01   1.0532820e+01
   7.9377071e+00  -2.2000000e+01  -1.6100000e+02  -1.7087565e+01  -4.5856398e+01  -3.5000000e+01   1.1288939e+01
   6.7056523e+00  -2.2000000e+01  -1.6100000e+02  -1.9439105e+01  -4.2572672e+01  -3.5000000e+01   1.3396430e+01
   5.8604975e+00  -2.2000000e+01  -1.6100000e+02  -2.1214706e+01  -3.9784434e+01  -3.5000000e+01   1.6468485e+01
   4.8532199e+00  -2.2000000e+01  -1.6100000e+02  -2.2822683e+01  -3.6971728e+01  -3.5000000e+01   1.8205935e+01
   4.0856144e+00  -2.2000000e+01  -1.6100000e+02  -2.3847771e+01  -3.3487811e+01  -3.5000000e+01   2.0615464e+01
   2.3996938e+00  -2.2000000e+01  -1.6100000e+02  -2.4607846e+01  -2.9739888e+01  -3.5000000e+01   1.9833643e+01
   1.8813474e+00  -2.2000000e+01  -1.6100000e+02  -2.5611844e+01  -2.6893339e+01  -3.5000000e+01   2.4883004e+01
   1.4160361e+00  -2.2000000e+01  -1.6100000e+02  -2.7251321e+01  -2.4201639e+01  -3.5000000e+01   2.8172691e+01
   1.5282078e+00  -2.2000000e+01  -1.6100000e+02  -2.8154286e+01  -2.1728950e+01  -3.5000000e+01   2.7819474e+01
   1.6331765e+00  -2.2000000e+01  -1.6100000e+02  -2.8062442e+01  -1.8893880e+01  -3.5000000e+01   2.8722754e+01
   1.2245445e+00  -2.2000000e+01  -1.6100000e+02  -2.8119553e+01  -1.6246507e+01  -3.5000000e+01   2.8288870e+01
   7.1272333e-01  -2.2000000e+01  -1.6100000e+02  -2.8481837e+01  -1.3598497e+01  -3.5000000e+01   2.9397218e+01
   5.9285803e-01  -2.2000000e+01  -1.6100000e+02  -2.8537343e+01  -1.1055891e+01  -3.5000000e+01   2.8724745e+01
   1.2685884e+00  -2.2000000e+01  -1.6100000e+02  -2.7702658e+01  -8.9112811e+00  -3.5000000e+01   2.8098919e+01
   2.3309633e+00  -2.2000000e+01  -1.6100000e+02  -2.7174190e+01  -6.7710527e+00  -3.5000000e+01   2.7766995e+01
   2.9687169e+00  -2.2000000e+01  -1.6100000e+02  -2.6604622e+01  -4.0697614e+00  -3.5000000e+01   2.8239076e+01
   3.9976807e+00  -2.2000000e+01  -1.6100000e+02  -2.5743309e+01  -2.1037567e+00  -3.5000000e+01   2.5756293e+01
   6.3149781e+00  -2.2000000e+01  -1.6100000e+02  -2.4978763e+01   6.1678121e-01  -3.5000000e+01   2.3224032e+01
   7.5329766e+00  -2.2000000e+01  -1.6100000e+02  -2.3956682e+01   3.2970389e+00  -3.5000000e+01   2.2476391e+01
   7.5820021e+00  -2.2000000e+01  -1.6100000e+02  -2.2748970e+01   6.1849022e+00  -3.5000000e+01   2.0603348e+01
   6.4255946e+00  -2.2000000e+01  -1.6100000e+02  -2.1790903e+01   8.1112503e+00  -3.5000000e+01   1.7750729e+01
   5.7367108e+00  -2.2000000e+01  -1.6100000e+02  -2.0383770e+01   9.7679462e+00  -3.5000000e+01   1.6115428e+01
   5.0655244e+00  -2.2000000e+01  -1.6100000e+02  -1.8764806e+01   1.1465956e+01  -3.5000000e+01   1.3432109e+01
   4.2463413e+00  -2.2000000e+01  -1.6100000e+02  -1.7542770e+01   1.3366652e+01  -3.5000000e+01   1.1670136e+01
   4.6204004e+00  -2.2000000e+01  -1.6100000e+02  -1.6690800e+01   1.5317893e+01  -3.5000000e+01   9.3355719e+00
   4.0744893e+00  -2.2000000e+01  -1.6100000e+02  -1.8369501e+01   1.5910725e+01  -3.5000000e+01   7.0037509e+00
   4.6742509e+00  -2.2000000e+01  -1.6100000e+02  -2.1937302e+01   1.2788749e+01  -3.5000000e+01   3.0941295e+00
   5.1176448e+00  -2.2000000e+01  -1.6100000e+02  -2.4294627e+01   7.9111264e+00  -3.5000000e+01   1.9242659e+00
   5.1561183e+00  -2.2000000e+01  -1.6100000e+02  -2.6773165e+01   1.6285089e+00  -3.5000000e+01   7.4319962e-02
   5.9726897e+00  -2.2000000e+01  -1.6100000e+02  -2.8130221e+01  -6.2619629e+00  -3.5000000e+01   2.1454054e+00
   6.1206316e+00  -2.2000000e+01  -1.6100000e+02  -2.8989616e+01  -1.3871140e+01  -3.5000000e+01   2.4004480e+00
   5.8028997e+00  -2.2000000e+01  -1.6100000e+02  -2.9314496e+01  -2.1670365e+01  -3.5000000e+01   2.1655703e+00
   6.1427143e+00  -2.2000000e+01  -1.6100000e+02  -2.6175996e+01  -3.0510079e+01  -3.5000000e+01   1.6857464e-01
   8.9439422e+00  -2.2000000e+01  -1.6100000e+02  -2.0884277e+01  -3.9602273e+01  -3.5000000e+01   4.9388401e-01
   1.0770184e+01  -2.2000000e+01  -1.6100000e+02  -1.6684248e+01  -4.7294863e+01  -3.5000000e+01   1.1507241e+00
   1.3688326e+01  -2.2000000e+01  -1.6100000e+02  -1.2822050e+01  -5.3106322e+01  -3.5000000e+01   5.2643933e+00
   1.2789298e+01  -2.2000000e+01  -1.6100000e+02  -1.2677602e+01  -5.2939575e+01  -3.5000000e+01   7.1767432e+00
   1.0658500e+01  -2.2000000e+01  -1.6100000e+02  -1.4240010e+01  -5.0283833e+01  -3.5000000e+01   8.3441543e+00
   9.0016350e+00  -2.2000000e+01  -1.6100000e+02  -1.5765950e+01  -4.7008753e+01  -3.5000000e+01   1.0440250e+01
   6.7388655e+00  -2.2000000e+01  -1.6100000e+02  -1.8731457e+01  -4.2816918e+01  -3.5000000e+01   1.2343596e+01
   4.5683579e+00  -2.2000000e+01  -1.6100000e+02  -2.1289416e+01  -3.9101303e+01  -3.5000000e+01   1.6039028e+01
   3.1956974e+00  -2.2000000e+01  -1.6100000e+02  -2.2899619e+01  -3.5340605e+01  -3.5000000e+01   2.0372835e+01
   1.9263488e+00  -2.2000000e+01  -1.6100000e+02  -2.4722008e+01  -3.1500500e+01  -3.5000000e+01   2.3609933e+01
   1.4637672e+00  -2.2000000e+01  -1.6100000e+02  -2.5508214e+01  -2.8654344e+01  -3.5000000e+01   2.6654558e+01
   1.6461472e+00  -2.2000000e+01  -1.6100000e+02  -2.7008829e+01  -2.5255721e+01  -3.5000000e+01   2.9038394e+01
   1.6944376e+00  -2.2000000e+01  -1.6100000e+02  -2.8336439e+01  -2.2370099e+01  -3.5000000e+01   3.0056331e+01
   1.5730855e+00  -2.2000000e+01  -1.6100000e+02  -2.8471036e+01  -1.9629540e+01  -3.5000000e+01   3.0958238e+01
   9.1208297e-01  -2.2000000e+01  -1.6100000e+02  -2.9170907e+01  -1.6518485e+01  -3.5000000e+01   3.0993083e+01
   8.9638060e-01  -2.2000000e+01  -1.6100000e+02  -2.9567364e+01  -1.3909455e+01  -3.5000000e+01   3.1809034e+01
   1.2979648e+00  -2.2000000e+01  -1.6100000e+02  -2.9240044e+01  -1.1431727e+01  -3.5000000e+01   3.1136107e+01
   1.7488713e+00  -2.2000000e+01  -1.6100000e+02  -2.9156823e+01  -9.1335629e+00  -3.5000000e+01   3.0798632e+01
   2.3440890e+00  -2.2000000e+01  -1.6100000e+02  -2.8463287e+01  -7.2266925e+00  -3.5000000e+01   2.9903435e+01
   3.1741225e+00  -2.2000000e+01  -1.6100000e+02  -2.7584869e+01  -4.8566804e+00  -3.5000000e+01   3.0533928e+01
   3.9171791e+00  -2.2000000e+01  -1.6100000e+02  -2.7570169e+01  -2.7740220e+00  -3.5000000e+01   2.8640811e+01
   4.0268548e+00  -2.2000000e+01  -1.6100000e+02  -2.7160045e+01  -7.0809937e-01  -3.5000000e+01   2.7238525e+01
   4.1235499e+00  -2.2000000e+01  -1.6100000e+02  -2.6228969e+01   1.4278426e+00  -3.5000000e+01   2.6028472e+01
   4.3389148e+00  -2.2000000e+01  -1.6100000e+02  -2.5574565e+01   3.9375273e+00  -3.5000000e+01   2.4358710e+01
   4.1190576e+00  -2.2000000e+01  -1.6100000e+02  -2.4683147e+01   6.4574710e+00  -3.5000000e+01   2.3944208e+01
   3.2287901e+00  -2.2000000e+01  -1.6100000e+02  -2.4334739e+01   8.5422934e+00  -3.5000000e+01   2.1610994e+01
   2.7160732e+00  -2.2000000e+01  -1.6100000e+02  -2.3835872e+01   1.0073474e+01  -3.5000000e+01   1.9656955e+01
   1.9947938e+00  -2.2000000e+01  -1.6100000e+02  -2.3025385e+01   1.2228378e+01  -3.5000000e+01   1.8589249e+01
   1.9626842e+00  -2.2000000e+01  -1.6100000e+02  -2.2315947e+01   1.4598127e+01  -3.5000000e+01   1.6549767e+01
   2.6800670e+00  -2.2000000e+01  -1.6100000e+02  -2.2645675e+01   1.4893388e+01  -3.5000000e+01   1.3971584e+01
   3.3030121e+00  -2.2000000e+01  -1.6100000e+02  -2.5038961e+01   1.1431645e+01  -3.5000000e+01   1.0801834e+01
   4.6273882e+00  -2.2000000e+01  -1.6100000e+02  -2.6688810e+01   5.7629014e+00  -3.5000000e+01   6.6447525e+00
   5.3067093e+00  -2.2000000e+01  -1.6100000e+02  -2.7996555e+01  -1.4208129e+00  -3.5000000e+01   3.7707016e+00
   6.7970641e+00  -2.2000000e+01  -1.6100000e+02  -2.8069228e+01  -9.3127666e+00  -3.5000000e+01   3.3916865e+00
   7.1515108e+00  -2.2000000e+01  -1.6100000e+02  -2.7780221e+01  -1.7545516e+01  -3.5000000e+01   2.0155457e+00
   6.8870179e+00  -2.2000000e+01  -1.6100000e+02  -2.6170435e+01  -2.5424988e+01  -3.5000000e+01   1.2251955e+00
   7.2798953e+00  -2.2000000e+01  -1.6100000e+02  -2.3257343e+01  -3.2123618e+01  -3.5000000e+01   1.7100441e+00
   8.0380034e+00  -2.2000000e+01  -1.6100000e+02  -2.0269560e+01  -3.7822822e+01  -3.5000000e+01   1.4216918e+00
   8.4521319e+00  -2.2000000e+01  -1.6100000e+02  -1.7694143e+01  -4.2716480e+01  -3.5000000e+01   1.8376599e+00
   8.4976073e+00  -2.2000000e+01  -1.6100000e+02  -1.4598017e+01  -4.5866297e+01  -3.5000000e+01   2.3271464e+00
   9.3534486e+00  -2.2000000e+01  -1.6100000e+02  -1.2441724e+01  -4.7194444e+01  -3.5000000e+01   4.9826857e+00
   8.7559161e+00  -2.2000000e+01  -1.6100000e+02  -1.3158375e+01  -4.5914693e+01  -3.5000000e+01   6.2821479e+00
   7.8227927e+00  -2.2000000e+01  -1.6100000e+02  -1.4081384e+01  -4.3698303e+01  -3.5000000e+01   6.9555390e+00
   6.9951559e+00  -2.2000000e+01  -1.6100000e+02  -1.4910660e+01  -4.1398699e+01  -3.5000000e+01   7.7355793e+00
   6.4861064e+00  -2.2000000e+01  -1.6100000e+02  -1.6471384e+01  -3.8424892e+01  -3.5000000e+01   9.5123081e+00
   5.7550992e+00  -2.2000000e+01  -1.6100000e+02  -1.8450413e+01  -3.4830705e+01  -3.5000000e+01   1.0263296e+01
   5.3081611e+00  -2.2000000e+01  -1.6100000e+02  -1.9756809e+01  -3.1533295e+01  -3.5000000e+01   1.1744298e+01
   5.1299192e+00  -2.2000000e+01  -1.6100000e+02  -2.0753699e+01  -2.8719828e+01  -3.5000000e+01   1.4354374e+01
   4.0413766e+00  -2.2000000e+01  -1.6100000e+02  -2.1606929e+01  -2.5742889e+01  -3.5000000e+01   1.6716079e+01
   3.2948112e+00  -2.2000000e+01  -1.6100000e+02  -2.2485051e+01  -2.3253181e+01  -3.5000000e+01   1.8868373e+01
   2.8983471e+00  -2.2000000e+01  -1.6100000e+02  -2.3195093e+01  -2.0918868e+01  -3.5000000e+01   1.9105135e+01
   2.5733647e+00  -2.2000000e+01  -1.6100000e+02  -2.4061223e+01  -1.8875560e+01  -3.5000000e+01   2.0582030e+01
   2.2690237e+00  -2.2000000e+01  -1.6100000e+02  -2.4608601e+01  -1.6386177e+01  -3.5000000e+01   2.1446134e+01
   2.2323078e+00  -2.2000000e+01  -1.6100000e+02  -2.4941425e+01  -1.4031874e+01  -3.5000000e+01   2.1959769e+01
   2.4400524e+00  -2.2000000e+01  -1.6100000e+02  -2.4404709e+01  -1.1920641e+01  -3.5000000e+01   2.1131496e+01
   2.8729061e+00  -2.2000000e+01  -1.6100000e+02  -2.3696135e+01  -9.4944702e+00  -3.5000000e+01   2.1454858e+01
   4.7631442e+00  -2.2000000e+01  -1.6100000e+02  -2.3218326e+01  -6.5099034e+00  -3.5000000e+01   2.2012925e+01
   5.3246061e+00  -2.2000000e+01  -1.6100000e+02  -2.3035512e+01  -3.6841354e+00  -3.5000000e+01   2.0396873e+01
   6.2234565e+00  -2.2000000e+01  -1.6100000e+02  -2.1808603e+01  -1.1026999e+00  -3.5000000e+01   1.8116460e+01
   7.0774685e+00  -2.2000000e+01  -1.6100000e+02  -2.0749267e+01   1.4608860e+00  -3.5000000e+01   1.5735280e+01
   7.9269493e+00  -2.2000000e+01  -1.6100000e+02  -1.9000014e+01   4.0834931e+00  -3.5000000e+01   1.4278824e+01
   7.2367156e+00  -2.2000000e+01  -1.6100000e+02  -1.7601945e+01   6.4235934e+00  -3.5000000e+01   1.2579494e+01
   6.5375755e+00  -2.2000000e+01  -1.6100000e+02  -1.6425083e+01   8.6315924e+00  -3.5000000e+01   1.1707626e+01
   5.8112361e+00  -2.2000000e+01  -1.6100000e+02  -1.5528966e+01   1.0767137e+01  -3.5000000e+01   9.4684749e+00
   5.5419564e+00  -2.2000000e+01  -1.6100000e+02  -1.4604017e+01   1.2715115e+01  -3.5000000e+01   7.8434970e+00
   4.9069614e+00  -2.2000000e+01  -1.6100000e+02  -1.5046275e+01   1.4262275e+01  -3.5000000e+01   5.4416942e+00
   4.7827255e+00  -2.2000000e+01  -1.6100000e+02  -1.6509265e+01   1.2426211e+01  -3.5000000e+01   3.5326909e+00
   5.0866601e+00  -2.2000000e+01  -1.6100000e+02  -2.2119610e+01   8.7637982e+00  -3.5000000e+01   3.8002849e-01
   5.2932337e+00  -2.2000000e+01  -1.6100000e+02  -2.7043983e+01   2.4774790e+00  -3.5000000e+01  -1.8917811e+00
   6.8013401e+00  -2.2000000e+01  -1.6100000e+02  -3.0013737e+01  -4.6496654e+00  -3.5000000e+01  -2.2434695e-01
   6.8141698e+00  -2.2000000e+01  -1.6100000e+02  -3.1656290e+01  -1.2933546e+01  -3.5000000e+01   5.3921201e+00
   6.3762935e+00  -2.2000000e+01  -1.6100000e+02  -3.2429218e+01  -2.0989865e+01  -3.5000000e+01   5.9411182e+00
   6.5430751e+00  -2.2000000e+01  -1.6100000e+02  -2.9223371e+01  -2.9561067e+01  -3.5000000e+01   5.3928542e+00
   8.4083888e+00  -2.2000000e+01  -1.6100000e+02  -2.4185528e+01  -3.7832339e+01  -3.5000000e+01   3.8374710e+00
   1.2120271e+01  -2.2000000e+01  -1.6100000e+02  -1.7853002e+01  -4.6238984e+01  -3.5000000e+01   7.2041277e+00
   1.3285785e+01  -2.2000000e+01  -1.6100000e+02  -1.4499408e+01  -5.1751156e+01  -3.5000000e+01   8.9227075e+00
   1.1890771e+01  -2.2000000e+01  -1.6100000e+02  -1.4550306e+01  -5.1854377e+01  -3.5000000e+01   9.4973314e+00
   1.0282896e+01  -2.2000000e+01  -1.6100000e+02  -1.5342092e+01  -4.9716565e+01  -3.5000000e+01   9.6476758e+00
   8.9808730e+00  -2.2000000e+01  -1.6100000e+02  -1.6498959e+01  -4.6959373e+01  -3.5000000e+01   1.1134340e+01
   7.0648875e+00  -2.2000000e+01  -1.6100000e+02  -1.8682856e+01  -4.3899377e+01  -3.5000000e+01   1.4658917e+01
   4.9610363e+00  -2.2000000e+01  -1.6100000e+02  -2.1194986e+01  -4.0250980e+01  -3.5000000e+01   1.7705128e+01
   3.4445752e+00  -2.2000000e+01  -1.6100000e+02  -2.2842650e+01  -3.6838740e+01  -3.5000000e+01   2.1597771e+01
   2.2084848e+00  -2.2000000e+01  -1.6100000e+02  -2.3835643e+01  -3.3486316e+01  -3.5000000e+01   2.3760418e+01
   1.3052279e+00  -2.2000000e+01  -1.6100000e+02  -2.4660670e+01  -3.0664825e+01  -3.5000000e+01   2.3471739e+01
   1.0213797e+00  -2.2000000e+01  -1.6100000e+02  -2.5344143e+01  -2.8643468e+01  -3.5000000e+01   2.4559707e+01
   1.2483139e+00  -2.2000000e+01  -1.6100000e+02  -2.5828195e+01  -2.6670065e+01  -3.5000000e+01   2.6510122e+01
   1.6864488e+00  -2.2000000e+01  -1.6100000e+02  -2.6835043e+01  -2.4287274e+01  -3.5000000e+01   2.7892226e+01
   1.9978794e+00  -2.2000000e+01  -1.6100000e+02  -2.7432839e+01  -2.2059619e+01  -3.5000000e+01   2.8297400e+01
   1.8369142e+00  -2.2000000e+01  -1.6100000e+02  -2.7854174e+01  -1.9774367e+01  -3.5000000e+01   2.8353557e+01
   1.8736184e+00  -2.2000000e+01  -1.6100000e+02  -2.7329360e+01  -1.7275392e+01  -3.5000000e+01   2.8844721e+01
   1.9198569e+00  -2.2000000e+01  -1.6100000e+02  -2.7080966e+01  -1.5536572e+01  -3.5000000e+01   2.7985530e+01
   1.8486512e+00  -2.2000000e+01  -1.6100000e+02  -2.7048627e+01  -1.3379475e+01  -3.5000000e+01   2.6351421e+01
   2.2980156e+00  -2.2000000e+01  -1.6100000e+02  -2.6312328e+01  -1.1088389e+01  -3.5000000e+01   2.7346788e+01
   2.8486763e+00  -2.2000000e+01  -1.6100000e+02  -2.6296374e+01  -9.0387572e+00  -3.5000000e+01   2.4990627e+01
   3.6339180e+00  -2.2000000e+01  -1.6100000e+02  -2.5909686e+01  -7.0205154e+00  -3.5000000e+01   2.4979105e+01
   4.5461239e+00  -2.2000000e+01  -1.6100000e+02  -2.5349624e+01  -4.1876334e+00  -3.5000000e+01   2.4215902e+01
   5.2881365e+00  -2.2000000e+01  -1.6100000e+02  -2.4618210e+01  -1.4401662e+00  -3.5000000e+01   2.2393811e+01
   5.6748612e+00  -2.2000000e+01  -1.6100000e+02  -2.4356862e+01   3.8830253e-01  -3.5000000e+01   1.9909092e+01
   5.7497885e+00  -2.2000000e+01  -1.6100000e+02  -2.3427528e+01   2.5200515e+00  -3.5000000e+01   1.8956116e+01
   5.7635645e+00  -2.2000000e+01  -1.6100000e+02  -2.2308252e+01   4.3069068e+00  -3.5000000e+01   1.7322745e+01
   5.4905923e+00  -2.2000000e+01  -1.6100000e+02  -2.1524670e+01   5.7968854e+00  -3.5000000e+01   1.6858229e+01
   5.4989657e+00  -2.2000000e+01  -1.6100000e+02  -2.0754966e+01   7.2432732e+00  -3.5000000e+01   1.6763507e+01
   5.5073391e+00  -2.2000000e+01  -1.6100000e+02  -1.9985262e+01   8.6896611e+00  -3.5000000e+01   1.6668784e+01
   5.6027781e+00  -2.2000000e+01  -1.6100000e+02  -2.0200706e+01   1.0023175e+01  -3.5000000e+01   1.5316425e+01
   5.5910248e+00  -2.2000000e+01  -1.6100000e+02  -2.0551839e+01   1.0915627e+01  -3.5000000e+01   1.3098334e+01
   5.0173969e+00  -2.2000000e+01  -1.6100000e+02  -2.2234913e+01   9.0251669e+00  -3.5000000e+01   1.1342070e+01
   5.7350171e+00  -2.2000000e+01  -1.6100000e+02  -2.6684694e+01   3.3672856e+00  -3.5000000e+01   6.6362868e+00
   5.9950673e+00  -2.2000000e+01  -1.6100000e+02  -3.1298749e+01  -3.2367060e+00  -3.5000000e+01   5.2282089e+00
   6.3705394e+00  -2.2000000e+01  -1.6100000e+02  -3.3399592e+01  -1.0607361e+01  -3.5000000e+01   6.7456492e+00
   5.9629569e+00  -2.2000000e+01  -1.6100000e+02  -3.4242633e+01  -1.8348684e+01  -3.5000000e+01   1.0020085e+01
   5.2168819e+00  -2.2000000e+01  -1.6100000e+02  -3.2398916e+01  -2.5099578e+01  -3.5000000e+01   1.2772473e+01
   4.5630353e+00  -2.2000000e+01  -1.6100000e+02  -2.9729472e+01  -3.1122715e+01  -3.5000000e+01   1.4823667e+01
   5.2253543e+00  -2.2000000e+01  -1.6100000e+02  -2.5283281e+01  -3.5940505e+01  -3.5000000e+01   1.7395720e+01
   6.7050555e+00  -2.2000000e+01  -1.6100000e+02  -2.0633086e+01  -3.9907617e+01  -3.5000000e+01   1.7228743e+01
   6.0831707e+00  -2.2000000e+01  -1.6100000e+02  -2.0214107e+01  -4.1084299e+01  -3.5000000e+01   1.7502858e+01
   5.0474927e+00  -2.2000000e+01  -1.6100000e+02  -2.1731107e+01  -3.9871221e+01  -3.5000000e+01   1.7350078e+01
   4.9032149e+00  -2.2000000e+01  -1.6100000e+02  -2.2977825e+01  -3.7675360e+01  -3.5000000e+01   2.0244214e+01
   4.4048932e+00  -2.2000000e+01  -1.6100000e+02  -2.3270040e+01  -3.5709848e+01  -3.5000000e+01   2.1157299e+01
   3.9052587e+00  -2.2000000e+01  -1.6100000e+02  -2.4255717e+01  -3.3344202e+01  -3.5000000e+01   2.2727141e+01
   2.9645421e+00  -2.2000000e+01  -1.6100000e+02  -2.5513998e+01  -3.0144126e+01  -3.5000000e+01   2.2226861e+01
   1.9901940e+00  -2.2000000e+01  -1.6100000e+02  -2.6334637e+01  -2.7197383e+01  -3.5000000e+01   2.4727163e+01
   2.4200670e+00  -2.2000000e+01  -1.6100000e+02  -2.7354567e+01  -2.4157834e+01  -3.5000000e+01   2.6528960e+01
   2.4845827e+00  -2.2000000e+01  -1.6100000e+02  -2.7653424e+01  -2.1249280e+01  -3.5000000e+01   2.6675333e+01
   2.4347479e+00  -2.2000000e+01  -1.6100000e+02  -2.7996026e+01  -1.8300287e+01  -3.5000000e+01   2.6542160e+01
   2.2892573e+00  -2.2000000e+01  -1.6100000e+02  -2.8029921e+01  -1.5718044e+01  -3.5000000e+01   2.7383549e+01
   1.8079758e+00  -2.2000000e+01  -1.6100000e+02  -2.7894069e+01  -1.3197652e+01  -3.5000000e+01   2.6246745e+01
   1.5314509e+00  -2.2000000e+01  -1.6100000e+02  -2.7567549e+01  -1.1209966e+01  -3.5000000e+01   2.6296772e+01
   2.2901367e+00  -2.2000000e+01  -1.6100000e+02  -2.7100228e+01  -8.6699255e+00  -3.5000000e+01   2.7141384e+01
   3.3546558e+00  -2.2000000e+01  -1.6100000e+02  -2.6737211e+01  -6.1833941e+00  -3.5000000e+01   2.6298125e+01
   4.3175958e+00  -2.2000000e+01  -1.6100000e+02  -2.5903304e+01  -3.6288754e+00  -3.5000000e+01   2.5325156e+01
   3.9752378e+00  -2.2000000e+01  -1.6100000e+02  -2.5679295e+01  -1.3702567e+00  -3.5000000e+01   2.4659519e+01
   3.5233459e+00  -2.2000000e+01  -1.6100000e+02  -2.4884846e+01   1.0372502e+00  -3.5000000e+01   2.3889589e+01
   3.9081188e+00  -2.2000000e+01  -1.6100000e+02  -2.4110507e+01   3.8410443e+00  -3.5000000e+01   2.1738983e+01
   3.4660979e+00  -2.2000000e+01  -1.6100000e+02  -2.3677669e+01   6.4463152e+00  -3.5000000e+01   1.8489948e+01
   4.0312212e+00  -2.2000000e+01  -1.6100000e+02  -2.1291850e+01   8.8448373e+00  -3.5000000e+01   1.6650786e+01
   3.8752110e+00  -2.2000000e+01  -1.6100000e+02  -1.9448578e+01   1.0668766e+01  -3.5000000e+01   1.3652215e+01
   3.6860405e+00  -2.2000000e+01  -1.6100000e+02  -1.7719955e+01   1.2970207e+01  -3.5000000e+01   1.1740273e+01
   4.5656735e+00  -2.2000000e+01  -1.6100000e+02  -1.6262166e+01   1.4856488e+01  -3.5000000e+01   9.9585241e+00
   5.6447406e+00  -2.2000000e+01  -1.6100000e+02  -1.4545757e+01   1.6797523e+01  -3.5000000e+01   8.6549905e+00
   6.8712840e+00  -2.2000000e+01  -1.6100000e+02  -1.3160396e+01   1.8498127e+01  -3.5000000e+01   6.7419008e+00
   7.4831114e+00  -2.2000000e+01  -1.6100000e+02  -1.2830392e+01   1.9959647e+01  -3.5000000e+01   4.4742669e+00
   7.1730316e+00  -2.2000000e+01  -1.6100000e+02  -1.4147435e+01   1.8992345e+01  -3.5000000e+01   3.2617048e+00
   6.7490488e+00  -2.2000000e+01  -1.6100000e+02  -1.8024251e+01   1.5064392e+01  -3.5000000e+01  -9.5117035e-01
   6.6510129e+00  -2.2000000e+01  -1.6100000e+02  -2.3209271e+01   1.0423388e+01  -3.5000000e+01  -2.4658687e+00
   6.8865524e+00  -2.2000000e+01  -1.6100000e+02  -2.7991015e+01   3.4171407e+00  -3.5000000e+01  -3.6556935e+00
   8.6586467e+00  -2.2000000e+01  -1.6100000e+02  -2.9851338e+01  -4.3967155e+00  -3.5000000e+01  -8.7996652e-01
   8.9483416e+00  -2.2000000e+01  -1.6100000e+02  -2.9155747e+01  -1.2540985e+01  -3.5000000e+01   2.6250233e+00
   8.4052098e+00  -2.2000000e+01  -1.6100000e+02  -2.7605681e+01  -2.0751447e+01  -3.5000000e+01   5.7828904e+00
   7.9788986e+00  -2.2000000e+01  -1.6100000e+02  -2.4816703e+01  -2.8900095e+01  -3.5000000e+01   8.2549354e+00
   8.4698485e+00  -2.2000000e+01  -1.6100000e+02  -2.1392911e+01  -3.7421680e+01  -3.5000000e+01   9.1086404e+00
   9.5186446e+00  -2.2000000e+01  -1.6100000e+02  -1.8016903e+01  -4.5282578e+01  -3.5000000e+01   8.3088946e+00
   1.1805087e+01  -2.2000000e+01  -1.6100000e+02  -1.4755908e+01  -5.1361248e+01  -3.5000000e+01   9.4541572e+00
   1.2386722e+01  -2.2000000e+01  -1.6100000e+02  -1.3943317e+01  -5.3833117e+01  -3.5000000e+01   7.6273561e+00
   1.1521979e+01  -2.2000000e+01  -1.6100000e+02  -1.4335166e+01  -5.2671949e+01  -3.5000000e+01   9.6212364e+00
   9.9774042e+00  -2.2000000e+01  -1.6100000e+02  -1.5060776e+01  -5.0418706e+01  -3.5000000e+01   1.0529054e+01
   8.1496584e+00  -2.2000000e+01  -1.6100000e+02  -1.7152710e+01  -4.6797352e+01  -3.5000000e+01   1.2455857e+01
   6.5203689e+00  -2.2000000e+01  -1.6100000e+02  -1.9910269e+01  -4.3590874e+01  -3.5000000e+01   1.5802996e+01
   5.2175597e+00  -2.2000000e+01  -1.6100000e+02  -2.2191719e+01  -4.0507213e+01  -3.5000000e+01   1.9425957e+01
   4.0509271e+00  -2.2000000e+01  -1.6100000e+02  -2.3735925e+01  -3.6860450e+01  -3.5000000e+01   2.2111660e+01
   2.8496727e+00  -2.2000000e+01  -1.6100000e+02  -2.5118956e+01  -3.3376190e+01  -3.5000000e+01   2.3162930e+01
   2.1156775e+00  -2.2000000e+01  -1.6100000e+02  -2.5799220e+01  -3.0315783e+01  -3.5000000e+01   2.5299433e+01
   1.8274857e+00  -2.2000000e+01  -1.6100000e+02  -2.6810060e+01  -2.7741818e+01  -3.5000000e+01   2.7618643e+01
   1.2914662e+00  -2.2000000e+01  -1.6100000e+02  -2.8050062e+01  -2.4714564e+01  -3.5000000e+01   3.0129751e+01
   1.1162715e+00  -2.2000000e+01  -1.6100000e+02  -2.8859701e+01  -2.2520826e+01  -3.5000000e+01   3.2449431e+01
   8.2165965e-01  -2.2000000e+01  -1.6100000e+02  -2.9404657e+01  -1.9399895e+01  -3.5000000e+01   3.2818655e+01
   1.7817194e-01  -2.2000000e+01  -1.6100000e+02  -2.9955107e+01  -1.6248087e+01  -3.5000000e+01   3.2545502e+01
   5.2055034e-01  -2.2000000e+01  -1.6100000e+02  -2.9996351e+01  -1.3120137e+01  -3.5000000e+01   3.2904624e+01
   9.9177250e-01  -2.2000000e+01  -1.6100000e+02  -2.9617437e+01  -9.9883177e+00  -3.5000000e+01   3.3535253e+01
   1.8157773e+00  -2.2000000e+01  -1.6100000e+02  -2.9500072e+01  -7.2601010e+00  -3.5000000e+01   3.1691680e+01
   2.4871122e+00  -2.2000000e+01  -1.6100000e+02  -2.9200819e+01  -4.1924179e+00  -3.5000000e+01   3.1451919e+01
   3.9536526e+00  -2.2000000e+01  -1.6100000e+02  -2.8084438e+01  -1.2660601e+00  -3.5000000e+01   3.1273704e+01
   3.9093483e+00  -2.2000000e+01  -1.6100000e+02  -2.7155300e+01   1.4107561e+00  -3.5000000e+01   2.9439671e+01
   3.7039153e+00  -2.2000000e+01  -1.6100000e+02  -2.6777117e+01   3.5335362e+00  -3.5000000e+01   2.6809046e+01
   3.1826094e+00  -2.2000000e+01  -1.6100000e+02  -2.5934112e+01   6.8212416e+00  -3.5000000e+01   2.5892509e+01
   2.9108936e+00  -2.2000000e+01  -1.6100000e+02  -2.4883589e+01   9.3598870e+00  -3.5000000e+01   2.3663515e+01
   2.5938977e+00  -2.2000000e+01  -1.6100000e+02  -2.3347167e+01   1.1571655e+01  -3.5000000e+01   2.1551702e+01
   2.2646502e+00  -2.2000000e+01  -1.6100000e+02  -2.1893608e+01   1.3732979e+01  -3.5000000e+01   1.9381959e+01
   2.0909214e+00  -2.2000000e+01  -1.6100000e+02  -2.0437967e+01   1.5532672e+01  -3.5000000e+01   1.7754657e+01
   2.3013217e+00  -2.2000000e+01  -1.6100000e+02  -1.9684946e+01   1.7352370e+01  -3.5000000e+01   1.6135646e+01
   2.8159121e+00  -2.2000000e+01  -1.6100000e+02  -1.9964517e+01   1.8383605e+01  -3.5000000e+01   1.4333631e+01
   3.6324997e+00  -2.2000000e+01  -1.6100000e+02  -2.1546014e+01   1.7908690e+01  -3.5000000e+01   1.0111053e+01
   4.2936028e+00  -2.2000000e+01  -1.6100000e+02  -2.5614960e+01   1.4959710e+01  -3.5000000e+01   7.0616053e+00
   5.2772774e+00  -2.2000000e+01  -1.6100000e+02  -3.0193773e+01   9.7752337e+00  -3.5000000e+01   7.0963498e+00
   5.7643346e+00  -2.2000000e+01  -1.6100000e+02  -3.4113548e+01   2.0299162e+00  -3.5000000e+01   6.0917033e+00
   6.6979571e+00  -2.2000000e+01  -1.6100000e+02  -3.5082329e+01  -5.8555662e+00  -3.5000000e+01   5.1039328e+00
   7.6284302e+00  -2.2000000e+01  -1.6100000e+02  -3.4145232e+01  -1.4109310e+01  -3.5000000e+01   4.7316735e+00
   8.3380241e+00  -2.2000000e+01  -1.6100000e+02  -3.1283858e+01  -2.2882500e+01  -3.5000000e+01   2.9991614e+00
   1.0178810e+01  -2.2000000e+01  -1.6100000e+02  -2.6735970e+01  -3.2257534e+01  -3.5000000e+01   1.3168357e+00
   1.3193827e+01  -2.2000000e+01  -1.6100000e+02  -2.1251050e+01  -4.1786434e+01  -3.5000000e+01   9.0180750e-01
   1.7982357e+01  -2.2000000e+01  -1.6100000e+02  -1.5447438e+01  -5.0497824e+01  -3.5000000e+01   2.5898626e+00
   1.9116272e+01  -2.2000000e+01  -1.6100000e+02  -1.2338534e+01  -5.4622793e+01  -3.5000000e+01   5.3608077e+00
   1.6507274e+01  -2.2000000e+01  -1.6100000e+02  -1.2216162e+01  -5.3583713e+01  -3.5000000e+01   5.9676765e+00
   1.3397290e+01  -2.2000000e+01  -1.6100000e+02  -1.3532640e+01  -5.0594579e+01  -3.5000000e+01   6.5429619e+00
   1.0859710e+01  -2.2000000e+01  -1.6100000e+02  -1.4972029e+01  -4.6521091e+01  -3.5000000e+01   7.9402834e+00
   9.2109863e+00  -2.2000000e+01  -1.6100000e+02  -1.7155708e+01  -4.3031475e+01  -3.5000000e+01   9.6296309e+00
   7.3439950e+00  -2.2000000e+01  -1.6100000e+02  -1.9669444e+01  -3.9123086e+01  -3.5000000e+01   1.1944186e+01
   5.7500560e+00  -2.2000000e+01  -1.6100000e+02  -2.1792079e+01  -3.5491333e+01  -3.5000000e+01   1.6918250e+01
   4.4192798e+00  -2.2000000e+01  -1.6100000e+02  -2.3286013e+01  -3.2263198e+01  -3.5000000e+01   2.0735668e+01
   3.1903219e+00  -2.2000000e+01  -1.6100000e+02  -2.4824359e+01  -2.8995836e+01  -3.5000000e+01   2.3177966e+01
   2.3815779e+00  -2.2000000e+01  -1.6100000e+02  -2.6097504e+01  -2.6066964e+01  -3.5000000e+01   2.6126436e+01
   2.3944415e+00  -2.2000000e+01  -1.6100000e+02  -2.7726261e+01  -2.3186213e+01  -3.5000000e+01   2.8127443e+01
   2.3363868e+00  -2.2000000e+01  -1.6100000e+02  -2.8304581e+01  -2.0341513e+01  -3.5000000e+01   2.9414057e+01
   1.2766643e+00  -2.2000000e+01  -1.6100000e+02  -2.8945841e+01  -1.7329442e+01  -3.5000000e+01   3.0024388e+01
   1.2213446e+00  -2.2000000e+01  -1.6100000e+02  -2.9372891e+01  -1.4212409e+01  -3.5000000e+01   3.1654369e+01
   1.1285785e+00  -2.2000000e+01  -1.6100000e+02  -2.9489144e+01  -1.1322642e+01  -3.5000000e+01   3.1393856e+01
   1.3583019e+00  -2.2000000e+01  -1.6100000e+02  -2.9172130e+01  -8.9974732e+00  -3.5000000e+01   3.0576432e+01
   2.1448352e+00  -2.2000000e+01  -1.6100000e+02  -2.9292409e+01  -6.0591343e+00  -3.5000000e+01   3.0236687e+01
   2.5421530e+00  -2.2000000e+01  -1.6100000e+02  -2.8752633e+01  -3.5821730e+00  -3.5000000e+01   2.9383916e+01
   2.8911369e+00  -2.2000000e+01  -1.6100000e+02  -2.8464339e+01  -4.3491364e-01  -3.5000000e+01   2.8633567e+01
   3.3528181e+00  -2.2000000e+01  -1.6100000e+02  -2.7017580e+01   2.6681391e+00  -3.5000000e+01   2.7708087e+01
   3.4631850e+00  -2.2000000e+01  -1.6100000e+02  -2.5911148e+01   6.1020225e+00  -3.5000000e+01   2.5350399e+01
   2.6317557e+00  -2.2000000e+01  -1.6100000e+02  -2.5179879e+01   8.8859543e+00  -3.5000000e+01   2.3236752e+01
   1.9424376e+00  -2.2000000e+01  -1.6100000e+02  -2.3985317e+01   1.1069252e+01  -3.5000000e+01   2.1140883e+01
   1.3181617e+00  -2.2000000e+01  -1.6100000e+02  -2.2477288e+01   1.2871537e+01  -3.5000000e+01   1.9007133e+01
   1.2158760e+00  -2.2000000e+01  -1.6100000e+02  -2.1036156e+01   1.4884011e+01  -3.5000000e+01   1.7245238e+01
   2.1665312e+00  -2.2000000e+01  -1.6100000e+02  -1.9925458e+01   1.6850896e+01  -3.5000000e+01   1.5051275e+01
   3.0458044e+00  -2.2000000e+01  -1.6100000e+02  -2.1080158e+01   1.5482976e+01  -3.5000000e+01   1.2572773e+01
   3.4204962e+00  -2.2000000e+01  -1.6100000e+02  -2.3329485e+01   1.1242942e+01  -3.5000000e+01   9.0859803e+00
   4.3916390e+00  -2.2000000e+01  -1.6100000e+02  -2.5050248e+01   5.0036863e+00  -3.5000000e+01   5.7348977e+00
   5.2917252e+00  -2.2000000e+01  -1.6100000e+02  -2.8276951e+01  -2.4346949e+00  -3.5000000e+01   3.9383523e+00
   6.2866285e+00  -2.2000000e+01  -1.6100000e+02  -3.0676383e+01  -1.0316837e+01  -3.5000000e+01   5.5594915e+00
   6.8576683e+00  -2.2000000e+01  -1.6100000e+02  -3.2252737e+01  -1.8516585e+01  -3.5000000e+01   5.7542820e+00
   6.9825056e+00  -2.2000000e+01  -1.6100000e+02  -3.0816743e+01  -2.6711969e+01  -3.5000000e+01   6.9055303e+00
   7.9556354e+00  -2.2000000e+01  -1.6100000e+02  -2.6338000e+01  -3.5259018e+01  -3.5000000e+01   6.8966020e+00
   1.0113245e+01  -2.2000000e+01  -1.6100000e+02  -2.0413156e+01  -4.3726703e+01  -3.5000000e+01   7.9986292e+00
   1.2900032e+01  -2.2000000e+01  -1.6100000e+02  -1.5627102e+01  -5.0185559e+01  -3.5000000e+01   1.0819017e+01
   1.1365140e+01  -2.2000000e+01  -1.6100000e+02  -1.5049051e+01  -5.0426469e+01  -3.5000000e+01   1.0685002e+01
   9.6818786e+00  -2.2000000e+01  -1.6100000e+02  -1.6092930e+01  -4.8150966e+01  -3.5000000e+01   1.1647033e+01
   8.2043944e+00  -2.2000000e+01  -1.6100000e+02  -1.7572167e+01  -4.4927880e+01  -3.5000000e+01   1.2606540e+01
   6.5820238e+00  -2.2000000e+01  -1.6100000e+02  -2.0610710e+01  -4.1328674e+01  -3.5000000e+01   1.5242855e+01
   5.2983125e+00  -2.2000000e+01  -1.6100000e+02  -2.2470748e+01  -3.7321608e+01  -3.5000000e+01   1.7819645e+01
   4.0904149e+00  -2.2000000e+01  -1.6100000e+02  -2.4330175e+01  -3.3868776e+01  -3.5000000e+01   2.1401370e+01
   3.0302639e+00  -2.2000000e+01  -1.6100000e+02  -2.5123663e+01  -2.9844512e+01  -3.5000000e+01   2.3095854e+01
   2.1586480e+00  -2.2000000e+01  -1.6100000e+02  -2.6192726e+01  -2.6828402e+01  -3.5000000e+01   2.6443180e+01
   1.1480880e+00  -2.2000000e+01  -1.6100000e+02  -2.7225087e+01  -2.4070579e+01  -3.5000000e+01   2.7571588e+01
   7.7327058e-01  -2.2000000e+01  -1.6100000e+02  -2.7050466e+01  -2.2115544e+01  -3.5000000e+01   2.7068775e+01
   7.1102944e-01  -2.2000000e+01  -1.6100000e+02  -2.6474366e+01  -2.1056887e+01  -3.5000000e+01   2.6065486e+01
   5.4282596e-01  -2.2000000e+01  -1.6100000e+02  -2.6378316e+01  -2.0170535e+01  -3.5000000e+01   2.4244480e+01
   8.8481944e-01  -2.2000000e+01  -1.6100000e+02  -2.5448534e+01  -1.9404596e+01  -3.5000000e+01   2.1547631e+01
   1.4045968e+00  -2.2000000e+01  -1.6100000e+02  -2.4604427e+01  -1.7994450e+01  -3.5000000e+01   2.0427227e+01
   1.9054853e+00  -2.2000000e+01  -1.6100000e+02  -2.4189996e+01  -1.6597867e+01  -3.5000000e+01   1.9053110e+01
   2.4995430e+00  -2.2000000e+01  -1.6100000e+02  -2.3010067e+01  -1.5320599e+01  -3.5000000e+01   1.7240433e+01
   2.8029871e+00  -2.2000000e+01  -1.6100000e+02  -2.2430677e+01  -1.4086349e+01  -3.5000000e+01   1.6486851e+01
   2.7661295e+00  -2.2000000e+01  -1.6100000e+02  -2.1525555e+01  -1.2031394e+01  -3.5000000e+01   1.5161680e+01
   4.5544678e+00  -2.2000000e+01  -1.6100000e+02  -2.0665420e+01  -9.5018715e+00  -3.5000000e+01   1.3355741e+01
   6.2285877e+00  -2.2000000e+01  -1.6100000e+02  -1.9344158e+01  -6.9395831e+00  -3.5000000e+01   1.3948768e+01
   6.9351195e+00  -2.2000000e+01  -1.6100000e+02  -1.8699247e+01  -5.2595330e+00  -3.5000000e+01   1.2962945e+01
   7.5532770e+00  -2.2000000e+01  -1.6100000e+02  -1.7511542e+01  -3.4622987e+00  -3.5000000e+01   1.1303657e+01
   6.6429429e+00  -2.2000000e+01  -1.6100000e+02  -1.6059256e+01  -1.9239896e+00  -3.5000000e+01   9.4521206e+00
   6.1963194e+00  -2.2000000e+01  -1.6100000e+02  -1.4708875e+01  -2.9842822e-01  -3.5000000e+01   6.9594283e+00
   6.7923091e+00  -2.2000000e+01  -1.6100000e+02  -1.3675134e+01   1.5873634e+00  -3.5000000e+01   5.1681185e+00
   6.3837625e+00  -2.2000000e+01  -1.6100000e+02  -1.3277454e+01   3.5285845e+00  -3.5000000e+01   3.5312629e+00
   5.7451895e+00  -2.2000000e+01  -1.6100000e+02  -1.2637869e+01   5.6708485e+00  -3.5000000e+01   3.6440187e+00
   5.0936400e+00  -2.2000000e+01  -1.6100000e+02  -1.2437432e+01   7.6103494e+00  -3.5000000e+01   2.3374086e+00
   3.9752878e+00  -2.2000000e+01  -1.6100000e+02  -1.4038663e+01   9.6701757e+00  -3.5000000e+01  -3.5472669e-01
   3.9794385e+00  -2.2000000e+01  -1.6100000e+02  -2.0038803e+01   8.6517111e+00  -3.5000000e+01  -4.5215475e+00
   3.7164588e+00  -2.2000000e+01  -1.6100000e+02  -2.5520231e+01   4.8223814e+00  -3.5000000e+01  -6.1469028e+00
   2.9769294e+00  -2.2000000e+01  -1.6100000e+02  -2.8373465e+01  -5.0722641e-01  -3.5000000e+01  -5.0058118e+00
   3.9884932e+00  -2.2000000e+01  -1.6100000e+02  -2.9576731e+01  -7.9645956e+00  -3.5000000e+01  -6.6515097e-01
   4.7034366e+00  -2.2000000e+01  -1.6100000e+02  -2.9855280e+01  -1.5539039e+01  -3.5000000e+01   3.2889864e+00
   4.3359701e+00  -2.2000000e+01  -1.6100000e+02  -2.9328462e+01  -2.3816374e+01  -3.5000000e+01   4.2857862e+00
   5.5931389e+00  -2.2000000e+01  -1.6100000e+02  -2.6717047e+01  -3.2308439e+01  -3.5000000e+01   4.9216425e+00
   6.6349201e+00  -2.2000000e+01  -1.6100000e+02  -2.2822228e+01  -3.9426988e+01  -3.5000000e+01   3.7015744e+00
   1.0158729e+01  -2.2000000e+01  -1.6100000e+02  -1.8278138e+01  -4.6864321e+01  -3.5000000e+01   4.0743445e+00
   1.4319453e+01  -2.2000000e+01  -1.6100000e+02  -1.4061740e+01  -5.1951555e+01  -3.5000000e+01   6.6168945e+00
   1.3669243e+01  -2.2000000e+01  -1.6100000e+02  -1.4163455e+01  -5.1947428e+01  -3.5000000e+01   6.3665326e+00
   1.1089311e+01  -2.2000000e+01  -1.6100000e+02  -1.5016496e+01  -4.9168193e+01  -3.5000000e+01   6.4056604e+00
   9.2010904e+00  -2.2000000e+01  -1.6100000e+02  -1.6591856e+01  -4.5604269e+01  -3.5000000e+01   8.2965089e+00
   7.1181937e+00  -2.2000000e+01  -1.6100000e+02  -1.9979006e+01  -4.2183551e+01  -3.5000000e+01   1.2236532e+01
   5.4314011e+00  -2.2000000e+01  -1.6100000e+02  -2.2267500e+01  -3.8915237e+01  -3.5000000e+01   1.6082255e+01
   3.9084953e+00  -2.2000000e+01  -1.6100000e+02  -2.4100992e+01  -3.5589911e+01  -3.5000000e+01   2.0107093e+01
   2.5848635e+00  -2.2000000e+01  -1.6100000e+02  -2.5593088e+01  -3.2493349e+01  -3.5000000e+01   2.3550248e+01
   1.9706435e+00  -2.2000000e+01  -1.6100000e+02  -2.6385207e+01  -2.9959119e+01  -3.5000000e+01   2.5098717e+01
   1.2910899e+00  -2.2000000e+01  -1.6100000e+02  -2.6726383e+01  -2.7615969e+01  -3.5000000e+01   2.7860340e+01
   5.8267952e-01  -2.2000000e+01  -1.6100000e+02  -2.7689880e+01  -2.5724818e+01  -3.5000000e+01   2.9024682e+01
   3.8322608e-01  -2.2000000e+01  -1.6100000e+02  -2.7748820e+01  -2.4296447e+01  -3.5000000e+01   2.9109250e+01
   9.5985819e-01  -2.2000000e+01  -1.6100000e+02  -2.8526571e+01  -2.3156886e+01  -3.5000000e+01   2.8875649e+01
   1.4945633e+00  -2.2000000e+01  -1.6100000e+02  -2.8367576e+01  -2.2367300e+01  -3.5000000e+01   2.9564440e+01
   1.6962857e+00  -2.2000000e+01  -1.6100000e+02  -2.8209864e+01  -2.1232305e+01  -3.5000000e+01   3.0022581e+01
   1.5967697e+00  -2.2000000e+01  -1.6100000e+02  -2.8879642e+01  -2.0457429e+01  -3.5000000e+01   3.0889427e+01
   1.9431820e+00  -2.2000000e+01  -1.6100000e+02  -2.8812052e+01  -1.9195348e+01  -3.5000000e+01   3.1373152e+01
   1.7077663e+00  -2.2000000e+01  -1.6100000e+02  -2.9208953e+01  -1.8018061e+01  -3.5000000e+01   3.1679033e+01
   1.4413918e+00  -2.2000000e+01  -1.6100000e+02  -2.9469069e+01  -1.6646744e+01  -3.5000000e+01   3.2553645e+01
   1.2838108e+00  -2.2000000e+01  -1.6100000e+02  -2.8464463e+01  -1.5128834e+01  -3.5000000e+01   3.2773674e+01
   1.5548010e-01  -2.2000000e+01  -1.6100000e+02  -2.8157165e+01  -1.3957052e+01  -3.5000000e+01   3.2118171e+01
   5.9544648e-01  -2.2000000e+01  -1.6100000e+02  -2.8085235e+01  -1.2351727e+01  -3.5000000e+01   3.2520152e+01
   1.6896164e+00  -2.2000000e+01  -1.6100000e+02  -2.7594042e+01  -1.0935229e+01  -3.5000000e+01   3.2537962e+01
   2.0942284e+00  -2.2000000e+01  -1.6100000e+02  -2.6992673e+01  -9.4207283e+00  -3.5000000e+01   3.1796743e+01
   2.4967371e+00  -2.2000000e+01  -1.6100000e+02  -2.6881017e+01  -7.5180242e+00  -3.5000000e+01   3.1707407e+01
   2.4095111e+00  -2.2000000e+01  -1.6100000e+02  -2.6576029e+01  -5.7583848e+00  -3.5000000e+01   3.1524581e+01
   2.1185129e+00  -2.2000000e+01  -1.6100000e+02  -2.6831230e+01  -3.5879402e+00  -3.5000000e+01   3.0397465e+01
   2.9458648e+00  -2.2000000e+01  -1.6100000e+02  -2.6480006e+01  -1.7074993e+00  -3.5000000e+01   2.8953191e+01
   3.1867209e+00  -2.2000000e+01  -1.6100000e+02  -2.5876335e+01   9.5135419e-01  -3.5000000e+01   2.7488293e+01
   2.3788495e+00  -2.2000000e+01  -1.6100000e+02  -2.5152814e+01   3.4085277e+00  -3.5000000e+01   2.6647023e+01
   1.7580704e+00  -2.2000000e+01  -1.6100000e+02  -2.4520579e+01   5.6944332e+00  -3.5000000e+01   2.5251292e+01
   1.3001363e+00  -2.2000000e+01  -1.6100000e+02  -2.3639149e+01   8.1038966e+00  -3.5000000e+01   2.3253481e+01
   8.0168587e-01  -2.2000000e+01  -1.6100000e+02  -2.2501604e+01   1.0435079e+01  -3.5000000e+01   2.1458187e+01
   5.0127171e-01  -2.2000000e+01  -1.6100000e+02  -2.1887469e+01   1.2218431e+01  -3.5000000e+01   1.9856303e+01
  -5.1861894e-01  -2.2000000e+01  -1.6100000e+02  -2.2505908e+01   1.3318260e+01  -3.5000000e+01   1.7776383e+01
   3.0052109e-01  -2.2000000e+01  -1.6100000e+02  -2.4387102e+01   1.1225402e+01  -3.5000000e+01   1.5765753e+01
   1.1784697e+00  -2.2000000e+01  -1.6100000e+02  -3.0283388e+01   8.0331241e+00  -3.5000000e+01   1.1538470e+01
   1.4470554e+00  -2.2000000e+01  -1.6100000e+02  -3.4609180e+01   2.2570385e+00  -3.5000000e+01   1.1109818e+01
   1.1217256e+00  -2.2000000e+01  -1.6100000e+02  -3.5787858e+01  -5.3254492e+00  -3.5000000e+01   1.2168654e+01
   1.5573570e+00  -2.2000000e+01  -1.6100000e+02  -3.4851222e+01  -1.3581429e+01  -3.5000000e+01   1.2570334e+01
   2.3001348e+00  -2.2000000e+01  -1.6100000e+02  -3.1239328e+01  -2.1645830e+01  -3.5000000e+01   1.2153484e+01
   3.7227329e+00  -2.2000000e+01  -1.6100000e+02  -2.7098493e+01  -2.9321620e+01  -3.5000000e+01   1.0524091e+01
   5.9352575e+00  -2.2000000e+01  -1.6100000e+02  -2.1109263e+01  -3.6921735e+01  -3.5000000e+01   9.1410003e+00
   8.5310979e+00  -2.2000000e+01  -1.6100000e+02  -1.5538102e+01  -4.3540452e+01  -3.5000000e+01   9.1476301e+00
   1.0707385e+01  -2.2000000e+01  -1.6100000e+02  -1.2959642e+01  -4.6982323e+01  -3.5000000e+01   1.0168570e+01
   1.0193449e+01  -2.2000000e+01  -1.6100000e+02  -1.3282337e+01  -4.6423403e+01  -3.5000000e+01   1.0998395e+01
   9.0950657e+00  -2.2000000e+01  -1.6100000e+02  -1.4032311e+01  -4.4338088e+01  -3.5000000e+01   1.0252428e+01
   8.0368179e+00  -2.2000000e+01  -1.6100000e+02  -1.5466852e+01  -4.1761759e+01  -3.5000000e+01   1.0175612e+01
   7.4479400e+00  -2.2000000e+01  -1.6100000e+02  -1.6155382e+01  -3.9340428e+01  -3.5000000e+01   1.0875927e+01
   6.9317295e+00  -2.2000000e+01  -1.6100000e+02  -1.7985401e+01  -3.6114554e+01  -3.5000000e+01   1.1928482e+01
   6.1717472e+00  -2.2000000e+01  -1.6100000e+02  -1.9868018e+01  -3.2970624e+01  -3.5000000e+01   1.3970819e+01
   5.3498298e+00  -2.2000000e+01  -1.6100000e+02  -2.1674460e+01  -3.0172207e+01  -3.5000000e+01   1.6891436e+01
   3.9073333e+00  -2.2000000e+01  -1.6100000e+02  -2.3241550e+01  -2.7189869e+01  -3.5000000e+01   2.1418575e+01
   3.1665301e+00  -2.2000000e+01  -1.6100000e+02  -2.4176691e+01  -2.4791755e+01  -3.5000000e+01   2.3657982e+01
   2.5093398e+00  -2.2000000e+01  -1.6100000e+02  -2.4922252e+01  -2.2113939e+01  -3.5000000e+01   2.4162429e+01
   2.1793013e+00  -2.2000000e+01  -1.6100000e+02  -2.5628283e+01  -1.9368926e+01  -3.5000000e+01   2.5047428e+01
   1.8008129e+00  -2.2000000e+01  -1.6100000e+02  -2.5938529e+01  -1.6508635e+01  -3.5000000e+01   2.6587121e+01
   1.8058550e+00  -2.2000000e+01  -1.6100000e+02  -2.6372028e+01  -1.3719585e+01  -3.5000000e+01   2.7155530e+01
   2.3266021e+00  -2.2000000e+01  -1.6100000e+02  -2.6134692e+01  -1.1347212e+01  -3.5000000e+01   2.5365615e+01
   2.7868354e+00  -2.2000000e+01  -1.6100000e+02  -2.5635819e+01  -9.3961906e+00  -3.5000000e+01   2.5192868e+01
   3.3153996e+00  -2.2000000e+01  -1.6100000e+02  -2.5144757e+01  -6.8622441e+00  -3.5000000e+01   2.5968488e+01
   3.4684608e+00  -2.2000000e+01  -1.6100000e+02  -2.4647483e+01  -5.0218475e+00  -3.5000000e+01   2.3939764e+01
   4.5068237e+00  -2.2000000e+01  -1.6100000e+02  -2.4202830e+01  -2.8623963e+00  -3.5000000e+01   2.0997660e+01
   5.6201291e+00  -2.2000000e+01  -1.6100000e+02  -2.2917451e+01  -6.7806407e-01  -3.5000000e+01   2.0185941e+01
   6.5413397e+00  -2.2000000e+01  -1.6100000e+02  -2.1789430e+01   1.7396441e+00  -3.5000000e+01   1.9611891e+01
   6.2606557e+00  -2.2000000e+01  -1.6100000e+02  -2.0347926e+01   3.7803485e+00  -3.5000000e+01   1.8159164e+01
   5.5480432e+00  -2.2000000e+01  -1.6100000e+02  -1.8970183e+01   5.4645149e+00  -3.5000000e+01   1.5336921e+01
   4.6336707e+00  -2.2000000e+01  -1.6100000e+02  -1.7687759e+01   7.1903729e+00  -3.5000000e+01   1.3583141e+01
   3.7683147e+00  -2.2000000e+01  -1.6100000e+02  -1.6505200e+01   8.8450565e+00  -3.5000000e+01   1.1208725e+01
   3.1416483e+00  -2.2000000e+01  -1.6100000e+02  -1.5055563e+01   1.0536387e+01  -3.5000000e+01   9.1358740e+00
   2.6010024e+00  -2.2000000e+01  -1.6100000e+02  -1.4082670e+01   1.1919249e+01  -3.5000000e+01   6.4812177e+00
   4.2356795e+00  -2.2000000e+01  -1.6100000e+02  -1.4688948e+01   1.2874235e+01  -3.5000000e+01   3.2291546e+00
   4.3710994e+00  -2.2000000e+01  -1.6100000e+02  -1.9500016e+01   1.1038800e+01  -3.5000000e+01  -5.1501616e-01
   4.5143381e+00  -2.2000000e+01  -1.6100000e+02  -2.5027389e+01   6.9343773e+00  -3.5000000e+01  -1.6319788e+00
   4.1689143e+00  -2.2000000e+01  -1.6100000e+02  -3.0280887e+01   5.7770868e-01  -3.5000000e+01  -1.8587767e+00
   4.6703027e+00  -2.2000000e+01  -1.6100000e+02  -3.3661328e+01  -6.3954510e+00  -3.5000000e+01  -5.5364928e+00
   4.8095690e+00  -2.2000000e+01  -1.6100000e+02  -3.4309847e+01  -1.3732111e+01  -3.5000000e+01  -2.4972980e+00
   5.5616225e+00  -2.2000000e+01  -1.6100000e+02  -3.2138689e+01  -2.2178796e+01  -3.5000000e+01   1.1527555e+00
   6.5820974e+00  -2.2000000e+01  -1.6100000e+02  -2.9079973e+01  -3.1168497e+01  -3.5000000e+01   4.5314060e+00
   7.4985484e+00  -2.2000000e+01  -1.6100000e+02  -2.4371582e+01  -3.9514347e+01  -3.5000000e+01   6.4473069e+00
   9.0655040e+00  -2.2000000e+01  -1.6100000e+02  -1.9028278e+01  -4.6709102e+01  -3.5000000e+01   1.0188377e+01
   1.0026880e+01  -2.2000000e+01  -1.6100000e+02  -1.5351171e+01  -5.0342105e+01  -3.5000000e+01   1.0958115e+01
   8.5312006e+00  -2.2000000e+01  -1.6100000e+02  -1.5544681e+01  -4.9547171e+01  -3.5000000e+01   1.2036189e+01
   7.2415154e+00  -2.2000000e+01  -1.6100000e+02  -1.7437419e+01  -4.6486388e+01  -3.5000000e+01   1.3809770e+01
   5.7709817e+00  -2.2000000e+01  -1.6100000e+02  -2.0023703e+01  -4.3092040e+01  -3.5000000e+01   1.5296176e+01
   4.2232763e+00  -2.2000000e+01  -1.6100000e+02  -2.2397003e+01  -3.9713657e+01  -3.5000000e+01   2.0112976e+01
   2.4566804e+00  -2.2000000e+01  -1.6100000e+02  -2.4320350e+01  -3.5870917e+01  -3.5000000e+01   2.3253850e+01
   1.3044843e+00  -2.2000000e+01  -1.6100000e+02  -2.5863034e+01  -3.2585098e+01  -3.5000000e+01   2.5690348e+01
   1.1235324e+00  -2.2000000e+01  -1.6100000e+02  -2.7483325e+01  -2.9453289e+01  -3.5000000e+01   2.8594547e+01
   8.4616168e-01  -2.2000000e+01  -1.6100000e+02  -2.8031196e+01  -2.6733933e+01  -3.5000000e+01   3.1088647e+01
   3.4204498e-01  -2.2000000e+01  -1.6100000e+02  -2.9405552e+01  -2.4086278e+01  -3.5000000e+01   3.3222661e+01
   1.6206165e-02  -2.2000000e+01  -1.6100000e+02  -3.0126721e+01  -2.1507795e+01  -3.5000000e+01   3.4533815e+01
   1.2565239e-01  -2.2000000e+01  -1.6100000e+02  -3.1075203e+01  -1.8415804e+01  -3.5000000e+01   3.5371268e+01
   3.5604144e-02  -2.2000000e+01  -1.6100000e+02  -3.1627363e+01  -1.5357419e+01  -3.5000000e+01   3.5640582e+01
  -6.9991825e-02  -2.2000000e+01  -1.6100000e+02  -3.2198638e+01  -1.2533155e+01  -3.5000000e+01   3.3873082e+01
   6.8649682e-02  -2.2000000e+01  -1.6100000e+02  -3.2136301e+01  -9.9892129e+00  -3.5000000e+01   3.3641324e+01
   7.8588006e-01  -2.2000000e+01  -1.6100000e+02  -3.0461425e+01  -7.8095723e+00  -3.5000000e+01   3.3682381e+01
   2.1248203e+00  -2.2000000e+01  -1.6100000e+02  -3.0183955e+01  -5.5902872e+00  -3.5000000e+01   3.1991228e+01
   2.8550336e+00  -2.2000000e+01  -1.6100000e+02  -2.9737445e+01  -3.0958159e+00  -3.5000000e+01   3.1716088e+01
   3.2123550e+00  -2.2000000e+01  -1.6100000e+02  -2.8663714e+01  -5.3789820e-01  -3.5000000e+01   3.0281889e+01
   3.1951558e+00  -2.2000000e+01  -1.6100000e+02  -2.7683982e+01   2.2989344e+00  -3.5000000e+01   2.8736978e+01
   2.7417972e+00  -2.2000000e+01  -1.6100000e+02  -2.6620840e+01   4.9018657e+00  -3.5000000e+01   2.8225649e+01
   2.6487869e+00  -2.2000000e+01  -1.6100000e+02  -2.5290682e+01   7.7377834e+00  -3.5000000e+01   2.7755233e+01
   2.8806007e+00  -2.2000000e+01  -1.6100000e+02  -2.4868292e+01   8.9222175e+00  -3.5000000e+01   2.4287006e+01
   2.6665745e+00  -2.2000000e+01  -1.6100000e+02  -2.3724052e+01   1.0421805e+01  -3.5000000e+01   2.2444777e+01
   2.4943185e+00  -2.2000000e+01  -1.6100000e+02  -2.2631759e+01   1.1937966e+01  -3.5000000e+01   2.0441744e+01
   2.1267924e+00  -2.2000000e+01  -1.6100000e+02  -2.1317847e+01   1.3711815e+01  -3.5000000e+01   1.8403175e+01
   2.6918982e+00  -2.2000000e+01  -1.6100000e+02  -1.9634461e+01   1.5445826e+01  -3.5000000e+01   1.7152910e+01
   3.2255638e+00  -2.2000000e+01  -1.6100000e+02  -1.8795651e+01   1.7051231e+01  -3.5000000e+01   1.5135327e+01
   3.8939661e+00  -2.2000000e+01  -1.6100000e+02  -2.0025321e+01   1.7178247e+01  -3.5000000e+01   1.2790071e+01
   5.1667656e+00  -2.2000000e+01  -1.6100000e+02  -2.3225001e+01   1.2186901e+01  -3.5000000e+01   9.4538893e+00
   5.1861226e+00  -2.2000000e+01  -1.6100000e+02  -2.5969195e+01   6.5580672e+00  -3.5000000e+01   5.7979116e+00
   5.0887079e+00  -2.2000000e+01  -1.6100000e+02  -2.8159347e+01   4.2574893e-01  -3.5000000e+01   3.0444795e+00
   5.4868836e+00  -2.2000000e+01  -1.6100000e+02  -2.8731972e+01  -6.9301269e+00  -3.5000000e+01   5.1006518e+00
   5.7542152e+00  -2.2000000e+01  -1.6100000e+02  -2.9014564e+01  -1.4125879e+01  -3.5000000e+01   6.5672019e+00
   5.5430622e+00  -2.2000000e+01  -1.6100000e+02  -2.9701387e+01  -2.2179415e+01  -3.5000000e+01   7.3907522e+00
   6.0439220e+00  -2.2000000e+01  -1.6100000e+02  -2.6941012e+01  -3.0649622e+01  -3.5000000e+01   6.7392531e+00
   7.8156000e+00  -2.2000000e+01  -1.6100000e+02  -2.1890003e+01  -3.8724057e+01  -3.5000000e+01   7.1277974e+00
   1.0209391e+01  -2.2000000e+01  -1.6100000e+02  -1.6061300e+01  -4.5844620e+01  -3.5000000e+01   9.3306748e+00
   1.0231930e+01  -2.2000000e+01  -1.6100000e+02  -1.4207258e+01  -4.8419578e+01  -3.5000000e+01   9.7175318e+00
   9.0509183e+00  -2.2000000e+01  -1.6100000e+02  -1.4918348e+01  -4.6876373e+01  -3.5000000e+01   9.7393806e+00
   8.0764687e+00  -2.2000000e+01  -1.6100000e+02  -1.5889227e+01  -4.4404727e+01  -3.5000000e+01   9.7545897e+00
   6.9250830e+00  -2.2000000e+01  -1.6100000e+02  -1.7804682e+01  -4.1204506e+01  -3.5000000e+01   1.1172425e+01
   5.6173073e+00  -2.2000000e+01  -1.6100000e+02  -2.0034264e+01  -3.8066921e+01  -3.5000000e+01   1.2992506e+01
   4.6837938e+00  -2.2000000e+01  -1.6100000e+02  -2.1623965e+01  -3.4615940e+01  -3.5000000e+01   1.7116616e+01
   3.4699160e+00  -2.2000000e+01  -1.6100000e+02  -2.2809707e+01  -3.1744034e+01  -3.5000000e+01   1.9079215e+01
   2.2586742e+00  -2.2000000e+01  -1.6100000e+02  -2.3996161e+01  -2.8745315e+01  -3.5000000e+01   2.1656779e+01
   1.8737770e+00  -2.2000000e+01  -1.6100000e+02  -2.4722985e+01  -2.6012181e+01  -3.5000000e+01   2.4181682e+01
   1.6567089e+00  -2.2000000e+01  -1.6100000e+02  -2.5338462e+01  -2.3742687e+01  -3.5000000e+01   2.4685993e+01
   1.4348484e+00  -2.2000000e+01  -1.6100000e+02  -2.6050265e+01  -2.1125386e+01  -3.5000000e+01   2.4320569e+01
   1.6630675e+00  -2.2000000e+01  -1.6100000e+02  -2.6133866e+01  -1.8680099e+01  -3.5000000e+01   2.6264774e+01
   7.9187115e-01  -2.2000000e+01  -1.6100000e+02  -2.6843557e+01  -1.6194883e+01  -3.5000000e+01   2.6293018e+01
   1.3924068e+00  -2.2000000e+01  -1.6100000e+02  -2.6493937e+01  -1.3448888e+01  -3.5000000e+01   2.5589441e+01
   2.1852355e+00  -2.2000000e+01  -1.6100000e+02  -2.6385386e+01  -1.1198670e+01  -3.5000000e+01   2.5107458e+01
   3.3991951e+00  -2.2000000e+01  -1.6100000e+02  -2.5732805e+01  -8.4695140e+00  -3.5000000e+01   2.5756436e+01
   3.5059416e+00  -2.2000000e+01  -1.6100000e+02  -2.5568643e+01  -5.6294030e+00  -3.5000000e+01   2.5638939e+01
   5.1919581e+00  -2.2000000e+01  -1.6100000e+02  -2.5315105e+01  -2.9000685e+00  -3.5000000e+01   2.3448658e+01
   6.2042644e+00  -2.2000000e+01  -1.6100000e+02  -2.4305009e+01   1.5511531e-01  -3.5000000e+01   2.0895295e+01
   6.4084114e+00  -2.2000000e+01  -1.6100000e+02  -2.3087108e+01   2.2773744e+00  -3.5000000e+01   1.9735313e+01
   6.4587727e+00  -2.2000000e+01  -1.6100000e+02  -2.1473164e+01   4.4524691e+00  -3.5000000e+01   1.7768342e+01
   6.7756557e+00  -2.2000000e+01  -1.6100000e+02  -2.0183740e+01   6.5768094e+00  -3.5000000e+01   1.6074689e+01
   6.6776727e+00  -2.2000000e+01  -1.6100000e+02  -1.8489587e+01   8.3325323e+00  -3.5000000e+01   1.3658948e+01
   5.6563591e+00  -2.2000000e+01  -1.6100000e+02  -1.7219539e+01   1.0470580e+01  -3.5000000e+01   1.1870388e+01
   4.8944953e+00  -2.2000000e+01  -1.6100000e+02  -1.5817378e+01   1.2121858e+01  -3.5000000e+01   9.5030356e+00
   4.2802257e+00  -2.2000000e+01  -1.6100000e+02  -1.4819450e+01   1.4199173e+01  -3.5000000e+01   7.4823418e+00
   4.2812046e+00  -2.2000000e+01  -1.6100000e+02  -1.6746643e+01   1.5459361e+01  -3.5000000e+01   3.9071195e+00
   5.0053864e+00  -2.2000000e+01  -1.6100000e+02  -1.8969731e+01   1.5010914e+01  -3.5000000e+01   3.1971852e-01
   5.3105319e+00  -2.2000000e+01  -1.6100000e+02  -2.1824875e+01   1.0632528e+01  -3.5000000e+01  -4.9728146e-01
   6.6692716e+00  -2.2000000e+01  -1.6100000e+02  -2.4178635e+01   3.3270405e+00  -3.5000000e+01  -2.9221979e+00
   7.6876089e+00  -2.2000000e+01  -1.6100000e+02  -2.5944596e+01  -4.6592296e+00  -3.5000000e+01  -2.1625012e+00
   8.4907434e+00  -2.2000000e+01  -1.6100000e+02  -2.7079410e+01  -1.3017754e+01  -3.5000000e+01   1.6681231e+00
   8.0558747e+00  -2.2000000e+01  -1.6100000e+02  -2.8275782e+01  -2.1546114e+01  -3.5000000e+01   2.8575949e+00
   7.4143897e+00  -2.2000000e+01  -1.6100000e+02  -2.7352936e+01  -3.0131911e+01  -3.5000000e+01   3.4836160e+00
   7.3385835e+00  -2.2000000e+01  -1.6100000e+02  -2.4655512e+01  -3.7134876e+01  -3.5000000e+01   2.3454708e+00
   8.1082594e+00  -2.2000000e+01  -1.6100000e+02  -2.0789814e+01  -4.2870053e+01  -3.5000000e+01   2.3540814e+00
   8.5657874e+00  -2.2000000e+01  -1.6100000e+02  -1.6824248e+01  -4.6701230e+01  -3.5000000e+01   2.1777358e+00
   1.0180131e+01  -2.2000000e+01  -1.6100000e+02  -1.3271968e+01  -4.8700351e+01  -3.5000000e+01   5.9430360e+00
   9.0418764e+00  -2.2000000e+01  -1.6100000e+02  -1.3999340e+01  -4.7518376e+01  -3.5000000e+01   6.7832758e+00
   7.9803489e+00  -2.2000000e+01  -1.6100000e+02  -1.4805862e+01  -4.4899671e+01  -3.5000000e+01   7.5103957e+00
   7.3400549e+00  -2.2000000e+01  -1.6100000e+02  -1.6456061e+01  -4.2090525e+01  -3.5000000e+01   9.0374680e+00
   6.4475015e+00  -2.2000000e+01  -1.6100000e+02  -1.8608968e+01  -3.9081819e+01  -3.5000000e+01   1.0135148e+01
   5.6048720e+00  -2.2000000e+01  -1.6100000e+02  -2.0370581e+01  -3.5949882e+01  -3.5000000e+01   1.2472818e+01
   4.8488445e+00  -2.2000000e+01  -1.6100000e+02  -2.1784002e+01  -3.2772729e+01  -3.5000000e+01   1.5825800e+01
   4.0154633e+00  -2.2000000e+01  -1.6100000e+02  -2.2703679e+01  -2.9977768e+01  -3.5000000e+01   1.8808572e+01
   3.1829715e+00  -2.2000000e+01  -1.6100000e+02  -2.2775623e+01  -2.7377953e+01  -3.5000000e+01   2.0088309e+01
   2.4340441e+00  -2.2000000e+01  -1.6100000e+02  -2.3378425e+01  -2.4647495e+01  -3.5000000e+01   2.0457305e+01
   2.7536689e+00  -2.2000000e+01  -1.6100000e+02  -2.3668548e+01  -2.2790703e+01  -3.5000000e+01   2.1194453e+01
   2.8015286e+00  -2.2000000e+01  -1.6100000e+02  -2.4313128e+01  -2.0378499e+01  -3.5000000e+01   2.1326091e+01
   2.7403224e+00  -2.2000000e+01  -1.6100000e+02  -2.4770217e+01  -1.8074583e+01  -3.5000000e+01   2.1909816e+01
   2.7851129e+00  -2.2000000e+01  -1.6100000e+02  -2.4911293e+01  -1.5717376e+01  -3.5000000e+01   2.3070956e+01
   2.7336998e+00  -2.2000000e+01  -1.6100000e+02  -2.4893804e+01  -1.3654073e+01  -3.5000000e+01   2.1917754e+01
   2.8608330e+00  -2.2000000e+01  -1.6100000e+02  -2.4686419e+01  -1.1525943e+01  -3.5000000e+01   2.1318468e+01
   3.0283013e+00  -2.2000000e+01  -1.6100000e+02  -2.4168068e+01  -9.3159625e+00  -3.5000000e+01   2.1430816e+01
   3.4051463e+00  -2.2000000e+01  -1.6100000e+02  -2.4058271e+01  -6.2000379e+00  -3.5000000e+01   2.2946103e+01
   3.7803850e+00  -2.2000000e+01  -1.6100000e+02  -2.3316398e+01  -3.9575666e+00  -3.5000000e+01   2.2075209e+01
   4.5189470e+00  -2.2000000e+01  -1.6100000e+02  -2.3148082e+01  -2.1520554e+00  -3.5000000e+01   1.9216685e+01
   5.2604208e+00  -2.2000000e+01  -1.6100000e+02  -2.2061724e+01   5.7341364e-01  -3.5000000e+01   1.8540950e+01
   5.9302617e+00  -2.2000000e+01  -1.6100000e+02  -2.1048209e+01   2.1163417e+00  -3.5000000e+01   1.6208916e+01
   6.2640737e+00  -2.2000000e+01  -1.6100000e+02  -1.9637586e+01   4.1623269e+00  -3.5000000e+01   1.4830073e+01
   6.4128049e+00  -2.2000000e+01  -1.6100000e+02  -1.8399016e+01   5.8200581e+00  -3.5000000e+01   1.3599778e+01
   6.0732290e+00  -2.2000000e+01  -1.6100000e+02  -1.7691297e+01   7.6568794e+00  -3.5000000e+01   1.3048001e+01
   4.7072168e+00  -2.2000000e+01  -1.6100000e+02  -1.7261029e+01   9.6366517e+00  -3.5000000e+01   1.1864476e+01
   4.3528388e+00  -2.2000000e+01  -1.6100000e+02  -1.6393579e+01   1.1615503e+01  -3.5000000e+01   9.7816316e+00
   3.7731671e+00  -2.2000000e+01  -1.6100000e+02  -1.6174353e+01   1.2945746e+01  -3.5000000e+01   8.2496606e+00
   3.6329913e+00  -2.2000000e+01  -1.6100000e+02  -1.7154360e+01   1.2690444e+01  -3.5000000e+01   6.3878485e+00
   4.7368270e+00  -2.2000000e+01  -1.6100000e+02  -2.0862660e+01   7.3489424e+00  -3.5000000e+01   3.8650858e+00
   4.6577980e+00  -2.2000000e+01  -1.6100000e+02  -2.4081335e+01   1.0538782e+00  -3.5000000e+01   9.1549362e-01
   4.9780022e+00  -2.2000000e+01  -1.6100000e+02  -2.5868863e+01  -6.8999069e+00  -3.5000000e+01   5.0621621e+00
   5.3422881e+00  -2.2000000e+01  -1.6100000e+02  -2.6417507e+01  -1.4881182e+01  -3.5000000e+01   9.5822804e+00
   4.7989980e+00  -2.2000000e+01  -1.6100000e+02  -2.5652354e+01  -2.3221451e+01  -3.5000000e+01   1.3427661e+01
   5.3089113e+00  -2.2000000e+01  -1.6100000e+02  -2.2026498e+01  -3.1667312e+01  -3.5000000e+01   1.6031043e+01
   5.1201170e+00  -2.2000000e+01  -1.6100000e+02  -1.9363235e+01  -3.7470731e+01  -3.5000000e+01   1.6192927e+01
   4.3168876e+00  -2.2000000e+01  -1.6100000e+02  -1.8998064e+01  -3.8445471e+01  -3.5000000e+01   1.6075688e+01
   3.7685327e+00  -2.2000000e+01  -1.6100000e+02  -2.0025951e+01  -3.7012378e+01  -3.5000000e+01   1.7220129e+01
   3.6815364e+00  -2.2000000e+01  -1.6100000e+02  -2.1096949e+01  -3.5645657e+01  -3.5000000e+01   1.8798115e+01
   3.3109674e+00  -2.2000000e+01  -1.6100000e+02  -2.2501105e+01  -3.3266909e+01  -3.5000000e+01   2.1103542e+01
   2.7703709e+00  -2.2000000e+01  -1.6100000e+02  -2.3720583e+01  -3.0721797e+01  -3.5000000e+01   2.2844112e+01
   2.3329194e+00  -2.2000000e+01  -1.6100000e+02  -2.4508706e+01  -2.7916051e+01  -3.5000000e+01   2.4579936e+01
   1.8825648e+00  -2.2000000e+01  -1.6100000e+02  -2.4924884e+01  -2.4949559e+01  -3.5000000e+01   2.6029104e+01
   1.5985103e+00  -2.2000000e+01  -1.6100000e+02  -2.5524553e+01  -2.2023807e+01  -3.5000000e+01   2.6497167e+01
   1.2004182e+00  -2.2000000e+01  -1.6100000e+02  -2.6473028e+01  -1.9463075e+01  -3.5000000e+01   2.6256130e+01
   8.2142623e-01  -2.2000000e+01  -1.6100000e+02  -2.7008534e+01  -1.6606605e+01  -3.5000000e+01   2.6661289e+01
   7.0079965e-01  -2.2000000e+01  -1.6100000e+02  -2.6744045e+01  -1.4339585e+01  -3.5000000e+01   2.6025766e+01
   8.9912983e-01  -2.2000000e+01  -1.6100000e+02  -2.5960351e+01  -1.2313683e+01  -3.5000000e+01   2.4137237e+01
   1.3784971e+00  -2.2000000e+01  -1.6100000e+02  -2.5565872e+01  -1.0666877e+01  -3.5000000e+01   2.2989869e+01
   1.7525708e+00  -2.2000000e+01  -1.6100000e+02  -2.4985446e+01  -8.5867966e+00  -3.5000000e+01   2.2417594e+01
   2.8205653e+00  -2.2000000e+01  -1.6100000e+02  -2.4637561e+01  -6.7027684e+00  -3.5000000e+01   2.2109333e+01
   3.8481128e+00  -2.2000000e+01  -1.6100000e+02  -2.4058044e+01  -4.5239406e+00  -3.5000000e+01   2.1304657e+01
   4.4084255e+00  -2.2000000e+01  -1.6100000e+02  -2.3300805e+01  -2.6200115e+00  -3.5000000e+01   1.9328520e+01
   5.3276714e+00  -2.2000000e+01  -1.6100000e+02  -2.2229997e+01  -3.1947894e-01  -3.5000000e+01   1.9249862e+01
   6.2457243e+00  -2.2000000e+01  -1.6100000e+02  -2.1389177e+01   2.0656799e+00  -3.5000000e+01   1.7655727e+01
   6.2955682e+00  -2.2000000e+01  -1.6100000e+02  -2.0153902e+01   4.1104309e+00  -3.5000000e+01   1.3783869e+01
   6.1121780e+00  -2.2000000e+01  -1.6100000e+02  -1.8513116e+01   6.0900768e+00  -3.5000000e+01   1.1354242e+01
   6.3732709e+00  -2.2000000e+01  -1.6100000e+02  -1.5811463e+01   7.9387767e+00  -3.5000000e+01   1.1543545e+01
   6.7473329e+00  -2.2000000e+01  -1.6100000e+02  -1.4463889e+01   1.0609697e+01  -3.5000000e+01   9.9139682e+00
   6.0223246e+00  -2.2000000e+01  -1.6100000e+02  -1.2993391e+01   1.2606838e+01  -3.5000000e+01   7.0571021e+00
   5.4388103e+00  -2.2000000e+01  -1.6100000e+02  -1.1145949e+01   1.4661879e+01  -3.5000000e+01   5.0680014e+00
   5.3786818e+00  -2.2000000e+01  -1.6100000e+02  -9.5055088e+00   1.6498106e+01  -3.5000000e+01   3.1504295e+00
   6.3141402e+00  -2.2000000e+01  -1.6100000e+02  -8.2922764e+00   1.8409905e+01  -3.5000000e+01   1.4918549e+00
   6.0860675e+00  -2.2000000e+01  -1.6100000e+02  -9.1456972e+00   1.9978964e+01  -3.5000000e+01  -1.8767403e+00
   6.7136509e+00  -2.2000000e+01  -1.6100000e+02  -1.3490362e+01   1.8325182e+01  -3.5000000e+01  -6.4398573e+00
   7.1053770e+00  -2.2000000e+01  -1.6100000e+02  -2.0173692e+01   1.5607342e+01  -3.5000000e+01  -8.7784364e+00
   7.3692518e+00  -2.2000000e+01  -1.6100000e+02  -2.4509595e+01   1.0552274e+01  -3.5000000e+01  -5.8651139e+00
   7.6936286e+00  -2.2000000e+01  -1.6100000e+02  -2.6942415e+01   3.2011517e+00  -3.5000000e+01  -3.8861391e-01
   7.8650001e+00  -2.2000000e+01  -1.6100000e+02  -2.8812559e+01  -4.9013489e+00  -3.5000000e+01   6.4158283e+00
   7.7456760e+00  -2.2000000e+01  -1.6100000e+02  -2.9607643e+01  -1.3486443e+01  -3.5000000e+01   1.2203244e+01
   6.2135721e+00  -2.2000000e+01  -1.6100000e+02  -3.0315314e+01  -2.1071628e+01  -3.5000000e+01   1.2302464e+01
   4.5215053e+00  -2.2000000e+01  -1.6100000e+02  -3.0675120e+01  -2.7978322e+01  -3.5000000e+01   1.2760467e+01
   3.5603969e+00  -2.2000000e+01  -1.6100000e+02  -2.9606090e+01  -3.3222181e+01  -3.5000000e+01   1.4162429e+01
   3.3827090e+00  -2.2000000e+01  -1.6100000e+02  -2.7314773e+01  -3.7796736e+01  -3.5000000e+01   1.5475706e+01
   4.9658841e+00  -2.2000000e+01  -1.6100000e+02  -2.3645750e+01  -4.0322257e+01  -3.5000000e+01   1.7111706e+01
   5.9266033e+00  -2.2000000e+01  -1.6100000e+02  -2.0328667e+01  -4.0749054e+01  -3.5000000e+01   1.5204221e+01
   5.4316898e+00  -2.2000000e+01  -1.6100000e+02  -2.1533067e+01  -4.0511993e+01  -3.5000000e+01   1.5513116e+01
   5.0220263e+00  -2.2000000e+01  -1.6100000e+02  -2.3064830e+01  -3.9041281e+01  -3.5000000e+01   1.8605183e+01
   4.2828050e+00  -2.2000000e+01  -1.6100000e+02  -2.4275987e+01  -3.6747129e+01  -3.5000000e+01   2.1062326e+01
   3.0383168e+00  -2.2000000e+01  -1.6100000e+02  -2.5970688e+01  -3.3944752e+01  -3.5000000e+01   2.3949416e+01
   1.9783821e+00  -2.2000000e+01  -1.6100000e+02  -2.7115750e+01  -3.1182187e+01  -3.5000000e+01   2.5124477e+01
   1.0239357e+00  -2.2000000e+01  -1.6100000e+02  -2.8068014e+01  -2.8528400e+01  -3.5000000e+01   2.7675005e+01
   1.2572501e+00  -2.2000000e+01  -1.6100000e+02  -2.8873362e+01  -2.5881996e+01  -3.5000000e+01   2.9962058e+01
   1.6354241e+00  -2.2000000e+01  -1.6100000e+02  -2.8769469e+01  -2.3499510e+01  -3.5000000e+01   3.1049385e+01
   1.6526308e+00  -2.2000000e+01  -1.6100000e+02  -2.9212433e+01  -2.1381997e+01  -3.5000000e+01   3.1539020e+01
   1.7077803e+00  -2.2000000e+01  -1.6100000e+02  -2.9333540e+01  -1.9145146e+01  -3.5000000e+01   3.2022432e+01
   1.1112489e+00  -2.2000000e+01  -1.6100000e+02  -2.9856161e+01  -1.7026618e+01  -3.5000000e+01   3.2015709e+01
   6.1544529e-01  -2.2000000e+01  -1.6100000e+02  -3.0233845e+01  -1.4618395e+01  -3.5000000e+01   3.2642557e+01
   8.4255912e-01  -2.2000000e+01  -1.6100000e+02  -2.9754861e+01  -1.2616969e+01  -3.5000000e+01   3.2858334e+01
   1.1107910e+00  -2.2000000e+01  -1.6100000e+02  -2.9678889e+01  -1.0742861e+01  -3.5000000e+01   3.1019018e+01
   1.4260728e+00  -2.2000000e+01  -1.6100000e+02  -2.9220311e+01  -8.7409383e+00  -3.5000000e+01   2.9859564e+01
   1.8094105e+00  -2.2000000e+01  -1.6100000e+02  -2.8428189e+01  -6.7962199e+00  -3.5000000e+01   2.8749292e+01
   2.5894429e+00  -2.2000000e+01  -1.6100000e+02  -2.7874795e+01  -5.0382119e+00  -3.5000000e+01   2.8922328e+01
   3.0442761e+00  -2.2000000e+01  -1.6100000e+02  -2.6761971e+01  -3.1527534e+00  -3.5000000e+01   2.8482618e+01
   3.2177867e+00  -2.2000000e+01  -1.6100000e+02  -2.6332548e+01  -1.1597341e+00  -3.5000000e+01   2.6262947e+01
   4.0870242e+00  -2.2000000e+01  -1.6100000e+02  -2.5382276e+01   1.4275022e+00  -3.5000000e+01   2.4470828e+01
   5.0918375e+00  -2.2000000e+01  -1.6100000e+02  -2.4250290e+01   4.0162325e+00  -3.5000000e+01   2.3058011e+01
   4.8168873e+00  -2.2000000e+01  -1.6100000e+02  -2.3336669e+01   6.0574438e+00  -3.5000000e+01   2.2504271e+01
   5.0936727e+00  -2.2000000e+01  -1.6100000e+02  -2.2669924e+01   7.6125374e+00  -3.5000000e+01   1.9315528e+01
   5.4265655e+00  -2.2000000e+01  -1.6100000e+02  -2.1516363e+01   9.3862619e+00  -3.5000000e+01   1.7037148e+01
   4.9646828e+00  -2.2000000e+01  -1.6100000e+02  -1.9940188e+01   1.0844026e+01  -3.5000000e+01   1.6407588e+01
   4.7788358e+00  -2.2000000e+01  -1.6100000e+02  -1.8758360e+01   1.2600942e+01  -3.5000000e+01   1.4568198e+01
   4.7247574e+00  -2.2000000e+01  -1.6100000e+02  -1.7514775e+01   1.4424020e+01  -3.5000000e+01   1.3278062e+01
   4.8063931e+00  -2.2000000e+01  -1.6100000e+02  -1.6618063e+01   1.5787371e+01  -3.5000000e+01   1.3097102e+01
   4.9834896e+00  -2.2000000e+01  -1.6100000e+02  -1.6173998e+01   1.7051487e+01  -3.5000000e+01   1.1374344e+01
   5.6772583e+00  -2.2000000e+01  -1.6100000e+02  -1.7773742e+01   1.6886782e+01  -3.5000000e+01   8.2362641e+00
   6.1337006e+00  -2.2000000e+01  -1.6100000e+02  -2.4228700e+01   1.4352352e+01  -3.5000000e+01   3.8924097e+00
   6.5577409e+00  -2.2000000e+01  -1.6100000e+02  -2.9603257e+01   8.4200971e+00  -3.5000000e+01   3.3862259e+00
   7.3870037e+00  -2.2000000e+01  -1.6100000e+02  -3.2150204e+01   1.1455051e+00  -3.5000000e+01   7.2778246e+00
   7.2638782e+00  -2.2000000e+01  -1.6100000e+02  -3.3085780e+01  -7.2653432e+00  -3.5000000e+01   1.2466654e+01
   7.6728927e+00  -2.2000000e+01  -1.6100000e+02  -3.1528560e+01  -1.5726651e+01  -3.5000000e+01   1.5629788e+01
   7.1017517e+00  -2.2000000e+01  -1.6100000e+02  -2.9543913e+01  -2.3779137e+01  -3.5000000e+01   1.5745632e+01
   7.0901372e+00  -2.2000000e+01  -1.6100000e+02  -2.4463165e+01  -3.2359990e+01  -3.5000000e+01   1.6461758e+01
   7.5173139e+00  -2.2000000e+01  -1.6100000e+02  -1.9393744e+01  -3.8370566e+01  -3.5000000e+01   1.4810458e+01
   7.2526762e+00  -2.2000000e+01  -1.6100000e+02  -1.7929628e+01  -4.0643833e+01  -3.5000000e+01   1.3978732e+01
   6.7580339e+00  -2.2000000e+01  -1.6100000e+02  -1.8300194e+01  -4.0168373e+01  -3.5000000e+01   1.2819384e+01
   6.2660007e+00  -2.2000000e+01  -1.6100000e+02  -1.9677725e+01  -3.9123541e+01  -3.5000000e+01   1.3667351e+01
   6.0334160e+00  -2.2000000e+01  -1.6100000e+02  -2.0628917e+01  -3.7288225e+01  -3.5000000e+01   1.6021790e+01
   5.2815841e+00  -2.2000000e+01  -1.6100000e+02  -2.1928796e+01  -3.4491298e+01  -3.5000000e+01   1.9015381e+01
   4.2071915e+00  -2.2000000e+01  -1.6100000e+02  -2.3175226e+01  -3.1494617e+01  -3.5000000e+01   1.9398979e+01
   2.9785599e+00  -2.2000000e+01  -1.6100000e+02  -2.4496351e+01  -2.8342842e+01  -3.5000000e+01   2.1651326e+01
   1.7451551e+00  -2.2000000e+01  -1.6100000e+02  -2.5782084e+01  -2.5076246e+01  -3.5000000e+01   2.3518430e+01
   1.6516296e+00  -2.2000000e+01  -1.6100000e+02  -2.6819714e+01  -2.2321374e+01  -3.5000000e+01   2.4683553e+01
   1.8599716e+00  -2.2000000e+01  -1.6100000e+02  -2.7291859e+01  -1.9885080e+01  -3.5000000e+01   2.5771282e+01
   1.7274461e+00  -2.2000000e+01  -1.6100000e+02  -2.7756124e+01  -1.6974046e+01  -3.5000000e+01   2.6196179e+01
   1.3915485e+00  -2.2000000e+01  -1.6100000e+02  -2.7947420e+01  -1.4791426e+01  -3.5000000e+01   2.6103477e+01
   9.7253680e-01  -2.2000000e+01  -1.6100000e+02  -2.7703045e+01  -1.3015700e+01  -3.5000000e+01   2.5100559e+01
   7.6333193e-01  -2.2000000e+01  -1.6100000e+02  -2.6997868e+01  -1.2088975e+01  -3.5000000e+01   2.3891328e+01
   8.2451549e-01  -2.2000000e+01  -1.6100000e+02  -2.6162974e+01  -1.1638880e+01  -3.5000000e+01   2.2929609e+01
   2.3067382e+00  -2.2000000e+01  -1.6100000e+02  -2.5392618e+01  -1.0217087e+01  -3.5000000e+01   2.1363033e+01
   3.3773990e+00  -2.2000000e+01  -1.6100000e+02  -2.4563271e+01  -7.9734790e+00  -3.5000000e+01   2.0930778e+01
   3.3593374e+00  -2.2000000e+01  -1.6100000e+02  -2.4490086e+01  -6.8132644e+00  -3.5000000e+01   1.9389988e+01
   3.5364479e+00  -2.2000000e+01  -1.6100000e+02  -2.3764156e+01  -4.7591628e+00  -3.5000000e+01   1.9051204e+01
   3.6714578e+00  -2.2000000e+01  -1.6100000e+02  -2.2859379e+01  -2.5733691e+00  -3.5000000e+01   1.7150602e+01
   3.7848349e+00  -2.2000000e+01  -1.6100000e+02  -2.1638174e+01  -3.4830829e-01  -3.5000000e+01   1.5454152e+01
   5.0694302e+00  -2.2000000e+01  -1.6100000e+02  -1.9897587e+01   2.1857112e+00  -3.5000000e+01   1.4051240e+01
   5.9906147e+00  -2.2000000e+01  -1.6100000e+02  -1.8526492e+01   5.2524732e+00  -3.5000000e+01   1.2922309e+01
   6.5607907e+00  -2.2000000e+01  -1.6100000e+02  -1.6695127e+01   7.3768454e+00  -3.5000000e+01   1.1805316e+01
   6.2702159e+00  -2.2000000e+01  -1.6100000e+02  -1.5227396e+01   9.4266836e+00  -3.5000000e+01   9.7633273e+00
   5.6417489e+00  -2.2000000e+01  -1.6100000e+02  -1.3361101e+01   1.0945550e+01  -3.5000000e+01   7.4005370e+00
   5.0822227e+00  -2.2000000e+01  -1.6100000e+02  -1.1618864e+01   1.2861802e+01  -3.5000000e+01   5.2977132e+00
   4.4407059e+00  -2.2000000e+01  -1.6100000e+02  -1.1035501e+01   1.5067946e+01  -3.5000000e+01   3.5319403e+00
   3.6887254e+00  -2.2000000e+01  -1.6100000e+02  -1.3171072e+01   1.6621215e+01  -3.5000000e+01  -1.4780399e-01
   4.3168938e+00  -2.2000000e+01  -1.6100000e+02  -1.9026773e+01   1.4310693e+01  -3.5000000e+01  -4.5125581e+00
   4.7815962e+00  -2.2000000e+01  -1.6100000e+02  -2.4461660e+01   1.0189560e+01  -3.5000000e+01  -7.0749296e+00
   4.8729343e+00  -2.2000000e+01  -1.6100000e+02  -2.6810840e+01   4.2560423e+00  -3.5000000e+01  -7.1170125e+00
   6.1227081e+00  -2.2000000e+01  -1.6100000e+02  -2.7910034e+01  -3.6494547e+00  -3.5000000e+01  -3.8550034e+00
   6.9283315e+00  -2.2000000e+01  -1.6100000e+02  -2.8041987e+01  -1.0871480e+01  -3.5000000e+01  -3.2879072e-01
   6.7604945e+00  -2.2000000e+01  -1.6100000e+02  -2.8051173e+01  -1.9129413e+01  -3.5000000e+01   1.8862802e+00
   6.9816004e+00  -2.2000000e+01  -1.6100000e+02  -2.6622463e+01  -2.8618456e+01  -3.5000000e+01   3.1953003e+00
   7.9595973e+00  -2.2000000e+01  -1.6100000e+02  -2.3581675e+01  -3.7324007e+01  -3.5000000e+01   2.5042148e+00
   8.9789446e+00  -2.2000000e+01  -1.6100000e+02  -2.0698670e+01  -4.4999671e+01  -3.5000000e+01   8.3564859e-01
   1.1963028e+01  -2.2000000e+01  -1.6100000e+02  -1.7220728e+01  -5.1599168e+01  -3.5000000e+01   1.6367979e+00
   1.5611037e+01  -2.2000000e+01  -1.6100000e+02  -1.3836166e+01  -5.5831805e+01  -3.5000000e+01   3.7796757e+00
   1.6297038e+01  -2.2000000e+01  -1.6100000e+02  -1.2351289e+01  -5.6236095e+01  -3.5000000e+01   6.5864269e+00
   1.3725055e+01  -2.2000000e+01  -1.6100000e+02  -1.3080063e+01  -5.3871384e+01  -3.5000000e+01   6.9585981e+00
   1.1155945e+01  -2.2000000e+01  -1.6100000e+02  -1.4833214e+01  -5.0186444e+01  -3.5000000e+01   7.9931377e+00
   9.1351184e+00  -2.2000000e+01  -1.6100000e+02  -1.6959925e+01  -4.6249001e+01  -3.5000000e+01   9.8427939e+00
   6.7395888e+00  -2.2000000e+01  -1.6100000e+02  -1.9983393e+01  -4.2372638e+01  -3.5000000e+01   1.2845013e+01
   5.1747041e+00  -2.2000000e+01  -1.6100000e+02  -2.2304569e+01  -3.8969078e+01  -3.5000000e+01   1.8682469e+01
   3.1603655e+00  -2.2000000e+01  -1.6100000e+02  -2.3921299e+01  -3.5854484e+01  -3.5000000e+01   2.2249387e+01
   1.8616848e+00  -2.2000000e+01  -1.6100000e+02  -2.5528686e+01  -3.2809819e+01  -3.5000000e+01   2.5136579e+01
   1.1245095e+00  -2.2000000e+01  -1.6100000e+02  -2.5836364e+01  -2.9448496e+01  -3.5000000e+01   2.6699166e+01
   5.4209965e-01  -2.2000000e+01  -1.6100000e+02  -2.6452712e+01  -2.7573174e+01  -3.5000000e+01   2.7328999e+01
   6.5757072e-01  -2.2000000e+01  -1.6100000e+02  -2.7140303e+01  -2.6066022e+01  -3.5000000e+01   2.7773617e+01
   7.4242040e-01  -2.2000000e+01  -1.6100000e+02  -2.7676940e+01  -2.4759037e+01  -3.5000000e+01   2.7489722e+01
   1.1432634e+00  -2.2000000e+01  -1.6100000e+02  -2.7717237e+01  -2.3217507e+01  -3.5000000e+01   2.7858887e+01
   1.6838479e+00  -2.2000000e+01  -1.6100000e+02  -2.7524168e+01  -2.1743724e+01  -3.5000000e+01   2.8831568e+01
   2.1603039e+00  -2.2000000e+01  -1.6100000e+02  -2.7463870e+01  -1.9927069e+01  -3.5000000e+01   2.8578976e+01
   1.9848534e+00  -2.2000000e+01  -1.6100000e+02  -2.7848276e+01  -1.7835089e+01  -3.5000000e+01   2.8983132e+01
   9.5883552e-01  -2.2000000e+01  -1.6100000e+02  -2.7812173e+01  -1.6227063e+01  -3.5000000e+01   2.8528159e+01
   1.0134400e+00  -2.2000000e+01  -1.6100000e+02  -2.7303021e+01  -1.3815433e+01  -3.5000000e+01   2.9087857e+01
   4.0845835e-01  -2.2000000e+01  -1.6100000e+02  -2.6908792e+01  -1.1399995e+01  -3.5000000e+01   2.7879315e+01
   1.7668632e+00  -2.2000000e+01  -1.6100000e+02  -2.6387476e+01  -8.8480998e+00  -3.5000000e+01   2.7124449e+01
   3.1695999e+00  -2.2000000e+01  -1.6100000e+02  -2.6210796e+01  -6.8071344e+00  -3.5000000e+01   2.7062530e+01
   4.5479028e+00  -2.2000000e+01  -1.6100000e+02  -2.5515030e+01  -4.5761745e+00  -3.5000000e+01   2.5236993e+01
   5.3215148e+00  -2.2000000e+01  -1.6100000e+02  -2.4580204e+01  -2.1227078e+00  -3.5000000e+01   2.3085291e+01
   6.1297780e+00  -2.2000000e+01  -1.6100000e+02  -2.3718373e+01  -2.1793835e-01  -3.5000000e+01   2.0609994e+01
   6.8443336e+00  -2.2000000e+01  -1.6100000e+02  -2.2661579e+01   1.7311934e+00  -3.5000000e+01   2.0156821e+01
   6.1942363e+00  -2.2000000e+01  -1.6100000e+02  -2.2424802e+01   3.6565088e+00  -3.5000000e+01   1.8059694e+01
   4.9530634e+00  -2.2000000e+01  -1.6100000e+02  -2.1465673e+01   5.8467040e+00  -3.5000000e+01   1.7271794e+01
   3.4999848e+00  -2.2000000e+01  -1.6100000e+02  -2.0780747e+01   7.1939337e+00  -3.5000000e+01   1.6821327e+01
   2.2383021e+00  -2.2000000e+01  -1.6100000e+02  -2.0174143e+01   8.5030900e+00  -3.5000000e+01   1.5134887e+01
   1.5390441e+00  -2.2000000e+01  -1.6100000e+02  -1.9487596e+01   1.0074455e+01  -3.5000000e+01   1.4128672e+01
   1.2572259e+00  -2.2000000e+01  -1.6100000e+02  -1.9249366e+01   1.1083359e+01  -3.5000000e+01   1.2450639e+01
   2.2983542e+00  -2.2000000e+01  -1.6100000e+02  -2.1274232e+01   9.6402807e+00  -3.5000000e+01   9.9180819e+00
   3.0812784e+00  -2.2000000e+01  -1.6100000e+02  -2.4263360e+01   6.6037690e+00  -3.5000000e+01   7.0085751e+00
   4.2131921e+00  -2.2000000e+01  -1.6100000e+02  -2.5591354e+01   4.6705417e-01  -3.5000000e+01   9.3185918e+00
   4.8164789e+00  -2.2000000e+01  -1.6100000e+02  -2.7058156e+01  -6.9370941e+00  -3.5000000e+01   1.3784292e+01
   5.2490649e+00  -2.2000000e+01  -1.6100000e+02  -2.8039678e+01  -1.5015166e+01  -3.5000000e+01   1.6174198e+01
   4.1743769e+00  -2.2000000e+01  -1.6100000e+02  -2.8310912e+01  -2.2613659e+01  -3.5000000e+01   1.8150873e+01
   4.0479907e+00  -2.2000000e+01  -1.6100000e+02  -2.6779373e+01  -2.9124484e+01  -3.5000000e+01   1.7790856e+01
   4.2808036e+00  -2.2000000e+01  -1.6100000e+02  -2.4475306e+01  -3.4844949e+01  -3.5000000e+01   1.7031148e+01
   5.0215680e+00  -2.2000000e+01  -1.6100000e+02  -2.1242203e+01  -3.8941054e+01  -3.5000000e+01   1.5659804e+01
   6.6321018e+00  -2.2000000e+01  -1.6100000e+02  -1.8683732e+01  -4.1483009e+01  -3.5000000e+01   1.4221564e+01
   7.2580100e+00  -2.2000000e+01  -1.6100000e+02  -1.7786342e+01  -4.2617025e+01  -3.5000000e+01   1.3241077e+01
   6.8924641e+00  -2.2000000e+01  -1.6100000e+02  -1.9064092e+01  -4.2308385e+01  -3.5000000e+01   1.5144189e+01
   6.0095824e+00  -2.2000000e+01  -1.6100000e+02  -2.0582070e+01  -4.0863144e+01  -3.5000000e+01   1.6033488e+01
   4.8676192e+00  -2.2000000e+01  -1.6100000e+02  -2.2300006e+01  -3.8421346e+01  -3.5000000e+01   1.7853314e+01
   4.1873381e+00  -2.2000000e+01  -1.6100000e+02  -2.3402895e+01  -3.6082388e+01  -3.5000000e+01   1.9449016e+01
   3.7021982e+00  -2.2000000e+01  -1.6100000e+02  -2.4610450e+01  -3.3824057e+01  -3.5000000e+01   2.1819961e+01
   3.0425991e+00  -2.2000000e+01  -1.6100000e+02  -2.5590159e+01  -3.1238840e+01  -3.5000000e+01   2.0474878e+01
   2.6731068e+00  -2.2000000e+01  -1.6100000e+02  -2.6616853e+01  -2.8827451e+01  -3.5000000e+01   2.4126404e+01
   2.3832128e+00  -2.2000000e+01  -1.6100000e+02  -2.7696366e+01  -2.6746341e+01  -3.5000000e+01   2.7144215e+01
   2.5179382e+00  -2.2000000e+01  -1.6100000e+02  -2.8582433e+01  -2.4580554e+01  -3.5000000e+01   2.9533634e+01
   2.4373907e+00  -2.2000000e+01  -1.6100000e+02  -2.9001718e+01  -2.2746681e+01  -3.5000000e+01   3.1163786e+01
   1.9598323e+00  -2.2000000e+01  -1.6100000e+02  -2.9349954e+01  -2.0787942e+01  -3.5000000e+01   3.1468378e+01
   1.1679341e+00  -2.2000000e+01  -1.6100000e+02  -2.9648166e+01  -1.8738062e+01  -3.5000000e+01   3.0772683e+01
   7.7785505e-01  -2.2000000e+01  -1.6100000e+02  -2.9522915e+01  -1.6994416e+01  -3.5000000e+01   3.0902022e+01
   3.0198672e-01  -2.2000000e+01  -1.6100000e+02  -2.9206275e+01  -1.4856367e+01  -3.5000000e+01   3.0236686e+01
   3.2790992e-02  -2.2000000e+01  -1.6100000e+02  -2.8974893e+01  -1.3273563e+01  -3.5000000e+01   2.9127236e+01
   3.4546698e-01  -2.2000000e+01  -1.6100000e+02  -2.8540823e+01  -1.1878127e+01  -3.5000000e+01   2.9138395e+01
   1.5734906e+00  -2.2000000e+01  -1.6100000e+02  -2.8232591e+01  -9.6947190e+00  -3.5000000e+01   2.9052972e+01
   2.6797376e+00  -2.2000000e+01  -1.6100000e+02  -2.7517639e+01  -8.0075342e+00  -3.5000000e+01   2.8484432e+01
   2.5542067e+00  -2.2000000e+01  -1.6100000e+02  -2.7364050e+01  -6.4947238e+00  -3.5000000e+01   2.7163971e+01
   2.6965571e+00  -2.2000000e+01  -1.6100000e+02  -2.6751691e+01  -4.8494985e+00  -3.5000000e+01   2.6636147e+01
   2.0063813e+00  -2.2000000e+01  -1.6100000e+02  -2.5921061e+01  -2.9887446e+00  -3.5000000e+01   2.4899988e+01
   2.6530675e+00  -2.2000000e+01  -1.6100000e+02  -2.4833589e+01  -1.8186030e-01  -3.5000000e+01   2.4189187e+01
   3.7321543e+00  -2.2000000e+01  -1.6100000e+02  -2.3885658e+01   1.8838283e+00  -3.5000000e+01   2.2720067e+01
   5.7058194e+00  -2.2000000e+01  -1.6100000e+02  -2.2445515e+01   4.2916426e+00  -3.5000000e+01   2.0452628e+01
   6.5660490e+00  -2.2000000e+01  -1.6100000e+02  -2.0385927e+01   6.9889359e+00  -3.5000000e+01   1.8035159e+01
   5.9520012e+00  -2.2000000e+01  -1.6100000e+02  -1.8565875e+01   9.0955378e+00  -3.5000000e+01   1.5383147e+01
   5.0439225e+00  -2.2000000e+01  -1.6100000e+02  -1.6887706e+01   1.1735836e+01  -3.5000000e+01   1.2592141e+01
   3.9217177e+00  -2.2000000e+01  -1.6100000e+02  -1.5394038e+01   1.3948993e+01  -3.5000000e+01   9.7656574e+00
   2.6846892e+00  -2.2000000e+01  -1.6100000e+02  -1.3472202e+01   1.6164796e+01  -3.5000000e+01   7.1639569e+00
   1.6819848e+00  -2.2000000e+01  -1.6100000e+02  -1.1447414e+01   1.8761399e+01  -3.5000000e+01   4.3581465e+00
   1.7445705e+00  -2.2000000e+01  -1.6100000e+02  -9.3794068e+00   2.1172903e+01  -3.5000000e+01   3.4852180e+00
   2.8101539e+00  -2.2000000e+01  -1.6100000e+02  -1.3064889e+01   2.0840870e+01  -3.5000000e+01  -2.4456337e+00
   3.5056018e+00  -2.2000000e+01  -1.6100000e+02  -1.7937999e+01   1.9018381e+01  -3.5000000e+01  -5.3075692e+00
   5.2900382e+00  -2.2000000e+01  -1.6100000e+02  -2.3261472e+01   1.4200263e+01  -3.5000000e+01  -8.8283394e+00
   5.7181917e+00  -2.2000000e+01  -1.6100000e+02  -2.7096715e+01   7.7029322e+00  -3.5000000e+01  -9.9478132e+00
   5.9473644e+00  -2.2000000e+01  -1.6100000e+02  -2.9243073e+01   7.3591457e-01  -3.5000000e+01  -8.0382079e+00
   7.0453622e+00  -2.2000000e+01  -1.6100000e+02  -2.8413026e+01  -7.4281330e+00  -3.5000000e+01  -3.7705263e+00
   7.9896798e+00  -2.2000000e+01  -1.6100000e+02  -2.6223893e+01  -1.6308227e+01  -3.5000000e+01  -3.0562976e+00
   8.8535287e+00  -2.2000000e+01  -1.6100000e+02  -2.2952967e+01  -2.4995048e+01  -3.5000000e+01  -2.9014818e+00
   9.6978659e+00  -2.2000000e+01  -1.6100000e+02  -1.9656060e+01  -3.3215216e+01  -3.5000000e+01  -2.5781820e+00
   1.0916923e+01  -2.2000000e+01  -1.6100000e+02  -1.6056005e+01  -4.0930265e+01  -3.5000000e+01  -5.8829523e-01
   1.3496187e+01  -2.2000000e+01  -1.6100000e+02  -1.3029499e+01  -4.7237284e+01  -3.5000000e+01   2.7321158e+00
   1.4246369e+01  -2.2000000e+01  -1.6100000e+02  -1.2304506e+01  -4.9921403e+01  -3.5000000e+01   5.2826849e+00
   1.2494374e+01  -2.2000000e+01  -1.6100000e+02  -1.3650933e+01  -4.7804991e+01  -3.5000000e+01   5.4185749e+00
   1.0792306e+01  -2.2000000e+01  -1.6100000e+02  -1.5245041e+01  -4.4745626e+01  -3.5000000e+01   5.9519753e+00
   9.3656134e+00  -2.2000000e+01  -1.6100000e+02  -1.6960934e+01  -4.1023562e+01  -3.5000000e+01   6.8381840e+00
   7.4490340e+00  -2.2000000e+01  -1.6100000e+02  -1.9683209e+01  -3.6829589e+01  -3.5000000e+01   9.2399867e+00
   6.2020110e+00  -2.2000000e+01  -1.6100000e+02  -2.1090139e+01  -3.3538798e+01  -3.5000000e+01   1.3162704e+01
   5.1861388e+00  -2.2000000e+01  -1.6100000e+02  -2.1691659e+01  -3.0031644e+01  -3.5000000e+01   1.6082199e+01
   4.1239566e+00  -2.2000000e+01  -1.6100000e+02  -2.2152968e+01  -2.7280376e+01  -3.5000000e+01   1.8128763e+01
   3.2909282e+00  -2.2000000e+01  -1.6100000e+02  -2.2269924e+01  -2.4931827e+01  -3.5000000e+01   1.8955112e+01
   2.4851537e+00  -2.2000000e+01  -1.6100000e+02  -2.2415753e+01  -2.3094647e+01  -3.5000000e+01   1.8559427e+01
   2.3909707e+00  -2.2000000e+01  -1.6100000e+02  -2.2629912e+01  -2.1377826e+01  -3.5000000e+01   1.7162946e+01
   2.8045707e+00  -2.2000000e+01  -1.6100000e+02  -2.2697857e+01  -1.9747941e+01  -3.5000000e+01   1.7162043e+01
   3.0527047e+00  -2.2000000e+01  -1.6100000e+02  -2.2341970e+01  -1.7605868e+01  -3.5000000e+01   1.6036778e+01
   3.0765764e+00  -2.2000000e+01  -1.6100000e+02  -2.1980893e+01  -1.6293871e+01  -3.5000000e+01   1.5521420e+01
   2.2253673e+00  -2.2000000e+01  -1.6100000e+02  -2.1517156e+01  -1.4639695e+01  -3.5000000e+01   1.4879470e+01
   1.7056679e+00  -2.2000000e+01  -1.6100000e+02  -2.1281483e+01  -1.3014327e+01  -3.5000000e+01   1.4717648e+01
   3.5079676e+00  -2.2000000e+01  -1.6100000e+02  -2.1037012e+01  -1.0371834e+01  -3.5000000e+01   1.3984815e+01
