   2.0969109e+01   2.2618346e+01  -1.5582569e+02   1.3887657e+01  -1.1997178e+01  -3.2371613e+01   2.6851944e+01
   1.7756244e+01   8.6357675e+00  -1.5586390e+02   2.3699294e+01  -8.5220400e+00  -4.1352565e+01   2.4625433e+01
   1.4543380e+01  -5.3468111e+00  -1.5590210e+02   3.3510932e+01  -5.0469022e+00  -5.0333516e+01   2.2398922e+01
   1.1330515e+01  -1.9329390e+01  -1.5594030e+02   4.3322570e+01  -1.5717644e+00  -5.9314467e+01   2.0172411e+01
   1.2000000e+01  -2.2000000e+01  -1.5761123e+02   3.0387996e+01   4.1771714e+00  -7.2044420e+01   9.6624517e+00
   1.2000000e+01  -2.2000000e+01  -1.5807416e+02   1.9348739e+01   4.8988876e+00  -8.0923175e+01   4.3052423e+00
   1.2000000e+01  -2.2000000e+01  -1.5983046e+02   1.1709321e+01   2.3051589e+00  -7.9650084e+01   4.7242234e+00
   1.2000000e+01  -2.2000000e+01  -1.6242131e+02   5.9987697e+00  -1.2482607e+00  -7.6416026e+01   4.5956780e+00
   1.2000000e+01  -2.2000000e+01  -1.6555856e+02   1.8183513e+00  -5.3254197e+00  -7.2135689e+01   5.8942985e+00
   1.2000000e+01  -2.2000000e+01  -1.6795673e+02  -1.7352363e+00  -9.8249459e+00  -6.7748938e+01   7.6931966e+00
   1.2000000e+01  -2.2000000e+01  -1.7067810e+02  -4.4263818e+00  -1.4560474e+01  -6.3116698e+01   8.4875960e+00
   1.2000000e+01  -2.2000000e+01  -1.7240857e+02  -6.1343755e+00  -1.8930914e+01  -5.8445559e+01   8.5416243e+00
   1.2000000e+01  -2.2000000e+01  -1.7378979e+02  -6.1656906e+00  -2.2381205e+01  -5.2906047e+01   6.9893025e+00
   1.2000000e+01  -2.2000000e+01  -1.7405726e+02  -6.8232154e+00  -2.4640429e+01  -4.8303789e+01   8.9350924e+00
   1.2000000e+01  -2.2000000e+01  -1.7152397e+02  -1.0061607e+01  -2.5276377e+01  -4.6193902e+01   1.2069739e+01
   1.2000000e+01  -2.2000000e+01  -1.6867976e+02  -1.3972332e+01  -2.5725456e+01  -4.5216339e+01   1.6563224e+01
   1.2000000e+01  -2.2000000e+01  -1.6596008e+02  -1.7295564e+01  -2.5889505e+01  -4.4279235e+01   1.9556641e+01
   1.2000000e+01  -2.2000000e+01  -1.6381969e+02  -1.9046987e+01  -2.5220029e+01  -4.3575098e+01   2.0854889e+01
   1.2000000e+01  -2.2000000e+01  -1.6201670e+02  -2.0445812e+01  -2.4855696e+01  -4.2956806e+01   2.3392982e+01
   1.2000000e+01  -2.2000000e+01  -1.6020561e+02  -2.1638517e+01  -2.4229773e+01  -4.2549649e+01   2.5603404e+01
   1.2000000e+01  -2.2000000e+01  -1.5855820e+02  -2.2845432e+01  -2.3682128e+01  -4.2136460e+01   2.7697673e+01
   1.2000000e+01  -2.2000000e+01  -1.5705496e+02  -2.4001042e+01  -2.2811794e+01  -4.1707702e+01   2.8026659e+01
   1.2000000e+01  -2.2000000e+01  -1.5546663e+02  -2.4745754e+01  -2.1820892e+01  -4.0955348e+01   2.8439191e+01
   1.2000000e+01  -2.2000000e+01  -1.5485593e+02  -2.5085731e+01  -2.0094380e+01  -4.0285578e+01   2.8344076e+01
   1.2000000e+01  -2.2000000e+01  -1.5424522e+02  -2.5425707e+01  -1.8367868e+01  -3.9615809e+01   2.8248961e+01
   1.2000000e+01  -2.2000000e+01  -1.5320414e+02  -2.5560115e+01  -1.6480586e+01  -3.9180383e+01   2.8409955e+01
   1.2000000e+01  -2.2000000e+01  -1.5276411e+02  -2.5363903e+01  -1.4970398e+01  -3.8642060e+01   2.6970689e+01
   1.2000000e+01  -2.2000000e+01  -1.5225635e+02  -2.5033799e+01  -1.3422106e+01  -3.7984452e+01   2.5636589e+01
   1.2000000e+01  -2.2000000e+01  -1.5142858e+02  -2.4516060e+01  -1.1579855e+01  -3.7150262e+01   2.4181551e+01
   1.2000000e+01  -2.2000000e+01  -1.5053776e+02  -2.3737156e+01  -9.7483391e+00  -3.6178795e+01   2.2812616e+01
   1.2000000e+01  -2.2000000e+01  -1.4980801e+02  -2.2443169e+01  -8.1900579e+00  -3.5096072e+01   2.0065985e+01
   1.2000000e+01  -2.2000000e+01  -1.4943812e+02  -2.1183443e+01  -6.7485382e+00  -3.3998334e+01   1.6157980e+01
   1.2000000e+01  -2.2000000e+01  -1.4904892e+02  -2.0343006e+01  -5.3926900e+00  -3.2723655e+01   1.3217973e+01
   1.2000000e+01  -2.2000000e+01  -1.4855577e+02  -1.9911833e+01  -4.0610077e+00  -3.1071189e+01   9.7157008e+00
   1.2000000e+01  -2.2000000e+01  -1.4828606e+02  -1.9141290e+01  -2.9470945e+00  -2.9078955e+01   6.5599442e+00
   1.2000000e+01  -2.2000000e+01  -1.4809033e+02  -1.8528652e+01  -1.8757908e+00  -2.7246027e+01   3.3379363e+00
   1.2000000e+01  -2.2000000e+01  -1.4814627e+02  -1.8570116e+01  -9.1298373e-01  -2.6045909e+01  -1.5933445e-01
   1.2000000e+01  -2.2000000e+01  -1.4832531e+02  -1.9666267e+01  -7.0311288e-02  -2.6294346e+01  -3.4060343e+00
   1.2000000e+01  -2.2000000e+01  -1.4893792e+02  -2.3581580e+01   3.0482266e-01  -2.9445678e+01  -7.2304801e+00
   1.2000000e+01  -2.2000000e+01  -1.5073240e+02  -2.6213386e+01  -6.5015306e-01  -3.1859948e+01  -8.3380239e+00
   1.2000000e+01  -2.2000000e+01  -1.5418609e+02  -2.7905158e+01  -3.4210470e+00  -3.3752026e+01  -7.0351227e+00
   1.2000000e+01  -2.2000000e+01  -1.5808701e+02  -2.7571699e+01  -7.5477149e+00  -3.5890662e+01  -1.3102061e+00
   1.2000000e+01  -2.2000000e+01  -1.6213483e+02  -2.7322818e+01  -1.1802038e+01  -3.8000198e+01   3.8543899e+00
   1.2000000e+01  -2.2000000e+01  -1.6546787e+02  -2.6195055e+01  -1.6179053e+01  -3.8754610e+01   5.7120921e+00
   1.2000000e+01  -2.2000000e+01  -1.6952606e+02  -2.4171408e+01  -2.0899143e+01  -3.7848138e+01   5.0196911e+00
   1.2000000e+01  -2.2000000e+01  -1.7292662e+02  -2.1512928e+01  -2.5520257e+01  -3.5681249e+01   3.8868506e+00
   1.2000000e+01  -2.2000000e+01  -1.7590313e+02  -1.8954194e+01  -3.0024056e+01  -3.3369085e+01   5.6963079e+00
   1.2000000e+01  -2.2000000e+01  -1.7725724e+02  -1.7268735e+01  -3.3657745e+01  -3.1783455e+01   6.8676999e+00
   1.2000000e+01  -2.2000000e+01  -1.7586712e+02  -1.7460067e+01  -3.5490161e+01  -3.1540119e+01   8.6737616e+00
   1.2000000e+01  -2.2000000e+01  -1.7410024e+02  -1.9021450e+01  -3.5611893e+01  -3.1855838e+01   1.0808940e+01
   1.2000000e+01  -2.2000000e+01  -1.7181422e+02  -2.0560815e+01  -3.5201437e+01  -3.2420927e+01   1.1138020e+01
   1.2000000e+01  -2.2000000e+01  -1.6961769e+02  -2.2321949e+01  -3.4640232e+01  -3.3380704e+01   1.2523440e+01
   1.2000000e+01  -2.2000000e+01  -1.6702593e+02  -2.4489042e+01  -3.4139497e+01  -3.4698420e+01   1.6698314e+01
   1.2000000e+01  -2.2000000e+01  -1.6493889e+02  -2.5957158e+01  -3.3534817e+01  -3.5610963e+01   1.8466029e+01
   1.2000000e+01  -2.2000000e+01  -1.6320327e+02  -2.6594341e+01  -3.3333488e+01  -3.6085479e+01   2.3505135e+01
   1.2000000e+01  -2.2000000e+01  -1.6071599e+02  -2.7376527e+01  -3.2743566e+01  -3.7157152e+01   2.7318632e+01
   1.2000000e+01  -2.2000000e+01  -1.5821435e+02  -2.7790321e+01  -3.2030835e+01  -3.8240318e+01   2.8401054e+01
   1.2000000e+01  -2.2000000e+01  -1.5643349e+02  -2.7471057e+01  -3.1656578e+01  -3.8773940e+01   3.0297417e+01
   1.2000000e+01  -2.2000000e+01  -1.5519881e+02  -2.7250592e+01  -3.1156312e+01  -3.9279180e+01   3.1659173e+01
   1.2000000e+01  -2.2000000e+01  -1.5487393e+02  -2.7503157e+01  -2.9747815e+01  -3.9310541e+01   3.1453032e+01
   1.2000000e+01  -2.2000000e+01  -1.5445274e+02  -2.7411306e+01  -2.7877280e+01  -3.9059039e+01   2.8999887e+01
   1.2000000e+01  -2.2000000e+01  -1.5392891e+02  -2.7465047e+01  -2.5921190e+01  -3.9053848e+01   2.8355479e+01
   1.2000000e+01  -2.2000000e+01  -1.5364903e+02  -2.7522087e+01  -2.4213403e+01  -3.9089762e+01   2.9301399e+01
   1.2000000e+01  -2.2000000e+01  -1.5325773e+02  -2.7003329e+01  -2.2214582e+01  -3.8882807e+01   2.8683393e+01
   1.2000000e+01  -2.2000000e+01  -1.5309529e+02  -2.6184345e+01  -2.0447606e+01  -3.8566071e+01   2.8708474e+01
   1.2000000e+01  -2.2000000e+01  -1.5288462e+02  -2.5241278e+01  -1.8417977e+01  -3.8486045e+01   2.7384331e+01
   1.2000000e+01  -2.2000000e+01  -1.5275191e+02  -2.4874570e+01  -1.6573351e+01  -3.8863037e+01   2.6801987e+01
   1.2000000e+01  -2.2000000e+01  -1.5157793e+02  -2.4377085e+01  -1.4784560e+01  -3.8744927e+01   2.7154185e+01
   1.2000000e+01  -2.2000000e+01  -1.5088601e+02  -2.3698484e+01  -1.3506399e+01  -3.8309487e+01   2.5569724e+01
   1.2000000e+01  -2.2000000e+01  -1.5018182e+02  -2.3716103e+01  -1.2258161e+01  -3.8138982e+01   2.2997142e+01
   1.2000000e+01  -2.2000000e+01  -1.4951490e+02  -2.2963351e+01  -1.1059397e+01  -3.7100034e+01   2.0815543e+01
   1.2000000e+01  -2.2000000e+01  -1.4911189e+02  -2.2177627e+01  -9.8304974e+00  -3.5705905e+01   1.7950734e+01
   1.2000000e+01  -2.2000000e+01  -1.4878411e+02  -2.1494874e+01  -8.5962358e+00  -3.4365219e+01   1.5073409e+01
   1.2000000e+01  -2.2000000e+01  -1.4862572e+02  -2.1252438e+01  -7.2025613e+00  -3.3055557e+01   1.3465809e+01
   1.2000000e+01  -2.2000000e+01  -1.4843923e+02  -2.1164655e+01  -5.7165971e+00  -3.1866920e+01   1.1781290e+01
   1.2000000e+01  -2.2000000e+01  -1.4814853e+02  -2.1335494e+01  -4.1392256e+00  -3.0915058e+01   1.1128222e+01
   1.2000000e+01  -2.2000000e+01  -1.4764378e+02  -2.1438108e+01  -2.6898250e+00  -3.0008365e+01   9.5341355e+00
   1.2000000e+01  -2.2000000e+01  -1.4807336e+02  -2.1774768e+01  -1.9235521e+00  -2.9787515e+01   7.3237946e+00
   1.2000000e+01  -2.2000000e+01  -1.4995106e+02  -2.3364328e+01  -2.1856838e+00  -3.0853129e+01   5.2987768e+00
   1.2000000e+01  -2.2000000e+01  -1.5244815e+02  -2.5418404e+01  -3.2920738e+00  -3.2672106e+01   1.7048855e+00
   1.2000000e+01  -2.2000000e+01  -1.5501088e+02  -2.6729585e+01  -6.1466198e+00  -3.4450357e+01  -1.7711527e+00
   1.2000000e+01  -2.2000000e+01  -1.5873148e+02  -2.7402023e+01  -9.5269697e+00  -3.6229202e+01  -1.4810423e+00
   1.2000000e+01  -2.2000000e+01  -1.6194600e+02  -2.8044194e+01  -1.2644847e+01  -3.7919775e+01  -1.3481977e+00
   1.2000000e+01  -2.2000000e+01  -1.6493723e+02  -2.7527769e+01  -1.6239468e+01  -3.8522383e+01  -2.8509430e+00
   1.2000000e+01  -2.2000000e+01  -1.6979654e+02  -2.4497321e+01  -2.1533308e+01  -3.6658273e+01  -5.2921542e+00
   1.2000000e+01  -2.2000000e+01  -1.7446792e+02  -2.0334444e+01  -2.7328063e+01  -3.3282180e+01  -6.2142328e+00
   1.2000000e+01  -2.2000000e+01  -1.7772543e+02  -1.6508382e+01  -3.1832207e+01  -2.9846285e+01  -5.4383762e+00
   1.2000000e+01  -2.2000000e+01  -1.7732890e+02  -1.4814719e+01  -3.4005259e+01  -2.8165490e+01  -1.2384945e+00
   1.2000000e+01  -2.2000000e+01  -1.7480725e+02  -1.6022503e+01  -3.5144697e+01  -2.9157680e+01   3.0124304e+00
   1.2000000e+01  -2.2000000e+01  -1.7209442e+02  -1.7273305e+01  -3.5447428e+01  -3.0046566e+01   6.6656290e+00
   1.2000000e+01  -2.2000000e+01  -1.6929439e+02  -1.9093878e+01  -3.5455068e+01  -3.1141670e+01   8.2754237e+00
   1.2000000e+01  -2.2000000e+01  -1.6686828e+02  -2.0307353e+01  -3.4633978e+01  -3.1477607e+01   7.9340603e+00
   1.2000000e+01  -2.2000000e+01  -1.6568969e+02  -2.1524340e+01  -3.3586861e+01  -3.1243975e+01   7.1215291e+00
   1.2000000e+01  -2.2000000e+01  -1.6305020e+02  -2.2988368e+01  -3.3130245e+01  -3.1814578e+01   1.0413603e+01
   1.2000000e+01  -2.2000000e+01  -1.6054138e+02  -2.4616451e+01  -3.2690671e+01  -3.2565434e+01   1.3627734e+01
   1.2000000e+01  -2.2000000e+01  -1.5895384e+02  -2.5339502e+01  -3.1803755e+01  -3.3304180e+01   1.6509232e+01
   1.2000000e+01  -2.2000000e+01  -1.5754199e+02  -2.5420574e+01  -3.0509286e+01  -3.3980418e+01   1.8592571e+01
   1.2000000e+01  -2.2000000e+01  -1.5630516e+02  -2.5782273e+01  -2.9293507e+01  -3.4866886e+01   2.0662770e+01
   1.2000000e+01  -2.2000000e+01  -1.5502414e+02  -2.6299781e+01  -2.7742949e+01  -3.5854836e+01   2.1480111e+01
   1.2000000e+01  -2.2000000e+01  -1.5413313e+02  -2.6209793e+01  -2.6383668e+01  -3.6274995e+01   2.2948936e+01
   1.2000000e+01  -2.2000000e+01  -1.5295595e+02  -2.6123869e+01  -2.4484030e+01  -3.6732572e+01   2.3334374e+01
   1.2000000e+01  -2.2000000e+01  -1.5248277e+02  -2.5514994e+01  -2.2490148e+01  -3.6803391e+01   2.3142000e+01
   1.2000000e+01  -2.2000000e+01  -1.5221871e+02  -2.4789188e+01  -2.0618228e+01  -3.6803796e+01   2.2952314e+01
   1.2000000e+01  -2.2000000e+01  -1.5130259e+02  -2.3880105e+01  -1.8700433e+01  -3.6902488e+01   2.4243536e+01
   1.2000000e+01  -2.2000000e+01  -1.5083127e+02  -2.3660044e+01  -1.6815541e+01  -3.7802054e+01   2.1747924e+01
   1.2000000e+01  -2.2000000e+01  -1.5050316e+02  -2.2666022e+01  -1.4922323e+01  -3.7617774e+01   2.0619991e+01
   1.2000000e+01  -2.2000000e+01  -1.5038111e+02  -2.1717585e+01  -1.3233723e+01  -3.7323087e+01   1.9702736e+01
   1.2000000e+01  -2.2000000e+01  -1.5008258e+02  -2.1287084e+01  -1.1890851e+01  -3.6742131e+01   1.7638784e+01
   1.2000000e+01  -2.2000000e+01  -1.4950796e+02  -2.1072082e+01  -1.0554777e+01  -3.5840846e+01   1.4770617e+01
   1.2000000e+01  -2.2000000e+01  -1.4952641e+02  -2.0397231e+01  -9.4682560e+00  -3.4398632e+01   1.2361382e+01
   1.2000000e+01  -2.2000000e+01  -1.4919741e+02  -2.0653224e+01  -8.4172722e+00  -3.3552570e+01   1.1010391e+01
   1.2000000e+01  -2.2000000e+01  -1.4878999e+02  -2.1244141e+01  -7.2905719e+00  -3.3024897e+01   8.6070078e+00
   1.2000000e+01  -2.2000000e+01  -1.4935183e+02  -2.2349736e+01  -6.6856238e+00  -3.3003359e+01   5.9960385e+00
   1.2000000e+01  -2.2000000e+01  -1.5134955e+02  -2.4529186e+01  -7.4096392e+00  -3.4572531e+01   2.0429267e+00
   1.2000000e+01  -2.2000000e+01  -1.5313336e+02  -2.7028230e+01  -8.3150490e+00  -3.6807268e+01   1.9572558e-01
   1.2000000e+01  -2.2000000e+01  -1.5644358e+02  -2.7389157e+01  -1.1122349e+01  -3.9540354e+01   4.3165558e+00
   1.2000000e+01  -2.2000000e+01  -1.6028235e+02  -2.7394694e+01  -1.4381372e+01  -4.1711495e+01   8.7704461e+00
   1.2000000e+01  -2.2000000e+01  -1.6367545e+02  -2.5923262e+01  -1.7564611e+01  -4.1869259e+01   1.0688266e+01
   1.2000000e+01  -2.2000000e+01  -1.6641737e+02  -2.4531495e+01  -2.1626152e+01  -4.1246985e+01   1.0738964e+01
   1.2000000e+01  -2.2000000e+01  -1.6992070e+02  -2.2182426e+01  -2.4991806e+01  -3.9378685e+01   1.0335606e+01
   1.2000000e+01  -2.2000000e+01  -1.7206014e+02  -2.0196860e+01  -2.8682893e+01  -3.7179468e+01   9.2437050e+00
   1.2000000e+01  -2.2000000e+01  -1.7311477e+02  -1.7944275e+01  -3.1435237e+01  -3.4674539e+01   8.0487610e+00
   1.2000000e+01  -2.2000000e+01  -1.7181030e+02  -1.8626579e+01  -3.2312282e+01  -3.4487396e+01   8.7908712e+00
   1.2000000e+01  -2.2000000e+01  -1.7006347e+02  -2.0220485e+01  -3.2123938e+01  -3.4766449e+01   1.0121588e+01
   1.2000000e+01  -2.2000000e+01  -1.6770965e+02  -2.2109311e+01  -3.1680298e+01  -3.5515427e+01   1.2570253e+01
   1.2000000e+01  -2.2000000e+01  -1.6594002e+02  -2.3406419e+01  -3.1603327e+01  -3.5833339e+01   1.5541684e+01
   1.2000000e+01  -2.2000000e+01  -1.6388963e+02  -2.4507959e+01  -3.1361790e+01  -3.6373067e+01   1.7297597e+01
   1.2000000e+01  -2.2000000e+01  -1.6182434e+02  -2.5082808e+01  -3.0782249e+01  -3.6527248e+01   1.9716408e+01
   1.2000000e+01  -2.2000000e+01  -1.5990858e+02  -2.5519798e+01  -2.9469482e+01  -3.6929020e+01   1.8760546e+01
   1.2000000e+01  -2.2000000e+01  -1.5855918e+02  -2.5953022e+01  -2.8539657e+01  -3.7490452e+01   2.3805073e+01
   1.2000000e+01  -2.2000000e+01  -1.5704628e+02  -2.6749472e+01  -2.7508989e+01  -3.8407130e+01   2.7181171e+01
   1.2000000e+01  -2.2000000e+01  -1.5587679e+02  -2.7025897e+01  -2.6303826e+01  -3.8914795e+01   2.6922678e+01
   1.2000000e+01  -2.2000000e+01  -1.5519907e+02  -2.6749531e+01  -2.4720711e+01  -3.8741586e+01   2.7978778e+01
   1.2000000e+01  -2.2000000e+01  -1.5472142e+02  -2.6661714e+01  -2.2768272e+01  -3.8753152e+01   2.7567133e+01
   1.2000000e+01  -2.2000000e+01  -1.5420519e+02  -2.6698154e+01  -2.0800596e+01  -3.8961873e+01   2.8712757e+01
   1.2000000e+01  -2.2000000e+01  -1.5369770e+02  -2.6460591e+01  -1.8743127e+01  -3.9203163e+01   2.8146539e+01
   1.2000000e+01  -2.2000000e+01  -1.5358338e+02  -2.5544303e+01  -1.6948654e+01  -3.9006437e+01   2.7689618e+01
   1.2000000e+01  -2.2000000e+01  -1.5355067e+02  -2.4771638e+01  -1.5198080e+01  -3.8949405e+01   2.7213875e+01
   1.2000000e+01  -2.2000000e+01  -1.5288682e+02  -2.4048671e+01  -1.3419589e+01  -3.8968293e+01   2.7822118e+01
   1.2000000e+01  -2.2000000e+01  -1.5263925e+02  -2.3010905e+01  -1.2060855e+01  -3.9087093e+01   2.5404594e+01
   1.2000000e+01  -2.2000000e+01  -1.5213579e+02  -2.2070104e+01  -1.0440555e+01  -3.9304733e+01   2.2898596e+01
   1.2000000e+01  -2.2000000e+01  -1.5153770e+02  -2.1211765e+01  -8.6896217e+00  -3.9070837e+01   2.2108635e+01
   1.2000000e+01  -2.2000000e+01  -1.5090664e+02  -2.0699389e+01  -6.7883617e+00  -3.8273170e+01   1.9999886e+01
   1.2000000e+01  -2.2000000e+01  -1.5076946e+02  -2.0602723e+01  -5.2911787e+00  -3.7290464e+01   1.7106070e+01
   1.2000000e+01  -2.2000000e+01  -1.5065473e+02  -2.0225234e+01  -3.9918259e+00  -3.6063565e+01   1.5384870e+01
   1.2000000e+01  -2.2000000e+01  -1.5053922e+02  -1.9763104e+01  -2.6558455e+00  -3.4715844e+01   1.2645276e+01
   1.2000000e+01  -2.2000000e+01  -1.5027045e+02  -1.9580890e+01  -1.4365021e+00  -3.3532127e+01   1.0845282e+01
   1.2000000e+01  -2.2000000e+01  -1.4984762e+02  -1.9678759e+01  -6.0540385e-02  -3.2794867e+01   8.6025143e+00
   1.2000000e+01  -2.2000000e+01  -1.5021251e+02  -2.0953636e+01   9.0761410e-01  -3.3104340e+01   6.0547118e+00
   1.2000000e+01  -2.2000000e+01  -1.5181766e+02  -2.2864679e+01   4.0780958e-01  -3.5085539e+01   2.4798634e+00
   1.2000000e+01  -2.2000000e+01  -1.5425306e+02  -2.3864383e+01  -8.9283236e-01  -3.6416011e+01   1.7031031e+00
   1.2000000e+01  -2.2000000e+01  -1.5728455e+02  -2.4808652e+01  -2.6916526e+00  -3.7959559e+01   1.3452869e-01
   1.2000000e+01  -2.2000000e+01  -1.6096795e+02  -2.4866737e+01  -5.8305124e+00  -3.9245731e+01   2.1985090e+00
   1.2000000e+01  -2.2000000e+01  -1.6400326e+02  -2.4592273e+01  -8.8456077e+00  -4.0502054e+01   2.2529995e+00
   1.2000000e+01  -2.2000000e+01  -1.6597096e+02  -2.4474243e+01  -1.3086189e+01  -4.1336617e+01   1.5650345e+00
   1.2000000e+01  -2.2000000e+01  -1.6959085e+02  -2.2540490e+01  -1.8163106e+01  -4.0112735e+01  -1.2875355e+00
   1.2000000e+01  -2.2000000e+01  -1.7373788e+02  -1.9097150e+01  -2.3560361e+01  -3.7061609e+01  -2.3238894e+00
   1.2000000e+01  -2.2000000e+01  -1.7628963e+02  -1.6965971e+01  -2.7568356e+01  -3.4789100e+01  -2.4103631e+00
   1.2000000e+01  -2.2000000e+01  -1.7778245e+02  -1.5051068e+01  -3.0737529e+01  -3.2534575e+01   2.1388542e+00
   1.2000000e+01  -2.2000000e+01  -1.7548500e+02  -1.6221394e+01  -3.1556703e+01  -3.2923170e+01   5.3876003e+00
   1.2000000e+01  -2.2000000e+01  -1.7288939e+02  -1.8036590e+01  -3.1796843e+01  -3.3816365e+01   7.2098886e+00
   1.2000000e+01  -2.2000000e+01  -1.7046433e+02  -1.9386528e+01  -3.1881512e+01  -3.4217409e+01   9.4905529e+00
   1.2000000e+01  -2.2000000e+01  -1.6775710e+02  -2.1740311e+01  -3.1197324e+01  -3.5437380e+01   1.1744131e+01
   1.2000000e+01  -2.2000000e+01  -1.6567917e+02  -2.3578163e+01  -3.0587416e+01  -3.6364786e+01   1.5278162e+01
   1.2000000e+01  -2.2000000e+01  -1.6353209e+02  -2.4610649e+01  -2.9757137e+01  -3.6737541e+01   1.9365757e+01
   1.2000000e+01  -2.2000000e+01  -1.6151752e+02  -2.5489222e+01  -2.8549428e+01  -3.7733311e+01   2.2527227e+01
   1.2000000e+01  -2.2000000e+01  -1.6079057e+02  -2.5076711e+01  -2.6845454e+01  -3.8828878e+01   2.5486818e+01
   1.2000000e+01  -2.2000000e+01  -1.5946259e+02  -2.5086631e+01  -2.4866056e+01  -4.0234416e+01   2.8252752e+01
   1.2000000e+01  -2.2000000e+01  -1.5850115e+02  -2.5078245e+01  -2.3372757e+01  -4.1476350e+01   2.9512446e+01
   1.2000000e+01  -2.2000000e+01  -1.5762752e+02  -2.4464131e+01  -2.1966960e+01  -4.2045469e+01   3.0600103e+01
   1.2000000e+01  -2.2000000e+01  -1.5647622e+02  -2.4446514e+01  -2.0214340e+01  -4.2644824e+01   3.0540385e+01
   1.2000000e+01  -2.2000000e+01  -1.5554547e+02  -2.4376400e+01  -1.8748469e+01  -4.2893744e+01   3.1351549e+01
   1.2000000e+01  -2.2000000e+01  -1.5512035e+02  -2.3848436e+01  -1.7237681e+01  -4.2866272e+01   3.0773255e+01
   1.2000000e+01  -2.2000000e+01  -1.5459678e+02  -2.3496658e+01  -1.5677006e+01  -4.2945843e+01   3.0427066e+01
   1.2000000e+01  -2.2000000e+01  -1.5456377e+02  -2.2774359e+01  -1.4259419e+01  -4.2786453e+01   2.9721695e+01
   1.2000000e+01  -2.2000000e+01  -1.5370577e+02  -2.2002875e+01  -1.2834127e+01  -4.2379209e+01   3.0343931e+01
   1.2000000e+01  -2.2000000e+01  -1.5310563e+02  -2.1936843e+01  -1.1752721e+01  -4.2416905e+01   2.8419375e+01
   1.2000000e+01  -2.2000000e+01  -1.5242293e+02  -2.1585915e+01  -1.0658660e+01  -4.2139609e+01   2.6704130e+01
   1.2000000e+01  -2.2000000e+01  -1.5192500e+02  -2.1140328e+01  -9.5390772e+00  -4.1555279e+01   2.5629476e+01
   1.2000000e+01  -2.2000000e+01  -1.5125965e+02  -2.1155634e+01  -7.9908356e+00  -4.0735708e+01   2.3902754e+01
   1.2000000e+01  -2.2000000e+01  -1.5059212e+02  -2.1197343e+01  -6.6169654e+00  -3.9643235e+01   2.3481273e+01
   1.2000000e+01  -2.2000000e+01  -1.5007827e+02  -2.1657947e+01  -5.2812993e+00  -3.8782728e+01   2.1209554e+01
   1.2000000e+01  -2.2000000e+01  -1.4992795e+02  -2.1948603e+01  -4.1034167e+00  -3.7689074e+01   1.9138040e+01
   1.2000000e+01  -2.2000000e+01  -1.4938754e+02  -2.2213447e+01  -2.6571087e+00  -3.6386175e+01   1.8078893e+01
   1.2000000e+01  -2.2000000e+01  -1.4870434e+02  -2.2512889e+01  -9.4357557e-01  -3.5382230e+01   1.6137852e+01
   1.2000000e+01  -2.2000000e+01  -1.4948621e+02  -2.3381022e+01  -1.1178517e-01  -3.5070054e+01   1.3770858e+01
   1.2000000e+01  -2.2000000e+01  -1.5157164e+02  -2.4940888e+01  -6.6950019e-01  -3.6009256e+01   1.0401608e+01
   1.2000000e+01  -2.2000000e+01  -1.5461175e+02  -2.5621731e+01  -2.2832023e+00  -3.7020343e+01   6.3402326e+00
   1.2000000e+01  -2.2000000e+01  -1.5867223e+02  -2.5862700e+01  -4.5957084e+00  -3.8012582e+01   3.6027558e+00
   1.2000000e+01  -2.2000000e+01  -1.6251854e+02  -2.5237107e+01  -7.6640712e+00  -3.8533911e+01   3.2528767e+00
   1.2000000e+01  -2.2000000e+01  -1.6582815e+02  -2.4497655e+01  -1.1304736e+01  -3.8955779e+01   1.5453510e+00
   1.2000000e+01  -2.2000000e+01  -1.6880889e+02  -2.3172721e+01  -1.4796293e+01  -3.8799053e+01   1.2569785e-01
   1.2000000e+01  -2.2000000e+01  -1.7186327e+02  -2.1619339e+01  -1.7750933e+01  -3.7403208e+01   1.0422878e-01
   1.2000000e+01  -2.2000000e+01  -1.7379615e+02  -2.0284852e+01  -2.0141601e+01  -3.6198320e+01  -3.7587989e-01
   1.2000000e+01  -2.2000000e+01  -1.7496522e+02  -1.9272004e+01  -2.2940370e+01  -3.4972229e+01  -3.7516954e-01
   1.2000000e+01  -2.2000000e+01  -1.7549372e+02  -1.7931462e+01  -2.5169219e+01  -3.3458395e+01  -3.9745171e-01
   1.2000000e+01  -2.2000000e+01  -1.7500358e+02  -1.7094255e+01  -2.6833299e+01  -3.2291410e+01   2.5912325e+00
   1.2000000e+01  -2.2000000e+01  -1.7308887e+02  -1.7972305e+01  -2.7603665e+01  -3.2641472e+01   4.5332675e+00
   1.2000000e+01  -2.2000000e+01  -1.7146526e+02  -1.8831530e+01  -2.7647266e+01  -3.2884293e+01   5.5212011e+00
   1.2000000e+01  -2.2000000e+01  -1.6973906e+02  -1.9576186e+01  -2.7581799e+01  -3.3017949e+01   6.5614647e+00
   1.2000000e+01  -2.2000000e+01  -1.6779810e+02  -2.0577820e+01  -2.7227578e+01  -3.3431372e+01   8.5532094e+00
   1.2000000e+01  -2.2000000e+01  -1.6577052e+02  -2.1751690e+01  -2.6568551e+01  -3.4020859e+01   9.3715748e+00
   1.2000000e+01  -2.2000000e+01  -1.6401263e+02  -2.2470529e+01  -2.5974235e+01  -3.4213258e+01   1.0725128e+01
   1.2000000e+01  -2.2000000e+01  -1.6233884e+02  -2.3057874e+01  -2.5395144e+01  -3.4583807e+01   1.3610016e+01
   1.2000000e+01  -2.2000000e+01  -1.6084774e+02  -2.3454911e+01  -2.4596262e+01  -3.5022471e+01   1.5868634e+01
   1.2000000e+01  -2.2000000e+01  -1.5953902e+02  -2.3922456e+01  -2.3860782e+01  -3.5542989e+01   1.8074553e+01
   1.2000000e+01  -2.2000000e+01  -1.5858768e+02  -2.4164026e+01  -2.2882913e+01  -3.5877299e+01   1.8298705e+01
   1.2000000e+01  -2.2000000e+01  -1.5780665e+02  -2.4602062e+01  -2.1836336e+01  -3.6255640e+01   1.9825734e+01
   1.2000000e+01  -2.2000000e+01  -1.5695346e+02  -2.4846929e+01  -2.0565064e+01  -3.6552307e+01   2.0635055e+01
   1.2000000e+01  -2.2000000e+01  -1.5607990e+02  -2.4895609e+01  -1.9273103e+01  -3.6683666e+01   2.1443913e+01
   1.2000000e+01  -2.2000000e+01  -1.5573434e+02  -2.4334202e+01  -1.7999326e+01  -3.6497103e+01   2.0527177e+01
   1.2000000e+01  -2.2000000e+01  -1.5521483e+02  -2.3650249e+01  -1.6294474e+01  -3.6187861e+01   2.0861147e+01
   1.2000000e+01  -2.2000000e+01  -1.5414076e+02  -2.2927623e+01  -1.4661712e+01  -3.6393618e+01   2.1623126e+01
   1.2000000e+01  -2.2000000e+01  -1.5321857e+02  -2.2302271e+01  -1.3101717e+01  -3.6862416e+01   1.9983581e+01
   1.2000000e+01  -2.2000000e+01  -1.5268370e+02  -2.1053942e+01  -1.1727599e+01  -3.6749476e+01   1.7654855e+01
   1.2000000e+01  -2.2000000e+01  -1.5199969e+02  -2.0614905e+01  -1.0349935e+01  -3.5909938e+01   1.5004255e+01
   1.2000000e+01  -2.2000000e+01  -1.5150856e+02  -1.9954196e+01  -8.7615832e+00  -3.4790465e+01   1.3500356e+01
   1.2000000e+01  -2.2000000e+01  -1.5100293e+02  -1.9534650e+01  -7.1941595e+00  -3.3871242e+01   1.1871662e+01
   1.2000000e+01  -2.2000000e+01  -1.5053907e+02  -1.9311031e+01  -5.9161609e+00  -3.2802540e+01   1.0840683e+01
   1.2000000e+01  -2.2000000e+01  -1.5017145e+02  -1.9304409e+01  -4.4371330e+00  -3.1847547e+01   8.4511807e+00
   1.2000000e+01  -2.2000000e+01  -1.5006694e+02  -1.9202067e+01  -3.0308234e+00  -3.0927274e+01   6.6546443e+00
   1.2000000e+01  -2.2000000e+01  -1.4995733e+02  -1.9891793e+01  -1.6267811e+00  -3.0786780e+01   4.4238683e+00
   1.2000000e+01  -2.2000000e+01  -1.5157274e+02  -2.0870919e+01  -1.5431363e+00  -3.1248419e+01   2.7732217e+00
   1.2000000e+01  -2.2000000e+01  -1.5346314e+02  -2.4186111e+01  -1.5107971e+00  -3.4030796e+01   1.8056188e-01
   1.2000000e+01  -2.2000000e+01  -1.5616586e+02  -2.6496000e+01  -3.2375465e+00  -3.6758898e+01  -1.6901892e+00
   1.2000000e+01  -2.2000000e+01  -1.5939242e+02  -2.7195548e+01  -6.0119725e+00  -3.9095044e+01   1.2284455e-01
   1.2000000e+01  -2.2000000e+01  -1.6319824e+02  -2.6956402e+01  -9.6391171e+00  -4.1008797e+01   5.5450580e+00
   1.2000000e+01  -2.2000000e+01  -1.6581198e+02  -2.6472645e+01  -1.2893477e+01  -4.2584551e+01   5.7569092e+00
   1.2000000e+01  -2.2000000e+01  -1.6957134e+02  -2.4000985e+01  -1.7377416e+01  -4.1850051e+01   4.5233578e+00
   1.2000000e+01  -2.2000000e+01  -1.7345018e+02  -2.0484153e+01  -2.1989285e+01  -3.9596086e+01   1.9153042e+00
   1.2000000e+01  -2.2000000e+01  -1.7733766e+02  -1.6219691e+01  -2.6674555e+01  -3.5759009e+01   4.3508682e+00
   1.2000000e+01  -2.2000000e+01  -1.7742440e+02  -1.5176780e+01  -2.9667291e+01  -3.4759019e+01   6.6309221e+00
   1.2000000e+01  -2.2000000e+01  -1.7512392e+02  -1.6481348e+01  -3.1006488e+01  -3.5230150e+01   8.2029253e+00
   1.2000000e+01  -2.2000000e+01  -1.7296642e+02  -1.7799689e+01  -3.1163159e+01  -3.5204075e+01   8.5191929e+00
   1.2000000e+01  -2.2000000e+01  -1.7091504e+02  -1.9261587e+01  -3.0930728e+01  -3.5262598e+01   1.0406226e+01
   1.2000000e+01  -2.2000000e+01  -1.6883587e+02  -2.1237846e+01  -3.0853804e+01  -3.5886255e+01   1.4025659e+01
   1.2000000e+01  -2.2000000e+01  -1.6637638e+02  -2.3081157e+01  -3.0432418e+01  -3.6989508e+01   1.7019603e+01
   1.2000000e+01  -2.2000000e+01  -1.6447617e+02  -2.4087245e+01  -3.0128131e+01  -3.7517775e+01   2.0661388e+01
   1.2000000e+01  -2.2000000e+01  -1.6257806e+02  -2.4531809e+01  -2.9324665e+01  -3.7994468e+01   2.2766231e+01
   1.2000000e+01  -2.2000000e+01  -1.6119761e+02  -2.4874341e+01  -2.8417950e+01  -3.8354463e+01   2.2444307e+01
   1.2000000e+01  -2.2000000e+01  -1.6063539e+02  -2.5188009e+01  -2.7359250e+01  -3.8579342e+01   2.3602743e+01
   1.2000000e+01  -2.2000000e+01  -1.5992627e+02  -2.5159398e+01  -2.6214429e+01  -3.8938450e+01   2.5652614e+01
   1.2000000e+01  -2.2000000e+01  -1.5888364e+02  -2.5322241e+01  -2.4895063e+01  -3.9735555e+01   2.7290605e+01
   1.2000000e+01  -2.2000000e+01  -1.5822273e+02  -2.4954881e+01  -2.3737208e+01  -4.0400170e+01   2.7757213e+01
   1.2000000e+01  -2.2000000e+01  -1.5737313e+02  -2.4731557e+01  -2.2480329e+01  -4.1089315e+01   2.7960297e+01
   1.2000000e+01  -2.2000000e+01  -1.5654721e+02  -2.3846531e+01  -2.1202225e+01  -4.0985428e+01   2.8382928e+01
   1.2000000e+01  -2.2000000e+01  -1.5655954e+02  -2.3435887e+01  -1.9835805e+01  -4.0976444e+01   2.7445790e+01
   1.2000000e+01  -2.2000000e+01  -1.5611480e+02  -2.3244851e+01  -1.8103327e+01  -4.1102918e+01   2.6113497e+01
   1.2000000e+01  -2.2000000e+01  -1.5531473e+02  -2.2490758e+01  -1.6713831e+01  -4.0771703e+01   2.6997301e+01
   1.2000000e+01  -2.2000000e+01  -1.5481769e+02  -2.2138848e+01  -1.5605203e+01  -4.1021723e+01   2.4658411e+01
   1.2000000e+01  -2.2000000e+01  -1.5402874e+02  -2.1651048e+01  -1.4688563e+01  -4.0901729e+01   2.4642247e+01
   1.2000000e+01  -2.2000000e+01  -1.5287282e+02  -2.1371410e+01  -1.3610401e+01  -4.0330049e+01   2.3730881e+01
   1.2000000e+01  -2.2000000e+01  -1.5198679e+02  -2.1180817e+01  -1.2426763e+01  -3.9704538e+01   2.1903839e+01
   1.2000000e+01  -2.2000000e+01  -1.5158644e+02  -2.1313564e+01  -1.1446654e+01  -3.9348390e+01   1.9532231e+01
   1.2000000e+01  -2.2000000e+01  -1.5102008e+02  -2.1064319e+01  -1.0330551e+01  -3.8537928e+01   1.8448341e+01
   1.2000000e+01  -2.2000000e+01  -1.5086022e+02  -2.0724431e+01  -9.0976027e+00  -3.7569501e+01   1.6724394e+01
   1.2000000e+01  -2.2000000e+01  -1.5082218e+02  -2.0741096e+01  -7.8104191e+00  -3.6663804e+01   1.6211828e+01
   1.2000000e+01  -2.2000000e+01  -1.5078414e+02  -2.0757761e+01  -6.5232356e+00  -3.5758108e+01   1.5699262e+01
   1.2000000e+01  -2.2000000e+01  -1.5083752e+02  -2.0857853e+01  -5.2485950e+00  -3.4942022e+01   1.5890454e+01
   1.2000000e+01  -2.2000000e+01  -1.5078416e+02  -2.1446324e+01  -3.8146596e+00  -3.4560472e+01   1.4571245e+01
   1.2000000e+01  -2.2000000e+01  -1.5106277e+02  -2.2036140e+01  -2.6547936e+00  -3.4350621e+01   1.2512181e+01
   1.2000000e+01  -2.2000000e+01  -1.5207684e+02  -2.3191199e+01  -2.9412349e+00  -3.4987242e+01   1.0975103e+01
   1.2000000e+01  -2.2000000e+01  -1.5534870e+02  -2.5545328e+01  -4.3809643e+00  -3.7490888e+01   6.6061171e+00
   1.2000000e+01  -2.2000000e+01  -1.5824570e+02  -2.7369265e+01  -6.1852467e+00  -4.0649808e+01   5.5724101e+00
   1.2000000e+01  -2.2000000e+01  -1.6165180e+02  -2.7290157e+01  -8.9041339e+00  -4.2791511e+01   7.0408976e+00
   1.2000000e+01  -2.2000000e+01  -1.6478645e+02  -2.6854288e+01  -1.2192479e+01  -4.4286310e+01   1.0038293e+01
   1.2000000e+01  -2.2000000e+01  -1.6803698e+02  -2.5383076e+01  -1.5014295e+01  -4.4134699e+01   1.2355066e+01
   1.2000000e+01  -2.2000000e+01  -1.7037548e+02  -2.3996423e+01  -1.7993640e+01  -4.3296809e+01   1.3834353e+01
   1.2000000e+01  -2.2000000e+01  -1.7253668e+02  -2.1440726e+01  -2.0870105e+01  -4.1466254e+01   1.6137431e+01
   1.2000000e+01  -2.2000000e+01  -1.7402132e+02  -1.8811020e+01  -2.3249357e+01  -3.9017064e+01   1.5727067e+01
   1.2000000e+01  -2.2000000e+01  -1.7296696e+02  -1.9334731e+01  -2.4407833e+01  -3.9358689e+01   1.6403426e+01
   1.2000000e+01  -2.2000000e+01  -1.7089924e+02  -2.0598220e+01  -2.4776473e+01  -4.0262399e+01   1.6601482e+01
   1.2000000e+01  -2.2000000e+01  -1.6878061e+02  -2.1487300e+01  -2.5139771e+01  -4.0452418e+01   1.9743028e+01
   1.2000000e+01  -2.2000000e+01  -1.6734328e+02  -2.1791651e+01  -2.5508555e+01  -4.0091443e+01   2.0660320e+01
   1.2000000e+01  -2.2000000e+01  -1.6547776e+02  -2.2648120e+01  -2.5328716e+01  -4.0222457e+01   2.2217054e+01
   1.2000000e+01  -2.2000000e+01  -1.6345860e+02  -2.3537315e+01  -2.4745462e+01  -4.0495653e+01   2.1623419e+01
   1.2000000e+01  -2.2000000e+01  -1.6173804e+02  -2.4285266e+01  -2.4086112e+01  -4.0363665e+01   2.4055306e+01
   1.2000000e+01  -2.2000000e+01  -1.5988540e+02  -2.5047388e+01  -2.3339189e+01  -4.0346284e+01   2.5964301e+01
   1.2000000e+01  -2.2000000e+01  -1.5841215e+02  -2.5260367e+01  -2.2620248e+01  -3.9995391e+01   2.6103642e+01
   1.2000000e+01  -2.2000000e+01  -1.5690566e+02  -2.5659094e+01  -2.1850688e+01  -3.9792872e+01   2.6087188e+01
   1.2000000e+01  -2.2000000e+01  -1.5590787e+02  -2.5821794e+01  -2.0730404e+01  -3.9416927e+01   2.6918460e+01
   1.2000000e+01  -2.2000000e+01  -1.5523957e+02  -2.5832745e+01  -1.9197673e+01  -3.9063626e+01   2.5659094e+01
   1.2000000e+01  -2.2000000e+01  -1.5488186e+02  -2.5659980e+01  -1.7749287e+01  -3.8775422e+01   2.5754177e+01
   1.2000000e+01  -2.2000000e+01  -1.5421617e+02  -2.5226600e+01  -1.6076271e+01  -3.8526794e+01   2.6648079e+01
   1.2000000e+01  -2.2000000e+01  -1.5362285e+02  -2.4714082e+01  -1.4432377e+01  -3.8560902e+01   2.5895799e+01
   1.2000000e+01  -2.2000000e+01  -1.5308544e+02  -2.3913923e+01  -1.2811100e+01  -3.8369663e+01   2.5150867e+01
   1.2000000e+01  -2.2000000e+01  -1.5273889e+02  -2.3495972e+01  -1.1299710e+01  -3.8454769e+01   2.4299860e+01
   1.2000000e+01  -2.2000000e+01  -1.5221945e+02  -2.2803923e+01  -9.7254075e+00  -3.8216005e+01   2.3545247e+01
   1.2000000e+01  -2.2000000e+01  -1.5107288e+02  -2.2589896e+01  -8.4611437e+00  -3.7571146e+01   2.1295867e+01
   1.2000000e+01  -2.2000000e+01  -1.5017541e+02  -2.2632667e+01  -7.2755703e+00  -3.6945947e+01   1.7922780e+01
   1.2000000e+01  -2.2000000e+01  -1.4984246e+02  -2.1736920e+01  -5.8268611e+00  -3.5173549e+01   1.6000594e+01
   1.2000000e+01  -2.2000000e+01  -1.4991797e+02  -2.1141080e+01  -4.4380922e+00  -3.3807226e+01   1.2871309e+01
   1.2000000e+01  -2.2000000e+01  -1.4957642e+02  -2.0622017e+01  -2.8486662e+00  -3.2504954e+01   1.0831344e+01
   1.2000000e+01  -2.2000000e+01  -1.4933898e+02  -2.0275404e+01  -1.3075403e+00  -3.1395113e+01   8.7289137e+00
   1.2000000e+01  -2.2000000e+01  -1.4915903e+02  -1.9602624e+01  -4.9193836e-02  -3.0651426e+01   7.3954452e+00
   1.2000000e+01  -2.2000000e+01  -1.4887827e+02  -1.9008300e+01   1.2054255e+00  -3.0202601e+01   5.2957671e+00
   1.2000000e+01  -2.2000000e+01  -1.4882184e+02  -1.8951716e+01   2.3634124e+00  -3.0260850e+01   2.9798535e+00
   1.2000000e+01  -2.2000000e+01  -1.5011380e+02  -1.9712646e+01   2.5145946e+00  -3.0699564e+01   2.0022220e+00
   1.2000000e+01  -2.2000000e+01  -1.5229746e+02  -2.1852189e+01   1.6945554e+00  -3.2359528e+01  -1.5477013e+00
   1.2000000e+01  -2.2000000e+01  -1.5431363e+02  -2.4643633e+01   7.4282851e-01  -3.4840909e+01  -2.4514975e+00
   1.2000000e+01  -2.2000000e+01  -1.5716883e+02  -2.6612929e+01  -1.7919417e+00  -3.7636430e+01  -3.3615809e+00
   1.2000000e+01  -2.2000000e+01  -1.6082409e+02  -2.6512721e+01  -5.4320810e+00  -3.9342566e+01  -4.6299241e-01
   1.2000000e+01  -2.2000000e+01  -1.6469864e+02  -2.4983736e+01  -9.2690644e+00  -3.9793217e+01   2.9639444e+00
   1.2000000e+01  -2.2000000e+01  -1.6774464e+02  -2.3492276e+01  -1.3099380e+01  -3.9593476e+01   5.4539601e+00
   1.2000000e+01  -2.2000000e+01  -1.7091160e+02  -2.1617049e+01  -1.7207129e+01  -3.8879114e+01   7.2809669e+00
   1.2000000e+01  -2.2000000e+01  -1.7374692e+02  -1.9478455e+01  -2.1967688e+01  -3.7944349e+01   7.3499677e+00
   1.2000000e+01  -2.2000000e+01  -1.7605198e+02  -1.7605884e+01  -2.6257776e+01  -3.6691221e+01   5.8545832e+00
   1.2000000e+01  -2.2000000e+01  -1.7757876e+02  -1.5813017e+01  -2.9749472e+01  -3.4821528e+01   6.8786808e+00
   1.2000000e+01  -2.2000000e+01  -1.7633051e+02  -1.6153699e+01  -3.1503749e+01  -3.4518868e+01   5.5796069e+00
   1.2000000e+01  -2.2000000e+01  -1.7424031e+02  -1.7238651e+01  -3.2625715e+01  -3.4574506e+01   8.3541226e+00
   1.2000000e+01  -2.2000000e+01  -1.7197533e+02  -1.8267356e+01  -3.3002552e+01  -3.4973572e+01   9.7201759e+00
   1.2000000e+01  -2.2000000e+01  -1.6942713e+02  -1.9882013e+01  -3.2658278e+01  -3.5952540e+01   1.2010848e+01
   1.2000000e+01  -2.2000000e+01  -1.6732113e+02  -2.1631427e+01  -3.2587062e+01  -3.7207411e+01   1.5346448e+01
   1.2000000e+01  -2.2000000e+01  -1.6514908e+02  -2.3004749e+01  -3.2465802e+01  -3.8161538e+01   1.8828928e+01
   1.2000000e+01  -2.2000000e+01  -1.6299906e+02  -2.3854476e+01  -3.1997157e+01  -3.8522068e+01   2.1315360e+01
   1.2000000e+01  -2.2000000e+01  -1.6100877e+02  -2.4666184e+01  -3.1240272e+01  -3.9070828e+01   2.2267041e+01
   1.2000000e+01  -2.2000000e+01  -1.5939537e+02  -2.5014289e+01  -3.0281899e+01  -3.9208565e+01   2.4398806e+01
   1.2000000e+01  -2.2000000e+01  -1.5803549e+02  -2.5564496e+01  -2.9475201e+01  -3.9626746e+01   2.6517994e+01
   1.2000000e+01  -2.2000000e+01  -1.5644165e+02  -2.6106997e+01  -2.8433240e+01  -4.0307832e+01   2.9199157e+01
   1.2000000e+01  -2.2000000e+01  -1.5549132e+02  -2.6192487e+01  -2.7741946e+01  -4.0854877e+01   3.1646440e+01
   1.2000000e+01  -2.2000000e+01  -1.5408445e+02  -2.6075952e+01  -2.6219350e+01  -4.1386154e+01   3.2040033e+01
   1.2000000e+01  -2.2000000e+01  -1.5327053e+02  -2.5993255e+01  -2.4363559e+01  -4.1866102e+01   3.1719557e+01
   1.2000000e+01  -2.2000000e+01  -1.5261308e+02  -2.5558249e+01  -2.2156987e+01  -4.2017183e+01   3.2234474e+01
   1.2000000e+01  -2.2000000e+01  -1.5227476e+02  -2.4915908e+01  -1.9794427e+01  -4.2102976e+01   3.3098764e+01
   1.2000000e+01  -2.2000000e+01  -1.5198561e+02  -2.4328043e+01  -1.7129752e+01  -4.2498551e+01   3.1354764e+01
   1.2000000e+01  -2.2000000e+01  -1.5144299e+02  -2.3655142e+01  -1.4817610e+01  -4.2555213e+01   3.1171100e+01
   1.2000000e+01  -2.2000000e+01  -1.5093938e+02  -2.2644542e+01  -1.2617379e+01  -4.2277140e+01   3.1079297e+01
   1.2000000e+01  -2.2000000e+01  -1.5078661e+02  -2.1856102e+01  -1.0827384e+01  -4.2033768e+01   2.9199829e+01
   1.2000000e+01  -2.2000000e+01  -1.5047744e+02  -2.1765576e+01  -9.3425947e+00  -4.1642917e+01   2.6443380e+01
   1.2000000e+01  -2.2000000e+01  -1.4933453e+02  -2.1683653e+01  -7.4839079e+00  -4.0683835e+01   2.5595891e+01
   1.2000000e+01  -2.2000000e+01  -1.4863285e+02  -2.1587137e+01  -6.0187708e+00  -3.9526453e+01   2.3235106e+01
   1.2000000e+01  -2.2000000e+01  -1.4826380e+02  -2.1219215e+01  -4.7568794e+00  -3.8144764e+01   2.1028337e+01
   1.2000000e+01  -2.2000000e+01  -1.4789476e+02  -2.0851292e+01  -3.4949880e+00  -3.6763076e+01   1.8821569e+01
   1.2000000e+01  -2.2000000e+01  -1.4777531e+02  -2.0630182e+01  -2.2535049e+00  -3.5359114e+01   1.7046324e+01
   1.2000000e+01  -2.2000000e+01  -1.4747125e+02  -2.0861394e+01  -8.3888213e-01  -3.4423898e+01   1.5218967e+01
   1.2000000e+01  -2.2000000e+01  -1.4765824e+02  -2.1628825e+01   2.2874245e-01  -3.4182424e+01   1.3529664e+01
   1.2000000e+01  -2.2000000e+01  -1.4842404e+02  -2.2853996e+01   9.4864027e-01  -3.4969697e+01   9.5488780e+00
   1.2000000e+01  -2.2000000e+01  -1.5010960e+02  -2.5166142e+01   9.2400305e-01  -3.7087910e+01   6.9807162e+00
   1.2000000e+01  -2.2000000e+01  -1.5296596e+02  -2.7216623e+01  -1.6530457e-01  -3.9952787e+01   7.4913567e+00
   1.2000000e+01  -2.2000000e+01  -1.5588102e+02  -2.8274350e+01  -3.4122495e+00  -4.2794887e+01   6.5109849e+00
   1.2000000e+01  -2.2000000e+01  -1.5997797e+02  -2.7428870e+01  -6.6529302e+00  -4.4297516e+01   5.3078000e+00
   1.2000000e+01  -2.2000000e+01  -1.6358114e+02  -2.5788594e+01  -1.0260867e+01  -4.4738082e+01   4.9264588e+00
   1.2000000e+01  -2.2000000e+01  -1.6762412e+02  -2.3386856e+01  -1.4766708e+01  -4.3808400e+01   2.5885889e+00
   1.2000000e+01  -2.2000000e+01  -1.7179243e+02  -2.0209693e+01  -1.9971759e+01  -4.1408987e+01  -1.1158758e-01
   1.2000000e+01  -2.2000000e+01  -1.7568788e+02  -1.6792700e+01  -2.5156583e+01  -3.7728153e+01  -1.7034391e+00
   1.2000000e+01  -2.2000000e+01  -1.7846736e+02  -1.3088766e+01  -2.9404004e+01  -3.3767043e+01  -4.6513485e-01
   1.2000000e+01  -2.2000000e+01  -1.7733432e+02  -1.2624955e+01  -3.1665374e+01  -3.2727879e+01   3.8029012e+00
   1.2000000e+01  -2.2000000e+01  -1.7464111e+02  -1.4135747e+01  -3.2543134e+01  -3.3341126e+01   5.3166085e+00
   1.2000000e+01  -2.2000000e+01  -1.7213887e+02  -1.6204794e+01  -3.2639484e+01  -3.3934057e+01   6.1531716e+00
   1.2000000e+01  -2.2000000e+01  -1.6953797e+02  -1.7953265e+01  -3.2305235e+01  -3.4216763e+01   7.7739693e+00
   1.2000000e+01  -2.2000000e+01  -1.6741657e+02  -1.9882345e+01  -3.2081907e+01  -3.4531398e+01   9.3822193e+00
   1.2000000e+01  -2.2000000e+01  -1.6523552e+02  -2.2038018e+01  -3.1323931e+01  -3.5182858e+01   1.1605624e+01
   1.2000000e+01  -2.2000000e+01  -1.6308490e+02  -2.3695797e+01  -3.0769384e+01  -3.5695678e+01   1.6353558e+01
   1.2000000e+01  -2.2000000e+01  -1.6109920e+02  -2.4805260e+01  -3.0198137e+01  -3.6089249e+01   1.9960978e+01
   1.2000000e+01  -2.2000000e+01  -1.5979276e+02  -2.5401807e+01  -2.8819127e+01  -3.7209980e+01   2.2362826e+01
   1.2000000e+01  -2.2000000e+01  -1.5852986e+02  -2.5741305e+01  -2.7500810e+01  -3.8122397e+01   2.5195248e+01
   1.2000000e+01  -2.2000000e+01  -1.5697231e+02  -2.6313521e+01  -2.6149031e+01  -3.9346333e+01   2.7461454e+01
   1.2000000e+01  -2.2000000e+01  -1.5580126e+02  -2.6024363e+01  -2.5122212e+01  -4.0020852e+01   2.8765690e+01
   1.2000000e+01  -2.2000000e+01  -1.5459172e+02  -2.5935000e+01  -2.3621543e+01  -4.0701189e+01   2.9309040e+01
   1.2000000e+01  -2.2000000e+01  -1.5352894e+02  -2.5711958e+01  -2.2032278e+01  -4.1125894e+01   3.0997677e+01
   1.2000000e+01  -2.2000000e+01  -1.5275720e+02  -2.5381770e+01  -2.0192123e+01  -4.1467200e+01   3.0804808e+01
   1.2000000e+01  -2.2000000e+01  -1.5256003e+02  -2.4810570e+01  -1.8327352e+01  -4.1573374e+01   3.0061471e+01
   1.2000000e+01  -2.2000000e+01  -1.5159429e+02  -2.4465371e+01  -1.6231880e+01  -4.1979013e+01   2.9656044e+01
   1.2000000e+01  -2.2000000e+01  -1.5119136e+02  -2.3762742e+01  -1.4682482e+01  -4.2007489e+01   2.9141747e+01
   1.2000000e+01  -2.2000000e+01  -1.5018213e+02  -2.3251029e+01  -1.2798765e+01  -4.2085237e+01   2.8424195e+01
   1.2000000e+01  -2.2000000e+01  -1.4941239e+02  -2.2424407e+01  -1.1094665e+01  -4.1108818e+01   2.7239259e+01
   1.2000000e+01  -2.2000000e+01  -1.4857769e+02  -2.2157307e+01  -9.1118481e+00  -4.0134690e+01   2.4850533e+01
   1.2000000e+01  -2.2000000e+01  -1.4804718e+02  -2.2202638e+01  -7.3975987e+00  -3.9078160e+01   2.2681060e+01
   1.2000000e+01  -2.2000000e+01  -1.4766558e+02  -2.2063052e+01  -5.8284669e+00  -3.7811034e+01   2.0591993e+01
   1.2000000e+01  -2.2000000e+01  -1.4766646e+02  -2.1782554e+01  -4.5375721e+00  -3.6338065e+01   1.8505573e+01
   1.2000000e+01  -2.2000000e+01  -1.4745992e+02  -2.1528958e+01  -3.1244779e+00  -3.4869314e+01   1.6462223e+01
   1.2000000e+01  -2.2000000e+01  -1.4731179e+02  -2.1705993e+01  -1.7062765e+00  -3.3840985e+01   1.4242757e+01
   1.2000000e+01  -2.2000000e+01  -1.4877945e+02  -2.2967517e+01  -1.3070410e+00  -3.3929408e+01   1.1736542e+01
   1.2000000e+01  -2.2000000e+01  -1.5112594e+02  -2.4458329e+01  -2.1529683e+00  -3.4746412e+01   8.4775457e+00
   1.2000000e+01  -2.2000000e+01  -1.5450215e+02  -2.5159326e+01  -3.9620403e+00  -3.5787777e+01   5.4355962e+00
   1.2000000e+01  -2.2000000e+01  -1.5767631e+02  -2.6556531e+01  -6.3221563e+00  -3.7897210e+01   3.9418448e+00
   1.2000000e+01  -2.2000000e+01  -1.6110602e+02  -2.7169718e+01  -9.5051095e+00  -3.9750092e+01   5.5194140e+00
   1.2000000e+01  -2.2000000e+01  -1.6435099e+02  -2.7267757e+01  -1.3001547e+01  -4.1334720e+01   5.5275222e+00
   1.2000000e+01  -2.2000000e+01  -1.6830986e+02  -2.5839442e+01  -1.7053403e+01  -4.1348382e+01   6.3288045e+00
   1.2000000e+01  -2.2000000e+01  -1.7199735e+02  -2.2737752e+01  -2.1552984e+01  -3.9648328e+01   5.4266118e+00
   1.2000000e+01  -2.2000000e+01  -1.7605360e+02  -1.9343753e+01  -2.6278759e+01  -3.5765100e+01   5.1628440e+00
   1.2000000e+01  -2.2000000e+01  -1.7710640e+02  -1.7268300e+01  -2.9578375e+01  -3.2977035e+01   8.2883748e+00
   1.2000000e+01  -2.2000000e+01  -1.7488940e+02  -1.8501765e+01  -3.0610190e+01  -3.2989586e+01   8.8487573e+00
   1.2000000e+01  -2.2000000e+01  -1.7213128e+02  -2.0128109e+01  -3.1103996e+01  -3.3476670e+01   1.0550317e+01
   1.2000000e+01  -2.2000000e+01  -1.6933339e+02  -2.1530531e+01  -3.1409062e+01  -3.3939697e+01   1.1828072e+01
   1.2000000e+01  -2.2000000e+01  -1.6661155e+02  -2.3735647e+01  -3.1475528e+01  -3.4955476e+01   1.4623854e+01
   1.2000000e+01  -2.2000000e+01  -1.6406996e+02  -2.4963935e+01  -3.1054418e+01  -3.5340312e+01   1.7003283e+01
   1.2000000e+01  -2.2000000e+01  -1.6196283e+02  -2.6273574e+01  -3.0415144e+01  -3.5952087e+01   2.0625392e+01
   1.2000000e+01  -2.2000000e+01  -1.5982949e+02  -2.6564152e+01  -2.9281175e+01  -3.6259061e+01   2.2184525e+01
   1.2000000e+01  -2.2000000e+01  -1.5827722e+02  -2.7008687e+01  -2.8493138e+01  -3.6895293e+01   2.5508465e+01
   1.2000000e+01  -2.2000000e+01  -1.5706161e+02  -2.7448871e+01  -2.7626859e+01  -3.7454170e+01   2.6537053e+01
   1.2000000e+01  -2.2000000e+01  -1.5639278e+02  -2.7229136e+01  -2.6729159e+01  -3.7287571e+01   2.5991692e+01
   1.2000000e+01  -2.2000000e+01  -1.5630314e+02  -2.6893665e+01  -2.5963988e+01  -3.6891370e+01   2.4870047e+01
   1.2000000e+01  -2.2000000e+01  -1.5638403e+02  -2.6972171e+01  -2.5058093e+01  -3.6578534e+01   2.3056164e+01
   1.2000000e+01  -2.2000000e+01  -1.5685639e+02  -2.6537384e+01  -2.4092673e+01  -3.5692202e+01   2.0475355e+01
   1.2000000e+01  -2.2000000e+01  -1.5680521e+02  -2.6245655e+01  -2.2675876e+01  -3.4751564e+01   1.9271629e+01
   1.2000000e+01  -2.2000000e+01  -1.5690912e+02  -2.6226719e+01  -2.1310242e+01  -3.4045526e+01   1.7929096e+01
   1.2000000e+01  -2.2000000e+01  -1.5712633e+02  -2.5733833e+01  -1.9983274e+01  -3.3055891e+01   1.6191077e+01
   1.2000000e+01  -2.2000000e+01  -1.5710927e+02  -2.5620221e+01  -1.8559431e+01  -3.2423459e+01   1.5330933e+01
   1.2000000e+01  -2.2000000e+01  -1.5664754e+02  -2.5282711e+01  -1.6997517e+01  -3.1791648e+01   1.4184657e+01
   1.2000000e+01  -2.2000000e+01  -1.5574581e+02  -2.4215529e+01  -1.5859905e+01  -3.1772692e+01   1.2253932e+01
   1.2000000e+01  -2.2000000e+01  -1.5476459e+02  -2.2970693e+01  -1.4904478e+01  -3.1552464e+01   1.3071147e+01
   1.2000000e+01  -2.2000000e+01  -1.5446552e+02  -2.2160931e+01  -1.4147791e+01  -3.1790801e+01   1.2231111e+01
   1.2000000e+01  -2.2000000e+01  -1.5409451e+02  -2.0968781e+01  -1.3094947e+01  -3.1759051e+01   1.0539430e+01
   1.2000000e+01  -2.2000000e+01  -1.5386713e+02  -1.9681207e+01  -1.2119525e+01  -3.1564853e+01   8.8345785e+00
   1.2000000e+01  -2.2000000e+01  -1.5388492e+02  -1.8795799e+01  -1.0876647e+01  -3.0897998e+01   6.0310440e+00
   1.2000000e+01  -2.2000000e+01  -1.5345970e+02  -1.8344055e+01  -9.5364013e+00  -3.0322108e+01   4.1175403e+00
   1.2000000e+01  -2.2000000e+01  -1.5311336e+02  -1.8180331e+01  -8.2493686e+00  -2.9962820e+01   2.1353581e+00
   1.2000000e+01  -2.2000000e+01  -1.5245584e+02  -1.8299385e+01  -7.1630645e+00  -2.9274206e+01   2.4067492e+00
   1.2000000e+01  -2.2000000e+01  -1.5182868e+02  -1.8660531e+01  -6.1126399e+00  -2.8690153e+01   1.0095755e+00
   1.2000000e+01  -2.2000000e+01  -1.5086597e+02  -2.0047149e+01  -5.1355167e+00  -2.9068705e+01  -1.6063552e+00
   1.2000000e+01  -2.2000000e+01  -1.5097423e+02  -2.3585398e+01  -4.9660990e+00  -3.2317734e+01  -5.3626930e+00
   1.2000000e+01  -2.2000000e+01  -1.5197208e+02  -2.6474384e+01  -5.8078232e+00  -3.5314640e+01  -6.4152899e+00
   1.2000000e+01  -2.2000000e+01  -1.5391018e+02  -2.7723396e+01  -7.5532671e+00  -3.6781151e+01  -5.4694754e+00
   1.2000000e+01  -2.2000000e+01  -1.5718797e+02  -2.7896017e+01  -1.1040175e+01  -3.8013890e+01  -1.1473457e+00
   1.2000000e+01  -2.2000000e+01  -1.6061750e+02  -2.7359243e+01  -1.4675469e+01  -3.8950525e+01   2.6153794e+00
   1.2000000e+01  -2.2000000e+01  -1.6328947e+02  -2.6981084e+01  -1.8961757e+01  -3.9214943e+01   3.2100378e+00
   1.2000000e+01  -2.2000000e+01  -1.6751831e+02  -2.5222006e+01  -2.3575538e+01  -3.8039545e+01   3.0549395e+00
   1.2000000e+01  -2.2000000e+01  -1.7107241e+02  -2.2780399e+01  -2.6856054e+01  -3.6227466e+01   9.1942311e-01
   1.2000000e+01  -2.2000000e+01  -1.7405658e+02  -1.9976616e+01  -3.0538385e+01  -3.3397028e+01   8.4290511e-01
   1.2000000e+01  -2.2000000e+01  -1.7500412e+02  -1.7601454e+01  -3.3122704e+01  -3.0646870e+01   4.2806225e+00
   1.2000000e+01  -2.2000000e+01  -1.7305482e+02  -1.8713471e+01  -3.3978221e+01  -3.0926005e+01   4.9694246e+00
   1.2000000e+01  -2.2000000e+01  -1.7133016e+02  -2.0113744e+01  -3.3185509e+01  -3.1376430e+01   5.1339011e+00
   1.2000000e+01  -2.2000000e+01  -1.6890484e+02  -2.1716703e+01  -3.2426089e+01  -3.2147677e+01   7.5131097e+00
   1.2000000e+01  -2.2000000e+01  -1.6646383e+02  -2.4153476e+01  -3.2411556e+01  -3.3668827e+01   1.1610700e+01
   1.2000000e+01  -2.2000000e+01  -1.6423170e+02  -2.5637186e+01  -3.2370305e+01  -3.4535620e+01   1.5273624e+01
   1.2000000e+01  -2.2000000e+01  -1.6193548e+02  -2.6830364e+01  -3.2240272e+01  -3.5185740e+01   1.9041485e+01
   1.2000000e+01  -2.2000000e+01  -1.5991406e+02  -2.7719983e+01  -3.1997212e+01  -3.5805730e+01   2.2354376e+01
   1.2000000e+01  -2.2000000e+01  -1.5864487e+02  -2.7831100e+01  -3.1217898e+01  -3.6435913e+01   2.3899533e+01
   1.2000000e+01  -2.2000000e+01  -1.5744285e+02  -2.7652335e+01  -3.0499090e+01  -3.6962060e+01   2.6643380e+01
   1.2000000e+01  -2.2000000e+01  -1.5655578e+02  -2.7955490e+01  -2.9834660e+01  -3.7734043e+01   2.7828946e+01
   1.2000000e+01  -2.2000000e+01  -1.5608571e+02  -2.7692575e+01  -2.9137978e+01  -3.7999101e+01   2.7957083e+01
   1.2000000e+01  -2.2000000e+01  -1.5579249e+02  -2.7812855e+01  -2.8514390e+01  -3.8549558e+01   2.7903980e+01
   1.2000000e+01  -2.2000000e+01  -1.5577469e+02  -2.7359614e+01  -2.7986126e+01  -3.8521657e+01   2.8415233e+01
   1.2000000e+01  -2.2000000e+01  -1.5543155e+02  -2.7022907e+01  -2.7200187e+01  -3.8652888e+01   2.8964280e+01
   1.2000000e+01  -2.2000000e+01  -1.5515941e+02  -2.7269515e+01  -2.6608903e+01  -3.9205937e+01   2.9962622e+01
   1.2000000e+01  -2.2000000e+01  -1.5517368e+02  -2.6877647e+01  -2.5695992e+01  -3.9286469e+01   3.0543656e+01
   1.2000000e+01  -2.2000000e+01  -1.5503170e+02  -2.6954156e+01  -2.4524217e+01  -3.9608786e+01   3.0881012e+01
   1.2000000e+01  -2.2000000e+01  -1.5444670e+02  -2.6998782e+01  -2.3488081e+01  -3.9864774e+01   3.1833740e+01
   1.2000000e+01  -2.2000000e+01  -1.5422760e+02  -2.6138549e+01  -2.2658380e+01  -3.9475789e+01   3.2166217e+01
   1.2000000e+01  -2.2000000e+01  -1.5371295e+02  -2.5929543e+01  -2.1744210e+01  -3.9661177e+01   3.1650457e+01
   1.2000000e+01  -2.2000000e+01  -1.5316879e+02  -2.5450089e+01  -2.0996117e+01  -3.9798186e+01   3.1907515e+01
   1.2000000e+01  -2.2000000e+01  -1.5281760e+02  -2.4723551e+01  -2.0256066e+01  -3.9796956e+01   3.2123075e+01
   1.2000000e+01  -2.2000000e+01  -1.5279003e+02  -2.4001373e+01  -1.9151267e+01  -3.9829562e+01   3.1288624e+01
   1.2000000e+01  -2.2000000e+01  -1.5223308e+02  -2.3591410e+01  -1.7737984e+01  -4.0114027e+01   3.1134520e+01
   1.2000000e+01  -2.2000000e+01  -1.5178025e+02  -2.3028762e+01  -1.6483575e+01  -4.0245162e+01   3.1076715e+01
   1.2000000e+01  -2.2000000e+01  -1.5107178e+02  -2.2984226e+01  -1.5098902e+01  -4.0672820e+01   3.0091162e+01
   1.2000000e+01  -2.2000000e+01  -1.5102479e+02  -2.2470196e+01  -1.3762813e+01  -4.0651317e+01   2.8544133e+01
   1.2000000e+01  -2.2000000e+01  -1.5040352e+02  -2.1905739e+01  -1.2040769e+01  -4.0495285e+01   2.7080324e+01
   1.2000000e+01  -2.2000000e+01  -1.4990247e+02  -2.1483751e+01  -1.0533417e+01  -4.0006199e+01   2.6257971e+01
   1.2000000e+01  -2.2000000e+01  -1.4928084e+02  -2.1314449e+01  -8.9846569e+00  -3.9377772e+01   2.4820003e+01
   1.2000000e+01  -2.2000000e+01  -1.4881476e+02  -2.1208770e+01  -7.4996639e+00  -3.8284250e+01   2.2728305e+01
   1.2000000e+01  -2.2000000e+01  -1.4847325e+02  -2.1221237e+01  -6.1380461e+00  -3.6976328e+01   2.0992738e+01
   1.2000000e+01  -2.2000000e+01  -1.4815357e+02  -2.1479342e+01  -4.8153078e+00  -3.5857773e+01   1.9204323e+01
   1.2000000e+01  -2.2000000e+01  -1.4807568e+02  -2.2476409e+01  -3.6463282e+00  -3.5359154e+01   1.7158482e+01
   1.2000000e+01  -2.2000000e+01  -1.4932793e+02  -2.4354716e+01  -3.6388642e+00  -3.5751510e+01   1.5370543e+01
   1.2000000e+01  -2.2000000e+01  -1.5053556e+02  -2.7921409e+01  -3.5345338e+00  -3.8937330e+01   1.1469692e+01
   1.2000000e+01  -2.2000000e+01  -1.5275021e+02  -2.9391040e+01  -5.2819757e+00  -4.2223574e+01   1.1210718e+01
   1.2000000e+01  -2.2000000e+01  -1.5628727e+02  -2.9125117e+01  -8.2479860e+00  -4.3858219e+01   1.1899338e+01
   1.2000000e+01  -2.2000000e+01  -1.6014680e+02  -2.7854234e+01  -1.1910141e+01  -4.4477499e+01   1.2019747e+01
   1.2000000e+01  -2.2000000e+01  -1.6345758e+02  -2.5895634e+01  -1.6442135e+01  -4.2803733e+01   1.1195924e+01
   1.2000000e+01  -2.2000000e+01  -1.6693327e+02  -2.3637075e+01  -2.0800282e+01  -4.0744623e+01   9.0987716e+00
   1.2000000e+01  -2.2000000e+01  -1.7018634e+02  -2.0260842e+01  -2.5150268e+01  -3.7514178e+01   6.9262414e+00
   1.2000000e+01  -2.2000000e+01  -1.7271706e+02  -1.7222653e+01  -2.8862593e+01  -3.4350615e+01   6.5401853e+00
   1.2000000e+01  -2.2000000e+01  -1.7308833e+02  -1.6328432e+01  -3.0905053e+01  -3.2565260e+01   8.1119697e+00
   1.2000000e+01  -2.2000000e+01  -1.7200195e+02  -1.7574200e+01  -3.0702832e+01  -3.2244778e+01   9.4841406e+00
   1.2000000e+01  -2.2000000e+01  -1.7040881e+02  -1.8837757e+01  -3.0147280e+01  -3.2234949e+01   9.1528305e+00
   1.2000000e+01  -2.2000000e+01  -1.6889944e+02  -2.0203209e+01  -2.9662228e+01  -3.2370752e+01   8.8765162e+00
   1.2000000e+01  -2.2000000e+01  -1.6730902e+02  -2.0861293e+01  -2.9433143e+01  -3.2356982e+01   9.9674224e+00
   1.2000000e+01  -2.2000000e+01  -1.6522775e+02  -2.1973445e+01  -2.8925440e+01  -3.2857494e+01   1.0954647e+01
   1.2000000e+01  -2.2000000e+01  -1.6353193e+02  -2.3183957e+01  -2.8149437e+01  -3.3495718e+01   1.3187038e+01
   1.2000000e+01  -2.2000000e+01  -1.6229043e+02  -2.4364901e+01  -2.7201913e+01  -3.4147064e+01   1.6173810e+01
   1.2000000e+01  -2.2000000e+01  -1.6047108e+02  -2.5357384e+01  -2.6540803e+01  -3.4966320e+01   2.0592104e+01
   1.2000000e+01  -2.2000000e+01  -1.5929231e+02  -2.5800484e+01  -2.5899756e+01  -3.5280281e+01   2.2779725e+01
   1.2000000e+01  -2.2000000e+01  -1.5821081e+02  -2.6205061e+01  -2.4681045e+01  -3.5585295e+01   2.3193121e+01
   1.2000000e+01  -2.2000000e+01  -1.5699676e+02  -2.6553942e+01  -2.3296937e+01  -3.5875421e+01   2.4097637e+01
   1.2000000e+01  -2.2000000e+01  -1.5590961e+02  -2.6587544e+01  -2.2001181e+01  -3.5981425e+01   2.5624191e+01
   1.2000000e+01  -2.2000000e+01  -1.5471554e+02  -2.6706397e+01  -2.0521921e+01  -3.6371810e+01   2.6467483e+01
   1.2000000e+01  -2.2000000e+01  -1.5424184e+02  -2.6156383e+01  -1.9087790e+01  -3.6435199e+01   2.4690190e+01
   1.2000000e+01  -2.2000000e+01  -1.5403544e+02  -2.5484659e+01  -1.7599213e+01  -3.6415657e+01   2.4570046e+01
   1.2000000e+01  -2.2000000e+01  -1.5320803e+02  -2.4917345e+01  -1.6168567e+01  -3.6320675e+01   2.5410443e+01
   1.2000000e+01  -2.2000000e+01  -1.5324319e+02  -2.4356444e+01  -1.4856721e+01  -3.6236057e+01   2.3388129e+01
   1.2000000e+01  -2.2000000e+01  -1.5271388e+02  -2.3810216e+01  -1.3203862e+01  -3.6342494e+01   2.0442611e+01
   1.2000000e+01  -2.2000000e+01  -1.5230108e+02  -2.2816396e+01  -1.1799603e+01  -3.5914685e+01   1.9583166e+01
   1.2000000e+01  -2.2000000e+01  -1.5178458e+02  -2.2014225e+01  -1.0299909e+01  -3.5535731e+01   1.8813115e+01
   1.2000000e+01  -2.2000000e+01  -1.5154865e+02  -2.1323128e+01  -8.8965501e+00  -3.4717120e+01   1.7361454e+01
   1.2000000e+01  -2.2000000e+01  -1.5124308e+02  -2.0772890e+01  -7.6448233e+00  -3.3759015e+01   1.4510503e+01
   1.2000000e+01  -2.2000000e+01  -1.5088946e+02  -2.0437080e+01  -6.7521371e+00  -3.2654913e+01   1.2716588e+01
   1.2000000e+01  -2.2000000e+01  -1.5044794e+02  -2.0219671e+01  -5.9034698e+00  -3.1531201e+01   1.0217511e+01
   1.2000000e+01  -2.2000000e+01  -1.5020737e+02  -1.9831935e+01  -5.1617332e+00  -3.0204783e+01   7.8754146e+00
   1.2000000e+01  -2.2000000e+01  -1.4984286e+02  -1.9828128e+01  -4.3884209e+00  -2.9276287e+01   5.2933904e+00
   1.2000000e+01  -2.2000000e+01  -1.5020727e+02  -2.0319212e+01  -3.1357220e+00  -2.9665341e+01   1.8591083e+00
   1.2000000e+01  -2.2000000e+01  -1.5113268e+02  -2.3068765e+01  -2.6768482e+00  -3.2381676e+01  -1.1156887e+00
   1.2000000e+01  -2.2000000e+01  -1.5285672e+02  -2.5911350e+01  -3.2100069e+00  -3.5418922e+01  -1.6870322e+00
   1.2000000e+01  -2.2000000e+01  -1.5493868e+02  -2.8138255e+01  -5.2874833e+00  -3.8763215e+01  -1.6325548e+00
   1.2000000e+01  -2.2000000e+01  -1.5784521e+02  -2.9146568e+01  -7.5653805e+00  -4.1252962e+01  -5.3641692e+00
   1.2000000e+01  -2.2000000e+01  -1.6082795e+02  -2.8581593e+01  -1.0592879e+01  -4.2527588e+01  -2.6516383e+00
   1.2000000e+01  -2.2000000e+01  -1.6463911e+02  -2.6696544e+01  -1.5046460e+01  -4.2048695e+01   4.0167624e-01
   1.2000000e+01  -2.2000000e+01  -1.6903496e+02  -2.4499951e+01  -2.0184441e+01  -4.1088340e+01   3.1848679e+00
   1.2000000e+01  -2.2000000e+01  -1.7292973e+02  -2.1353451e+01  -2.4786057e+01  -3.9440838e+01   4.3061446e+00
   1.2000000e+01  -2.2000000e+01  -1.7570178e+02  -1.8251867e+01  -2.8736483e+01  -3.6909898e+01   7.4872128e+00
   1.2000000e+01  -2.2000000e+01  -1.7550680e+02  -1.6786152e+01  -3.1037765e+01  -3.5293101e+01   8.4094870e+00
   1.2000000e+01  -2.2000000e+01  -1.7327224e+02  -1.7985071e+01  -3.1709500e+01  -3.5748411e+01   1.0307795e+01
   1.2000000e+01  -2.2000000e+01  -1.7022588e+02  -1.9719410e+01  -3.1787752e+01  -3.6552099e+01   1.2773123e+01
   1.2000000e+01  -2.2000000e+01  -1.6763931e+02  -2.1586092e+01  -3.1909939e+01  -3.7484185e+01   1.4570122e+01
   1.2000000e+01  -2.2000000e+01  -1.6515859e+02  -2.3232261e+01  -3.1859036e+01  -3.8226182e+01   1.9312665e+01
   1.2000000e+01  -2.2000000e+01  -1.6276956e+02  -2.4516473e+01  -3.1104833e+01  -3.8817720e+01   2.2263699e+01
   1.2000000e+01  -2.2000000e+01  -1.6088923e+02  -2.5474787e+01  -3.0379351e+01  -3.9343532e+01   2.4727141e+01
   1.2000000e+01  -2.2000000e+01  -1.5894212e+02  -2.6256756e+01  -2.9573850e+01  -4.0147068e+01   2.7721580e+01
   1.2000000e+01  -2.2000000e+01  -1.5817596e+02  -2.5897639e+01  -2.8045393e+01  -4.0866235e+01   3.0313965e+01
   1.2000000e+01  -2.2000000e+01  -1.5717322e+02  -2.6168592e+01  -2.6432961e+01  -4.2012398e+01   3.2499121e+01
   1.2000000e+01  -2.2000000e+01  -1.5649360e+02  -2.5992333e+01  -2.5021824e+01  -4.2831432e+01   3.3890607e+01
   1.2000000e+01  -2.2000000e+01  -1.5521905e+02  -2.5905770e+01  -2.3204590e+01  -4.3709873e+01   3.4977486e+01
   1.2000000e+01  -2.2000000e+01  -1.5430783e+02  -2.5651893e+01  -2.1582889e+01  -4.4266242e+01   3.5187693e+01
   1.2000000e+01  -2.2000000e+01  -1.5351719e+02  -2.5506957e+01  -1.9638953e+01  -4.4896143e+01   3.3462596e+01
   1.2000000e+01  -2.2000000e+01  -1.5333971e+02  -2.5111394e+01  -1.7641220e+01  -4.4956258e+01   3.3352875e+01
   1.2000000e+01  -2.2000000e+01  -1.5321208e+02  -2.3765092e+01  -1.5840319e+01  -4.4162127e+01   3.3458181e+01
   1.2000000e+01  -2.2000000e+01  -1.5317913e+02  -2.3357085e+01  -1.3811713e+01  -4.4213293e+01   3.1947608e+01
   1.2000000e+01  -2.2000000e+01  -1.5294576e+02  -2.2900047e+01  -1.1944047e+01  -4.3813003e+01   3.1565646e+01
   1.2000000e+01  -2.2000000e+01  -1.5261160e+02  -2.2325412e+01  -9.9927858e+00  -4.3082218e+01   3.0128054e+01
   1.2000000e+01  -2.2000000e+01  -1.5200578e+02  -2.1910764e+01  -8.0122082e+00  -4.2428135e+01   2.8588292e+01
   1.2000000e+01  -2.2000000e+01  -1.5159805e+02  -2.1447519e+01  -6.4044412e+00  -4.1431959e+01   2.7916949e+01
   1.2000000e+01  -2.2000000e+01  -1.5075001e+02  -2.1092161e+01  -4.7140504e+00  -4.0314617e+01   2.7451140e+01
   1.2000000e+01  -2.2000000e+01  -1.5070510e+02  -2.1298536e+01  -3.8386907e+00  -3.9654782e+01   2.3954688e+01
   1.2000000e+01  -2.2000000e+01  -1.5057341e+02  -2.1118838e+01  -3.0369978e+00  -3.8409959e+01   2.2062033e+01
   1.2000000e+01  -2.2000000e+01  -1.5015513e+02  -2.1037190e+01  -2.0418754e+00  -3.7268194e+01   2.0047280e+01
   1.2000000e+01  -2.2000000e+01  -1.4973503e+02  -2.0834122e+01  -1.0425744e+00  -3.5995639e+01   1.8027306e+01
   1.2000000e+01  -2.2000000e+01  -1.4935623e+02  -2.0387012e+01  -7.9195555e-02  -3.4517583e+01   1.6175476e+01
   1.2000000e+01  -2.2000000e+01  -1.4916893e+02  -2.0586329e+01   8.8570332e-01  -3.3650341e+01   1.4120033e+01
   1.2000000e+01  -2.2000000e+01  -1.4945845e+02  -2.1720429e+01   1.5290384e+00  -3.4276903e+01   1.2148794e+01
   1.2000000e+01  -2.2000000e+01  -1.5240491e+02  -2.3591315e+01   1.2466342e-01  -3.5793382e+01   9.0520709e+00
   1.2000000e+01  -2.2000000e+01  -1.5466700e+02  -2.4600906e+01  -1.6665542e+00  -3.7467709e+01   5.6053255e+00
   1.2000000e+01  -2.2000000e+01  -1.5705832e+02  -2.5267844e+01  -3.8505735e+00  -3.9046794e+01   3.0649118e+00
   1.2000000e+01  -2.2000000e+01  -1.6067787e+02  -2.4899975e+01  -7.0361578e+00  -3.9958357e+01   5.0449427e+00
   1.2000000e+01  -2.2000000e+01  -1.6405920e+02  -2.4291490e+01  -9.7840318e+00  -4.0888304e+01   6.3381123e+00
   1.2000000e+01  -2.2000000e+01  -1.6690305e+02  -2.4605215e+01  -1.3684453e+01  -4.1658609e+01   6.7153680e+00
   1.2000000e+01  -2.2000000e+01  -1.7017505e+02  -2.2933803e+01  -1.8060348e+01  -4.0723644e+01   5.5481290e+00
   1.2000000e+01  -2.2000000e+01  -1.7325437e+02  -1.9870532e+01  -2.3113848e+01  -3.8219046e+01   4.9472896e+00
   1.2000000e+01  -2.2000000e+01  -1.7581984e+02  -1.6526867e+01  -2.7431302e+01  -3.4992806e+01   6.6083438e+00
   1.2000000e+01  -2.2000000e+01  -1.7470064e+02  -1.6556276e+01  -2.9417652e+01  -3.4414903e+01   7.6486328e+00
   1.2000000e+01  -2.2000000e+01  -1.7230851e+02  -1.7971281e+01  -2.9905498e+01  -3.4699102e+01   8.5037269e+00
   1.2000000e+01  -2.2000000e+01  -1.7010811e+02  -1.9047449e+01  -3.0077838e+01  -3.4692678e+01   8.7171844e+00
   1.2000000e+01  -2.2000000e+01  -1.6770278e+02  -2.0571582e+01  -2.9893996e+01  -3.5314257e+01   1.0384403e+01
   1.2000000e+01  -2.2000000e+01  -1.6577762e+02  -2.2093448e+01  -2.9807727e+01  -3.5905988e+01   1.2182745e+01
   1.2000000e+01  -2.2000000e+01  -1.6367647e+02  -2.3210459e+01  -2.9281661e+01  -3.6279529e+01   1.6312987e+01
   1.2000000e+01  -2.2000000e+01  -1.6223407e+02  -2.4034106e+01  -2.8610489e+01  -3.6599066e+01   1.8097625e+01
   1.2000000e+01  -2.2000000e+01  -1.6081174e+02  -2.4848436e+01  -2.7237367e+01  -3.7130623e+01   2.0781918e+01
   1.2000000e+01  -2.2000000e+01  -1.5989614e+02  -2.5187832e+01  -2.5931495e+01  -3.7284021e+01   2.3396002e+01
   1.2000000e+01  -2.2000000e+01  -1.5950680e+02  -2.5352224e+01  -2.4293334e+01  -3.7594970e+01   2.3821929e+01
   1.2000000e+01  -2.2000000e+01  -1.5868488e+02  -2.5621210e+01  -2.2282202e+01  -3.8008553e+01   2.3815358e+01
   1.2000000e+01  -2.2000000e+01  -1.5813466e+02  -2.5295552e+01  -2.0641737e+01  -3.8127472e+01   2.5691221e+01
   1.2000000e+01  -2.2000000e+01  -1.5746145e+02  -2.5479706e+01  -1.9037943e+01  -3.8619590e+01   2.5704919e+01
   1.2000000e+01  -2.2000000e+01  -1.5690561e+02  -2.4865520e+01  -1.7327389e+01  -3.8434349e+01   2.5093664e+01
   1.2000000e+01  -2.2000000e+01  -1.5645023e+02  -2.4486057e+01  -1.5689414e+01  -3.8433671e+01   2.4470424e+01
   1.2000000e+01  -2.2000000e+01  -1.5547156e+02  -2.3770752e+01  -1.4154438e+01  -3.8313356e+01   2.5307001e+01
   1.2000000e+01  -2.2000000e+01  -1.5421743e+02  -2.3389566e+01  -1.3059058e+01  -3.8414280e+01   2.5141568e+01
   1.2000000e+01  -2.2000000e+01  -1.5335620e+02  -2.2924258e+01  -1.1865785e+01  -3.8584291e+01   2.3028261e+01
   1.2000000e+01  -2.2000000e+01  -1.5243728e+02  -2.2261611e+01  -1.0305978e+01  -3.8074412e+01   2.0374807e+01
   1.2000000e+01  -2.2000000e+01  -1.5211950e+02  -2.1663406e+01  -9.0353629e+00  -3.7363933e+01   1.9174451e+01
   1.2000000e+01  -2.2000000e+01  -1.5165915e+02  -2.1029887e+01  -7.7324036e+00  -3.6323007e+01   1.7106735e+01
   1.2000000e+01  -2.2000000e+01  -1.5122306e+02  -2.0560471e+01  -6.4369996e+00  -3.5375015e+01   1.5078620e+01
   1.2000000e+01  -2.2000000e+01  -1.5090819e+02  -1.9961422e+01  -5.2927303e+00  -3.4256964e+01   1.2986952e+01
   1.2000000e+01  -2.2000000e+01  -1.5046945e+02  -1.9562092e+01  -4.0731938e+00  -3.3261377e+01   1.0849687e+01
   1.2000000e+01  -2.2000000e+01  -1.5024734e+02  -1.9161605e+01  -3.0305347e+00  -3.2209239e+01   8.6003373e+00
   1.2000000e+01  -2.2000000e+01  -1.4985994e+02  -1.8954604e+01  -1.8825755e+00  -3.1312229e+01   6.3098980e+00
   1.2000000e+01  -2.2000000e+01  -1.4965054e+02  -2.0545556e+01  -6.2677701e-01  -3.2073236e+01   3.1463717e+00
   1.2000000e+01  -2.2000000e+01  -1.5039276e+02  -2.2159754e+01   6.5846895e-02  -3.2961821e+01  -1.0957630e-01
   1.2000000e+01  -2.2000000e+01  -1.5283605e+02  -2.3678159e+01  -8.6823665e-01  -3.4201314e+01  -6.7932442e-01
   1.2000000e+01  -2.2000000e+01  -1.5671144e+02  -2.4537030e+01  -3.2491483e+00  -3.5464507e+01  -3.0305092e+00
   1.2000000e+01  -2.2000000e+01  -1.6076440e+02  -2.4912883e+01  -6.2543513e+00  -3.6558996e+01  -2.2583366e+00
   1.2000000e+01  -2.2000000e+01  -1.6413032e+02  -2.4852639e+01  -9.8254740e+00  -3.7649656e+01   1.5243536e+00
   1.2000000e+01  -2.2000000e+01  -1.6756709e+02  -2.5021664e+01  -1.3554125e+01  -3.8877391e+01   2.4010724e+00
   1.2000000e+01  -2.2000000e+01  -1.7044826e+02  -2.4338858e+01  -1.7357649e+01  -3.9100506e+01   2.4087396e+00
   1.2000000e+01  -2.2000000e+01  -1.7228769e+02  -2.2732042e+01  -2.0762700e+01  -3.8686127e+01   8.8663745e-01
   1.2000000e+01  -2.2000000e+01  -1.7394837e+02  -2.0528220e+01  -2.4401319e+01  -3.7171174e+01   3.8399745e-01
   1.2000000e+01  -2.2000000e+01  -1.7542723e+02  -1.8375367e+01  -2.6470466e+01  -3.5080095e+01  -7.9281759e-01
   1.2000000e+01  -2.2000000e+01  -1.7573956e+02  -1.6687024e+01  -2.8015042e+01  -3.2985636e+01   3.2519566e+00
   1.2000000e+01  -2.2000000e+01  -1.7389082e+02  -1.8021929e+01  -2.8204732e+01  -3.3480521e+01   4.8285623e+00
   1.2000000e+01  -2.2000000e+01  -1.7172829e+02  -1.9030633e+01  -2.7997693e+01  -3.3753936e+01   6.2286092e+00
   1.2000000e+01  -2.2000000e+01  -1.6985737e+02  -2.0138776e+01  -2.7924581e+01  -3.4043071e+01   7.9286419e+00
   1.2000000e+01  -2.2000000e+01  -1.6789418e+02  -2.1731323e+01  -2.7630682e+01  -3.4678190e+01   9.3127994e+00
   1.2000000e+01  -2.2000000e+01  -1.6643653e+02  -2.3053831e+01  -2.6689243e+01  -3.5008536e+01   1.1809211e+01
   1.2000000e+01  -2.2000000e+01  -1.6491727e+02  -2.4051274e+01  -2.5799835e+01  -3.5138611e+01   1.5025415e+01
   1.2000000e+01  -2.2000000e+01  -1.6341152e+02  -2.4730919e+01  -2.5123048e+01  -3.5300444e+01   1.7961876e+01
   1.2000000e+01  -2.2000000e+01  -1.6213069e+02  -2.4784981e+01  -2.4312617e+01  -3.5252206e+01   1.9182037e+01
   1.2000000e+01  -2.2000000e+01  -1.6086565e+02  -2.5108169e+01  -2.3141132e+01  -3.5526797e+01   1.9659297e+01
   1.2000000e+01  -2.2000000e+01  -1.6027198e+02  -2.5054031e+01  -2.2359666e+01  -3.5514623e+01   2.0387142e+01
   1.2000000e+01  -2.2000000e+01  -1.5920309e+02  -2.5303179e+01  -2.1187160e+01  -3.5885755e+01   2.0710528e+01
   1.2000000e+01  -2.2000000e+01  -1.5819823e+02  -2.5321156e+01  -2.0107789e+01  -3.6123214e+01   2.1165334e+01
   1.2000000e+01  -2.2000000e+01  -1.5731406e+02  -2.5107056e+01  -1.9299657e+01  -3.6297973e+01   2.2297505e+01
   1.2000000e+01  -2.2000000e+01  -1.5661446e+02  -2.4785057e+01  -1.8324772e+01  -3.6529641e+01   2.1243376e+01
   1.2000000e+01  -2.2000000e+01  -1.5611588e+02  -2.4414681e+01  -1.6988659e+01  -3.6507842e+01   2.0764860e+01
   1.2000000e+01  -2.2000000e+01  -1.5545716e+02  -2.3896577e+01  -1.5552366e+01  -3.6421452e+01   2.0864176e+01
   1.2000000e+01  -2.2000000e+01  -1.5350908e+02  -2.3703004e+01  -1.4928556e+01  -3.6362951e+01   2.2347075e+01
   1.2000000e+01  -2.2000000e+01  -1.5290482e+02  -2.3116160e+01  -1.3926819e+01  -3.6096020e+01   2.1468402e+01
   1.2000000e+01  -2.2000000e+01  -1.5258654e+02  -2.2783571e+01  -1.2812158e+01  -3.6310366e+01   1.8639890e+01
   1.2000000e+01  -2.2000000e+01  -1.5172228e+02  -2.1969467e+01  -1.1291536e+01  -3.5916046e+01   1.7904100e+01
   1.2000000e+01  -2.2000000e+01  -1.5180895e+02  -2.1267280e+01  -1.0064231e+01  -3.5516246e+01   1.5450952e+01
   1.2000000e+01  -2.2000000e+01  -1.5136266e+02  -2.0543530e+01  -8.8239119e+00  -3.4827824e+01   1.4103816e+01
   1.2000000e+01  -2.2000000e+01  -1.5108617e+02  -1.9942564e+01  -7.6926707e+00  -3.4172134e+01   1.2738589e+01
   1.2000000e+01  -2.2000000e+01  -1.5059028e+02  -1.9817008e+01  -6.5967616e+00  -3.3536751e+01   1.2100509e+01
   1.2000000e+01  -2.2000000e+01  -1.5014321e+02  -1.9920353e+01  -5.5061270e+00  -3.3059882e+01   1.1301669e+01
   1.2000000e+01  -2.2000000e+01  -1.4975535e+02  -1.9678234e+01  -4.2080694e+00  -3.2274036e+01   8.8952027e+00
   1.2000000e+01  -2.2000000e+01  -1.4978522e+02  -1.9907736e+01  -3.0198297e+00  -3.1732214e+01   7.3060607e+00
   1.2000000e+01  -2.2000000e+01  -1.5030993e+02  -2.0723670e+01  -2.5476168e+00  -3.2089177e+01   5.7638095e+00
   1.2000000e+01  -2.2000000e+01  -1.5314478e+02  -2.2688007e+01  -4.1686192e+00  -3.4069572e+01   3.3504702e+00
   1.2000000e+01  -2.2000000e+01  -1.5581219e+02  -2.4331376e+01  -5.7596295e+00  -3.5779996e+01   1.0054754e+00
   1.2000000e+01  -2.2000000e+01  -1.5941324e+02  -2.5056602e+01  -9.0763940e+00  -3.6748686e+01   4.8464877e+00
   1.2000000e+01  -2.2000000e+01  -1.6309032e+02  -2.5097389e+01  -1.2644203e+01  -3.7278082e+01   9.0229254e+00
   1.2000000e+01  -2.2000000e+01  -1.6623692e+02  -2.4372648e+01  -1.7139086e+01  -3.7716667e+01   1.2337582e+01
   1.2000000e+01  -2.2000000e+01  -1.6961403e+02  -2.2014587e+01  -2.1864150e+01  -3.6609314e+01   1.4448407e+01
   1.2000000e+01  -2.2000000e+01  -1.7118279e+02  -2.0651236e+01  -2.5060995e+01  -3.5979088e+01   1.4207362e+01
   1.2000000e+01  -2.2000000e+01  -1.6987734e+02  -2.0857579e+01  -2.5940377e+01  -3.6377177e+01   1.4554804e+01
   1.2000000e+01  -2.2000000e+01  -1.6813195e+02  -2.1553353e+01  -2.6128314e+01  -3.7083075e+01   1.6080458e+01
   1.2000000e+01  -2.2000000e+01  -1.6665958e+02  -2.2019407e+01  -2.6446159e+01  -3.7547561e+01   1.7774499e+01
   1.2000000e+01  -2.2000000e+01  -1.6491450e+02  -2.2745700e+01  -2.6350679e+01  -3.8253320e+01   2.0346469e+01
   1.2000000e+01  -2.2000000e+01  -1.6351339e+02  -2.3244308e+01  -2.5838273e+01  -3.8857270e+01   2.2021580e+01
   1.2000000e+01  -2.2000000e+01  -1.6193877e+02  -2.3454616e+01  -2.5162909e+01  -3.9255161e+01   2.3813025e+01
   1.2000000e+01  -2.2000000e+01  -1.6062167e+02  -2.3363106e+01  -2.4088958e+01  -3.9494356e+01   2.5199701e+01
   1.2000000e+01  -2.2000000e+01  -1.5914410e+02  -2.3532775e+01  -2.2815900e+01  -3.9886652e+01   2.5927382e+01
   1.2000000e+01  -2.2000000e+01  -1.5801740e+02  -2.3986629e+01  -2.1789450e+01  -4.0176751e+01   2.5611707e+01
   1.2000000e+01  -2.2000000e+01  -1.5678101e+02  -2.4408978e+01  -2.0671344e+01  -4.0096324e+01   2.6047894e+01
   1.2000000e+01  -2.2000000e+01  -1.5607784e+02  -2.4442501e+01  -1.9522071e+01  -3.9472990e+01   2.5327913e+01
   1.2000000e+01  -2.2000000e+01  -1.5563313e+02  -2.4153999e+01  -1.8285735e+01  -3.8717479e+01   2.3477771e+01
   1.2000000e+01  -2.2000000e+01  -1.5560630e+02  -2.3994672e+01  -1.6962029e+01  -3.8060135e+01   2.2360573e+01
   1.2000000e+01  -2.2000000e+01  -1.5509567e+02  -2.3822880e+01  -1.5305384e+01  -3.7549861e+01   2.1679210e+01
   1.2000000e+01  -2.2000000e+01  -1.5481603e+02  -2.3444477e+01  -1.3914446e+01  -3.7476035e+01   2.1590036e+01
   1.2000000e+01  -2.2000000e+01  -1.5434482e+02  -2.2868854e+01  -1.2459148e+01  -3.7376729e+01   2.0856050e+01
   1.2000000e+01  -2.2000000e+01  -1.5413507e+02  -2.2301148e+01  -1.1105098e+01  -3.6935842e+01   1.8896928e+01
   1.2000000e+01  -2.2000000e+01  -1.5379508e+02  -2.1640328e+01  -9.6162152e+00  -3.6341939e+01   1.8768672e+01
   1.2000000e+01  -2.2000000e+01  -1.5314784e+02  -2.1112510e+01  -8.0687605e+00  -3.6107278e+01   1.7162262e+01
   1.2000000e+01  -2.2000000e+01  -1.5280331e+02  -2.0306193e+01  -6.7926023e+00  -3.5633363e+01   1.3246868e+01
   1.2000000e+01  -2.2000000e+01  -1.5239311e+02  -1.9435348e+01  -5.6169229e+00  -3.4714965e+01   1.0679432e+01
   1.2000000e+01  -2.2000000e+01  -1.5184392e+02  -1.8104322e+01  -4.8086580e+00  -3.3211900e+01   1.0690452e+01
   1.2000000e+01  -2.2000000e+01  -1.5109235e+02  -1.7782050e+01  -3.5235870e+00  -3.2272656e+01   8.8374536e+00
   1.2000000e+01  -2.2000000e+01  -1.5089105e+02  -1.7464322e+01  -2.3361374e+00  -3.1041863e+01   5.9323682e+00
   1.2000000e+01  -2.2000000e+01  -1.5062587e+02  -1.6950521e+01  -1.1444720e+00  -2.9553505e+01   3.7530095e+00
   1.2000000e+01  -2.2000000e+01  -1.5033136e+02  -1.6607227e+01   4.5351532e-02  -2.8241634e+01   1.5352335e+00
   1.2000000e+01  -2.2000000e+01  -1.4982544e+02  -1.6422813e+01   1.0481357e+00  -2.7641798e+01  -7.6113715e-02
   1.2000000e+01  -2.2000000e+01  -1.4964053e+02  -1.7144374e+01   2.0595219e+00  -2.8006238e+01  -3.3855174e+00
   1.2000000e+01  -2.2000000e+01  -1.5104132e+02  -1.9701630e+01   2.3698259e+00  -3.0081602e+01  -7.4503731e+00
   1.2000000e+01  -2.2000000e+01  -1.5233815e+02  -2.3272725e+01   2.4514042e+00  -3.3731559e+01  -8.8158523e+00
   1.2000000e+01  -2.2000000e+01  -1.5426898e+02  -2.4993133e+01   1.0488546e+00  -3.6052558e+01  -5.5399610e+00
   1.2000000e+01  -2.2000000e+01  -1.5783254e+02  -2.5314467e+01  -1.8603669e+00  -3.7792249e+01   2.7531790e-03
   1.2000000e+01  -2.2000000e+01  -1.6132692e+02  -2.5101867e+01  -5.5090465e+00  -3.9848612e+01   6.9082921e+00
   1.2000000e+01  -2.2000000e+01  -1.6490333e+02  -2.4400639e+01  -9.5804811e+00  -4.1237569e+01   1.2410975e+01
   1.2000000e+01  -2.2000000e+01  -1.6723335e+02  -2.4200967e+01  -1.2633551e+01  -4.2806862e+01   1.2232525e+01
   1.2000000e+01  -2.2000000e+01  -1.6932031e+02  -2.4155089e+01  -1.5405999e+01  -4.4382236e+01   1.2376222e+01
   1.2000000e+01  -2.2000000e+01  -1.7136717e+02  -2.3289823e+01  -1.7515377e+01  -4.5024428e+01   1.3652077e+01
   1.2000000e+01  -2.2000000e+01  -1.7242571e+02  -2.2166588e+01  -2.0316313e+01  -4.4503630e+01   1.4470733e+01
   1.2000000e+01  -2.2000000e+01  -1.7250603e+02  -2.0204153e+01  -2.3154332e+01  -4.2522038e+01   1.6229235e+01
   1.2000000e+01  -2.2000000e+01  -1.7229693e+02  -1.8481989e+01  -2.4701227e+01  -4.0106741e+01   1.4031369e+01
   1.2000000e+01  -2.2000000e+01  -1.7093725e+02  -2.0142302e+01  -2.5675926e+01  -4.0277199e+01   1.4602926e+01
   1.2000000e+01  -2.2000000e+01  -1.6875191e+02  -2.1701888e+01  -2.6526047e+01  -4.0446479e+01   1.8007726e+01
   1.2000000e+01  -2.2000000e+01  -1.6639949e+02  -2.2911587e+01  -2.7015367e+01  -4.0477511e+01   2.0564449e+01
   1.2000000e+01  -2.2000000e+01  -1.6396988e+02  -2.4317292e+01  -2.7192325e+01  -4.0705628e+01   2.3313713e+01
   1.2000000e+01  -2.2000000e+01  -1.6223589e+02  -2.5274863e+01  -2.7050340e+01  -4.0721026e+01   2.4318304e+01
   1.2000000e+01  -2.2000000e+01  -1.6050865e+02  -2.6054527e+01  -2.6779295e+01  -4.0864865e+01   2.6833793e+01
   1.2000000e+01  -2.2000000e+01  -1.5867681e+02  -2.6609872e+01  -2.6422853e+01  -4.0846237e+01   2.9321947e+01
   1.2000000e+01  -2.2000000e+01  -1.5745112e+02  -2.6365538e+01  -2.5895533e+01  -4.0558132e+01   3.0292022e+01
   1.2000000e+01  -2.2000000e+01  -1.5641608e+02  -2.6532639e+01  -2.5162440e+01  -4.0734760e+01   3.0844426e+01
   1.2000000e+01  -2.2000000e+01  -1.5581400e+02  -2.6260193e+01  -2.4054525e+01  -4.0795574e+01   3.1184540e+01
   1.2000000e+01  -2.2000000e+01  -1.5512928e+02  -2.6444266e+01  -2.2794164e+01  -4.1256752e+01   3.1392635e+01
   1.2000000e+01  -2.2000000e+01  -1.5426087e+02  -2.6372828e+01  -2.1398316e+01  -4.1495282e+01   3.1823397e+01
   1.2000000e+01  -2.2000000e+01  -1.5380840e+02  -2.5865251e+01  -2.0130794e+01  -4.1383751e+01   3.2346420e+01
   1.2000000e+01  -2.2000000e+01  -1.5360018e+02  -2.5507470e+01  -1.8539173e+01  -4.1614994e+01   3.0566363e+01
   1.2000000e+01  -2.2000000e+01  -1.5360716e+02  -2.4824743e+01  -1.6879023e+01  -4.1491810e+01   2.9422878e+01
   1.2000000e+01  -2.2000000e+01  -1.5349781e+02  -2.4032572e+01  -1.5153617e+01  -4.1240504e+01   2.8305961e+01
   1.2000000e+01  -2.2000000e+01  -1.5327382e+02  -2.3515860e+01  -1.3666839e+01  -4.1094404e+01   2.8565776e+01
   1.2000000e+01  -2.2000000e+01  -1.5306486e+02  -2.2709461e+01  -1.2387336e+01  -4.0610389e+01   2.8199306e+01
   1.2000000e+01  -2.2000000e+01  -1.5249320e+02  -2.2383821e+01  -1.1120914e+01  -4.0486083e+01   2.5967097e+01
   1.2000000e+01  -2.2000000e+01  -1.5169288e+02  -2.1670222e+01  -9.7472145e+00  -3.9959830e+01   2.3951190e+01
   1.2000000e+01  -2.2000000e+01  -1.5101069e+02  -2.1201145e+01  -8.4379541e+00  -3.9274525e+01   2.2593947e+01
   1.2000000e+01  -2.2000000e+01  -1.5051059e+02  -2.1024272e+01  -7.3124523e+00  -3.8454948e+01   2.2061645e+01
   1.2000000e+01  -2.2000000e+01  -1.5031717e+02  -2.1025690e+01  -6.0941267e+00  -3.7815731e+01   1.8812324e+01
   1.2000000e+01  -2.2000000e+01  -1.5033881e+02  -2.0700877e+01  -4.9400753e+00  -3.6790026e+01   1.6305768e+01
   1.2000000e+01  -2.2000000e+01  -1.5035563e+02  -2.0283542e+01  -3.7242101e+00  -3.5397449e+01   1.5665869e+01
   1.2000000e+01  -2.2000000e+01  -1.5018495e+02  -2.0135933e+01  -2.2043952e+00  -3.4306808e+01   1.3781717e+01
   1.2000000e+01  -2.2000000e+01  -1.5002812e+02  -1.9840392e+01  -7.2778057e-01  -3.3086894e+01   1.2070741e+01
   1.2000000e+01  -2.2000000e+01  -1.5003905e+02  -1.9893691e+01   4.4417392e-01  -3.2225981e+01   1.2036640e+01
   1.2000000e+01  -2.2000000e+01  -1.5000038e+02  -2.0019281e+01   1.6408741e+00  -3.1764443e+01   1.0327859e+01
   1.2000000e+01  -2.2000000e+01  -1.5086733e+02  -2.1211026e+01   2.4002852e+00  -3.2536035e+01   7.4453530e+00
   1.2000000e+01  -2.2000000e+01  -1.5210299e+02  -2.4812829e+01   2.3100865e+00  -3.6277828e+01   4.0028340e+00
   1.2000000e+01  -2.2000000e+01  -1.5471650e+02  -2.7070149e+01   4.0319321e-01  -3.9472661e+01   3.9985599e+00
   1.2000000e+01  -2.2000000e+01  -1.5797519e+02  -2.7300929e+01  -2.8179397e+00  -4.1504256e+01   7.8802763e+00
   1.2000000e+01  -2.2000000e+01  -1.6246679e+02  -2.6487903e+01  -6.7655807e+00  -4.3083005e+01   1.2935339e+01
   1.2000000e+01  -2.2000000e+01  -1.6623608e+02  -2.4295923e+01  -1.0578743e+01  -4.3375896e+01   1.5745313e+01
   1.2000000e+01  -2.2000000e+01  -1.6930676e+02  -2.2597724e+01  -1.4408671e+01  -4.3333994e+01   1.5435218e+01
   1.2000000e+01  -2.2000000e+01  -1.7259530e+02  -1.9462756e+01  -1.9286910e+01  -4.1332529e+01   1.5311772e+01
   1.2000000e+01  -2.2000000e+01  -1.7441046e+02  -1.6832870e+01  -2.2315934e+01  -3.8880506e+01   1.2970761e+01
   1.2000000e+01  -2.2000000e+01  -1.7293530e+02  -1.7137134e+01  -2.3915024e+01  -3.8474087e+01   1.2684905e+01
   1.2000000e+01  -2.2000000e+01  -1.7113621e+02  -1.8007103e+01  -2.5036666e+01  -3.8485894e+01   1.1940887e+01
   1.2000000e+01  -2.2000000e+01  -1.6959177e+02  -1.9324089e+01  -2.5879403e+01  -3.8718214e+01   1.3006765e+01
   1.2000000e+01  -2.2000000e+01  -1.6788988e+02  -2.0192231e+01  -2.6373815e+01  -3.8558932e+01   1.5428466e+01
   1.2000000e+01  -2.2000000e+01  -1.6571939e+02  -2.1272322e+01  -2.6279242e+01  -3.8826928e+01   1.8561929e+01
   1.2000000e+01  -2.2000000e+01  -1.6378778e+02  -2.2218364e+01  -2.5789350e+01  -3.9070345e+01   1.8873763e+01
   1.2000000e+01  -2.2000000e+01  -1.6185763e+02  -2.3179363e+01  -2.4933477e+01  -3.9505556e+01   2.1063403e+01
   1.2000000e+01  -2.2000000e+01  -1.6038485e+02  -2.3926703e+01  -2.3892590e+01  -3.9789499e+01   2.2809936e+01
   1.2000000e+01  -2.2000000e+01  -1.5919121e+02  -2.4580133e+01  -2.2866503e+01  -4.0126845e+01   2.4016398e+01
   1.2000000e+01  -2.2000000e+01  -1.5799222e+02  -2.4875537e+01  -2.1831415e+01  -4.0171960e+01   2.5292228e+01
   1.2000000e+01  -2.2000000e+01  -1.5672702e+02  -2.5143158e+01  -2.0671835e+01  -4.0066823e+01   2.5650717e+01
   1.2000000e+01  -2.2000000e+01  -1.5596604e+02  -2.5410415e+01  -1.9765246e+01  -3.9779780e+01   2.5632730e+01
   1.2000000e+01  -2.2000000e+01  -1.5559298e+02  -2.5505886e+01  -1.8815339e+01  -3.9117548e+01   2.4496027e+01
   1.2000000e+01  -2.2000000e+01  -1.5567805e+02  -2.5488621e+01  -1.8055704e+01  -3.8267725e+01   2.3304371e+01
   1.2000000e+01  -2.2000000e+01  -1.5580307e+02  -2.5379609e+01  -1.7305364e+01  -3.7335280e+01   2.2169960e+01
   1.2000000e+01  -2.2000000e+01  -1.5616654e+02  -2.4867369e+01  -1.5771527e+01  -3.6622048e+01   2.0547106e+01
   1.2000000e+01  -2.2000000e+01  -1.5550958e+02  -2.4324625e+01  -1.4167111e+01  -3.6269783e+01   2.0408758e+01
   1.2000000e+01  -2.2000000e+01  -1.5555633e+02  -2.4248842e+01  -1.3083739e+01  -3.6257584e+01   1.8903247e+01
   1.2000000e+01  -2.2000000e+01  -1.5485740e+02  -2.3736065e+01  -1.1960405e+01  -3.5906174e+01   1.8601974e+01
   1.2000000e+01  -2.2000000e+01  -1.5413507e+02  -2.3019097e+01  -1.0880861e+01  -3.5601210e+01   1.6623730e+01
   1.2000000e+01  -2.2000000e+01  -1.5336699e+02  -2.2120920e+01  -9.7969467e+00  -3.5134468e+01   1.4775960e+01
   1.2000000e+01  -2.2000000e+01  -1.5229753e+02  -2.0927844e+01  -9.1197586e+00  -3.4610960e+01   1.3472772e+01
   1.2000000e+01  -2.2000000e+01  -1.5104022e+02  -2.0017740e+01  -8.1237925e+00  -3.4236503e+01   1.2140280e+01
   1.2000000e+01  -2.2000000e+01  -1.5044600e+02  -1.8917334e+01  -7.4066527e+00  -3.3603381e+01   1.0937276e+01
   1.2000000e+01  -2.2000000e+01  -1.5001085e+02  -1.8122716e+01  -6.3914903e+00  -3.2924463e+01   8.7929927e+00
   1.2000000e+01  -2.2000000e+01  -1.4992825e+02  -1.7162078e+01  -5.5060446e+00  -3.1986531e+01   6.5241010e+00
   1.2000000e+01  -2.2000000e+01  -1.4962980e+02  -1.6252433e+01  -4.4423659e+00  -3.1057049e+01   4.2442953e+00
   1.2000000e+01  -2.2000000e+01  -1.4945959e+02  -1.6397496e+01  -2.8400679e+00  -3.0348235e+01   2.5086596e+00
   1.2000000e+01  -2.2000000e+01  -1.4919713e+02  -1.8046622e+01  -1.2036099e+00  -3.0903729e+01  -1.1812155e+00
   1.2000000e+01  -2.2000000e+01  -1.5030669e+02  -2.1617389e+01  -9.8997152e-01  -3.3847854e+01  -4.8277564e+00
   1.2000000e+01  -2.2000000e+01  -1.5176487e+02  -2.4427177e+01  -1.7086923e+00  -3.6637930e+01  -6.9713220e+00
   1.2000000e+01  -2.2000000e+01  -1.5420783e+02  -2.5150115e+01  -3.6849521e+00  -3.7986130e+01  -7.0477961e+00
   1.2000000e+01  -2.2000000e+01  -1.5797122e+02  -2.5036343e+01  -7.2055469e+00  -3.9052820e+01  -3.8378515e+00
   1.2000000e+01  -2.2000000e+01  -1.6126882e+02  -2.4396294e+01  -1.0428195e+01  -3.9596736e+01  -4.7736537e-01
   1.2000000e+01  -2.2000000e+01  -1.6462791e+02  -2.3921023e+01  -1.4141317e+01  -4.0245343e+01   1.4190992e+00
   1.2000000e+01  -2.2000000e+01  -1.6886896e+02  -2.2763525e+01  -1.8868304e+01  -3.9914510e+01   1.8641608e+00
   1.2000000e+01  -2.2000000e+01  -1.7176937e+02  -2.0946310e+01  -2.3282019e+01  -3.8846492e+01   5.3490805e-01
   1.2000000e+01  -2.2000000e+01  -1.7393410e+02  -1.9431913e+01  -2.7586157e+01  -3.7707755e+01  -1.7901502e+00
   1.2000000e+01  -2.2000000e+01  -1.7612745e+02  -1.7325633e+01  -3.1277067e+01  -3.5317657e+01  -1.3946937e+00
   1.2000000e+01  -2.2000000e+01  -1.7646989e+02  -1.5482781e+01  -3.3966320e+01  -3.3022263e+01   1.6271509e+00
   1.2000000e+01  -2.2000000e+01  -1.7485571e+02  -1.5253594e+01  -3.5418929e+01  -3.2277283e+01   5.6108851e+00
   1.2000000e+01  -2.2000000e+01  -1.7292476e+02  -1.6626860e+01  -3.5081417e+01  -3.3107762e+01   6.3674435e+00
   1.2000000e+01  -2.2000000e+01  -1.7052307e+02  -1.8316022e+01  -3.4476285e+01  -3.4088867e+01   7.6398971e+00
   1.2000000e+01  -2.2000000e+01  -1.6830308e+02  -1.9898048e+01  -3.3876465e+01  -3.4768717e+01   9.3536961e+00
   1.2000000e+01  -2.2000000e+01  -1.6602066e+02  -2.2293010e+01  -3.3184792e+01  -3.5947817e+01   1.2266542e+01
   1.2000000e+01  -2.2000000e+01  -1.6400369e+02  -2.4007399e+01  -3.2678607e+01  -3.6631200e+01   1.7982679e+01
   1.2000000e+01  -2.2000000e+01  -1.6226037e+02  -2.5201901e+01  -3.2041954e+01  -3.7282388e+01   2.1311374e+01
   1.2000000e+01  -2.2000000e+01  -1.6031366e+02  -2.6226215e+01  -3.1312423e+01  -3.8116155e+01   2.4094118e+01
   1.2000000e+01  -2.2000000e+01  -1.5881260e+02  -2.5952332e+01  -3.0204400e+01  -3.8329704e+01   2.5569361e+01
   1.2000000e+01  -2.2000000e+01  -1.5828925e+02  -2.5975166e+01  -2.9477650e+01  -3.8811221e+01   2.6262128e+01
   1.2000000e+01  -2.2000000e+01  -1.5749374e+02  -2.6178694e+01  -2.8580571e+01  -3.9354633e+01   2.6776466e+01
   1.2000000e+01  -2.2000000e+01  -1.5716921e+02  -2.6335699e+01  -2.7840827e+01  -3.9549837e+01   2.6464798e+01
   1.2000000e+01  -2.2000000e+01  -1.5705070e+02  -2.6145177e+01  -2.6851254e+01  -3.9369443e+01   2.6881694e+01
   1.2000000e+01  -2.2000000e+01  -1.5670666e+02  -2.5917642e+01  -2.5659255e+01  -3.9225955e+01   2.7960178e+01
   1.2000000e+01  -2.2000000e+01  -1.5641556e+02  -2.5576598e+01  -2.4246903e+01  -3.9384404e+01   2.7827755e+01
   1.2000000e+01  -2.2000000e+01  -1.5597674e+02  -2.5507088e+01  -2.2780040e+01  -3.9685782e+01   2.8211029e+01
   1.2000000e+01  -2.2000000e+01  -1.5572376e+02  -2.5407992e+01  -2.1515925e+01  -3.9675662e+01   2.7804458e+01
   1.2000000e+01  -2.2000000e+01  -1.5475693e+02  -2.4959724e+01  -2.0035550e+01  -3.9463237e+01   2.8393715e+01
   1.2000000e+01  -2.2000000e+01  -1.5412699e+02  -2.4531599e+01  -1.8721444e+01  -3.9397184e+01   2.7308070e+01
   1.2000000e+01  -2.2000000e+01  -1.5307402e+02  -2.3280612e+01  -1.7607538e+01  -4.0019028e+01   2.6785115e+01
   1.2000000e+01  -2.2000000e+01  -1.5243275e+02  -2.2262012e+01  -1.6800854e+01  -4.0610714e+01   2.6615007e+01
   1.2000000e+01  -2.2000000e+01  -1.5163870e+02  -2.1396217e+01  -1.5912508e+01  -4.0663334e+01   2.4718986e+01
   1.2000000e+01  -2.2000000e+01  -1.5092434e+02  -2.0717072e+01  -1.4660942e+01  -4.0387789e+01   2.2568822e+01
   1.2000000e+01  -2.2000000e+01  -1.5101309e+02  -2.0413562e+01  -1.3110418e+01  -3.9579108e+01   1.9936963e+01
   1.2000000e+01  -2.2000000e+01  -1.5091198e+02  -2.0085546e+01  -1.1549301e+01  -3.8833170e+01   1.9607416e+01
   1.2000000e+01  -2.2000000e+01  -1.5057941e+02  -2.0310659e+01  -9.9868850e+00  -3.8345183e+01   1.7476937e+01
   1.2000000e+01  -2.2000000e+01  -1.5000401e+02  -2.0317722e+01  -8.6554244e+00  -3.7171159e+01   1.6625507e+01
   1.2000000e+01  -2.2000000e+01  -1.4989602e+02  -2.0495124e+01  -7.7019123e+00  -3.5978408e+01   1.5998435e+01
   1.2000000e+01  -2.2000000e+01  -1.4966099e+02  -2.0880131e+01  -6.6140420e+00  -3.4849145e+01   1.4437224e+01
   1.2000000e+01  -2.2000000e+01  -1.4945757e+02  -2.1068980e+01  -5.5784039e+00  -3.3562575e+01   1.3028592e+01
   1.2000000e+01  -2.2000000e+01  -1.4943143e+02  -2.1681071e+01  -4.6358470e+00  -3.2704975e+01   1.1458827e+01
   1.2000000e+01  -2.2000000e+01  -1.5071722e+02  -2.3060353e+01  -4.2651993e+00  -3.3747661e+01   9.0823042e+00
   1.2000000e+01  -2.2000000e+01  -1.5238551e+02  -2.4854604e+01  -4.2499206e+00  -3.5248983e+01   6.5455158e+00
   1.2000000e+01  -2.2000000e+01  -1.5575169e+02  -2.5412686e+01  -6.3042329e+00  -3.6060584e+01   8.9761224e+00
   1.2000000e+01  -2.2000000e+01  -1.5923800e+02  -2.5862256e+01  -9.5643621e+00  -3.7233349e+01   1.3487057e+01
   1.2000000e+01  -2.2000000e+01  -1.6295992e+02  -2.5878798e+01  -1.3310167e+01  -3.8382347e+01   1.5703426e+01
   1.2000000e+01  -2.2000000e+01  -1.6587817e+02  -2.5832083e+01  -1.6562051e+01  -3.9565949e+01   1.7651343e+01
   1.2000000e+01  -2.2000000e+01  -1.6810507e+02  -2.4576148e+01  -1.9540700e+01  -3.9799869e+01   1.6972220e+01
   1.2000000e+01  -2.2000000e+01  -1.7035245e+02  -2.2952754e+01  -2.2530516e+01  -3.9411639e+01   1.5794400e+01
   1.2000000e+01  -2.2000000e+01  -1.7114873e+02  -2.1161490e+01  -2.5148308e+01  -3.7997028e+01   1.3999004e+01
   1.2000000e+01  -2.2000000e+01  -1.7131585e+02  -1.9640986e+01  -2.7303653e+01  -3.6605367e+01   1.2365631e+01
   1.2000000e+01  -2.2000000e+01  -1.7097583e+02  -1.9458679e+01  -2.8713837e+01  -3.5913674e+01   1.1768260e+01
   1.2000000e+01  -2.2000000e+01  -1.6961960e+02  -2.0716305e+01  -2.9550162e+01  -3.6414188e+01   1.4069036e+01
   1.2000000e+01  -2.2000000e+01  -1.6817371e+02  -2.1961901e+01  -2.9718183e+01  -3.6970476e+01   1.5132161e+01
   1.2000000e+01  -2.2000000e+01  -1.6622668e+02  -2.3260293e+01  -2.9428421e+01  -3.7612150e+01   1.6903744e+01
   1.2000000e+01  -2.2000000e+01  -1.6470843e+02  -2.4063768e+01  -2.9264159e+01  -3.7776784e+01   1.8741473e+01
   1.2000000e+01  -2.2000000e+01  -1.6314612e+02  -2.4905403e+01  -2.8932479e+01  -3.8057136e+01   2.1067701e+01
   1.2000000e+01  -2.2000000e+01  -1.6178517e+02  -2.5483517e+01  -2.8269981e+01  -3.8316310e+01   1.9634639e+01
   1.2000000e+01  -2.2000000e+01  -1.6041205e+02  -2.6121005e+01  -2.7698577e+01  -3.8530051e+01   2.3243249e+01
   1.2000000e+01  -2.2000000e+01  -1.5922987e+02  -2.6808260e+01  -2.7249383e+01  -3.8860781e+01   2.6269793e+01
   1.2000000e+01  -2.2000000e+01  -1.5784948e+02  -2.7339442e+01  -2.6758299e+01  -3.9167326e+01   2.8709046e+01
   1.2000000e+01  -2.2000000e+01  -1.5686604e+02  -2.7511524e+01  -2.6446124e+01  -3.9233671e+01   3.0369517e+01
   1.2000000e+01  -2.2000000e+01  -1.5586983e+02  -2.7608820e+01  -2.5858610e+01  -3.9393511e+01   3.0672216e+01
   1.2000000e+01  -2.2000000e+01  -1.5477154e+02  -2.7801131e+01  -2.4910049e+01  -3.9502345e+01   3.0001172e+01
   1.2000000e+01  -2.2000000e+01  -1.5420222e+02  -2.7639119e+01  -2.4206133e+01  -3.9344742e+01   2.9927653e+01
   1.2000000e+01  -2.2000000e+01  -1.5389709e+02  -2.7457974e+01  -2.2625880e+01  -3.8900862e+01   2.9234821e+01
   1.2000000e+01  -2.2000000e+01  -1.5380157e+02  -2.7517023e+01  -2.1136104e+01  -3.8639252e+01   2.8399216e+01
   1.2000000e+01  -2.2000000e+01  -1.5402911e+02  -2.7250813e+01  -1.9780265e+01  -3.8103525e+01   2.8223619e+01
   1.2000000e+01  -2.2000000e+01  -1.5374492e+02  -2.6996641e+01  -1.7976947e+01  -3.7768178e+01   2.8266827e+01
   1.2000000e+01  -2.2000000e+01  -1.5392777e+02  -2.5955817e+01  -1.6211889e+01  -3.8054181e+01   2.7779439e+01
   1.2000000e+01  -2.2000000e+01  -1.5394627e+02  -2.5379495e+01  -1.4455942e+01  -3.8518988e+01   2.6715004e+01
   1.2000000e+01  -2.2000000e+01  -1.5405770e+02  -2.4529480e+01  -1.2979615e+01  -3.8522953e+01   2.6121973e+01
   1.2000000e+01  -2.2000000e+01  -1.5367758e+02  -2.3883769e+01  -1.1562691e+01  -3.8201165e+01   2.4374920e+01
   1.2000000e+01  -2.2000000e+01  -1.5259595e+02  -2.3156635e+01  -1.0147221e+01  -3.7689474e+01   2.3756063e+01
   1.2000000e+01  -2.2000000e+01  -1.5209365e+02  -2.2560674e+01  -9.1113155e+00  -3.7276019e+01   2.2258675e+01
   1.2000000e+01  -2.2000000e+01  -1.5152573e+02  -2.1767436e+01  -7.7883467e+00  -3.6687931e+01   1.9930931e+01
   1.2000000e+01  -2.2000000e+01  -1.5079590e+02  -2.0644065e+01  -6.3922662e+00  -3.5780610e+01   1.7651105e+01
   1.2000000e+01  -2.2000000e+01  -1.5037497e+02  -1.9812037e+01  -5.3171153e+00  -3.4557617e+01   1.4588505e+01
   1.2000000e+01  -2.2000000e+01  -1.4961163e+02  -1.9164903e+01  -4.0486097e+00  -3.3372736e+01   1.1512788e+01
   1.2000000e+01  -2.2000000e+01  -1.4901621e+02  -1.9295972e+01  -3.0472616e+00  -3.1568851e+01   8.7521572e+00
   1.2000000e+01  -2.2000000e+01  -1.4841772e+02  -1.9147384e+01  -2.0840859e+00  -2.9510986e+01   6.0607048e+00
   1.2000000e+01  -2.2000000e+01  -1.4802853e+02  -1.8886670e+01  -1.1858317e+00  -2.7447805e+01   2.9282726e+00
   1.2000000e+01  -2.2000000e+01  -1.4724496e+02  -1.8650220e+01  -2.6320759e-01  -2.5637538e+01   1.6633582e+00
   1.2000000e+01  -2.2000000e+01  -1.4783510e+02  -2.1403810e+01   4.0643875e-01  -2.7324925e+01  -3.9264725e+00
   1.2000000e+01  -2.2000000e+01  -1.4857515e+02  -2.4382708e+01   6.9949834e-01  -2.9600892e+01  -6.1998649e+00
   1.2000000e+01  -2.2000000e+01  -1.5060117e+02  -2.6921471e+01  -3.9879926e-01  -3.2705126e+01  -9.3245311e+00
   1.2000000e+01  -2.2000000e+01  -1.5326826e+02  -2.8438900e+01  -2.4485724e+00  -3.4891088e+01  -1.0008174e+01
   1.2000000e+01  -2.2000000e+01  -1.5586829e+02  -2.8866530e+01  -5.1101725e+00  -3.6421513e+01  -8.1091693e+00
   1.2000000e+01  -2.2000000e+01  -1.5955137e+02  -2.7691163e+01  -9.0724670e+00  -3.6277149e+01  -4.1297593e+00
   1.2000000e+01  -2.2000000e+01  -1.6350379e+02  -2.5826607e+01  -1.3596788e+01  -3.5386653e+01  -3.9751960e+00
   1.2000000e+01  -2.2000000e+01  -1.6733377e+02  -2.3725556e+01  -1.7861467e+01  -3.3489957e+01  -4.7317244e+00
   1.2000000e+01  -2.2000000e+01  -1.7098546e+02  -2.2228068e+01  -2.1610864e+01  -3.1273926e+01  -5.1606388e+00
   1.2000000e+01  -2.2000000e+01  -1.7386958e+02  -2.0687016e+01  -2.5026966e+01  -2.9006533e+01  -4.0221864e+00
   1.2000000e+01  -2.2000000e+01  -1.7536852e+02  -1.9396889e+01  -2.7915775e+01  -2.7300995e+01  -3.0250273e-01
   1.2000000e+01  -2.2000000e+01  -1.7471562e+02  -1.9587429e+01  -2.9893088e+01  -2.7321982e+01   3.4348342e+00
   1.2000000e+01  -2.2000000e+01  -1.7201588e+02  -2.0812369e+01  -3.0483734e+01  -2.8650184e+01   4.4246638e+00
   1.2000000e+01  -2.2000000e+01  -1.6991790e+02  -2.1996631e+01  -3.0341313e+01  -2.9346706e+01   5.0288095e+00
   1.2000000e+01  -2.2000000e+01  -1.6766052e+02  -2.3414045e+01  -2.9700715e+01  -2.9865260e+01   6.2332416e+00
   1.2000000e+01  -2.2000000e+01  -1.6505201e+02  -2.5290504e+01  -2.9201441e+01  -3.1052607e+01   8.6337234e+00
   1.2000000e+01  -2.2000000e+01  -1.6319255e+02  -2.6058300e+01  -2.8895447e+01  -3.1676420e+01   1.2434536e+01
   1.2000000e+01  -2.2000000e+01  -1.6138629e+02  -2.6133192e+01  -2.8165281e+01  -3.2092248e+01   1.5099256e+01
   1.2000000e+01  -2.2000000e+01  -1.6009951e+02  -2.6099518e+01  -2.7523057e+01  -3.2475284e+01   1.7117804e+01
   1.2000000e+01  -2.2000000e+01  -1.5923591e+02  -2.5993003e+01  -2.6635692e+01  -3.2635641e+01   1.7728315e+01
   1.2000000e+01  -2.2000000e+01  -1.5864598e+02  -2.6091214e+01  -2.5541716e+01  -3.2651928e+01   1.7224995e+01
   1.2000000e+01  -2.2000000e+01  -1.5823939e+02  -2.6384000e+01  -2.4247682e+01  -3.2455814e+01   1.5888059e+01
   1.2000000e+01  -2.2000000e+01  -1.5798020e+02  -2.6557454e+01  -2.3074296e+01  -3.2069969e+01   1.5909137e+01
   1.2000000e+01  -2.2000000e+01  -1.5756468e+02  -2.6420683e+01  -2.1554255e+01  -3.1608904e+01   1.4767770e+01
   1.2000000e+01  -2.2000000e+01  -1.5766352e+02  -2.6277607e+01  -2.0258579e+01  -3.1217911e+01   1.4316080e+01
   1.2000000e+01  -2.2000000e+01  -1.5743145e+02  -2.6142011e+01  -1.8792670e+01  -3.0856413e+01   1.3769353e+01
   1.2000000e+01  -2.2000000e+01  -1.5724365e+02  -2.6075823e+01  -1.7421394e+01  -3.0597479e+01   1.3299704e+01
   1.2000000e+01  -2.2000000e+01  -1.5567264e+02  -2.5310319e+01  -1.6628844e+01  -3.1176430e+01   1.3084190e+01
