   2.0969109e+01   2.2618346e+01  -1.5582569e+02   1.3887657e+01  -1.1997178e+01  -3.2371613e+01   2.6851944e+01
   1.5285078e+01   2.5173130e+01  -1.5476352e+02   2.2878636e+01  -7.6005439e+00  -3.7207501e+01   2.4528124e+01
   1.2000000e+01   2.7271721e+01  -1.5287939e+02   2.0654027e+01  -1.2853222e+00  -3.5000000e+01   2.2767079e+01
   1.2000000e+01   2.3447078e+01  -1.5262227e+02   1.7837309e+01  -9.3837704e-01  -3.5000000e+01   1.9642294e+01
   1.2000000e+01   2.3464919e+01  -1.5413397e+02   1.5088974e+01  -3.4438396e+00  -3.5000000e+01   1.5583292e+01
   1.2000000e+01   2.0581897e+01  -1.5511640e+02   9.7842798e+00  -8.4277940e+00  -3.5000000e+01   1.2832798e+01
   1.2000000e+01   2.0625032e+01  -1.5573793e+02   6.7493236e+00  -1.5067177e+01  -3.5000000e+01   1.3225040e+01
   1.2000000e+01   2.0207591e+01  -1.5661610e+02   5.8192319e+00  -2.2355956e+01  -3.5000000e+01   1.2225514e+01
   1.2000000e+01   2.0658659e+01  -1.5844504e+02   8.1795066e+00  -2.9110761e+01  -3.5000000e+01   1.3742856e+01
   1.2000000e+01   1.9178751e+01  -1.6034851e+02   9.2202841e+00  -3.4422499e+01  -3.5000000e+01   1.5543534e+01
   1.2000000e+01   1.6044145e+01  -1.6261958e+02   8.9967588e+00  -3.8372629e+01  -3.5000000e+01   1.5561891e+01
   1.2000000e+01   1.3817792e+01  -1.6552631e+02   1.0125409e+01  -4.0074130e+01  -3.5000000e+01   1.4923218e+01
   1.2000000e+01   1.6505552e+01  -1.7016889e+02   1.8049180e+01  -3.8840690e+01  -3.5000000e+01   1.3292944e+01
   1.2000000e+01   2.1733811e+01  -1.7386896e+02   2.6398935e+01  -3.6257539e+01  -3.5000000e+01   1.6887491e+01
   1.2000000e+01   2.1629857e+01  -1.7150044e+02   2.4341959e+01  -3.5079874e+01  -3.5000000e+01   2.0975988e+01
   1.2000000e+01   2.1035764e+01  -1.6941753e+02   2.0162592e+01  -3.3656090e+01  -3.5000000e+01   2.5841681e+01
   1.2000000e+01   2.1507561e+01  -1.6816649e+02   1.7895487e+01  -3.1707554e+01  -3.5000000e+01   2.8545082e+01
   1.2000000e+01   2.4336635e+01  -1.6675145e+02   1.9716988e+01  -2.9714643e+01  -3.5000000e+01   2.9598670e+01
   1.2000000e+01   2.1241978e+01  -1.6474167e+02   1.5690298e+01  -2.9059240e+01  -3.5000000e+01   3.1765754e+01
   1.2000000e+01   2.0086353e+01  -1.6386407e+02   1.3367695e+01  -2.6912760e+01  -3.5000000e+01   3.3646131e+01
   1.2000000e+01   1.7821601e+01  -1.6266234e+02   1.0002379e+01  -2.5518047e+01  -3.5000000e+01   3.5136632e+01
   1.2000000e+01   1.8279534e+01  -1.6228391e+02   9.1349945e+00  -2.3030244e+01  -3.5000000e+01   3.5218727e+01
   1.2000000e+01   2.0056377e+01  -1.6139891e+02   1.0549410e+01  -2.0814882e+01  -3.5000000e+01   3.5679348e+01
   1.2000000e+01   2.3628763e+01  -1.6150636e+02   1.3848634e+01  -1.7528008e+01  -3.5000000e+01   3.6343926e+01
   1.2000000e+01   2.1823759e+01  -1.6021813e+02   1.2133952e+01  -1.6388105e+01  -3.5000000e+01   3.5659467e+01
   1.2000000e+01   1.9711077e+01  -1.5894013e+02   1.0085849e+01  -1.4956999e+01  -3.5000000e+01   3.5302364e+01
   1.2000000e+01   2.0970221e+01  -1.5874352e+02   1.1520180e+01  -1.2896884e+01  -3.5000000e+01   3.3584209e+01
   1.2000000e+01   1.9629240e+01  -1.5799268e+02   1.0723203e+01  -1.1289362e+01  -3.5000000e+01   3.2188920e+01
   1.2000000e+01   1.9748772e+01  -1.5695706e+02   1.1616787e+01  -8.9744710e+00  -3.5000000e+01   3.0372850e+01
   1.2000000e+01   1.6841412e+01  -1.5383843e+02   9.7444043e+00  -8.9452087e+00  -3.5000000e+01   2.8584975e+01
   1.2000000e+01   1.4120455e+01  -1.5172088e+02   8.8295569e+00  -8.7873270e+00  -3.5000000e+01   2.5275674e+01
   1.2000000e+01   1.7034553e+01  -1.5149116e+02   1.3185294e+01  -6.1518339e+00  -3.5000000e+01   2.1210311e+01
   1.2000000e+01   1.8986388e+01  -1.5168113e+02   1.6486512e+01  -3.1735680e+00  -3.5000000e+01   1.8887823e+01
   1.2000000e+01   2.0982988e+01  -1.5190842e+02   1.9788456e+01  -1.8119164e-01  -3.5000000e+01   1.5708266e+01
   1.2000000e+01   2.0968381e+01  -1.5187896e+02   2.2172450e+01   1.8932809e+00  -3.5000000e+01   1.2687920e+01
   1.2000000e+01   1.8640682e+01  -1.5154284e+02   2.2362915e+01   2.6468706e+00  -3.5000000e+01   9.1137334e+00
   1.2000000e+01   1.8418752e+01  -1.5098929e+02   2.2755575e+01   2.8117704e+00  -3.5000000e+01   5.6442068e+00
   1.2000000e+01   2.0283581e+01  -1.5149422e+02   2.2871680e+01   2.6755295e+00  -3.5000000e+01   2.6890615e+00
   1.2000000e+01   2.3112348e+01  -1.5394339e+02   1.8677923e+01   4.2622627e-01  -3.5000000e+01  -2.0292821e-01
   1.2000000e+01   2.3588317e+01  -1.5605218e+02   1.5055945e+01  -4.1472588e+00  -3.5000000e+01  -1.8644567e-01
   1.2000000e+01   2.3214831e+01  -1.5812572e+02   1.2401354e+01  -1.0716029e+01  -3.5000000e+01   2.1931215e+00
   1.2000000e+01   2.0207633e+01  -1.5914434e+02   9.4368199e+00  -1.8742005e+01  -3.5000000e+01   9.0458243e+00
   1.2000000e+01   2.0263398e+01  -1.6055437e+02   9.4755554e+00  -2.6438579e+01  -3.5000000e+01   1.4104831e+01
   1.2000000e+01   1.7777590e+01  -1.6218591e+02   9.5459715e+00  -3.3132406e+01  -3.5000000e+01   1.4319807e+01
   1.2000000e+01   1.8688494e+01  -1.6665308e+02   1.4579704e+01  -3.6702324e+01  -3.5000000e+01   1.3043765e+01
   1.2000000e+01   1.8909166e+01  -1.7178513e+02   2.0435415e+01  -3.9618545e+01  -3.5000000e+01   1.1531968e+01
   1.2000000e+01   1.9205282e+01  -1.7646647e+02   2.6032121e+01  -4.2674609e+01  -3.5000000e+01   1.3161408e+01
   1.2000000e+01   1.7046118e+01  -1.7969373e+02   2.6307635e+01  -4.3456203e+01  -3.5000000e+01   1.3697691e+01
   1.2000000e+01   1.9837853e+01  -1.7976384e+02   2.8728749e+01  -4.3117046e+01  -3.5000000e+01   1.6222396e+01
   1.2000000e+01   2.6592056e+01  -1.7969316e+02   3.3542371e+01  -4.1767570e+01  -3.5000000e+01   1.9638191e+01
   1.2000000e+01   2.6344463e+01  -1.7654774e+02   3.1404351e+01  -4.0832248e+01  -3.5000000e+01   2.0073069e+01
   1.2000000e+01   2.4601492e+01  -1.7373809e+02   2.6499695e+01  -3.9698232e+01  -3.5000000e+01   2.2249196e+01
   1.2000000e+01   2.2749879e+01  -1.7113318e+02   2.0718497e+01  -3.8402114e+01  -3.5000000e+01   2.6935919e+01
   1.2000000e+01   2.3539955e+01  -1.6975702e+02   1.9085007e+01  -3.6835259e+01  -3.5000000e+01   2.8467774e+01
   1.2000000e+01   1.7442780e+01  -1.6757390e+02   1.2155169e+01  -3.6538372e+01  -3.5000000e+01   3.2612044e+01
   1.2000000e+01   1.4756193e+01  -1.6463253e+02   7.6566736e+00  -3.5845423e+01  -3.5000000e+01   3.5215433e+01
   1.2000000e+01   1.4002392e+01  -1.6228444e+02   5.3881227e+00  -3.4674420e+01  -3.5000000e+01   3.5607767e+01
   1.2000000e+01   1.3324243e+01  -1.6127532e+02   4.4167740e+00  -3.2841365e+01  -3.5000000e+01   3.7149963e+01
   1.2000000e+01   1.3169493e+01  -1.6116767e+02   3.7612041e+00  -3.0768160e+01  -3.5000000e+01   3.8266815e+01
   1.2000000e+01   1.6541193e+01  -1.6208897e+02   6.6596898e+00  -2.8245596e+01  -3.5000000e+01   3.8296222e+01
   1.2000000e+01   2.1614675e+01  -1.6218187e+02   1.1585831e+01  -2.5218566e+01  -3.5000000e+01   3.6357102e+01
   1.2000000e+01   2.1796364e+01  -1.6133779e+02   1.1497551e+01  -2.3179698e+01  -3.5000000e+01   3.5925352e+01
   1.2000000e+01   2.2059547e+01  -1.6134571e+02   1.1385820e+01  -2.0806618e+01  -3.5000000e+01   3.7080704e+01
   1.2000000e+01   2.2066015e+01  -1.6027412e+02   1.1972165e+01  -1.9338020e+01  -3.5000000e+01   3.5999328e+01
   1.2000000e+01   1.8989116e+01  -1.5858035e+02   9.6952819e+00  -1.8937468e+01  -3.5000000e+01   3.5740844e+01
   1.2000000e+01   1.9079916e+01  -1.5788539e+02   1.0643165e+01  -1.7598486e+01  -3.5000000e+01   3.3732584e+01
   1.2000000e+01   1.8990748e+01  -1.5703658e+02   1.0005205e+01  -1.6432880e+01  -3.5000000e+01   3.3225923e+01
   1.2000000e+01   1.6783721e+01  -1.5531803e+02   7.9888073e+00  -1.4978970e+01  -3.5000000e+01   3.3260412e+01
   1.2000000e+01   1.5569090e+01  -1.5422739e+02   7.4973560e+00  -1.4017879e+01  -3.5000000e+01   3.1411075e+01
   1.2000000e+01   1.5847494e+01  -1.5322953e+02   7.0777904e+00  -1.2422734e+01  -3.5000000e+01   2.8888388e+01
   1.2000000e+01   1.8521006e+01  -1.5316042e+02   1.0779924e+01  -9.7116822e+00  -3.5000000e+01   2.7009064e+01
   1.2000000e+01   1.9555902e+01  -1.5273488e+02   1.3451400e+01  -7.6388313e+00  -3.5000000e+01   2.4141600e+01
   1.2000000e+01   2.1356152e+01  -1.5273761e+02   1.6621681e+01  -5.2051260e+00  -3.5000000e+01   2.1391053e+01
   1.2000000e+01   2.3418303e+01  -1.5280706e+02   1.9499783e+01  -2.6420265e+00  -3.5000000e+01   2.0209030e+01
   1.2000000e+01   2.4680329e+01  -1.5277112e+02   2.1470905e+01  -1.3422348e-01  -3.5000000e+01   1.8561454e+01
   1.2000000e+01   2.3370158e+01  -1.5283281e+02   2.0761948e+01   1.6130515e+00  -3.5000000e+01   1.8031508e+01
   1.2000000e+01   2.0706835e+01  -1.5173597e+02   1.8615354e+01   1.8083095e+00  -3.5000000e+01   1.5956454e+01
   1.2000000e+01   1.9829540e+01  -1.5187752e+02   1.7602326e+01   1.1725128e+00  -3.5000000e+01   1.3686809e+01
   1.2000000e+01   2.2734003e+01  -1.5408376e+02   1.8204944e+01  -1.2703665e+00  -3.5000000e+01   1.2224862e+01
   1.2000000e+01   2.3555155e+01  -1.5668862e+02   1.6251872e+01  -5.6329753e+00  -3.5000000e+01   8.9600862e+00
   1.2000000e+01   2.3351340e+01  -1.5840522e+02   1.4429184e+01  -1.2777690e+01  -3.5000000e+01   5.8488082e+00
   1.2000000e+01   2.3022903e+01  -1.5946666e+02   1.3000824e+01  -2.1232658e+01  -3.5000000e+01   7.4718400e+00
   1.2000000e+01   2.5036825e+01  -1.6127872e+02   1.4391924e+01  -2.8558482e+01  -3.5000000e+01   7.9092687e+00
   1.2000000e+01   2.0466868e+01  -1.6251288e+02   1.1610604e+01  -3.5365350e+01  -3.5000000e+01   5.3548241e+00
   1.2000000e+01   1.7031407e+01  -1.6704745e+02   1.4571176e+01  -3.9948459e+01  -3.5000000e+01   1.7526355e+00
   1.2000000e+01   1.5106326e+01  -1.7351067e+02   2.0630360e+01  -4.2517397e+01  -3.5000000e+01  -9.0584200e-02
   1.2000000e+01   1.2972577e+01  -1.7997970e+02   2.4147880e+01  -4.1276738e+01  -3.5000000e+01   5.8062096e-01
   1.2000000e+01   1.3472684e+01  -1.8111412e+02   2.6883899e+01  -3.9954097e+01  -3.5000000e+01   6.1212313e+00
   1.2000000e+01   1.2133970e+01  -1.7843765e+02   2.3270591e+01  -3.9736684e+01  -3.5000000e+01   1.0327956e+01
   1.2000000e+01   1.3618334e+01  -1.7642752e+02   2.2651190e+01  -3.8604817e+01  -3.5000000e+01   1.4291577e+01
   1.2000000e+01   1.6018633e+01  -1.7461599e+02   2.2124912e+01  -3.7204355e+01  -3.5000000e+01   1.6097795e+01
   1.2000000e+01   2.1442478e+01  -1.7318048e+02   2.5845815e+01  -3.4851484e+01  -3.5000000e+01   1.6900885e+01
   1.2000000e+01   2.5951213e+01  -1.7258163e+02   2.9313026e+01  -3.3350547e+01  -3.5000000e+01   1.7287478e+01
   1.2000000e+01   1.9936848e+01  -1.6888744e+02   2.1661734e+01  -3.3336024e+01  -3.5000000e+01   1.9823943e+01
   1.2000000e+01   1.9431692e+01  -1.6699765e+02   1.8025558e+01  -3.1295694e+01  -3.5000000e+01   2.3263930e+01
   1.2000000e+01   1.8683821e+01  -1.6537358e+02   1.5920452e+01  -3.0365046e+01  -3.5000000e+01   2.5870621e+01
   1.2000000e+01   1.8006962e+01  -1.6376705e+02   1.4634516e+01  -2.8791466e+01  -3.5000000e+01   2.7238770e+01
   1.2000000e+01   1.8097628e+01  -1.6389899e+02   1.3262308e+01  -2.6056004e+01  -3.5000000e+01   2.9123430e+01
   1.2000000e+01   1.8686945e+01  -1.6202779e+02   1.2159442e+01  -2.4777478e+01  -3.5000000e+01   2.9521071e+01
   1.2000000e+01   1.7835137e+01  -1.6102993e+02   1.0921161e+01  -2.3385265e+01  -3.5000000e+01   3.0827285e+01
   1.2000000e+01   1.8649379e+01  -1.5971687e+02   1.1226423e+01  -2.1192610e+01  -3.5000000e+01   3.0672109e+01
   1.2000000e+01   1.8676202e+01  -1.5927770e+02   1.1578570e+01  -1.9174251e+01  -3.5000000e+01   3.0155862e+01
   1.2000000e+01   1.7782873e+01  -1.5796053e+02   1.1300441e+01  -1.8440331e+01  -3.5000000e+01   2.9506093e+01
   1.2000000e+01   1.3847600e+01  -1.5532314e+02   7.9381800e+00  -1.8231277e+01  -3.5000000e+01   3.0349628e+01
   1.2000000e+01   1.5432261e+01  -1.5398694e+02   8.1022599e+00  -1.7201551e+01  -3.5000000e+01   2.7480021e+01
   1.2000000e+01   1.6493694e+01  -1.5339118e+02   9.8337750e+00  -1.5221445e+01  -3.5000000e+01   2.6658267e+01
   1.2000000e+01   1.6379950e+01  -1.5330147e+02   1.0545393e+01  -1.3093303e+01  -3.5000000e+01   2.5853593e+01
   1.2000000e+01   1.6139780e+01  -1.5326468e+02   1.0946061e+01  -1.1224402e+01  -3.5000000e+01   2.3628577e+01
   1.2000000e+01   1.6639371e+01  -1.5279208e+02   1.1952463e+01  -9.3043838e+00  -3.5000000e+01   2.0655327e+01
   1.2000000e+01   1.9187599e+01  -1.5301482e+02   1.5861474e+01  -7.0355242e+00  -3.5000000e+01   1.8713193e+01
   1.2000000e+01   1.7022907e+01  -1.5326872e+02   1.4383729e+01  -5.6338503e+00  -3.5000000e+01   1.7207317e+01
   1.2000000e+01   1.7935866e+01  -1.5338809e+02   1.4831373e+01  -4.5137431e+00  -3.5000000e+01   1.4803544e+01
   1.2000000e+01   2.0017836e+01  -1.5443649e+02   1.5682170e+01  -4.6073037e+00  -3.5000000e+01   1.2546808e+01
   1.2000000e+01   2.1018982e+01  -1.5596963e+02   1.3600504e+01  -9.0396803e+00  -3.5000000e+01   8.9006010e+00
   1.2000000e+01   2.2254267e+01  -1.5695291e+02   1.0715081e+01  -1.4511045e+01  -3.5000000e+01   7.9082582e+00
   1.2000000e+01   1.9145260e+01  -1.5699451e+02   6.1001462e+00  -2.2539024e+01  -3.5000000e+01   1.3221623e+01
   1.2000000e+01   2.0611499e+01  -1.5854137e+02   7.0243526e+00  -2.9757461e+01  -3.5000000e+01   1.8370217e+01
   1.2000000e+01   2.0289060e+01  -1.6118373e+02   1.0153864e+01  -3.4356724e+01  -3.5000000e+01   1.9007407e+01
   1.2000000e+01   1.5600100e+01  -1.6236638e+02   8.5490831e+00  -3.8572198e+01  -3.5000000e+01   1.7953137e+01
   1.2000000e+01   1.8432527e+01  -1.6797357e+02   1.5920025e+01  -3.9091508e+01  -3.5000000e+01   1.7912836e+01
   1.2000000e+01   1.6586650e+01  -1.7120315e+02   1.8486005e+01  -4.1103825e+01  -3.5000000e+01   1.6241410e+01
   1.2000000e+01   1.8316464e+01  -1.7589070e+02   2.4506598e+01  -3.9436084e+01  -3.5000000e+01   1.4409935e+01
   1.2000000e+01   2.0040005e+01  -1.7504992e+02   2.4792934e+01  -3.8727078e+01  -3.5000000e+01   1.6701442e+01
   1.2000000e+01   2.2318844e+01  -1.7350117e+02   2.4713923e+01  -3.7625246e+01  -3.5000000e+01   1.9226034e+01
   1.2000000e+01   2.0229589e+01  -1.7087475e+02   1.9744867e+01  -3.6539859e+01  -3.5000000e+01   2.1696949e+01
   1.2000000e+01   1.5778712e+01  -1.6864517e+02   1.3601324e+01  -3.6280091e+01  -3.5000000e+01   2.4099698e+01
   1.2000000e+01   1.4943466e+01  -1.6717074e+02   1.1030578e+01  -3.5163891e+01  -3.5000000e+01   2.5335907e+01
   1.2000000e+01   1.6519904e+01  -1.6615073e+02   1.1477225e+01  -3.2775048e+01  -3.5000000e+01   2.8276569e+01
   1.2000000e+01   2.0533708e+01  -1.6534275e+02   1.4541629e+01  -2.9676633e+01  -3.5000000e+01   2.7224059e+01
   1.2000000e+01   1.6671286e+01  -1.6327611e+02   9.5967493e+00  -2.9286422e+01  -3.5000000e+01   3.2635254e+01
   1.2000000e+01   1.3069084e+01  -1.6236737e+02   4.5462996e+00  -2.7878271e+01  -3.5000000e+01   3.4356174e+01
   1.2000000e+01   1.5228774e+01  -1.6209296e+02   5.7276453e+00  -2.5788478e+01  -3.5000000e+01   3.3820422e+01
   1.2000000e+01   1.8501801e+01  -1.6228676e+02   9.1407447e+00  -2.2573657e+01  -3.5000000e+01   3.5335429e+01
   1.2000000e+01   2.2347833e+01  -1.6226372e+02   1.2792245e+01  -1.9777152e+01  -3.5000000e+01   3.5196978e+01
   1.2000000e+01   2.1905620e+01  -1.6122287e+02   1.1844773e+01  -1.7889584e+01  -3.5000000e+01   3.6181776e+01
   1.2000000e+01   1.9602462e+01  -1.5973203e+02   9.3943508e+00  -1.7075100e+01  -3.5000000e+01   3.4808486e+01
   1.2000000e+01   1.8487572e+01  -1.5852968e+02   9.1867453e+00  -1.6363129e+01  -3.5000000e+01   3.3934138e+01
   1.2000000e+01   1.7280756e+01  -1.5752069e+02   8.3683580e+00  -1.5545950e+01  -3.5000000e+01   3.3473740e+01
   1.2000000e+01   1.4085962e+01  -1.5569313e+02   5.6645358e+00  -1.5058398e+01  -3.5000000e+01   3.3531411e+01
   1.2000000e+01   1.2194628e+01  -1.5382944e+02   4.5054868e+00  -1.5570055e+01  -3.5000000e+01   3.0216017e+01
   1.2000000e+01   1.2187934e+01  -1.5179298e+02   4.4550286e+00  -1.5221137e+01  -3.5000000e+01   2.7697627e+01
   1.2000000e+01   1.3331864e+01  -1.5068386e+02   5.6680761e+00  -1.3249402e+01  -3.5000000e+01   2.7446856e+01
   1.2000000e+01   1.6454788e+01  -1.5087335e+02   9.1085102e+00  -1.0011706e+01  -3.5000000e+01   2.5613834e+01
   1.2000000e+01   1.8369503e+01  -1.5196734e+02   1.1848200e+01  -7.0961880e+00  -3.5000000e+01   2.2588070e+01
   1.2000000e+01   1.8758563e+01  -1.5201662e+02   1.3495478e+01  -5.0730756e+00  -3.5000000e+01   2.1030516e+01
   1.2000000e+01   2.0778298e+01  -1.5219151e+02   1.6767069e+01  -2.8357433e+00  -3.5000000e+01   1.8103359e+01
   1.2000000e+01   2.0401589e+01  -1.5225584e+02   1.7409958e+01  -9.1184739e-01  -3.5000000e+01   1.6498803e+01
   1.2000000e+01   1.9631848e+01  -1.5149021e+02   1.6929840e+01  -2.1537284e-01  -3.5000000e+01   1.3808550e+01
   1.2000000e+01   2.0939007e+01  -1.5269687e+02   1.6199236e+01   7.0349059e-02  -3.5000000e+01   1.2122348e+01
   1.2000000e+01   1.8712912e+01  -1.5409382e+02   1.1234120e+01  -4.2855186e+00  -3.5000000e+01   8.4541301e+00
   1.2000000e+01   1.9728091e+01  -1.5586865e+02   1.0761061e+01  -8.9702977e+00  -3.5000000e+01   8.5641402e+00
   1.2000000e+01   2.2161857e+01  -1.5716364e+02   1.1570557e+01  -1.4885087e+01  -3.5000000e+01   7.6310781e+00
   1.2000000e+01   2.0345369e+01  -1.5819338e+02   1.0340761e+01  -2.2727957e+01  -3.5000000e+01   1.0337423e+01
   1.2000000e+01   2.2205953e+01  -1.5960759e+02   1.3001337e+01  -2.9375369e+01  -3.5000000e+01   1.0302710e+01
   1.2000000e+01   1.8625558e+01  -1.6034243e+02   1.0137497e+01  -3.5091864e+01  -3.5000000e+01   9.2954624e+00
   1.2000000e+01   1.6961207e+01  -1.6548023e+02   1.2988009e+01  -3.7543143e+01  -3.5000000e+01   5.1033824e+00
   1.2000000e+01   1.5850736e+01  -1.7096315e+02   1.9112852e+01  -4.0779625e+01  -3.5000000e+01   4.1678701e+00
   1.2000000e+01   1.9970296e+01  -1.7655781e+02   2.7169296e+01  -4.1219939e+01  -3.5000000e+01   4.6523897e+00
   1.2000000e+01   1.7268712e+01  -1.7929971e+02   2.7700033e+01  -4.1418714e+01  -3.5000000e+01   1.0232335e+01
   1.2000000e+01   2.1054488e+01  -1.7796213e+02   2.9509395e+01  -4.0064705e+01  -3.5000000e+01   1.4190286e+01
   1.2000000e+01   2.4328056e+01  -1.7572211e+02   3.0155045e+01  -3.9140215e+01  -3.5000000e+01   1.6543903e+01
   1.2000000e+01   2.3181625e+01  -1.7324356e+02   2.7116125e+01  -3.8080467e+01  -3.5000000e+01   1.9250415e+01
   1.2000000e+01   2.2934033e+01  -1.7073712e+02   2.2869525e+01  -3.6335906e+01  -3.5000000e+01   2.1611999e+01
   1.2000000e+01   2.0855393e+01  -1.6916550e+02   1.7759220e+01  -3.4753546e+01  -3.5000000e+01   2.5041412e+01
   1.2000000e+01   1.8721699e+01  -1.6695091e+02   1.4167651e+01  -3.3410273e+01  -3.5000000e+01   2.8847451e+01
   1.2000000e+01   1.5454130e+01  -1.6420300e+02   9.1484864e+00  -3.2780983e+01  -3.5000000e+01   3.0973875e+01
   1.2000000e+01   1.4092987e+01  -1.6258345e+02   7.2023743e+00  -3.1817072e+01  -3.5000000e+01   3.3490924e+01
   1.2000000e+01   1.4330987e+01  -1.6127973e+02   6.0067326e+00  -2.9914316e+01  -3.5000000e+01   3.5579857e+01
   1.2000000e+01   1.5212087e+01  -1.6068135e+02   5.6818000e+00  -2.7981314e+01  -3.5000000e+01   3.6054337e+01
   1.2000000e+01   1.6687475e+01  -1.5989772e+02   7.0920311e+00  -2.5916327e+01  -3.5000000e+01   3.7013748e+01
   1.2000000e+01   1.8561158e+01  -1.5939059e+02   7.8564113e+00  -2.3062684e+01  -3.5000000e+01   3.7123937e+01
   1.2000000e+01   1.7714599e+01  -1.5784270e+02   6.5253377e+00  -2.2069440e+01  -3.5000000e+01   3.7881386e+01
   1.2000000e+01   1.8581838e+01  -1.5724281e+02   7.6839093e+00  -2.0260738e+01  -3.5000000e+01   3.6994840e+01
   1.2000000e+01   1.8724199e+01  -1.5648819e+02   7.7030629e+00  -1.8754333e+01  -3.5000000e+01   3.6746896e+01
   1.2000000e+01   2.0314284e+01  -1.5600673e+02   9.8692707e+00  -1.7474306e+01  -3.5000000e+01   3.5760988e+01
   1.2000000e+01   1.6980169e+01  -1.5461712e+02   7.5257290e+00  -1.6808667e+01  -3.5000000e+01   3.6185780e+01
   1.2000000e+01   1.4938451e+01  -1.5373755e+02   5.1350283e+00  -1.6449476e+01  -3.5000000e+01   3.3859163e+01
   1.2000000e+01   1.3584790e+01  -1.5318027e+02   3.9434680e+00  -1.5183226e+01  -3.5000000e+01   3.2246102e+01
   1.2000000e+01   1.4663050e+01  -1.5286903e+02   5.4558079e+00  -1.3011015e+01  -3.5000000e+01   3.1128022e+01
   1.2000000e+01   1.6937505e+01  -1.5264906e+02   7.5947404e+00  -1.0260008e+01  -3.5000000e+01   2.9634058e+01
   1.2000000e+01   1.7462157e+01  -1.5262678e+02   8.6589439e+00  -7.4646727e+00  -3.5000000e+01   2.9319783e+01
   1.2000000e+01   1.9537737e+01  -1.5296694e+02   1.0552500e+01  -4.8821901e+00  -3.5000000e+01   2.6944381e+01
   1.2000000e+01   2.2199851e+01  -1.5300349e+02   1.3141813e+01  -2.7027307e+00  -3.5000000e+01   2.5334334e+01
   1.2000000e+01   2.3777417e+01  -1.5313635e+02   1.5164982e+01  -7.3491396e-02  -3.5000000e+01   2.4459330e+01
   1.2000000e+01   2.4112322e+01  -1.5233587e+02   1.5614744e+01   1.5406521e+00  -3.5000000e+01   2.2044610e+01
   1.2000000e+01   2.4423518e+01  -1.5291879e+02   1.5361518e+01   6.3883455e-01  -3.5000000e+01   1.9754008e+01
   1.2000000e+01   2.4618056e+01  -1.5533047e+02   1.4000525e+01  -2.8743733e+00  -3.5000000e+01   1.7020626e+01
   1.2000000e+01   2.3354708e+01  -1.5712726e+02   1.2565888e+01  -9.0772894e+00  -3.5000000e+01   1.2993268e+01
   1.2000000e+01   2.4213982e+01  -1.5920280e+02   1.3473501e+01  -1.5441681e+01  -3.5000000e+01   1.0777273e+01
   1.2000000e+01   2.2120196e+01  -1.6044329e+02   1.3005712e+01  -2.2567095e+01  -3.5000000e+01   1.1113641e+01
   1.2000000e+01   2.0317251e+01  -1.6217217e+02   1.2920033e+01  -2.8484492e+01  -3.5000000e+01   9.0989792e+00
   1.2000000e+01   2.0363230e+01  -1.6518291e+02   1.5388626e+01  -3.2140863e+01  -3.5000000e+01   7.9624074e+00
   1.2000000e+01   2.1917270e+01  -1.6884269e+02   2.0467243e+01  -3.4136054e+01  -3.5000000e+01   8.4673015e+00
   1.2000000e+01   1.9272456e+01  -1.7009624e+02   2.1115223e+01  -3.7029089e+01  -3.5000000e+01   7.4170085e+00
   1.2000000e+01   2.2016537e+01  -1.7319836e+02   2.6197141e+01  -3.8010841e+01  -3.5000000e+01   7.7209928e+00
   1.2000000e+01   2.3011239e+01  -1.7589733e+02   3.0099237e+01  -3.7609483e+01  -3.5000000e+01   7.5166008e+00
   1.2000000e+01   2.1297946e+01  -1.7633454e+02   2.9639396e+01  -3.6751884e+01  -3.5000000e+01   1.1239094e+01
   1.2000000e+01   2.3643846e+01  -1.7558641e+02   3.0345845e+01  -3.5314323e+01  -3.5000000e+01   1.3599503e+01
   1.2000000e+01   2.3882551e+01  -1.7422558e+02   2.9344611e+01  -3.4148650e+01  -3.5000000e+01   1.4701883e+01
   1.2000000e+01   2.3782062e+01  -1.7269084e+02   2.8331237e+01  -3.3351661e+01  -3.5000000e+01   1.5771996e+01
   1.2000000e+01   2.0899602e+01  -1.7068257e+02   2.3743185e+01  -3.2237122e+01  -3.5000000e+01   1.7679736e+01
   1.2000000e+01   2.1467305e+01  -1.6928722e+02   2.2012329e+01  -3.0157841e+01  -3.5000000e+01   1.8684536e+01
   1.2000000e+01   2.1849856e+01  -1.6780401e+02   2.1103644e+01  -2.8579930e+01  -3.5000000e+01   2.0640095e+01
   1.2000000e+01   2.0046465e+01  -1.6589246e+02   1.8514174e+01  -2.7948075e+01  -3.5000000e+01   2.2989061e+01
   1.2000000e+01   2.0384882e+01  -1.6506045e+02   1.7863850e+01  -2.5946576e+01  -3.5000000e+01   2.4967118e+01
   1.2000000e+01   2.0784318e+01  -1.6449134e+02   1.7333388e+01  -2.4198487e+01  -3.5000000e+01   2.6710991e+01
   1.2000000e+01   2.2544921e+01  -1.6441834e+02   1.8396723e+01  -2.2253230e+01  -3.5000000e+01   2.6738824e+01
   1.2000000e+01   2.2441719e+01  -1.6389533e+02   1.7265213e+01  -2.0578273e+01  -3.5000000e+01   2.8185829e+01
   1.2000000e+01   2.1528921e+01  -1.6267287e+02   1.5665386e+01  -1.9258192e+01  -3.5000000e+01   2.8519248e+01
   1.2000000e+01   2.0226742e+01  -1.6128678e+02   1.3920043e+01  -1.8310320e+01  -3.5000000e+01   2.8813566e+01
   1.2000000e+01   2.1234226e+01  -1.6092037e+02   1.5588790e+01  -1.6697177e+01  -3.5000000e+01   2.7486741e+01
   1.2000000e+01   2.0699774e+01  -1.6006797e+02   1.5672453e+01  -1.5034868e+01  -3.5000000e+01   2.7915647e+01
   1.2000000e+01   1.6527700e+01  -1.5707220e+02   1.1848755e+01  -1.5486563e+01  -3.5000000e+01   2.8022684e+01
   1.2000000e+01   1.3400080e+01  -1.5522728e+02   8.5451309e+00  -1.5134113e+01  -3.5000000e+01   2.5562179e+01
   1.2000000e+01   1.2736071e+01  -1.5393791e+02   8.7246306e+00  -1.4274481e+01  -3.5000000e+01   2.3056441e+01
   1.2000000e+01   1.5532867e+01  -1.5353472e+02   1.1740064e+01  -1.1918403e+01  -3.5000000e+01   2.0811415e+01
   1.2000000e+01   1.7719311e+01  -1.5290684e+02   1.4940605e+01  -9.6115323e+00  -3.5000000e+01   1.9703465e+01
   1.2000000e+01   1.7605311e+01  -1.5268267e+02   1.5850746e+01  -7.4488055e+00  -3.5000000e+01   1.7802507e+01
   1.2000000e+01   1.9489792e+01  -1.5294928e+02   1.8346513e+01  -4.6763077e+00  -3.5000000e+01   1.7043507e+01
   1.2000000e+01   2.1369168e+01  -1.5324603e+02   2.0743874e+01  -1.9973282e+00  -3.5000000e+01   1.4606697e+01
   1.2000000e+01   2.1342504e+01  -1.5287824e+02   2.1266810e+01  -4.4452798e-01  -3.5000000e+01   1.2817328e+01
   1.2000000e+01   2.2112457e+01  -1.5272867e+02   2.1037756e+01  -1.1936538e-01  -3.5000000e+01   1.0569091e+01
   1.2000000e+01   2.1351810e+01  -1.5413356e+02   1.9338749e+01  -2.0611339e+00  -3.5000000e+01   9.3858692e+00
   1.2000000e+01   2.3785911e+01  -1.5625318e+02   1.6062569e+01  -6.2962803e+00  -3.5000000e+01   7.3442072e+00
   1.2000000e+01   2.4886403e+01  -1.5856634e+02   1.3523689e+01  -1.2721529e+01  -3.5000000e+01   6.1371014e+00
   1.2000000e+01   2.1744581e+01  -1.5892309e+02   9.0661078e+00  -2.0470395e+01  -3.5000000e+01   8.4632241e+00
   1.2000000e+01   1.9205559e+01  -1.5969919e+02   6.5593938e+00  -2.8459969e+01  -3.5000000e+01   1.4830074e+01
   1.2000000e+01   1.5713894e+01  -1.5997881e+02   4.0181675e+00  -3.5764925e+01  -3.5000000e+01   1.2931364e+01
   1.2000000e+01   1.5162452e+01  -1.6379263e+02   8.2490008e+00  -3.9177276e+01  -3.5000000e+01   1.0899452e+01
   1.2000000e+01   1.6688408e+01  -1.6904351e+02   1.6367630e+01  -4.1320552e+01  -3.5000000e+01   8.1891039e+00
   1.2000000e+01   1.8734001e+01  -1.7668813e+02   2.6307760e+01  -4.1603146e+01  -3.5000000e+01   1.1316695e+01
   1.2000000e+01   2.0035760e+01  -1.7787199e+02   2.9522010e+01  -4.2469516e+01  -3.5000000e+01   1.3724858e+01
   1.2000000e+01   2.4636252e+01  -1.7720279e+02   3.1770636e+01  -4.1026299e+01  -3.5000000e+01   1.6306114e+01
   1.2000000e+01   2.9128278e+01  -1.7654706e+02   3.4663880e+01  -3.9157753e+01  -3.5000000e+01   1.7991787e+01
   1.2000000e+01   2.7990915e+01  -1.7433813e+02   3.1904873e+01  -3.8102388e+01  -3.5000000e+01   2.0428646e+01
   1.2000000e+01   2.4749404e+01  -1.7200202e+02   2.5480512e+01  -3.7176848e+01  -3.5000000e+01   2.4338027e+01
   1.2000000e+01   2.1892744e+01  -1.6910766e+02   1.9409254e+01  -3.6182165e+01  -3.5000000e+01   2.6725066e+01
   1.2000000e+01   1.9900381e+01  -1.6728505e+02   1.5653665e+01  -3.4813164e+01  -3.5000000e+01   3.0012893e+01
   1.2000000e+01   1.7986136e+01  -1.6579220e+02   1.2904024e+01  -3.3176520e+01  -3.5000000e+01   3.0947505e+01
   1.2000000e+01   1.8735923e+01  -1.6510001e+02   1.2734148e+01  -3.1289791e+01  -3.5000000e+01   3.0277999e+01
   1.2000000e+01   2.2404910e+01  -1.6514614e+02   1.5615209e+01  -2.9423095e+01  -3.5000000e+01   3.2404175e+01
   1.2000000e+01   2.0430460e+01  -1.6326876e+02   1.3650463e+01  -2.9465326e+01  -3.5000000e+01   3.3855295e+01
   1.2000000e+01   1.8541608e+01  -1.6176826e+02   1.0774968e+01  -2.8758928e+01  -3.5000000e+01   3.4703833e+01
   1.2000000e+01   1.8429506e+01  -1.6073293e+02   1.0137613e+01  -2.7741374e+01  -3.5000000e+01   3.4730058e+01
   1.2000000e+01   1.9373551e+01  -1.6041413e+02   1.0480921e+01  -2.5691901e+01  -3.5000000e+01   3.4770188e+01
   1.2000000e+01   1.9313740e+01  -1.5952249e+02   1.1040542e+01  -2.3806091e+01  -3.5000000e+01   3.5217466e+01
   1.2000000e+01   2.1402647e+01  -1.5987749e+02   1.3307300e+01  -2.1903146e+01  -3.5000000e+01   3.4261333e+01
   1.2000000e+01   2.3047325e+01  -1.5892802e+02   1.4737550e+01  -2.0395408e+01  -3.5000000e+01   3.2647630e+01
   1.2000000e+01   1.9737590e+01  -1.5709273e+02   1.2323166e+01  -2.0195163e+01  -3.5000000e+01   3.3572221e+01
   1.2000000e+01   1.8884705e+01  -1.5586988e+02   1.1163725e+01  -1.9929468e+01  -3.5000000e+01   3.0641026e+01
   1.2000000e+01   1.8063512e+01  -1.5456817e+02   1.0434506e+01  -1.9272897e+01  -3.5000000e+01   3.0925160e+01
   1.2000000e+01   1.8545320e+01  -1.5384864e+02   1.0903185e+01  -1.7063238e+01  -3.5000000e+01   3.0238199e+01
   1.2000000e+01   1.8432389e+01  -1.5336530e+02   1.1096028e+01  -1.4813573e+01  -3.5000000e+01   2.8161391e+01
   1.2000000e+01   1.9331152e+01  -1.5320602e+02   1.1710537e+01  -1.3249363e+01  -3.5000000e+01   2.5609760e+01
   1.2000000e+01   1.9831414e+01  -1.5303564e+02   1.2692799e+01  -1.1099859e+01  -3.5000000e+01   2.4940659e+01
   1.2000000e+01   2.1429741e+01  -1.5320980e+02   1.4987235e+01  -8.7526270e+00  -3.5000000e+01   2.3212036e+01
   1.2000000e+01   2.2954232e+01  -1.5366049e+02   1.6942192e+01  -6.6090401e+00  -3.5000000e+01   2.3204223e+01
   1.2000000e+01   2.3040199e+01  -1.5382301e+02   1.7570601e+01  -4.7628663e+00  -3.5000000e+01   2.3158174e+01
   1.2000000e+01   2.2862333e+01  -1.5357209e+02   1.7832470e+01  -3.5251520e+00  -3.5000000e+01   2.2900172e+01
   1.2000000e+01   2.4668666e+01  -1.5349401e+02   1.8840453e+01  -2.4097459e+00  -3.5000000e+01   2.1456009e+01
   1.2000000e+01   2.4465769e+01  -1.5384096e+02   1.8279575e+01  -2.0547620e+00  -3.5000000e+01   1.9013889e+01
   1.2000000e+01   2.3234972e+01  -1.5490033e+02   1.6033345e+01  -4.8543535e+00  -3.5000000e+01   1.7628545e+01
   1.2000000e+01   2.5785938e+01  -1.5774031e+02   1.4914928e+01  -1.1296030e+01  -3.5000000e+01   1.3527441e+01
   1.2000000e+01   2.3679735e+01  -1.5767318e+02   9.2330095e+00  -1.9548256e+01  -3.5000000e+01   1.3175529e+01
   1.2000000e+01   2.0993770e+01  -1.5806336e+02   6.3769942e+00  -2.7993045e+01  -3.5000000e+01   1.4952517e+01
   1.2000000e+01   1.9928817e+01  -1.5864902e+02   6.0054436e+00  -3.5356473e+01  -3.5000000e+01   1.8402124e+01
   1.2000000e+01   2.2452987e+01  -1.6075427e+02   1.1339889e+01  -3.8525312e+01  -3.5000000e+01   2.1397497e+01
   1.2000000e+01   2.3043908e+01  -1.6374058e+02   1.4956020e+01  -3.9257925e+01  -3.5000000e+01   2.2544956e+01
   1.2000000e+01   1.9432470e+01  -1.6585739e+02   1.6457775e+01  -4.0438654e+01  -3.5000000e+01   2.4548367e+01
   1.2000000e+01   2.1405564e+01  -1.7049808e+02   2.3599517e+01  -3.8999008e+01  -3.5000000e+01   2.3230712e+01
   1.2000000e+01   2.1294490e+01  -1.6959640e+02   2.2026486e+01  -3.8867457e+01  -3.5000000e+01   2.4533034e+01
   1.2000000e+01   2.2086114e+01  -1.6941394e+02   1.9857612e+01  -3.6751269e+01  -3.5000000e+01   2.4826748e+01
   1.2000000e+01   2.1258831e+01  -1.6866408e+02   1.7585198e+01  -3.4981794e+01  -3.5000000e+01   2.8385691e+01
   1.2000000e+01   2.1295139e+01  -1.6845818e+02   1.7513323e+01  -3.3363132e+01  -3.5000000e+01   2.8825834e+01
   1.2000000e+01   2.0469232e+01  -1.6701919e+02   1.5493885e+01  -3.2241266e+01  -3.5000000e+01   3.0364519e+01
   1.2000000e+01   2.0790128e+01  -1.6598440e+02   1.4248631e+01  -3.0010615e+01  -3.5000000e+01   2.9471752e+01
   1.2000000e+01   2.3583744e+01  -1.6544404e+02   1.5937467e+01  -2.7480743e+01  -3.5000000e+01   3.3016740e+01
   1.2000000e+01   1.8460431e+01  -1.6329839e+02   1.0105886e+01  -2.6888952e+01  -3.5000000e+01   3.3876033e+01
   1.2000000e+01   1.6905414e+01  -1.6229174e+02   8.2144890e+00  -2.5045158e+01  -3.5000000e+01   3.3216641e+01
   1.2000000e+01   1.7888462e+01  -1.6191567e+02   8.7036318e+00  -2.2512839e+01  -3.5000000e+01   3.3043305e+01
   1.2000000e+01   2.0380635e+01  -1.6205955e+02   1.0987186e+01  -1.9538970e+01  -3.5000000e+01   3.4276804e+01
   1.2000000e+01   2.4428066e+01  -1.6242025e+02   1.5013145e+01  -1.6502020e+01  -3.5000000e+01   3.3371241e+01
   1.2000000e+01   2.3937602e+01  -1.6176163e+02   1.4875846e+01  -1.5181552e+01  -3.5000000e+01   3.3485276e+01
   1.2000000e+01   2.0727551e+01  -1.5992967e+02   1.2087939e+01  -1.4545081e+01  -3.5000000e+01   3.3892636e+01
   1.2000000e+01   1.8925945e+01  -1.5843659e+02   1.0423629e+01  -1.3907508e+01  -3.5000000e+01   3.2386199e+01
   1.2000000e+01   1.9408703e+01  -1.5760328e+02   1.1469515e+01  -1.2351912e+01  -3.5000000e+01   3.1147155e+01
   1.2000000e+01   1.8787491e+01  -1.5724892e+02   1.0675551e+01  -1.0430484e+01  -3.5000000e+01   3.0598541e+01
   1.2000000e+01   1.7310810e+01  -1.5661311e+02   9.8346739e+00  -8.7425203e+00  -3.5000000e+01   2.9562357e+01
   1.2000000e+01   1.5877871e+01  -1.5439687e+02   8.5340030e+00  -8.1062767e+00  -3.5000000e+01   2.6998813e+01
   1.2000000e+01   1.8496892e+01  -1.5358261e+02   1.0600579e+01  -6.1173669e+00  -3.5000000e+01   2.3804312e+01
   1.2000000e+01   2.1629214e+01  -1.5347771e+02   1.5634164e+01  -3.4292102e+00  -3.5000000e+01   2.2146156e+01
   1.2000000e+01   2.3629051e+01  -1.5351075e+02   1.9196121e+01  -1.4940146e+00  -3.5000000e+01   1.8737204e+01
   1.2000000e+01   2.3803743e+01  -1.5307212e+02   2.0604774e+01   5.1849579e-01  -3.5000000e+01   1.6949528e+01
   1.2000000e+01   2.4068183e+01  -1.5193362e+02   2.1529342e+01   1.5171773e+00  -3.5000000e+01   1.4864644e+01
   1.2000000e+01   2.2853512e+01  -1.5091739e+02   2.1390194e+01   1.8064234e+00  -3.5000000e+01   1.3369161e+01
   1.2000000e+01   2.2932902e+01  -1.4982798e+02   2.1866501e+01   1.9745461e+00  -3.5000000e+01   1.1154887e+01
   1.2000000e+01   2.3335663e+01  -1.4958208e+02   2.1756349e+01   2.1575576e+00  -3.5000000e+01   9.0300747e+00
   1.2000000e+01   2.4605289e+01  -1.5159200e+02   2.2136499e+01   1.7716821e+00  -3.5000000e+01   8.8115033e+00
   1.2000000e+01   2.6021297e+01  -1.5485978e+02   2.1002727e+01  -1.5800491e+00  -3.5000000e+01   5.5226837e+00
   1.2000000e+01   2.7757918e+01  -1.5681223e+02   1.7973960e+01  -6.1275694e+00  -3.5000000e+01   6.0925930e+00
   1.2000000e+01   2.7941938e+01  -1.5876154e+02   1.5129092e+01  -1.3429016e+01  -3.5000000e+01   5.7061157e+00
   1.2000000e+01   2.4534505e+01  -1.5919679e+02   1.2230757e+01  -2.1626211e+01  -3.5000000e+01   9.0601432e+00
   1.2000000e+01   2.3705561e+01  -1.6031551e+02   1.4388124e+01  -2.8441557e+01  -3.5000000e+01   1.2759056e+01
   1.2000000e+01   2.4451636e+01  -1.6286239e+02   1.8205869e+01  -3.1986871e+01  -3.5000000e+01   1.5208817e+01
   1.2000000e+01   2.1914448e+01  -1.6587859e+02   1.9880481e+01  -3.5681416e+01  -3.5000000e+01   1.6020466e+01
   1.2000000e+01   1.8917330e+01  -1.6903130e+02   2.1328763e+01  -4.0187907e+01  -3.5000000e+01   1.4818494e+01
   1.2000000e+01   2.2477559e+01  -1.7489732e+02   2.8472041e+01  -4.2009337e+01  -3.5000000e+01   1.2717293e+01
   1.2000000e+01   2.2517553e+01  -1.7857903e+02   3.1737321e+01  -4.3043213e+01  -3.5000000e+01   1.4129615e+01
   1.2000000e+01   2.3240501e+01  -1.7868300e+02   3.1739510e+01  -4.2533959e+01  -3.5000000e+01   1.2785507e+01
   1.2000000e+01   2.3904186e+01  -1.7642666e+02   3.0693792e+01  -4.1898383e+01  -3.5000000e+01   1.7371852e+01
   1.2000000e+01   2.3415703e+01  -1.7450550e+02   2.8805326e+01  -4.0834595e+01  -3.5000000e+01   1.8391156e+01
   1.2000000e+01   2.2861006e+01  -1.7148156e+02   2.5337104e+01  -3.9799587e+01  -3.5000000e+01   2.1392675e+01
   1.2000000e+01   2.1847550e+01  -1.6988940e+02   2.0965525e+01  -3.8632110e+01  -3.5000000e+01   2.4875416e+01
   1.2000000e+01   1.8689010e+01  -1.6810433e+02   1.5578351e+01  -3.7797604e+01  -3.5000000e+01   2.7531693e+01
   1.2000000e+01   2.1447180e+01  -1.6772433e+02   1.6667401e+01  -3.4793430e+01  -3.5000000e+01   3.0433504e+01
   1.2000000e+01   2.1023394e+01  -1.6588016e+02   1.4873148e+01  -3.3431369e+01  -3.5000000e+01   3.1009018e+01
   1.2000000e+01   2.2049541e+01  -1.6471247e+02   1.5221281e+01  -3.1506499e+01  -3.5000000e+01   3.3415660e+01
   1.2000000e+01   1.9178221e+01  -1.6245931e+02   1.1492639e+01  -3.1422274e+01  -3.5000000e+01   3.4924416e+01
   1.2000000e+01   1.6839942e+01  -1.6140766e+02   7.7301417e+00  -2.9632631e+01  -3.5000000e+01   3.6808125e+01
   1.2000000e+01   1.3749324e+01  -1.6002685e+02   3.8926127e+00  -2.9051627e+01  -3.5000000e+01   3.8255182e+01
   1.2000000e+01   1.5486908e+01  -1.5921513e+02   4.7918200e+00  -2.6357779e+01  -3.5000000e+01   3.8399024e+01
   1.2000000e+01   1.7768960e+01  -1.5930864e+02   6.1202651e+00  -2.2824194e+01  -3.5000000e+01   3.8409317e+01
   1.2000000e+01   1.8211830e+01  -1.5787639e+02   6.4324141e+00  -2.0810283e+01  -3.5000000e+01   3.8854066e+01
   1.2000000e+01   1.9247778e+01  -1.5709411e+02   7.6391389e+00  -1.8399896e+01  -3.5000000e+01   3.9643146e+01
   1.2000000e+01   2.0312744e+01  -1.5623772e+02   8.6846059e+00  -1.6980495e+01  -3.5000000e+01   3.7373219e+01
   1.2000000e+01   1.8651430e+01  -1.5470467e+02   7.1060713e+00  -1.5703844e+01  -3.5000000e+01   3.7136970e+01
   1.2000000e+01   1.5796911e+01  -1.5307772e+02   5.1718742e+00  -1.4869107e+01  -3.5000000e+01   3.6758168e+01
   1.2000000e+01   1.4959267e+01  -1.5282358e+02   4.9732892e+00  -1.3004698e+01  -3.5000000e+01   3.4388615e+01
   1.2000000e+01   1.6439003e+01  -1.5300065e+02   6.1648225e+00  -1.0551692e+01  -3.5000000e+01   3.1945055e+01
   1.2000000e+01   1.8276756e+01  -1.5261531e+02   8.0236415e+00  -6.6883417e+00  -3.5000000e+01   3.1421817e+01
   1.2000000e+01   1.8875822e+01  -1.5226435e+02   9.3209322e+00  -4.4018632e+00  -3.5000000e+01   2.8808634e+01
   1.2000000e+01   2.1610078e+01  -1.5207267e+02   1.2978819e+01  -2.1306539e+00  -3.5000000e+01   2.6737625e+01
   1.2000000e+01   2.4581243e+01  -1.5207277e+02   1.6804038e+01   5.9645570e-01  -3.5000000e+01   2.4481289e+01
   1.2000000e+01   2.5727608e+01  -1.5224524e+02   1.9066301e+01   2.8448805e+00  -3.5000000e+01   2.3113431e+01
   1.2000000e+01   2.5312700e+01  -1.5160584e+02   1.8832447e+01   3.9212456e+00  -3.5000000e+01   2.1312116e+01
   1.2000000e+01   2.3685910e+01  -1.5172290e+02   1.6658563e+01   3.5197595e+00  -3.5000000e+01   1.9641033e+01
   1.2000000e+01   2.2107780e+01  -1.5262117e+02   1.3775388e+01   1.1982188e+00  -3.5000000e+01   1.5102073e+01
   1.2000000e+01   2.2697768e+01  -1.5476012e+02   1.0465013e+01  -1.8004081e+00  -3.5000000e+01   1.3259823e+01
   1.2000000e+01   2.3580158e+01  -1.5642803e+02   7.2574861e+00  -6.8557669e+00  -3.5000000e+01   1.4794036e+01
   1.2000000e+01   2.0005705e+01  -1.5781809e+02   2.0563749e+00  -1.4496226e+01  -3.5000000e+01   1.3199152e+01
   1.2000000e+01   1.8964368e+01  -1.5911504e+02   1.8632153e+00  -2.2073069e+01  -3.5000000e+01   1.2055737e+01
   1.2000000e+01   1.6716423e+01  -1.6025660e+02   2.6292182e+00  -2.9587617e+01  -3.5000000e+01   1.1530272e+01
   1.2000000e+01   1.7734401e+01  -1.6273458e+02   8.6921964e+00  -3.5505450e+01  -3.5000000e+01   9.0268411e+00
   1.2000000e+01   1.7215211e+01  -1.6748860e+02   1.5109821e+01  -3.9650408e+01  -3.5000000e+01   6.1997937e+00
   1.2000000e+01   1.8708448e+01  -1.7466444e+02   2.3954449e+01  -4.1017436e+01  -3.5000000e+01   4.2432882e+00
   1.2000000e+01   1.6509961e+01  -1.8004381e+02   2.8637335e+01  -4.1310952e+01  -3.5000000e+01   5.5003623e+00
   1.2000000e+01   1.5838169e+01  -1.7979259e+02   2.8364338e+01  -4.0299134e+01  -3.5000000e+01   1.0967057e+01
   1.2000000e+01   1.9095951e+01  -1.7793573e+02   2.9370068e+01  -3.9510463e+01  -3.5000000e+01   1.2982822e+01
   1.2000000e+01   2.2976085e+01  -1.7618240e+02   3.0409701e+01  -3.8287730e+01  -3.5000000e+01   1.4839712e+01
   1.2000000e+01   2.4122997e+01  -1.7389257e+02   2.9404611e+01  -3.6547913e+01  -3.5000000e+01   1.7020738e+01
   1.2000000e+01   2.6514003e+01  -1.7253178e+02   2.9213587e+01  -3.5090365e+01  -3.5000000e+01   1.9581554e+01
   1.2000000e+01   2.5537448e+01  -1.7003771e+02   2.5133758e+01  -3.3756839e+01  -3.5000000e+01   2.2251659e+01
   1.2000000e+01   2.0970083e+01  -1.6795286e+02   1.8446501e+01  -3.2797269e+01  -3.5000000e+01   2.6230417e+01
   1.2000000e+01   1.8830148e+01  -1.6610398e+02   1.4858088e+01  -3.1783591e+01  -3.5000000e+01   2.8758454e+01
   1.2000000e+01   2.0370759e+01  -1.6455831e+02   1.4438994e+01  -3.0055105e+01  -3.5000000e+01   3.1211293e+01
   1.2000000e+01   1.9376282e+01  -1.6331846e+02   1.2220985e+01  -2.8692421e+01  -3.5000000e+01   3.3884241e+01
   1.2000000e+01   1.6849154e+01  -1.6180577e+02   8.1682054e+00  -2.7620765e+01  -3.5000000e+01   3.4812629e+01
   1.2000000e+01   1.4886096e+01  -1.6040164e+02   5.7269691e+00  -2.6396063e+01  -3.5000000e+01   3.5321139e+01
   1.2000000e+01   1.7065175e+01  -1.5974257e+02   6.7349876e+00  -2.3725642e+01  -3.5000000e+01   3.6036295e+01
   1.2000000e+01   1.7720468e+01  -1.5835866e+02   6.7105149e+00  -2.1840615e+01  -3.5000000e+01   3.7978679e+01
   1.2000000e+01   1.9818567e+01  -1.5751672e+02   8.4069027e+00  -1.9565640e+01  -3.5000000e+01   3.7579381e+01
   1.2000000e+01   2.2353523e+01  -1.5708865e+02   1.1158878e+01  -1.7901837e+01  -3.5000000e+01   3.6952137e+01
   1.2000000e+01   1.9088429e+01  -1.5497476e+02   7.7001692e+00  -1.7420285e+01  -3.5000000e+01   3.6022062e+01
   1.2000000e+01   1.5762323e+01  -1.5409130e+02   4.8175471e+00  -1.6604222e+01  -3.5000000e+01   3.4867359e+01
   1.2000000e+01   1.3968790e+01  -1.5258581e+02   2.7370981e+00  -1.5144491e+01  -3.5000000e+01   3.3983311e+01
   1.2000000e+01   1.5718808e+01  -1.5193783e+02   5.3439074e+00  -1.2526740e+01  -3.5000000e+01   3.3007787e+01
   1.2000000e+01   1.8771495e+01  -1.5204523e+02   8.5701654e+00  -8.4136369e+00  -3.5000000e+01   3.0627934e+01
   1.2000000e+01   2.1090139e+01  -1.5244167e+02   1.1045891e+01  -4.7729144e+00  -3.5000000e+01   2.8705488e+01
   1.2000000e+01   2.1798819e+01  -1.5237080e+02   1.2684957e+01  -2.3550297e+00  -3.5000000e+01   2.6650373e+01
   1.2000000e+01   2.4320344e+01  -1.5282213e+02   1.6373625e+01   1.0919999e-01  -3.5000000e+01   2.4642616e+01
   1.2000000e+01   2.4660630e+01  -1.5272192e+02   1.7942555e+01   2.3108654e+00  -3.5000000e+01   2.2733067e+01
   1.2000000e+01   2.3045523e+01  -1.5187604e+02   1.6862499e+01   2.7068128e+00  -3.5000000e+01   2.0204501e+01
   1.2000000e+01   2.3795968e+01  -1.5327101e+02   1.6424524e+01   7.7124593e-01  -3.5000000e+01   1.8194972e+01
   1.2000000e+01   2.4522548e+01  -1.5566648e+02   1.5824485e+01  -2.9061805e+00  -3.5000000e+01   1.5393014e+01
   1.2000000e+01   2.5806609e+01  -1.5821935e+02   1.6744732e+01  -8.3252237e+00  -3.5000000e+01   1.2731845e+01
   1.2000000e+01   2.2711488e+01  -1.5912518e+02   1.1583820e+01  -1.6148032e+01  -3.5000000e+01   1.1615706e+01
   1.2000000e+01   1.9492056e+01  -1.5982747e+02   7.4792147e+00  -2.4483590e+01  -3.5000000e+01   1.3493092e+01
   1.2000000e+01   1.7052565e+01  -1.6092548e+02   5.1341086e+00  -3.2510536e+01  -3.5000000e+01   1.3034775e+01
   1.2000000e+01   2.0090542e+01  -1.6352665e+02   1.0887940e+01  -3.7612165e+01  -3.5000000e+01   1.4640994e+01
   1.2000000e+01   1.7626599e+01  -1.6710683e+02   1.4926010e+01  -4.1388032e+01  -3.5000000e+01   1.2658400e+01
   1.2000000e+01   2.0510570e+01  -1.7520815e+02   2.4734864e+01  -4.1263018e+01  -3.5000000e+01   1.2373884e+01
   1.2000000e+01   2.1609679e+01  -1.7862643e+02   3.0403065e+01  -4.1550325e+01  -3.5000000e+01   1.6051461e+01
   1.2000000e+01   2.4123289e+01  -1.7688435e+02   3.0958220e+01  -4.0303534e+01  -3.5000000e+01   1.7441013e+01
   1.2000000e+01   2.5400389e+01  -1.7438411e+02   2.9916538e+01  -3.9214984e+01  -3.5000000e+01   1.9908027e+01
   1.2000000e+01   2.2718727e+01  -1.7193513e+02   2.5169000e+01  -3.7983581e+01  -3.5000000e+01   2.0983647e+01
   1.2000000e+01   2.5864353e+01  -1.7092785e+02   2.4122559e+01  -3.5472301e+01  -3.5000000e+01   2.5119486e+01
   1.2000000e+01   2.4345184e+01  -1.6894733e+02   2.0992175e+01  -3.3725398e+01  -3.5000000e+01   2.7284045e+01
   1.2000000e+01   2.4715114e+01  -1.6691853e+02   1.9259975e+01  -3.2353513e+01  -3.5000000e+01   3.1079721e+01
   1.2000000e+01   2.3085166e+01  -1.6514849e+02   1.7115960e+01  -3.0079014e+01  -3.5000000e+01   3.1305927e+01
   1.2000000e+01   2.1479536e+01  -1.6341227e+02   1.4234138e+01  -2.9027855e+01  -3.5000000e+01   3.4455840e+01
   1.2000000e+01   2.0029736e+01  -1.6310790e+02   1.1603906e+01  -2.7103481e+01  -3.5000000e+01   3.4670144e+01
   1.2000000e+01   2.0867396e+01  -1.6306171e+02   1.2708067e+01  -2.5247597e+01  -3.5000000e+01   3.3880043e+01
   1.2000000e+01   2.3559944e+01  -1.6397606e+02   1.6143436e+01  -2.3358143e+01  -3.5000000e+01   3.2818871e+01
   1.2000000e+01   2.6662223e+01  -1.6500584e+02   1.9287422e+01  -2.1425951e+01  -3.5000000e+01   3.1513623e+01
   1.2000000e+01   2.9250874e+01  -1.6549964e+02   2.3078058e+01  -2.0085217e+01  -3.5000000e+01   2.9105784e+01
   1.2000000e+01   3.0927367e+01  -1.6507465e+02   2.5593809e+01  -1.8505305e+01  -3.5000000e+01   2.8741338e+01
   1.2000000e+01   3.3515496e+01  -1.6484853e+02   2.8574460e+01  -1.6854245e+01  -3.5000000e+01   2.7554522e+01
   1.2000000e+01   3.2335551e+01  -1.6462753e+02   2.8913897e+01  -1.5998603e+01  -3.5000000e+01   2.5204395e+01
   1.2000000e+01   3.2278631e+01  -1.6434867e+02   2.9173245e+01  -1.4809987e+01  -3.5000000e+01   2.4677949e+01
   1.2000000e+01   2.8403223e+01  -1.6247137e+02   2.6119249e+01  -1.4724200e+01  -3.5000000e+01   2.2471697e+01
   1.2000000e+01   2.1701804e+01  -1.5924168e+02   2.0168413e+01  -1.5948859e+01  -3.5000000e+01   1.9759884e+01
   1.2000000e+01   1.8044393e+01  -1.5749727e+02   1.7509942e+01  -1.5805604e+01  -3.5000000e+01   2.0303457e+01
   1.2000000e+01   1.6781242e+01  -1.5694927e+02   1.6626117e+01  -1.5172168e+01  -3.5000000e+01   1.8929491e+01
   1.2000000e+01   1.6711492e+01  -1.5624844e+02   1.7567553e+01  -1.4058495e+01  -3.5000000e+01   1.6760867e+01
   1.2000000e+01   1.7801659e+01  -1.5677060e+02   1.9917470e+01  -1.1946516e+01  -3.5000000e+01   1.4919347e+01
   1.2000000e+01   2.1151456e+01  -1.5688318e+02   2.4136673e+01  -9.7130060e+00  -3.5000000e+01   1.2672712e+01
   1.2000000e+01   2.0422735e+01  -1.5605448e+02   2.4060073e+01  -8.6562003e+00  -3.5000000e+01   1.0945019e+01
   1.2000000e+01   2.0697223e+01  -1.5574458e+02   2.4155838e+01  -6.9719664e+00  -3.5000000e+01   9.3913921e+00
   1.2000000e+01   2.0702142e+01  -1.5547534e+02   2.4316713e+01  -5.2689660e+00  -3.5000000e+01   9.8957789e+00
   1.2000000e+01   2.1028798e+01  -1.5523473e+02   2.4479066e+01  -3.5606931e+00  -3.5000000e+01   8.2332338e+00
   1.2000000e+01   2.1920814e+01  -1.5424359e+02   2.2892774e+01  -3.3587971e+00  -3.5000000e+01   5.6386335e+00
   1.2000000e+01   2.3654005e+01  -1.5572599e+02   1.8177563e+01  -6.5652368e+00  -3.5000000e+01   2.2386361e+00
   1.2000000e+01   2.5005476e+01  -1.5667996e+02   1.4189289e+01  -1.1473771e+01  -3.5000000e+01   2.2846955e+00
   1.2000000e+01   2.7393028e+01  -1.5737550e+02   1.4370105e+01  -1.6371102e+01  -3.5000000e+01   4.8493733e+00
   1.2000000e+01   2.3102027e+01  -1.5723883e+02   1.0835896e+01  -2.4467920e+01  -3.5000000e+01   9.2854650e+00
   1.2000000e+01   2.2894888e+01  -1.5862676e+02   1.2214905e+01  -3.1063463e+01  -3.5000000e+01   1.2923351e+01
   1.2000000e+01   2.0660101e+01  -1.6121938e+02   1.1873766e+01  -3.5777342e+01  -3.5000000e+01   1.2088047e+01
   1.2000000e+01   2.1922637e+01  -1.6658315e+02   1.7073221e+01  -3.8621948e+01  -3.5000000e+01   1.1965291e+01
   1.2000000e+01   2.1815758e+01  -1.6989689e+02   2.2099911e+01  -4.1395460e+01  -3.5000000e+01   8.9509376e+00
   1.2000000e+01   2.2070102e+01  -1.7546961e+02   2.7811586e+01  -4.2463335e+01  -3.5000000e+01   8.5392177e+00
   1.2000000e+01   1.8909379e+01  -1.7829939e+02   2.8628220e+01  -4.1240376e+01  -3.5000000e+01   1.2155870e+01
   1.2000000e+01   2.0470805e+01  -1.7735428e+02   2.8033024e+01  -3.9719727e+01  -3.5000000e+01   1.3101490e+01
   1.2000000e+01   2.5551857e+01  -1.7609534e+02   3.0967236e+01  -3.7936449e+01  -3.5000000e+01   1.4751808e+01
   1.2000000e+01   2.1928616e+01  -1.7258719e+02   2.5102420e+01  -3.7381538e+01  -3.5000000e+01   1.7229838e+01
   1.2000000e+01   2.0994380e+01  -1.7016001e+02   1.9783728e+01  -3.6745698e+01  -3.5000000e+01   2.1662135e+01
   1.2000000e+01   2.0978215e+01  -1.6872493e+02   1.7381004e+01  -3.5454857e+01  -3.5000000e+01   2.5283872e+01
   1.2000000e+01   2.0804490e+01  -1.6735188e+02   1.5430269e+01  -3.3980450e+01  -3.5000000e+01   2.8832537e+01
   1.2000000e+01   2.0106709e+01  -1.6536170e+02   1.3216694e+01  -3.3055604e+01  -3.5000000e+01   3.1793924e+01
   1.2000000e+01   1.7732269e+01  -1.6393890e+02   1.0225686e+01  -3.2194164e+01  -3.5000000e+01   3.2323009e+01
   1.2000000e+01   1.6602358e+01  -1.6288328e+02   8.8143124e+00  -3.0921683e+01  -3.5000000e+01   3.4586167e+01
   1.2000000e+01   1.6862647e+01  -1.6235538e+02   7.8625525e+00  -2.9898393e+01  -3.5000000e+01   3.5527897e+01
   1.2000000e+01   1.5843343e+01  -1.6209892e+02   6.9287153e+00  -2.8827150e+01  -3.5000000e+01   3.5111842e+01
   1.2000000e+01   1.7256712e+01  -1.6214822e+02   7.4058540e+00  -2.7590127e+01  -3.5000000e+01   3.5075652e+01
   1.2000000e+01   1.5938760e+01  -1.6192129e+02   6.6377848e+00  -2.7130750e+01  -3.5000000e+01   3.5553851e+01
   1.2000000e+01   1.3908915e+01  -1.6057257e+02   4.8526963e+00  -2.7334724e+01  -3.5000000e+01   3.5558418e+01
   1.2000000e+01   1.5258424e+01  -1.6065416e+02   5.3078698e+00  -2.6501430e+01  -3.5000000e+01   3.6584576e+01
   1.2000000e+01   1.9449686e+01  -1.6041025e+02   9.4025958e+00  -2.5195016e+01  -3.5000000e+01   3.7764180e+01
   1.2000000e+01   2.3178682e+01  -1.6059489e+02   1.2656031e+01  -2.3683346e+01  -3.5000000e+01   3.8607245e+01
   1.2000000e+01   2.2007852e+01  -1.5878551e+02   1.1409689e+01  -2.4054645e+01  -3.5000000e+01   3.9311449e+01
   1.2000000e+01   2.0244363e+01  -1.5801321e+02   1.0968131e+01  -2.3551790e+01  -3.5000000e+01   3.8906618e+01
   1.2000000e+01   1.9785872e+01  -1.5848868e+02   1.0523086e+01  -2.2014013e+01  -3.5000000e+01   3.7908837e+01
   1.2000000e+01   1.9383864e+01  -1.5666597e+02   1.0050877e+01  -2.2012672e+01  -3.5000000e+01   3.8369562e+01
   1.2000000e+01   1.9098333e+01  -1.5599371e+02   1.0263245e+01  -2.1429088e+01  -3.5000000e+01   3.8455069e+01
   1.2000000e+01   2.0005601e+01  -1.5625773e+02   1.1699870e+01  -1.9819460e+01  -3.5000000e+01   3.7628358e+01
   1.2000000e+01   1.9232166e+01  -1.5529159e+02   1.0840568e+01  -1.8872404e+01  -3.5000000e+01   3.7532769e+01
   1.2000000e+01   1.6424387e+01  -1.5487670e+02   8.3766452e+00  -1.7958390e+01  -3.5000000e+01   3.6792457e+01
   1.2000000e+01   1.6874222e+01  -1.5455469e+02   7.9835530e+00  -1.6025810e+01  -3.5000000e+01   3.5644968e+01
   1.2000000e+01   1.7829158e+01  -1.5392959e+02   8.8904546e+00  -1.4697275e+01  -3.5000000e+01   3.4350195e+01
   1.2000000e+01   1.7129757e+01  -1.5331221e+02   8.4545109e+00  -1.2570386e+01  -3.5000000e+01   3.2742429e+01
   1.2000000e+01   1.7078971e+01  -1.5317004e+02   8.7312769e+00  -9.8681686e+00  -3.5000000e+01   3.1895677e+01
   1.2000000e+01   1.8641345e+01  -1.5280001e+02   1.0325869e+01  -7.4005310e+00  -3.5000000e+01   3.0588286e+01
   1.2000000e+01   2.1098528e+01  -1.5313357e+02   1.3144190e+01  -4.2399404e+00  -3.5000000e+01   2.8774629e+01
   1.2000000e+01   2.2703034e+01  -1.5327382e+02   1.5465811e+01  -1.4078378e+00  -3.5000000e+01   2.7224456e+01
   1.2000000e+01   2.3008595e+01  -1.5278620e+02   1.5997078e+01  -2.5240731e-02  -3.5000000e+01   2.5636739e+01
   1.2000000e+01   2.4529000e+01  -1.5344773e+02   1.6621932e+01   1.1896857e+00  -3.5000000e+01   2.3787109e+01
   1.2000000e+01   2.1876242e+01  -1.5543470e+02   1.2871155e+01  -1.1720506e+00  -3.5000000e+01   2.1965964e+01
   1.2000000e+01   2.4574039e+01  -1.5562528e+02   8.3720341e+00  -5.8426050e+00  -3.5000000e+01   1.8471691e+01
   1.2000000e+01   2.1467168e+01  -1.5492493e+02   1.8956994e+00  -1.3687483e+01  -3.5000000e+01   1.8707231e+01
   1.2000000e+01   2.0305742e+01  -1.5550458e+02   1.1819439e+00  -2.1978268e+01  -3.5000000e+01   1.9757680e+01
   1.2000000e+01   1.8973372e+01  -1.5655524e+02   2.9446697e+00  -3.0132513e+01  -3.5000000e+01   1.9209134e+01
   1.2000000e+01   1.9369741e+01  -1.5973546e+02   8.7356583e+00  -3.4736728e+01  -3.5000000e+01   1.8370422e+01
   1.2000000e+01   2.0073647e+01  -1.6440535e+02   1.4471845e+01  -3.6436138e+01  -3.5000000e+01   1.6243229e+01
   1.2000000e+01   1.5455349e+01  -1.6856970e+02   1.7048362e+01  -3.8391944e+01  -3.5000000e+01   1.3159774e+01
   1.2000000e+01   1.6878505e+01  -1.7399508e+02   2.4205338e+01  -3.8448723e+01  -3.5000000e+01   1.3095272e+01
   1.2000000e+01   1.8303318e+01  -1.7687505e+02   2.7157786e+01  -3.6695072e+01  -3.5000000e+01   1.5274240e+01
   1.2000000e+01   2.2081204e+01  -1.7641571e+02   2.9606583e+01  -3.5487430e+01  -3.5000000e+01   1.7795756e+01
   1.2000000e+01   2.3731574e+01  -1.7505216e+02   3.0107511e+01  -3.4262219e+01  -3.5000000e+01   1.7308061e+01
   1.2000000e+01   2.2525819e+01  -1.7269130e+02   2.7067932e+01  -3.3785150e+01  -3.5000000e+01   1.7682252e+01
   1.2000000e+01   1.8289813e+01  -1.7054118e+02   2.2135466e+01  -3.3533140e+01  -3.5000000e+01   1.8222914e+01
   1.2000000e+01   1.7907065e+01  -1.6865283e+02   1.9409763e+01  -3.2073229e+01  -3.5000000e+01   1.9956091e+01
   1.2000000e+01   2.1406747e+01  -1.6731936e+02   2.0616306e+01  -3.0247542e+01  -3.5000000e+01   2.3210687e+01
   1.2000000e+01   2.3867760e+01  -1.6706914e+02   2.1168147e+01  -2.8102122e+01  -3.5000000e+01   2.6626604e+01
   1.2000000e+01   1.7392930e+01  -1.6458507e+02   1.3506050e+01  -2.8283597e+01  -3.5000000e+01   2.9241720e+01
   1.2000000e+01   1.9490570e+01  -1.6514000e+02   1.4380015e+01  -2.5396713e+01  -3.5000000e+01   3.1256438e+01
   1.2000000e+01   2.2489506e+01  -1.6475597e+02   1.6589942e+01  -2.3186071e+01  -3.5000000e+01   3.1768848e+01
   1.2000000e+01   2.2820692e+01  -1.6349819e+02   1.6140212e+01  -2.1418531e+01  -3.5000000e+01   3.2544509e+01
   1.2000000e+01   2.1816460e+01  -1.6255722e+02   1.4788861e+01  -1.9383239e+01  -3.5000000e+01   3.3624145e+01
   1.2000000e+01   2.0180016e+01  -1.6079387e+02   1.2486230e+01  -1.8471376e+01  -3.5000000e+01   3.3811556e+01
   1.2000000e+01   1.9851321e+01  -1.5969093e+02   1.2344671e+01  -1.7444613e+01  -3.5000000e+01   3.1462046e+01
   1.2000000e+01   1.9249082e+01  -1.5892740e+02   1.2211609e+01  -1.6575293e+01  -3.5000000e+01   3.1431706e+01
   1.2000000e+01   1.5958161e+01  -1.5717082e+02   9.2951173e+00  -1.5856140e+01  -3.5000000e+01   3.1815346e+01
   1.2000000e+01   1.8654845e+01  -1.5724151e+02   1.2087030e+01  -1.4027681e+01  -3.5000000e+01   2.9666612e+01
   1.2000000e+01   1.6459721e+01  -1.5538464e+02   1.0074365e+01  -1.3829165e+01  -3.5000000e+01   2.6329666e+01
   1.2000000e+01   1.4940082e+01  -1.5412854e+02   9.5496149e+00  -1.3310794e+01  -3.5000000e+01   2.5674719e+01
   1.2000000e+01   1.6165723e+01  -1.5349322e+02   1.1194262e+01  -1.1305747e+01  -3.5000000e+01   2.5270143e+01
   1.2000000e+01   1.7433533e+01  -1.5364218e+02   1.3592068e+01  -9.0547664e+00  -3.5000000e+01   2.3614252e+01
   1.2000000e+01   1.7878128e+01  -1.5375508e+02   1.5347163e+01  -7.2836872e+00  -3.5000000e+01   2.0360101e+01
   1.2000000e+01   1.8369257e+01  -1.5357216e+02   1.6845303e+01  -5.6976739e+00  -3.5000000e+01   1.8616376e+01
   1.2000000e+01   1.8923011e+01  -1.5349304e+02   1.8316117e+01  -4.0471108e+00  -3.5000000e+01   1.6214245e+01
   1.2000000e+01   1.9328171e+01  -1.5339800e+02   1.9971732e+01  -2.4269512e+00  -3.5000000e+01   1.4102244e+01
   1.2000000e+01   1.6882054e+01  -1.5306203e+02   1.8611751e+01  -2.2672008e+00  -3.5000000e+01   1.0957379e+01
   1.2000000e+01   1.8783012e+01  -1.5275806e+02   1.8952580e+01  -2.6341388e+00  -3.5000000e+01   7.8269493e+00
   1.2000000e+01   1.8938816e+01  -1.5452352e+02   1.4197502e+01  -5.4341554e+00  -3.5000000e+01   5.1886841e+00
   1.2000000e+01   2.1779932e+01  -1.5603208e+02   1.1303087e+01  -9.8191944e+00  -3.5000000e+01   6.1435589e+00
   1.2000000e+01   2.1941666e+01  -1.5649651e+02   7.2176658e+00  -1.7122621e+01  -3.5000000e+01   6.5563563e+00
   1.2000000e+01   2.2820063e+01  -1.5782831e+02   6.4618367e+00  -2.4625706e+01  -3.5000000e+01   2.0029442e+00
   1.2000000e+01   1.8830159e+01  -1.5693382e+02   3.1601327e+00  -3.2681267e+01  -3.5000000e+01   6.3717388e+00
   1.2000000e+01   1.4899787e+01  -1.5895823e+02   3.6443993e+00  -3.8619060e+01  -3.5000000e+01   8.8255754e+00
   1.2000000e+01   1.4984349e+01  -1.6292313e+02   8.4630576e+00  -4.2573667e+01  -3.5000000e+01   1.1304071e+01
   1.2000000e+01   1.4649489e+01  -1.6731032e+02   1.4016022e+01  -4.4830521e+01  -3.5000000e+01   1.1735209e+01
   1.2000000e+01   1.8316352e+01  -1.7396391e+02   2.2831801e+01  -4.3569511e+01  -3.5000000e+01   1.5499493e+01
   1.2000000e+01   2.1322609e+01  -1.7654015e+02   2.8587954e+01  -4.2220402e+01  -3.5000000e+01   1.5997477e+01
   1.2000000e+01   2.3158576e+01  -1.7446404e+02   2.8101834e+01  -4.1190365e+01  -3.5000000e+01   1.9259585e+01
   1.2000000e+01   2.0685457e+01  -1.7089708e+02   2.2785813e+01  -4.0428960e+01  -3.5000000e+01   2.2035225e+01
   1.2000000e+01   1.9181187e+01  -1.6950713e+02   1.7837124e+01  -3.8485479e+01  -3.5000000e+01   2.3485547e+01
   1.2000000e+01   1.8795186e+01  -1.6782711e+02   1.4829310e+01  -3.7100881e+01  -3.5000000e+01   2.8684925e+01
   1.2000000e+01   1.8638698e+01  -1.6631293e+02   1.2556973e+01  -3.4871510e+01  -3.5000000e+01   3.1278341e+01
   1.2000000e+01   1.7071315e+01  -1.6403044e+02   9.5356175e+00  -3.4230626e+01  -3.5000000e+01   3.3028741e+01
   1.2000000e+01   1.5393736e+01  -1.6198634e+02   6.5468289e+00  -3.3638346e+01  -3.5000000e+01   3.5391540e+01
   1.2000000e+01   1.6413601e+01  -1.6162415e+02   7.1887711e+00  -3.1401738e+01  -3.5000000e+01   3.7604970e+01
   1.2000000e+01   1.5633800e+01  -1.6019162e+02   4.7535180e+00  -3.0092478e+01  -3.5000000e+01   3.9483164e+01
   1.2000000e+01   1.4960038e+01  -1.5919322e+02   3.4458352e+00  -2.8757413e+01  -3.5000000e+01   4.0254872e+01
   1.2000000e+01   1.4640062e+01  -1.5753671e+02   1.8996816e+00  -2.7047054e+01  -3.5000000e+01   4.0852986e+01
   1.2000000e+01   1.4701627e+01  -1.5652522e+02   1.2433200e+00  -2.5138870e+01  -3.5000000e+01   4.1076284e+01
   1.2000000e+01   1.7260353e+01  -1.5580302e+02   2.8108237e+00  -2.2787701e+01  -3.5000000e+01   3.9284971e+01
   1.2000000e+01   2.0590514e+01  -1.5607738e+02   5.8567576e+00  -1.9645353e+01  -3.5000000e+01   3.9876733e+01
   1.2000000e+01   1.8912885e+01  -1.5577324e+02   6.5841248e+00  -1.8218911e+01  -3.5000000e+01   3.9534586e+01
   1.2000000e+01   2.0032944e+01  -1.5501930e+02   7.2979987e+00  -1.6721739e+01  -3.5000000e+01   3.7796653e+01
   1.2000000e+01   1.8743360e+01  -1.5450984e+02   6.4221249e+00  -1.5114432e+01  -3.5000000e+01   3.7547961e+01
   1.2000000e+01   1.9979839e+01  -1.5425270e+02   8.3385238e+00  -1.2630567e+01  -3.5000000e+01   3.6007257e+01
   1.2000000e+01   1.6847739e+01  -1.5307444e+02   5.9946572e+00  -1.1300377e+01  -3.5000000e+01   3.4149445e+01
   1.2000000e+01   1.8765905e+01  -1.5314867e+02   8.3947945e+00  -8.2346378e+00  -3.5000000e+01   3.3747732e+01
   1.2000000e+01   1.8555469e+01  -1.5260826e+02   9.1083136e+00  -5.2975728e+00  -3.5000000e+01   3.3138537e+01
   1.2000000e+01   1.9109681e+01  -1.5250727e+02   9.7670631e+00  -4.7226531e+00  -3.5000000e+01   2.9114715e+01
   1.2000000e+01   2.0471749e+01  -1.5267583e+02   1.1921209e+01  -2.8708381e+00  -3.5000000e+01   2.7609010e+01
   1.2000000e+01   2.1525913e+01  -1.5227839e+02   1.3731769e+01  -1.3678346e+00  -3.5000000e+01   2.5471610e+01
   1.2000000e+01   2.3521787e+01  -1.5234155e+02   1.6528989e+01   7.8209548e-01  -3.5000000e+01   2.3556063e+01
   1.2000000e+01   2.3020322e+01  -1.5188287e+02   1.7478155e+01   1.9809721e+00  -3.5000000e+01   2.2159757e+01
   1.2000000e+01   2.3329443e+01  -1.5161949e+02   1.7881889e+01   3.1757358e+00  -3.5000000e+01   2.0059156e+01
   1.2000000e+01   2.3056009e+01  -1.5216042e+02   1.6153357e+01   1.6465223e+00  -3.5000000e+01   1.7888240e+01
   1.2000000e+01   2.2659528e+01  -1.5495634e+02   1.3755631e+01  -3.6289599e+00  -3.5000000e+01   1.5372010e+01
   1.2000000e+01   2.1282348e+01  -1.5601332e+02   1.0917823e+01  -9.9310647e+00  -3.5000000e+01   1.2277622e+01
   1.2000000e+01   2.1466798e+01  -1.5641932e+02   9.8842425e+00  -1.6325412e+01  -3.5000000e+01   9.9387483e+00
   1.2000000e+01   2.2692172e+01  -1.5815269e+02   1.1977170e+01  -2.2504492e+01  -3.5000000e+01   1.3505627e+01
   1.2000000e+01   2.2545154e+01  -1.5943053e+02   1.3232335e+01  -2.8793917e+01  -3.5000000e+01   1.4882513e+01
   1.2000000e+01   2.1815770e+01  -1.6132191e+02   1.2776064e+01  -3.4543902e+01  -3.5000000e+01   1.5504854e+01
   1.2000000e+01   1.9088726e+01  -1.6520800e+02   1.4485637e+01  -3.8448555e+01  -3.5000000e+01   1.2873250e+01
   1.2000000e+01   1.7107654e+01  -1.6914664e+02   1.8880284e+01  -4.0952787e+01  -3.5000000e+01   1.1825239e+01
   1.2000000e+01   1.9073808e+01  -1.7581898e+02   2.7045517e+01  -4.0192941e+01  -3.5000000e+01   1.3463440e+01
   1.2000000e+01   2.2087464e+01  -1.7624013e+02   2.9884704e+01  -3.9412486e+01  -3.5000000e+01   1.5277488e+01
   1.2000000e+01   2.2507210e+01  -1.7462251e+02   2.7949525e+01  -3.7571749e+01  -3.5000000e+01   1.6627416e+01
   1.2000000e+01   2.0788214e+01  -1.7280032e+02   2.4802810e+01  -3.6392262e+01  -3.5000000e+01   1.6944351e+01
   1.2000000e+01   1.9075322e+01  -1.7007922e+02   2.0594659e+01  -3.5654397e+01  -3.5000000e+01   1.9007056e+01
   1.2000000e+01   2.0919034e+01  -1.6958571e+02   1.9521407e+01  -3.3274522e+01  -3.5000000e+01   2.1552922e+01
   1.2000000e+01   1.7941178e+01  -1.6743442e+02   1.5069118e+01  -3.2189491e+01  -3.5000000e+01   2.5558992e+01
   1.2000000e+01   1.6741547e+01  -1.6631359e+02   1.2616443e+01  -3.0822652e+01  -3.5000000e+01   2.6671570e+01
   1.2000000e+01   1.9558765e+01  -1.6540986e+02   1.4015910e+01  -2.8627922e+01  -3.5000000e+01   2.9587008e+01
   1.2000000e+01   1.9592389e+01  -1.6452191e+02   1.3537721e+01  -2.7042989e+01  -3.5000000e+01   3.2038517e+01
   1.2000000e+01   2.2332177e+01  -1.6425189e+02   1.5815154e+01  -2.5334624e+01  -3.5000000e+01   3.2291719e+01
   1.2000000e+01   2.6006230e+01  -1.6406613e+02   1.8745294e+01  -2.2674592e+01  -3.5000000e+01   3.2092838e+01
   1.2000000e+01   2.3109799e+01  -1.6248767e+02   1.5989981e+01  -2.1721162e+01  -3.5000000e+01   3.3755610e+01
   1.2000000e+01   2.2916980e+01  -1.6217648e+02   1.4693906e+01  -1.9490464e+01  -3.5000000e+01   3.3057421e+01
   1.2000000e+01   2.3670996e+01  -1.6057702e+02   1.5761522e+01  -1.8073558e+01  -3.5000000e+01   3.2392662e+01
   1.2000000e+01   2.2528114e+01  -1.5965691e+02   1.4696072e+01  -1.7232501e+01  -3.5000000e+01   3.1753059e+01
   1.2000000e+01   1.8425132e+01  -1.5725864e+02   1.1369439e+01  -1.7424363e+01  -3.5000000e+01   3.1881701e+01
   1.2000000e+01   1.7094190e+01  -1.5571290e+02   9.7043737e+00  -1.6425355e+01  -3.5000000e+01   3.1392694e+01
   1.2000000e+01   1.6512875e+01  -1.5378880e+02   8.7868067e+00  -1.5627203e+01  -3.5000000e+01   2.8771319e+01
   1.2000000e+01   1.8048524e+01  -1.5315246e+02   1.0579395e+01  -1.3283278e+01  -3.5000000e+01   2.6439159e+01
   1.2000000e+01   1.9123847e+01  -1.5296684e+02   1.2498092e+01  -1.1300217e+01  -3.5000000e+01   2.5435080e+01
   1.2000000e+01   1.9461733e+01  -1.5334095e+02   1.4248340e+01  -9.1630693e+00  -3.5000000e+01   2.3186642e+01
   1.2000000e+01   2.0398546e+01  -1.5293419e+02   1.5831416e+01  -7.0257569e+00  -3.5000000e+01   2.1499716e+01
   1.2000000e+01   2.0419671e+01  -1.5269172e+02   1.7292902e+01  -5.4455716e+00  -3.5000000e+01   1.8893508e+01
   1.2000000e+01   2.1803731e+01  -1.5265010e+02   1.9381229e+01  -2.7425452e+00  -3.5000000e+01   1.7024793e+01
   1.2000000e+01   2.1902201e+01  -1.5231124e+02   2.0683574e+01  -1.5363057e+00  -3.5000000e+01   1.4467929e+01
   1.2000000e+01   2.2416408e+01  -1.5196282e+02   2.1617303e+01  -1.1287024e-01  -3.5000000e+01   1.2578921e+01
   1.2000000e+01   2.3843664e+01  -1.5277470e+02   2.0505342e+01   1.9068123e-01  -3.5000000e+01   9.0649897e+00
   1.2000000e+01   2.5009248e+01  -1.5374499e+02   1.9284775e+01  -1.5739929e+00  -3.5000000e+01   6.1301746e+00
   1.2000000e+01   2.5719192e+01  -1.5578320e+02   1.7915203e+01  -5.4821320e+00  -3.5000000e+01   7.1323414e+00
   1.2000000e+01   2.4147416e+01  -1.5859459e+02   1.6290437e+01  -1.2372498e+01  -3.5000000e+01   4.6914669e+00
   1.2000000e+01   2.3865654e+01  -1.6008064e+02   1.5628894e+01  -1.9131373e+01  -3.5000000e+01   6.6836665e+00
   1.2000000e+01   1.9873344e+01  -1.6068254e+02   1.2284756e+01  -2.6548903e+01  -3.5000000e+01   1.0843790e+01
   1.2000000e+01   2.0797383e+01  -1.6353459e+02   1.3399184e+01  -3.2175747e+01  -3.5000000e+01   1.1054458e+01
   1.2000000e+01   2.1264001e+01  -1.6689696e+02   1.5756338e+01  -3.6244240e+01  -3.5000000e+01   1.0699745e+01
   1.2000000e+01   1.7375213e+01  -1.6763928e+02   1.4910277e+01  -4.0329931e+01  -3.5000000e+01   8.1258033e+00
   1.2000000e+01   1.7157158e+01  -1.7077599e+02   1.8509924e+01  -4.1110052e+01  -3.5000000e+01   7.6322768e+00
   1.2000000e+01   2.2584937e+01  -1.7542990e+02   2.7900516e+01  -3.9820305e+01  -3.5000000e+01   6.9091590e+00
   1.2000000e+01   2.3078117e+01  -1.7732292e+02   3.1500761e+01  -3.8453976e+01  -3.5000000e+01   1.2562129e+01
   1.2000000e+01   2.4606589e+01  -1.7594830e+02   3.0657983e+01  -3.6973668e+01  -3.5000000e+01   1.4149496e+01
   1.2000000e+01   2.3975514e+01  -1.7372365e+02   2.8874092e+01  -3.5870281e+01  -3.5000000e+01   1.5481268e+01
   1.2000000e+01   2.3856990e+01  -1.7215080e+02   2.6789146e+01  -3.4650552e+01  -3.5000000e+01   1.7786986e+01
   1.2000000e+01   2.4957133e+01  -1.7074432e+02   2.5294260e+01  -3.3124786e+01  -3.5000000e+01   1.9585593e+01
   1.2000000e+01   2.6039439e+01  -1.6982103e+02   2.4343363e+01  -3.0927433e+01  -3.5000000e+01   2.2715515e+01
   1.2000000e+01   2.4237674e+01  -1.6807738e+02   2.1332080e+01  -2.9701612e+01  -3.5000000e+01   2.5525003e+01
   1.2000000e+01   2.3414481e+01  -1.6684039e+02   1.9879270e+01  -2.8566741e+01  -3.5000000e+01   2.7612067e+01
   1.2000000e+01   2.3006667e+01  -1.6616239e+02   1.9605419e+01  -2.6839210e+01  -3.5000000e+01   2.8062186e+01
   1.2000000e+01   2.5368474e+01  -1.6573535e+02   2.1115988e+01  -2.4442323e+01  -3.5000000e+01   2.8619177e+01
   1.2000000e+01   2.4889736e+01  -1.6510917e+02   2.0597289e+01  -2.3492818e+01  -3.5000000e+01   2.9195234e+01
   1.2000000e+01   2.4883932e+01  -1.6400329e+02   1.9805220e+01  -2.2061784e+01  -3.5000000e+01   2.9017068e+01
   1.2000000e+01   2.3909306e+01  -1.6235149e+02   1.8267897e+01  -2.1301880e+01  -3.5000000e+01   2.9290388e+01
   1.2000000e+01   2.1596739e+01  -1.6097718e+02   1.5718482e+01  -2.0397489e+01  -3.5000000e+01   3.0107641e+01
   1.2000000e+01   2.1962469e+01  -1.6057740e+02   1.5950251e+01  -1.8958617e+01  -3.5000000e+01   2.8523089e+01
   1.2000000e+01   2.4724042e+01  -1.6037274e+02   1.8612752e+01  -1.6655258e+01  -3.5000000e+01   2.8272981e+01
   1.2000000e+01   2.2552363e+01  -1.5956925e+02   1.7043374e+01  -1.5522941e+01  -3.5000000e+01   2.8070897e+01
   1.2000000e+01   1.8519210e+01  -1.5678245e+02   1.2733242e+01  -1.5295047e+01  -3.5000000e+01   2.9336827e+01
   1.2000000e+01   1.7760713e+01  -1.5598698e+02   1.2505242e+01  -1.4228041e+01  -3.5000000e+01   2.7849306e+01
   1.2000000e+01   1.7621351e+01  -1.5529862e+02   1.2076314e+01  -1.3390791e+01  -3.5000000e+01   2.4775592e+01
   1.2000000e+01   1.8047047e+01  -1.5413253e+02   1.2964842e+01  -1.1387569e+01  -3.5000000e+01   2.4447228e+01
   1.2000000e+01   1.9800335e+01  -1.5425983e+02   1.5430111e+01  -9.7508700e+00  -3.5000000e+01   2.1758210e+01
   1.2000000e+01   1.8246336e+01  -1.5368068e+02   1.5085428e+01  -8.5806865e+00  -3.5000000e+01   2.0336544e+01
   1.2000000e+01   2.0090064e+01  -1.5330507e+02   1.7486915e+01  -7.0177884e+00  -3.5000000e+01   1.9266456e+01
   1.2000000e+01   2.0637916e+01  -1.5331785e+02   1.8387793e+01  -5.0886501e+00  -3.5000000e+01   1.8670298e+01
   1.2000000e+01   2.3503757e+01  -1.5330378e+02   2.0958803e+01  -2.4218758e+00  -3.5000000e+01   1.7791755e+01
   1.2000000e+01   2.4505069e+01  -1.5288670e+02   2.2562427e+01  -8.8666323e-01  -3.5000000e+01   1.5270390e+01
   1.2000000e+01   2.4397916e+01  -1.5299259e+02   2.2408259e+01   1.1212041e-01  -3.5000000e+01   1.3959061e+01
   1.2000000e+01   2.4017438e+01  -1.5334895e+02   2.1011092e+01  -1.3137174e+00  -3.5000000e+01   1.2453192e+01
   1.2000000e+01   2.3768184e+01  -1.5611141e+02   1.8139644e+01  -7.0039912e+00  -3.5000000e+01   1.0824693e+01
   1.2000000e+01   2.3789514e+01  -1.5801300e+02   1.6183194e+01  -1.2963480e+01  -3.5000000e+01   8.3531607e+00
   1.2000000e+01   2.4004502e+01  -1.5975432e+02   1.5882339e+01  -1.9564470e+01  -3.5000000e+01   1.4373041e+01
   1.2000000e+01   2.3550862e+01  -1.6112118e+02   1.6382011e+01  -2.5859000e+01  -3.5000000e+01   1.9186585e+01
   1.2000000e+01   2.0352354e+01  -1.6226333e+02   1.5424563e+01  -3.2459467e+01  -3.5000000e+01   2.1587669e+01
   1.2000000e+01   1.8307154e+01  -1.6672181e+02   1.8562438e+01  -3.6336830e+01  -3.5000000e+01   2.2355904e+01
   1.2000000e+01   1.9542929e+01  -1.6985790e+02   2.1854816e+01  -3.7086433e+01  -3.5000000e+01   2.1804911e+01
   1.2000000e+01   1.9752113e+01  -1.6932837e+02   2.0823359e+01  -3.5971031e+01  -3.5000000e+01   2.2494344e+01
   1.2000000e+01   1.9255780e+01  -1.6808985e+02   1.8429183e+01  -3.4707627e+01  -3.5000000e+01   2.4318174e+01
   1.2000000e+01   1.8617363e+01  -1.6812193e+02   1.6565960e+01  -3.3278005e+01  -3.5000000e+01   2.5961803e+01
   1.2000000e+01   1.9433047e+01  -1.6704253e+02   1.5888035e+01  -3.1897223e+01  -3.5000000e+01   2.8649066e+01
   1.2000000e+01   1.9502014e+01  -1.6600229e+02   1.4712287e+01  -3.0455155e+01  -3.5000000e+01   3.0295644e+01
   1.2000000e+01   1.8263910e+01  -1.6433412e+02   1.2757753e+01  -2.9198772e+01  -3.5000000e+01   3.1589399e+01
   1.2000000e+01   1.8968917e+01  -1.6389458e+02   1.3020682e+01  -2.6669518e+01  -3.5000000e+01   3.3094541e+01
   1.2000000e+01   1.7891296e+01  -1.6287668e+02   1.1309813e+01  -2.4946343e+01  -3.5000000e+01   3.3139171e+01
   1.2000000e+01   1.7878347e+01  -1.6285386e+02   1.0138743e+01  -2.2469687e+01  -3.5000000e+01   3.2575119e+01
   1.2000000e+01   1.8191140e+01  -1.6251442e+02   9.7622656e+00  -1.9732282e+01  -3.5000000e+01   3.2974182e+01
   1.2000000e+01   2.0481677e+01  -1.6251019e+02   1.2292672e+01  -1.7473260e+01  -3.5000000e+01   3.2626251e+01
   1.2000000e+01   2.1170211e+01  -1.6180891e+02   1.3891148e+01  -1.6204585e+01  -3.5000000e+01   3.0390353e+01
   1.2000000e+01   2.3881060e+01  -1.6201598e+02   1.6748427e+01  -1.4185219e+01  -3.5000000e+01   2.9970961e+01
   1.2000000e+01   2.2782350e+01  -1.6122548e+02   1.6298751e+01  -1.2888655e+01  -3.5000000e+01   2.9088048e+01
   1.2000000e+01   1.9045671e+01  -1.5924385e+02   1.2767744e+01  -1.3134683e+01  -3.5000000e+01   2.8263170e+01
   1.2000000e+01   1.7694133e+01  -1.5818309e+02   1.1790543e+01  -1.2554355e+01  -3.5000000e+01   2.7217504e+01
   1.2000000e+01   1.8788227e+01  -1.5777009e+02   1.3292434e+01  -1.1131090e+01  -3.5000000e+01   2.5233162e+01
   1.2000000e+01   1.7314786e+01  -1.5626320e+02   1.2579224e+01  -1.0310759e+01  -3.5000000e+01   2.5205679e+01
   1.2000000e+01   1.4256399e+01  -1.5444097e+02   1.0057410e+01  -1.0232339e+01  -3.5000000e+01   2.2838150e+01
   1.2000000e+01   1.5441934e+01  -1.5383759e+02   1.2020362e+01  -9.1503148e+00  -3.5000000e+01   1.8470146e+01
   1.2000000e+01   1.6680527e+01  -1.5374714e+02   1.4431451e+01  -7.0558725e+00  -3.5000000e+01   1.6297659e+01
   1.2000000e+01   1.6468957e+01  -1.5310529e+02   1.6684227e+01  -5.6763844e+00  -3.5000000e+01   1.6705975e+01
   1.2000000e+01   1.9064522e+01  -1.5262952e+02   1.9605999e+01  -3.3032597e+00  -3.5000000e+01   1.4850578e+01
   1.2000000e+01   2.1700815e+01  -1.5324838e+02   2.3377276e+01  -4.6904833e-01  -3.5000000e+01   1.1851652e+01
   1.2000000e+01   2.1835938e+01  -1.5329258e+02   2.5207014e+01   1.8622486e+00  -3.5000000e+01   9.7166390e+00
   1.2000000e+01   2.0143486e+01  -1.5280967e+02   2.4904551e+01   2.7181799e+00  -3.5000000e+01   7.5967505e+00
   1.2000000e+01   1.8185839e+01  -1.5164310e+02   2.3505716e+01   2.6283238e+00  -3.5000000e+01   5.5940036e+00
   1.2000000e+01   2.0194301e+01  -1.5163714e+02   2.3799893e+01   2.9544248e+00  -3.5000000e+01   2.2200641e+00
   1.2000000e+01   2.2048422e+01  -1.5377352e+02   2.1446248e+01   8.0768538e-02  -3.5000000e+01  -1.5191412e+00
   1.2000000e+01   2.3082613e+01  -1.5553706e+02   1.5443490e+01  -3.7701027e+00  -3.5000000e+01  -1.3358831e+00
   1.2000000e+01   2.3137130e+01  -1.5627819e+02   1.2104187e+01  -8.8719917e+00  -3.5000000e+01   3.5912409e+00
   1.2000000e+01   2.0832568e+01  -1.5701677e+02   9.3017365e+00  -1.5176945e+01  -3.5000000e+01   9.7635532e+00
   1.2000000e+01   1.8209999e+01  -1.5698614e+02   6.7034211e+00  -2.2559746e+01  -3.5000000e+01   1.6770803e+01
   1.2000000e+01   1.8492862e+01  -1.5932450e+02   8.4891188e+00  -2.8756717e+01  -3.5000000e+01   2.1685941e+01
   1.2000000e+01   1.8622675e+01  -1.6064463e+02   9.0624249e+00  -3.3821856e+01  -3.5000000e+01   1.9543469e+01
   1.2000000e+01   1.7266882e+01  -1.6152506e+02   7.3098006e+00  -3.8820658e+01  -3.5000000e+01   1.9780206e+01
   1.2000000e+01   1.6839912e+01  -1.6239419e+02   7.7557402e+00  -4.1799587e+01  -3.5000000e+01   2.1224830e+01
   1.2000000e+01   1.8141532e+01  -1.6519804e+02   1.1278559e+01  -4.2108097e+01  -3.5000000e+01   2.2104461e+01
   1.2000000e+01   1.8917092e+01  -1.6851947e+02   1.6161232e+01  -4.0094776e+01  -3.5000000e+01   2.3613912e+01
   1.2000000e+01   2.2955136e+01  -1.7146367e+02   2.3796375e+01  -3.6873057e+01  -3.5000000e+01   2.1264548e+01
   1.2000000e+01   2.5791122e+01  -1.7095617e+02   2.3926976e+01  -3.6391892e+01  -3.5000000e+01   2.3655070e+01
   1.2000000e+01   2.1391687e+01  -1.6882571e+02   1.7770003e+01  -3.6436664e+01  -3.5000000e+01   2.6735064e+01
   1.2000000e+01   2.0741944e+01  -1.6808353e+02   1.5622853e+01  -3.4762425e+01  -3.5000000e+01   2.9056093e+01
   1.2000000e+01   2.1791316e+01  -1.6677139e+02   1.4629925e+01  -3.3296645e+01  -3.5000000e+01   3.2187325e+01
   1.2000000e+01   2.3880817e+01  -1.6617819e+02   1.5451779e+01  -3.1320341e+01  -3.5000000e+01   3.3296588e+01
   1.2000000e+01   1.9008697e+01  -1.6367045e+02   9.5497761e+00  -3.0994808e+01  -3.5000000e+01   3.5125463e+01
   1.2000000e+01   1.5580860e+01  -1.6219213e+02   5.5049688e+00  -3.0048173e+01  -3.5000000e+01   3.6457276e+01
   1.2000000e+01   1.6450031e+01  -1.6202463e+02   6.7618407e+00  -2.8141263e+01  -3.5000000e+01   3.7296156e+01
   1.2000000e+01   1.8238343e+01  -1.6190696e+02   7.9674778e+00  -2.6042725e+01  -3.5000000e+01   3.7865903e+01
   1.2000000e+01   1.9238176e+01  -1.6127638e+02   8.8415134e+00  -2.4206440e+01  -3.5000000e+01   3.8279673e+01
   1.2000000e+01   1.9334235e+01  -1.6118828e+02   8.1213229e+00  -2.2063262e+01  -3.5000000e+01   3.8230169e+01
   1.2000000e+01   1.9639296e+01  -1.6034598e+02   7.8335938e+00  -2.0144798e+01  -3.5000000e+01   3.8726561e+01
   1.2000000e+01   2.0308284e+01  -1.5947342e+02   9.0023950e+00  -1.9082444e+01  -3.5000000e+01   3.9039996e+01
   1.2000000e+01   2.1380012e+01  -1.5882664e+02   9.9935270e+00  -1.7993341e+01  -3.5000000e+01   3.6901388e+01
   1.2000000e+01   2.3269022e+01  -1.5854486e+02   1.2131267e+01  -1.6024971e+01  -3.5000000e+01   3.6123704e+01
   1.2000000e+01   2.3314728e+01  -1.5793549e+02   1.3000134e+01  -1.4977243e+01  -3.5000000e+01   3.5011655e+01
   1.2000000e+01   2.0622545e+01  -1.5702475e+02   1.0822921e+01  -1.4417267e+01  -3.5000000e+01   3.5067618e+01
   1.2000000e+01   1.8006254e+01  -1.5638995e+02   9.3470314e+00  -1.3611641e+01  -3.5000000e+01   3.4171679e+01
   1.2000000e+01   1.6415315e+01  -1.5548763e+02   7.8339957e+00  -1.2761285e+01  -3.5000000e+01   3.1413826e+01
   1.2000000e+01   1.5689983e+01  -1.5379975e+02   7.4759505e+00  -1.1686444e+01  -3.5000000e+01   2.9532221e+01
   1.2000000e+01   1.6852796e+01  -1.5278389e+02   9.0054469e+00  -9.9714581e+00  -3.5000000e+01   2.8198682e+01
   1.2000000e+01   1.7368499e+01  -1.5288630e+02   1.0063419e+01  -7.6966999e+00  -3.5000000e+01   2.7821694e+01
   1.2000000e+01   1.9305945e+01  -1.5281727e+02   1.2109933e+01  -6.0997459e+00  -3.5000000e+01   2.4363473e+01
   1.2000000e+01   2.0829135e+01  -1.5272629e+02   1.4260435e+01  -4.3390889e+00  -3.5000000e+01   2.2401737e+01
   1.2000000e+01   2.2421059e+01  -1.5316360e+02   1.7189658e+01  -1.9204202e+00  -3.5000000e+01   2.2112096e+01
   1.2000000e+01   2.2674331e+01  -1.5278610e+02   1.8278512e+01  -1.9180251e-01  -3.5000000e+01   1.9849266e+01
   1.2000000e+01   2.3101975e+01  -1.5237049e+02   1.9410186e+01   1.3849858e+00  -3.5000000e+01   1.8638969e+01
   1.2000000e+01   2.3843469e+01  -1.5205739e+02   2.0457886e+01   2.7311418e+00  -3.5000000e+01   1.8747909e+01
   1.2000000e+01   2.4385215e+01  -1.5188422e+02   2.1111847e+01   3.4531307e+00  -3.5000000e+01   1.6551788e+01
   1.2000000e+01   2.5853431e+01  -1.5309345e+02   2.0762078e+01   2.1618150e+00  -3.5000000e+01   1.3726592e+01
   1.2000000e+01   2.7838722e+01  -1.5570238e+02   1.6098764e+01  -1.7048712e+00  -3.5000000e+01   1.0723507e+01
   1.2000000e+01   2.6016578e+01  -1.5681385e+02   1.0260018e+01  -8.8417125e+00  -3.5000000e+01   1.2033989e+01
   1.2000000e+01   2.1874408e+01  -1.5701651e+02   5.8050511e+00  -1.6726261e+01  -3.5000000e+01   1.6252229e+01
   1.2000000e+01   2.1186101e+01  -1.5836421e+02   6.2884500e+00  -2.4464912e+01  -3.5000000e+01   2.1917900e+01
   1.2000000e+01   2.0138568e+01  -1.6006392e+02   9.5801324e+00  -3.1245966e+01  -3.5000000e+01   2.3857704e+01
   1.2000000e+01   2.1429763e+01  -1.6219048e+02   1.4094135e+01  -3.5397717e+01  -3.5000000e+01   2.3008240e+01
   1.2000000e+01   1.7742731e+01  -1.6606306e+02   1.7306793e+01  -3.9313755e+01  -3.5000000e+01   2.2339396e+01
   1.2000000e+01   2.0981149e+01  -1.7133764e+02   2.5382484e+01  -3.7793733e+01  -3.5000000e+01   1.9504403e+01
   1.2000000e+01   2.0933241e+01  -1.7108096e+02   2.4597632e+01  -3.7004883e+01  -3.5000000e+01   2.0164809e+01
   1.2000000e+01   2.2694655e+01  -1.6987266e+02   2.5086656e+01  -3.6552445e+01  -3.5000000e+01   2.0069569e+01
   1.2000000e+01   2.2878265e+01  -1.6925626e+02   2.3121458e+01  -3.5804268e+01  -3.5000000e+01   2.1932495e+01
   1.2000000e+01   2.1968399e+01  -1.6876088e+02   2.1115602e+01  -3.4186338e+01  -3.5000000e+01   2.4508475e+01
   1.2000000e+01   2.0562084e+01  -1.6764554e+02   1.8144334e+01  -3.2385234e+01  -3.5000000e+01   2.7276579e+01
   1.2000000e+01   2.1848756e+01  -1.6699352e+02   1.7948288e+01  -3.0073798e+01  -3.5000000e+01   2.7218437e+01
   1.2000000e+01   2.3399482e+01  -1.6549642e+02   1.7791096e+01  -2.8147365e+01  -3.5000000e+01   3.0039251e+01
   1.2000000e+01   2.5212678e+01  -1.6498794e+02   1.8094138e+01  -2.5452791e+01  -3.5000000e+01   3.2068953e+01
   1.2000000e+01   2.2157705e+01  -1.6348618e+02   1.4031356e+01  -2.4561515e+01  -3.5000000e+01   3.2455647e+01
   1.2000000e+01   1.8958537e+01  -1.6257242e+02   1.0453987e+01  -2.3296748e+01  -3.5000000e+01   3.2775451e+01
   1.2000000e+01   1.9304922e+01  -1.6208564e+02   1.0145784e+01  -2.0730461e+01  -3.5000000e+01   3.2895505e+01
   1.2000000e+01   2.1466946e+01  -1.6248744e+02   1.2039296e+01  -1.8213001e+01  -3.5000000e+01   3.2880841e+01
   1.2000000e+01   2.4417697e+01  -1.6293383e+02   1.5195996e+01  -1.5834983e+01  -3.5000000e+01   3.2133013e+01
   1.2000000e+01   2.7362319e+01  -1.6365868e+02   1.8957809e+01  -1.4145689e+01  -3.5000000e+01   3.1257987e+01
   1.2000000e+01   2.7044235e+01  -1.6361004e+02   1.9687455e+01  -1.3958311e+01  -3.5000000e+01   3.0288186e+01
   1.2000000e+01   2.7958483e+01  -1.6217971e+02   2.1173142e+01  -1.3477128e+01  -3.5000000e+01   2.8980566e+01
   1.2000000e+01   2.4194459e+01  -1.6057027e+02   1.8269171e+01  -1.3228231e+01  -3.5000000e+01   2.8055145e+01
   1.2000000e+01   2.4241299e+01  -1.6053407e+02   1.8032686e+01  -1.2618816e+01  -3.5000000e+01   2.6457979e+01
   1.2000000e+01   2.0012531e+01  -1.5877097e+02   1.4440426e+01  -1.2254917e+01  -3.5000000e+01   2.5512477e+01
   1.2000000e+01   1.8220570e+01  -1.5719356e+02   1.3263507e+01  -1.1901765e+01  -3.5000000e+01   2.2907192e+01
   1.2000000e+01   1.7449542e+01  -1.5618314e+02   1.3335028e+01  -1.0683454e+01  -3.5000000e+01   2.1064914e+01
   1.2000000e+01   1.4591129e+01  -1.5404553e+02   1.2091212e+01  -1.1016797e+01  -3.5000000e+01   1.9017602e+01
   1.2000000e+01   1.6391278e+01  -1.5319832e+02   1.4243252e+01  -8.8891510e+00  -3.5000000e+01   1.8071515e+01
   1.2000000e+01   1.6047043e+01  -1.5265438e+02   1.5444328e+01  -7.3419643e+00  -3.5000000e+01   1.6714203e+01
   1.2000000e+01   1.6520531e+01  -1.5266176e+02   1.6976291e+01  -5.2694400e+00  -3.5000000e+01   1.4427312e+01
   1.2000000e+01   1.7648807e+01  -1.5301580e+02   1.9853455e+01  -3.1692731e+00  -3.5000000e+01   1.1832864e+01
   1.2000000e+01   1.8302204e+01  -1.5304160e+02   2.1921763e+01  -1.3304887e+00  -3.5000000e+01   9.7858629e+00
   1.2000000e+01   2.1704689e+01  -1.5349088e+02   2.5097744e+01   1.5951607e+00  -3.5000000e+01   8.3981816e+00
   1.2000000e+01   2.3568900e+01  -1.5347309e+02   2.4031475e+01   2.3646358e+00  -3.5000000e+01   4.8185440e+00
   1.2000000e+01   2.2999195e+01  -1.5546669e+02   1.7792555e+01  -1.6440332e+00  -3.5000000e+01   1.4457987e+00
   1.2000000e+01   2.3026798e+01  -1.5640204e+02   1.2756073e+01  -7.2383839e+00  -3.5000000e+01   2.0241134e-01
   1.2000000e+01   2.3279858e+01  -1.5726168e+02   1.1871255e+01  -1.3084131e+01  -3.5000000e+01   1.1082750e+00
   1.2000000e+01   2.1641901e+01  -1.5839356e+02   1.0956992e+01  -2.0391804e+01  -3.5000000e+01   5.1627737e+00
   1.2000000e+01   2.4149551e+01  -1.5982741e+02   1.4776849e+01  -2.5894581e+01  -3.5000000e+01   9.5814943e+00
   1.2000000e+01   2.2247914e+01  -1.6128572e+02   1.4656215e+01  -3.2066193e+01  -3.5000000e+01   1.0777367e+01
   1.2000000e+01   1.9055554e+01  -1.6531033e+02   1.4674359e+01  -3.7409990e+01  -3.5000000e+01   1.0128846e+01
   1.2000000e+01   1.7228206e+01  -1.6815824e+02   1.6780495e+01  -4.1317473e+01  -3.5000000e+01   7.8235402e+00
   1.2000000e+01   1.8839061e+01  -1.7218420e+02   2.1361746e+01  -4.3431046e+01  -3.5000000e+01   5.0780722e+00
   1.2000000e+01   2.3039461e+01  -1.7806731e+02   2.9654843e+01  -4.3859890e+01  -3.5000000e+01   6.0435779e+00
   1.2000000e+01   1.8755473e+01  -1.7936856e+02   2.8588494e+01  -4.3259635e+01  -3.5000000e+01   9.0340131e+00
   1.2000000e+01   1.6574229e+01  -1.7854261e+02   2.6702695e+01  -4.1752091e+01  -3.5000000e+01   1.3065919e+01
   1.2000000e+01   2.0535798e+01  -1.7716146e+02   2.8548413e+01  -4.0584520e+01  -3.5000000e+01   1.4002513e+01
   1.2000000e+01   2.3389339e+01  -1.7504143e+02   2.8565837e+01  -3.9064172e+01  -3.5000000e+01   1.6488311e+01
   1.2000000e+01   2.4445579e+01  -1.7338195e+02   2.6946062e+01  -3.7207377e+01  -3.5000000e+01   1.9284556e+01
   1.2000000e+01   2.6178157e+01  -1.7116518e+02   2.4739874e+01  -3.5880874e+01  -3.5000000e+01   2.3322657e+01
   1.2000000e+01   2.2218665e+01  -1.6910855e+02   1.8678352e+01  -3.5148279e+01  -3.5000000e+01   2.8451688e+01
   1.2000000e+01   2.1023263e+01  -1.6752309e+02   1.5814227e+01  -3.3946521e+01  -3.5000000e+01   3.0506504e+01
   1.2000000e+01   1.9000101e+01  -1.6514351e+02   1.2185376e+01  -3.3477939e+01  -3.5000000e+01   3.2539661e+01
   1.2000000e+01   1.9699224e+01  -1.6365371e+02   1.2785170e+01  -3.1691376e+01  -3.5000000e+01   3.3854239e+01
   1.2000000e+01   2.1627132e+01  -1.6354838e+02   1.4045567e+01  -3.0213169e+01  -3.5000000e+01   3.4404815e+01
   1.2000000e+01   2.0457439e+01  -1.6319676e+02   1.2276735e+01  -2.9332858e+01  -3.5000000e+01   3.4530938e+01
   1.2000000e+01   2.1328756e+01  -1.6383746e+02   1.2578202e+01  -2.7607514e+01  -3.5000000e+01   3.4375069e+01
   1.2000000e+01   2.4116647e+01  -1.6340275e+02   1.5388229e+01  -2.6222143e+01  -3.5000000e+01   3.5296866e+01
   1.2000000e+01   2.3507291e+01  -1.6244280e+02   1.5373644e+01  -2.5748516e+01  -3.5000000e+01   3.6007156e+01
   1.2000000e+01   2.3130996e+01  -1.6116752e+02   1.5087973e+01  -2.5013681e+01  -3.5000000e+01   3.5374752e+01
   1.2000000e+01   2.3921545e+01  -1.6077804e+02   1.5089918e+01  -2.3006588e+01  -3.5000000e+01   3.5949468e+01
   1.2000000e+01   2.3527327e+01  -1.6116012e+02   1.4660258e+01  -2.1156638e+01  -3.5000000e+01   3.5202163e+01
   1.2000000e+01   2.1154325e+01  -1.5869703e+02   1.2765630e+01  -2.0939137e+01  -3.5000000e+01   3.5335318e+01
   1.2000000e+01   2.1898486e+01  -1.5866585e+02   1.3604128e+01  -1.8619876e+01  -3.5000000e+01   3.3920073e+01
   1.2000000e+01   1.7471324e+01  -1.5552781e+02   9.8388947e+00  -1.9628930e+01  -3.5000000e+01   3.2495480e+01
   1.2000000e+01   1.5375672e+01  -1.5430664e+02   7.6603455e+00  -1.9584003e+01  -3.5000000e+01   3.2528045e+01
   1.2000000e+01   1.4632618e+01  -1.5315469e+02   7.3062872e+00  -1.8790282e+01  -3.5000000e+01   3.0390583e+01
   1.2000000e+01   1.4312708e+01  -1.5267423e+02   7.5115755e+00  -1.6931854e+01  -3.5000000e+01   2.8209030e+01
   1.2000000e+01   1.6707545e+01  -1.5299973e+02   1.0142058e+01  -1.4614234e+01  -3.5000000e+01   2.5923032e+01
   1.2000000e+01   1.7493910e+01  -1.5253396e+02   1.1450806e+01  -1.2543308e+01  -3.5000000e+01   2.5841221e+01
   1.2000000e+01   2.0052680e+01  -1.5279947e+02   1.3530869e+01  -9.9994405e+00  -3.5000000e+01   2.3824181e+01
   1.2000000e+01   2.1194164e+01  -1.5331679e+02   1.5452041e+01  -7.0404001e+00  -3.5000000e+01   2.3179027e+01
   1.2000000e+01   2.3299477e+01  -1.5407227e+02   1.7972538e+01  -4.3849249e+00  -3.5000000e+01   2.2998892e+01
   1.2000000e+01   2.5173850e+01  -1.5448778e+02   2.0407413e+01  -2.3443871e+00  -3.5000000e+01   2.1226404e+01
   1.2000000e+01   2.4274394e+01  -1.5395233e+02   2.0119805e+01  -1.3330347e+00  -3.5000000e+01   1.9992003e+01
   1.2000000e+01   2.4160169e+01  -1.5359583e+02   1.9939595e+01  -1.0952715e+00  -3.5000000e+01   1.8266015e+01
   1.2000000e+01   2.4459992e+01  -1.5472179e+02   1.8135551e+01  -3.3744507e+00  -3.5000000e+01   1.6063039e+01
   1.2000000e+01   2.4758383e+01  -1.5635161e+02   1.5854190e+01  -6.7676861e+00  -3.5000000e+01   1.3669049e+01
   1.2000000e+01   2.3646367e+01  -1.5802408e+02   1.4755470e+01  -1.2711206e+01  -3.5000000e+01   1.7506192e+01
   1.2000000e+01   2.3700830e+01  -1.5911197e+02   1.4637360e+01  -1.9339888e+01  -3.5000000e+01   2.2680580e+01
   1.2000000e+01   2.3486638e+01  -1.6091764e+02   1.5201537e+01  -2.6436436e+01  -3.5000000e+01   2.4532429e+01
   1.2000000e+01   2.3687556e+01  -1.6234081e+02   1.6037558e+01  -3.2267734e+01  -3.5000000e+01   2.6029473e+01
   1.2000000e+01   2.1744350e+01  -1.6378645e+02   1.6365916e+01  -3.6169758e+01  -3.5000000e+01   2.4534424e+01
   1.2000000e+01   2.1531479e+01  -1.6709811e+02   1.8716104e+01  -3.8107198e+01  -3.5000000e+01   2.3122136e+01
   1.2000000e+01   2.1266654e+01  -1.6941849e+02   2.1655763e+01  -3.8491365e+01  -3.5000000e+01   2.1423703e+01
   1.2000000e+01   2.1010016e+01  -1.7151616e+02   2.3933914e+01  -3.7900197e+01  -3.5000000e+01   2.0033650e+01
   1.2000000e+01   2.1420941e+01  -1.7187856e+02   2.4739481e+01  -3.7793262e+01  -3.5000000e+01   1.9750040e+01
   1.2000000e+01   2.0123301e+01  -1.7008088e+02   2.1123575e+01  -3.8338742e+01  -3.5000000e+01   2.3091640e+01
   1.2000000e+01   2.1936293e+01  -1.6937197e+02   2.0830786e+01  -3.7338173e+01  -3.5000000e+01   2.4401407e+01
   1.2000000e+01   2.1660516e+01  -1.6849325e+02   1.8480969e+01  -3.5608690e+01  -3.5000000e+01   2.5986175e+01
   1.2000000e+01   2.3082851e+01  -1.6837925e+02   1.8736202e+01  -3.3681343e+01  -3.5000000e+01   2.7949677e+01
   1.2000000e+01   2.1513050e+01  -1.6722024e+02   1.5959725e+01  -3.2557034e+01  -3.5000000e+01   2.9961796e+01
   1.2000000e+01   2.2258664e+01  -1.6651543e+02   1.5600384e+01  -3.0715013e+01  -3.5000000e+01   2.8008606e+01
   1.2000000e+01   2.1765873e+01  -1.6503277e+02   1.3893948e+01  -2.9844616e+01  -3.5000000e+01   3.2655891e+01
   1.2000000e+01   1.9074770e+01  -1.6384340e+02   1.0225091e+01  -2.9282067e+01  -3.5000000e+01   3.4923286e+01
   1.2000000e+01   1.5667863e+01  -1.6210045e+02   6.0859952e+00  -2.8975108e+01  -3.5000000e+01   3.6301790e+01
   1.2000000e+01   1.5214385e+01  -1.6192235e+02   5.2499884e+00  -2.7485073e+01  -3.5000000e+01   3.7409645e+01
   1.2000000e+01   1.4899642e+01  -1.6149205e+02   4.5095836e+00  -2.5901349e+01  -3.5000000e+01   3.7373213e+01
   1.2000000e+01   1.8287008e+01  -1.6200344e+02   7.3547733e+00  -2.3183977e+01  -3.5000000e+01   3.6821560e+01
   1.2000000e+01   1.7026925e+01  -1.6077698e+02   6.1933471e+00  -2.2567786e+01  -3.5000000e+01   3.6918964e+01
   1.2000000e+01   2.0196432e+01  -1.6135693e+02   9.4349729e+00  -1.9434334e+01  -3.5000000e+01   3.6464724e+01
   1.2000000e+01   2.4662466e+01  -1.6225389e+02   1.4031544e+01  -1.6883447e+01  -3.5000000e+01   3.5983180e+01
   1.2000000e+01   2.5657989e+01  -1.6235876e+02   1.5620781e+01  -1.5215512e+01  -3.5000000e+01   3.6411831e+01
   1.2000000e+01   2.4216285e+01  -1.6060361e+02   1.4420713e+01  -1.4622917e+01  -3.5000000e+01   3.6280237e+01
   1.2000000e+01   2.2131154e+01  -1.5945206e+02   1.3107017e+01  -1.4441294e+01  -3.5000000e+01   3.4994949e+01
   1.2000000e+01   2.1882512e+01  -1.5947065e+02   1.2743140e+01  -1.3159672e+01  -3.5000000e+01   3.3440890e+01
   1.2000000e+01   1.9908468e+01  -1.5867993e+02   1.1304024e+01  -1.2386795e+01  -3.5000000e+01   3.2866924e+01
   1.2000000e+01   1.8788331e+01  -1.5781910e+02   1.0822264e+01  -1.1351483e+01  -3.5000000e+01   3.0659880e+01
   1.2000000e+01   1.5935204e+01  -1.5577257e+02   8.7670254e+00  -1.0684777e+01  -3.5000000e+01   2.9642044e+01
   1.2000000e+01   1.6405619e+01  -1.5464419e+02   9.6054209e+00  -9.8709605e+00  -3.5000000e+01   2.8069865e+01
   1.2000000e+01   1.5915360e+01  -1.5360167e+02   1.0080287e+01  -8.7099206e+00  -3.5000000e+01   2.5538851e+01
   1.2000000e+01   1.5816176e+01  -1.5251816e+02   1.1488937e+01  -7.3062889e+00  -3.5000000e+01   2.2820512e+01
   1.2000000e+01   1.7306325e+01  -1.5247024e+02   1.4289880e+01  -5.0987499e+00  -3.5000000e+01   2.0176835e+01
   1.2000000e+01   1.8591834e+01  -1.5225693e+02   1.6726773e+01  -2.4472261e+00  -3.5000000e+01   1.7229159e+01
   1.2000000e+01   1.9849475e+01  -1.5229012e+02   1.9018016e+01   1.3464302e-02  -3.5000000e+01   1.4531876e+01
   1.2000000e+01   2.0849376e+01  -1.5226165e+02   2.1656667e+01   2.4450672e+00  -3.5000000e+01   1.1981176e+01
   1.2000000e+01   2.1210588e+01  -1.5230648e+02   2.3923106e+01   4.6482765e+00  -3.5000000e+01   8.9169316e+00
   1.2000000e+01   1.9333017e+01  -1.5126747e+02   2.3672062e+01   5.6399232e+00  -3.5000000e+01   7.9940305e+00
   1.2000000e+01   2.2950397e+01  -1.5241734e+02   2.2566790e+01   3.7427796e+00  -3.5000000e+01   1.9636879e+00
   1.2000000e+01   2.2729687e+01  -1.5441346e+02   1.7555511e+01   1.2828719e+00  -3.5000000e+01   1.1130344e+00
   1.2000000e+01   2.3816785e+01  -1.5648145e+02   1.3824373e+01  -4.1359227e+00  -3.5000000e+01  -1.3325904e+00
   1.2000000e+01   2.5918116e+01  -1.5781345e+02   1.2967851e+01  -1.0573851e+01  -3.5000000e+01  -7.3331542e-01
   1.2000000e+01   2.3610877e+01  -1.5765681e+02   9.9933313e+00  -1.7515908e+01  -3.5000000e+01   1.7364661e+00
   1.2000000e+01   2.0961394e+01  -1.5968460e+02   1.0558865e+01  -2.3030314e+01  -3.5000000e+01   5.8356528e+00
   1.2000000e+01   2.1070124e+01  -1.6287457e+02   1.5217613e+01  -2.7716992e+01  -3.5000000e+01   5.0461742e+00
   1.2000000e+01   2.2559330e+01  -1.6731324e+02   2.1548815e+01  -3.0338172e+01  -3.5000000e+01   4.4766311e+00
   1.2000000e+01   2.3677529e+01  -1.7140796e+02   2.6956647e+01  -3.3385380e+01  -3.5000000e+01   4.3037434e+00
   1.2000000e+01   2.3541198e+01  -1.7550079e+02   3.0972743e+01  -3.5743804e+01  -3.5000000e+01   5.2885371e+00
   1.2000000e+01   2.1906632e+01  -1.7831822e+02   3.2186336e+01  -3.6872191e+01  -3.5000000e+01   8.7541633e+00
   1.2000000e+01   2.0314449e+01  -1.7800989e+02   3.0254058e+01  -3.7359314e+01  -3.5000000e+01   1.1994723e+01
   1.2000000e+01   2.1538619e+01  -1.7596444e+02   2.8706632e+01  -3.5963781e+01  -3.5000000e+01   1.2965565e+01
   1.2000000e+01   2.4914070e+01  -1.7530690e+02   2.9806317e+01  -3.3867611e+01  -3.5000000e+01   1.4653588e+01
   1.2000000e+01   2.8248054e+01  -1.7333916e+02   3.1104658e+01  -3.2322937e+01  -3.5000000e+01   1.6984227e+01
   1.2000000e+01   2.4570477e+01  -1.7002750e+02   2.4226586e+01  -3.1523462e+01  -3.5000000e+01   1.9075052e+01
   1.2000000e+01   2.1985161e+01  -1.6839830e+02   2.0109684e+01  -3.0263250e+01  -3.5000000e+01   2.2545090e+01
   1.2000000e+01   2.1136913e+01  -1.6657411e+02   1.8762280e+01  -2.8693882e+01  -3.5000000e+01   2.4824353e+01
   1.2000000e+01   2.2988437e+01  -1.6615629e+02   2.0160415e+01  -2.6446251e+01  -3.5000000e+01   2.6356894e+01
   1.2000000e+01   2.3772460e+01  -1.6619295e+02   2.0826851e+01  -2.4263841e+01  -3.5000000e+01   2.6970998e+01
   1.2000000e+01   2.7236541e+01  -1.6677378e+02   2.4140345e+01  -2.1943335e+01  -3.5000000e+01   2.6550467e+01
   1.2000000e+01   3.0213755e+01  -1.6695574e+02   2.6844460e+01  -2.0037326e+01  -3.5000000e+01   2.5642721e+01
   1.2000000e+01   3.0266071e+01  -1.6635771e+02   2.6966109e+01  -1.8980156e+01  -3.5000000e+01   2.5930055e+01
   1.2000000e+01   3.0273488e+01  -1.6541609e+02   2.7346640e+01  -1.7540165e+01  -3.5000000e+01   2.4301020e+01
   1.2000000e+01   3.1464207e+01  -1.6526492e+02   2.8854609e+01  -1.6175661e+01  -3.5000000e+01   2.4012050e+01
   1.2000000e+01   3.0830624e+01  -1.6470735e+02   2.8490276e+01  -1.4889316e+01  -3.5000000e+01   2.2906770e+01
   1.2000000e+01   3.0255867e+01  -1.6355619e+02   2.7875792e+01  -1.4216991e+01  -3.5000000e+01   2.2739663e+01
   1.2000000e+01   2.3702094e+01  -1.6046625e+02   2.1620288e+01  -1.5266192e+01  -3.5000000e+01   2.1079337e+01
