   2.0969109e+01   2.2618346e+01  -1.5582569e+02   1.3887657e+01  -1.1997178e+01  -3.2371613e+01   2.6851944e+01
   1.6994864e+01   2.4123270e+01  -1.5463790e+02   2.3983627e+01  -7.6829490e+00  -4.0506826e+01   2.4848344e+01
   1.2000000e+01   2.7050954e+01  -1.5297222e+02   2.1830461e+01  -1.2448559e+00  -3.6545041e+01   2.2844421e+01
   1.2000000e+01   2.3689425e+01  -1.5264029e+02   1.8326673e+01  -8.8201305e-01  -3.5258275e+01   1.9657755e+01
   1.2000000e+01   2.3757000e+01  -1.5421800e+02   1.4846960e+01  -3.2959260e+00  -3.4382521e+01   1.5578222e+01
   1.2000000e+01   2.0119958e+01  -1.5524829e+02   1.0619781e+01  -8.2119770e+00  -3.6484881e+01   1.2885023e+01
   1.2000000e+01   2.0312590e+01  -1.5582514e+02   8.4720719e+00  -1.4899154e+01  -3.7319865e+01   1.3314626e+01
   1.2000000e+01   2.0100046e+01  -1.5669695e+02   7.9445443e+00  -2.2208784e+01  -3.7540294e+01   1.2329314e+01
   1.2000000e+01   2.0805376e+01  -1.5848961e+02   9.7179752e+00  -2.9053793e+01  -3.6549101e+01   1.3818239e+01
   1.2000000e+01   1.9490101e+01  -1.6021384e+02   8.7139842e+00  -3.4702126e+01  -3.3939281e+01   1.5539733e+01
   1.2000000e+01   1.6084851e+01  -1.6231711e+02   7.0244773e+00  -3.8901494e+01  -3.2531000e+01   1.5455018e+01
   1.2000000e+01   1.3783420e+01  -1.6526714e+02   7.2198312e+00  -4.0522259e+01  -3.1553212e+01   1.4752433e+01
   1.2000000e+01   1.7236333e+01  -1.6967625e+02   1.2656231e+01  -3.9847366e+01  -2.7317200e+01   1.2868955e+01
   1.2000000e+01   2.1838682e+01  -1.7316262e+02   1.8949300e+01  -3.7245394e+01  -2.5722406e+01   1.6314136e+01
   1.2000000e+01   2.0721575e+01  -1.7091678e+02   1.7269801e+01  -3.5665427e+01  -2.7797006e+01   2.0538192e+01
   1.2000000e+01   1.9982722e+01  -1.6890599e+02   1.4516902e+01  -3.4138135e+01  -2.9666792e+01   2.5476374e+01
   1.2000000e+01   2.0694044e+01  -1.6786894e+02   1.2951417e+01  -3.1941176e+01  -3.0162404e+01   2.8182292e+01
   1.2000000e+01   2.3691299e+01  -1.6656192e+02   1.5723586e+01  -2.9872704e+01  -3.1098072e+01   2.9303258e+01
   1.2000000e+01   2.0615051e+01  -1.6474894e+02   1.4234018e+01  -2.8992026e+01  -3.4168400e+01   3.1655061e+01
   1.2000000e+01   1.9877633e+01  -1.6376494e+02   1.3470621e+01  -2.7044363e+01  -3.5397248e+01   3.3635661e+01
   1.2000000e+01   1.7798486e+01  -1.6266724e+02   9.7399909e+00  -2.5507014e+01  -3.4705766e+01   3.5112090e+01
   1.2000000e+01   1.8434804e+01  -1.6214368e+02   7.5989387e+00  -2.3217545e+01  -3.2935678e+01   3.5122635e+01
   1.2000000e+01   2.0209827e+01  -1.6132768e+02   8.2139769e+00  -2.0889400e+01  -3.2004232e+01   3.5518116e+01
   1.2000000e+01   2.3743410e+01  -1.6133257e+02   1.0728020e+01  -1.7718827e+01  -3.1159292e+01   3.6169826e+01
   1.2000000e+01   2.1519157e+01  -1.6012220e+02   1.0269790e+01  -1.6483002e+01  -3.3231048e+01   3.5534815e+01
   1.2000000e+01   1.9478799e+01  -1.5889910e+02   9.4338691e+00  -1.5007610e+01  -3.4557065e+01   3.5259811e+01
   1.2000000e+01   2.1070117e+01  -1.5863944e+02   1.0129189e+01  -1.3029843e+01  -3.3239245e+01   3.3498007e+01
   1.2000000e+01   1.9700792e+01  -1.5780488e+02   8.9406703e+00  -1.1556735e+01  -3.2853286e+01   3.2085017e+01
   1.2000000e+01   1.9822033e+01  -1.5681878e+02   8.7071755e+00  -9.1442779e+00  -3.1575360e+01   3.0209748e+01
   1.2000000e+01   1.6666684e+01  -1.5367293e+02   7.5900480e+00  -9.1713285e+00  -3.2806402e+01   2.8475454e+01
   1.2000000e+01   1.4245584e+01  -1.5159826e+02   6.7700449e+00  -8.9442614e+00  -3.2547213e+01   2.5175766e+01
   1.2000000e+01   1.7479124e+01  -1.5143018e+02   9.0100331e+00  -6.1707480e+00  -2.9719941e+01   2.0917199e+01
   1.2000000e+01   1.9463650e+01  -1.5164216e+02   1.0195755e+01  -3.1211424e+00  -2.7266212e+01   1.8406202e+01
   1.2000000e+01   2.1281173e+01  -1.5197013e+02   1.1267296e+01   1.4881304e-05  -2.4886837e+01   1.4991287e+01
   1.2000000e+01   2.0737344e+01  -1.5194034e+02   1.2063352e+01   1.9640568e+00  -2.3690069e+01   1.1830531e+01
   1.2000000e+01   1.7915479e+01  -1.5154442e+02   1.1750994e+01   2.5477836e+00  -2.3750230e+01   8.2874255e+00
   1.2000000e+01   1.7595805e+01  -1.5091847e+02   1.1660192e+01   2.5869499e+00  -2.3318161e+01   4.7811423e+00
   1.2000000e+01   1.9407846e+01  -1.5133243e+02   1.1693059e+01   2.3233411e+00  -2.3382514e+01   1.8121357e+00
   1.2000000e+01   2.1864057e+01  -1.5367393e+02   9.1435498e+00  -6.9771506e-02  -2.5668539e+01  -9.3091141e-01
   1.2000000e+01   2.2141277e+01  -1.5572727e+02   7.4108015e+00  -4.6387395e+00  -2.8073294e+01  -7.1278626e-01
   1.2000000e+01   2.2203416e+01  -1.5777639e+02   6.4821259e+00  -1.1224064e+01  -2.9539539e+01   1.8000407e+00
   1.2000000e+01   1.9074273e+01  -1.5889434e+02   6.4908486e+00  -1.9018038e+01  -3.3083492e+01   8.8356116e+00
   1.2000000e+01   1.9625383e+01  -1.6027684e+02   8.3986428e+00  -2.6800899e+01  -3.4543301e+01   1.4005255e+01
   1.2000000e+01   1.7735512e+01  -1.6199913e+02   7.8784279e+00  -3.3452555e+01  -3.3071925e+01   1.4220882e+01
   1.2000000e+01   1.9118254e+01  -1.6621077e+02   1.0127950e+01  -3.7547800e+01  -2.9013403e+01   1.2727620e+01
   1.2000000e+01   1.8963487e+01  -1.7123640e+02   1.4126844e+01  -4.0587682e+01  -2.7217347e+01   1.1072546e+01
   1.2000000e+01   1.8410689e+01  -1.7593528e+02   1.9716106e+01  -4.3306156e+01  -2.8436259e+01   1.2778191e+01
   1.2000000e+01   1.6062637e+01  -1.7919943e+02   2.0398801e+01  -4.3919843e+01  -2.9133692e+01   1.3342130e+01
   1.2000000e+01   1.8920535e+01  -1.7922757e+02   2.2751177e+01  -4.3619933e+01  -2.8961238e+01   1.5882598e+01
   1.2000000e+01   2.5588275e+01  -1.7906557e+02   2.6785056e+01  -4.2303243e+01  -2.8163723e+01   1.9252393e+01
   1.2000000e+01   2.5269051e+01  -1.7611724e+02   2.6348372e+01  -4.1120231e+01  -3.0417296e+01   1.9777668e+01
   1.2000000e+01   2.3710451e+01  -1.7346679e+02   2.2930665e+01  -3.9856280e+01  -3.2000981e+01   2.2041665e+01
   1.2000000e+01   2.1902625e+01  -1.7085882e+02   1.7807457e+01  -3.8584088e+01  -3.2674127e+01   2.6760062e+01
   1.2000000e+01   2.3145999e+01  -1.6952998e+02   1.5895188e+01  -3.7039242e+01  -3.1661244e+01   2.8252636e+01
   1.2000000e+01   1.6675225e+01  -1.6745983e+02   1.0750990e+01  -3.6547216e+01  -3.4423604e+01   3.2507634e+01
   1.2000000e+01   1.4307894e+01  -1.6461243e+02   7.3724531e+00  -3.5791007e+01  -3.5312209e+01   3.5176053e+01
   1.2000000e+01   1.3781994e+01  -1.6231496e+02   5.7125564e+00  -3.4612459e+01  -3.5714274e+01   3.5607549e+01
   1.2000000e+01   1.3320744e+01  -1.6126604e+02   5.4485509e+00  -3.2868597e+01  -3.6243685e+01   3.7203319e+01
   1.2000000e+01   1.3447219e+01  -1.6126200e+02   4.7933265e+00  -3.0680058e+01  -3.5868358e+01   3.8342980e+01
   1.2000000e+01   1.7012376e+01  -1.6205106e+02   5.8007625e+00  -2.8345469e+01  -3.3283390e+01   3.8276726e+01
   1.2000000e+01   2.2223133e+01  -1.6217776e+02   8.9649857e+00  -2.5218306e+01  -3.1013150e+01   3.6216537e+01
   1.2000000e+01   2.1728512e+01  -1.6130863e+02   9.3216044e+00  -2.3185937e+01  -3.2555320e+01   3.5806564e+01
   1.2000000e+01   2.1858157e+01  -1.6127057e+02   1.0047948e+01  -2.0883467e+01  -3.3695680e+01   3.6992412e+01
   1.2000000e+01   2.1912257e+01  -1.6022856e+02   1.1274793e+01  -1.9392783e+01  -3.4392737e+01   3.5954515e+01
   1.2000000e+01   1.8843862e+01  -1.5847525e+02   9.7519907e+00  -1.9075347e+01  -3.5265237e+01   3.5739921e+01
   1.2000000e+01   1.8906926e+01  -1.5800705e+02   1.1121533e+01  -1.7431744e+01  -3.5779802e+01   3.3748384e+01
   1.2000000e+01   1.8937715e+01  -1.5696532e+02   1.0663768e+01  -1.6563199e+01  -3.5803439e+01   3.3248043e+01
   1.2000000e+01   1.6906032e+01  -1.5522001e+02   8.1754194e+00  -1.5124039e+01  -3.5051987e+01   3.3272693e+01
   1.2000000e+01   1.5817862e+01  -1.5418415e+02   6.5789049e+00  -1.4071399e+01  -3.3626506e+01   3.1371334e+01
   1.2000000e+01   1.6213268e+01  -1.5314210e+02   4.8907621e+00  -1.2512654e+01  -3.2036022e+01   2.8765469e+01
   1.2000000e+01   1.9132486e+01  -1.5325105e+02   6.3182249e+00  -9.5059815e+00  -2.9075450e+01   2.6680298e+01
   1.2000000e+01   2.0090495e+01  -1.5272393e+02   7.1071493e+00  -7.5521013e+00  -2.7112793e+01   2.3701586e+01
   1.2000000e+01   2.1759651e+01  -1.5264547e+02   8.5405418e+00  -5.2266480e+00  -2.5300494e+01   2.0711377e+01
   1.2000000e+01   2.3595582e+01  -1.5287412e+02   1.0094202e+01  -2.4987370e+00  -2.4060475e+01   1.9507812e+01
   1.2000000e+01   2.4345170e+01  -1.5272225e+02   1.1214688e+01  -2.2195322e-01  -2.3749159e+01   1.7818416e+01
   1.2000000e+01   2.2558377e+01  -1.5271057e+02   1.1146766e+01   1.3267648e+00  -2.5022448e+01   1.7368817e+01
   1.2000000e+01   1.9759326e+01  -1.5157080e+02   9.4804967e+00   1.4326141e+00  -2.5683170e+01   1.5285825e+01
   1.2000000e+01   1.8958429e+01  -1.5181265e+02   9.2965062e+00   9.6496564e-01  -2.6555945e+01   1.3083753e+01
   1.2000000e+01   2.2021875e+01  -1.5400232e+02   9.9253121e+00  -1.4530471e+00  -2.6447788e+01   1.1658052e+01
   1.2000000e+01   2.2610493e+01  -1.5656676e+02   9.4511509e+00  -5.8427253e+00  -2.8387297e+01   8.4728270e+00
   1.2000000e+01   2.2448082e+01  -1.5816711e+02   9.0265808e+00  -1.3141539e+01  -2.9946404e+01   5.4542366e+00
   1.2000000e+01   2.2376711e+01  -1.5932596e+02   1.0390623e+01  -2.1407938e+01  -3.2882784e+01   7.3224766e+00
   1.2000000e+01   2.4998953e+01  -1.6098309e+02   1.1656814e+01  -2.9069250e+01  -3.1895696e+01   7.7671057e+00
   1.2000000e+01   2.0213890e+01  -1.6214934e+02   9.0306652e+00  -3.6012936e+01  -3.2266181e+01   5.2018694e+00
   1.2000000e+01   1.6934303e+01  -1.6657224e+02   1.0090442e+01  -4.0944532e+01  -2.9685998e+01   1.4196181e+00
   1.2000000e+01   1.5074793e+01  -1.7292608e+02   1.4252048e+01  -4.3846438e+01  -2.7168466e+01  -5.8617940e-01
   1.2000000e+01   1.2239611e+01  -1.7941774e+02   1.6906029e+01  -4.2179693e+01  -2.7179595e+01   8.1968613e-02
   1.2000000e+01   1.2324204e+01  -1.8048881e+02   2.0157399e+01  -4.0606650e+01  -2.8390346e+01   5.6744282e+00
   1.2000000e+01   1.1029155e+01  -1.7800585e+02   1.8530122e+01  -4.0067738e+01  -3.0779727e+01   1.0046058e+01
   1.2000000e+01   1.2957346e+01  -1.7602512e+02   1.8002832e+01  -3.9027808e+01  -3.0274698e+01   1.4023010e+01
   1.2000000e+01   1.5594895e+01  -1.7410605e+02   1.6389770e+01  -3.7831196e+01  -2.8530202e+01   1.5710150e+01
   1.2000000e+01   2.1076152e+01  -1.7260821e+02   1.8764384e+01  -3.5528541e+01  -2.6888833e+01   1.6368075e+01
   1.2000000e+01   2.5466422e+01  -1.7192147e+02   2.0305534e+01  -3.4086030e+01  -2.4811361e+01   1.6587219e+01
   1.2000000e+01   1.7645961e+01  -1.6828217e+02   1.3895876e+01  -3.3786053e+01  -2.8917132e+01   1.9314867e+01
   1.2000000e+01   1.8092716e+01  -1.6661001e+02   1.1826445e+01  -3.1628700e+01  -2.9397045e+01   2.2798387e+01
   1.2000000e+01   1.7921377e+01  -1.6513336e+02   1.1325420e+01  -3.0592444e+01  -3.0573614e+01   2.5545716e+01
   1.2000000e+01   1.7434918e+01  -1.6355125e+02   1.1769220e+01  -2.9033111e+01  -3.2399578e+01   2.7043749e+01
   1.2000000e+01   1.8065046e+01  -1.6367860e+02   1.0640623e+01  -2.6337416e+01  -3.1921091e+01   2.8967309e+01
   1.2000000e+01   1.8561623e+01  -1.6183631e+02   9.5333508e+00  -2.5007201e+01  -3.2067816e+01   2.9352120e+01
   1.2000000e+01   1.7627767e+01  -1.6083285e+02   8.4371081e+00  -2.3630536e+01  -3.2351814e+01   3.0669037e+01
   1.2000000e+01   1.8505553e+01  -1.5951452e+02   8.4153844e+00  -2.1443906e+01  -3.1913195e+01   3.0499159e+01
   1.2000000e+01   1.8305549e+01  -1.5909467e+02   8.7521066e+00  -1.9409377e+01  -3.2215543e+01   2.9987292e+01
   1.2000000e+01   1.7361859e+01  -1.5787825e+02   9.1308909e+00  -1.8533947e+01  -3.3025881e+01   2.9304416e+01
   1.2000000e+01   1.3438171e+01  -1.5515867e+02   7.3181685e+00  -1.8464112e+01  -3.4815978e+01   3.0303585e+01
   1.2000000e+01   1.5302336e+01  -1.5381847e+02   7.4271755e+00  -1.7441891e+01  -3.4377720e+01   2.7431247e+01
   1.2000000e+01   1.6647831e+01  -1.5325908e+02   8.2977406e+00  -1.5392608e+01  -3.3056173e+01   2.6575491e+01
   1.2000000e+01   1.6536483e+01  -1.5316669e+02   8.3394339e+00  -1.3262644e+01  -3.2299917e+01   2.5719555e+01
   1.2000000e+01   1.6313806e+01  -1.5313255e+02   7.4849878e+00  -1.1399671e+01  -3.0839640e+01   2.3406642e+01
   1.2000000e+01   1.6917639e+01  -1.5267377e+02   6.9643518e+00  -9.4260337e+00  -2.8980095e+01   2.0296184e+01
   1.2000000e+01   1.9634277e+01  -1.5298586e+02   8.7854778e+00  -6.9892284e+00  -2.6436395e+01   1.8201962e+01
   1.2000000e+01   1.6887244e+01  -1.5287714e+02   7.1128697e+00  -6.1448169e+00  -2.6949319e+01   1.6687041e+01
   1.2000000e+01   1.7640128e+01  -1.5335520e+02   7.1603151e+00  -4.5694078e+00  -2.6586241e+01   1.4228257e+01
   1.2000000e+01   1.9755535e+01  -1.5434364e+02   7.6449142e+00  -4.7588696e+00  -2.6180184e+01   1.1879646e+01
   1.2000000e+01   2.0169237e+01  -1.5586156e+02   6.6999046e+00  -9.2149455e+00  -2.8187502e+01   8.4016072e+00
   1.2000000e+01   2.1455346e+01  -1.5673984e+02   5.9474849e+00  -1.4801043e+01  -3.0582546e+01   7.6082006e+00
   1.2000000e+01   1.8073614e+01  -1.5679144e+02   5.1587241e+00  -2.2724893e+01  -3.5295809e+01   1.3161801e+01
   1.2000000e+01   2.0338945e+01  -1.5847418e+02   6.8564004e+00  -2.9835394e+01  -3.5129205e+01   1.8337630e+01
   1.2000000e+01   2.0431455e+01  -1.6101967e+02   8.3436638e+00  -3.4664254e+01  -3.2678098e+01   1.8927145e+01
   1.2000000e+01   1.5584641e+01  -1.6226684e+02   6.5831268e+00  -3.8741801e+01  -3.2736288e+01   1.7860934e+01
   1.2000000e+01   1.8622894e+01  -1.6761514e+02   1.2065099e+01  -3.9705071e+01  -3.0080158e+01   1.7692441e+01
   1.2000000e+01   1.6394161e+01  -1.7072211e+02   1.2950399e+01  -4.1859327e+01  -2.8537232e+01   1.5882197e+01
   1.2000000e+01   1.7745084e+01  -1.7539186e+02   1.8296564e+01  -4.0068472e+01  -2.8286152e+01   1.3999163e+01
   1.2000000e+01   1.9214598e+01  -1.7465012e+02   1.9489094e+01  -3.9110046e+01  -2.9807941e+01   1.6377384e+01
   1.2000000e+01   2.1724976e+01  -1.7301833e+02   1.8824431e+01  -3.8142785e+01  -2.8767292e+01   1.8866126e+01
   1.2000000e+01   1.9361991e+01  -1.7059060e+02   1.5538801e+01  -3.6748142e+01  -3.1199695e+01   2.1431294e+01
   1.2000000e+01   1.4884804e+01  -1.6856281e+02   1.0113393e+01  -3.6207298e+01  -3.2156172e+01   2.3873912e+01
   1.2000000e+01   1.4530507e+01  -1.6693467e+02   7.9803506e+00  -3.5410138e+01  -3.1874177e+01   2.5119322e+01
   1.2000000e+01   1.6426060e+01  -1.6586069e+02   7.7857599e+00  -3.3134081e+01  -3.0667789e+01   2.8041922e+01
   1.2000000e+01   2.0222482e+01  -1.6500487e+02   1.1130769e+01  -3.0082149e+01  -3.1297685e+01   2.6967237e+01
   1.2000000e+01   1.6203436e+01  -1.6316636e+02   8.4688894e+00  -2.9379865e+01  -3.4327399e+01   3.2550472e+01
   1.2000000e+01   1.2720542e+01  -1.6230196e+02   4.2980791e+00  -2.7931324e+01  -3.5170023e+01   3.4318674e+01
   1.2000000e+01   1.5301497e+01  -1.6210799e+02   4.4153750e+00  -2.5756300e+01  -3.3332427e+01   3.3743424e+01
   1.2000000e+01   1.8691849e+01  -1.6218886e+02   6.8300625e+00  -2.2698738e+01  -3.1996102e+01   3.5205617e+01
   1.2000000e+01   2.2248396e+01  -1.6202155e+02   9.7629854e+00  -2.0079845e+01  -3.1569439e+01   3.5011374e+01
   1.2000000e+01   2.1511738e+01  -1.6117372e+02   1.0541886e+01  -1.7931126e+01  -3.4010160e+01   3.6089182e+01
   1.2000000e+01   1.9276371e+01  -1.5969205e+02   9.8015174e+00  -1.7118154e+01  -3.5920293e+01   3.4816137e+01
   1.2000000e+01   1.8273325e+01  -1.5856425e+02   1.0316258e+01  -1.6325824e+01  -3.6576730e+01   3.3969118e+01
   1.2000000e+01   1.7298767e+01  -1.5765485e+02   9.5574121e+00  -1.5365307e+01  -3.6328690e+01   3.3529740e+01
   1.2000000e+01   1.4100217e+01  -1.5568482e+02   7.2624789e+00  -1.5086311e+01  -3.6813285e+01   3.3611149e+01
   1.2000000e+01   1.2047858e+01  -1.5378818e+02   6.5181660e+00  -1.5628482e+01  -3.7459719e+01   3.0288558e+01
   1.2000000e+01   1.2280558e+01  -1.5178673e+02   6.2459467e+00  -1.5235566e+01  -3.6865854e+01   2.7756276e+01
   1.2000000e+01   1.3627319e+01  -1.5079852e+02   5.6728501e+00  -1.3077055e+01  -3.4578096e+01   2.7432751e+01
   1.2000000e+01   1.7181166e+01  -1.5083152e+02   6.4625470e+00  -9.9973785e+00  -3.1085417e+01   2.5440150e+01
   1.2000000e+01   1.8926591e+01  -1.5187742e+02   6.8774505e+00  -7.1428217e+00  -2.8733411e+01   2.2265515e+01
   1.2000000e+01   1.8960272e+01  -1.5180256e+02   7.7147246e+00  -5.3278764e+00  -2.8305072e+01   2.0683226e+01
   1.2000000e+01   2.0861660e+01  -1.5200654e+02   9.6669486e+00  -3.0684276e+00  -2.6931015e+01   1.7630377e+01
   1.2000000e+01   2.0120592e+01  -1.5209506e+02   1.0181378e+01  -1.1536175e+00  -2.7210015e+01   1.6022732e+01
   1.2000000e+01   1.9074761e+01  -1.5134015e+02   1.0378018e+01  -4.8239876e-01  -2.8326228e+01   1.3404195e+01
   1.2000000e+01   2.0615662e+01  -1.5251171e+02   1.0050886e+01  -2.2043763e-01  -2.8494634e+01   1.1712516e+01
   1.2000000e+01   1.8042731e+01  -1.5375331e+02   7.5488005e+00  -4.7996259e+00  -3.1737798e+01   8.2447116e+00
   1.2000000e+01   1.9243615e+01  -1.5555532e+02   8.4825751e+00  -9.4410913e+00  -3.3052681e+01   8.4354107e+00
   1.2000000e+01   2.1786061e+01  -1.5693858e+02   1.0271548e+01  -1.5208946e+01  -3.4000524e+01   7.5478195e+00
   1.2000000e+01   1.9773166e+01  -1.5822257e+02   1.1193833e+01  -2.2629865e+01  -3.6662145e+01   1.0358632e+01
   1.2000000e+01   2.2029952e+01  -1.5968358e+02   1.4427905e+01  -2.9231449e+01  -3.6825853e+01   1.0351948e+01
   1.2000000e+01   1.8685234e+01  -1.6045735e+02   1.1459066e+01  -3.4900654e+01  -3.6439624e+01   9.3445801e+00
   1.2000000e+01   1.7182642e+01  -1.6533651e+02   1.1449414e+01  -3.7892770e+01  -3.2839758e+01   4.9868667e+00
   1.2000000e+01   1.5953929e+01  -1.7059722e+02   1.5229136e+01  -4.1555878e+01  -3.0125862e+01   3.8948022e+00
   1.2000000e+01   1.9422470e+01  -1.7602453e+02   2.1778778e+01  -4.2009937e+01  -2.9193210e+01   4.2970611e+00
   1.2000000e+01   1.6586876e+01  -1.7900402e+02   2.4405450e+01  -4.1670029e+01  -3.1999239e+01   1.0036350e+01
   1.2000000e+01   2.0439422e+01  -1.7772873e+02   2.6770570e+01  -4.0235972e+01  -3.2553096e+01   1.4013227e+01
   1.2000000e+01   2.3823032e+01  -1.7555946e+02   2.7917551e+01  -3.9243361e+01  -3.3021177e+01   1.6403405e+01
   1.2000000e+01   2.2783020e+01  -1.7303736e+02   2.4658230e+01  -3.8274128e+01  -3.2613300e+01   1.9105817e+01
   1.2000000e+01   2.2404624e+01  -1.7050514e+02   2.0258222e+01  -3.6546455e+01  -3.2609283e+01   2.1463411e+01
   1.2000000e+01   2.0423231e+01  -1.6903343e+02   1.5720016e+01  -3.4856239e+01  -3.3171111e+01   2.4908390e+01
   1.2000000e+01   1.8464549e+01  -1.6684936e+02   1.2296713e+01  -3.3497395e+01  -3.3142561e+01   2.8742922e+01
   1.2000000e+01   1.4976557e+01  -1.6421217e+02   8.3914193e+00  -3.2687793e+01  -3.4811876e+01   3.0912939e+01
   1.2000000e+01   1.3835490e+01  -1.6259084e+02   8.6581317e+00  -3.1775572e+01  -3.7063840e+01   3.3530295e+01
   1.2000000e+01   1.4239060e+01  -1.6143636e+02   8.0742297e+00  -2.9690428e+01  -3.7569987e+01   3.5661709e+01
   1.2000000e+01   1.5222718e+01  -1.6081429e+02   7.9139834e+00  -2.7809906e+01  -3.7621382e+01   3.6159608e+01
   1.2000000e+01   1.6771477e+01  -1.6006351e+02   9.2631540e+00  -2.5704009e+01  -3.7440680e+01   3.7128861e+01
   1.2000000e+01   1.8723619e+01  -1.5957002e+02   9.9657949e+00  -2.2832960e+01  -3.7259508e+01   3.7241228e+01
   1.2000000e+01   1.7876028e+01  -1.5791181e+02   8.4803984e+00  -2.1994393e+01  -3.7065371e+01   3.7987950e+01
   1.2000000e+01   1.8585397e+01  -1.5745613e+02   9.6076309e+00  -1.9971312e+01  -3.7232458e+01   3.7086466e+01
   1.2000000e+01   1.8717031e+01  -1.5662540e+02   9.9014199e+00  -1.8584766e+01  -3.7540145e+01   3.6845610e+01
   1.2000000e+01   2.0377531e+01  -1.5613073e+02   1.1761877e+01  -1.7314757e+01  -3.7100190e+01   3.5861653e+01
   1.2000000e+01   1.6991688e+01  -1.5455616e+02   9.7707734e+00  -1.6922584e+01  -3.7559712e+01   3.6282753e+01
   1.2000000e+01   1.5114458e+01  -1.5377074e+02   7.4837501e+00  -1.6419498e+01  -3.7465245e+01   3.3978807e+01
   1.2000000e+01   1.3902809e+01  -1.5321772e+02   5.5114696e+00  -1.5143562e+01  -3.6382597e+01   3.2333190e+01
   1.2000000e+01   1.4949898e+01  -1.5305574e+02   5.5902976e+00  -1.2749022e+01  -3.4783538e+01   3.1175717e+01
   1.2000000e+01   1.7419773e+01  -1.5271820e+02   5.9787075e+00  -1.0135989e+01  -3.2535325e+01   2.9544923e+01
   1.2000000e+01   1.7904234e+01  -1.5262350e+02   5.6133934e+00  -7.4260713e+00  -3.0986007e+01   2.9149005e+01
   1.2000000e+01   1.9869123e+01  -1.5304531e+02   6.1915571e+00  -4.7121043e+00  -2.9599339e+01   2.6660474e+01
   1.2000000e+01   2.2531631e+01  -1.5304588e+02   7.2317136e+00  -2.5665151e+00  -2.7856035e+01   2.4940693e+01
   1.2000000e+01   2.3849348e+01  -1.5312888e+02   8.0201708e+00  -5.4223806e-02  -2.6751823e+01   2.3977334e+01
   1.2000000e+01   2.3729552e+01  -1.5232736e+02   8.3839608e+00   1.4926124e+00  -2.7243973e+01   2.1573795e+01
   1.2000000e+01   2.3918843e+01  -1.5281119e+02   8.7396628e+00   4.3863478e-01  -2.8106875e+01   1.9267222e+01
   1.2000000e+01   2.3983773e+01  -1.5519380e+02   8.4717247e+00  -3.0973077e+00  -2.9508724e+01   1.6662189e+01
   1.2000000e+01   2.2476846e+01  -1.5701088e+02   8.6442362e+00  -9.2304076e+00  -3.1654573e+01   1.2764211e+01
   1.2000000e+01   2.3654047e+01  -1.5894588e+02   1.1317373e+01  -1.5797170e+01  -3.3284918e+01   1.0660221e+01
   1.2000000e+01   2.1689106e+01  -1.6038831e+02   1.2229262e+01  -2.2617441e+01  -3.4681355e+01   1.1073349e+01
   1.2000000e+01   2.0116705e+01  -1.6217054e+02   1.2475842e+01  -2.8468461e+01  -3.4748976e+01   9.0612661e+00
   1.2000000e+01   2.0328851e+01  -1.6506664e+02   1.3863937e+01  -3.2334831e+01  -3.3255014e+01   7.8447395e+00
   1.2000000e+01   2.1947630e+01  -1.6846762e+02   1.6459523e+01  -3.4763442e+01  -3.0221270e+01   8.1783767e+00
   1.2000000e+01   1.8962505e+01  -1.6969795e+02   1.6791054e+01  -3.7634885e+01  -3.0335982e+01   7.1441763e+00
   1.2000000e+01   2.1491799e+01  -1.7273537e+02   2.1008495e+01  -3.8647207e+01  -2.9520014e+01   7.3714674e+00
   1.2000000e+01   2.2211898e+01  -1.7559628e+02   2.6515433e+01  -3.7865800e+01  -3.1887701e+01   7.3105606e+00
   1.2000000e+01   2.0834668e+01  -1.7619572e+02   2.7843053e+01  -3.6839733e+01  -3.3513215e+01   1.1129971e+01
   1.2000000e+01   2.3409790e+01  -1.7545475e+02   2.8904729e+01  -3.5444718e+01  -3.3597197e+01   1.3508342e+01
   1.2000000e+01   2.3651726e+01  -1.7410755e+02   2.7998766e+01  -3.4260907e+01  -3.3720379e+01   1.4618831e+01
   1.2000000e+01   2.3552797e+01  -1.7254075e+02   2.6518677e+01  -3.3514862e+01  -3.3165221e+01   1.5651883e+01
   1.2000000e+01   2.0585549e+01  -1.7065766e+02   2.2383171e+01  -3.2218302e+01  -3.3860079e+01   1.7603048e+01
   1.2000000e+01   2.1239238e+01  -1.6922137e+02   1.9683872e+01  -3.0204500e+01  -3.2567908e+01   1.8524891e+01
   1.2000000e+01   2.1687671e+01  -1.6766794e+02   1.8364865e+01  -2.8723435e+01  -3.1985198e+01   2.0460861e+01
   1.2000000e+01   1.9696272e+01  -1.6570337e+02   1.6410673e+01  -2.8170043e+01  -3.2987968e+01   2.2838671e+01
   1.2000000e+01   2.0143011e+01  -1.6492436e+02   1.6323352e+01  -2.6104800e+01  -3.3507047e+01   2.4863191e+01
   1.2000000e+01   2.0671012e+01  -1.6441188e+02   1.6284829e+01  -2.4294490e+01  -3.3908895e+01   2.6635530e+01
   1.2000000e+01   2.2580515e+01  -1.6429572e+02   1.6804068e+01  -2.2418461e+01  -3.3066165e+01   2.6639239e+01
   1.2000000e+01   2.2320835e+01  -1.6378439e+02   1.5669623e+01  -2.0692082e+01  -3.3294200e+01   2.8082628e+01
   1.2000000e+01   2.1313902e+01  -1.6264959e+02   1.4456573e+01  -1.9278537e+01  -3.3868884e+01   2.8434419e+01
   1.2000000e+01   2.0081426e+01  -1.6125258e+02   1.2615402e+01  -1.8353108e+01  -3.3662693e+01   2.8715191e+01
   1.2000000e+01   2.1143610e+01  -1.6088796e+02   1.4008457e+01  -1.6730540e+01  -3.3290991e+01   2.7387975e+01
   1.2000000e+01   2.0620000e+01  -1.6001472e+02   1.4388996e+01  -1.5098940e+01  -3.3634948e+01   2.7839999e+01
   1.2000000e+01   1.6218563e+01  -1.5695461e+02   1.2021991e+01  -1.5666632e+01  -3.5575863e+01   2.7928430e+01
   1.2000000e+01   1.3290250e+01  -1.5517268e+02   9.7917364e+00  -1.5215755e+01  -3.6567373e+01   2.5625578e+01
   1.2000000e+01   1.2830324e+01  -1.5390657e+02   9.3409614e+00  -1.4315927e+01  -3.5564818e+01   2.3077365e+01
   1.2000000e+01   1.6194876e+01  -1.5341743e+02   1.0035504e+01  -1.2025259e+01  -3.2250687e+01   2.0752424e+01
   1.2000000e+01   1.8132387e+01  -1.5266540e+02   1.0705547e+01  -9.8999507e+00  -2.9707784e+01   1.9391889e+01
   1.2000000e+01   1.7806673e+01  -1.5241313e+02   1.0367304e+01  -7.7643027e+00  -2.8597401e+01   1.7425425e+01
   1.2000000e+01   1.9676397e+01  -1.5270681e+02   1.1113739e+01  -4.9494026e+00  -2.6617534e+01   1.6526054e+01
   1.2000000e+01   2.0994519e+01  -1.5301894e+02   1.1928663e+01  -2.3390574e+00  -2.5512224e+01   1.3981018e+01
   1.2000000e+01   2.0643670e+01  -1.5268600e+02   1.2374017e+01  -7.9051232e-01  -2.5813685e+01   1.2192277e+01
   1.2000000e+01   2.1345254e+01  -1.5253389e+02   1.2639050e+01  -4.9515664e-01  -2.6444810e+01   9.9971108e+00
   1.2000000e+01   2.0461917e+01  -1.5395682e+02   1.2270198e+01  -2.4046895e+00  -2.8108400e+01   8.9201149e+00
   1.2000000e+01   2.2866423e+01  -1.5609947e+02   1.1094611e+01  -6.5335567e+00  -3.0545358e+01   7.0635939e+00
   1.2000000e+01   2.4040957e+01  -1.5842505e+02   1.0596841e+01  -1.2894909e+01  -3.2720869e+01   5.9495373e+00
   1.2000000e+01   2.0400661e+01  -1.5890892e+02   9.4033438e+00  -2.0321349e+01  -3.7041875e+01   8.4580488e+00
   1.2000000e+01   1.8384254e+01  -1.5971527e+02   1.0417154e+01  -2.8287268e+01  -4.0361975e+01   1.4980439e+01
   1.2000000e+01   1.5624427e+01  -1.6030283e+02   7.9234576e+00  -3.5138887e+01  -3.9569337e+01   1.3047500e+01
   1.2000000e+01   1.5539836e+01  -1.6389321e+02   9.5754295e+00  -3.9090705e+01  -3.6002577e+01   1.0964425e+01
   1.2000000e+01   1.7514312e+01  -1.6877691e+02   1.5335456e+01  -4.2043298e+01  -3.2371544e+01   8.0725033e+00
   1.2000000e+01   1.9770611e+01  -1.7623791e+02   2.3248337e+01  -4.2740459e+01  -2.9553496e+01   1.1079513e+01
   1.2000000e+01   1.9629567e+01  -1.7766297e+02   2.7589385e+01  -4.2667615e+01  -3.3235083e+01   1.3621307e+01
   1.2000000e+01   2.4267250e+01  -1.7706323e+02   3.0164688e+01  -4.1126418e+01  -3.3568190e+01   1.6208914e+01
   1.2000000e+01   2.8828632e+01  -1.7629696e+02   3.2452917e+01  -3.9416604e+01  -3.2711015e+01   1.7857043e+01
   1.2000000e+01   2.7611905e+01  -1.7420617e+02   3.0412107e+01  -3.8194982e+01  -3.3763848e+01   2.0348887e+01
   1.2000000e+01   2.4390541e+01  -1.7203833e+02   2.4964896e+01  -3.7057532e+01  -3.4952919e+01   2.4314316e+01
   1.2000000e+01   2.1676394e+01  -1.6917589e+02   1.9930413e+01  -3.6056431e+01  -3.5973439e+01   2.6754028e+01
   1.2000000e+01   1.9908170e+01  -1.6731507e+02   1.6679598e+01  -3.4780026e+01  -3.6213686e+01   3.0072411e+01
   1.2000000e+01   1.8023147e+01  -1.6587032e+02   1.4059374e+01  -3.3079980e+01  -3.6338264e+01   3.1012691e+01
   1.2000000e+01   1.8956602e+01  -1.6505320e+02   1.2638026e+01  -3.1406931e+01  -3.4538452e+01   3.0279669e+01
   1.2000000e+01   2.2555836e+01  -1.6493152e+02   1.4288900e+01  -2.9711474e+01  -3.3159471e+01   3.2329798e+01
   1.2000000e+01   2.0143921e+01  -1.6319035e+02   1.3814233e+01  -2.9548998e+01  -3.5637894e+01   3.3899469e+01
   1.2000000e+01   1.8228429e+01  -1.6188475e+02   1.2854451e+01  -2.8579558e+01  -3.7916452e+01   3.4796901e+01
   1.2000000e+01   1.8308257e+01  -1.6090166e+02   1.3080464e+01  -2.7479057e+01  -3.8631243e+01   3.4860144e+01
   1.2000000e+01   1.9621845e+01  -1.6056476e+02   1.2739331e+01  -2.5525592e+01  -3.7292013e+01   3.4884939e+01
   1.2000000e+01   1.9585229e+01  -1.5964013e+02   1.2332619e+01  -2.3660978e+01  -3.6127336e+01   3.5282512e+01
   1.2000000e+01   2.1600749e+01  -1.5994086e+02   1.3827914e+01  -2.1811548e+01  -3.5326323e+01   3.4283636e+01
   1.2000000e+01   2.3144012e+01  -1.5898669e+02   1.4846875e+01  -2.0304352e+01  -3.4997824e+01   3.2666787e+01
   1.2000000e+01   1.9622137e+01  -1.5709015e+02   1.3455776e+01  -2.0204333e+01  -3.6475873e+01   3.3627433e+01
   1.2000000e+01   1.8760223e+01  -1.5591830e+02   1.2814038e+01  -1.9875207e+01  -3.7055902e+01   3.0710705e+01
   1.2000000e+01   1.8283641e+01  -1.5464577e+02   1.2032071e+01  -1.9161123e+01  -3.6534521e+01   3.1004084e+01
   1.2000000e+01   1.9236674e+01  -1.5385798e+02   1.1178114e+01  -1.7005782e+01  -3.4415386e+01   3.0276917e+01
   1.2000000e+01   1.8875840e+01  -1.5334389e+02   9.9596352e+00  -1.4847577e+01  -3.3145985e+01   2.8113878e+01
   1.2000000e+01   1.9681871e+01  -1.5311223e+02   9.4601481e+00  -1.3334897e+01  -3.2026921e+01   2.5504238e+01
   1.2000000e+01   2.0019168e+01  -1.5295722e+02   9.5189219e+00  -1.1151813e+01  -3.1160686e+01   2.4746566e+01
   1.2000000e+01   2.1613415e+01  -1.5306825e+02   1.0605925e+01  -8.8927997e+00  -2.9809042e+01   2.2937769e+01
   1.2000000e+01   2.3033825e+01  -1.5346449e+02   1.1438936e+01  -6.8211477e+00  -2.8679925e+01   2.2862121e+01
   1.2000000e+01   2.2956570e+01  -1.5364289e+02   1.1644374e+01  -4.9807014e+00  -2.8415819e+01   2.2823178e+01
   1.2000000e+01   2.2598223e+01  -1.5340250e+02   1.1719928e+01  -3.7654815e+00  -2.8427850e+01   2.2536241e+01
   1.2000000e+01   2.4482348e+01  -1.5332688e+02   1.2175545e+01  -2.6374620e+00  -2.7694987e+01   2.1025032e+01
   1.2000000e+01   2.4032533e+01  -1.5365267e+02   1.1935482e+01  -2.3444505e+00  -2.8392057e+01   1.8623132e+01
   1.2000000e+01   2.2528021e+01  -1.5475610e+02   1.0786461e+01  -5.1062258e+00  -2.9909436e+01   1.7300959e+01
   1.2000000e+01   2.4978973e+01  -1.5751932e+02   1.1541045e+01  -1.1616981e+01  -3.2211451e+01   1.3321545e+01
   1.2000000e+01   2.2196745e+01  -1.5764869e+02   9.9314923e+00  -1.9487911e+01  -3.7651609e+01   1.3190596e+01
   1.2000000e+01   2.0006010e+01  -1.5818534e+02   1.0380028e+01  -2.7665173e+01  -4.0713043e+01   1.5043900e+01
   1.2000000e+01   1.9850061e+01  -1.5884591e+02   1.0252295e+01  -3.4996192e+01  -3.9897109e+01   1.8515047e+01
   1.2000000e+01   2.2902599e+01  -1.6074884e+02   1.2820466e+01  -3.8599788e+01  -3.5968188e+01   2.1459075e+01
   1.2000000e+01   2.3306555e+01  -1.6357680e+02   1.4291979e+01  -3.9549961e+01  -3.3744853e+01   2.2504862e+01
   1.2000000e+01   1.9403337e+01  -1.6580558e+02   1.6215195e+01  -4.0509084e+01  -3.4758472e+01   2.4541398e+01
   1.2000000e+01   2.1816896e+01  -1.7016706e+02   2.1003043e+01  -3.9523772e+01  -3.1092897e+01   2.3040049e+01
   1.2000000e+01   2.1035661e+01  -1.6947172e+02   2.0662888e+01  -3.8992509e+01  -3.3780783e+01   2.4467344e+01
   1.2000000e+01   2.1786639e+01  -1.6937244e+02   1.9005894e+01  -3.6762708e+01  -3.4427810e+01   2.4767092e+01
   1.2000000e+01   2.1058993e+01  -1.6869949e+02   1.6698993e+01  -3.4889131e+01  -3.4256139e+01   2.8329131e+01
   1.2000000e+01   2.1189628e+01  -1.6833812e+02   1.5793141e+01  -3.3499380e+01  -3.3080946e+01   2.8719909e+01
   1.2000000e+01   2.0275873e+01  -1.6686565e+02   1.3962623e+01  -3.2410759e+01  -3.3436173e+01   3.0266296e+01
   1.2000000e+01   2.0647019e+01  -1.6584660e+02   1.2843794e+01  -3.0168290e+01  -3.3509051e+01   2.9378974e+01
   1.2000000e+01   2.3548782e+01  -1.6528233e+02   1.3649882e+01  -2.7658911e+01  -3.2293264e+01   3.2871269e+01
   1.2000000e+01   1.7986965e+01  -1.6323594e+02   8.9213455e+00  -2.6907599e+01  -3.4276682e+01   3.3783185e+01
   1.2000000e+01   1.6793030e+01  -1.6210252e+02   6.7656875e+00  -2.5288172e+01  -3.3405677e+01   3.3113821e+01
   1.2000000e+01   1.7975722e+01  -1.6177327e+02   6.0270760e+00  -2.2725789e+01  -3.1665923e+01   3.2850628e+01
   1.2000000e+01   2.0389328e+01  -1.6193082e+02   7.8033213e+00  -1.9679445e+01  -3.1213245e+01   3.4064408e+01
   1.2000000e+01   2.4288035e+01  -1.6233333e+02   1.1473812e+01  -1.6587537e+01  -3.1020494e+01   3.3133957e+01
   1.2000000e+01   2.3510379e+01  -1.6177520e+02   1.2955861e+01  -1.5138447e+01  -3.3328896e+01   3.3360862e+01
   1.2000000e+01   2.0299456e+01  -1.5984333e+02   1.1785708e+01  -1.4660235e+01  -3.5227639e+01   3.3867795e+01
   1.2000000e+01   1.8621523e+01  -1.5841328e+02   1.1122517e+01  -1.3962240e+01  -3.6190333e+01   3.2411719e+01
   1.2000000e+01   1.9371302e+01  -1.5757814e+02   1.1884377e+01  -1.2399727e+01  -3.5537303e+01   3.1246444e+01
   1.2000000e+01   1.8924774e+01  -1.5718012e+02   1.0322614e+01  -1.0519617e+01  -3.4420847e+01   3.0587179e+01
   1.2000000e+01   1.7474907e+01  -1.5660381e+02   8.7134234e+00  -8.7366477e+00  -3.3507240e+01   2.9513120e+01
   1.2000000e+01   1.5979364e+01  -1.5437966e+02   6.8264948e+00  -8.1230132e+00  -3.2918088e+01   2.6890708e+01
   1.2000000e+01   1.8859011e+01  -1.5367854e+02   6.9443796e+00  -5.9470241e+00  -3.0309251e+01   2.3526587e+01
   1.2000000e+01   2.2426485e+01  -1.5350166e+02   9.3917677e+00  -3.2589536e+00  -2.6919237e+01   2.1672724e+01
   1.2000000e+01   2.3824770e+01  -1.5330288e+02   1.1761891e+01  -1.6881049e+00  -2.6404236e+01   1.8209504e+01
   1.2000000e+01   2.3552828e+01  -1.5285824e+02   1.3003971e+01   2.2632085e-01  -2.6748791e+01   1.6434146e+01
   1.2000000e+01   2.3671744e+01  -1.5169926e+02   1.3948657e+01   1.1785041e+00  -2.7022665e+01   1.4460564e+01
   1.2000000e+01   2.2262376e+01  -1.5069409e+02   1.4553145e+01   1.4203709e+00  -2.8073052e+01   1.2965556e+01
   1.2000000e+01   2.2417431e+01  -1.4962380e+02   1.5487565e+01   1.6133020e+00  -2.8479266e+01   1.0751664e+01
   1.2000000e+01   2.2798935e+01  -1.4938681e+02   1.5951902e+01   1.7923950e+00  -2.9133500e+01   8.6619975e+00
   1.2000000e+01   2.4262844e+01  -1.5138516e+02   1.6323119e+01   1.4365987e+00  -2.8907671e+01   8.4252942e+00
   1.2000000e+01   2.5420477e+01  -1.5471411e+02   1.5631276e+01  -1.8511990e+00  -2.9650247e+01   5.1432882e+00
   1.2000000e+01   2.6888790e+01  -1.5662578e+02   1.4176729e+01  -6.4238561e+00  -3.1786116e+01   5.8667283e+00
   1.2000000e+01   2.6863076e+01  -1.5863116e+02   1.3478555e+01  -1.3584960e+01  -3.4430796e+01   5.5981575e+00
   1.2000000e+01   2.3300054e+01  -1.5919743e+02   1.3231164e+01  -2.1536376e+01  -3.7651416e+01   9.0852765e+00
   1.2000000e+01   2.3290195e+01  -1.6039675e+02   1.6616500e+01  -2.8286966e+01  -3.8040835e+01   1.2850687e+01
   1.2000000e+01   2.4783373e+01  -1.6289961e+02   1.9580147e+01  -3.1966247e+01  -3.6080881e+01   1.5261730e+01
   1.2000000e+01   2.2086168e+01  -1.6596545e+02   2.1199837e+01  -3.5571622e+01  -3.6300308e+01   1.6091888e+01
   1.2000000e+01   1.9038889e+01  -1.6918220e+02   2.2783869e+01  -3.9977422e+01  -3.6581973e+01   1.4893716e+01
   1.2000000e+01   2.2878437e+01  -1.7483077e+02   2.8084683e+01  -4.2238634e+01  -3.3877148e+01   1.2676535e+01
   1.2000000e+01   2.2515542e+01  -1.7849129e+02   3.0912189e+01  -4.3179069e+01  -3.3984557e+01   1.4086524e+01
   1.2000000e+01   2.3061456e+01  -1.7855406e+02   3.0472007e+01  -4.2679328e+01  -3.3699942e+01   1.2717019e+01
   1.2000000e+01   2.3690003e+01  -1.7631376e+02   2.9507216e+01  -4.1997844e+01  -3.3867632e+01   1.7309567e+01
   1.2000000e+01   2.3247087e+01  -1.7453604e+02   2.9241370e+01  -4.0749224e+01  -3.5790075e+01   1.8417664e+01
   1.2000000e+01   2.2860521e+01  -1.7167679e+02   2.6326922e+01  -3.9526704e+01  -3.6266752e+01   2.1453315e+01
   1.2000000e+01   2.1939917e+01  -1.7010729e+02   2.2899335e+01  -3.8354221e+01  -3.7256672e+01   2.4982929e+01
   1.2000000e+01   1.8819773e+01  -1.6840401e+02   1.8298416e+01  -3.7412056e+01  -3.8179387e+01   2.7686365e+01
   1.2000000e+01   2.1821074e+01  -1.6785061e+02   1.7022401e+01  -3.4663371e+01  -3.4902221e+01   3.0473666e+01
   1.2000000e+01   2.0981320e+01  -1.6597199e+02   1.5179284e+01  -3.3295092e+01  -3.5468640e+01   3.1032418e+01
   1.2000000e+01   2.2085828e+01  -1.6463447e+02   1.4825316e+01  -3.1613396e+01  -3.4448408e+01   3.3391381e+01
   1.2000000e+01   1.8785637e+01  -1.6248107e+02   1.2676404e+01  -3.1375239e+01  -3.7010201e+01   3.4982205e+01
   1.2000000e+01   1.6654847e+01  -1.6154476e+02   1.0524773e+01  -2.9449681e+01  -3.8644347e+01   3.6949192e+01
   1.2000000e+01   1.3509989e+01  -1.6021629e+02   7.9399689e+00  -2.8798196e+01  -4.0177489e+01   3.8438534e+01
   1.2000000e+01   1.5597523e+01  -1.5949427e+02   8.0212494e+00  -2.6012779e+01  -3.8675239e+01   3.8558192e+01
   1.2000000e+01   1.8053604e+01  -1.5948886e+02   9.1024020e+00  -2.2610068e+01  -3.8143150e+01   3.8578593e+01
   1.2000000e+01   1.8295465e+01  -1.5814790e+02   9.4154812e+00  -2.0461656e+01  -3.8357306e+01   3.8995327e+01
   1.2000000e+01   1.9339626e+01  -1.5727351e+02   1.0519476e+01  -1.8177544e+01  -3.8231795e+01   3.9773512e+01
   1.2000000e+01   2.0119893e+01  -1.5638363e+02   1.1992711e+01  -1.6761359e+01  -3.9080453e+01   3.7498588e+01
   1.2000000e+01   1.8669929e+01  -1.5476855e+02   1.0454598e+01  -1.5653042e+01  -3.8815311e+01   3.7280153e+01
   1.2000000e+01   1.5857224e+01  -1.5319474e+02   8.5416728e+00  -1.4727255e+01  -3.8769301e+01   3.6899452e+01
   1.2000000e+01   1.5140768e+01  -1.5286334e+02   7.6302448e+00  -1.2953006e+01  -3.7811603e+01   3.4518029e+01
   1.2000000e+01   1.6833173e+01  -1.5301685e+02   7.3391949e+00  -1.0517586e+01  -3.5850925e+01   3.2018172e+01
   1.2000000e+01   1.8858525e+01  -1.5264216e+02   7.3354670e+00  -6.6017040e+00  -3.3481408e+01   3.1386952e+01
   1.2000000e+01   1.9310143e+01  -1.5237259e+02   7.1345442e+00  -4.2032686e+00  -3.1941819e+01   2.8675824e+01
   1.2000000e+01   2.1995795e+01  -1.5229133e+02   9.6090527e+00  -1.7707717e+00  -3.0631022e+01   2.6541104e+01
   1.2000000e+01   2.4903465e+01  -1.5215531e+02   1.2111414e+01   7.9326394e-01  -2.9216173e+01   2.4173773e+01
   1.2000000e+01   2.5853651e+01  -1.5227052e+02   1.3545139e+01   2.9292522e+00  -2.8540664e+01   2.2745754e+01
   1.2000000e+01   2.5086777e+01  -1.5159645e+02   1.3523652e+01   3.8828194e+00  -2.9258897e+01   2.1023877e+01
   1.2000000e+01   2.3198730e+01  -1.5165281e+02   1.2473963e+01   3.3647403e+00  -3.0847505e+01   1.9400461e+01
   1.2000000e+01   2.1498000e+01  -1.5251265e+02   1.1096983e+01   1.0024310e+00  -3.2704327e+01   1.4947440e+01
   1.2000000e+01   2.2028622e+01  -1.5463324e+02   9.3926692e+00  -1.9863582e+00  -3.4574754e+01   1.3196093e+01
   1.2000000e+01   2.2594909e+01  -1.5629216e+02   9.4701709e+00  -7.0082669e+00  -3.8678998e+01   1.4927240e+01
   1.2000000e+01   1.8802543e+01  -1.5758453e+02   6.8610543e+00  -1.4689625e+01  -4.1784453e+01   1.3326037e+01
   1.2000000e+01   1.8435577e+01  -1.5874944e+02   8.4222322e+00  -2.2581179e+01  -4.2816179e+01   1.2212459e+01
   1.2000000e+01   1.6688062e+01  -1.6016938e+02   8.9617923e+00  -2.9737733e+01  -4.1973859e+01   1.1656652e+01
   1.2000000e+01   1.8570297e+01  -1.6279353e+02   1.2198134e+01  -3.5579877e+01  -3.7768772e+01   9.1627014e+00
   1.2000000e+01   1.7901414e+01  -1.6736865e+02   1.5526679e+01  -4.0044487e+01  -3.4382032e+01   6.1895574e+00
   1.2000000e+01   1.9875504e+01  -1.7438998e+02   2.1460697e+01  -4.1987088e+01  -3.0143548e+01   3.9859716e+00
   1.2000000e+01   1.6252461e+01  -1.7968903e+02   2.5555294e+01  -4.1839092e+01  -3.1604250e+01   5.3364708e+00
   1.2000000e+01   1.5406052e+01  -1.7962353e+02   2.6864623e+01  -4.0415063e+01  -3.3788998e+01   1.0883279e+01
   1.2000000e+01   1.8807420e+01  -1.7778900e+02   2.7790327e+01  -3.9645937e+01  -3.3491760e+01   1.2893875e+01
   1.2000000e+01   2.2781324e+01  -1.7592872e+02   2.8022295e+01  -3.8604189e+01  -3.2333259e+01   1.4676339e+01
   1.2000000e+01   2.3811833e+01  -1.7371691e+02   2.7122976e+01  -3.6720424e+01  -3.2693777e+01   1.6880046e+01
   1.2000000e+01   2.6317132e+01  -1.7211198e+02   2.5410923e+01  -3.5579391e+01  -3.0634612e+01   1.9351160e+01
   1.2000000e+01   2.4981524e+01  -1.6975796e+02   2.1772694e+01  -3.4023639e+01  -3.1755376e+01   2.2037136e+01
   1.2000000e+01   2.0119166e+01  -1.6781560e+02   1.6967952e+01  -3.2861518e+01  -3.4439557e+01   2.6127397e+01
   1.2000000e+01   1.8495928e+01  -1.6605274e+02   1.3989838e+01  -3.1804489e+01  -3.4420081e+01   2.8697624e+01
   1.2000000e+01   2.0216381e+01  -1.6444138e+02   1.3957073e+01  -3.0205001e+01  -3.4611381e+01   3.1164313e+01
   1.2000000e+01   1.9221793e+01  -1.6333861e+02   1.2891304e+01  -2.8661131e+01  -3.6022975e+01   3.3909220e+01
   1.2000000e+01   1.6536818e+01  -1.6186249e+02   1.0065628e+01  -2.7534353e+01  -3.7712037e+01   3.4896456e+01
   1.2000000e+01   1.4692817e+01  -1.6051440e+02   8.2879557e+00  -2.6238900e+01  -3.8298253e+01   3.5442463e+01
   1.2000000e+01   1.7122039e+01  -1.5995990e+02   8.6789114e+00  -2.3437909e+01  -3.7219746e+01   3.6140309e+01
   1.2000000e+01   1.7814045e+01  -1.5856094e+02   8.4087542e+00  -2.1580187e+01  -3.6866566e+01   3.8072108e+01
   1.2000000e+01   1.9952098e+01  -1.5759172e+02   9.4283849e+00  -1.9452554e+01  -3.6024100e+01   3.7641913e+01
   1.2000000e+01   2.2461246e+01  -1.5715269e+02   1.1967624e+01  -1.7814409e+01  -3.5790299e+01   3.6992490e+01
   1.2000000e+01   1.8841813e+01  -1.5483847e+02   9.9316075e+00  -1.7629760e+01  -3.7933688e+01   3.6128070e+01
   1.2000000e+01   1.5759508e+01  -1.5412741e+02   7.9813026e+00  -1.6566815e+01  -3.8659095e+01   3.5019322e+01
   1.2000000e+01   1.4153482e+01  -1.5274918e+02   5.1730324e+00  -1.4924673e+01  -3.7556712e+01   3.4117473e+01
   1.2000000e+01   1.6228891e+01  -1.5225483e+02   5.5341227e+00  -1.2056928e+01  -3.4522464e+01   3.3024892e+01
   1.2000000e+01   1.9564837e+01  -1.5218718e+02   6.5377053e+00  -8.1325050e+00  -3.1682132e+01   3.0530278e+01
   1.2000000e+01   2.1834359e+01  -1.5256058e+02   7.0557849e+00  -4.5040226e+00  -2.9497686e+01   2.8447657e+01
   1.2000000e+01   2.2053794e+01  -1.5251468e+02   7.3492486e+00  -2.0995265e+00  -2.8518780e+01   2.6248180e+01
   1.2000000e+01   2.4639524e+01  -1.5304798e+02   9.4177957e+00   4.8997903e-01  -2.6554667e+01   2.4126397e+01
   1.2000000e+01   2.4571759e+01  -1.5280558e+02   1.0376308e+01   2.4455448e+00  -2.6416191e+01   2.2198474e+01
   1.2000000e+01   2.2560297e+01  -1.5189158e+02   1.0048367e+01   2.6800858e+00  -2.7845701e+01   1.9806241e+01
   1.2000000e+01   2.3313594e+01  -1.5323260e+02   1.0108368e+01   6.6684028e-01  -2.8401524e+01   1.7793388e+01
   1.2000000e+01   2.3973403e+01  -1.5553410e+02   1.0031602e+01  -3.1239075e+00  -2.9091755e+01   1.5012484e+01
   1.2000000e+01   2.5192105e+01  -1.5805314e+02   1.1955226e+01  -8.5709825e+00  -3.0352668e+01   1.2428400e+01
   1.2000000e+01   2.1644148e+01  -1.5894759e+02   9.9223661e+00  -1.6346522e+01  -3.4453912e+01   1.1509361e+01
   1.2000000e+01   1.8817037e+01  -1.5981811e+02   8.5494835e+00  -2.4396938e+01  -3.7037383e+01   1.3503092e+01
   1.2000000e+01   1.6820498e+01  -1.6094945e+02   6.9926725e+00  -3.2404323e+01  -3.7361033e+01   1.3061100e+01
   1.2000000e+01   2.0589806e+01  -1.6334727e+02   9.8559924e+00  -3.8039082e+01  -3.3004254e+01   1.4589077e+01
   1.2000000e+01   1.7740267e+01  -1.6697616e+02   1.2950889e+01  -4.1648743e+01  -3.2502087e+01   1.2565208e+01
   1.2000000e+01   2.2382499e+01  -1.7491525e+02   2.0665493e+01  -4.2463693e+01  -2.7028086e+01   1.1931514e+01
   1.2000000e+01   2.1191779e+01  -1.7808876e+02   2.4627934e+01  -4.2239941e+01  -2.8517320e+01   1.5728680e+01
   1.2000000e+01   2.3256919e+01  -1.7631897e+02   2.4585961e+01  -4.0833498e+01  -2.8513887e+01   1.7074661e+01
   1.2000000e+01   2.4358735e+01  -1.7390691e+02   2.4193766e+01  -3.9612559e+01  -2.9569320e+01   1.9557021e+01
   1.2000000e+01   2.1619401e+01  -1.7157361e+02   2.0524141e+01  -3.8260391e+01  -3.0965990e+01   2.0686290e+01
   1.2000000e+01   2.5171838e+01  -1.7050610e+02   1.8883571e+01  -3.5855825e+01  -2.9576499e+01   2.4759040e+01
   1.2000000e+01   2.3597758e+01  -1.6862079e+02   1.6442633e+01  -3.4013893e+01  -3.0533246e+01   2.6959744e+01
   1.2000000e+01   2.4161890e+01  -1.6663623e+02   1.4772834e+01  -3.2621504e+01  -3.0385627e+01   3.0784663e+01
   1.2000000e+01   2.2432154e+01  -1.6487455e+02   1.4045485e+01  -3.0367266e+01  -3.2220416e+01   3.1085753e+01
   1.2000000e+01   2.0936276e+01  -1.6329333e+02   1.2298672e+01  -2.9133754e+01  -3.3445582e+01   3.4316319e+01
   1.2000000e+01   1.9916117e+01  -1.6298184e+02   9.7620433e+00  -2.7234763e+01  -3.2932747e+01   3.4545552e+01
   1.2000000e+01   2.0933704e+01  -1.6294801e+02   9.4378844e+00  -2.5359710e+01  -3.0992580e+01   3.3661187e+01
   1.2000000e+01   2.3575645e+01  -1.6380052e+02   1.1825339e+01  -2.3531505e+01  -2.9812593e+01   3.2508268e+01
   1.2000000e+01   2.6753942e+01  -1.6488270e+02   1.3924602e+01  -2.1539647e+01  -2.8479581e+01   3.1148160e+01
   1.2000000e+01   2.9117065e+01  -1.6512978e+02   1.6387556e+01  -2.0478902e+01  -2.7268051e+01   2.8607417e+01
   1.2000000e+01   3.0443031e+01  -1.6466202e+02   1.8134325e+01  -1.8940088e+01  -2.6861004e+01   2.8191624e+01
   1.2000000e+01   3.2924004e+01  -1.6430326e+02   2.0159113e+01  -1.7422474e+01  -2.5964510e+01   2.6938362e+01
   1.2000000e+01   3.1342681e+01  -1.6413441e+02   2.1008617e+01  -1.6582104e+01  -2.7139393e+01   2.4648699e+01
   1.2000000e+01   3.1277475e+01  -1.6387205e+02   2.1659860e+01  -1.5391113e+01  -2.7606377e+01   2.4151806e+01
   1.2000000e+01   2.7213944e+01  -1.6208423e+02   1.9828038e+01  -1.5251616e+01  -2.9297877e+01   2.2048572e+01
   1.2000000e+01   2.0245863e+01  -1.5885462e+02   1.6219541e+01  -1.6510540e+01  -3.2420056e+01   1.9591184e+01
   1.2000000e+01   1.7369210e+01  -1.5712841e+02   1.4357939e+01  -1.6352561e+01  -3.2234901e+01   2.0105542e+01
   1.2000000e+01   1.6532293e+01  -1.5661512e+02   1.3150862e+01  -1.5647673e+01  -3.1372985e+01   1.8718716e+01
   1.2000000e+01   1.6669079e+01  -1.5595513e+02   1.3422014e+01  -1.4462430e+01  -3.0414574e+01   1.6526435e+01
   1.2000000e+01   1.7673205e+01  -1.5650690e+02   1.4813597e+01  -1.2309724e+01  -2.9403984e+01   1.4608275e+01
   1.2000000e+01   2.1136547e+01  -1.5660412e+02   1.7198134e+01  -1.0076819e+01  -2.7200044e+01   1.2192556e+01
   1.2000000e+01   2.0029015e+01  -1.5578542e+02   1.7144955e+01  -9.0578716e+00  -2.7719289e+01   1.0482444e+01
   1.2000000e+01   2.0346362e+01  -1.5543656e+02   1.6823454e+01  -7.4411408e+00  -2.7133924e+01   8.8100001e+00
   1.2000000e+01   2.0153289e+01  -1.5533839e+02   1.6022194e+01  -5.5348249e+00  -2.6248605e+01   9.2972014e+00
   1.2000000e+01   2.0507652e+01  -1.5500694e+02   1.5444024e+01  -3.9165427e+00  -2.5391240e+01   7.5537793e+00
   1.2000000e+01   2.0951896e+01  -1.5400979e+02   1.3878224e+01  -3.8142857e+00  -2.5883308e+01   4.9193021e+00
   1.2000000e+01   2.2241265e+01  -1.5540170e+02   1.1049706e+01  -7.1183243e+00  -2.8622743e+01   1.7443530e+00
   1.2000000e+01   2.3652845e+01  -1.5631389e+02   9.4916956e+00  -1.2008500e+01  -3.1290593e+01   1.9796061e+00
   1.2000000e+01   2.6616415e+01  -1.5714573e+02   1.0444109e+01  -1.6720276e+01  -3.1453182e+01   4.5658892e+00
   1.2000000e+01   2.2111140e+01  -1.5725428e+02   9.4537370e+00  -2.4377171e+01  -3.4680280e+01   9.1735730e+00
   1.2000000e+01   2.2519142e+01  -1.5862018e+02   1.1436726e+01  -3.1049244e+01  -3.4594250e+01   1.2861269e+01
   1.2000000e+01   2.0611359e+01  -1.6105641e+02   1.0087153e+01  -3.6070987e+01  -3.2924781e+01   1.1977487e+01
   1.2000000e+01   2.2046637e+01  -1.6625433e+02   1.3230645e+01  -3.9243066e+01  -3.0205845e+01   1.1743006e+01
   1.2000000e+01   2.1515573e+01  -1.6947554e+02   1.6810594e+01  -4.2087620e+01  -2.9102141e+01   8.6083536e+00
   1.2000000e+01   2.1610107e+01  -1.7490987e+02   2.0593369e+01  -4.3375332e+01  -2.6778530e+01   8.0141293e+00
   1.2000000e+01   1.7795003e+01  -1.7769956e+02   2.1044107e+01  -4.1858758e+01  -2.7364364e+01   1.1713617e+01
   1.2000000e+01   1.9277203e+01  -1.7675015e+02   2.0784284e+01  -4.0289802e+01  -2.7876787e+01   1.2652175e+01
   1.2000000e+01   2.4404080e+01  -1.7553866e+02   2.4190970e+01  -3.8438023e+01  -2.8455461e+01   1.4301921e+01
   1.2000000e+01   2.0514644e+01  -1.7218628e+02   1.9975936e+01  -3.7643695e+01  -3.0872325e+01   1.6915677e+01
   1.2000000e+01   2.0007902e+01  -1.6981257e+02   1.5690043e+01  -3.7027870e+01  -3.1394292e+01   2.1384203e+01
   1.2000000e+01   2.0424483e+01  -1.6838720e+02   1.3131624e+01  -3.5796817e+01  -3.0585149e+01   2.4991991e+01
   1.2000000e+01   2.0300382e+01  -1.6703362e+02   1.1756380e+01  -3.4317661e+01  -3.1184835e+01   2.8562362e+01
   1.2000000e+01   1.9560023e+01  -1.6519112e+02   9.8308980e+00  -3.3190425e+01  -3.1647687e+01   3.1548984e+01
   1.2000000e+01   1.7350344e+01  -1.6375295e+02   7.7048233e+00  -3.2387161e+01  -3.2485895e+01   3.2144678e+01
   1.2000000e+01   1.6321058e+01  -1.6275305e+02   7.4317375e+00  -3.1053286e+01  -3.3718903e+01   3.4486490e+01
   1.2000000e+01   1.6831308e+01  -1.6229980e+02   5.9170900e+00  -2.9948915e+01  -3.2696966e+01   3.5410761e+01
   1.2000000e+01   1.5719250e+01  -1.6196562e+02   4.5869376e+00  -2.8971623e+01  -3.2364512e+01   3.4965033e+01
   1.2000000e+01   1.7341973e+01  -1.6195617e+02   4.0755575e+00  -2.7854166e+01  -3.0893248e+01   3.4867726e+01
   1.2000000e+01   1.5839151e+01  -1.6173074e+02   3.3189548e+00  -2.7341845e+01  -3.1193861e+01   3.5356285e+01
   1.2000000e+01   1.3557833e+01  -1.6046230e+02   2.3089248e+00  -2.7428332e+01  -3.2493520e+01   3.5399862e+01
   1.2000000e+01   1.5164123e+01  -1.6049339e+02   2.7113813e+00  -2.6679575e+01  -3.2024221e+01   3.6426051e+01
   1.2000000e+01   1.9568424e+01  -1.6028833e+02   6.0257171e+00  -2.5323608e+01  -3.0833261e+01   3.7560162e+01
   1.2000000e+01   2.3308311e+01  -1.6036398e+02   8.5502324e+00  -2.3926782e+01  -2.9946734e+01   3.8374935e+01
   1.2000000e+01   2.1805307e+01  -1.5858796e+02   7.9065465e+00  -2.4266154e+01  -3.1155411e+01   3.9116281e+01
   1.2000000e+01   1.9948165e+01  -1.5787249e+02   8.1231992e+00  -2.3714770e+01  -3.2086424e+01   3.8752920e+01
   1.2000000e+01   1.9535248e+01  -1.5834434e+02   8.5708729e+00  -2.2183711e+01  -3.3033516e+01   3.7788220e+01
   1.2000000e+01   1.9068028e+01  -1.5657840e+02   9.0053031e+00  -2.2125272e+01  -3.4210326e+01   3.8299577e+01
   1.2000000e+01   1.8939324e+01  -1.5593146e+02   9.8625999e+00  -2.1526108e+01  -3.4755645e+01   3.8437945e+01
   1.2000000e+01   1.9991319e+01  -1.5616681e+02   1.1363109e+01  -1.9953625e+01  -3.4633175e+01   3.7622301e+01
   1.2000000e+01   1.9111727e+01  -1.5533831e+02   1.1303163e+01  -1.8811821e+01  -3.5694210e+01   3.7541749e+01
   1.2000000e+01   1.6245968e+01  -1.5483571e+02   9.5583030e+00  -1.8027542e+01  -3.6592101e+01   3.6825256e+01
   1.2000000e+01   1.6908371e+01  -1.5449813e+02   8.8275926e+00  -1.6111600e+01  -3.5924530e+01   3.5688953e+01
   1.2000000e+01   1.7842436e+01  -1.5390521e+02   9.5679589e+00  -1.4742371e+01  -3.5753379e+01   3.4376707e+01
   1.2000000e+01   1.7130957e+01  -1.5328436e+02   9.3842152e+00  -1.2617014e+01  -3.6062418e+01   3.2800461e+01
   1.2000000e+01   1.7518139e+01  -1.5315690e+02   9.0519712e+00  -9.8546361e+00  -3.4833960e+01   3.1923601e+01
   1.2000000e+01   1.9044405e+01  -1.5286507e+02   9.1439223e+00  -7.2652010e+00  -3.3133194e+01   3.0518893e+01
   1.2000000e+01   2.1615155e+01  -1.5311948e+02   1.0020172e+01  -4.1776601e+00  -3.0762172e+01   2.8574517e+01
   1.2000000e+01   2.3058566e+01  -1.5334355e+02   1.0661250e+01  -1.2655209e+00  -2.9000767e+01   2.6890369e+01
   1.2000000e+01   2.3042630e+01  -1.5284840e+02   1.0330729e+01   8.4039774e-02  -2.8390675e+01   2.5226369e+01
   1.2000000e+01   2.4496268e+01  -1.5340611e+02   1.0012481e+01   1.1426445e+00  -2.7371467e+01   2.3288417e+01
   1.2000000e+01   2.1390259e+01  -1.5518089e+02   7.0665216e+00  -1.5596258e+00  -2.8997294e+01   2.1606437e+01
   1.2000000e+01   2.3418668e+01  -1.5523327e+02   5.2834629e+00  -6.3948848e+00  -3.2904597e+01   1.8254017e+01
   1.2000000e+01   1.9841500e+01  -1.5446692e+02   2.7604798e+00  -1.4252233e+01  -3.7965653e+01   1.8707677e+01
   1.2000000e+01   1.9599316e+01  -1.5523136e+02   4.0164007e+00  -2.2347997e+01  -3.9027828e+01   1.9819485e+01
   1.2000000e+01   1.8888678e+01  -1.5647816e+02   6.2511665e+00  -3.0272040e+01  -3.8790200e+01   1.9309507e+01
   1.2000000e+01   2.0111853e+01  -1.5962333e+02   8.6551017e+00  -3.5043413e+01  -3.3808416e+01   1.8379874e+01
   1.2000000e+01   2.0651165e+01  -1.6408042e+02   1.1422762e+01  -3.7064068e+01  -3.0474677e+01   1.6036132e+01
   1.2000000e+01   1.5331806e+01  -1.6815495e+02   1.2113546e+01  -3.9091006e+01  -2.9219374e+01   1.2813416e+01
   1.2000000e+01   1.6475627e+01  -1.7345719e+02   1.7942464e+01  -3.9213500e+01  -2.7958140e+01   1.2665041e+01
   1.2000000e+01   1.7557141e+01  -1.7633015e+02   2.0008329e+01  -3.7282698e+01  -2.7412334e+01   1.4797074e+01
   1.2000000e+01   2.1142597e+01  -1.7582454e+02   2.2387317e+01  -3.6039965e+01  -2.7657306e+01   1.7340702e+01
   1.2000000e+01   2.2665728e+01  -1.7457212e+02   2.4070170e+01  -3.4668890e+01  -2.9251372e+01   1.6900638e+01
   1.2000000e+01   2.1552636e+01  -1.7231618e+02   2.2356429e+01  -3.4105928e+01  -3.0749038e+01   1.7371070e+01
   1.2000000e+01   1.7373106e+01  -1.7033026e+02   1.8520976e+01  -3.3662098e+01  -3.2002229e+01   1.8004872e+01
   1.2000000e+01   1.7291416e+01  -1.6848947e+02   1.5813744e+01  -3.2197870e+01  -3.1584111e+01   1.9695003e+01
   1.2000000e+01   2.1143631e+01  -1.6688794e+02   1.5847236e+01  -3.0750723e+01  -2.9652523e+01   2.2880306e+01
   1.2000000e+01   2.3315050e+01  -1.6662826e+02   1.5464466e+01  -2.8580045e+01  -2.8956373e+01   2.6203013e+01
   1.2000000e+01   1.5919979e+01  -1.6428471e+02   9.7925836e+00  -2.8517847e+01  -3.2623521e+01   2.8976671e+01
   1.2000000e+01   1.9104260e+01  -1.6486207e+02   9.8267653e+00  -2.5702626e+01  -3.0062205e+01   3.0936621e+01
   1.2000000e+01   2.2316454e+01  -1.6458985e+02   1.1718058e+01  -2.3339355e+01  -2.9459320e+01   3.1440066e+01
   1.2000000e+01   2.2468090e+01  -1.6333494e+02   1.2027081e+01  -2.1579783e+01  -3.0612046e+01   3.2263459e+01
   1.2000000e+01   2.1354133e+01  -1.6234932e+02   1.1857743e+01  -1.9621860e+01  -3.2153617e+01   3.3419730e+01
   1.2000000e+01   1.9664210e+01  -1.6072395e+02   1.0366057e+01  -1.8545215e+01  -3.3196011e+01   3.3661548e+01
   1.2000000e+01   1.9665930e+01  -1.5957227e+02   1.0179260e+01  -1.7583146e+01  -3.2726653e+01   3.1320774e+01
   1.2000000e+01   1.9042745e+01  -1.5893863e+02   9.9604825e+00  -1.6556838e+01  -3.2677440e+01   3.1298164e+01
   1.2000000e+01   1.5849345e+01  -1.5696685e+02   7.0966653e+00  -1.6126535e+01  -3.2607607e+01   3.1691383e+01
   1.2000000e+01   1.8687515e+01  -1.5731748e+02   8.5087423e+00  -1.3901713e+01  -3.0841012e+01   2.9457974e+01
   1.2000000e+01   1.6345484e+01  -1.5521708e+02   7.2239887e+00  -1.4050543e+01  -3.1927006e+01   2.6161667e+01
   1.2000000e+01   1.4998216e+01  -1.5391288e+02   6.5780849e+00  -1.3591421e+01  -3.1577126e+01   2.5513682e+01
   1.2000000e+01   1.6481473e+01  -1.5325338e+02   6.8497606e+00  -1.1579899e+01  -2.9686949e+01   2.5006409e+01
   1.2000000e+01   1.7698048e+01  -1.5343429e+02   7.5257353e+00  -9.2920661e+00  -2.7818875e+01   2.3226937e+01
   1.2000000e+01   1.7995071e+01  -1.5358183e+02   7.9253243e+00  -7.4837077e+00  -2.6459645e+01   1.9854740e+01
   1.2000000e+01   1.8283187e+01  -1.5334820e+02   8.2619887e+00  -5.9760988e+00  -2.5391176e+01   1.8007224e+01
   1.2000000e+01   1.8617078e+01  -1.5328358e+02   8.6621951e+00  -4.3734588e+00  -2.4377704e+01   1.5472506e+01
   1.2000000e+01   1.8856235e+01  -1.5317571e+02   9.2085260e+00  -2.7540968e+00  -2.3381745e+01   1.3309807e+01
   1.2000000e+01   1.5893579e+01  -1.5289362e+02   8.4564443e+00  -2.6151978e+00  -2.4628815e+01   1.0200338e+01
   1.2000000e+01   1.7966390e+01  -1.5248444e+02   9.6306570e+00  -3.1083949e+00  -2.5569911e+01   7.2133995e+00
   1.2000000e+01   1.7790025e+01  -1.5423643e+02   7.8403840e+00  -5.8928431e+00  -2.9230033e+01   4.7940111e+00
   1.2000000e+01   2.0851928e+01  -1.5588601e+02   7.0569374e+00  -1.0001886e+01  -3.1335024e+01   5.8889599e+00
   1.2000000e+01   2.0832746e+01  -1.5648530e+02   5.8563842e+00  -1.7007685e+01  -3.4780329e+01   6.4568966e+00
   1.2000000e+01   2.2257127e+01  -1.5792112e+02   6.8161199e+00  -2.4354381e+01  -3.6087363e+01   1.9963068e+00
   1.2000000e+01   1.8348582e+01  -1.5703257e+02   5.8256201e+00  -3.2358128e+01  -3.8606232e+01   6.4490502e+00
   1.2000000e+01   1.5110379e+01  -1.5900396e+02   4.3034228e+00  -3.8592453e+01  -3.5447459e+01   8.8453535e+00
   1.2000000e+01   1.5351176e+01  -1.6267865e+02   6.7334753e+00  -4.3143475e+01  -3.2369749e+01   1.1245525e+01
   1.2000000e+01   1.4509860e+01  -1.6709323e+02   1.1858585e+01  -4.5181081e+01  -3.2616942e+01   1.1631545e+01
   1.2000000e+01   1.8236259e+01  -1.7354367e+02   1.8804249e+01  -4.4234644e+01  -3.0110545e+01   1.5236599e+01
   1.2000000e+01   2.0577878e+01  -1.7611923e+02   2.3852079e+01  -4.2638798e+01  -3.0273283e+01   1.5707234e+01
   1.2000000e+01   2.2534510e+01  -1.7423848e+02   2.5211146e+01  -4.1367440e+01  -3.2431178e+01   1.9089600e+01
   1.2000000e+01   2.0136201e+01  -1.7073616e+02   2.0639397e+01  -4.0536684e+01  -3.3240685e+01   2.1923898e+01
   1.2000000e+01   1.8922333e+01  -1.6938412e+02   1.6244244e+01  -3.8602090e+01  -3.3447371e+01   2.3391151e+01
   1.2000000e+01   1.8601038e+01  -1.6773478e+02   1.2897601e+01  -3.7175780e+01  -3.2964136e+01   2.8581585e+01
   1.2000000e+01   1.8530229e+01  -1.6616853e+02   1.0669773e+01  -3.5037821e+01  -3.2869302e+01   3.1169601e+01
   1.2000000e+01   1.6907596e+01  -1.6392219e+02   8.1682855e+00  -3.4352190e+01  -3.3595075e+01   3.2953084e+01
   1.2000000e+01   1.5116899e+01  -1.6207246e+02   6.6161849e+00  -3.3478378e+01  -3.5522831e+01   3.5374456e+01
   1.2000000e+01   1.6244881e+01  -1.6171461e+02   8.1819148e+00  -3.1251294e+01  -3.6438144e+01   3.7638844e+01
   1.2000000e+01   1.5551120e+01  -1.6029198e+02   6.2912798e+00  -2.9957992e+01  -3.6959681e+01   3.9557825e+01
   1.2000000e+01   1.4740968e+01  -1.5941578e+02   6.1397355e+00  -2.8431106e+01  -3.8531700e+01   4.0368206e+01
   1.2000000e+01   1.4536985e+01  -1.5761403e+02   5.0770227e+00  -2.6969637e+01  -3.8878943e+01   4.0988047e+01
   1.2000000e+01   1.4784335e+01  -1.5663848e+02   4.3271374e+00  -2.5009530e+01  -3.8515090e+01   4.1223142e+01
   1.2000000e+01   1.7302771e+01  -1.5608109e+02   5.8190521e+00  -2.2431662e+01  -3.8468010e+01   3.9432828e+01
   1.2000000e+01   2.0770012e+01  -1.5620512e+02   8.2260373e+00  -1.9492258e+01  -3.7516269e+01   4.0001993e+01
   1.2000000e+01   1.8964184e+01  -1.5599213e+02   9.3691360e+00  -1.7933078e+01  -3.8170099e+01   3.9673418e+01
   1.2000000e+01   2.0122003e+01  -1.5525432e+02   1.0280951e+01  -1.6414465e+01  -3.8302487e+01   3.7932601e+01
   1.2000000e+01   1.8968227e+01  -1.5462180e+02   8.6400865e+00  -1.4966545e+01  -3.7239987e+01   3.7659410e+01
   1.2000000e+01   2.0254582e+01  -1.5448363e+02   9.2404762e+00  -1.2316298e+01  -3.5638275e+01   3.6053723e+01
   1.2000000e+01   1.7022416e+01  -1.5297490e+02   6.9939050e+00  -1.1441115e+01  -3.5953000e+01   3.4219341e+01
   1.2000000e+01   1.9085656e+01  -1.5315583e+02   7.6581677e+00  -8.2028605e+00  -3.3740518e+01   3.3718623e+01
   1.2000000e+01   1.8808328e+01  -1.5268432e+02   7.4379737e+00  -5.1699036e+00  -3.2749191e+01   3.3045472e+01
   1.2000000e+01   1.9308033e+01  -1.5251638e+02   7.3157292e+00  -4.6739862e+00  -3.1958878e+01   2.8964931e+01
   1.2000000e+01   2.0759062e+01  -1.5257973e+02   8.0434451e+00  -2.8814396e+00  -3.0246770e+01   2.7351332e+01
   1.2000000e+01   2.1459333e+01  -1.5223301e+02   8.8980296e+00  -1.4179904e+00  -2.9554658e+01   2.5157457e+01
   1.2000000e+01   2.3512026e+01  -1.5225806e+02   1.0561772e+01   6.8085389e-01  -2.8198225e+01   2.3116401e+01
   1.2000000e+01   2.2796933e+01  -1.5182973e+02   1.1308902e+01   1.9030464e+00  -2.8277701e+01   2.1764929e+01
   1.2000000e+01   2.3154683e+01  -1.5153060e+02   1.1876082e+01   3.0651508e+00  -2.8458344e+01   1.9715006e+01
   1.2000000e+01   2.2466877e+01  -1.5212185e+02   1.1325349e+01   1.5348394e+00  -3.0252924e+01   1.7601725e+01
   1.2000000e+01   2.2050109e+01  -1.5485466e+02   9.7992601e+00  -3.8054244e+00  -3.1275417e+01   1.5129919e+01
   1.2000000e+01   2.0371590e+01  -1.5590183e+02   8.6734104e+00  -1.0073126e+01  -3.3555359e+01   1.2139040e+01
   1.2000000e+01   2.0905935e+01  -1.5641248e+02   8.9932831e+00  -1.6306652e+01  -3.4667063e+01   9.8634349e+00
   1.2000000e+01   2.2341753e+01  -1.5801717e+02   1.2514388e+01  -2.2690339e+01  -3.6034973e+01   1.3537184e+01
   1.2000000e+01   2.2349185e+01  -1.5947177e+02   1.5421103e+01  -2.8714738e+01  -3.7701095e+01   1.4974077e+01
   1.2000000e+01   2.1947664e+01  -1.6134274e+02   1.3504356e+01  -3.4527380e+01  -3.5615924e+01   1.5514311e+01
   1.2000000e+01   1.9089353e+01  -1.6518538e+02   1.4324022e+01  -3.8489265e+01  -3.4795549e+01   1.2860290e+01
   1.2000000e+01   1.7150243e+01  -1.6901556e+02   1.6672080e+01  -4.1202419e+01  -3.2283259e+01   1.1673278e+01
   1.2000000e+01   1.8857098e+01  -1.7542981e+02   2.3058316e+01  -4.0740250e+01  -3.0418533e+01   1.3201329e+01
   1.2000000e+01   2.1489690e+01  -1.7592991e+02   2.6186507e+01  -3.9709126e+01  -3.1377578e+01   1.5052757e+01
   1.2000000e+01   2.1910960e+01  -1.7434955e+02   2.4672265e+01  -3.7813878e+01  -3.1890937e+01   1.6419295e+01
   1.2000000e+01   2.0227469e+01  -1.7252876e+02   2.1506380e+01  -3.6659770e+01  -3.1840076e+01   1.6739286e+01
   1.2000000e+01   1.8368308e+01  -1.6990489e+02   1.7939990e+01  -3.5778447e+01  -3.2860916e+01   1.8843501e+01
   1.2000000e+01   2.0563683e+01  -1.6933656e+02   1.6222717e+01  -3.3546697e+01  -3.1518229e+01   2.1327925e+01
   1.2000000e+01   1.7519107e+01  -1.6729166e+02   1.2820383e+01  -3.2314799e+01  -3.2918554e+01   2.5417106e+01
   1.2000000e+01   1.6598330e+01  -1.6620801e+02   1.0457882e+01  -3.0940490e+01  -3.2635134e+01   2.6537865e+01
   1.2000000e+01   1.9428180e+01  -1.6509068e+02   1.1776107e+01  -2.9045358e+01  -3.2489799e+01   2.9447332e+01
   1.2000000e+01   1.9469516e+01  -1.6448954e+02   1.0997588e+01  -2.7049401e+01  -3.2205814e+01   3.1897414e+01
   1.2000000e+01   2.2113072e+01  -1.6397068e+02   1.3451682e+01  -2.5702356e+01  -3.2517609e+01   3.2152273e+01
   1.2000000e+01   2.5835011e+01  -1.6379896e+02   1.6213499e+01  -2.3008468e+01  -3.2242117e+01   3.1933044e+01
   1.2000000e+01   2.2675171e+01  -1.6243093e+02   1.5356197e+01  -2.1789623e+01  -3.4878645e+01   3.3710424e+01
   1.2000000e+01   2.2900635e+01  -1.6213143e+02   1.5019234e+01  -1.9543343e+01  -3.5403599e+01   3.3078361e+01
   1.2000000e+01   2.3837052e+01  -1.6065718e+02   1.5714522e+01  -1.7965335e+01  -3.4718676e+01   3.2394052e+01
   1.2000000e+01   2.2630641e+01  -1.5961220e+02   1.4228656e+01  -1.7283225e+01  -3.4327457e+01   3.1742458e+01
   1.2000000e+01   1.8224148e+01  -1.5734556e+02   1.1733194e+01  -1.7303462e+01  -3.5700379e+01   3.1900365e+01
   1.2000000e+01   1.7158234e+01  -1.5568568e+02   1.0006252e+01  -1.6480076e+01  -3.5251756e+01   3.1404499e+01
   1.2000000e+01   1.6428393e+01  -1.5384642e+02   8.5170615e+00  -1.5576766e+01  -3.4771561e+01   2.8737437e+01
   1.2000000e+01   1.8474010e+01  -1.5302186e+02   8.5240980e+00  -1.3420799e+01  -3.2110099e+01   2.6331275e+01
   1.2000000e+01   1.9169891e+01  -1.5281871e+02   8.6282540e+00  -1.1498888e+01  -3.0528389e+01   2.5174610e+01
   1.2000000e+01   1.9703883e+01  -1.5297487e+02   9.0266475e+00  -9.6098243e+00  -2.8821951e+01   2.2843830e+01
   1.2000000e+01   2.0508950e+01  -1.5265383e+02   9.1821947e+00  -7.3705795e+00  -2.7381768e+01   2.1089374e+01
   1.2000000e+01   2.0349033e+01  -1.5244239e+02   9.6267643e+00  -5.7699822e+00  -2.6446492e+01   1.8373550e+01
   1.2000000e+01   2.1668142e+01  -1.5239198e+02   1.0671623e+01  -3.0781706e+00  -2.5332579e+01   1.6407405e+01
   1.2000000e+01   2.1438834e+01  -1.5215462e+02   1.1451884e+01  -1.8019107e+00  -2.5110186e+01   1.3803350e+01
   1.2000000e+01   2.1621425e+01  -1.5185422e+02   1.2098702e+01  -3.9728532e-01  -2.5150727e+01   1.1926509e+01
   1.2000000e+01   2.2946367e+01  -1.5254405e+02   1.1936433e+01  -2.4882761e-01  -2.6426526e+01   8.4807382e+00
   1.2000000e+01   2.4056043e+01  -1.5347915e+02   1.1981427e+01  -2.0432103e+00  -2.7982044e+01   5.6736334e+00
   1.2000000e+01   2.4661981e+01  -1.5549725e+02   1.2286975e+01  -5.9529492e+00  -2.9948062e+01   6.7844619e+00
   1.2000000e+01   2.3170416e+01  -1.5844019e+02   1.2763666e+01  -1.2587712e+01  -3.2215299e+01   4.4732808e+00
   1.2000000e+01   2.3310934e+01  -1.6006892e+02   1.3687081e+01  -1.9125148e+01  -3.3522718e+01   6.5688944e+00
   1.2000000e+01   1.9335754e+01  -1.6075454e+02   1.2232319e+01  -2.6376108e+01  -3.5662905e+01   1.0838957e+01
   1.2000000e+01   2.0759869e+01  -1.6353295e+02   1.2897554e+01  -3.2177960e+01  -3.4468373e+01   1.1019194e+01
   1.2000000e+01   2.1245032e+01  -1.6679210e+02   1.4183832e+01  -3.6427196e+01  -3.3181867e+01   1.0616620e+01
   1.2000000e+01   1.7258579e+01  -1.6748145e+02   1.4257612e+01  -4.0575571e+01  -3.4352553e+01   8.1010310e+00
   1.2000000e+01   1.7068151e+01  -1.7059825e+02   1.6091624e+01  -4.1423948e+01  -3.2213095e+01   7.4646769e+00
   1.2000000e+01   2.2274808e+01  -1.7494830e+02   2.3710104e+01  -4.0527589e+01  -3.0315432e+01   6.6225815e+00
   1.2000000e+01   2.2392895e+01  -1.7703910e+02   2.8380985e+01  -3.8687406e+01  -3.2225303e+01   1.2351092e+01
   1.2000000e+01   2.4155003e+01  -1.7577415e+02   2.8503676e+01  -3.7110576e+01  -3.3070147e+01   1.4021292e+01
   1.2000000e+01   2.3677654e+01  -1.7363496e+02   2.7759434e+01  -3.5930295e+01  -3.4111582e+01   1.5426076e+01
   1.2000000e+01   2.3782860e+01  -1.7191246e+02   2.5041813e+01  -3.4951153e+01  -3.2975612e+01   1.7682822e+01
   1.2000000e+01   2.4851149e+01  -1.7041471e+02   2.2272862e+01  -3.3521735e+01  -3.1496592e+01   1.9385272e+01
   1.2000000e+01   2.5704587e+01  -1.6949082e+02   2.0664907e+01  -3.1282839e+01  -3.1076617e+01   2.2471222e+01
   1.2000000e+01   2.3771104e+01  -1.6779731e+02   1.7717109e+01  -2.9990691e+01  -3.1354437e+01   2.5294376e+01
   1.2000000e+01   2.2971313e+01  -1.6655536e+02   1.6540128e+01  -2.8877864e+01  -3.1619917e+01   2.7384414e+01
   1.2000000e+01   2.2691778e+01  -1.6588690e+02   1.6914298e+01  -2.7166599e+01  -3.2233950e+01   2.7887039e+01
   1.2000000e+01   2.5094798e+01  -1.6549514e+02   1.8190144e+01  -2.4726360e+01  -3.1908701e+01   2.8416909e+01
   1.2000000e+01   2.4606111e+01  -1.6490808e+02   1.8508029e+01  -2.3726075e+01  -3.2930524e+01   2.9060039e+01
   1.2000000e+01   2.4739223e+01  -1.6400048e+02   1.8520631e+01  -2.2036636e+01  -3.3720510e+01   2.8965963e+01
   1.2000000e+01   2.3656791e+01  -1.6239599e+02   1.7984512e+01  -2.1244077e+01  -3.5021795e+01   2.9273170e+01
   1.2000000e+01   2.1430135e+01  -1.6093034e+02   1.5826401e+01  -2.0458743e+01  -3.5344243e+01   3.0113392e+01
   1.2000000e+01   2.1989657e+01  -1.6046445e+02   1.5239703e+01  -1.9098970e+01  -3.4130094e+01   2.8482939e+01
   1.2000000e+01   2.4866307e+01  -1.6028624e+02   1.6723913e+01  -1.6750900e+01  -3.2617920e+01   2.8159596e+01
   1.2000000e+01   2.2416708e+01  -1.5956323e+02   1.6067743e+01  -1.5525298e+01  -3.4074011e+01   2.8021275e+01
   1.2000000e+01   1.8361968e+01  -1.5675986e+02   1.2057131e+01  -1.5327520e+01  -3.4428633e+01   2.9300330e+01
   1.2000000e+01   1.7753585e+01  -1.5605027e+02   1.1011587e+01  -1.4124110e+01  -3.3280410e+01   2.7755017e+01
   1.2000000e+01   1.7715542e+01  -1.5501338e+02   1.0475398e+01  -1.3731522e+01  -3.3097027e+01   2.4699671e+01
   1.2000000e+01   1.8191169e+01  -1.5392295e+02   1.0615544e+01  -1.1647364e+01  -3.2160995e+01   2.4307718e+01
   1.2000000e+01   1.9981407e+01  -1.5406381e+02   1.1884314e+01  -9.9754618e+00  -3.0766113e+01   2.1527595e+01
   1.2000000e+01   1.8261832e+01  -1.5353536e+02   1.1446699e+01  -8.7632125e+00  -3.0870323e+01   2.0102220e+01
   1.2000000e+01   2.0347202e+01  -1.5308215e+02   1.2269952e+01  -7.2377358e+00  -2.8780583e+01   1.8897681e+01
   1.2000000e+01   2.0668252e+01  -1.5307780e+02   1.2142089e+01  -5.3745886e+00  -2.7912554e+01   1.8240822e+01
   1.2000000e+01   2.3362893e+01  -1.5327339e+02   1.3589267e+01  -2.4606174e+00  -2.6744036e+01   1.7234801e+01
   1.2000000e+01   2.3976314e+01  -1.5281136e+02   1.4858647e+01  -1.0634884e+00  -2.6897160e+01   1.4734763e+01
   1.2000000e+01   2.3715836e+01  -1.5282703e+02   1.5273875e+01  -2.1428259e-01  -2.7753331e+01   1.3486433e+01
   1.2000000e+01   2.3124775e+01  -1.5322753e+02   1.5032311e+01  -1.6094001e+00  -2.9279186e+01   1.2053362e+01
   1.2000000e+01   2.2773872e+01  -1.5597287e+02   1.3929302e+01  -7.2722662e+00  -3.1431097e+01   1.0552482e+01
   1.2000000e+01   2.3076517e+01  -1.5789909e+02   1.3597143e+01  -1.3129375e+01  -3.2933467e+01   8.1905550e+00
   1.2000000e+01   2.3640635e+01  -1.5971828e+02   1.4022388e+01  -1.9608823e+01  -3.3336459e+01   1.4246919e+01
   1.2000000e+01   2.3240451e+01  -1.6097990e+02   1.5085975e+01  -2.6039550e+01  -3.3916953e+01   1.9110106e+01
   1.2000000e+01   2.0159464e+01  -1.6229295e+02   1.5455340e+01  -3.2409774e+01  -3.5312270e+01   2.1584731e+01
   1.2000000e+01   1.8332012e+01  -1.6668755e+02   1.7656472e+01  -3.6393652e+01  -3.3880701e+01   2.2304633e+01
   1.2000000e+01   1.9467074e+01  -1.6968201e+02   1.9417197e+01  -3.7318025e+01  -3.2170269e+01   2.1652958e+01
   1.2000000e+01   1.9537644e+01  -1.6919721e+02   1.8718363e+01  -3.6118742e+01  -3.2813405e+01   2.2370894e+01
   1.2000000e+01   1.9050473e+01  -1.6804590e+02   1.7285841e+01  -3.4735517e+01  -3.3953258e+01   2.4250045e+01
   1.2000000e+01   1.8544357e+01  -1.6801974e+02   1.5422903e+01  -3.3404639e+01  -3.3724063e+01   2.5887690e+01
   1.2000000e+01   1.9330348e+01  -1.6709124e+02   1.5495379e+01  -3.1811676e+01  -3.4712701e+01   2.8628155e+01
   1.2000000e+01   1.9449688e+01  -1.6605186e+02   1.5335591e+01  -3.0387578e+01  -3.5822648e+01   3.0330139e+01
   1.2000000e+01   1.8169581e+01  -1.6451953e+02   1.4826873e+01  -2.8954727e+01  -3.7620664e+01   3.1711125e+01
   1.2000000e+01   1.9103473e+01  -1.6404621e+02   1.5325147e+01  -2.6500867e+01  -3.7552809e+01   3.3242185e+01
   1.2000000e+01   1.8054077e+01  -1.6308158e+02   1.3203231e+01  -2.4696394e+01  -3.7030543e+01   3.3257235e+01
   1.2000000e+01   1.8423336e+01  -1.6289545e+02   1.1106447e+01  -2.2458963e+01  -3.5415788e+01   3.2663451e+01
   1.2000000e+01   1.8425805e+01  -1.6256623e+02   9.1805931e+00  -1.9664818e+01  -3.3996953e+01   3.2945106e+01
   1.2000000e+01   2.0731078e+01  -1.6256299e+02   1.0294986e+01  -1.7382737e+01  -3.2302706e+01   3.2498193e+01
   1.2000000e+01   2.0912353e+01  -1.6178953e+02   1.1315375e+01  -1.6203050e+01  -3.2333655e+01   3.0220788e+01
   1.2000000e+01   2.3738000e+01  -1.6190646e+02   1.3654497e+01  -1.4307143e+01  -3.1580470e+01   2.9767045e+01
   1.2000000e+01   2.2381378e+01  -1.6122259e+02   1.4459013e+01  -1.2894107e+01  -3.3394065e+01   2.8976352e+01
   1.2000000e+01   1.8607701e+01  -1.5916760e+02   1.2751867e+01  -1.3252410e+01  -3.5563047e+01   2.8263688e+01
   1.2000000e+01   1.7561054e+01  -1.5809043e+02   1.2230264e+01  -1.2689168e+01  -3.5668532e+01   2.7235189e+01
   1.2000000e+01   1.9161065e+01  -1.5766397e+02   1.2510390e+01  -1.1282122e+01  -3.3625746e+01   2.5187649e+01
   1.2000000e+01   1.7475650e+01  -1.5623257e+02   1.1318931e+01  -1.0334231e+01  -3.3380133e+01   2.5137545e+01
   1.2000000e+01   1.4196869e+01  -1.5446052e+02   9.2338268e+00  -1.0209297e+01  -3.4152867e+01   2.2794436e+01
   1.2000000e+01   1.5575373e+01  -1.5373823e+02   9.7846686e+00  -9.2771192e+00  -3.2308414e+01   1.8322974e+01
   1.2000000e+01   1.6896132e+01  -1.5364136e+02   1.0616512e+01  -7.1744182e+00  -3.0429378e+01   1.6027807e+01
   1.2000000e+01   1.6491849e+01  -1.5299907e+02   1.1626423e+01  -5.8074080e+00  -2.9269782e+01   1.6374994e+01
   1.2000000e+01   1.9226359e+01  -1.5243920e+02   1.2916013e+01  -3.5175956e+00  -2.7303962e+01   1.4384487e+01
   1.2000000e+01   2.1586058e+01  -1.5312992e+02   1.4907049e+01  -6.2109090e-01  -2.5585311e+01   1.1229296e+01
   1.2000000e+01   2.1275191e+01  -1.5318538e+02   1.6116914e+01   1.6454137e+00  -2.5411858e+01   9.0789049e+00
   1.2000000e+01   1.9237312e+01  -1.5271615e+02   1.6297177e+01   2.4415560e+00  -2.6305011e+01   6.9917707e+00
   1.2000000e+01   1.7220582e+01  -1.5146915e+02   1.5957003e+01   2.2257016e+00  -2.7645904e+01   5.1046985e+00
   1.2000000e+01   1.9383009e+01  -1.5142534e+02   1.6388185e+01   2.5202335e+00  -2.7619883e+01   1.7019122e+00
   1.2000000e+01   2.1307178e+01  -1.5346832e+02   1.5041552e+01  -4.5826215e-01  -2.8775654e+01  -1.9234266e+00
   1.2000000e+01   2.1592149e+01  -1.5522932e+02   1.2097664e+01  -4.2274293e+00  -3.3036597e+01  -1.4714416e+00
   1.2000000e+01   2.2031969e+01  -1.5612479e+02   1.1131565e+01  -9.0545208e+00  -3.5182815e+01   3.5324660e+00
   1.2000000e+01   1.9985401e+01  -1.5689564e+02   1.1551719e+01  -1.5301234e+01  -3.8532316e+01   9.9034757e+00
   1.2000000e+01   1.7416412e+01  -1.5699579e+02   1.1910186e+01  -2.2489590e+01  -4.1855527e+01   1.7055667e+01
   1.2000000e+01   1.8641337e+01  -1.5947455e+02   1.3558241e+01  -2.8555041e+01  -4.0513201e+01   2.1900746e+01
   1.2000000e+01   1.8922315e+01  -1.6105609e+02   1.3487841e+01  -3.3215732e+01  -3.9702025e+01   1.9727179e+01
   1.2000000e+01   1.7450417e+01  -1.6198120e+02   1.2068247e+01  -3.8086496e+01  -4.0295053e+01   1.9962656e+01
   1.2000000e+01   1.6982357e+01  -1.6279224e+02   1.2019752e+01  -4.1151275e+01  -3.9771613e+01   2.1379381e+01
   1.2000000e+01   1.8536304e+01  -1.6535193e+02   1.3541516e+01  -4.1931874e+01  -3.7085765e+01   2.2212416e+01
   1.2000000e+01   1.9392854e+01  -1.6850511e+02   1.6513748e+01  -4.0212097e+01  -3.4674494e+01   2.3646949e+01
   1.2000000e+01   2.3708848e+01  -1.7123567e+02   2.0888032e+01  -3.7306606e+01  -3.0281501e+01   2.1018962e+01
   1.2000000e+01   2.5651190e+01  -1.7066681e+02   2.0595299e+01  -3.6720856e+01  -3.1173141e+01   2.3445459e+01
   1.2000000e+01   2.0684241e+01  -1.6869235e+02   1.6073638e+01  -3.6492493e+01  -3.4015025e+01   2.6635933e+01
   1.2000000e+01   2.0427833e+01  -1.6794700e+02   1.4325475e+01  -3.4897374e+01  -3.3856763e+01   2.8962664e+01
   1.2000000e+01   2.1687522e+01  -1.6670686e+02   1.2944840e+01  -3.3348736e+01  -3.3106942e+01   3.2086096e+01
   1.2000000e+01   2.3788563e+01  -1.6603227e+02   1.3477659e+01  -3.1485784e+01  -3.2734642e+01   3.3172418e+01
   1.2000000e+01   1.8522338e+01  -1.6373450e+02   9.6482051e+00  -3.0845202e+01  -3.5866754e+01   3.5119199e+01
   1.2000000e+01   1.5444489e+01  -1.6227174e+02   5.9762543e+00  -2.9920652e+01  -3.5765936e+01   3.6473085e+01
   1.2000000e+01   1.6484793e+01  -1.6217914e+02   6.7182082e+00  -2.7907362e+01  -3.4919939e+01   3.7299948e+01
   1.2000000e+01   1.8319173e+01  -1.6189760e+02   7.5740153e+00  -2.6051346e+01  -3.4424176e+01   3.7847280e+01
   1.2000000e+01   1.9080380e+01  -1.6127921e+02   8.4592644e+00  -2.4183835e+01  -3.4777529e+01   3.8264595e+01
   1.2000000e+01   1.9145706e+01  -1.6114152e+02   8.6263179e+00  -2.2124693e+01  -3.5851362e+01   3.8244153e+01
   1.2000000e+01   1.9543419e+01  -1.6038771e+02   9.0342990e+00  -2.0098248e+01  -3.6557586e+01   3.8795870e+01
   1.2000000e+01   2.0404169e+01  -1.5958790e+02   1.0210326e+01  -1.8936124e+01  -3.6285892e+01   3.9107606e+01
   1.2000000e+01   2.1198177e+01  -1.5901821e+02   1.1381209e+01  -1.7714781e+01  -3.6864213e+01   3.6964938e+01
   1.2000000e+01   2.3311230e+01  -1.5861129e+02   1.3380383e+01  -1.5951876e+01  -3.6381256e+01   3.6180228e+01
   1.2000000e+01   2.3403354e+01  -1.5805315e+02   1.4429942e+01  -1.4819897e+01  -3.6533451e+01   3.5100124e+01
   1.2000000e+01   2.0646173e+01  -1.5699458e+02   1.2628263e+01  -1.4466693e+01  -3.7056685e+01   3.5154190e+01
   1.2000000e+01   1.8122430e+01  -1.5642685e+02   1.1164819e+01  -1.3572495e+01  -3.6940237e+01   3.4254461e+01
   1.2000000e+01   1.6548989e+01  -1.5556683e+02   9.5490293e+00  -1.2654440e+01  -3.6796941e+01   3.1504969e+01
   1.2000000e+01   1.6093022e+01  -1.5389299e+02   8.2881135e+00  -1.1545885e+01  -3.5407151e+01   2.9572913e+01
   1.2000000e+01   1.7392974e+01  -1.5278813e+02   7.9192122e+00  -9.9311091e+00  -3.3084077e+01   2.8134767e+01
   1.2000000e+01   1.7754077e+01  -1.5284289e+02   7.3080009e+00  -7.7182912e+00  -3.1387776e+01   2.7657277e+01
   1.2000000e+01   1.9706404e+01  -1.5272868e+02   7.9249803e+00  -6.1624393e+00  -2.9797456e+01   2.4110705e+01
   1.2000000e+01   2.0795877e+01  -1.5277881e+02   8.8452152e+00  -4.2843353e+00  -2.8855157e+01   2.2030480e+01
   1.2000000e+01   2.2498170e+01  -1.5305511e+02   1.0508424e+01  -2.0269320e+00  -2.7340584e+01   2.1673289e+01
   1.2000000e+01   2.2428722e+01  -1.5270680e+02   1.1261270e+01  -3.0442396e-01  -2.7376589e+01   1.9396387e+01
   1.2000000e+01   2.2936633e+01  -1.5216140e+02   1.2285384e+01   1.0978388e+00  -2.7182656e+01   1.8144817e+01
   1.2000000e+01   2.3607816e+01  -1.5179178e+02   1.3162381e+01   2.3690361e+00  -2.7090321e+01   1.8251812e+01
   1.2000000e+01   2.3843906e+01  -1.5170626e+02   1.4028210e+01   3.1393407e+00  -2.7669712e+01   1.6098897e+01
   1.2000000e+01   2.5236403e+01  -1.5291925e+02   1.4487986e+01   1.8463360e+00  -2.8716364e+01   1.3345325e+01
   1.2000000e+01   2.6626400e+01  -1.5551761e+02   1.2531568e+01  -2.0147988e+00  -3.2441321e+01   1.0530994e+01
   1.2000000e+01   2.4165599e+01  -1.5665867e+02   1.0263442e+01  -9.0128576e+00  -3.7203286e+01   1.2016672e+01
   1.2000000e+01   2.0245038e+01  -1.5688119e+02   9.1558651e+00  -1.6805465e+01  -4.0684006e+01   1.6352005e+01
   1.2000000e+01   2.0523086e+01  -1.5840571e+02   1.2264546e+01  -2.4404820e+01  -4.2554035e+01   2.2173734e+01
   1.2000000e+01   2.0222509e+01  -1.6024819e+02   1.5636633e+01  -3.1022168e+01  -4.1693466e+01   2.4058176e+01
   1.2000000e+01   2.2162675e+01  -1.6235509e+02   1.8329553e+01  -3.5247458e+01  -3.8782004e+01   2.3181828e+01
   1.2000000e+01   1.8273092e+01  -1.6630543e+02   2.0219217e+01  -3.9039245e+01  -3.7677731e+01   2.2476976e+01
   1.2000000e+01   2.1961230e+01  -1.7122172e+02   2.5512111e+01  -3.8148686e+01  -3.3500014e+01   1.9429096e+01
   1.2000000e+01   2.1091719e+01  -1.7093716e+02   2.3483275e+01  -3.7231245e+01  -3.3406211e+01   2.0100818e+01
   1.2000000e+01   2.2606436e+01  -1.6962132e+02   2.2903408e+01  -3.6884557e+01  -3.2472952e+01   1.9919061e+01
   1.2000000e+01   2.2609318e+01  -1.6901251e+02   2.1125548e+01  -3.6089323e+01  -3.2975064e+01   2.1812866e+01
   1.2000000e+01   2.1647154e+01  -1.6858241e+02   1.9445573e+01  -3.4381729e+01  -3.3455054e+01   2.4411688e+01
   1.2000000e+01   2.0205653e+01  -1.6760123e+02   1.7454417e+01  -3.2396465e+01  -3.4700475e+01   2.7235158e+01
   1.2000000e+01   2.1742488e+01  -1.6687459e+02   1.6945756e+01  -3.0216921e+01  -3.3927274e+01   2.7148509e+01
   1.2000000e+01   2.3280012e+01  -1.6551915e+02   1.7766668e+01  -2.8101513e+01  -3.5156127e+01   3.0036155e+01
   1.2000000e+01   2.5302184e+01  -1.6502870e+02   1.8769019e+01  -2.5403470e+01  -3.5693357e+01   3.2115718e+01
   1.2000000e+01   2.2053283e+01  -1.6366635e+02   1.5713359e+01  -2.4332666e+01  -3.7172341e+01   3.2560739e+01
   1.2000000e+01   1.9121017e+01  -1.6272738e+02   1.2880753e+01  -2.3114932e+01  -3.7667775e+01   3.2935235e+01
   1.2000000e+01   1.9754397e+01  -1.6210211e+02   1.1258963e+01  -2.0745505e+01  -3.5702286e+01   3.2978870e+01
   1.2000000e+01   2.1928546e+01  -1.6257237e+02   1.1315227e+01  -1.8102579e+01  -3.3518110e+01   3.2840452e+01
   1.2000000e+01   2.4858359e+01  -1.6300234e+02   1.2665971e+01  -1.5706755e+01  -3.1409345e+01   3.1954269e+01
   1.2000000e+01   2.7634713e+01  -1.6353623e+02   1.4482152e+01  -1.4249793e+01  -2.9357209e+01   3.0931363e+01
   1.2000000e+01   2.6676090e+01  -1.6353462e+02   1.4999875e+01  -1.4013044e+01  -2.9979509e+01   2.9967107e+01
   1.2000000e+01   2.7577750e+01  -1.6202276e+02   1.6353799e+01  -1.3645503e+01  -2.9954354e+01   2.8673252e+01
   1.2000000e+01   2.3510674e+01  -1.6034245e+02   1.5470604e+01  -1.3486082e+01  -3.2699442e+01   2.7874852e+01
   1.2000000e+01   2.3973916e+01  -1.6030588e+02   1.5573586e+01  -1.2927885e+01  -3.2508096e+01   2.6304296e+01
   1.2000000e+01   1.9665874e+01  -1.5849203e+02   1.2809099e+01  -1.2638802e+01  -3.3585350e+01   2.5409338e+01
   1.2000000e+01   1.8002844e+01  -1.5704114e+02   1.1555119e+01  -1.2126241e+01  -3.3321346e+01   2.2798745e+01
   1.2000000e+01   1.7382687e+01  -1.5602064e+02   1.1152316e+01  -1.0908023e+01  -3.2607843e+01   2.0925362e+01
   1.2000000e+01   1.4412898e+01  -1.5400358e+02   1.0119196e+01  -1.1080523e+01  -3.3005018e+01   1.8943896e+01
   1.2000000e+01   1.6444605e+01  -1.5322752e+02   1.0974559e+01  -8.8442524e+00  -3.1229151e+01   1.7876110e+01
   1.2000000e+01   1.6028541e+01  -1.5259470e+02   1.1461154e+01  -7.4171814e+00  -3.0559282e+01   1.6479384e+01
   1.2000000e+01   1.6492795e+01  -1.5252452e+02   1.2242997e+01  -5.4707954e+00  -2.9721927e+01   1.4131271e+01
   1.2000000e+01   1.7556955e+01  -1.5288546e+02   1.4051783e+01  -3.3494064e+00  -2.8594054e+01   1.1454406e+01
   1.2000000e+01   1.7844270e+01  -1.5291257e+02   1.5637225e+01  -1.5694585e+00  -2.8463135e+01   9.3706270e+00
   1.2000000e+01   2.1271146e+01  -1.5330760e+02   1.7696793e+01   1.2796431e+00  -2.7176322e+01   7.8781256e+00
   1.2000000e+01   2.2922945e+01  -1.5320083e+02   1.7220935e+01   1.8928792e+00  -2.8108357e+01   4.3253434e+00
   1.2000000e+01   2.1639688e+01  -1.5506606e+02   1.3760667e+01  -2.2971004e+00  -3.2105710e+01   1.2480472e+00
   1.2000000e+01   2.1714347e+01  -1.5612800e+02   1.1376047e+01  -7.6136658e+00  -3.4964035e+01   1.2933697e-01
   1.2000000e+01   2.2511477e+01  -1.5707952e+02   1.2513001e+01  -1.3317608e+01  -3.6588970e+01   1.1209448e+00
   1.2000000e+01   2.1063748e+01  -1.5838573e+02   1.3514817e+01  -2.0342239e+01  -3.8537926e+01   5.2742000e+00
   1.2000000e+01   2.4295177e+01  -1.5989830e+02   1.6638623e+01  -2.5799031e+01  -3.6871907e+01   9.6542133e+00
   1.2000000e+01   2.2379034e+01  -1.6150339e+02   1.6757376e+01  -3.1728579e+01  -3.7275067e+01   1.0889296e+01
   1.2000000e+01   1.9290057e+01  -1.6538907e+02   1.5352278e+01  -3.7317254e+01  -3.5485453e+01   1.0175644e+01
   1.2000000e+01   1.7426321e+01  -1.6803933e+02   1.6073567e+01  -4.1579884e+01  -3.3828767e+01   7.7858920e+00
   1.2000000e+01   1.8837558e+01  -1.7197228e+02   1.9168913e+01  -4.3834429e+01  -3.2293573e+01   4.9341447e+00
   1.2000000e+01   2.2803594e+01  -1.7765743e+02   2.5635942e+01  -4.4536828e+01  -3.0349938e+01   5.7968263e+00
   1.2000000e+01   1.8137181e+01  -1.7908989e+02   2.5606429e+01  -4.3512669e+01  -3.2222106e+01   8.8703357e+00
   1.2000000e+01   1.6115290e+01  -1.7837397e+02   2.5224619e+01  -4.1866802e+01  -3.3834964e+01   1.2983311e+01
   1.2000000e+01   2.0271332e+01  -1.7709423e+02   2.7634799e+01  -4.0614948e+01  -3.4278011e+01   1.3950447e+01
   1.2000000e+01   2.3232470e+01  -1.7499006e+02   2.8033633e+01  -3.9099701e+01  -3.4575847e+01   1.6452455e+01
   1.2000000e+01   2.4351115e+01  -1.7325286e+02   2.5332206e+01  -3.7363551e+01  -3.3159298e+01   1.9178521e+01
   1.2000000e+01   2.5988407e+01  -1.7101742e+02   2.2809487e+01  -3.6024425e+01  -3.2917039e+01   2.3197314e+01
   1.2000000e+01   2.1793858e+01  -1.6902851e+02   1.7677508e+01  -3.5183212e+01  -3.4414044e+01   2.8387113e+01
   1.2000000e+01   2.0836806e+01  -1.6743687e+02   1.5679130e+01  -3.4041727e+01  -3.5081599e+01   3.0489341e+01
   1.2000000e+01   1.8877980e+01  -1.6515402e+02   1.3233845e+01  -3.3458565e+01  -3.6442341e+01   3.2584484e+01
   1.2000000e+01   1.9739207e+01  -1.6370411e+02   1.4001884e+01  -3.1635453e+01  -3.6397020e+01   3.3920988e+01
   1.2000000e+01   2.1822818e+01  -1.6355682e+02   1.4883005e+01  -3.0225925e+01  -3.5707186e+01   3.4458932e+01
   1.2000000e+01   2.0656066e+01  -1.6321741e+02   1.2409573e+01  -2.9323606e+01  -3.4873641e+01   3.4544062e+01
   1.2000000e+01   2.1538249e+01  -1.6372041e+02   1.1966194e+01  -2.7783785e+01  -3.3945129e+01   3.4340493e+01
   1.2000000e+01   2.4340002e+01  -1.6338728e+02   1.3848606e+01  -2.6231545e+01  -3.2864936e+01   3.5236362e+01
   1.2000000e+01   2.3491179e+01  -1.6246851e+02   1.4172946e+01  -2.5704466e+01  -3.3625943e+01   3.5942091e+01
   1.2000000e+01   2.2640318e+01  -1.6116845e+02   1.4497903e+01  -2.4984900e+01  -3.5019274e+01   3.5340741e+01
   1.2000000e+01   2.3949562e+01  -1.6071585e+02   1.5002410e+01  -2.3089701e+01  -3.4843457e+01   3.5941897e+01
   1.2000000e+01   2.3587484e+01  -1.6102230e+02   1.3744378e+01  -2.1344356e+01  -3.3823087e+01   3.5148975e+01
   1.2000000e+01   2.0948774e+01  -1.5863337e+02   1.2159310e+01  -2.1020026e+01  -3.4572175e+01   3.5285050e+01
   1.2000000e+01   2.1760702e+01  -1.5864910e+02   1.3592051e+01  -1.8645301e+01  -3.5164655e+01   3.3910362e+01
   1.2000000e+01   1.6852486e+01  -1.5560400e+02   1.2387285e+01  -1.9541063e+01  -3.8767794e+01   3.2598029e+01
   1.2000000e+01   1.5109548e+01  -1.5460144e+02   1.0758294e+01  -1.9180075e+01  -3.8880905e+01   3.2659804e+01
   1.2000000e+01   1.4930389e+01  -1.5337467e+02   9.7182788e+00  -1.8487618e+01  -3.7348774e+01   3.0514814e+01
   1.2000000e+01   1.4560792e+01  -1.5280483e+02   8.7724127e+00  -1.6746272e+01  -3.6111757e+01   2.8286428e+01
   1.2000000e+01   1.7250753e+01  -1.5298630e+02   9.2567012e+00  -1.4601308e+01  -3.3283139e+01   2.5874469e+01
   1.2000000e+01   1.7632630e+01  -1.5246676e+02   9.3839868e+00  -1.2614197e+01  -3.2482708e+01   2.5714300e+01
   1.2000000e+01   2.0349015e+01  -1.5264029e+02   1.0194120e+01  -1.0178184e+01  -3.0824106e+01   2.3597099e+01
   1.2000000e+01   2.1470256e+01  -1.5317106e+02   1.0736022e+01  -7.1861210e+00  -2.9269373e+01   2.2848781e+01
   1.2000000e+01   2.3542492e+01  -1.5398736e+02   1.1601690e+01  -4.4323120e+00  -2.7390534e+01   2.2534476e+01
   1.2000000e+01   2.5045710e+01  -1.5438786e+02   1.2620145e+01  -2.4647907e+00  -2.6223811e+01   2.0649344e+01
   1.2000000e+01   2.3723387e+01  -1.5385410e+02   1.2491708e+01  -1.5230488e+00  -2.6950605e+01   1.9455662e+01
   1.2000000e+01   2.3549285e+01  -1.5344397e+02   1.2592195e+01  -1.3749547e+00  -2.7362279e+01   1.7753635e+01
   1.2000000e+01   2.3603852e+01  -1.5454800e+02   1.1992247e+01  -3.6979977e+00  -2.9105290e+01   1.5682162e+01
   1.2000000e+01   2.3983656e+01  -1.5614035e+02   1.1240622e+01  -7.1004196e+00  -3.0737586e+01   1.3386301e+01
   1.2000000e+01   2.2881046e+01  -1.5780045e+02   1.1480575e+01  -1.3037463e+01  -3.2241487e+01   1.7301618e+01
   1.2000000e+01   2.3184745e+01  -1.5901664e+02   1.2423742e+01  -1.9479030e+01  -3.3131928e+01   2.2542339e+01
   1.2000000e+01   2.3185939e+01  -1.6071094e+02   1.3870872e+01  -2.6732247e+01  -3.3843466e+01   2.4466635e+01
   1.2000000e+01   2.3387318e+01  -1.6230060e+02   1.5870007e+01  -3.2315824e+01  -3.5214741e+01   2.6003350e+01
   1.2000000e+01   2.1650171e+01  -1.6384796e+02   1.6820673e+01  -3.6079129e+01  -3.5682659e+01   2.4550237e+01
   1.2000000e+01   2.1610208e+01  -1.6706952e+02   1.8539372e+01  -3.8160934e+01  -3.4654766e+01   2.3110882e+01
   1.2000000e+01   2.1371678e+01  -1.6922780e+02   1.9768761e+01  -3.8784342e+01  -3.2513836e+01   2.1294856e+01
   1.2000000e+01   2.0880528e+01  -1.7117731e+02   2.0382369e+01  -3.8348177e+01  -3.0860816e+01   1.9806067e+01
   1.2000000e+01   2.0961289e+01  -1.7151533e+02   2.0110398e+01  -3.8204114e+01  -3.0100950e+01   1.9454277e+01
   1.2000000e+01   1.9525482e+01  -1.6981792e+02   1.7301306e+01  -3.8579464e+01  -3.1327399e+01   2.2879530e+01
   1.2000000e+01   2.1531132e+01  -1.6901237e+02   1.6591259e+01  -3.7742382e+01  -3.0483325e+01   2.4144140e+01
   1.2000000e+01   2.1142400e+01  -1.6815781e+02   1.4863942e+01  -3.5970432e+01  -3.1389761e+01   2.5761802e+01
   1.2000000e+01   2.2691320e+01  -1.6811883e+02   1.4546832e+01  -3.3939660e+01  -3.0522253e+01   2.7689953e+01
   1.2000000e+01   2.1025562e+01  -1.6700804e+02   1.2763450e+01  -3.2756054e+01  -3.1853708e+01   2.9749943e+01
   1.2000000e+01   2.1867800e+01  -1.6633304e+02   1.2430107e+01  -3.0891741e+01  -3.1731118e+01   2.7771916e+01
   1.2000000e+01   2.1480694e+01  -1.6484019e+02   1.1278472e+01  -3.0047182e+01  -3.2253952e+01   3.2481189e+01
   1.2000000e+01   1.8751657e+01  -1.6362579e+02   8.1647734e+00  -2.9523562e+01  -3.2950962e+01   3.4776238e+01
   1.2000000e+01   1.5334529e+01  -1.6200334e+02   4.6706093e+00  -2.9051416e+01  -3.3764168e+01   3.6197085e+01
   1.2000000e+01   1.5179646e+01  -1.6169887e+02   3.2862875e+00  -2.7779861e+01  -3.2645019e+01   3.7281862e+01
   1.2000000e+01   1.4859442e+01  -1.6123745e+02   2.7646744e+00  -2.6236583e+01  -3.2936786e+01   3.7260646e+01
   1.2000000e+01   1.8415364e+01  -1.6193152e+02   4.4099417e+00  -2.3258021e+01  -3.1270005e+01   3.6623076e+01
   1.2000000e+01   1.6879254e+01  -1.6072438e+02   3.9835813e+00  -2.2611391e+01  -3.2583483e+01   3.6777893e+01
   1.2000000e+01   2.0325733e+01  -1.6119327e+02   6.0642797e+00  -1.9633635e+01  -3.0821688e+01   3.6244552e+01
   1.2000000e+01   2.4903133e+01  -1.6209616e+02   9.2605537e+00  -1.7038664e+01  -2.9027293e+01   3.5678936e+01
   1.2000000e+01   2.5354652e+01  -1.6221920e+02   1.0924398e+01  -1.5342272e+01  -2.9876675e+01   3.6094389e+01
   1.2000000e+01   2.3738591e+01  -1.6046290e+02   1.0810952e+01  -1.4789191e+01  -3.1435741e+01   3.6035814e+01
   1.2000000e+01   2.1482431e+01  -1.5934379e+02   1.1796579e+01  -1.4588779e+01  -3.4388093e+01   3.4902580e+01
   1.2000000e+01   2.1602430e+01  -1.5945990e+02   1.2162262e+01  -1.3173818e+01  -3.4675324e+01   3.3389181e+01
   1.2000000e+01   1.9808204e+01  -1.5862290e+02   1.1027018e+01  -1.2483724e+01  -3.4805304e+01   3.2849589e+01
   1.2000000e+01   1.8944336e+01  -1.5779228e+02   1.0133854e+01  -1.1383052e+01  -3.4006286e+01   3.0625504e+01
   1.2000000e+01   1.5970442e+01  -1.5582061e+02   8.1782181e+00  -1.0615843e+01  -3.4280602e+01   2.9618416e+01
   1.2000000e+01   1.6569389e+01  -1.5462475e+02   7.9086924e+00  -9.8851726e+00  -3.2854450e+01   2.7975279e+01
   1.2000000e+01   1.6063271e+01  -1.5350748e+02   7.5279330e+00  -8.8124344e+00  -3.1940117e+01   2.5400060e+01
   1.2000000e+01   1.6042722e+01  -1.5240277e+02   7.8290403e+00  -7.4377596e+00  -3.0608836e+01   2.2613662e+01
   1.2000000e+01   1.7717426e+01  -1.5229835e+02   8.7967919e+00  -5.2574067e+00  -2.8308425e+01   1.9810072e+01
   1.2000000e+01   1.8831085e+01  -1.5220148e+02   9.2895537e+00  -2.4542229e+00  -2.6284258e+01   1.6745285e+01
   1.2000000e+01   1.9967564e+01  -1.5235811e+02   9.7550563e+00   1.4548478e-01  -2.4246379e+01   1.3715364e+01
   1.2000000e+01   2.0910402e+01  -1.5224226e+02   1.0797410e+01   2.4968287e+00  -2.2485191e+01   1.1043950e+01
   1.2000000e+01   2.0684396e+01  -1.5240002e+02   1.1666772e+01   4.7270642e+00  -2.1522883e+01   7.8740542e+00
   1.2000000e+01   1.8268580e+01  -1.5131226e+02   1.1270186e+01   5.5312325e+00  -2.1997350e+01   7.0357316e+00
   1.2000000e+01   2.1826715e+01  -1.5236371e+02   1.0766193e+01   3.5354283e+00  -2.2912407e+01   1.0076831e+00
   1.2000000e+01   2.1086036e+01  -1.5413204e+02   8.2316894e+00   7.8822519e-01  -2.6378631e+01   4.8135229e-01
   1.2000000e+01   2.2276766e+01  -1.5615570e+02   7.0584332e+00  -4.5852031e+00  -2.9184439e+01  -1.7748712e+00
   1.2000000e+01   2.4860212e+01  -1.5761212e+02   7.8128964e+00  -1.0829807e+01  -3.0418988e+01  -1.0931156e+00
   1.2000000e+01   2.2702249e+01  -1.5755257e+02   7.4538141e+00  -1.7595184e+01  -3.3218464e+01   1.5616301e+00
   1.2000000e+01   2.0834048e+01  -1.5943463e+02   7.8396419e+00  -2.3450902e+01  -3.2053754e+01   5.6934041e+00
   1.2000000e+01   2.1298850e+01  -1.6239806e+02   1.0353951e+01  -2.8602765e+01  -2.9014521e+01   4.7107697e+00
   1.2000000e+01   2.3033419e+01  -1.6663225e+02   1.3901252e+01  -3.1632431e+01  -2.5293198e+01   3.8562758e+00
   1.2000000e+01   2.3548704e+01  -1.7052015e+02   1.6196261e+01  -3.4940237e+01  -2.2337394e+01   3.3953003e+00
   1.2000000e+01   2.2309220e+01  -1.7448760e+02   1.9206476e+01  -3.7163146e+01  -2.2601574e+01   4.4062676e+00
   1.2000000e+01   2.0020002e+01  -1.7743801e+02   2.2192979e+01  -3.7676791e+01  -2.5595535e+01   8.0877905e+00
   1.2000000e+01   1.8595471e+01  -1.7735778e+02   2.2707346e+01  -3.7832652e+01  -2.8288617e+01   1.1518888e+01
   1.2000000e+01   2.0222080e+01  -1.7551420e+02   2.3243813e+01  -3.6289464e+01  -3.0212635e+01   1.2582483e+01
   1.2000000e+01   2.4069153e+01  -1.7481865e+02   2.3429230e+01  -3.4332233e+01  -2.8465480e+01   1.4196702e+01
   1.2000000e+01   2.7603987e+01  -1.7267721e+02   2.3495508e+01  -3.3022148e+01  -2.6746831e+01   1.6456247e+01
   1.2000000e+01   2.2762327e+01  -1.6951216e+02   1.7911351e+01  -3.1920142e+01  -2.9930661e+01   1.8624908e+01
   1.2000000e+01   2.0797764e+01  -1.6798953e+02   1.5109502e+01  -3.0652370e+01  -3.0625201e+01   2.2169322e+01
   1.2000000e+01   2.0439464e+01  -1.6623580e+02   1.4625774e+01  -2.9062688e+01  -3.1020496e+01   2.4521663e+01
   1.2000000e+01   2.2456742e+01  -1.6589113e+02   1.5321847e+01  -2.6720649e+01  -2.9958289e+01   2.6005075e+01
   1.2000000e+01   2.3362717e+01  -1.6583914e+02   1.5519834e+01  -2.4644794e+01  -2.9240012e+01   2.6576695e+01
   1.2000000e+01   2.6900676e+01  -1.6636403e+02   1.6970274e+01  -2.2370090e+01  -2.6930716e+01   2.5988178e+01
   1.2000000e+01   2.9730559e+01  -1.6648704e+02   1.8110504e+01  -2.0514804e+01  -2.5314168e+01   2.4942223e+01
   1.2000000e+01   2.9221737e+01  -1.6591247e+02   1.8139849e+01  -1.9446885e+01  -2.5982439e+01   2.5245376e+01
   1.2000000e+01   2.9230367e+01  -1.6492409e+02   1.8686480e+01  -1.8087216e+01  -2.6281066e+01   2.3657517e+01
   1.2000000e+01   3.0349317e+01  -1.6470469e+02   1.9977134e+01  -1.6822960e+01  -2.6148294e+01   2.3361473e+01
   1.2000000e+01   2.9556112e+01  -1.6427094e+02   2.0551099e+01  -1.5426947e+01  -2.7405623e+01   2.2309843e+01
   1.2000000e+01   2.9106089e+01  -1.6314552e+02   2.0921017e+01  -1.4755047e+01  -2.8411438e+01   2.2231732e+01
   1.2000000e+01   2.2024096e+01  -1.5998683e+02   1.6816618e+01  -1.5951006e+01  -3.1658230e+01   2.0758376e+01
