   2.0969109e+01   2.2618346e+01  -1.5582569e+02   1.3887657e+01  -1.1997178e+01  -3.2371613e+01   2.6851944e+01
   2.0650251e+01   8.6347221e+00  -1.5595675e+02   2.3675264e+01  -8.5616049e+00  -4.1365732e+01   2.4620290e+01
   2.0331393e+01  -5.3489019e+00  -1.5608780e+02   3.3462871e+01  -5.1260321e+00  -5.0359850e+01   2.2388635e+01
   2.0012535e+01  -1.9332526e+01  -1.5621886e+02   4.3250478e+01  -1.6904593e+00  -5.9353969e+01   2.0156981e+01
   2.2035442e+01  -2.2000000e+01  -1.5960689e+02   3.0378407e+01   6.2991399e+00  -7.1979454e+01   9.8805233e+00
   1.5931364e+01  -2.2000000e+01  -1.5969323e+02   1.9503636e+01   8.2295119e+00  -8.0530554e+01   4.6765941e+00
   1.1063853e+01  -2.2000000e+01  -1.6167450e+02   1.1765753e+01   4.8352826e+00  -7.9415429e+01   4.9015152e+00
   8.4758320e+00  -2.2000000e+01  -1.6424029e+02   5.9671034e+00   3.6704550e-02  -7.6128688e+01   4.7375453e+00
   7.5442968e+00  -2.2000000e+01  -1.6693515e+02   1.7135572e+00  -5.1280666e+00  -7.1735769e+01   6.3028066e+00
   7.3904124e+00  -2.2000000e+01  -1.6884363e+02  -1.8514965e+00  -1.0458900e+01  -6.7073584e+01   8.0832333e+00
   7.2408373e+00  -2.2000000e+01  -1.7089816e+02  -4.6415009e+00  -1.5796871e+01  -6.2165274e+01   9.0392695e+00
   7.6021607e+00  -2.2000000e+01  -1.7198521e+02  -6.4206850e+00  -2.0542397e+01  -5.7276671e+01   9.0804444e+00
   9.4531366e+00  -2.2000000e+01  -1.7307289e+02  -6.4684297e+00  -2.3726442e+01  -5.2028163e+01   7.4367333e+00
   9.4582692e+00  -2.2000000e+01  -1.7344315e+02  -7.0561019e+00  -2.5546117e+01  -4.7449963e+01   9.2881386e+00
   8.4937171e+00  -2.2000000e+01  -1.7098805e+02  -1.0213174e+01  -2.6061980e+01  -4.5243953e+01   1.2559251e+01
   7.0774392e+00  -2.2000000e+01  -1.6819263e+02  -1.4001174e+01  -2.6547590e+01  -4.4019061e+01   1.7186006e+01
   5.5734248e+00  -2.2000000e+01  -1.6551797e+02  -1.7210812e+01  -2.6845052e+01  -4.2753774e+01   2.0347634e+01
   3.8733545e+00  -2.2000000e+01  -1.6322485e+02  -1.8884042e+01  -2.6561769e+01  -4.1728711e+01   2.1740858e+01
   2.7560425e+00  -2.2000000e+01  -1.6127511e+02  -2.0224022e+01  -2.6556718e+01  -4.0785030e+01   2.4388649e+01
   2.6344390e+00  -2.2000000e+01  -1.5937626e+02  -2.1333463e+01  -2.6259526e+01  -4.0218701e+01   2.6454069e+01
   2.4749998e+00  -2.2000000e+01  -1.5757620e+02  -2.2596827e+01  -2.5992606e+01  -3.9772102e+01   2.8446791e+01
   2.2309370e+00  -2.2000000e+01  -1.5610025e+02  -2.3810770e+01  -2.5365173e+01  -3.9333647e+01   2.8767991e+01
   1.6754357e+00  -2.2000000e+01  -1.5453766e+02  -2.4466168e+01  -2.4311449e+01  -3.8623907e+01   2.8981987e+01
   6.1708561e-01  -2.2000000e+01  -1.5353634e+02  -2.4873407e+01  -2.3149138e+01  -3.7976420e+01   2.9177085e+01
   2.6460625e-01  -2.2000000e+01  -1.5252684e+02  -2.5006047e+01  -2.1910234e+01  -3.7557205e+01   2.8916377e+01
   7.3559002e-01  -2.2000000e+01  -1.5142263e+02  -2.4947493e+01  -2.0615326e+01  -3.7484356e+01   2.9072284e+01
   8.4981995e-01  -2.2000000e+01  -1.5070989e+02  -2.4730621e+01  -1.9422565e+01  -3.7208714e+01   2.7509702e+01
   5.4949508e-01  -2.2000000e+01  -1.4997447e+02  -2.4492680e+01  -1.8056512e+01  -3.6737651e+01   2.6347643e+01
  -1.8426793e-01  -2.2000000e+01  -1.4902677e+02  -2.3941558e+01  -1.6353793e+01  -3.5919919e+01   2.4549416e+01
   2.2682771e-01  -2.2000000e+01  -1.4738127e+02  -2.3135159e+01  -1.4967166e+01  -3.5440470e+01   2.3385495e+01
   9.8559020e-01  -2.2000000e+01  -1.4607608e+02  -2.1906690e+01  -1.3911079e+01  -3.4640778e+01   2.0414078e+01
   3.2093044e-01  -2.2000000e+01  -1.4529702e+02  -2.0667102e+01  -1.2742318e+01  -3.3518966e+01   1.6228922e+01
  -5.8352604e-01  -2.2000000e+01  -1.4489869e+02  -2.0242596e+01  -1.1369959e+01  -3.1875962e+01   1.3341617e+01
  -1.5059089e+00  -2.2000000e+01  -1.4449886e+02  -2.0002250e+01  -9.9829703e+00  -3.0383881e+01   1.0294385e+01
  -1.7257848e+00  -2.2000000e+01  -1.4439062e+02  -1.9236295e+01  -8.5099837e+00  -2.8487635e+01   6.9436028e+00
  -9.0281955e-01  -2.2000000e+01  -1.4448265e+02  -1.8561634e+01  -7.1622813e+00  -2.6906911e+01   3.5205450e+00
  -1.5486348e-01  -2.2000000e+01  -1.4467956e+02  -1.8545056e+01  -5.9222056e+00  -2.5949935e+01  -1.5435110e-01
  -1.4098185e-01  -2.2000000e+01  -1.4533552e+02  -1.9627253e+01  -5.3769339e+00  -2.6342684e+01  -3.2705346e+00
  -8.9497487e-02  -2.2000000e+01  -1.4730922e+02  -2.3484473e+01  -5.8250446e+00  -2.9320941e+01  -7.3012147e+00
   6.9097524e-01  -2.2000000e+01  -1.4940167e+02  -2.5857047e+01  -8.1626036e+00  -3.1826862e+01  -8.1280249e+00
   1.4599171e+00  -2.2000000e+01  -1.5263583e+02  -2.7425526e+01  -1.1528247e+01  -3.3555738e+01  -6.4648552e+00
   2.7463949e+00  -2.2000000e+01  -1.5575195e+02  -2.7127476e+01  -1.5904181e+01  -3.5285755e+01  -5.4901301e-01
   3.1686888e+00  -2.2000000e+01  -1.5903720e+02  -2.6858502e+01  -2.0371929e+01  -3.6909839e+01   4.6145422e+00
   3.5049791e+00  -2.2000000e+01  -1.6197934e+02  -2.5720087e+01  -2.4782787e+01  -3.7171390e+01   6.6109474e+00
   5.0260998e+00  -2.2000000e+01  -1.6548934e+02  -2.4232625e+01  -2.8817153e+01  -3.5590073e+01   5.9715002e+00
   6.4303908e+00  -2.2000000e+01  -1.6915515e+02  -2.1819193e+01  -3.2582117e+01  -3.3135428e+01   4.8435112e+00
   7.5449858e+00  -2.2000000e+01  -1.7257540e+02  -1.9425106e+01  -3.5844248e+01  -3.0687695e+01   6.4402701e+00
   9.2272200e+00  -2.2000000e+01  -1.7475843e+02  -1.8165015e+01  -3.7942891e+01  -2.9190034e+01   7.4297301e+00
   1.0124911e+01  -2.2000000e+01  -1.7410895e+02  -1.8544237e+01  -3.8560694e+01  -2.9104132e+01   8.9063701e+00
   9.7669103e+00  -2.2000000e+01  -1.7268123e+02  -1.9944414e+01  -3.8095388e+01  -2.9578808e+01   1.0971548e+01
   8.5403375e+00  -2.2000000e+01  -1.7064960e+02  -2.1227613e+01  -3.7200809e+01  -3.0162504e+01   1.1497697e+01
   7.1659008e+00  -2.2000000e+01  -1.6861369e+02  -2.2743378e+01  -3.6365202e+01  -3.1052283e+01   1.3182768e+01
   5.9779407e+00  -2.2000000e+01  -1.6627789e+02  -2.4709247e+01  -3.5672873e+01  -3.2257934e+01   1.7587206e+01
   4.4991768e+00  -2.2000000e+01  -1.6437846e+02  -2.5933140e+01  -3.5044069e+01  -3.3001005e+01   1.9576777e+01
   3.4682917e+00  -2.2000000e+01  -1.6292086e+02  -2.6352287e+01  -3.4625362e+01  -3.3316501e+01   2.4702203e+01
   2.3450185e+00  -2.2000000e+01  -1.6075639e+02  -2.6939079e+01  -3.3912969e+01  -3.4253031e+01   2.8531649e+01
   1.5903349e+00  -2.2000000e+01  -1.5848748e+02  -2.7204686e+01  -3.3197686e+01  -3.5257907e+01   2.9599514e+01
   1.1862776e+00  -2.2000000e+01  -1.5683616e+02  -2.6807199e+01  -3.2725402e+01  -3.5793041e+01   3.1466382e+01
   1.3621037e+00  -2.2000000e+01  -1.5567164e+02  -2.6637114e+01  -3.1988097e+01  -3.6414365e+01   3.2721661e+01
   1.3773510e+00  -2.2000000e+01  -1.5510596e+02  -2.6514571e+01  -3.1309558e+01  -3.6820293e+01   3.2444274e+01
   8.0200967e-01  -2.2000000e+01  -1.5405173e+02  -2.6223479e+01  -2.9986476e+01  -3.6790494e+01   3.0025602e+01
   2.8365687e-01  -2.2000000e+01  -1.5315494e+02  -2.6252364e+01  -2.8704120e+01  -3.6962685e+01   2.9356185e+01
  -3.8278989e-01  -2.2000000e+01  -1.5250869e+02  -2.6258202e+01  -2.7309299e+01  -3.7061236e+01   3.0391016e+01
  -8.9264448e-01  -2.2000000e+01  -1.5174328e+02  -2.5741379e+01  -2.5814471e+01  -3.6870163e+01   2.9677945e+01
  -1.6568324e-01  -2.2000000e+01  -1.5087855e+02  -2.5155830e+01  -2.4600619e+01  -3.6760028e+01   2.9782982e+01
   3.7702337e-02  -2.2000000e+01  -1.5029583e+02  -2.4281875e+01  -2.3463183e+01  -3.6699951e+01   2.8127540e+01
   1.1505825e-01  -2.2000000e+01  -1.4953294e+02  -2.4095927e+01  -2.2346498e+01  -3.7116079e+01   2.7454448e+01
   5.4677545e-01  -2.2000000e+01  -1.4818480e+02  -2.3799885e+01  -2.0921165e+01  -3.7053043e+01   2.7633541e+01
   7.9330625e-01  -2.2000000e+01  -1.4736005e+02  -2.3296364e+01  -1.9793169e+01  -3.6642276e+01   2.6037944e+01
   7.0106905e-01  -2.2000000e+01  -1.4636700e+02  -2.3476921e+01  -1.8590777e+01  -3.6489936e+01   2.3454321e+01
  -1.4836993e-01  -2.2000000e+01  -1.4573279e+02  -2.2991286e+01  -1.7238688e+01  -3.5234836e+01   2.1290855e+01
  -6.4854470e-01  -2.2000000e+01  -1.4520630e+02  -2.2363287e+01  -1.6033771e+01  -3.3773897e+01   1.8421899e+01
  -1.1693060e+00  -2.2000000e+01  -1.4472180e+02  -2.1834865e+01  -1.4845537e+01  -3.2399354e+01   1.5524089e+01
  -1.8974974e+00  -2.2000000e+01  -1.4440408e+02  -2.1638874e+01  -1.3558913e+01  -3.1170297e+01   1.3854473e+01
  -2.6744967e+00  -2.2000000e+01  -1.4400883e+02  -2.1612082e+01  -1.2219985e+01  -3.0105173e+01   1.2099642e+01
  -3.1971496e+00  -2.2000000e+01  -1.4377833e+02  -2.1776893e+01  -1.0796477e+01  -2.9381100e+01   1.1450591e+01
  -3.0736990e+00  -2.2000000e+01  -1.4348125e+02  -2.1810865e+01  -9.3399433e+00  -2.8759453e+01   9.6584056e+00
  -2.5974909e+00  -2.2000000e+01  -1.4409388e+02  -2.2016374e+01  -8.7324903e+00  -2.8883627e+01   7.4769045e+00
  -2.3910322e+00  -2.2000000e+01  -1.4649299e+02  -2.3404070e+01  -9.7244598e+00  -3.0067033e+01   5.6419997e+00
  -1.9913800e+00  -2.2000000e+01  -1.4964847e+02  -2.5238741e+01  -1.1725752e+01  -3.1824703e+01   2.1763173e+00
  -8.5827657e-01  -2.2000000e+01  -1.5272199e+02  -2.6480101e+01  -1.5340028e+01  -3.3219366e+01  -1.0683791e+00
  -3.5775392e-02  -2.2000000e+01  -1.5598115e+02  -2.7098563e+01  -1.9339255e+01  -3.4631152e+01  -4.4107814e-01
   6.8821376e-01  -2.2000000e+01  -1.5896807e+02  -2.7690695e+01  -2.3516081e+01  -3.5752737e+01  -3.9976254e-01
   1.1855891e+00  -2.2000000e+01  -1.6176610e+02  -2.7182812e+01  -2.7643285e+01  -3.5865109e+01  -1.6403521e+00
   3.1787357e+00  -2.2000000e+01  -1.6590169e+02  -2.4402836e+01  -3.1943893e+01  -3.3579207e+01  -4.0148102e+00
   5.8592616e+00  -2.2000000e+01  -1.7064562e+02  -2.0559740e+01  -3.5898293e+01  -3.0089117e+01  -5.2455448e+00
   9.5026966e+00  -2.2000000e+01  -1.7487134e+02  -1.7383700e+01  -3.7606461e+01  -2.7095810e+01  -5.1564857e+00
   1.1631619e+01  -2.2000000e+01  -1.7544426e+02  -1.5938616e+01  -3.7599079e+01  -2.6100936e+01  -1.3084267e+00
   1.1027690e+01  -2.2000000e+01  -1.7364624e+02  -1.6881267e+01  -3.7260634e+01  -2.7444415e+01   2.9927679e+00
   1.0274300e+01  -2.2000000e+01  -1.7135740e+02  -1.7871408e+01  -3.6624241e+01  -2.8754255e+01   7.0535887e+00
   8.9943397e+00  -2.2000000e+01  -1.6906776e+02  -1.9246832e+01  -3.5923241e+01  -2.9906778e+01   8.7154364e+00
   7.7219402e+00  -2.2000000e+01  -1.6683837e+02  -2.0224135e+01  -3.4695138e+01  -3.0262782e+01   8.6172536e+00
   6.9889249e+00  -2.2000000e+01  -1.6566496e+02  -2.1344491e+01  -3.3688757e+01  -2.9982127e+01   7.9682116e+00
   5.9968374e+00  -2.2000000e+01  -1.6344597e+02  -2.2746549e+01  -3.2926788e+01  -3.0278866e+01   1.1352414e+01
   4.9449049e+00  -2.2000000e+01  -1.6125553e+02  -2.4327554e+01  -3.2180207e+01  -3.0780201e+01   1.4647258e+01
   3.9168502e+00  -2.2000000e+01  -1.5969829e+02  -2.4997149e+01  -3.1459999e+01  -3.1293863e+01   1.7671903e+01
   3.3581346e+00  -2.2000000e+01  -1.5811302e+02  -2.4963018e+01  -3.0469665e+01  -3.1908541e+01   1.9735073e+01
   2.8309740e+00  -2.2000000e+01  -1.5695922e+02  -2.5289188e+01  -2.9528684e+01  -3.2700770e+01   2.1916670e+01
   2.0777093e+00  -2.2000000e+01  -1.5537831e+02  -2.5786437e+01  -2.8265225e+01  -3.3654575e+01   2.2625892e+01
   1.6927100e+00  -2.2000000e+01  -1.5433061e+02  -2.5666617e+01  -2.7250347e+01  -3.4034436e+01   2.4000346e+01
   1.1164937e+00  -2.2000000e+01  -1.5279070e+02  -2.5512303e+01  -2.5802541e+01  -3.4435180e+01   2.4315161e+01
   6.8498610e-01  -2.2000000e+01  -1.5191452e+02  -2.4965063e+01  -2.4555804e+01  -3.4587730e+01   2.4106094e+01
   3.4754494e-01  -2.2000000e+01  -1.5113074e+02  -2.4247220e+01  -2.3364804e+01  -3.4616269e+01   2.3889067e+01
   1.3376731e+00  -2.2000000e+01  -1.4956039e+02  -2.3440851e+01  -2.2210933e+01  -3.4993328e+01   2.4914737e+01
   1.4717362e+00  -2.2000000e+01  -1.4830352e+02  -2.3306944e+01  -2.1270114e+01  -3.6019286e+01   2.2370064e+01
   8.6971357e-01  -2.2000000e+01  -1.4734277e+02  -2.2396785e+01  -2.0192148e+01  -3.5858341e+01   2.1324434e+01
   3.0386508e-01  -2.2000000e+01  -1.4666830e+02  -2.1457344e+01  -1.9253358e+01  -3.5564033e+01   2.0393161e+01
   1.3849117e-02  -2.2000000e+01  -1.4616979e+02  -2.0989160e+01  -1.8229895e+01  -3.5121921e+01   1.8211594e+01
   5.0464077e-02  -2.2000000e+01  -1.4562833e+02  -2.1144708e+01  -1.6811193e+01  -3.4067085e+01   1.5351385e+01
   4.8384269e-02  -2.2000000e+01  -1.4554361e+02  -2.0766389e+01  -1.5595525e+01  -3.2535190e+01   1.2889771e+01
   1.6193379e-01  -2.2000000e+01  -1.4558553e+02  -2.1126609e+01  -1.4403573e+01  -3.1666251e+01   1.1404920e+01
  -1.6714464e-01  -2.2000000e+01  -1.4572015e+02  -2.1721615e+01  -1.3137291e+01  -3.1238843e+01   8.8859929e+00
  -4.6513841e-01  -2.2000000e+01  -1.4682969e+02  -2.2779687e+01  -1.2579900e+01  -3.1297550e+01   6.2666936e+00
  -3.4295649e-01  -2.2000000e+01  -1.4903372e+02  -2.4652521e+01  -1.4576242e+01  -3.3040423e+01   2.6653896e+00
  -7.8370497e-01  -2.2000000e+01  -1.5123458e+02  -2.6841636e+01  -1.6952967e+01  -3.5262959e+01   1.0185921e+00
  -1.6970685e-01  -2.2000000e+01  -1.5362824e+02  -2.7049208e+01  -2.1028574e+01  -3.7636327e+01   5.3883145e+00
   4.4215277e-02  -2.2000000e+01  -1.5651374e+02  -2.7253293e+01  -2.5302069e+01  -3.8976937e+01   1.0064414e+01
   5.6857221e-01  -2.2000000e+01  -1.5922299e+02  -2.5878766e+01  -2.9069097e+01  -3.8406549e+01   1.1925126e+01
   1.8528836e+00  -2.2000000e+01  -1.6120153e+02  -2.4423641e+01  -3.2444970e+01  -3.7523503e+01   1.1837644e+01
   3.2131291e+00  -2.2000000e+01  -1.6435083e+02  -2.2246515e+01  -3.4985873e+01  -3.5543571e+01   1.1468248e+01
   5.3359561e+00  -2.2000000e+01  -1.6712893e+02  -2.0561020e+01  -3.7133335e+01  -3.3477816e+01   1.0256788e+01
   6.2169330e+00  -2.2000000e+01  -1.6963229e+02  -1.8527815e+01  -3.7503615e+01  -3.0964213e+01   8.6493374e+00
   6.5012756e+00  -2.2000000e+01  -1.6924017e+02  -1.9464237e+01  -3.6786481e+01  -3.0975100e+01   9.3970788e+00
   6.7576948e+00  -2.2000000e+01  -1.6792773e+02  -2.1121521e+01  -3.5729091e+01  -3.1472809e+01   1.0665819e+01
   6.1492008e+00  -2.2000000e+01  -1.6598923e+02  -2.2901560e+01  -3.4651872e+01  -3.2365077e+01   1.3411707e+01
   5.6803775e+00  -2.2000000e+01  -1.6464638e+02  -2.4101876e+01  -3.3952359e+01  -3.2834658e+01   1.6533556e+01
   4.8211338e+00  -2.2000000e+01  -1.6308142e+02  -2.4947397e+01  -3.3295998e+01  -3.3368177e+01   1.8272956e+01
   4.1574118e+00  -2.2000000e+01  -1.6116708e+02  -2.5412718e+01  -3.2313982e+01  -3.3623429e+01   2.0705185e+01
   2.5723537e+00  -2.2000000e+01  -1.5935583e+02  -2.5556541e+01  -3.1066856e+01  -3.3967830e+01   1.9927115e+01
   2.0341422e+00  -2.2000000e+01  -1.5798698e+02  -2.5846624e+01  -3.0204287e+01  -3.4532992e+01   2.5000578e+01
   1.9667192e+00  -2.2000000e+01  -1.5694047e+02  -2.6522786e+01  -2.9162615e+01  -3.5546712e+01   2.8220149e+01
   1.8956206e+00  -2.2000000e+01  -1.5595464e+02  -2.6731027e+01  -2.8007263e+01  -3.6172864e+01   2.7867472e+01
   1.7760175e+00  -2.2000000e+01  -1.5498025e+02  -2.6403887e+01  -2.6635616e+01  -3.6195088e+01   2.8747888e+01
   8.9896332e-01  -2.2000000e+01  -1.5401141e+02  -2.6216998e+01  -2.5096575e+01  -3.6330278e+01   2.8343278e+01
   1.0814847e-01  -2.2000000e+01  -1.5319976e+02  -2.6214123e+01  -2.3680865e+01  -3.6678996e+01   2.9485757e+01
  -3.6569504e-01  -2.2000000e+01  -1.5225496e+02  -2.5883301e+01  -2.2234458e+01  -3.6981795e+01   2.8889058e+01
  -3.9375463e-01  -2.2000000e+01  -1.5170160e+02  -2.5019833e+01  -2.1134191e+01  -3.6973914e+01   2.8354157e+01
   1.5081806e-01  -2.2000000e+01  -1.5083564e+02  -2.4367889e+01  -2.0064466e+01  -3.7109591e+01   2.7937395e+01
   7.0309136e-01  -2.2000000e+01  -1.4979249e+02  -2.3773368e+01  -1.8961806e+01  -3.7276608e+01   2.8319253e+01
   1.2687668e+00  -2.2000000e+01  -1.4899108e+02  -2.2872315e+01  -1.8230928e+01  -3.7497933e+01   2.5810650e+01
   1.8537365e+00  -2.2000000e+01  -1.4770858e+02  -2.2118760e+01  -1.7242032e+01  -3.7845620e+01   2.3211327e+01
   2.1124902e+00  -2.2000000e+01  -1.4643379e+02  -2.1441477e+01  -1.6172580e+01  -3.7703243e+01   2.2420691e+01
   1.5164827e+00  -2.2000000e+01  -1.4539073e+02  -2.0916877e+01  -1.4903422e+01  -3.7024204e+01   2.0185777e+01
   2.8380915e-01  -2.2000000e+01  -1.4525282e+02  -2.0807220e+01  -1.3907173e+01  -3.6011689e+01   1.7266652e+01
  -4.9009734e-01  -2.2000000e+01  -1.4491940e+02  -2.0508951e+01  -1.2826267e+01  -3.4841969e+01   1.5613643e+01
  -1.3716340e+00  -2.2000000e+01  -1.4474848e+02  -2.0067891e+01  -1.1768724e+01  -3.3558595e+01   1.2822323e+01
  -2.0200030e+00  -2.2000000e+01  -1.4440547e+02  -1.9886090e+01  -1.0564730e+01  -3.2470659e+01   1.0984012e+01
  -2.1360134e+00  -2.2000000e+01  -1.4396352e+02  -1.9896278e+01  -9.5636524e+00  -3.1994864e+01   8.4219237e+00
  -2.3150374e+00  -2.2000000e+01  -1.4470614e+02  -2.1216742e+01  -9.3189166e+00  -3.2520823e+01   6.2322304e+00
  -1.3995000e+00  -2.2000000e+01  -1.4690303e+02  -2.3123145e+01  -1.0844283e+01  -3.4301379e+01   2.7403065e+00
  -7.1597021e-01  -2.2000000e+01  -1.4961189e+02  -2.4051373e+01  -1.2904521e+01  -3.5458245e+01   2.1417493e+00
  -9.0776926e-01  -2.2000000e+01  -1.5245002e+02  -2.4786779e+01  -1.5658625e+01  -3.6728260e+01   6.0019490e-01
   1.2756023e-01  -2.2000000e+01  -1.5568097e+02  -2.4749019e+01  -1.9406977e+01  -3.7653433e+01   2.9436187e+00
   8.2345498e-01  -2.2000000e+01  -1.5828085e+02  -2.4431035e+01  -2.3104315e+01  -3.8493158e+01   3.1426536e+00
   1.7982857e+00  -2.2000000e+01  -1.6014490e+02  -2.4297915e+01  -2.7038042e+01  -3.8876460e+01   2.6108182e+00
   2.4365041e+00  -2.2000000e+01  -1.6380436e+02  -2.2249735e+01  -3.1087490e+01  -3.7110549e+01  -2.2908441e-01
   4.8737558e+00  -2.2000000e+01  -1.6812593e+02  -1.9137610e+01  -3.4708246e+01  -3.3874817e+01  -1.1898033e+00
   5.5878072e+00  -2.2000000e+01  -1.7172465e+02  -1.7225317e+01  -3.6441963e+01  -3.1363018e+01  -1.4618816e+00
   7.9046925e+00  -2.2000000e+01  -1.7407685e+02  -1.5840645e+01  -3.7304430e+01  -2.9337615e+01   2.7877807e+00
   8.2052301e+00  -2.2000000e+01  -1.7257904e+02  -1.7191536e+01  -3.6449670e+01  -2.9914111e+01   5.9162712e+00
   7.6205432e+00  -2.2000000e+01  -1.7062543e+02  -1.8953325e+01  -3.5537330e+01  -3.0887309e+01   7.7628699e+00
   7.3478478e+00  -2.2000000e+01  -1.6867961e+02  -2.0369074e+01  -3.4678446e+01  -3.1420924e+01   1.0241090e+01
   6.0473696e+00  -2.2000000e+01  -1.6628614e+02  -2.2435562e+01  -3.3731590e+01  -3.2550724e+01   1.2518474e+01
   4.4931114e+00  -2.2000000e+01  -1.6447470e+02  -2.3995846e+01  -3.2979971e+01  -3.3383289e+01   1.6307061e+01
   3.2229039e+00  -2.2000000e+01  -1.6247046e+02  -2.4836686e+01  -3.1997630e+01  -3.3626276e+01   2.0428283e+01
   2.3236065e+00  -2.2000000e+01  -1.6050745e+02  -2.5521424e+01  -3.1156239e+01  -3.4587199e+01   2.3663508e+01
   1.7415616e+00  -2.2000000e+01  -1.5895058e+02  -2.5072957e+01  -3.0412180e+01  -3.5630788e+01   2.6629199e+01
   1.7792537e+00  -2.2000000e+01  -1.5707332e+02  -2.5133360e+01  -2.9501225e+01  -3.7008508e+01   2.9168230e+01
   1.7130549e+00  -2.2000000e+01  -1.5569117e+02  -2.5146784e+01  -2.8793032e+01  -3.8258534e+01   3.0302698e+01
   1.2579909e+00  -2.2000000e+01  -1.5430357e+02  -2.4530755e+01  -2.7813374e+01  -3.8804314e+01   3.1147758e+01
   1.7064300e-01  -2.2000000e+01  -1.5292860e+02  -2.4476045e+01  -2.6580322e+01  -3.9375261e+01   3.1196242e+01
  -3.1382274e-01  -2.2000000e+01  -1.5171961e+02  -2.4388721e+01  -2.5599470e+01  -3.9693968e+01   3.2072455e+01
  -7.0681046e-01  -2.2000000e+01  -1.5056414e+02  -2.3860409e+01  -2.4596141e+01  -3.9738790e+01   3.1487988e+01
  -8.5531220e-01  -2.2000000e+01  -1.4959403e+02  -2.3525274e+01  -2.3776661e+01  -3.9853008e+01   3.1206067e+01
  -1.1415350e+00  -2.2000000e+01  -1.4886594e+02  -2.2870251e+01  -2.3096244e+01  -3.9801164e+01   3.0301165e+01
  -4.8559468e-01  -2.2000000e+01  -1.4772866e+02  -2.2252954e+01  -2.2245301e+01  -3.9560115e+01   3.0904050e+01
   1.0750405e-01  -2.2000000e+01  -1.4702829e+02  -2.2236051e+01  -2.1659207e+01  -3.9728076e+01   2.8841919e+01
   4.7364323e-01  -2.2000000e+01  -1.4630464e+02  -2.2161752e+01  -2.0738207e+01  -3.9527969e+01   2.7367538e+01
   6.8522090e-02  -2.2000000e+01  -1.4564314e+02  -2.1820657e+01  -1.9369362e+01  -3.8946900e+01   2.6057708e+01
  -3.9000149e-01  -2.2000000e+01  -1.4490299e+02  -2.1749428e+01  -1.7955819e+01  -3.8533368e+01   2.4551139e+01
  -6.7342295e-01  -2.2000000e+01  -1.4427090e+02  -2.1680509e+01  -1.6429303e+01  -3.7677587e+01   2.3927071e+01
  -1.3215163e+00  -2.2000000e+01  -1.4399341e+02  -2.2004557e+01  -1.4969856e+01  -3.7015353e+01   2.1499152e+01
  -2.3266751e+00  -2.2000000e+01  -1.4384362e+02  -2.2305470e+01  -1.3614616e+01  -3.6106040e+01   1.9513015e+01
  -3.2088026e+00  -2.2000000e+01  -1.4339460e+02  -2.2506170e+01  -1.2031084e+01  -3.4990495e+01   1.8231989e+01
  -3.8516621e+00  -2.2000000e+01  -1.4277266e+02  -2.2738222e+01  -1.0611522e+01  -3.4225806e+01   1.6119942e+01
  -3.6989493e+00  -2.2000000e+01  -1.4349282e+02  -2.3343117e+01  -1.0757392e+01  -3.4277542e+01   1.3659116e+01
  -2.8840133e+00  -2.2000000e+01  -1.4610392e+02  -2.4780884e+01  -1.2476163e+01  -3.5213992e+01   1.0674025e+01
  -1.7017279e+00  -2.2000000e+01  -1.4938452e+02  -2.5404698e+01  -1.5125193e+01  -3.5986062e+01   6.8039822e+00
  -1.2863937e+00  -2.2000000e+01  -1.5293671e+02  -2.5543547e+01  -1.8196258e+01  -3.6683358e+01   4.3857803e+00
   6.6333933e-01  -2.2000000e+01  -1.5614010e+02  -2.4992352e+01  -2.1639924e+01  -3.6858235e+01   4.1368761e+00
   2.1370782e+00  -2.2000000e+01  -1.5912698e+02  -2.4369346e+01  -2.5018219e+01  -3.6916337e+01   2.5536028e+00
   2.9766946e+00  -2.2000000e+01  -1.6213382e+02  -2.3335339e+01  -2.7962773e+01  -3.6193586e+01   1.2641979e+00
   4.7084776e+00  -2.2000000e+01  -1.6501960e+02  -2.2039204e+01  -3.0044249e+01  -3.4583282e+01   1.0668796e+00
   6.7360118e+00  -2.2000000e+01  -1.6720645e+02  -2.0890960e+01  -3.1610913e+01  -3.3234910e+01   4.2221163e-02
   7.2694201e+00  -2.2000000e+01  -1.6924084e+02  -1.9995341e+01  -3.2950016e+01  -3.1971026e+01   9.3400655e-02
   7.1311312e+00  -2.2000000e+01  -1.7087584e+02  -1.8605721e+01  -3.3328913e+01  -3.0396339e+01  -1.2222964e-02
   7.5013315e+00  -2.2000000e+01  -1.7126171e+02  -1.7898132e+01  -3.3155335e+01  -2.9340185e+01   3.0268946e+00
   7.3098725e+00  -2.2000000e+01  -1.7020652e+02  -1.8848392e+01  -3.2389191e+01  -2.9773583e+01   5.0135247e+00
   6.8861964e+00  -2.2000000e+01  -1.6904877e+02  -1.9710755e+01  -3.1481843e+01  -3.0145580e+01   6.2121270e+00
   6.5119268e+00  -2.2000000e+01  -1.6786280e+02  -2.0454286e+01  -3.0563514e+01  -3.0408883e+01   7.4261230e+00
   6.2515315e+00  -2.2000000e+01  -1.6633428e+02  -2.1373409e+01  -2.9649092e+01  -3.0890616e+01   9.2249917e+00
   5.8062196e+00  -2.2000000e+01  -1.6457202e+02  -2.2422455e+01  -2.8710753e+01  -3.1511716e+01   1.0113268e+01
   5.3985604e+00  -2.2000000e+01  -1.6291583e+02  -2.3116369e+01  -2.7857304e+01  -3.1844942e+01   1.1736939e+01
   5.1799008e+00  -2.2000000e+01  -1.6138134e+02  -2.3559979e+01  -2.7250101e+01  -3.2239167e+01   1.4469784e+01
   4.1415540e+00  -2.2000000e+01  -1.5998089e+02  -2.3692448e+01  -2.6486159e+01  -3.2672145e+01   1.6675961e+01
   3.1291225e+00  -2.2000000e+01  -1.5870613e+02  -2.3920023e+01  -2.5794530e+01  -3.3192602e+01   1.8853920e+01
   2.5185701e+00  -2.2000000e+01  -1.5777740e+02  -2.4040894e+01  -2.5111044e+01  -3.3544278e+01   1.9099029e+01
   2.1279234e+00  -2.2000000e+01  -1.5687023e+02  -2.4439676e+01  -2.4295108e+01  -3.3979366e+01   2.0643685e+01
   1.7841482e+00  -2.2000000e+01  -1.5579065e+02  -2.4632349e+01  -2.3197296e+01  -3.4307094e+01   2.1427538e+01
   1.5008662e+00  -2.2000000e+01  -1.5472044e+02  -2.4701977e+01  -2.2103856e+01  -3.4525358e+01   2.2184792e+01
   1.3101942e+00  -2.2000000e+01  -1.5411044e+02  -2.4193021e+01  -2.1220112e+01  -3.4422720e+01   2.1258657e+01
   1.2227258e+00  -2.2000000e+01  -1.5307802e+02  -2.3563864e+01  -1.9971550e+01  -3.4198778e+01   2.1393252e+01
   2.5705841e+00  -2.2000000e+01  -1.5157849e+02  -2.3046851e+01  -1.9041855e+01  -3.4562126e+01   2.2122767e+01
   2.7431889e+00  -2.2000000e+01  -1.5033422e+02  -2.2434412e+01  -1.8016389e+01  -3.5158391e+01   2.0397247e+01
   2.9966015e+00  -2.2000000e+01  -1.4933487e+02  -2.1278247e+01  -1.7054804e+01  -3.5195477e+01   1.8035127e+01
   2.8243344e+00  -2.2000000e+01  -1.4844341e+02  -2.0880033e+01  -1.5922950e+01  -3.4457305e+01   1.5345431e+01
   2.5672751e+00  -2.2000000e+01  -1.4763945e+02  -2.0263456e+01  -1.4790942e+01  -3.3421451e+01   1.3736858e+01
   2.2481300e+00  -2.2000000e+01  -1.4682221e+02  -1.9881857e+01  -1.3651045e+01  -3.2577889e+01   1.2028340e+01
   1.6453729e+00  -2.2000000e+01  -1.4632816e+02  -1.9704109e+01  -1.2374751e+01  -3.1593543e+01   1.1061727e+01
   5.4353931e-01  -2.2000000e+01  -1.4605082e+02  -1.9657875e+01  -1.1014926e+01  -3.0703740e+01   8.5650438e+00
  -2.8312124e-01  -2.2000000e+01  -1.4569790e+02  -1.9604250e+01  -9.6838578e+00  -2.9937427e+01   6.8077620e+00
  -1.1175577e+00  -2.2000000e+01  -1.4583459e+02  -2.0296876e+01  -8.7956934e+00  -2.9918789e+01   4.6360173e+00
  -1.1764973e+00  -2.2000000e+01  -1.4738681e+02  -2.1168213e+01  -9.3612051e+00  -3.0461753e+01   3.0951073e+00
  -9.1349879e-01  -2.2000000e+01  -1.4959253e+02  -2.4078078e+01  -1.1429149e+01  -3.3404837e+01   4.4897353e-01
  -6.4228309e-01  -2.2000000e+01  -1.5280140e+02  -2.6282956e+01  -1.4587699e+01  -3.5816268e+01  -1.1691264e+00
   1.2202277e+00  -2.2000000e+01  -1.5508591e+02  -2.6594223e+01  -1.8425105e+01  -3.8256201e+01   7.2398994e-01
   2.1075098e+00  -2.2000000e+01  -1.5804013e+02  -2.6172690e+01  -2.2469526e+01  -4.0017630e+01   6.4401954e+00
   2.5190302e+00  -2.2000000e+01  -1.6037048e+02  -2.5564830e+01  -2.6311850e+01  -4.1178136e+01   6.5916018e+00
   3.1714133e+00  -2.2000000e+01  -1.6364075e+02  -2.3068666e+01  -3.0243196e+01  -3.9925169e+01   5.4078462e+00
   5.6029365e+00  -2.2000000e+01  -1.6717705e+02  -1.9977292e+01  -3.3644482e+01  -3.7322220e+01   2.6378404e+00
   7.3980557e+00  -2.2000000e+01  -1.7199023e+02  -1.6140941e+01  -3.6182246e+01  -3.3212624e+01   4.9483646e+00
   8.3361437e+00  -2.2000000e+01  -1.7305313e+02  -1.5484929e+01  -3.7208238e+01  -3.2095360e+01   7.0563284e+00
   7.8947335e+00  -2.2000000e+01  -1.7162217e+02  -1.6938428e+01  -3.6910256e+01  -3.2491475e+01   8.6531371e+00
   7.5726507e+00  -2.2000000e+01  -1.7006770e+02  -1.8365523e+01  -3.6077360e+01  -3.2533861e+01   9.1511443e+00
   7.5518385e+00  -2.2000000e+01  -1.6848791e+02  -1.9865510e+01  -3.5160833e+01  -3.2637202e+01   1.0941363e+01
   6.0741013e+00  -2.2000000e+01  -1.6680356e+02  -2.1577010e+01  -3.4501632e+01  -3.3192045e+01   1.4754697e+01
   4.5559672e+00  -2.2000000e+01  -1.6461491e+02  -2.3391910e+01  -3.3628303e+01  -3.4019920e+01   1.8151167e+01
   3.4184320e+00  -2.2000000e+01  -1.6293321e+02  -2.4379427e+01  -3.2970314e+01  -3.4346204e+01   2.1924278e+01
   2.3397414e+00  -2.2000000e+01  -1.6125113e+02  -2.4643085e+01  -3.2138039e+01  -3.4629713e+01   2.3947735e+01
   1.2942455e+00  -2.2000000e+01  -1.5981287e+02  -2.4826354e+01  -3.1348383e+01  -3.4907601e+01   2.3627426e+01
   9.3635212e-01  -2.2000000e+01  -1.5886843e+02  -2.5080870e+01  -3.0790625e+01  -3.5137633e+01   2.4756066e+01
   1.0918089e+00  -2.2000000e+01  -1.5783565e+02  -2.5079021e+01  -3.0292049e+01  -3.5559445e+01   2.6767551e+01
   1.6167263e+00  -2.2000000e+01  -1.5646370e+02  -2.5110467e+01  -2.9697694e+01  -3.6592821e+01   2.8079556e+01
   1.7650612e+00  -2.2000000e+01  -1.5527482e+02  -2.4794928e+01  -2.9110220e+01  -3.7471659e+01   2.8480134e+01
   1.3227775e+00  -2.2000000e+01  -1.5419844e+02  -2.4546950e+01  -2.8378025e+01  -3.7960467e+01   2.8502234e+01
   1.0603519e+00  -2.2000000e+01  -1.5296025e+02  -2.3717062e+01  -2.7436625e+01  -3.7868852e+01   2.8845103e+01
   4.2989962e-01  -2.2000000e+01  -1.5253212e+02  -2.3249792e+01  -2.6846386e+01  -3.7918263e+01   2.8270993e+01
  -3.7572188e-01  -2.2000000e+01  -1.5141137e+02  -2.2991478e+01  -2.5801992e+01  -3.7975292e+01   2.6817095e+01
  -1.1719305e-01  -2.2000000e+01  -1.5037962e+02  -2.2439833e+01  -2.4994784e+01  -3.7740870e+01   2.7692725e+01
  -1.9656321e-03  -2.2000000e+01  -1.4952079e+02  -2.2209255e+01  -2.4449164e+01  -3.8006949e+01   2.5296158e+01
   4.3405613e-01  -2.2000000e+01  -1.4849821e+02  -2.1860814e+01  -2.3879657e+01  -3.7935883e+01   2.5222827e+01
   9.0200465e-01  -2.2000000e+01  -1.4710101e+02  -2.1712087e+01  -2.2893804e+01  -3.7496610e+01   2.4239851e+01
   8.9421551e-01  -2.2000000e+01  -1.4612483e+02  -2.1610327e+01  -2.1829724e+01  -3.6972370e+01   2.2330642e+01
   5.5405066e-01  -2.2000000e+01  -1.4561675e+02  -2.1783550e+01  -2.0963607e+01  -3.6679516e+01   1.9959062e+01
   2.6672671e-01  -2.2000000e+01  -1.4494366e+02  -2.1608535e+01  -1.9755791e+01  -3.5979253e+01   1.8895818e+01
  -3.7431096e-01  -2.2000000e+01  -1.4471043e+02  -2.1252989e+01  -1.8563541e+01  -3.5096125e+01   1.7182273e+01
  -1.0644099e+00  -2.2000000e+01  -1.4470306e+02  -2.1229796e+01  -1.7386574e+01  -3.4299292e+01   1.6628745e+01
  -1.2611677e+00  -2.2000000e+01  -1.4456401e+02  -2.1399696e+01  -1.6098210e+01  -3.3609671e+01   1.6488332e+01
  -1.4579255e+00  -2.2000000e+01  -1.4442496e+02  -2.1569597e+01  -1.4809847e+01  -3.2920049e+01   1.6347920e+01
  -1.8521018e+00  -2.2000000e+01  -1.4448301e+02  -2.2133011e+01  -1.3815044e+01  -3.2653001e+01   1.4935364e+01
  -2.0144837e+00  -2.2000000e+01  -1.4474792e+02  -2.2664922e+01  -1.3143107e+01  -3.2638889e+01   1.2628851e+01
  -1.5055763e+00  -2.2000000e+01  -1.4645623e+02  -2.3700586e+01  -1.3832201e+01  -3.3241841e+01   1.1158681e+01
  -1.5503601e+00  -2.2000000e+01  -1.4987592e+02  -2.5586166e+01  -1.7162890e+01  -3.5800403e+01   7.1372108e+00
  -1.1390705e+00  -2.2000000e+01  -1.5215371e+02  -2.6850473e+01  -2.1090990e+01  -3.9020227e+01   6.2776032e+00
  -3.9124390e-02  -2.2000000e+01  -1.5474863e+02  -2.6579398e+01  -2.5237359e+01  -4.0907619e+01   7.8858229e+00
   8.1137704e-01  -2.2000000e+01  -1.5710799e+02  -2.6043577e+01  -2.9194070e+01  -4.2003397e+01   1.1006001e+01
   1.0630070e+00  -2.2000000e+01  -1.5915143e+02  -2.4889630e+01  -3.2045492e+01  -4.1090287e+01   1.3528969e+01
   1.8128847e+00  -2.2000000e+01  -1.6091260e+02  -2.3674653e+01  -3.4498550e+01  -3.9702594e+01   1.5010917e+01
   3.9965416e+00  -2.2000000e+01  -1.6267211e+02  -2.1562608e+01  -3.6059077e+01  -3.7842088e+01   1.7306880e+01
   5.9419215e+00  -2.2000000e+01  -1.6501548e+02  -1.9232222e+01  -3.6921538e+01  -3.5304565e+01   1.6451027e+01
   6.3204291e+00  -2.2000000e+01  -1.6487437e+02  -2.0007572e+01  -3.6634210e+01  -3.5592931e+01   1.6958698e+01
   5.5789353e+00  -2.2000000e+01  -1.6398139e+02  -2.1429721e+01  -3.5600422e+01  -3.6293042e+01   1.7117206e+01
   5.4593705e+00  -2.2000000e+01  -1.6289394e+02  -2.2470568e+01  -3.4493908e+01  -3.6457221e+01   2.0239584e+01
   4.8884999e+00  -2.2000000e+01  -1.6228905e+02  -2.2812635e+01  -3.3506992e+01  -3.6109359e+01   2.1171632e+01
   4.3491545e+00  -2.2000000e+01  -1.6118243e+02  -2.3598359e+01  -3.2407053e+01  -3.6245259e+01   2.2802023e+01
   3.4305997e+00  -2.2000000e+01  -1.5977371e+02  -2.4373988e+01  -3.1112187e+01  -3.6559009e+01   2.2317109e+01
   2.4573793e+00  -2.2000000e+01  -1.5845980e+02  -2.4994394e+01  -2.9867923e+01  -3.6492269e+01   2.4843937e+01
   2.7629684e+00  -2.2000000e+01  -1.5709908e+02  -2.5651076e+01  -2.8760056e+01  -3.6693147e+01   2.6621770e+01
   2.7578529e+00  -2.2000000e+01  -1.5586897e+02  -2.5834210e+01  -2.7567121e+01  -3.6614005e+01   2.6726732e+01
   2.7059458e+00  -2.2000000e+01  -1.5466597e+02  -2.6136830e+01  -2.6370954e+01  -3.6620015e+01   2.6706239e+01
   2.2110369e+00  -2.2000000e+01  -1.5381482e+02  -2.6188370e+01  -2.4934700e+01  -3.6427466e+01   2.7523001e+01
   1.2443160e+00  -2.2000000e+01  -1.5322315e+02  -2.6049277e+01  -2.3412460e+01  -3.6228616e+01   2.6307916e+01
   6.6428638e-01  -2.2000000e+01  -1.5287102e+02  -2.5783214e+01  -2.2065163e+01  -3.6093108e+01   2.6395853e+01
   9.4506530e-01  -2.2000000e+01  -1.5200773e+02  -2.5327955e+01  -2.0634727e+01  -3.6148672e+01   2.7341282e+01
   1.5200890e+00  -2.2000000e+01  -1.5105505e+02  -2.4842262e+01  -1.9288947e+01  -3.6438878e+01   2.6387108e+01
   2.1013978e+00  -2.2000000e+01  -1.5022228e+02  -2.4088343e+01  -1.7997768e+01  -3.6503835e+01   2.5476298e+01
   1.5723617e+00  -2.2000000e+01  -1.4971481e+02  -2.3922673e+01  -1.6686707e+01  -3.6456832e+01   2.4744210e+01
   1.1330144e+00  -2.2000000e+01  -1.4912784e+02  -2.3467101e+01  -1.5293131e+01  -3.6116078e+01   2.4038949e+01
   1.1088092e+00  -2.2000000e+01  -1.4793014e+02  -2.3117538e+01  -1.3806649e+01  -3.5767662e+01   2.1557288e+01
   5.6620134e-01  -2.2000000e+01  -1.4691169e+02  -2.3132883e+01  -1.2533087e+01  -3.5305179e+01   1.8112125e+01
  -2.9074231e-02  -2.2000000e+01  -1.4629381e+02  -2.2193162e+01  -1.1365388e+01  -3.3718279e+01   1.6124858e+01
  -9.9554474e-01  -2.2000000e+01  -1.4604078e+02  -2.1543576e+01  -1.0460782e+01  -3.2537660e+01   1.3022136e+01
  -1.7101885e+00  -2.2000000e+01  -1.4540752e+02  -2.1007429e+01  -9.3398266e+00  -3.1437374e+01   1.1005655e+01
  -2.3594963e+00  -2.2000000e+01  -1.4471714e+02  -2.0680964e+01  -8.2514025e+00  -3.0559352e+01   8.9060366e+00
  -1.9223247e+00  -2.2000000e+01  -1.4400034e+02  -2.0033301e+01  -7.7328833e+00  -3.0003776e+01   7.5734633e+00
  -1.6531318e+00  -2.2000000e+01  -1.4338703e+02  -1.9446895e+01  -7.3896808e+00  -2.9689682e+01   5.3721585e+00
  -1.4522746e+00  -2.2000000e+01  -1.4293535e+02  -1.9413710e+01  -7.1717448e+00  -2.9891446e+01   2.9690595e+00
  -1.6493987e+00  -2.2000000e+01  -1.4430516e+02  -2.0098458e+01  -7.8162227e+00  -3.0345968e+01   2.0996421e+00
  -1.4075175e+00  -2.2000000e+01  -1.4723025e+02  -2.2077549e+01  -9.6933806e+00  -3.1869190e+01  -1.2987142e+00
  -1.2178478e+00  -2.2000000e+01  -1.4961593e+02  -2.4778969e+01  -1.1768018e+01  -3.4187130e+01  -2.0281094e+00
  -8.5412081e-01  -2.2000000e+01  -1.5275486e+02  -2.6590669e+01  -1.5487872e+01  -3.6551633e+01  -2.7316293e+00
   1.2312218e+00  -2.2000000e+01  -1.5539579e+02  -2.6544443e+01  -1.9441932e+01  -3.7874221e+01   3.6800109e-01
   2.3361572e+00  -2.2000000e+01  -1.5831048e+02  -2.4913174e+01  -2.3080350e+01  -3.7985521e+01   3.6951044e+00
   3.1019627e+00  -2.2000000e+01  -1.6088389e+02  -2.3454926e+01  -2.6350431e+01  -3.7365936e+01   6.2732549e+00
   4.3998944e+00  -2.2000000e+01  -1.6381728e+02  -2.1694413e+01  -2.9539191e+01  -3.6280374e+01   8.0591319e+00
   5.9953894e+00  -2.2000000e+01  -1.6709460e+02  -1.9728140e+01  -3.3025458e+01  -3.5057983e+01   8.1421232e+00
   6.8691935e+00  -2.2000000e+01  -1.7046869e+02  -1.7946496e+01  -3.5904429e+01  -3.3494110e+01   6.4797538e+00
   8.5351996e+00  -2.2000000e+01  -1.7294197e+02  -1.6522305e+01  -3.7668350e+01  -3.1725820e+01   7.3084203e+00
   8.7279109e+00  -2.2000000e+01  -1.7277732e+02  -1.6993887e+01  -3.7907149e+01  -3.1463163e+01   5.8647847e+00
   8.6234530e+00  -2.2000000e+01  -1.7136282e+02  -1.8153241e+01  -3.7533491e+01  -3.1625030e+01   8.6953467e+00
   8.0606983e+00  -2.2000000e+01  -1.6968395e+02  -1.9166446e+01  -3.6921236e+01  -3.2094147e+01   1.0230712e+01
   7.6043700e+00  -2.2000000e+01  -1.6743183e+02  -2.0707573e+01  -3.6056675e+01  -3.3116320e+01   1.2512947e+01
   6.6840084e+00  -2.2000000e+01  -1.6559085e+02  -2.2308279e+01  -3.5612219e+01  -3.4364235e+01   1.6077386e+01
   5.7307216e+00  -2.2000000e+01  -1.6391269e+02  -2.3394257e+01  -3.5270968e+01  -3.5254295e+01   1.9712389e+01
   4.5926286e+00  -2.2000000e+01  -1.6196717e+02  -2.4049023e+01  -3.4433640e+01  -3.5542418e+01   2.2260757e+01
   3.3375539e+00  -2.2000000e+01  -1.6002577e+02  -2.4718776e+01  -3.3528180e+01  -3.6008690e+01   2.3392105e+01
   2.4515034e+00  -2.2000000e+01  -1.5855463e+02  -2.4849094e+01  -3.2806045e+01  -3.5996737e+01   2.5306744e+01
   2.0520074e+00  -2.2000000e+01  -1.5699406e+02  -2.5215829e+01  -3.2180106e+01  -3.6643662e+01   2.7851616e+01
   1.6205041e+00  -2.2000000e+01  -1.5549153e+02  -2.5458481e+01  -3.1252616e+01  -3.7482502e+01   3.0251252e+01
   1.3544606e+00  -2.2000000e+01  -1.5448900e+02  -2.5501437e+01  -3.0610089e+01  -3.8208398e+01   3.2691224e+01
   9.3028457e-01  -2.2000000e+01  -1.5288504e+02  -2.5300306e+01  -2.9316403e+01  -3.8791863e+01   3.3036695e+01
  -1.5544682e-01  -2.2000000e+01  -1.5176584e+02  -2.5141479e+01  -2.7898816e+01  -3.9342156e+01   3.2685038e+01
  -8.5500766e-01  -2.2000000e+01  -1.5034588e+02  -2.4719869e+01  -2.6260700e+01  -3.9587858e+01   3.3109681e+01
  -1.2838568e+00  -2.2000000e+01  -1.4920033e+02  -2.4149337e+01  -2.4807379e+01  -3.9744839e+01   3.3867387e+01
  -1.7405183e+00  -2.2000000e+01  -1.4821545e+02  -2.3575532e+01  -2.3605133e+01  -4.0136830e+01   3.2063928e+01
  -1.3505576e+00  -2.2000000e+01  -1.4697657e+02  -2.3154037e+01  -2.2422542e+01  -4.0306911e+01   3.1870063e+01
  -2.6408343e-01  -2.2000000e+01  -1.4580153e+02  -2.2463311e+01  -2.1316126e+01  -4.0057993e+01   3.1477499e+01
   1.2622981e-01  -2.2000000e+01  -1.4508315e+02  -2.1914028e+01  -2.0137955e+01  -3.9864180e+01   2.9446719e+01
  -1.7124785e-01  -2.2000000e+01  -1.4462997e+02  -2.1864874e+01  -1.8739101e+01  -3.9618813e+01   2.6694783e+01
  -6.0538670e-01  -2.2000000e+01  -1.4355715e+02  -2.1890116e+01  -1.6624562e+01  -3.8853885e+01   2.5877129e+01
  -9.1438035e-01  -2.2000000e+01  -1.4304734e+02  -2.1857788e+01  -1.4839760e+01  -3.7854831e+01   2.3476385e+01
  -1.4443827e+00  -2.2000000e+01  -1.4291177e+02  -2.1537440e+01  -1.3276373e+01  -3.6650508e+01   2.1254346e+01
  -2.1291296e+00  -2.2000000e+01  -1.4259003e+02  -2.1259408e+01  -1.1607088e+01  -3.5463071e+01   1.8978011e+01
  -2.8512838e+00  -2.2000000e+01  -1.4264081e+02  -2.1022960e+01  -1.0238369e+01  -3.4237013e+01   1.7081994e+01
  -3.4285852e+00  -2.2000000e+01  -1.4223635e+02  -2.1194727e+01  -8.8076320e+00  -3.3470289e+01   1.5322977e+01
  -3.0678016e+00  -2.2000000e+01  -1.4252076e+02  -2.1910252e+01  -8.3736647e+00  -3.3654408e+01   1.3904141e+01
  -2.4865064e+00  -2.2000000e+01  -1.4380346e+02  -2.2928307e+01  -8.8477281e+00  -3.4548029e+01   9.7660086e+00
  -1.6943735e+00  -2.2000000e+01  -1.4591143e+02  -2.5107470e+01  -1.0115376e+01  -3.6669640e+01   7.1867385e+00
  -1.2533289e+00  -2.2000000e+01  -1.4852240e+02  -2.7058457e+01  -1.2243800e+01  -3.9424337e+01   7.9039657e+00
  -1.7285864e-01  -2.2000000e+01  -1.5168696e+02  -2.7969731e+01  -1.6282895e+01  -4.1810168e+01   7.0383893e+00
   6.1802800e-01  -2.2000000e+01  -1.5499824e+02  -2.7097950e+01  -2.0216769e+01  -4.2901283e+01   6.0786651e+00
   2.2299599e+00  -2.2000000e+01  -1.5804382e+02  -2.5500781e+01  -2.4167900e+01  -4.2926611e+01   5.5873193e+00
   3.5641968e+00  -2.2000000e+01  -1.6142644e+02  -2.3123440e+01  -2.8145050e+01  -4.1645665e+01   3.3999856e+00
   5.7669249e+00  -2.2000000e+01  -1.6553381e+02  -2.0159240e+01  -3.2089510e+01  -3.9006385e+01   6.6166272e-01
   7.2236741e+00  -2.2000000e+01  -1.7037723e+02  -1.6979068e+01  -3.5260594e+01  -3.5016712e+01  -1.0677050e+00
   9.9949597e+00  -2.2000000e+01  -1.7426006e+02  -1.3799647e+01  -3.7251959e+01  -3.1226409e+01  -1.3998456e-01
   1.1990653e+01  -2.2000000e+01  -1.7410267e+02  -1.3769589e+01  -3.7474256e+01  -3.0517723e+01   3.7317854e+00
   1.0901882e+01  -2.2000000e+01  -1.7230791e+02  -1.5209848e+01  -3.6622532e+01  -3.1178336e+01   5.4100357e+00
   9.5468312e+00  -2.2000000e+01  -1.7026702e+02  -1.6985974e+01  -3.5666073e+01  -3.2028540e+01   6.6991855e+00
   8.3684509e+00  -2.2000000e+01  -1.6810079e+02  -1.8322044e+01  -3.4559941e+01  -3.2453628e+01   8.1947478e+00
   7.7898804e+00  -2.2000000e+01  -1.6640726e+02  -2.0286946e+01  -3.3800340e+01  -3.2683565e+01   1.0018853e+01
   6.7943359e+00  -2.2000000e+01  -1.6440407e+02  -2.2286231e+01  -3.2820744e+01  -3.3154819e+01   1.2334255e+01
   5.7199116e+00  -2.2000000e+01  -1.6260590e+02  -2.3823614e+01  -3.2095012e+01  -3.3538786e+01   1.7224934e+01
   4.5876645e+00  -2.2000000e+01  -1.6091168e+02  -2.4757570e+01  -3.1401093e+01  -3.3766899e+01   2.0868251e+01
   3.4437351e+00  -2.2000000e+01  -1.5917583e+02  -2.5449468e+01  -3.0589658e+01  -3.4447289e+01   2.3264947e+01
   2.5774711e+00  -2.2000000e+01  -1.5768530e+02  -2.5861019e+01  -2.9860114e+01  -3.5083497e+01   2.6163982e+01
   2.6618278e+00  -2.2000000e+01  -1.5611902e+02  -2.6328054e+01  -2.9087228e+01  -3.6255740e+01   2.8106965e+01
   2.6572773e+00  -2.2000000e+01  -1.5471398e+02  -2.6100559e+01  -2.8254075e+01  -3.7028377e+01   2.9485255e+01
   1.4395664e+00  -2.2000000e+01  -1.5330995e+02  -2.5873127e+01  -2.7004775e+01  -3.7747895e+01   3.0003301e+01
   5.8290744e-01  -2.2000000e+01  -1.5181808e+02  -2.5606821e+01  -2.5728423e+01  -3.8276075e+01   3.1806155e+01
  -4.0938735e-01  -2.2000000e+01  -1.5043919e+02  -2.5174984e+01  -2.4496810e+01  -3.8668274e+01   3.1640240e+01
  -1.2196342e+00  -2.2000000e+01  -1.4959750e+02  -2.4544456e+01  -2.3709640e+01  -3.8831440e+01   3.0906913e+01
  -4.6848853e-01  -2.2000000e+01  -1.4794007e+02  -2.4250541e+01  -2.2869048e+01  -3.9318745e+01   3.0613451e+01
  -5.8735594e-02  -2.2000000e+01  -1.4703819e+02  -2.3647537e+01  -2.2130138e+01  -3.9430691e+01   2.9590062e+01
   3.2496422e-01  -2.2000000e+01  -1.4566259e+02  -2.3585718e+01  -2.0851044e+01  -3.9434639e+01   2.8818460e+01
   3.0648417e-01  -2.2000000e+01  -1.4459675e+02  -2.2873995e+01  -1.9446038e+01  -3.8599907e+01   2.7647214e+01
  -5.1997908e-01  -2.2000000e+01  -1.4349920e+02  -2.2633695e+01  -1.7589165e+01  -3.7773465e+01   2.5126680e+01
  -1.4049811e+00  -2.2000000e+01  -1.4290843e+02  -2.2878409e+01  -1.5783134e+01  -3.6785263e+01   2.3085700e+01
  -2.1497511e+00  -2.2000000e+01  -1.4267477e+02  -2.2842373e+01  -1.4167431e+01  -3.5564882e+01   2.0988491e+01
  -2.8184419e+00  -2.2000000e+01  -1.4281044e+02  -2.2627440e+01  -1.2730677e+01  -3.4159874e+01   1.8776551e+01
  -3.3768646e+00  -2.2000000e+01  -1.4260739e+02  -2.2446053e+01  -1.1084820e+01  -3.2821869e+01   1.6606329e+01
  -2.8089670e+00  -2.2000000e+01  -1.4229221e+02  -2.2416833e+01  -9.9210306e+00  -3.2349174e+01   1.4390113e+01
  -2.2675475e+00  -2.2000000e+01  -1.4407230e+02  -2.3368299e+01  -1.0231972e+01  -3.2804897e+01   1.2003018e+01
  -1.7292706e+00  -2.2000000e+01  -1.4698256e+02  -2.4642136e+01  -1.1726404e+01  -3.3647722e+01   8.8776261e+00
  -1.0523753e+00  -2.2000000e+01  -1.5075141e+02  -2.5497959e+01  -1.3912512e+01  -3.4237238e+01   5.9390367e+00
   7.4738417e-02  -2.2000000e+01  -1.5359069e+02  -2.6485210e+01  -1.7661130e+01  -3.6308945e+01   4.4783222e+00
   1.3887158e+00  -2.2000000e+01  -1.5651493e+02  -2.6941441e+01  -2.1629351e+01  -3.7988807e+01   6.2230068e+00
   2.4426410e+00  -2.2000000e+01  -1.5948523e+02  -2.6951132e+01  -2.5797701e+01  -3.9280414e+01   6.3503235e+00
   3.1397826e+00  -2.2000000e+01  -1.6253577e+02  -2.5737731e+01  -2.9501254e+01  -3.8672637e+01   7.2443381e+00
   4.7109304e+00  -2.2000000e+01  -1.6586885e+02  -2.2850919e+01  -3.3099711e+01  -3.6568546e+01   6.3458342e+00
   6.2374081e+00  -2.2000000e+01  -1.7057066e+02  -1.9493853e+01  -3.5848042e+01  -3.2613518e+01   5.8622380e+00
   7.8899353e+00  -2.2000000e+01  -1.7267574e+02  -1.7723968e+01  -3.7184393e+01  -2.9961117e+01   8.7656266e+00
   7.3322599e+00  -2.2000000e+01  -1.7123240e+02  -1.9040677e+01  -3.6621928e+01  -2.9985780e+01   9.3848017e+00
   6.9932535e+00  -2.2000000e+01  -1.6917213e+02  -2.0797026e+01  -3.5921108e+01  -3.0519290e+01   1.1104333e+01
   6.5322229e+00  -2.2000000e+01  -1.6709915e+02  -2.2117561e+01  -3.5250807e+01  -3.0925227e+01   1.2472350e+01
   5.8119872e+00  -2.2000000e+01  -1.6486985e+02  -2.4299700e+01  -3.4557928e+01  -3.1955599e+01   1.5386596e+01
   5.0052405e+00  -2.2000000e+01  -1.6277053e+02  -2.5427678e+01  -3.3671824e+01  -3.2310451e+01   1.7925242e+01
   4.0671658e+00  -2.2000000e+01  -1.6086551e+02  -2.6620819e+01  -3.2890425e+01  -3.2870731e+01   2.1534883e+01
   3.0984845e+00  -2.2000000e+01  -1.5879639e+02  -2.6751096e+01  -3.1716274e+01  -3.3099178e+01   2.3177408e+01
   2.2475717e+00  -2.2000000e+01  -1.5721434e+02  -2.7035029e+01  -3.0922923e+01  -3.3623720e+01   2.6555877e+01
   1.2533896e+00  -2.2000000e+01  -1.5610731e+02  -2.7307779e+01  -3.0172303e+01  -3.4175491e+01   2.7590124e+01
   7.7813661e-01  -2.2000000e+01  -1.5543659e+02  -2.6982520e+01  -2.9303330e+01  -3.4052051e+01   2.7034414e+01
   5.9428965e-01  -2.2000000e+01  -1.5543667e+02  -2.6516293e+01  -2.8617236e+01  -3.3698663e+01   2.5934196e+01
   2.9376419e-01  -2.2000000e+01  -1.5551094e+02  -2.6574512e+01  -2.7752887e+01  -3.3511722e+01   2.4087400e+01
   3.0560697e-01  -2.2000000e+01  -1.5587757e+02  -2.6195008e+01  -2.6929107e+01  -3.2782370e+01   2.1449286e+01
   5.2735699e-01  -2.2000000e+01  -1.5553566e+02  -2.5999431e+01  -2.5693960e+01  -3.1988274e+01   2.0239099e+01
   6.6727323e-01  -2.2000000e+01  -1.5524976e+02  -2.6085521e+01  -2.4549056e+01  -3.1429347e+01   1.8881117e+01
   9.3562140e-01  -2.2000000e+01  -1.5534259e+02  -2.5707219e+01  -2.3608202e+01  -3.0559376e+01   1.7158039e+01
   9.9551878e-01  -2.2000000e+01  -1.5514187e+02  -2.5619581e+01  -2.2536240e+01  -2.9987509e+01   1.6243579e+01
   8.6143749e-01  -2.2000000e+01  -1.5449454e+02  -2.5153528e+01  -2.1354920e+01  -2.9464876e+01   1.4780277e+01
   2.5198501e+00  -2.2000000e+01  -1.5306847e+02  -2.4408218e+01  -2.0540774e+01  -2.9764510e+01   1.3079820e+01
   3.8934281e+00  -2.2000000e+01  -1.5192716e+02  -2.3320341e+01  -1.9764095e+01  -2.9714324e+01   1.3627677e+01
   4.1750504e+00  -2.2000000e+01  -1.5148188e+02  -2.2526615e+01  -1.9095819e+01  -3.0012499e+01   1.2559619e+01
   4.1173443e+00  -2.2000000e+01  -1.5096349e+02  -2.1374260e+01  -1.8158266e+01  -3.0060578e+01   1.0866321e+01
   3.1978494e+00  -2.2000000e+01  -1.5090217e+02  -2.0180375e+01  -1.7101666e+01  -2.9656817e+01   8.8985461e+00
   2.2579672e+00  -2.2000000e+01  -1.5074412e+02  -1.9370702e+01  -1.5945901e+01  -2.9007059e+01   6.3242092e+00
   2.2886143e+00  -2.2000000e+01  -1.5018861e+02  -1.9028117e+01  -1.4857419e+01  -2.8541175e+01   4.5646736e+00
   2.2466884e+00  -2.2000000e+01  -1.4967252e+02  -1.8960010e+01  -1.3796659e+01  -2.8292772e+01   2.6953741e+00
   2.0050558e+00  -2.2000000e+01  -1.4918071e+02  -1.9020000e+01  -1.2596744e+01  -2.7691146e+01   2.7707726e+00
   1.5016670e+00  -2.2000000e+01  -1.4874228e+02  -1.9318384e+01  -1.1338017e+01  -2.7250292e+01   1.2866311e+00
   5.2176986e-01  -2.2000000e+01  -1.4817670e+02  -2.0597280e+01  -1.0414257e+01  -2.7757630e+01  -1.3384542e+00
   4.1398934e-01  -2.2000000e+01  -1.4924405e+02  -2.4026055e+01  -1.1648175e+01  -3.0956460e+01  -4.9464640e+00
   2.6622509e-01  -2.2000000e+01  -1.5082470e+02  -2.6780009e+01  -1.3705618e+01  -3.3852455e+01  -5.7195573e+00
  -8.5242509e-01  -2.2000000e+01  -1.5281868e+02  -2.7826231e+01  -1.6374528e+01  -3.5129194e+01  -4.3206067e+00
   3.9188991e-03  -2.2000000e+01  -1.5498902e+02  -2.7515237e+01  -2.0807572e+01  -3.6239068e+01   3.6417985e-02
   6.4571156e-01  -2.2000000e+01  -1.5740272e+02  -2.6746633e+01  -2.5148778e+01  -3.6883464e+01   3.9427808e+00
   5.4878189e-01  -2.2000000e+01  -1.6005274e+02  -2.5871001e+01  -2.9380091e+01  -3.6868825e+01   4.5736146e+00
   1.7712719e+00  -2.2000000e+01  -1.6377248e+02  -2.4140609e+01  -3.3262424e+01  -3.5310655e+01   4.4153262e+00
   3.8735180e+00  -2.2000000e+01  -1.6655640e+02  -2.2166096e+01  -3.5871065e+01  -3.3373428e+01   2.2439485e+00
   6.2885366e+00  -2.2000000e+01  -1.7003707e+02  -1.9838905e+01  -3.8228272e+01  -3.0529448e+01   1.8425222e+00
   9.1098783e+00  -2.2000000e+01  -1.7172952e+02  -1.8089649e+01  -3.9082336e+01  -2.8068352e+01   4.7402961e+00
   8.7851537e+00  -2.2000000e+01  -1.7065687e+02  -1.9273699e+01  -3.8404779e+01  -2.8393613e+01   5.2824948e+00
   7.6471165e+00  -2.2000000e+01  -1.6918973e+02  -2.0645675e+01  -3.6918448e+01  -2.8912075e+01   5.8153140e+00
   7.0156292e+00  -2.2000000e+01  -1.6719074e+02  -2.2127056e+01  -3.5575046e+01  -2.9677886e+01   8.2255568e+00
   5.9418309e+00  -2.2000000e+01  -1.6522598e+02  -2.4412645e+01  -3.4934504e+01  -3.1106170e+01   1.2495564e+01
   4.8474770e+00  -2.2000000e+01  -1.6346348e+02  -2.5730039e+01  -3.4395002e+01  -3.1853416e+01   1.6279929e+01
   3.8173285e+00  -2.2000000e+01  -1.6165886e+02  -2.6758116e+01  -3.3783068e+01  -3.2385443e+01   2.0169758e+01
   2.7486963e+00  -2.2000000e+01  -1.5985009e+02  -2.7523219e+01  -3.3148563e+01  -3.2917894e+01   2.3588788e+01
   2.0009225e+00  -2.2000000e+01  -1.5848223e+02  -2.7644999e+01  -3.2631773e+01  -3.3258012e+01   2.5095728e+01
   1.3327998e+00  -2.2000000e+01  -1.5725645e+02  -2.7407787e+01  -3.2033496e+01  -3.3658240e+01   2.7886035e+01
   6.7111408e-01  -2.2000000e+01  -1.5635687e+02  -2.7562955e+01  -3.1580656e+01  -3.4374294e+01   2.9036662e+01
   4.1613478e-01  -2.2000000e+01  -1.5591112e+02  -2.7194800e+01  -3.1158018e+01  -3.4676394e+01   2.9173997e+01
   9.2043950e-01  -2.2000000e+01  -1.5537526e+02  -2.7537404e+01  -3.0516833e+01  -3.5188830e+01   2.8890594e+01
   1.3595571e+00  -2.2000000e+01  -1.5524958e+02  -2.7293787e+01  -2.9949552e+01  -3.5246494e+01   2.9570064e+01
   1.6496807e+00  -2.2000000e+01  -1.5485427e+02  -2.7126357e+01  -2.9240466e+01  -3.5470020e+01   3.0099421e+01
   1.6804088e+00  -2.2000000e+01  -1.5460981e+02  -2.7290782e+01  -2.8792840e+01  -3.5996176e+01   3.0932975e+01
   1.5599936e+00  -2.2000000e+01  -1.5389220e+02  -2.7016809e+01  -2.8067644e+01  -3.6240087e+01   3.1517003e+01
   8.7084318e-01  -2.2000000e+01  -1.5348643e+02  -2.6949513e+01  -2.7667408e+01  -3.6423586e+01   3.1770799e+01
   3.5678536e-01  -2.2000000e+01  -1.5245908e+02  -2.6965453e+01  -2.7206860e+01  -3.6646230e+01   3.2655795e+01
  -2.7813927e-02  -2.2000000e+01  -1.5185598e+02  -2.6050368e+01  -2.6970377e+01  -3.6239571e+01   3.2966776e+01
  -7.2768318e-01  -2.2000000e+01  -1.5134575e+02  -2.5625379e+01  -2.6656176e+01  -3.6319932e+01   3.2321942e+01
  -7.6028007e-01  -2.2000000e+01  -1.5026211e+02  -2.5183318e+01  -2.6280261e+01  -3.6614762e+01   3.2759851e+01
  -5.7948495e-01  -2.2000000e+01  -1.4945133e+02  -2.4464879e+01  -2.6038657e+01  -3.6791471e+01   3.2827840e+01
  -9.2326439e-01  -2.2000000e+01  -1.4891582e+02  -2.3635094e+01  -2.5633597e+01  -3.6853161e+01   3.2011258e+01
  -9.1665477e-01  -2.2000000e+01  -1.4790895e+02  -2.3186684e+01  -2.4943640e+01  -3.7147796e+01   3.1898770e+01
  -7.4908167e-01  -2.2000000e+01  -1.4734213e+02  -2.2767471e+01  -2.4462031e+01  -3.7444291e+01   3.1769938e+01
  -7.0306016e-01  -2.2000000e+01  -1.4655338e+02  -2.2769633e+01  -2.3380626e+01  -3.7837846e+01   3.0465386e+01
  -6.5603143e-01  -2.2000000e+01  -1.4583557e+02  -2.2467270e+01  -2.2289132e+01  -3.7967489e+01   2.9195965e+01
  -7.8957866e-01  -2.2000000e+01  -1.4495743e+02  -2.2060790e+01  -2.0874735e+01  -3.7931454e+01   2.7614738e+01
  -1.1717883e+00  -2.2000000e+01  -1.4439886e+02  -2.1829349e+01  -1.9111279e+01  -3.7439210e+01   2.6796697e+01
  -1.7167971e+00  -2.2000000e+01  -1.4393240e+02  -2.1724843e+01  -1.7327513e+01  -3.6889661e+01   2.5238455e+01
  -2.2393448e+00  -2.2000000e+01  -1.4364752e+02  -2.1665144e+01  -1.5515404e+01  -3.6034014e+01   2.3088122e+01
  -2.7205776e+00  -2.2000000e+01  -1.4344245e+02  -2.1486687e+01  -1.3717861e+01  -3.5005083e+01   2.1102584e+01
  -2.9491406e+00  -2.2000000e+01  -1.4343046e+02  -2.1800310e+01  -1.2168180e+01  -3.4202779e+01   1.9512380e+01
  -3.2118403e+00  -2.2000000e+01  -1.4388236e+02  -2.2812038e+01  -1.1004060e+01  -3.3925915e+01   1.7569133e+01
  -1.9728029e+00  -2.2000000e+01  -1.4598839e+02  -2.4560824e+01  -1.1414775e+01  -3.4450862e+01   1.5687153e+01
  -2.8007449e+00  -2.2000000e+01  -1.4719675e+02  -2.7675002e+01  -1.3252388e+01  -3.7966630e+01   1.2086224e+01
  -3.0577394e+00  -2.2000000e+01  -1.4890884e+02  -2.8868015e+01  -1.7054392e+01  -4.0874406e+01   1.2005711e+01
  -3.4547766e+00  -2.2000000e+01  -1.5189859e+02  -2.8329671e+01  -2.1512332e+01  -4.1922017e+01   1.3129353e+01
  -2.8839799e+00  -2.2000000e+01  -1.5494822e+02  -2.6800485e+01  -2.6198739e+01  -4.1842609e+01   1.3267648e+01
  -1.3753177e+00  -2.2000000e+01  -1.5783032e+02  -2.4931136e+01  -3.0166989e+01  -3.9507967e+01   1.2465168e+01
   6.5572997e-01  -2.2000000e+01  -1.6077271e+02  -2.3009000e+01  -3.3394354e+01  -3.6973650e+01   1.0301316e+01
   3.2586194e+00  -2.2000000e+01  -1.6429919e+02  -2.0094486e+01  -3.5751140e+01  -3.3581535e+01   7.9063274e+00
   5.4559183e+00  -2.2000000e+01  -1.6806129e+02  -1.7572305e+01  -3.6758371e+01  -3.0609068e+01   7.3528341e+00
   7.4506426e+00  -2.2000000e+01  -1.6967484e+02  -1.7175899e+01  -3.6457566e+01  -2.9189130e+01   8.6044432e+00
   7.5979451e+00  -2.2000000e+01  -1.6920507e+02  -1.8517628e+01  -3.5105173e+01  -2.9242106e+01   1.0122346e+01
   7.0507455e+00  -2.2000000e+01  -1.6825263e+02  -1.9641073e+01  -3.3577249e+01  -2.9388409e+01   9.7041924e+00
   6.7222138e+00  -2.2000000e+01  -1.6713977e+02  -2.0874284e+01  -3.2378472e+01  -2.9855619e+01   9.8887247e+00
   6.5650736e+00  -2.2000000e+01  -1.6618885e+02  -2.1441742e+01  -3.1363750e+01  -2.9854710e+01   1.0535946e+01
   6.4521757e+00  -2.2000000e+01  -1.6437723e+02  -2.2561688e+01  -3.0381753e+01  -3.0630897e+01   1.1895420e+01
   5.9301618e+00  -2.2000000e+01  -1.6265215e+02  -2.3623139e+01  -2.9512743e+01  -3.1338081e+01   1.4043239e+01
   5.1738160e+00  -2.2000000e+01  -1.6133293e+02  -2.4634535e+01  -2.8756482e+01  -3.1956451e+01   1.7001336e+01
   4.0515427e+00  -2.2000000e+01  -1.5979094e+02  -2.5404901e+01  -2.8105217e+01  -3.2632847e+01   2.1480149e+01
   3.0982579e+00  -2.2000000e+01  -1.5873416e+02  -2.5719197e+01  -2.7432720e+01  -3.2904270e+01   2.3619964e+01
   2.3324661e+00  -2.2000000e+01  -1.5762188e+02  -2.6026035e+01  -2.6419383e+01  -3.3194111e+01   2.4081396e+01
   1.8430035e+00  -2.2000000e+01  -1.5624286e+02  -2.6351338e+01  -2.5205963e+01  -3.3512518e+01   2.4942279e+01
   1.4861894e+00  -2.2000000e+01  -1.5513429e+02  -2.6373298e+01  -2.4080251e+01  -3.3660315e+01   2.6419590e+01
   1.2644217e+00  -2.2000000e+01  -1.5373625e+02  -2.6472406e+01  -2.2797140e+01  -3.4084485e+01   2.7216656e+01
   1.2539602e+00  -2.2000000e+01  -1.5286504e+02  -2.5995110e+01  -2.1857380e+01  -3.4249485e+01   2.5401468e+01
   1.1572082e+00  -2.2000000e+01  -1.5227496e+02  -2.5350960e+01  -2.1021757e+01  -3.4308192e+01   2.5215259e+01
   1.6188945e+00  -2.2000000e+01  -1.5108946e+02  -2.4888778e+01  -1.9976685e+01  -3.4325378e+01   2.5990099e+01
   1.0229435e+00  -2.2000000e+01  -1.5057839e+02  -2.4364691e+01  -1.9062884e+01  -3.4309973e+01   2.3860355e+01
   1.2227191e+00  -2.2000000e+01  -1.4956578e+02  -2.3852812e+01  -1.8222887e+01  -3.4468276e+01   2.0831977e+01
   1.7968076e+00  -2.2000000e+01  -1.4866942e+02  -2.3001216e+01  -1.7452465e+01  -3.4162283e+01   2.0002599e+01
   1.8726493e+00  -2.2000000e+01  -1.4776372e+02  -2.2501667e+01  -1.6331028e+01  -3.3689393e+01   1.9409835e+01
   1.4120813e+00  -2.2000000e+01  -1.4730947e+02  -2.1872200e+01  -1.5252426e+01  -3.2891459e+01   1.7762606e+01
   8.3360636e-01  -2.2000000e+01  -1.4713456e+02  -2.1304393e+01  -1.4271367e+01  -3.1968708e+01   1.4863566e+01
   3.3976371e-01  -2.2000000e+01  -1.4673589e+02  -2.0933129e+01  -1.3126312e+01  -3.1004236e+01   1.2920228e+01
  -1.6198403e-02  -2.2000000e+01  -1.4662477e+02  -2.0676382e+01  -1.2016051e+01  -2.9987115e+01   1.0400754e+01
  -3.7427809e-01  -2.2000000e+01  -1.4648514e+02  -2.0261906e+01  -1.0863024e+01  -2.8816129e+01   7.9906790e+00
  -6.3220817e-01  -2.2000000e+01  -1.4657169e+02  -2.0204566e+01  -9.8803028e+00  -2.8044592e+01   5.4140483e+00
  -6.2195265e-01  -2.2000000e+01  -1.4657564e+02  -2.0717339e+01  -9.5347971e+00  -2.8657919e+01   2.0804918e+00
  -2.7420269e-01  -2.2000000e+01  -1.4823813e+02  -2.3327250e+01  -1.0633330e+01  -3.1388183e+01  -8.4217304e-01
  -4.9275323e-01  -2.2000000e+01  -1.5009135e+02  -2.5897103e+01  -1.2946017e+01  -3.4442941e+01  -1.2241880e+00
  -9.3043552e-01  -2.2000000e+01  -1.5235789e+02  -2.7941094e+01  -1.6528014e+01  -3.7435810e+01  -8.4825788e-01
  -8.5098857e-01  -2.2000000e+01  -1.5507688e+02  -2.8783310e+01  -2.0601278e+01  -3.9528962e+01  -4.3478006e+00
  -1.4482387e-01  -2.2000000e+01  -1.5694264e+02  -2.7988271e+01  -2.4835648e+01  -4.0521709e+01  -1.3827043e+00
   1.0078300e+00  -2.2000000e+01  -1.5980679e+02  -2.5921369e+01  -2.9278005e+01  -3.9637820e+01   1.7134652e+00
   2.5983860e+00  -2.2000000e+01  -1.6311241e+02  -2.3806774e+01  -3.3599845e+01  -3.8183829e+01   4.4426128e+00
   4.7502280e+00  -2.2000000e+01  -1.6627788e+02  -2.0973591e+01  -3.6998693e+01  -3.6252497e+01   5.3739814e+00
   6.1078650e+00  -2.2000000e+01  -1.6975271e+02  -1.8381225e+01  -3.8751443e+01  -3.3358921e+01   8.3559504e+00
   6.7310972e+00  -2.2000000e+01  -1.7068316e+02  -1.7295885e+01  -3.8967977e+01  -3.1629164e+01   9.1445647e+00
   6.6333269e+00  -2.2000000e+01  -1.6926680e+02  -1.8731774e+01  -3.8192310e+01  -3.2095693e+01   1.0967746e+01
   6.4624203e+00  -2.2000000e+01  -1.6689104e+02  -2.0632716e+01  -3.7191332e+01  -3.2980776e+01   1.3465302e+01
   5.6745194e+00  -2.2000000e+01  -1.6494692e+02  -2.2397211e+01  -3.6423566e+01  -3.3875680e+01   1.5354929e+01
   4.5798585e+00  -2.2000000e+01  -1.6306110e+02  -2.3879864e+01  -3.5680202e+01  -3.4587234e+01   2.0297686e+01
   3.0010705e+00  -2.2000000e+01  -1.6101993e+02  -2.4882968e+01  -3.4579183e+01  -3.5075619e+01   2.3428206e+01
   1.7369464e+00  -2.2000000e+01  -1.5933189e+02  -2.5574195e+01  -3.3739007e+01  -3.5542964e+01   2.5926433e+01
   1.5846825e+00  -2.2000000e+01  -1.5748988e+02  -2.6161615e+01  -3.3022443e+01  -3.6556277e+01   2.8890993e+01
   1.0035557e+00  -2.2000000e+01  -1.5624851e+02  -2.5775455e+01  -3.2249646e+01  -3.7160544e+01   3.1257866e+01
   2.7428939e-01  -2.2000000e+01  -1.5478323e+02  -2.5992898e+01  -3.1381876e+01  -3.8235101e+01   3.3431788e+01
  -2.4891207e-01  -2.2000000e+01  -1.5365618e+02  -2.5776274e+01  -3.0595830e+01  -3.9086183e+01   3.4791643e+01
  -3.8360498e-01  -2.2000000e+01  -1.5186349e+02  -2.5706487e+01  -2.9430248e+01  -4.0022454e+01   3.5681425e+01
  -8.4864288e-01  -2.2000000e+01  -1.5045845e+02  -2.5473059e+01  -2.8373142e+01  -4.0678361e+01   3.5921532e+01
  -1.7617484e+00  -2.2000000e+01  -1.4895499e+02  -2.5271827e+01  -2.7185754e+01  -4.1370479e+01   3.4282175e+01
  -2.6478389e+00  -2.2000000e+01  -1.4791037e+02  -2.4821788e+01  -2.6143780e+01  -4.1523516e+01   3.4156155e+01
  -2.0474468e+00  -2.2000000e+01  -1.4740275e+02  -2.3561243e+01  -2.5277905e+01  -4.0842445e+01   3.4037645e+01
  -1.9598319e+00  -2.2000000e+01  -1.4638268e+02  -2.3320429e+01  -2.4205809e+01  -4.1060048e+01   3.2603219e+01
  -1.7143653e+00  -2.2000000e+01  -1.4582931e+02  -2.2955728e+01  -2.3304458e+01  -4.0831655e+01   3.1983071e+01
  -1.9215943e+00  -2.2000000e+01  -1.4495347e+02  -2.2529859e+01  -2.1894703e+01  -4.0301377e+01   3.0520926e+01
  -1.8177182e+00  -2.2000000e+01  -1.4423809e+02  -2.2147136e+01  -2.0508383e+01  -3.9660510e+01   2.8907012e+01
  -2.1943026e+00  -2.2000000e+01  -1.4351062e+02  -2.1953557e+01  -1.8775371e+01  -3.8902854e+01   2.8360455e+01
  -2.4616367e+00  -2.2000000e+01  -1.4266241e+02  -2.1596859e+01  -1.6881521e+01  -3.7954678e+01   2.7843455e+01
  -2.5121285e+00  -2.2000000e+01  -1.4282292e+02  -2.1834583e+01  -1.5767211e+01  -3.7502363e+01   2.4210834e+01
  -2.6644504e+00  -2.2000000e+01  -1.4286427e+02  -2.1713375e+01  -1.4389908e+01  -3.6503021e+01   2.2311149e+01
  -2.8571173e+00  -2.2000000e+01  -1.4280458e+02  -2.1652123e+01  -1.2969787e+01  -3.5576603e+01   2.0276289e+01
  -3.4808857e+00  -2.2000000e+01  -1.4278477e+02  -2.1401103e+01  -1.1546688e+01  -3.4424434e+01   1.7945165e+01
  -3.5734060e+00  -2.2000000e+01  -1.4257335e+02  -2.1033922e+01  -1.0258587e+01  -3.3292781e+01   1.6511432e+01
  -3.8192391e+00  -2.2000000e+01  -1.4245797e+02  -2.1166421e+01  -9.1595308e+00  -3.2749670e+01   1.4474007e+01
  -3.1853668e+00  -2.2000000e+01  -1.4321307e+02  -2.2109636e+01  -9.3974712e+00  -3.3519489e+01   1.2306960e+01
  -1.9261597e+00  -2.2000000e+01  -1.4656977e+02  -2.3751395e+01  -1.1846092e+01  -3.4917972e+01   9.3374919e+00
  -1.2909685e+00  -2.2000000e+01  -1.4934911e+02  -2.4654751e+01  -1.4548120e+01  -3.6321828e+01   6.0196176e+00
  -9.4561625e-01  -2.2000000e+01  -1.5159075e+02  -2.5225615e+01  -1.7440689e+01  -3.7585266e+01   3.7184592e+00
  -2.5747929e-01  -2.2000000e+01  -1.5456280e+02  -2.4761508e+01  -2.0960301e+01  -3.8102758e+01   5.9307139e+00
   5.7319927e-01  -2.2000000e+01  -1.5716149e+02  -2.4129177e+01  -2.4375361e+01  -3.8597562e+01   7.3717595e+00
   1.3762510e+00  -2.2000000e+01  -1.5989959e+02  -2.4301838e+01  -2.8279595e+01  -3.9036588e+01   7.8349291e+00
   2.5424276e+00  -2.2000000e+01  -1.6323233e+02  -2.2592854e+01  -3.1966441e+01  -3.7685283e+01   6.6204255e+00
   5.2004858e+00  -2.2000000e+01  -1.6644873e+02  -1.9890433e+01  -3.5021562e+01  -3.5051588e+01   5.9639823e+00
   6.5911318e+00  -2.2000000e+01  -1.7035456e+02  -1.6849347e+01  -3.6568613e+01  -3.1667833e+01   7.3373505e+00
   7.0369316e+00  -2.2000000e+01  -1.7043665e+02  -1.7159036e+01  -3.6462651e+01  -3.1103417e+01   8.1993450e+00
   6.7914286e+00  -2.2000000e+01  -1.6892669e+02  -1.8651673e+01  -3.5458453e+01  -3.1471151e+01   8.9985660e+00
   6.5833393e+00  -2.2000000e+01  -1.6756698e+02  -1.9821039e+01  -3.4484607e+01  -3.1598344e+01   9.4566063e+00
   6.3462150e+00  -2.2000000e+01  -1.6574566e+02  -2.1304803e+01  -3.3480003e+01  -3.2346562e+01   1.1160222e+01
   5.2702553e+00  -2.2000000e+01  -1.6425575e+02  -2.2717363e+01  -3.2520019e+01  -3.2973848e+01   1.3086352e+01
   4.5920581e+00  -2.2000000e+01  -1.6258684e+02  -2.3678336e+01  -3.1484339e+01  -3.3347954e+01   1.7247402e+01
   3.5125375e+00  -2.2000000e+01  -1.6132914e+02  -2.4306249e+01  -3.0556524e+01  -3.3663736e+01   1.9154601e+01
   2.3528308e+00  -2.2000000e+01  -1.5983785e+02  -2.4907568e+01  -2.9423633e+01  -3.4142822e+01   2.1740778e+01
   1.5842609e+00  -2.2000000e+01  -1.5872278e+02  -2.5129628e+01  -2.8451977e+01  -3.4317638e+01   2.4377005e+01
   9.8649590e-01  -2.2000000e+01  -1.5776383e+02  -2.5218618e+01  -2.7557084e+01  -3.4661600e+01   2.4869001e+01
   5.3653306e-01  -2.2000000e+01  -1.5654741e+02  -2.5372111e+01  -2.6455160e+01  -3.5044223e+01   2.4566069e+01
   6.7755516e-01  -2.2000000e+01  -1.5550459e+02  -2.5170240e+01  -2.5464380e+01  -3.5286278e+01   2.6483080e+01
   9.6621073e-02  -2.2000000e+01  -1.5460369e+02  -2.5338722e+01  -2.4362422e+01  -3.5813544e+01   2.6444378e+01
  -2.3221347e-01  -2.2000000e+01  -1.5327103e+02  -2.4855990e+01  -2.3026985e+01  -3.5764071e+01   2.5825216e+01
   1.6562540e-01  -2.2000000e+01  -1.5246533e+02  -2.4671882e+01  -2.2289273e+01  -3.5758817e+01   2.5321740e+01
   1.0716506e+00  -2.2000000e+01  -1.5108544e+02  -2.4162816e+01  -2.1346500e+01  -3.5694401e+01   2.5836339e+01
   1.4693322e+00  -2.2000000e+01  -1.4972730e+02  -2.3912490e+01  -2.0448457e+01  -3.5882114e+01   2.5613310e+01
   1.5799271e+00  -2.2000000e+01  -1.4835117e+02  -2.3529887e+01  -1.9548581e+01  -3.6157335e+01   2.3470083e+01
   1.3238020e+00  -2.2000000e+01  -1.4718015e+02  -2.2886255e+01  -1.8497741e+01  -3.5744351e+01   2.0767183e+01
   8.4752076e-01  -2.2000000e+01  -1.4648551e+02  -2.2294678e+01  -1.7585431e+01  -3.5137494e+01   1.9558051e+01
   6.3369386e-01  -2.2000000e+01  -1.4609137e+02  -2.1643821e+01  -1.6652118e+01  -3.4222090e+01   1.7402882e+01
   5.1087036e-01  -2.2000000e+01  -1.4538192e+02  -2.1248098e+01  -1.5450676e+01  -3.3343738e+01   1.5496081e+01
   3.7564221e-01  -2.2000000e+01  -1.4513556e+02  -2.0733490e+01  -1.4417583e+01  -3.2256649e+01   1.3069786e+01
  -3.5632782e-01  -2.2000000e+01  -1.4470198e+02  -2.0553190e+01  -1.2900175e+01  -3.1268498e+01   1.1153965e+01
  -1.0110934e+00  -2.2000000e+01  -1.4462943e+02  -2.0173799e+01  -1.1664309e+01  -3.0155185e+01   8.5723664e+00
  -1.6518686e+00  -2.2000000e+01  -1.4433578e+02  -2.0066147e+01  -1.0343724e+01  -2.9372685e+01   6.3709747e+00
  -2.2096213e+00  -2.2000000e+01  -1.4480638e+02  -2.1537183e+01  -9.8915295e+00  -3.0288614e+01   2.9505051e+00
  -1.8880271e+00  -2.2000000e+01  -1.4580696e+02  -2.2895618e+01  -1.0452940e+01  -3.1506711e+01  -3.5192602e-02
  -1.3089095e+00  -2.2000000e+01  -1.4831662e+02  -2.4193042e+01  -1.2254447e+01  -3.2856060e+01  -3.6253101e-01
  -2.0008754e-01  -2.2000000e+01  -1.5233556e+02  -2.4834072e+01  -1.5486063e+01  -3.4000775e+01  -2.4277113e+00
   9.0098374e-01  -2.2000000e+01  -1.5564524e+02  -2.5100372e+01  -1.8710760e+01  -3.4885898e+01  -1.4656911e+00
   2.7187360e+00  -2.2000000e+01  -1.5845698e+02  -2.5047535e+01  -2.2202683e+01  -3.5706969e+01   2.3031556e+00
   3.3506635e+00  -2.2000000e+01  -1.6173285e+02  -2.5157828e+01  -2.5860187e+01  -3.6595145e+01   3.2170089e+00
   3.3405879e+00  -2.2000000e+01  -1.6496386e+02  -2.4333254e+01  -2.9316267e+01  -3.6324733e+01   3.3040044e+00
   4.7307553e+00  -2.2000000e+01  -1.6668590e+02  -2.2910310e+01  -3.2052260e+01  -3.5674082e+01   1.6612396e+00
   6.1312421e+00  -2.2000000e+01  -1.6855917e+02  -2.0935439e+01  -3.4307689e+01  -3.4068114e+01   1.1614274e+00
   6.6757192e+00  -2.2000000e+01  -1.7059062e+02  -1.8874081e+01  -3.5202773e+01  -3.1995234e+01  -3.7768108e-02
   8.0521951e+00  -2.2000000e+01  -1.7153949e+02  -1.7406286e+01  -3.5228173e+01  -3.0056482e+01   3.7844754e+00
   7.5958822e+00  -2.2000000e+01  -1.7032533e+02  -1.8771396e+01  -3.4190546e+01  -3.0594468e+01   5.2662794e+00
   7.2560791e+00  -2.2000000e+01  -1.6885515e+02  -1.9814172e+01  -3.2962347e+01  -3.0866424e+01   6.8058401e+00
   6.9084699e+00  -2.2000000e+01  -1.6748029e+02  -2.1016910e+01  -3.1863366e+01  -3.1271002e+01   8.3814814e+00
   6.4873890e+00  -2.2000000e+01  -1.6610787e+02  -2.2516718e+01  -3.0844016e+01  -3.1917792e+01   9.8442762e+00
   6.0301661e+00  -2.2000000e+01  -1.6473266e+02  -2.3717185e+01  -2.9786473e+01  -3.2277929e+01   1.2274565e+01
   5.3224582e+00  -2.2000000e+01  -1.6313855e+02  -2.4690886e+01  -2.8777551e+01  -3.2530724e+01   1.5813715e+01
   4.3038448e+00  -2.2000000e+01  -1.6171345e+02  -2.5142547e+01  -2.8075807e+01  -3.2652222e+01   1.8740547e+01
   3.2348252e+00  -2.2000000e+01  -1.6052783e+02  -2.4994372e+01  -2.7381747e+01  -3.2554065e+01   2.0022234e+01
   2.2194151e+00  -2.2000000e+01  -1.5911664e+02  -2.5173561e+01  -2.6458171e+01  -3.2798841e+01   2.0579966e+01
   2.4120703e+00  -2.2000000e+01  -1.5842832e+02  -2.5102836e+01  -2.5910590e+01  -3.2998619e+01   2.1254194e+01
   2.4078050e+00  -2.2000000e+01  -1.5721837e+02  -2.5275325e+01  -2.5017538e+01  -3.3471306e+01   2.1507677e+01
   2.4005296e+00  -2.2000000e+01  -1.5605765e+02  -2.5266223e+01  -2.4168113e+01  -3.3825011e+01   2.1881266e+01
   2.3548055e+00  -2.2000000e+01  -1.5498110e+02  -2.5076635e+01  -2.3476267e+01  -3.4094527e+01   2.3031372e+01
   1.8901857e+00  -2.2000000e+01  -1.5400211e+02  -2.4738071e+01  -2.2727494e+01  -3.4331313e+01   2.1932771e+01
   1.3437578e+00  -2.2000000e+01  -1.5322178e+02  -2.4335557e+01  -2.1954946e+01  -3.4327777e+01   2.1321322e+01
   1.0667960e+00  -2.2000000e+01  -1.5236907e+02  -2.3837124e+01  -2.1032230e+01  -3.4261892e+01   2.1473761e+01
   1.5969092e+00  -2.2000000e+01  -1.5064542e+02  -2.3765705e+01  -1.9914816e+01  -3.4340393e+01   2.3031962e+01
   1.6510021e+00  -2.2000000e+01  -1.4976704e+02  -2.3221188e+01  -1.9126913e+01  -3.4138470e+01   2.1970610e+01
   1.4904144e+00  -2.2000000e+01  -1.4903007e+02  -2.2957994e+01  -1.8429931e+01  -3.4395871e+01   1.9140760e+01
   1.4299437e+00  -2.2000000e+01  -1.4786387e+02  -2.2229379e+01  -1.7262685e+01  -3.4073955e+01   1.8365240e+01
   1.0813947e+00  -2.2000000e+01  -1.4756655e+02  -2.1563700e+01  -1.6464290e+01  -3.3741936e+01   1.5889574e+01
   1.1434137e+00  -2.2000000e+01  -1.4694947e+02  -2.0884005e+01  -1.5446452e+01  -3.3166726e+01   1.4446956e+01
   1.1236985e+00  -2.2000000e+01  -1.4658299e+02  -2.0323924e+01  -1.4572562e+01  -3.2601483e+01   1.3028412e+01
   8.4806944e-01  -2.2000000e+01  -1.4621004e+02  -2.0287932e+01  -1.3525872e+01  -3.2009067e+01   1.2437101e+01
  -4.6955957e-01  -2.2000000e+01  -1.4576574e+02  -2.0436795e+01  -1.2137914e+01  -3.1333324e+01   1.1186924e+01
  -1.6060438e+00  -2.2000000e+01  -1.4542033e+02  -2.0277037e+01  -1.0983024e+01  -3.0590536e+01   9.0245033e+00
  -2.5950571e+00  -2.2000000e+01  -1.4533397e+02  -2.0507558e+01  -1.0130585e+01  -3.0244897e+01   7.5060574e+00
  -2.3968604e+00  -2.2000000e+01  -1.4597442e+02  -2.1227545e+01  -1.0404701e+01  -3.0720836e+01   6.0150739e+00
  -1.2306942e+00  -2.2000000e+01  -1.4918848e+02  -2.3054142e+01  -1.3174822e+01  -3.2544238e+01   3.8601394e+00
  -7.0754794e-01  -2.2000000e+01  -1.5217328e+02  -2.4359676e+01  -1.6054787e+01  -3.4116852e+01   1.2728137e+00
   3.2076796e-01  -2.2000000e+01  -1.5538975e+02  -2.4963400e+01  -1.9443918e+01  -3.4864580e+01   5.5272254e+00
   1.4239883e+00  -2.2000000e+01  -1.5838017e+02  -2.5008671e+01  -2.2697316e+01  -3.5145190e+01   9.9713407e+00
   2.2246592e+00  -2.2000000e+01  -1.6121566e+02  -2.4316438e+01  -2.6448780e+01  -3.5106070e+01   1.3422652e+01
   3.5679957e+00  -2.2000000e+01  -1.6460406e+02  -2.2026572e+01  -3.0244760e+01  -3.3634213e+01   1.5421708e+01
   4.3088726e+00  -2.2000000e+01  -1.6633013e+02  -2.0805321e+01  -3.2515917e+01  -3.2783177e+01   1.5091888e+01
   4.2682894e+00  -2.2000000e+01  -1.6543349e+02  -2.1170146e+01  -3.2834508e+01  -3.3086665e+01   1.5441671e+01
   4.0937382e+00  -2.2000000e+01  -1.6402345e+02  -2.1945220e+01  -3.2531180e+01  -3.3717648e+01   1.6945340e+01
   4.0324092e+00  -2.2000000e+01  -1.6310056e+02  -2.2509939e+01  -3.2369063e+01  -3.4129929e+01   1.8638897e+01
   3.6851144e+00  -2.2000000e+01  -1.6173536e+02  -2.3213317e+01  -3.1684979e+01  -3.4787748e+01   2.1210100e+01
   3.0946071e+00  -2.2000000e+01  -1.6042690e+02  -2.3674783e+01  -3.0803803e+01  -3.5386021e+01   2.2964569e+01
   2.5705620e+00  -2.2000000e+01  -1.5903663e+02  -2.3884695e+01  -2.9823794e+01  -3.5823497e+01   2.4789546e+01
   1.9353888e+00  -2.2000000e+01  -1.5778223e+02  -2.3729725e+01  -2.8653206e+01  -3.6104288e+01   2.6163238e+01
   1.5023265e+00  -2.2000000e+01  -1.5656515e+02  -2.3773052e+01  -2.7397166e+01  -3.6498953e+01   2.6639976e+01
   1.2319560e+00  -2.2000000e+01  -1.5578418e+02  -2.4291022e+01  -2.6148684e+01  -3.6826887e+01   2.6279488e+01
   1.0526618e+00  -2.2000000e+01  -1.5482639e+02  -2.4751914e+01  -2.4535337e+01  -3.6889039e+01   2.6721389e+01
   8.4598368e-01  -2.2000000e+01  -1.5437165e+02  -2.4747293e+01  -2.3049959e+01  -3.6460494e+01   2.6057412e+01
   6.4445606e-01  -2.2000000e+01  -1.5401559e+02  -2.4455741e+01  -2.1639894e+01  -3.5950571e+01   2.4170338e+01
   5.4169325e-01  -2.2000000e+01  -1.5377631e+02  -2.4310812e+01  -2.0397781e+01  -3.5546005e+01   2.3014772e+01
   5.9262511e-01  -2.2000000e+01  -1.5323375e+02  -2.4032364e+01  -1.9004553e+01  -3.5213722e+01   2.2419120e+01
   1.4509629e+00  -2.2000000e+01  -1.5248645e+02  -2.3562797e+01  -1.8021025e+01  -3.5497364e+01   2.2045464e+01
   2.2172365e+00  -2.2000000e+01  -1.5178334e+02  -2.2932830e+01  -1.7041719e+01  -3.5642555e+01   2.1314697e+01
   2.2753897e+00  -2.2000000e+01  -1.5126303e+02  -2.2376113e+01  -1.6028772e+01  -3.5463706e+01   1.9184844e+01
   2.4357140e+00  -2.2000000e+01  -1.5036610e+02  -2.1805869e+01  -1.4829509e+01  -3.5087292e+01   1.9060621e+01
   2.6658281e+00  -2.2000000e+01  -1.4940425e+02  -2.1358151e+01  -1.3731565e+01  -3.4964088e+01   1.7452627e+01
   2.3502363e+00  -2.2000000e+01  -1.4889315e+02  -2.0579182e+01  -1.2863885e+01  -3.4542371e+01   1.3482663e+01
   1.8964486e+00  -2.2000000e+01  -1.4842139e+02  -1.9714804e+01  -1.1941854e+01  -3.3701828e+01   1.0894987e+01
   2.0359281e+00  -2.2000000e+01  -1.4778282e+02  -1.8455895e+01  -1.0995423e+01  -3.2280589e+01   1.0900969e+01
   1.6465632e+00  -2.2000000e+01  -1.4698963e+02  -1.8193396e+01  -9.7993301e+00  -3.1432130e+01   8.9794632e+00
   6.5456341e-01  -2.2000000e+01  -1.4682503e+02  -1.7858477e+01  -8.6554176e+00  -3.0273746e+01   5.9849757e+00
   3.7084028e-02  -2.2000000e+01  -1.4652532e+02  -1.7389119e+01  -7.3254542e+00  -2.8936178e+01   3.8623852e+00
   4.9469905e-01  -2.2000000e+01  -1.4628829e+02  -1.7002829e+01  -6.1715172e+00  -2.7919797e+01   1.7755999e+00
   9.9728633e-01  -2.2000000e+01  -1.4584430e+02  -1.6764954e+01  -5.1446650e+00  -2.7510823e+01  -1.3718787e-02
   1.7284649e-01  -2.2000000e+01  -1.4590240e+02  -1.7424865e+01  -4.4701569e+00  -2.7990714e+01  -3.3839785e+00
   2.6684124e-01  -2.2000000e+01  -1.4774799e+02  -1.9879398e+01  -5.6580544e+00  -3.0020965e+01  -7.4974773e+00
   4.5545951e-01  -2.2000000e+01  -1.4944104e+02  -2.3414539e+01  -7.1973947e+00  -3.3608534e+01  -8.6647157e+00
   1.1979976e+00  -2.2000000e+01  -1.5122358e+02  -2.5104031e+01  -9.3963551e+00  -3.5749959e+01  -5.1842415e+00
   1.2370792e+00  -2.2000000e+01  -1.5391817e+02  -2.4997143e+01  -1.2809846e+01  -3.7480364e+01   4.8139372e-01
   2.0877662e+00  -2.2000000e+01  -1.5628161e+02  -2.4645985e+01  -1.6684767e+01  -3.9268227e+01   7.5217308e+00
   2.9585430e+00  -2.2000000e+01  -1.5921359e+02  -2.3872927e+01  -2.0923308e+01  -4.0260266e+01   1.3085181e+01
   2.8840411e+00  -2.2000000e+01  -1.6119620e+02  -2.3651167e+01  -2.4442611e+01  -4.1348444e+01   1.2915871e+01
   2.8158321e+00  -2.2000000e+01  -1.6291365e+02  -2.3650978e+01  -2.7780864e+01  -4.2409677e+01   1.3215481e+01
   3.4550305e+00  -2.2000000e+01  -1.6405664e+02  -2.3000807e+01  -3.0360451e+01  -4.2661529e+01   1.4410966e+01
   3.8164350e+00  -2.2000000e+01  -1.6523107e+02  -2.1811212e+01  -3.2789069e+01  -4.1856855e+01   1.5348257e+01
   5.2077262e+00  -2.2000000e+01  -1.6588084e+02  -2.0109722e+01  -3.4176506e+01  -3.9630795e+01   1.6898003e+01
   6.0459193e+00  -2.2000000e+01  -1.6617823e+02  -1.8708155e+01  -3.4284225e+01  -3.7134060e+01   1.4618677e+01
   6.0048956e+00  -2.2000000e+01  -1.6552627e+02  -2.0570734e+01  -3.4214474e+01  -3.7192136e+01   1.5197178e+01
   5.3715024e+00  -2.2000000e+01  -1.6416744e+02  -2.2026806e+01  -3.4068041e+01  -3.7312475e+01   1.8638722e+01
   4.5542196e+00  -2.2000000e+01  -1.6275128e+02  -2.3064932e+01  -3.3608120e+01  -3.7221143e+01   2.1233799e+01
   3.5079810e+00  -2.2000000e+01  -1.6100552e+02  -2.4396741e+01  -3.2927793e+01  -3.7376830e+01   2.4032833e+01
   2.4820319e+00  -2.2000000e+01  -1.5966237e+02  -2.5321415e+01  -3.2253533e+01  -3.7346869e+01   2.5280080e+01
   1.5190796e+00  -2.2000000e+01  -1.5821510e+02  -2.6003073e+01  -3.1491220e+01  -3.7412411e+01   2.7881129e+01
   1.7248953e+00  -2.2000000e+01  -1.5681924e+02  -2.6436385e+01  -3.0724143e+01  -3.7491763e+01   2.9982521e+01
   1.9981667e+00  -2.2000000e+01  -1.5588907e+02  -2.6295224e+01  -3.0045184e+01  -3.7331482e+01   3.1143502e+01
   1.9132347e+00  -2.2000000e+01  -1.5479042e+02  -2.6489289e+01  -2.9141749e+01  -3.7588868e+01   3.1701105e+01
   1.6302098e+00  -2.2000000e+01  -1.5392620e+02  -2.6269061e+01  -2.8140660e+01  -3.7750662e+01   3.1979013e+01
   1.1771718e+00  -2.2000000e+01  -1.5313501e+02  -2.6396292e+01  -2.7176954e+01  -3.8228386e+01   3.2138465e+01
   6.4726404e-01  -2.2000000e+01  -1.5206247e+02  -2.6370032e+01  -2.5848128e+01  -3.8610907e+01   3.2728950e+01
   2.9684875e-01  -2.2000000e+01  -1.5145760e+02  -2.5799873e+01  -2.4790093e+01  -3.8561386e+01   3.3170391e+01
  -3.3426009e-01  -2.2000000e+01  -1.5079791e+02  -2.5353405e+01  -2.3720761e+01  -3.8833321e+01   3.1314236e+01
  -8.4866168e-01  -2.2000000e+01  -1.5026705e+02  -2.4684906e+01  -2.2753630e+01  -3.8821938e+01   3.0115788e+01
  -1.2049226e+00  -2.2000000e+01  -1.4973951e+02  -2.3858552e+01  -2.1806894e+01  -3.8619726e+01   2.8970835e+01
  -4.9785757e-01  -2.2000000e+01  -1.4906391e+02  -2.3566636e+01  -2.1009671e+01  -3.8643608e+01   2.9238198e+01
   2.0191828e-01  -2.2000000e+01  -1.4865927e+02  -2.2861865e+01  -2.0198065e+01  -3.8253089e+01   2.8674391e+01
   5.8885342e-01  -2.2000000e+01  -1.4800598e+02  -2.2632960e+01  -1.9119874e+01  -3.8243836e+01   2.6354693e+01
   9.2985372e-01  -2.2000000e+01  -1.4685962e+02  -2.2270601e+01  -1.7752165e+01  -3.7768455e+01   2.4505210e+01
   1.2490893e+00  -2.2000000e+01  -1.4585268e+02  -2.1812686e+01  -1.6461720e+01  -3.7143862e+01   2.2794114e+01
   9.6198895e-01  -2.2000000e+01  -1.4540174e+02  -2.1777182e+01  -1.5256008e+01  -3.6484744e+01   2.2326475e+01
   3.8835278e-01  -2.2000000e+01  -1.4517361e+02  -2.1725581e+01  -1.4179974e+01  -3.5902018e+01   1.9052353e+01
  -1.0252154e-01  -2.2000000e+01  -1.4501590e+02  -2.1464123e+01  -1.3111802e+01  -3.5057689e+01   1.6640136e+01
  -7.8669924e-01  -2.2000000e+01  -1.4497317e+02  -2.1008851e+01  -1.1964465e+01  -3.3818126e+01   1.5912093e+01
  -1.5498665e+00  -2.2000000e+01  -1.4453926e+02  -2.0816601e+01  -1.0639996e+01  -3.2917173e+01   1.3950525e+01
  -2.1752212e+00  -2.2000000e+01  -1.4422027e+02  -2.0578980e+01  -9.4896991e+00  -3.2009510e+01   1.2441865e+01
  -2.5993940e+00  -2.2000000e+01  -1.4389667e+02  -2.0550547e+01  -8.4999563e+00  -3.1312451e+01   1.2212987e+01
  -2.9431980e+00  -2.2000000e+01  -1.4371233e+02  -2.0618615e+01  -7.7769939e+00  -3.1028913e+01   1.0390830e+01
  -2.9747185e+00  -2.2000000e+01  -1.4478853e+02  -2.1689082e+01  -8.3154022e+00  -3.1886053e+01   7.4695702e+00
  -2.1556395e+00  -2.2000000e+01  -1.4682499e+02  -2.5251482e+01  -1.0332354e+01  -3.5458732e+01   4.1358490e+00
  -1.3081344e+00  -2.2000000e+01  -1.4923089e+02  -2.7046703e+01  -1.3848455e+01  -3.8669833e+01   4.3573000e+00
   1.6756333e-01  -2.2000000e+01  -1.5167462e+02  -2.7064351e+01  -1.7622867e+01  -4.0486602e+01   8.4228144e+00
   4.8777008e-01  -2.2000000e+01  -1.5512486e+02  -2.6035793e+01  -2.1749332e+01  -4.1656231e+01   1.3699189e+01
   2.2340340e+00  -2.2000000e+01  -1.5806990e+02  -2.3989616e+01  -2.5724993e+01  -4.1463164e+01   1.6461639e+01
   3.2073722e+00  -2.2000000e+01  -1.6053115e+02  -2.2394288e+01  -2.9133628e+01  -4.0914141e+01   1.6155600e+01
   4.7223271e+00  -2.2000000e+01  -1.6412801e+02  -1.9336372e+01  -3.2617789e+01  -3.8529062e+01   1.6055352e+01
   6.5057074e+00  -2.2000000e+01  -1.6696327e+02  -1.7373865e+01  -3.3646293e+01  -3.5768614e+01   1.3666481e+01
   7.0800757e+00  -2.2000000e+01  -1.6678459e+02  -1.8026078e+01  -3.3573889e+01  -3.5163239e+01   1.3148239e+01
   7.4083703e+00  -2.2000000e+01  -1.6598930e+02  -1.9166299e+01  -3.3174843e+01  -3.5036774e+01   1.2242847e+01
   7.3526682e+00  -2.2000000e+01  -1.6517000e+02  -2.0587573e+01  -3.2831433e+01  -3.5261378e+01   1.3372582e+01
   6.9423786e+00  -2.2000000e+01  -1.6406119e+02  -2.1479976e+01  -3.2237151e+01  -3.5234485e+01   1.5915720e+01
   6.0050635e+00  -2.2000000e+01  -1.6260759e+02  -2.2322707e+01  -3.1386598e+01  -3.5508907e+01   1.9135566e+01
   4.7311916e+00  -2.2000000e+01  -1.6117017e+02  -2.3021102e+01  -3.0388983e+01  -3.5750663e+01   1.9550552e+01
   3.4048478e+00  -2.2000000e+01  -1.5955087e+02  -2.3773138e+01  -2.9302464e+01  -3.6135030e+01   2.1845275e+01
   2.0447881e+00  -2.2000000e+01  -1.5806785e+02  -2.4441102e+01  -2.8184461e+01  -3.6490710e+01   2.3707764e+01
   1.6275965e+00  -2.2000000e+01  -1.5685406e+02  -2.4871055e+01  -2.7192924e+01  -3.6836565e+01   2.4808081e+01
   1.5994873e+00  -2.2000000e+01  -1.5596907e+02  -2.5046362e+01  -2.6318013e+01  -3.7009992e+01   2.5962099e+01
   1.5088911e+00  -2.2000000e+01  -1.5470858e+02  -2.5262677e+01  -2.4974549e+01  -3.7063065e+01   2.6369232e+01
   1.2575534e+00  -2.2000000e+01  -1.5418947e+02  -2.5582745e+01  -2.3758387e+01  -3.6888442e+01   2.6099885e+01
   7.4102749e-01  -2.2000000e+01  -1.5393492e+02  -2.5713818e+01  -2.2437896e+01  -3.6303760e+01   2.5077760e+01
   3.0241727e-01  -2.2000000e+01  -1.5417725e+02  -2.5634454e+01  -2.1413336e+01  -3.5486311e+01   2.4049730e+01
   1.6556781e-03  -2.2000000e+01  -1.5469919e+02  -2.5546478e+01  -2.0596496e+01  -3.4673525e+01   2.2994616e+01
   5.7979148e-01  -2.2000000e+01  -1.5406530e+02  -2.5195172e+01  -1.9694317e+01  -3.4135132e+01   2.1278769e+01
   1.4070143e+00  -2.2000000e+01  -1.5311380e+02  -2.4800907e+01  -1.8747346e+01  -3.3867568e+01   2.0921185e+01
   1.5662039e+00  -2.2000000e+01  -1.5298675e+02  -2.4731174e+01  -1.8221227e+01  -3.3916141e+01   1.9310756e+01
   1.9622642e+00  -2.2000000e+01  -1.5204007e+02  -2.4291612e+01  -1.7222957e+01  -3.3709767e+01   1.8966647e+01
   1.9547774e+00  -2.2000000e+01  -1.5110098e+02  -2.3608999e+01  -1.6226627e+01  -3.3532898e+01   1.6968536e+01
   1.9411862e+00  -2.2000000e+01  -1.5023270e+02  -2.2720110e+01  -1.5260156e+01  -3.3179482e+01   1.5120180e+01
   2.7111530e+00  -2.2000000e+01  -1.4910424e+02  -2.1613432e+01  -1.4597180e+01  -3.2826260e+01   1.3802650e+01
   2.3529924e+00  -2.2000000e+01  -1.4794999e+02  -2.0801430e+01  -1.3432921e+01  -3.2468730e+01   1.2479154e+01
   2.0294272e+00  -2.2000000e+01  -1.4727056e+02  -1.9726736e+01  -1.2528693e+01  -3.1855993e+01   1.1264581e+01
   1.6394669e+00  -2.2000000e+01  -1.4679015e+02  -1.8885898e+01  -1.1543004e+01  -3.1338738e+01   9.0769797e+00
   9.5921363e-01  -2.2000000e+01  -1.4674554e+02  -1.7828595e+01  -1.0444599e+01  -3.0422322e+01   6.4593229e+00
   4.2704383e-01  -2.2000000e+01  -1.4662990e+02  -1.7005865e+01  -9.2166801e+00  -2.9638064e+01   4.3517641e+00
  -5.0856008e-01  -2.2000000e+01  -1.4650153e+02  -1.7053098e+01  -7.7231548e+00  -2.9170660e+01   2.5467625e+00
  -1.3874814e+00  -2.2000000e+01  -1.4643999e+02  -1.8600870e+01  -6.7174628e+00  -2.9984946e+01  -1.1360617e+00
  -6.0283579e-01  -2.2000000e+01  -1.4839577e+02  -2.2011073e+01  -8.0459707e+00  -3.2990833e+01  -4.5950842e+00
  -2.9997436e-02  -2.2000000e+01  -1.5030337e+02  -2.4682516e+01  -1.0118364e+01  -3.5756967e+01  -6.4945646e+00
  -1.5049151e-01  -2.2000000e+01  -1.5259016e+02  -2.5038251e+01  -1.3178526e+01  -3.7047349e+01  -6.4609266e+00
   7.8271240e-01  -2.2000000e+01  -1.5559972e+02  -2.4748913e+01  -1.7078924e+01  -3.7877072e+01  -2.9839226e+00
   1.5981434e+00  -2.2000000e+01  -1.5794336e+02  -2.4031191e+01  -2.0538542e+01  -3.8212055e+01   5.3534672e-01
   2.1768083e+00  -2.2000000e+01  -1.6063121e+02  -2.3498900e+01  -2.4463920e+01  -3.8459036e+01   2.5224947e+00
   2.7248734e+00  -2.2000000e+01  -1.6462647e+02  -2.2253331e+01  -2.8942501e+01  -3.7625744e+01   3.0509058e+00
   4.4688706e+00  -2.2000000e+01  -1.6731408e+02  -2.0672520e+01  -3.2657215e+01  -3.6196817e+01   1.5520871e+00
   5.5976462e+00  -2.2000000e+01  -1.6981261e+02  -1.9417235e+01  -3.5886339e+01  -3.4792721e+01  -7.6025451e-01
   7.1344554e+00  -2.2000000e+01  -1.7272228e+02  -1.7657246e+01  -3.8195433e+01  -3.2377812e+01  -5.1381590e-01
   9.1137551e+00  -2.2000000e+01  -1.7373458e+02  -1.6232750e+01  -3.9151051e+01  -3.0277426e+01   2.0919204e+00
   1.0108503e+01  -2.2000000e+01  -1.7284946e+02  -1.6279653e+01  -3.9069491e+01  -2.9800699e+01   5.8634452e+00
   9.2986621e+00  -2.2000000e+01  -1.7117924e+02  -1.7476168e+01  -3.8257533e+01  -3.0628847e+01   6.5629478e+00
   8.2631809e+00  -2.2000000e+01  -1.6905744e+02  -1.9013432e+01  -3.7118947e+01  -3.1619791e+01   8.0830659e+00
   7.3409073e+00  -2.2000000e+01  -1.6717871e+02  -2.0444936e+01  -3.6056093e+01  -3.2331713e+01   9.9699488e+00
   6.0194314e+00  -2.2000000e+01  -1.6511457e+02  -2.2634737e+01  -3.5044620e+01  -3.3437623e+01   1.3180706e+01
   5.0320021e+00  -2.2000000e+01  -1.6346560e+02  -2.4146717e+01  -3.4311639e+01  -3.4011955e+01   1.8982333e+01
   3.3544556e+00  -2.2000000e+01  -1.6199302e+02  -2.5036846e+01  -3.3537149e+01  -3.4485482e+01   2.2414869e+01
   2.1246860e+00  -2.2000000e+01  -1.6028716e+02  -2.5707835e+01  -3.2807211e+01  -3.5185874e+01   2.5204030e+01
   1.3258151e+00  -2.2000000e+01  -1.5846693e+02  -2.5439942e+01  -3.1871512e+01  -3.5383571e+01   2.6817621e+01
   5.8076368e-01  -2.2000000e+01  -1.5756105e+02  -2.5394498e+01  -3.1510935e+01  -3.5786417e+01   2.7427800e+01
   9.3097097e-01  -2.2000000e+01  -1.5686411e+02  -2.5751900e+01  -3.1141425e+01  -3.6070554e+01   2.7809333e+01
   1.0875264e+00  -2.2000000e+01  -1.5649248e+02  -2.6010034e+01  -3.0752294e+01  -3.6223457e+01   2.7511862e+01
   1.1503562e+00  -2.2000000e+01  -1.5567553e+02  -2.6010989e+01  -2.9947831e+01  -3.6158026e+01   2.7822207e+01
   1.3381500e+00  -2.2000000e+01  -1.5518519e+02  -2.5802908e+01  -2.9376599e+01  -3.5985487e+01   2.8794404e+01
   1.2685985e+00  -2.2000000e+01  -1.5425117e+02  -2.5446107e+01  -2.8593332e+01  -3.6239518e+01   2.8645350e+01
   8.0073369e-01  -2.2000000e+01  -1.5322226e+02  -2.5391629e+01  -2.7717682e+01  -3.6596221e+01   2.9128217e+01
   9.0466422e-02  -2.2000000e+01  -1.5288044e+02  -2.5151823e+01  -2.7026065e+01  -3.6512458e+01   2.8669634e+01
  -2.2089183e-01  -2.2000000e+01  -1.5161052e+02  -2.4737118e+01  -2.5946080e+01  -3.6374848e+01   2.9269365e+01
  -9.9261354e-01  -2.2000000e+01  -1.5083207e+02  -2.4248464e+01  -2.4989242e+01  -3.6337628e+01   2.8065639e+01
  -1.0453569e-01  -2.2000000e+01  -1.4930546e+02  -2.3349506e+01  -2.4190200e+01  -3.6956474e+01   2.7492205e+01
   8.0551292e-01  -2.2000000e+01  -1.4834468e+02  -2.2581877e+01  -2.3747407e+01  -3.7575807e+01   2.7206606e+01
   1.6083664e+00  -2.2000000e+01  -1.4726879e+02  -2.1890602e+01  -2.3120660e+01  -3.7736423e+01   2.5252538e+01
   1.5367962e+00  -2.2000000e+01  -1.4638399e+02  -2.1233105e+01  -2.2071476e+01  -3.7591693e+01   2.3044471e+01
   1.1106892e+00  -2.2000000e+01  -1.4608379e+02  -2.0902864e+01  -2.0953942e+01  -3.6956902e+01   2.0453638e+01
   9.7693318e-01  -2.2000000e+01  -1.4545525e+02  -2.0618757e+01  -1.9661659e+01  -3.6398325e+01   2.0068658e+01
   3.5257089e-01  -2.2000000e+01  -1.4502076e+02  -2.0784449e+01  -1.8417500e+01  -3.6043420e+01   1.7909509e+01
  -2.8270720e-01  -2.2000000e+01  -1.4476516e+02  -2.0749533e+01  -1.6987613e+01  -3.4997727e+01   1.7026550e+01
  -1.0558109e+00  -2.2000000e+01  -1.4492328e+02  -2.1081589e+01  -1.5554168e+01  -3.3877060e+01   1.6603344e+01
  -1.9000426e+00  -2.2000000e+01  -1.4518141e+02  -2.1369917e+01  -1.4163184e+01  -3.2749546e+01   1.4772062e+01
  -2.3832876e+00  -2.2000000e+01  -1.4506975e+02  -2.1589957e+01  -1.2745856e+01  -3.1800908e+01   1.3647502e+01
  -2.6193423e+00  -2.2000000e+01  -1.4517542e+02  -2.1914817e+01  -1.1814377e+01  -3.1288973e+01   1.1838418e+01
  -2.4037293e+00  -2.2000000e+01  -1.4648335e+02  -2.3214975e+01  -1.2585399e+01  -3.2422333e+01   9.6050698e+00
  -1.9980873e+00  -2.2000000e+01  -1.4854526e+02  -2.4892533e+01  -1.3965203e+01  -3.3934396e+01   7.1935916e+00
  -8.2650110e-01  -2.2000000e+01  -1.5166021e+02  -2.5305024e+01  -1.6528106e+01  -3.4551015e+01   9.6581151e+00
   8.0075704e-02  -2.2000000e+01  -1.5427353e+02  -2.5476745e+01  -2.0227097e+01  -3.5483253e+01   1.4140311e+01
   1.0044119e+00  -2.2000000e+01  -1.5736994e+02  -2.5394235e+01  -2.4376335e+01  -3.6296759e+01   1.6593922e+01
   1.1402195e+00  -2.2000000e+01  -1.5974282e+02  -2.5161811e+01  -2.7931061e+01  -3.7021948e+01   1.8424674e+01
   2.3302120e+00  -2.2000000e+01  -1.6146186e+02  -2.4143511e+01  -3.0914653e+01  -3.6900575e+01   1.7870908e+01
   3.4833886e+00  -2.2000000e+01  -1.6366074e+02  -2.2740862e+01  -3.3613298e+01  -3.6176174e+01   1.6682259e+01
   4.5877031e+00  -2.2000000e+01  -1.6501014e+02  -2.1209275e+01  -3.5059637e+01  -3.4594834e+01   1.4855178e+01
   6.1433268e+00  -2.2000000e+01  -1.6602326e+02  -2.0276831e+01  -3.5725756e+01  -3.3102704e+01   1.3421949e+01
   7.0622962e+00  -2.2000000e+01  -1.6643459e+02  -2.0401615e+01  -3.5815653e+01  -3.2454695e+01   1.2444299e+01
   7.2889703e+00  -2.2000000e+01  -1.6575933e+02  -2.1784613e+01  -3.5647547e+01  -3.3032388e+01   1.4667342e+01
   6.6203165e+00  -2.2000000e+01  -1.6475240e+02  -2.2930699e+01  -3.5140067e+01  -3.3590309e+01   1.5761895e+01
   5.4711378e+00  -2.2000000e+01  -1.6338012e+02  -2.4006778e+01  -3.4388370e+01  -3.4191558e+01   1.7875647e+01
   4.5510887e+00  -2.2000000e+01  -1.6231524e+02  -2.4624579e+01  -3.3700726e+01  -3.4331349e+01   1.9644923e+01
   3.9120632e+00  -2.2000000e+01  -1.6108996e+02  -2.5340377e+01  -3.2928589e+01  -3.4617744e+01   2.1993970e+01
   3.1385724e+00  -2.2000000e+01  -1.5995141e+02  -2.5789277e+01  -3.2026695e+01  -3.4887095e+01   2.0628210e+01
   2.8655563e+00  -2.2000000e+01  -1.5869998e+02  -2.6401915e+01  -3.1241317e+01  -3.5169819e+01   2.4246280e+01
   2.6029903e+00  -2.2000000e+01  -1.5771707e+02  -2.7005225e+01  -3.0663567e+01  -3.5528951e+01   2.7268711e+01
   2.6395229e+00  -2.2000000e+01  -1.5650306e+02  -2.7491496e+01  -3.0011007e+01  -3.5928184e+01   2.9546070e+01
   2.6601616e+00  -2.2000000e+01  -1.5573470e+02  -2.7637556e+01  -2.9511462e+01  -3.6118893e+01   3.1195612e+01
   2.2277219e+00  -2.2000000e+01  -1.5489692e+02  -2.7605132e+01  -2.8715724e+01  -3.6362709e+01   3.1444981e+01
   1.4612445e+00  -2.2000000e+01  -1.5425697e+02  -2.7647224e+01  -2.7650309e+01  -3.6471786e+01   3.0714567e+01
   9.6556987e-01  -2.2000000e+01  -1.5367361e+02  -2.7447956e+01  -2.6611814e+01  -3.6447249e+01   3.0856642e+01
   2.1517720e-01  -2.2000000e+01  -1.5303020e+02  -2.7145966e+01  -2.5265522e+01  -3.6235910e+01   3.0195232e+01
  -4.4440878e-01  -2.2000000e+01  -1.5288495e+02  -2.6987157e+01  -2.4151431e+01  -3.6010292e+01   2.9229930e+01
  -5.0054945e-01  -2.2000000e+01  -1.5274735e+02  -2.6816369e+01  -2.3002570e+01  -3.5719045e+01   2.9220344e+01
   2.1225827e-01  -2.2000000e+01  -1.5185237e+02  -2.6569338e+01  -2.1727584e+01  -3.5709716e+01   2.9161525e+01
   5.3477241e-01  -2.2000000e+01  -1.5138813e+02  -2.5716366e+01  -2.0756535e+01  -3.6044192e+01   2.8486986e+01
   5.5219416e-01  -2.2000000e+01  -1.5117876e+02  -2.5209543e+01  -1.9867503e+01  -3.6454429e+01   2.7189652e+01
   7.5304642e-01  -2.2000000e+01  -1.5072949e+02  -2.4596789e+01  -1.8777249e+01  -3.6533301e+01   2.6642320e+01
   5.0608744e-01  -2.2000000e+01  -1.5022977e+02  -2.3918761e+01  -1.7552246e+01  -3.6304033e+01   2.4850892e+01
   8.0857456e-01  -2.2000000e+01  -1.4914419e+02  -2.3307499e+01  -1.6160235e+01  -3.5970591e+01   2.4153891e+01
   1.2157087e+00  -2.2000000e+01  -1.4837276e+02  -2.2806814e+01  -1.5126522e+01  -3.5688074e+01   2.2591831e+01
   1.7783861e+00  -2.2000000e+01  -1.4749578e+02  -2.2131262e+01  -1.4023136e+01  -3.5239076e+01   2.0200499e+01
   2.3399970e+00  -2.2000000e+01  -1.4658459e+02  -2.1131253e+01  -1.2872828e+01  -3.4476056e+01   1.7850053e+01
   1.6984976e+00  -2.2000000e+01  -1.4620063e+02  -2.0310417e+01  -1.1718425e+01  -3.3276269e+01   1.4658476e+01
   8.2386315e-01  -2.2000000e+01  -1.4561133e+02  -2.0013809e+01  -1.0261858e+01  -3.1886675e+01   1.1803812e+01
  -6.7011588e-02  -2.2000000e+01  -1.4521793e+02  -1.9829207e+01  -8.9081316e+00  -3.0540006e+01   8.8765205e+00
  -9.1343250e-01  -2.2000000e+01  -1.4488208e+02  -1.9324092e+01  -7.5434733e+00  -2.8871800e+01   6.0669711e+00
  -1.1737340e+00  -2.2000000e+01  -1.4485865e+02  -1.8895265e+01  -5.9659257e+00  -2.7153323e+01   2.7157652e+00
  -7.1336987e-01  -2.2000000e+01  -1.4445204e+02  -1.8645430e+01  -4.2972642e+00  -2.5637181e+01   1.6893862e+00
  -8.6954003e-01  -2.2000000e+01  -1.4582447e+02  -2.1287507e+01  -4.3676153e+00  -2.7409541e+01  -3.9271564e+00
  -3.7224257e-01  -2.2000000e+01  -1.4747797e+02  -2.4198461e+01  -5.1374612e+00  -2.9693460e+01  -6.0148281e+00
   7.2539335e-01  -2.2000000e+01  -1.4983523e+02  -2.6687736e+01  -7.5164605e+00  -3.2607713e+01  -9.0157562e+00
   2.8610979e-01  -2.2000000e+01  -1.5252214e+02  -2.8071181e+01  -1.0864100e+01  -3.4547400e+01  -9.4257303e+00
   3.5182164e-01  -2.2000000e+01  -1.5462029e+02  -2.8441549e+01  -1.4329495e+01  -3.5747174e+01  -7.2361396e+00
   1.4610995e+00  -2.2000000e+01  -1.5752593e+02  -2.7220998e+01  -1.8275398e+01  -3.5205971e+01  -3.1524501e+00
   2.4277438e+00  -2.2000000e+01  -1.6079212e+02  -2.5372143e+01  -2.2371315e+01  -3.3897374e+01  -2.9356734e+00
   3.4930229e+00  -2.2000000e+01  -1.6417595e+02  -2.3391489e+01  -2.5820860e+01  -3.1638949e+01  -3.7208907e+00
   5.1666384e+00  -2.2000000e+01  -1.6751610e+02  -2.2135706e+01  -2.8701965e+01  -2.9313509e+01  -4.1289107e+00
   6.5189986e+00  -2.2000000e+01  -1.7061148e+02  -2.0813277e+01  -3.1074254e+01  -2.6970581e+01  -3.1031471e+00
   8.2350178e+00  -2.2000000e+01  -1.7269006e+02  -1.9764598e+01  -3.2726884e+01  -2.5289184e+01   2.9124025e-01
   8.9624993e+00  -2.2000000e+01  -1.7265118e+02  -2.0106670e+01  -3.3485780e+01  -2.5398942e+01   3.8771979e+00
   8.3244618e+00  -2.2000000e+01  -1.7056047e+02  -2.1257236e+01  -3.3077964e+01  -2.6696097e+01   4.7937491e+00
   7.4351029e+00  -2.2000000e+01  -1.6891748e+02  -2.2391728e+01  -3.2265108e+01  -2.7361455e+01   5.6244961e+00
   7.1562705e+00  -2.2000000e+01  -1.6686804e+02  -2.3816083e+01  -3.1313548e+01  -2.7905063e+01   6.8841525e+00
   6.2330587e+00  -2.2000000e+01  -1.6453822e+02  -2.5564441e+01  -3.0567872e+01  -2.9026740e+01   9.4585262e+00
   5.4445035e+00  -2.2000000e+01  -1.6286743e+02  -2.6186485e+01  -3.0025287e+01  -2.9580454e+01   1.3307785e+01
   4.7310077e+00  -2.2000000e+01  -1.6109716e+02  -2.6121609e+01  -2.9201696e+01  -2.9974537e+01   1.6035063e+01
   3.8274947e+00  -2.2000000e+01  -1.5977716e+02  -2.5976300e+01  -2.8500544e+01  -3.0331956e+01   1.8046589e+01
   2.9387587e+00  -2.2000000e+01  -1.5886052e+02  -2.5732883e+01  -2.7682111e+01  -3.0434378e+01   1.8754053e+01
   2.0349191e+00  -2.2000000e+01  -1.5834617e+02  -2.5696119e+01  -2.6785034e+01  -3.0376899e+01   1.8244082e+01
   1.9280289e+00  -2.2000000e+01  -1.5798464e+02  -2.6113856e+01  -2.5723482e+01  -3.0086707e+01   1.6804336e+01
   2.1980373e+00  -2.2000000e+01  -1.5755643e+02  -2.6457282e+01  -2.4635761e+01  -2.9741114e+01   1.6798280e+01
   2.2057853e+00  -2.2000000e+01  -1.5690079e+02  -2.6447584e+01  -2.3401738e+01  -2.9343634e+01   1.5594680e+01
   1.8364410e+00  -2.2000000e+01  -1.5664535e+02  -2.6306031e+01  -2.2441108e+01  -2.8975184e+01   1.5186762e+01
   1.3629503e+00  -2.2000000e+01  -1.5622037e+02  -2.6234860e+01  -2.1378194e+01  -2.8701498e+01   1.4622292e+01
   8.8285172e-01  -2.2000000e+01  -1.5575422e+02  -2.6068823e+01  -2.0316535e+01  -2.8378265e+01   1.4152848e+01
   2.4616010e+00  -2.2000000e+01  -1.5414733e+02  -2.5509251e+01  -1.9722299e+01  -2.9049655e+01   1.3534437e+01
