   2.0969109e+01   2.2618346e+01  -1.5582569e+02   1.3887657e+01  -1.1997178e+01  -3.2371613e+01   2.6851944e+01
   2.0725972e+01   8.6493636e+00  -1.5578985e+02   2.3969456e+01  -1.4464095e+01  -3.8869789e+01   2.4688605e+01
   2.0482835e+01  -5.3196191e+00  -1.5575401e+02   3.4051255e+01  -1.6931012e+01  -4.5367965e+01   2.2525266e+01
   2.0239698e+01  -1.9288602e+01  -1.5571817e+02   4.4133054e+01  -1.9397930e+01  -5.1866140e+01   2.0361927e+01
   2.0036558e+01  -2.3392660e+01  -1.5572105e+02   5.3367841e+01  -2.5488449e+01  -3.7890347e+01   1.8265677e+01
   2.0039075e+01  -2.2000000e+01  -1.5748488e+02   4.0554810e+01  -2.6000000e+01  -3.5000000e+01   2.0137643e+01
   1.1792389e+01  -2.2000000e+01  -1.5427955e+02   2.7618231e+01  -2.6000000e+01  -3.5000000e+01   1.5027875e+01
   1.1508273e+00  -2.2000000e+01  -1.5181901e+02   1.4587934e+01  -2.6000000e+01  -3.5000000e+01   6.2436956e+00
  -8.9007211e+00  -2.2000000e+01  -1.5532271e+02   1.5793630e+00  -2.6000000e+01  -3.5000000e+01  -1.7475423e+00
  -1.2114068e+01  -2.2000000e+01  -1.6198697e+02  -1.1067653e+01  -2.6000000e+01  -3.5000000e+01  -1.6143205e+00
  -6.0875216e+00  -2.2000000e+01  -1.6665557e+02  -2.1102308e+01  -2.6000000e+01  -3.5000000e+01   4.4699678e+00
  -3.5438119e-01  -2.2000000e+01  -1.6946640e+02  -2.3207379e+01  -2.6000000e+01  -3.5000000e+01   7.8613861e+00
   4.2037191e+00  -2.2000000e+01  -1.7174802e+02  -2.0302201e+01  -2.6000000e+01  -3.5000000e+01   7.1827094e+00
   6.1268684e+00  -2.2000000e+01  -1.7290139e+02  -1.7581807e+01  -2.6000000e+01  -3.5000000e+01   9.3739412e+00
   6.3489358e+00  -2.2000000e+01  -1.7087963e+02  -1.8893314e+01  -2.6000000e+01  -3.5000000e+01   1.2609530e+01
   5.5856154e+00  -2.2000000e+01  -1.6849950e+02  -2.1544386e+01  -2.6000000e+01  -3.5000000e+01   1.7104251e+01
   4.6057671e+00  -2.2000000e+01  -1.6601782e+02  -2.3731482e+01  -2.6000000e+01  -3.5000000e+01   2.0190239e+01
   3.3308336e+00  -2.2000000e+01  -1.6359767e+02  -2.4564352e+01  -2.6000000e+01  -3.5000000e+01   2.1475451e+01
   2.3806599e+00  -2.2000000e+01  -1.6165204e+02  -2.5074074e+01  -2.6000000e+01  -3.5000000e+01   2.4065372e+01
   2.2529330e+00  -2.2000000e+01  -1.5959036e+02  -2.5684930e+01  -2.6000000e+01  -3.5000000e+01   2.6277919e+01
   2.0730761e+00  -2.2000000e+01  -1.5764543e+02  -2.6538351e+01  -2.6000000e+01  -3.5000000e+01   2.8295013e+01
   1.8539001e+00  -2.2000000e+01  -1.5571493e+02  -2.7312391e+01  -2.6000000e+01  -3.5000000e+01   2.8612437e+01
   1.3948565e+00  -2.2000000e+01  -1.5365530e+02  -2.7256906e+01  -2.6000000e+01  -3.5000000e+01   2.8828237e+01
   6.1212309e-01  -2.2000000e+01  -1.5191371e+02  -2.6966806e+01  -2.6000000e+01  -3.5000000e+01   2.9096307e+01
  -7.8624395e-02  -2.2000000e+01  -1.5001105e+02  -2.6725823e+01  -2.6000000e+01  -3.5000000e+01   2.8968815e+01
   2.5128722e-01  -2.2000000e+01  -1.4811034e+02  -2.6348725e+01  -2.6000000e+01  -3.5000000e+01   2.8938255e+01
   2.1783156e-01  -2.2000000e+01  -1.4665810e+02  -2.5817727e+01  -2.6000000e+01  -3.5000000e+01   2.7393173e+01
   1.4677407e-01  -2.2000000e+01  -1.4513759e+02  -2.4984590e+01  -2.6000000e+01  -3.5000000e+01   2.6085793e+01
  -8.2218680e-01  -2.2000000e+01  -1.4309386e+02  -2.3677209e+01  -2.6000000e+01  -3.5000000e+01   2.4423621e+01
  -1.0998619e+00  -2.2000000e+01  -1.4040448e+02  -2.2036568e+01  -2.6000000e+01  -3.5000000e+01   2.3245085e+01
  -7.0902057e-01  -2.2000000e+01  -1.3860710e+02  -1.9959276e+01  -2.6000000e+01  -3.5000000e+01   2.0504746e+01
  -1.4790950e+00  -2.2000000e+01  -1.3735454e+02  -1.7682816e+01  -2.6000000e+01  -3.5000000e+01   1.6595470e+01
  -2.1760370e+00  -2.2000000e+01  -1.3615477e+02  -1.5731519e+01  -2.6000000e+01  -3.5000000e+01   1.3840131e+01
  -2.9015078e+00  -2.2000000e+01  -1.3503170e+02  -1.3973424e+01  -2.6000000e+01  -3.5000000e+01   1.0858724e+01
  -2.8128542e+00  -2.2000000e+01  -1.3434930e+02  -1.1458195e+01  -2.6000000e+01  -3.5000000e+01   7.7502301e+00
  -1.9434289e+00  -2.2000000e+01  -1.3388601e+02  -9.2972623e+00  -2.6000000e+01  -3.5000000e+01   4.3657823e+00
  -1.5536913e+00  -2.2000000e+01  -1.3363320e+02  -8.3414005e+00  -2.6000000e+01  -3.5000000e+01   7.7461377e-01
  -2.4524540e+00  -2.2000000e+01  -1.3408395e+02  -9.4638041e+00  -2.6000000e+01  -3.5000000e+01  -2.4251882e+00
  -3.4971692e+00  -2.2000000e+01  -1.3666339e+02  -1.5663498e+01  -2.6000000e+01  -3.5000000e+01  -6.5372567e+00
  -2.9475809e+00  -2.2000000e+01  -1.4029207e+02  -2.0539280e+01  -2.6000000e+01  -3.5000000e+01  -7.6697809e+00
  -1.6866486e+00  -2.2000000e+01  -1.4503532e+02  -2.4086292e+01  -2.6000000e+01  -3.5000000e+01  -6.1737253e+00
   3.6941101e-01  -2.2000000e+01  -1.5012590e+02  -2.5865648e+01  -2.6000000e+01  -3.5000000e+01  -3.2564668e-01
   1.4286494e+00  -2.2000000e+01  -1.5555478e+02  -2.7461601e+01  -2.6000000e+01  -3.5000000e+01   4.6905283e+00
   2.7232006e+00  -2.2000000e+01  -1.6096090e+02  -2.7343024e+01  -2.6000000e+01  -3.5000000e+01   6.7034610e+00
   4.7531914e+00  -2.2000000e+01  -1.6682459e+02  -2.5212506e+01  -2.6000000e+01  -3.5000000e+01   6.2266706e+00
   6.8237550e+00  -2.2000000e+01  -1.7250775e+02  -2.1518314e+01  -2.6000000e+01  -3.5000000e+01   5.2730023e+00
   7.7704783e+00  -2.2000000e+01  -1.7787970e+02  -1.7485035e+01  -2.6000000e+01  -3.5000000e+01   7.0513776e+00
   9.0304306e+00  -2.2000000e+01  -1.8132659e+02  -1.5065436e+01  -2.6000000e+01  -3.5000000e+01   8.1933825e+00
   9.8882776e+00  -2.2000000e+01  -1.8115349e+02  -1.5218144e+01  -2.6000000e+01  -3.5000000e+01   9.6366365e+00
   1.0115728e+01  -2.2000000e+01  -1.7967570e+02  -1.6920502e+01  -2.6000000e+01  -3.5000000e+01   1.1461172e+01
   9.2132512e+00  -2.2000000e+01  -1.7734611e+02  -1.8664702e+01  -2.6000000e+01  -3.5000000e+01   1.1921359e+01
   8.0991525e+00  -2.2000000e+01  -1.7498486e+02  -2.0863990e+01  -2.6000000e+01  -3.5000000e+01   1.3495181e+01
   6.7547054e+00  -2.2000000e+01  -1.7245510e+02  -2.3709645e+01  -2.6000000e+01  -3.5000000e+01   1.7809525e+01
   5.1969537e+00  -2.2000000e+01  -1.7013895e+02  -2.5526249e+01  -2.6000000e+01  -3.5000000e+01   1.9743475e+01
   3.7090743e+00  -2.2000000e+01  -1.6841656e+02  -2.6144444e+01  -2.6000000e+01  -3.5000000e+01   2.4903483e+01
   2.2367397e+00  -2.2000000e+01  -1.6588645e+02  -2.7295316e+01  -2.6000000e+01  -3.5000000e+01   2.8725979e+01
   1.2317155e+00  -2.2000000e+01  -1.6309515e+02  -2.8187559e+01  -2.6000000e+01  -3.5000000e+01   2.9726869e+01
   7.5006803e-01  -2.2000000e+01  -1.6121426e+02  -2.8236733e+01  -2.6000000e+01  -3.5000000e+01   3.1642696e+01
   8.5638316e-01  -2.2000000e+01  -1.5975271e+02  -2.8364133e+01  -2.6000000e+01  -3.5000000e+01   3.2863981e+01
   9.5551464e-01  -2.2000000e+01  -1.5862674e+02  -2.8618688e+01  -2.6000000e+01  -3.5000000e+01   3.2514688e+01
   6.5276246e-01  -2.2000000e+01  -1.5676806e+02  -2.8304500e+01  -2.6000000e+01  -3.5000000e+01   3.0070599e+01
   2.9222159e-01  -2.2000000e+01  -1.5502764e+02  -2.8229156e+01  -2.6000000e+01  -3.5000000e+01   2.9319928e+01
  -3.3345083e-01  -2.2000000e+01  -1.5362439e+02  -2.8181239e+01  -2.6000000e+01  -3.5000000e+01   3.0287229e+01
  -8.2248471e-01  -2.2000000e+01  -1.5187606e+02  -2.7300089e+01  -2.6000000e+01  -3.5000000e+01   2.9570414e+01
  -3.5713748e-01  -2.2000000e+01  -1.5023652e+02  -2.6440970e+01  -2.6000000e+01  -3.5000000e+01   2.9684631e+01
  -3.8868098e-01  -2.2000000e+01  -1.4885414e+02  -2.5300738e+01  -2.6000000e+01  -3.5000000e+01   2.8061757e+01
  -5.7090438e-01  -2.2000000e+01  -1.4741836e+02  -2.5243962e+01  -2.6000000e+01  -3.5000000e+01   2.7380202e+01
  -1.0158662e-01  -2.2000000e+01  -1.4514375e+02  -2.4826655e+01  -2.6000000e+01  -3.5000000e+01   2.7541074e+01
   1.9820479e-01  -2.2000000e+01  -1.4363109e+02  -2.3895296e+01  -2.6000000e+01  -3.5000000e+01   2.6010737e+01
  -1.0402054e-02  -2.2000000e+01  -1.4168746e+02  -2.3845034e+01  -2.6000000e+01  -3.5000000e+01   2.3504628e+01
  -7.5252418e-01  -2.2000000e+01  -1.4031912e+02  -2.2182649e+01  -2.6000000e+01  -3.5000000e+01   2.1322240e+01
  -1.3311259e+00  -2.2000000e+01  -1.3905353e+02  -2.0159177e+01  -2.6000000e+01  -3.5000000e+01   1.8676914e+01
  -2.0046801e+00  -2.2000000e+01  -1.3798107e+02  -1.8272341e+01  -2.6000000e+01  -3.5000000e+01   1.5967102e+01
  -2.9581698e+00  -2.2000000e+01  -1.3701838e+02  -1.6728603e+01  -2.6000000e+01  -3.5000000e+01   1.4377384e+01
  -4.0357929e+00  -2.2000000e+01  -1.3583199e+02  -1.5389227e+01  -2.6000000e+01  -3.5000000e+01   1.2684942e+01
  -4.6838769e+00  -2.2000000e+01  -1.3481865e+02  -1.4572487e+01  -2.6000000e+01  -3.5000000e+01   1.2103430e+01
  -4.1191585e+00  -2.2000000e+01  -1.3364019e+02  -1.4016302e+01  -2.6000000e+01  -3.5000000e+01   1.0416454e+01
  -3.9719172e+00  -2.2000000e+01  -1.3400462e+02  -1.4238375e+01  -2.6000000e+01  -3.5000000e+01   8.3835038e+00
  -4.3794574e+00  -2.2000000e+01  -1.3706477e+02  -1.6456783e+01  -2.6000000e+01  -3.5000000e+01   6.1124015e+00
  -4.2898413e+00  -2.2000000e+01  -1.4145955e+02  -1.9995054e+01  -2.6000000e+01  -3.5000000e+01   2.5573237e+00
  -2.8679674e+00  -2.2000000e+01  -1.4670962e+02  -2.3076477e+01  -2.6000000e+01  -3.5000000e+01  -7.6649298e-01
  -1.7727268e+00  -2.2000000e+01  -1.5205356e+02  -2.5391559e+01  -2.6000000e+01  -3.5000000e+01  -2.7115573e-01
  -2.9267567e-01  -2.2000000e+01  -1.5737985e+02  -2.7708251e+01  -2.6000000e+01  -3.5000000e+01  -2.9630212e-01
   1.1403738e+00  -2.2000000e+01  -1.6242272e+02  -2.8125875e+01  -2.6000000e+01  -3.5000000e+01  -1.5967771e+00
   3.8739674e+00  -2.2000000e+01  -1.6871348e+02  -2.4375305e+01  -2.6000000e+01  -3.5000000e+01  -3.7325422e+00
   7.1964882e+00  -2.2000000e+01  -1.7540940e+02  -1.8503804e+01  -2.6000000e+01  -3.5000000e+01  -4.6763815e+00
   1.0313881e+01  -2.2000000e+01  -1.8056430e+02  -1.2804557e+01  -2.6000000e+01  -3.5000000e+01  -4.1178593e+00
   1.1949917e+01  -2.2000000e+01  -1.8145181e+02  -1.0064405e+01  -2.6000000e+01  -3.5000000e+01  -2.8912514e-01
   1.0724105e+01  -2.2000000e+01  -1.7979651e+02  -1.1768438e+01  -2.6000000e+01  -3.5000000e+01   3.7723797e+00
   9.4700559e+00  -2.2000000e+01  -1.7739864e+02  -1.3542640e+01  -2.6000000e+01  -3.5000000e+01   7.6764575e+00
   7.9995368e+00  -2.2000000e+01  -1.7483252e+02  -1.5993367e+01  -2.6000000e+01  -3.5000000e+01   9.4071342e+00
   7.2089779e+00  -2.2000000e+01  -1.7201994e+02  -1.7313534e+01  -2.6000000e+01  -3.5000000e+01   9.2914550e+00
   7.1212874e+00  -2.2000000e+01  -1.7019935e+02  -1.8232921e+01  -2.6000000e+01  -3.5000000e+01   8.7019992e+00
   6.0042027e+00  -2.2000000e+01  -1.6755955e+02  -1.9733611e+01  -2.6000000e+01  -3.5000000e+01   1.1843004e+01
   4.8746748e+00  -2.2000000e+01  -1.6505528e+02  -2.1501709e+01  -2.6000000e+01  -3.5000000e+01   1.4935489e+01
   3.9682168e+00  -2.2000000e+01  -1.6299879e+02  -2.2642736e+01  -2.6000000e+01  -3.5000000e+01   1.8271736e+01
   3.4909184e+00  -2.2000000e+01  -1.6087873e+02  -2.2991266e+01  -2.6000000e+01  -3.5000000e+01   2.0084457e+01
   2.9277271e+00  -2.2000000e+01  -1.5916081e+02  -2.3818306e+01  -2.6000000e+01  -3.5000000e+01   2.1896814e+01
   2.1762896e+00  -2.2000000e+01  -1.5684162e+02  -2.4893676e+01  -2.6000000e+01  -3.5000000e+01   2.2742082e+01
   1.8152611e+00  -2.2000000e+01  -1.5501710e+02  -2.5009961e+01  -2.6000000e+01  -3.5000000e+01   2.4184815e+01
   1.2091137e+00  -2.2000000e+01  -1.5270788e+02  -2.4998139e+01  -2.6000000e+01  -3.5000000e+01   2.4401846e+01
   6.9104132e-01  -2.2000000e+01  -1.5116481e+02  -2.4483765e+01  -2.6000000e+01  -3.5000000e+01   2.4163884e+01
   3.6781681e-01  -2.2000000e+01  -1.4963949e+02  -2.3555599e+01  -2.6000000e+01  -3.5000000e+01   2.3736120e+01
   7.3745658e-01  -2.2000000e+01  -1.4723640e+02  -2.2821852e+01  -2.6000000e+01  -3.5000000e+01   2.4899546e+01
   4.1235191e-01  -2.2000000e+01  -1.4535850e+02  -2.3271001e+01  -2.6000000e+01  -3.5000000e+01   2.2328573e+01
  -3.3039473e-01  -2.2000000e+01  -1.4380729e+02  -2.2179990e+01  -2.6000000e+01  -3.5000000e+01   2.1283082e+01
  -9.1482730e-01  -2.2000000e+01  -1.4255068e+02  -2.0893883e+01  -2.6000000e+01  -3.5000000e+01   2.0461199e+01
  -9.4377819e-01  -2.2000000e+01  -1.4151799e+02  -1.9995777e+01  -2.6000000e+01  -3.5000000e+01   1.8352228e+01
  -8.6551026e-01  -2.2000000e+01  -1.4007335e+02  -1.9118278e+01  -2.6000000e+01  -3.5000000e+01   1.5534050e+01
  -1.4090779e+00  -2.2000000e+01  -1.3923112e+02  -1.7327617e+01  -2.6000000e+01  -3.5000000e+01   1.3447721e+01
  -8.3940049e-01  -2.2000000e+01  -1.3851279e+02  -1.6829113e+01  -2.6000000e+01  -3.5000000e+01   1.1962664e+01
  -9.4068433e-01  -2.2000000e+01  -1.3822770e+02  -1.6863885e+01  -2.6000000e+01  -3.5000000e+01   9.3306537e+00
  -1.4052084e+00  -2.2000000e+01  -1.3907874e+02  -1.7768957e+01  -2.6000000e+01  -3.5000000e+01   6.6082346e+00
  -2.1198596e+00  -2.2000000e+01  -1.4241148e+02  -2.1116421e+01  -2.6000000e+01  -3.5000000e+01   3.0844244e+00
  -2.7604847e+00  -2.2000000e+01  -1.4617015e+02  -2.5262505e+01  -2.6000000e+01  -3.5000000e+01   1.0665149e+00
  -1.6895887e+00  -2.2000000e+01  -1.5064837e+02  -2.8110224e+01  -2.6000000e+01  -3.5000000e+01   5.2808315e+00
  -3.4762029e-01  -2.2000000e+01  -1.5564609e+02  -3.0283641e+01  -2.6000000e+01  -3.5000000e+01   9.8705159e+00
   9.8963741e-01  -2.2000000e+01  -1.6048983e+02  -2.9435488e+01  -2.6000000e+01  -3.5000000e+01   1.1777695e+01
   2.6976871e+00  -2.2000000e+01  -1.6478350e+02  -2.7860423e+01  -2.6000000e+01  -3.5000000e+01   1.1773338e+01
   4.7850551e+00  -2.2000000e+01  -1.6954166e+02  -2.4815474e+01  -2.6000000e+01  -3.5000000e+01   1.1753527e+01
   6.7396238e+00  -2.2000000e+01  -1.7349922e+02  -2.1604779e+01  -2.6000000e+01  -3.5000000e+01   1.0655649e+01
   7.4269489e+00  -2.2000000e+01  -1.7620906e+02  -1.7562864e+01  -2.6000000e+01  -3.5000000e+01   9.2311360e+00
   7.5284774e+00  -2.2000000e+01  -1.7555457e+02  -1.7974495e+01  -2.6000000e+01  -3.5000000e+01   9.8159287e+00
   7.9109580e+00  -2.2000000e+01  -1.7380529e+02  -1.9726937e+01  -2.6000000e+01  -3.5000000e+01   1.0979080e+01
   6.9737167e+00  -2.2000000e+01  -1.7140196e+02  -2.2060235e+01  -2.6000000e+01  -3.5000000e+01   1.3609903e+01
   5.9773014e+00  -2.2000000e+01  -1.6968237e+02  -2.3277145e+01  -2.6000000e+01  -3.5000000e+01   1.6692433e+01
   4.8605395e+00  -2.2000000e+01  -1.6772731e+02  -2.4468375e+01  -2.6000000e+01  -3.5000000e+01   1.8497711e+01
   4.0551895e+00  -2.2000000e+01  -1.6536862e+02  -2.4884107e+01  -2.6000000e+01  -3.5000000e+01   2.0781422e+01
   2.5721456e+00  -2.2000000e+01  -1.6274269e+02  -2.5316547e+01  -2.6000000e+01  -3.5000000e+01   2.0033293e+01
   2.0924070e+00  -2.2000000e+01  -1.6080871e+02  -2.5928773e+01  -2.6000000e+01  -3.5000000e+01   2.5026475e+01
   1.5799109e+00  -2.2000000e+01  -1.5911015e+02  -2.7169144e+01  -2.6000000e+01  -3.5000000e+01   2.8218735e+01
   1.4393884e+00  -2.2000000e+01  -1.5733345e+02  -2.7740619e+01  -2.6000000e+01  -3.5000000e+01   2.7841124e+01
   1.4200507e+00  -2.2000000e+01  -1.5552653e+02  -2.7405074e+01  -2.6000000e+01  -3.5000000e+01   2.8711636e+01
   5.4770283e-01  -2.2000000e+01  -1.5373861e+02  -2.7112745e+01  -2.6000000e+01  -3.5000000e+01   2.8262484e+01
  -2.7404847e-01  -2.2000000e+01  -1.5183943e+02  -2.7160430e+01  -2.6000000e+01  -3.5000000e+01   2.9404942e+01
  -7.9292686e-01  -2.2000000e+01  -1.5004848e+02  -2.6935965e+01  -2.6000000e+01  -3.5000000e+01   2.8764942e+01
  -9.6597936e-01  -2.2000000e+01  -1.4854176e+02  -2.5923660e+01  -2.6000000e+01  -3.5000000e+01   2.8364977e+01
  -1.0369179e+00  -2.2000000e+01  -1.4726725e+02  -2.5235414e+01  -2.6000000e+01  -3.5000000e+01   2.7841964e+01
  -6.3086686e-01  -2.2000000e+01  -1.4545021e+02  -2.4622254e+01  -2.6000000e+01  -3.5000000e+01   2.8258982e+01
  -2.0206774e-01  -2.2000000e+01  -1.4410494e+02  -2.3790946e+01  -2.6000000e+01  -3.5000000e+01   2.5741306e+01
   5.5572279e-02  -2.2000000e+01  -1.4220477e+02  -2.3234095e+01  -2.6000000e+01  -3.5000000e+01   2.3075580e+01
  -1.7844702e-01  -2.2000000e+01  -1.4017767e+02  -2.2413759e+01  -2.6000000e+01  -3.5000000e+01   2.2398192e+01
  -1.0551422e+00  -2.2000000e+01  -1.3854181e+02  -2.1219378e+01  -2.6000000e+01  -3.5000000e+01   2.0415396e+01
  -2.1417897e+00  -2.2000000e+01  -1.3785948e+02  -2.0074440e+01  -2.6000000e+01  -3.5000000e+01   1.7765705e+01
  -2.8503506e+00  -2.2000000e+01  -1.3685380e+02  -1.8493011e+01  -2.6000000e+01  -3.5000000e+01   1.5960504e+01
  -3.8144149e+00  -2.2000000e+01  -1.3616962e+02  -1.6734322e+01  -2.6000000e+01  -3.5000000e+01   1.3314713e+01
  -4.4061314e+00  -2.2000000e+01  -1.3524104e+02  -1.5431896e+01  -2.6000000e+01  -3.5000000e+01   1.1558491e+01
  -5.1448480e+00  -2.2000000e+01  -1.3414017e+02  -1.4760553e+01  -2.6000000e+01  -3.5000000e+01   9.3732718e+00
  -5.6002261e+00  -2.2000000e+01  -1.3499464e+02  -1.6303035e+01  -2.6000000e+01  -3.5000000e+01   6.9392252e+00
  -4.9093732e+00  -2.2000000e+01  -1.3825617e+02  -1.9808478e+01  -2.6000000e+01  -3.5000000e+01   3.2167685e+00
  -4.0674814e+00  -2.2000000e+01  -1.4238078e+02  -2.2126166e+01  -2.6000000e+01  -3.5000000e+01   2.4193317e+00
  -3.9191277e+00  -2.2000000e+01  -1.4675258e+02  -2.4348044e+01  -2.6000000e+01  -3.5000000e+01   9.2555673e-01
  -2.1449498e+00  -2.2000000e+01  -1.5193697e+02  -2.5659602e+01  -2.6000000e+01  -3.5000000e+01   3.0628918e+00
  -6.6444905e-01  -2.2000000e+01  -1.5659048e+02  -2.6717212e+01  -2.6000000e+01  -3.5000000e+01   3.1617330e+00
   1.1073960e+00  -2.2000000e+01  -1.6066714e+02  -2.7622804e+01  -2.6000000e+01  -3.5000000e+01   2.6552035e+00
   2.6762802e+00  -2.2000000e+01  -1.6643647e+02  -2.5064704e+01  -2.6000000e+01  -3.5000000e+01  -9.2259001e-02
   5.7931720e+00  -2.2000000e+01  -1.7256852e+02  -2.0057946e+01  -2.6000000e+01  -3.5000000e+01  -8.7234448e-01
   6.9351006e+00  -2.2000000e+01  -1.7710790e+02  -1.6460894e+01  -2.6000000e+01  -3.5000000e+01  -8.4712660e-01
   9.0859326e+00  -2.2000000e+01  -1.8008249e+02  -1.3227684e+01  -2.6000000e+01  -3.5000000e+01   3.3598784e+00
   9.1913446e+00  -2.2000000e+01  -1.7851490e+02  -1.4597850e+01  -2.6000000e+01  -3.5000000e+01   6.3863618e+00
   8.4676739e+00  -2.2000000e+01  -1.7624700e+02  -1.6898014e+01  -2.6000000e+01  -3.5000000e+01   8.1148201e+00
   8.0613807e+00  -2.2000000e+01  -1.7384740e+02  -1.8460993e+01  -2.6000000e+01  -3.5000000e+01   1.0319579e+01
   6.9113473e+00  -2.2000000e+01  -1.7110626e+02  -2.1405731e+01  -2.6000000e+01  -3.5000000e+01   1.2596538e+01
   5.0516027e+00  -2.2000000e+01  -1.6890474e+02  -2.3580353e+01  -2.6000000e+01  -3.5000000e+01   1.6381262e+01
   3.6190584e+00  -2.2000000e+01  -1.6636385e+02  -2.4573689e+01  -2.6000000e+01  -3.5000000e+01   2.0687731e+01
   2.4761225e+00  -2.2000000e+01  -1.6375380e+02  -2.5820216e+01  -2.6000000e+01  -3.5000000e+01   2.3785894e+01
   1.9256959e+00  -2.2000000e+01  -1.6191573e+02  -2.6168762e+01  -2.6000000e+01  -3.5000000e+01   2.6791083e+01
   1.7040440e+00  -2.2000000e+01  -1.5935817e+02  -2.7059538e+01  -2.6000000e+01  -3.5000000e+01   2.9152145e+01
   1.5109056e+00  -2.2000000e+01  -1.5760317e+02  -2.8032457e+01  -2.6000000e+01  -3.5000000e+01   3.0189581e+01
   1.0898333e+00  -2.2000000e+01  -1.5560094e+02  -2.7845109e+01  -2.6000000e+01  -3.5000000e+01   3.1017190e+01
   4.2035487e-02  -2.2000000e+01  -1.5339041e+02  -2.8140922e+01  -2.6000000e+01  -3.5000000e+01   3.1040690e+01
  -4.8446050e-01  -2.2000000e+01  -1.5149182e+02  -2.8208450e+01  -2.6000000e+01  -3.5000000e+01   3.1850464e+01
  -9.9174895e-01  -2.2000000e+01  -1.4980056e+02  -2.7556072e+01  -2.6000000e+01  -3.5000000e+01   3.1272166e+01
  -1.4318602e+00  -2.2000000e+01  -1.4826785e+02  -2.7219427e+01  -2.6000000e+01  -3.5000000e+01   3.0880575e+01
  -1.8468158e+00  -2.2000000e+01  -1.4704648e+02  -2.6329615e+01  -2.6000000e+01  -3.5000000e+01   3.0287913e+01
  -1.1623967e+00  -2.2000000e+01  -1.4544211e+02  -2.5546828e+01  -2.6000000e+01  -3.5000000e+01   3.0783008e+01
  -6.9715040e-01  -2.2000000e+01  -1.4437876e+02  -2.5565696e+01  -2.6000000e+01  -3.5000000e+01   2.8692708e+01
  -2.0084412e-01  -2.2000000e+01  -1.4317582e+02  -2.5172484e+01  -2.6000000e+01  -3.5000000e+01   2.6953091e+01
  -8.0368727e-01  -2.2000000e+01  -1.4162419e+02  -2.4347601e+01  -2.6000000e+01  -3.5000000e+01   2.5966210e+01
  -1.5555644e+00  -2.2000000e+01  -1.3990605e+02  -2.3777522e+01  -2.6000000e+01  -3.5000000e+01   2.4507342e+01
  -1.8974759e+00  -2.2000000e+01  -1.3835784e+02  -2.2737300e+01  -2.6000000e+01  -3.5000000e+01   2.3887088e+01
  -2.6670067e+00  -2.2000000e+01  -1.3718749e+02  -2.2251509e+01  -2.6000000e+01  -3.5000000e+01   2.1565270e+01
  -4.1593021e+00  -2.2000000e+01  -1.3608193e+02  -2.1475574e+01  -2.6000000e+01  -3.5000000e+01   1.9757289e+01
  -5.1181257e+00  -2.2000000e+01  -1.3484804e+02  -2.0449403e+01  -2.6000000e+01  -3.5000000e+01   1.8703667e+01
  -6.1861230e+00  -2.2000000e+01  -1.3329939e+02  -1.9621120e+01  -2.6000000e+01  -3.5000000e+01   1.6667807e+01
  -7.0337313e+00  -2.2000000e+01  -1.3423866e+02  -1.9865824e+01  -2.6000000e+01  -3.5000000e+01   1.4313426e+01
  -6.1059343e+00  -2.2000000e+01  -1.3800920e+02  -2.2357065e+01  -2.6000000e+01  -3.5000000e+01   1.1070216e+01
  -4.6763021e+00  -2.2000000e+01  -1.4302768e+02  -2.4174548e+01  -2.6000000e+01  -3.5000000e+01   7.2158491e+00
  -3.8669072e+00  -2.2000000e+01  -1.4834142e+02  -2.5378219e+01  -2.6000000e+01  -3.5000000e+01   4.6520485e+00
  -1.2021445e+00  -2.2000000e+01  -1.5345525e+02  -2.5640484e+01  -2.6000000e+01  -3.5000000e+01   4.3495582e+00
   1.1329627e+00  -2.2000000e+01  -1.5837958e+02  -2.5712248e+01  -2.6000000e+01  -3.5000000e+01   2.6830929e+00
   2.9183396e+00  -2.2000000e+01  -1.6293884e+02  -2.4719155e+01  -2.6000000e+01  -3.5000000e+01   1.3046157e+00
   5.3634940e+00  -2.2000000e+01  -1.6723449e+02  -2.2472586e+01  -2.6000000e+01  -3.5000000e+01   1.0765582e+00
   7.7159619e+00  -2.2000000e+01  -1.7020663e+02  -2.0480526e+01  -2.6000000e+01  -3.5000000e+01   4.1215459e-01
   8.4953630e+00  -2.2000000e+01  -1.7297726e+02  -1.8718844e+01  -2.6000000e+01  -3.5000000e+01   4.0606242e-01
   9.0259059e+00  -2.2000000e+01  -1.7477827e+02  -1.6364116e+01  -2.6000000e+01  -3.5000000e+01   4.3728151e-01
   9.1746953e+00  -2.2000000e+01  -1.7527503e+02  -1.4575892e+01  -2.6000000e+01  -3.5000000e+01   3.5259540e+00
   8.6743407e+00  -2.2000000e+01  -1.7394184e+02  -1.5457400e+01  -2.6000000e+01  -3.5000000e+01   5.2127143e+00
   8.0825696e+00  -2.2000000e+01  -1.7235196e+02  -1.6605687e+01  -2.6000000e+01  -3.5000000e+01   6.6199246e+00
   7.5940035e+00  -2.2000000e+01  -1.7055391e+02  -1.7422826e+01  -2.6000000e+01  -3.5000000e+01   7.9628802e+00
   7.1096373e+00  -2.2000000e+01  -1.6854315e+02  -1.8386741e+01  -2.6000000e+01  -3.5000000e+01   9.4275855e+00
   6.4346047e+00  -2.2000000e+01  -1.6633618e+02  -1.9974694e+01  -2.6000000e+01  -3.5000000e+01   1.0454401e+01
   5.9726715e+00  -2.2000000e+01  -1.6404703e+02  -2.0763626e+01  -2.6000000e+01  -3.5000000e+01   1.1893942e+01
   5.6375886e+00  -2.2000000e+01  -1.6216187e+02  -2.1387841e+01  -2.6000000e+01  -3.5000000e+01   1.4556633e+01
   4.4820973e+00  -2.2000000e+01  -1.6025838e+02  -2.1796036e+01  -2.6000000e+01  -3.5000000e+01   1.6744242e+01
   3.3683736e+00  -2.2000000e+01  -1.5865804e+02  -2.2354562e+01  -2.6000000e+01  -3.5000000e+01   1.8899940e+01
   2.7053129e+00  -2.2000000e+01  -1.5727330e+02  -2.2711784e+01  -2.6000000e+01  -3.5000000e+01   1.9150794e+01
   2.2081769e+00  -2.2000000e+01  -1.5588105e+02  -2.3360585e+01  -2.6000000e+01  -3.5000000e+01   2.0642493e+01
   1.7429878e+00  -2.2000000e+01  -1.5411564e+02  -2.3693995e+01  -2.6000000e+01  -3.5000000e+01   2.1407360e+01
   1.3792572e+00  -2.2000000e+01  -1.5235094e+02  -2.3794773e+01  -2.6000000e+01  -3.5000000e+01   2.2151503e+01
   1.0586576e+00  -2.2000000e+01  -1.5109067e+02  -2.3036456e+01  -2.6000000e+01  -3.5000000e+01   2.1239535e+01
   7.3306376e-01  -2.2000000e+01  -1.4952642e+02  -2.2099910e+01  -2.6000000e+01  -3.5000000e+01   2.1530037e+01
   1.6605256e+00  -2.2000000e+01  -1.4727734e+02  -2.1717933e+01  -2.6000000e+01  -3.5000000e+01   2.2097056e+01
   1.8083123e+00  -2.2000000e+01  -1.4537877e+02  -2.1481345e+01  -2.6000000e+01  -3.5000000e+01   2.0307378e+01
   1.7867698e+00  -2.2000000e+01  -1.4393089e+02  -2.0324886e+01  -2.6000000e+01  -3.5000000e+01   1.8027995e+01
   1.5087131e+00  -2.2000000e+01  -1.4223769e+02  -1.9288856e+01  -2.6000000e+01  -3.5000000e+01   1.5557692e+01
   6.9109429e-01  -2.2000000e+01  -1.4088466e+02  -1.7658714e+01  -2.6000000e+01  -3.5000000e+01   1.4121333e+01
  -9.2750454e-02  -2.2000000e+01  -1.3940344e+02  -1.6253626e+01  -2.6000000e+01  -3.5000000e+01   1.2499821e+01
  -5.7523910e-01  -2.2000000e+01  -1.3830715e+02  -1.5066384e+01  -2.6000000e+01  -3.5000000e+01   1.1458493e+01
  -1.7511181e+00  -2.2000000e+01  -1.3730546e+02  -1.3957978e+01  -2.6000000e+01  -3.5000000e+01   9.0929997e+00
  -2.7886974e+00  -2.2000000e+01  -1.3615794e+02  -1.2900186e+01  -2.6000000e+01  -3.5000000e+01   7.4220809e+00
  -4.0575702e+00  -2.2000000e+01  -1.3591303e+02  -1.3173986e+01  -2.6000000e+01  -3.5000000e+01   5.2163570e+00
  -4.5047292e+00  -2.2000000e+01  -1.3778416e+02  -1.4419032e+01  -2.6000000e+01  -3.5000000e+01   3.7259496e+00
  -4.7917187e+00  -2.2000000e+01  -1.4144728e+02  -1.9833190e+01  -2.6000000e+01  -3.5000000e+01   9.0663855e-01
  -4.2207726e+00  -2.2000000e+01  -1.4678592e+02  -2.4580557e+01  -2.6000000e+01  -3.5000000e+01  -1.1873474e+00
  -1.7209384e+00  -2.2000000e+01  -1.5113495e+02  -2.7726437e+01  -2.6000000e+01  -3.5000000e+01   6.9371112e-01
   8.2096609e-02  -2.2000000e+01  -1.5613186e+02  -2.9516154e+01  -2.6000000e+01  -3.5000000e+01   6.2725919e+00
   1.6173228e+00  -2.2000000e+01  -1.6060775e+02  -3.0725564e+01  -2.6000000e+01  -3.5000000e+01   6.3926498e+00
   3.3200807e+00  -2.2000000e+01  -1.6590239e+02  -2.8087054e+01  -2.6000000e+01  -3.5000000e+01   5.3262417e+00
   6.5753573e+00  -2.2000000e+01  -1.7121379e+02  -2.3621420e+01  -2.6000000e+01  -3.5000000e+01   2.8298090e+00
   8.6503612e+00  -2.2000000e+01  -1.7725800e+02  -1.7062388e+01  -2.6000000e+01  -3.5000000e+01   5.5142928e+00
   9.3339416e+00  -2.2000000e+01  -1.7924847e+02  -1.5092423e+01  -2.6000000e+01  -3.5000000e+01   7.5422717e+00
   8.5887001e+00  -2.2000000e+01  -1.7794896e+02  -1.6544596e+01  -2.6000000e+01  -3.5000000e+01   8.9657358e+00
   8.3896165e+00  -2.2000000e+01  -1.7594411e+02  -1.8009687e+01  -2.6000000e+01  -3.5000000e+01   9.4596758e+00
   8.6734225e+00  -2.2000000e+01  -1.7390434e+02  -1.9312863e+01  -2.6000000e+01  -3.5000000e+01   1.1188288e+01
   7.0304668e+00  -2.2000000e+01  -1.7184064e+02  -2.1438152e+01  -2.6000000e+01  -3.5000000e+01   1.4949819e+01
   5.2884018e+00  -2.2000000e+01  -1.6943120e+02  -2.3796762e+01  -2.6000000e+01  -3.5000000e+01   1.8291555e+01
   4.0933536e+00  -2.2000000e+01  -1.6742637e+02  -2.4854500e+01  -2.6000000e+01  -3.5000000e+01   2.1986382e+01
   2.8683271e+00  -2.2000000e+01  -1.6517019e+02  -2.5259990e+01  -2.6000000e+01  -3.5000000e+01   2.4004321e+01
   1.7556276e+00  -2.2000000e+01  -1.6338160e+02  -2.5593697e+01  -2.6000000e+01  -3.5000000e+01   2.3636709e+01
   1.4081633e+00  -2.2000000e+01  -1.6213409e+02  -2.5981082e+01  -2.6000000e+01  -3.5000000e+01   2.4697442e+01
   1.5552390e+00  -2.2000000e+01  -1.6055586e+02  -2.6140130e+01  -2.6000000e+01  -3.5000000e+01   2.6619058e+01
   1.6295089e+00  -2.2000000e+01  -1.5891018e+02  -2.6860138e+01  -2.6000000e+01  -3.5000000e+01   2.8145571e+01
   1.6031171e+00  -2.2000000e+01  -1.5730716e+02  -2.7227902e+01  -2.6000000e+01  -3.5000000e+01   2.8440932e+01
   1.4152362e+00  -2.2000000e+01  -1.5581371e+02  -2.7250752e+01  -2.6000000e+01  -3.5000000e+01   2.8538848e+01
   1.3410662e+00  -2.2000000e+01  -1.5402538e+02  -2.6510866e+01  -2.6000000e+01  -3.5000000e+01   2.8945445e+01
   6.0977795e-01  -2.2000000e+01  -1.5314269e+02  -2.5929486e+01  -2.6000000e+01  -3.5000000e+01   2.8100687e+01
  -3.4180647e-01  -2.2000000e+01  -1.5155516e+02  -2.5732974e+01  -2.6000000e+01  -3.5000000e+01   2.6661028e+01
  -2.5388480e-01  -2.2000000e+01  -1.4991886e+02  -2.4655328e+01  -2.6000000e+01  -3.5000000e+01   2.7559786e+01
  -4.1306867e-01  -2.2000000e+01  -1.4858629e+02  -2.4417494e+01  -2.6000000e+01  -3.5000000e+01   2.5144098e+01
  -1.3434254e-01  -2.2000000e+01  -1.4716999e+02  -2.3987277e+01  -2.6000000e+01  -3.5000000e+01   2.5106111e+01
   2.6897617e-01  -2.2000000e+01  -1.4523911e+02  -2.3461475e+01  -2.6000000e+01  -3.5000000e+01   2.4265895e+01
   1.6118793e-01  -2.2000000e+01  -1.4361932e+02  -2.2762775e+01  -2.6000000e+01  -3.5000000e+01   2.2348548e+01
  -2.4789277e-01  -2.2000000e+01  -1.4240155e+02  -2.2638742e+01  -2.6000000e+01  -3.5000000e+01   2.0045833e+01
  -5.9883391e-01  -2.2000000e+01  -1.4121782e+02  -2.1630254e+01  -2.6000000e+01  -3.5000000e+01   1.8996255e+01
  -1.5246682e+00  -2.2000000e+01  -1.4018786e+02  -2.0341052e+01  -2.6000000e+01  -3.5000000e+01   1.7260725e+01
  -2.4326125e+00  -2.2000000e+01  -1.3953941e+02  -1.9467534e+01  -2.6000000e+01  -3.5000000e+01   1.6812201e+01
  -3.0732295e+00  -2.2000000e+01  -1.3861391e+02  -1.8427430e+01  -2.6000000e+01  -3.5000000e+01   1.6608861e+01
  -3.7129641e+00  -2.2000000e+01  -1.3772809e+02  -1.7793060e+01  -2.6000000e+01  -3.5000000e+01   1.6448712e+01
  -4.5237412e+00  -2.2000000e+01  -1.3713140e+02  -1.7977703e+01  -2.6000000e+01  -3.5000000e+01   1.5323296e+01
  -4.9777576e+00  -2.2000000e+01  -1.3716261e+02  -1.8265093e+01  -2.6000000e+01  -3.5000000e+01   1.3171809e+01
  -4.1585409e+00  -2.2000000e+01  -1.3924447e+02  -1.9977439e+01  -2.6000000e+01  -3.5000000e+01   1.1625731e+01
  -4.3165202e+00  -2.2000000e+01  -1.4460905e+02  -2.4201045e+01  -2.6000000e+01  -3.5000000e+01   7.3621097e+00
  -3.4779281e+00  -2.2000000e+01  -1.4929238e+02  -2.8729921e+01  -2.6000000e+01  -3.5000000e+01   6.1525220e+00
  -1.3885357e+00  -2.2000000e+01  -1.5426489e+02  -3.1006230e+01  -2.6000000e+01  -3.5000000e+01   7.5851111e+00
   4.5402205e-01  -2.2000000e+01  -1.5881165e+02  -3.2286861e+01  -2.6000000e+01  -3.5000000e+01   1.0559746e+01
   1.9415110e+00  -2.2000000e+01  -1.6237457e+02  -3.1243843e+01  -2.6000000e+01  -3.5000000e+01   1.3080321e+01
   3.3387106e+00  -2.2000000e+01  -1.6577134e+02  -2.9488715e+01  -2.6000000e+01  -3.5000000e+01   1.4689614e+01
   5.5358571e+00  -2.2000000e+01  -1.6874734e+02  -2.5972744e+01  -2.6000000e+01  -3.5000000e+01   1.7114637e+01
   8.1580163e+00  -2.2000000e+01  -1.7165983e+02  -2.1983222e+01  -2.6000000e+01  -3.5000000e+01   1.6477324e+01
   8.5360439e+00  -2.2000000e+01  -1.7159984e+02  -2.2485027e+01  -2.6000000e+01  -3.5000000e+01   1.6888482e+01
   7.5141747e+00  -2.2000000e+01  -1.7011885e+02  -2.4138733e+01  -2.6000000e+01  -3.5000000e+01   1.6954363e+01
   6.8070155e+00  -2.2000000e+01  -1.6834267e+02  -2.5035800e+01  -2.6000000e+01  -3.5000000e+01   2.0111274e+01
   5.8664261e+00  -2.2000000e+01  -1.6711801e+02  -2.4949166e+01  -2.6000000e+01  -3.5000000e+01   2.1133989e+01
   5.0392442e+00  -2.2000000e+01  -1.6527941e+02  -2.5531396e+01  -2.6000000e+01  -3.5000000e+01   2.2741588e+01
   3.8443793e+00  -2.2000000e+01  -1.6299847e+02  -2.6378334e+01  -2.6000000e+01  -3.5000000e+01   2.2310902e+01
   2.7608237e+00  -2.2000000e+01  -1.6122980e+02  -2.6803552e+01  -2.6000000e+01  -3.5000000e+01   2.4743525e+01
   2.7854051e+00  -2.2000000e+01  -1.5898420e+02  -2.7309580e+01  -2.6000000e+01  -3.5000000e+01   2.6462412e+01
   2.6622262e+00  -2.2000000e+01  -1.5701204e+02  -2.7349330e+01  -2.6000000e+01  -3.5000000e+01   2.6657092e+01
   2.5021219e+00  -2.2000000e+01  -1.5505142e+02  -2.7511655e+01  -2.6000000e+01  -3.5000000e+01   2.6607649e+01
   2.1486280e+00  -2.2000000e+01  -1.5342045e+02  -2.7256167e+01  -2.6000000e+01  -3.5000000e+01   2.7353606e+01
   1.1161006e+00  -2.2000000e+01  -1.5179779e+02  -2.6765282e+01  -2.6000000e+01  -3.5000000e+01   2.6187830e+01
   4.0796815e-01  -2.2000000e+01  -1.5061791e+02  -2.6183492e+01  -2.6000000e+01  -3.5000000e+01   2.6248061e+01
   3.1296793e-01  -2.2000000e+01  -1.4867972e+02  -2.5544712e+01  -2.6000000e+01  -3.5000000e+01   2.7138237e+01
   6.4497371e-01  -2.2000000e+01  -1.4704561e+02  -2.5067023e+01  -2.6000000e+01  -3.5000000e+01   2.6242166e+01
   9.2513864e-01  -2.2000000e+01  -1.4543561e+02  -2.4293951e+01  -2.6000000e+01  -3.5000000e+01   2.5354645e+01
   4.8122662e-01  -2.2000000e+01  -1.4403344e+02  -2.4041459e+01  -2.6000000e+01  -3.5000000e+01   2.4676926e+01
   2.4469829e-01  -2.2000000e+01  -1.4252676e+02  -2.3236994e+01  -2.6000000e+01  -3.5000000e+01   2.4027489e+01
   4.3829902e-02  -2.2000000e+01  -1.4021081e+02  -2.2396274e+01  -2.6000000e+01  -3.5000000e+01   2.1696308e+01
  -7.4327994e-01  -2.2000000e+01  -1.3848064e+02  -2.1881879e+01  -2.6000000e+01  -3.5000000e+01   1.8299843e+01
  -1.9508245e+00  -2.2000000e+01  -1.3731720e+02  -1.9467710e+01  -2.6000000e+01  -3.5000000e+01   1.6554359e+01
  -3.4141764e+00  -2.2000000e+01  -1.3669547e+02  -1.7381521e+01  -2.6000000e+01  -3.5000000e+01   1.3681920e+01
  -4.3868579e+00  -2.2000000e+01  -1.3540482e+02  -1.5590098e+01  -2.6000000e+01  -3.5000000e+01   1.1688130e+01
  -5.3653300e+00  -2.2000000e+01  -1.3408518e+02  -1.4056374e+01  -2.6000000e+01  -3.5000000e+01   9.6339998e+00
  -5.7640038e+00  -2.2000000e+01  -1.3320902e+02  -1.2711545e+01  -2.6000000e+01  -3.5000000e+01   8.2819790e+00
  -6.2824596e+00  -2.2000000e+01  -1.3224562e+02  -1.1794599e+01  -2.6000000e+01  -3.5000000e+01   6.5616084e+00
  -6.6455730e+00  -2.2000000e+01  -1.3210149e+02  -1.1664667e+01  -2.6000000e+01  -3.5000000e+01   4.0322362e+00
  -6.9673799e+00  -2.2000000e+01  -1.3394203e+02  -1.2716391e+01  -2.6000000e+01  -3.5000000e+01   3.0430150e+00
  -6.3156345e+00  -2.2000000e+01  -1.3833428e+02  -1.6201320e+01  -2.6000000e+01  -3.5000000e+01  -6.3416623e-01
  -5.8055272e+00  -2.2000000e+01  -1.4202843e+02  -2.1146323e+01  -2.6000000e+01  -3.5000000e+01  -1.6261186e+00
  -4.6096848e+00  -2.2000000e+01  -1.4728489e+02  -2.5750048e+01  -2.6000000e+01  -3.5000000e+01  -2.2977723e+00
  -1.5469918e+00  -2.2000000e+01  -1.5187353e+02  -2.7544328e+01  -2.6000000e+01  -3.5000000e+01   4.8387346e-01
   5.3351644e-01  -2.2000000e+01  -1.5655946e+02  -2.6732600e+01  -2.6000000e+01  -3.5000000e+01   3.7544725e+00
   2.4526063e+00  -2.2000000e+01  -1.6070478e+02  -2.5667019e+01  -2.6000000e+01  -3.5000000e+01   6.7735418e+00
   4.5238114e+00  -2.2000000e+01  -1.6561138e+02  -2.3580944e+01  -2.6000000e+01  -3.5000000e+01   8.3818067e+00
   6.7189923e+00  -2.2000000e+01  -1.7082175e+02  -2.1101739e+01  -2.6000000e+01  -3.5000000e+01   8.3482916e+00
   7.9149655e+00  -2.2000000e+01  -1.7582159e+02  -1.8566769e+01  -2.6000000e+01  -3.5000000e+01   6.8125605e+00
   9.6733844e+00  -2.2000000e+01  -1.7935807e+02  -1.5873359e+01  -2.6000000e+01  -3.5000000e+01   7.6833578e+00
   9.6197979e+00  -2.2000000e+01  -1.7936869e+02  -1.5915454e+01  -2.6000000e+01  -3.5000000e+01   6.2922240e+00
   9.7552493e+00  -2.2000000e+01  -1.7806684e+02  -1.7104361e+01  -2.6000000e+01  -3.5000000e+01   9.0217585e+00
   9.2796992e+00  -2.2000000e+01  -1.7612968e+02  -1.8358679e+01  -2.6000000e+01  -3.5000000e+01   1.0450576e+01
   8.9988839e+00  -2.2000000e+01  -1.7347056e+02  -2.0474439e+01  -2.6000000e+01  -3.5000000e+01   1.2540344e+01
   7.7078901e+00  -2.2000000e+01  -1.7156671e+02  -2.3027789e+01  -2.6000000e+01  -3.5000000e+01   1.6063122e+01
   6.1477654e+00  -2.2000000e+01  -1.6979070e+02  -2.4684924e+01  -2.6000000e+01  -3.5000000e+01   1.9633091e+01
   4.7148542e+00  -2.2000000e+01  -1.6730102e+02  -2.5667620e+01  -2.6000000e+01  -3.5000000e+01   2.2380446e+01
   3.4314122e+00  -2.2000000e+01  -1.6502456e+02  -2.6471308e+01  -2.6000000e+01  -3.5000000e+01   2.3403529e+01
   2.6410216e+00  -2.2000000e+01  -1.6293653e+02  -2.6688709e+01  -2.6000000e+01  -3.5000000e+01   2.5482069e+01
   2.0104062e+00  -2.2000000e+01  -1.6110085e+02  -2.7281347e+01  -2.6000000e+01  -3.5000000e+01   2.7620429e+01
   1.4357477e+00  -2.2000000e+01  -1.5903618e+02  -2.8022063e+01  -2.6000000e+01  -3.5000000e+01   3.0171508e+01
   1.0795641e+00  -2.2000000e+01  -1.5763536e+02  -2.8577613e+01  -2.6000000e+01  -3.5000000e+01   3.2615426e+01
   6.7588926e-01  -2.2000000e+01  -1.5522612e+02  -2.8765411e+01  -2.6000000e+01  -3.5000000e+01   3.2919451e+01
  -3.6680071e-01  -2.2000000e+01  -1.5323423e+02  -2.8899401e+01  -2.6000000e+01  -3.5000000e+01   3.2555148e+01
  -1.1037266e+00  -2.2000000e+01  -1.5088237e+02  -2.8351055e+01  -2.6000000e+01  -3.5000000e+01   3.2754219e+01
  -1.6432853e+00  -2.2000000e+01  -1.4864445e+02  -2.7624864e+01  -2.6000000e+01  -3.5000000e+01   3.3503987e+01
  -2.3718211e+00  -2.2000000e+01  -1.4689280e+02  -2.7287089e+01  -2.6000000e+01  -3.5000000e+01   3.1806449e+01
  -2.1052952e+00  -2.2000000e+01  -1.4480307e+02  -2.6981423e+01  -2.6000000e+01  -3.5000000e+01   3.1632092e+01
  -1.4770388e+00  -2.2000000e+01  -1.4283645e+02  -2.5990476e+01  -2.6000000e+01  -3.5000000e+01   3.1557509e+01
  -1.2331783e+00  -2.2000000e+01  -1.4156528e+02  -2.5151811e+01  -2.6000000e+01  -3.5000000e+01   2.9455634e+01
  -1.2855403e+00  -2.2000000e+01  -1.4024436e+02  -2.4934770e+01  -2.6000000e+01  -3.5000000e+01   2.6888496e+01
  -1.5227101e+00  -2.2000000e+01  -1.3772589e+02  -2.4078746e+01  -2.6000000e+01  -3.5000000e+01   2.5702873e+01
  -1.8145883e+00  -2.2000000e+01  -1.3618155e+02  -2.2943546e+01  -2.6000000e+01  -3.5000000e+01   2.3487470e+01
  -2.9388775e+00  -2.2000000e+01  -1.3511618e+02  -2.1325249e+01  -2.6000000e+01  -3.5000000e+01   2.1327299e+01
  -4.0964893e+00  -2.2000000e+01  -1.3385546e+02  -1.9621410e+01  -2.6000000e+01  -3.5000000e+01   1.9193885e+01
  -5.1698178e+00  -2.2000000e+01  -1.3307544e+02  -1.7873921e+01  -2.6000000e+01  -3.5000000e+01   1.7397375e+01
  -6.0334050e+00  -2.2000000e+01  -1.3183222e+02  -1.7209430e+01  -2.6000000e+01  -3.5000000e+01   1.5916335e+01
  -6.0219278e+00  -2.2000000e+01  -1.3186768e+02  -1.7795925e+01  -2.6000000e+01  -3.5000000e+01   1.4260594e+01
  -6.0212982e+00  -2.2000000e+01  -1.3371819e+02  -1.9555542e+01  -2.6000000e+01  -3.5000000e+01   1.0123427e+01
  -5.6205234e+00  -2.2000000e+01  -1.3682683e+02  -2.3675916e+01  -2.6000000e+01  -3.5000000e+01   7.3544529e+00
  -5.3586385e+00  -2.2000000e+01  -1.4058127e+02  -2.8063118e+01  -2.6000000e+01  -3.5000000e+01   7.7012613e+00
  -3.2726870e+00  -2.2000000e+01  -1.4619288e+02  -3.1889583e+01  -2.6000000e+01  -3.5000000e+01   6.6716293e+00
  -1.6175467e+00  -2.2000000e+01  -1.5166724e+02  -3.2764053e+01  -2.6000000e+01  -3.5000000e+01   5.7741240e+00
   9.3674139e-01  -2.2000000e+01  -1.5709394e+02  -3.1976352e+01  -2.6000000e+01  -3.5000000e+01   5.3200931e+00
   3.1986753e+00  -2.2000000e+01  -1.6244340e+02  -2.9303604e+01  -2.6000000e+01  -3.5000000e+01   3.2788193e+00
   6.2653144e+00  -2.2000000e+01  -1.6860875e+02  -2.4930070e+01  -2.6000000e+01  -3.5000000e+01   8.5761773e-01
   8.1486663e+00  -2.2000000e+01  -1.7504299e+02  -1.9033465e+01  -2.6000000e+01  -3.5000000e+01  -6.4572063e-01
   1.0893066e+01  -2.2000000e+01  -1.7995683e+02  -1.2746204e+01  -2.6000000e+01  -3.5000000e+01   5.3085611e-01
   1.2428162e+01  -2.2000000e+01  -1.8032156e+02  -1.1551460e+01  -2.6000000e+01  -3.5000000e+01   4.3701460e+00
   1.1320542e+01  -2.2000000e+01  -1.7828408e+02  -1.3223384e+01  -2.6000000e+01  -3.5000000e+01   5.7249253e+00
   9.8965946e+00  -2.2000000e+01  -1.7591983e+02  -1.5551491e+01  -2.6000000e+01  -3.5000000e+01   6.7953518e+00
   8.7285542e+00  -2.2000000e+01  -1.7323092e+02  -1.7153298e+01  -2.6000000e+01  -3.5000000e+01   8.2872536e+00
   8.2988713e+00  -2.2000000e+01  -1.7107448e+02  -1.9336959e+01  -2.6000000e+01  -3.5000000e+01   1.0186959e+01
   7.6429675e+00  -2.2000000e+01  -1.6859783e+02  -2.1623065e+01  -2.6000000e+01  -3.5000000e+01   1.2232215e+01
   5.8356353e+00  -2.2000000e+01  -1.6646569e+02  -2.3223382e+01  -2.6000000e+01  -3.5000000e+01   1.7253118e+01
   4.4353904e+00  -2.2000000e+01  -1.6437486e+02  -2.4263673e+01  -2.6000000e+01  -3.5000000e+01   2.0969991e+01
   3.3843245e+00  -2.2000000e+01  -1.6209740e+02  -2.5397941e+01  -2.6000000e+01  -3.5000000e+01   2.3352151e+01
   2.5568603e+00  -2.2000000e+01  -1.6009977e+02  -2.6186122e+01  -2.6000000e+01  -3.5000000e+01   2.6118021e+01
   2.4973311e+00  -2.2000000e+01  -1.5813158e+02  -2.7510116e+01  -2.6000000e+01  -3.5000000e+01   2.8032828e+01
   2.4247352e+00  -2.2000000e+01  -1.5624717e+02  -2.7867584e+01  -2.6000000e+01  -3.5000000e+01   2.9384907e+01
   1.3253634e+00  -2.2000000e+01  -1.5397891e+02  -2.8135477e+01  -2.6000000e+01  -3.5000000e+01   2.9899324e+01
   4.4710486e-01  -2.2000000e+01  -1.5177076e+02  -2.8217543e+01  -2.6000000e+01  -3.5000000e+01   3.1619251e+01
  -6.6858035e-01  -2.2000000e+01  -1.4965221e+02  -2.7935597e+01  -2.6000000e+01  -3.5000000e+01   3.1434219e+01
  -1.6752183e+00  -2.2000000e+01  -1.4827406e+02  -2.7288665e+01  -2.6000000e+01  -3.5000000e+01   3.0921899e+01
  -1.1111368e+00  -2.2000000e+01  -1.4602195e+02  -2.7218372e+01  -2.6000000e+01  -3.5000000e+01   3.0351002e+01
  -5.8013911e-01  -2.2000000e+01  -1.4473907e+02  -2.6907909e+01  -2.6000000e+01  -3.5000000e+01   2.9621663e+01
  -2.4216270e-01  -2.2000000e+01  -1.4252551e+02  -2.6690197e+01  -2.6000000e+01  -3.5000000e+01   2.8613141e+01
  -5.6582020e-01  -2.2000000e+01  -1.4060818e+02  -2.5143974e+01  -2.6000000e+01  -3.5000000e+01   2.7479882e+01
  -1.5363528e+00  -2.2000000e+01  -1.3831826e+02  -2.3975435e+01  -2.6000000e+01  -3.5000000e+01   2.5156759e+01
  -2.5034054e+00  -2.2000000e+01  -1.3671166e+02  -2.3034235e+01  -2.6000000e+01  -3.5000000e+01   2.2945416e+01
  -3.2662477e+00  -2.2000000e+01  -1.3536250e+02  -2.1661393e+01  -2.6000000e+01  -3.5000000e+01   2.0979554e+01
  -3.9265471e+00  -2.2000000e+01  -1.3471281e+02  -2.0080554e+01  -2.6000000e+01  -3.5000000e+01   1.9064427e+01
  -4.4837724e+00  -2.2000000e+01  -1.3363376e+02  -1.8547972e+01  -2.6000000e+01  -3.5000000e+01   1.7103427e+01
  -5.1123547e+00  -2.2000000e+01  -1.3259796e+02  -1.7638632e+01  -2.6000000e+01  -3.5000000e+01   1.4867864e+01
  -5.0904234e+00  -2.2000000e+01  -1.3460961e+02  -1.8896772e+01  -2.6000000e+01  -3.5000000e+01   1.2557903e+01
  -4.7106154e+00  -2.2000000e+01  -1.3855068e+02  -2.1026587e+01  -2.6000000e+01  -3.5000000e+01   9.3509253e+00
  -4.0864701e+00  -2.2000000e+01  -1.4367889e+02  -2.2682303e+01  -2.6000000e+01  -3.5000000e+01   6.4142235e+00
  -2.3684188e+00  -2.2000000e+01  -1.4877164e+02  -2.5935711e+01  -2.6000000e+01  -3.5000000e+01   4.6485353e+00
  -3.0229767e-01  -2.2000000e+01  -1.5393762e+02  -2.8495573e+01  -2.6000000e+01  -3.5000000e+01   6.1802464e+00
   1.6715291e+00  -2.2000000e+01  -1.5925961e+02  -3.0395600e+01  -2.6000000e+01  -3.5000000e+01   6.2039198e+00
   3.4808247e+00  -2.2000000e+01  -1.6433704e+02  -2.9436100e+01  -2.6000000e+01  -3.5000000e+01   7.0480105e+00
   5.8376768e+00  -2.2000000e+01  -1.6964449e+02  -2.5631602e+01  -2.6000000e+01  -3.5000000e+01   6.3572133e+00
   7.7811107e+00  -2.2000000e+01  -1.7577274e+02  -1.9902408e+01  -2.6000000e+01  -3.5000000e+01   6.3738095e+00
   9.1652695e+00  -2.2000000e+01  -1.7880730e+02  -1.5793035e+01  -2.6000000e+01  -3.5000000e+01   9.4251856e+00
   8.5618170e+00  -2.2000000e+01  -1.7737192e+02  -1.6805287e+01  -2.6000000e+01  -3.5000000e+01   1.0054020e+01
   8.1537966e+00  -2.2000000e+01  -1.7508813e+02  -1.8625708e+01  -2.6000000e+01  -3.5000000e+01   1.1532950e+01
   7.6851387e+00  -2.2000000e+01  -1.7265324e+02  -2.0223948e+01  -2.6000000e+01  -3.5000000e+01   1.2969186e+01
   6.6715400e+00  -2.2000000e+01  -1.7022723e+02  -2.2991454e+01  -2.6000000e+01  -3.5000000e+01   1.5703071e+01
   5.6556552e+00  -2.2000000e+01  -1.6763029e+02  -2.4294425e+01  -2.6000000e+01  -3.5000000e+01   1.8196022e+01
   4.6688139e+00  -2.2000000e+01  -1.6529718e+02  -2.5745385e+01  -2.6000000e+01  -3.5000000e+01   2.1704120e+01
   3.6177765e+00  -2.2000000e+01  -1.6246968e+02  -2.6058249e+01  -2.6000000e+01  -3.5000000e+01   2.3304998e+01
   2.6134302e+00  -2.2000000e+01  -1.6053977e+02  -2.6663704e+01  -2.6000000e+01  -3.5000000e+01   2.6564956e+01
   1.4798694e+00  -2.2000000e+01  -1.5892848e+02  -2.7210906e+01  -2.6000000e+01  -3.5000000e+01   2.7648109e+01
   9.2645055e-01  -2.2000000e+01  -1.5774999e+02  -2.6734991e+01  -2.6000000e+01  -3.5000000e+01   2.7133300e+01
   7.6544797e-01  -2.2000000e+01  -1.5720045e+02  -2.6000621e+01  -2.6000000e+01  -3.5000000e+01   2.5988225e+01
   4.5181856e-01  -2.2000000e+01  -1.5679007e+02  -2.5834578e+01  -2.6000000e+01  -3.5000000e+01   2.4414865e+01
   5.9347863e-01  -2.2000000e+01  -1.5642734e+02  -2.4721570e+01  -2.6000000e+01  -3.5000000e+01   2.1648987e+01
   9.0724000e-01  -2.2000000e+01  -1.5536555e+02  -2.3719904e+01  -2.6000000e+01  -3.5000000e+01   2.0442829e+01
   1.0754398e+00  -2.2000000e+01  -1.5443154e+02  -2.3128152e+01  -2.6000000e+01  -3.5000000e+01   1.9052304e+01
   1.3803935e+00  -2.2000000e+01  -1.5389033e+02  -2.1861103e+01  -2.6000000e+01  -3.5000000e+01   1.7340878e+01
   1.3682794e+00  -2.2000000e+01  -1.5305709e+02  -2.1131717e+01  -2.6000000e+01  -3.5000000e+01   1.6573281e+01
   1.1403532e+00  -2.2000000e+01  -1.5170813e+02  -2.0059529e+01  -2.6000000e+01  -3.5000000e+01   1.5210638e+01
   2.2867905e+00  -2.2000000e+01  -1.4977553e+02  -1.9210448e+01  -2.6000000e+01  -3.5000000e+01   1.3342901e+01
   3.4400450e+00  -2.2000000e+01  -1.4824612e+02  -1.7990425e+01  -2.6000000e+01  -3.5000000e+01   1.3912816e+01
   3.5080932e+00  -2.2000000e+01  -1.4744064e+02  -1.7325017e+01  -2.6000000e+01  -3.5000000e+01   1.2882788e+01
   3.2171288e+00  -2.2000000e+01  -1.4631812e+02  -1.6162583e+01  -2.6000000e+01  -3.5000000e+01   1.1210943e+01
   2.4475796e+00  -2.2000000e+01  -1.4580210e+02  -1.4577167e+01  -2.6000000e+01  -3.5000000e+01   9.3481322e+00
   1.3064918e+00  -2.2000000e+01  -1.4504973e+02  -1.3000508e+01  -2.6000000e+01  -3.5000000e+01   6.9637549e+00
   1.0887593e+00  -2.2000000e+01  -1.4389481e+02  -1.1984193e+01  -2.6000000e+01  -3.5000000e+01   5.2021136e+00
   7.1301514e-01  -2.2000000e+01  -1.4281212e+02  -1.1519035e+01  -2.6000000e+01  -3.5000000e+01   3.2406188e+00
   6.3008580e-01  -2.2000000e+01  -1.4183028e+02  -1.1005667e+01  -2.6000000e+01  -3.5000000e+01   3.3284194e+00
   2.3060148e-01  -2.2000000e+01  -1.4064805e+02  -1.0808346e+01  -2.6000000e+01  -3.5000000e+01   1.9357112e+00
  -7.1967037e-01  -2.2000000e+01  -1.3946622e+02  -1.2452810e+01  -2.6000000e+01  -3.5000000e+01  -3.6728764e-01
  -2.0120536e+00  -2.2000000e+01  -1.4159397e+02  -1.8188223e+01  -2.6000000e+01  -3.5000000e+01  -4.4963827e+00
  -2.4386888e+00  -2.2000000e+01  -1.4448513e+02  -2.3551912e+01  -2.6000000e+01  -3.5000000e+01  -5.7243208e+00
  -3.0606192e+00  -2.2000000e+01  -1.4775623e+02  -2.6169608e+01  -2.6000000e+01  -3.5000000e+01  -4.3280768e+00
  -1.6868267e+00  -2.2000000e+01  -1.5206001e+02  -2.7480564e+01  -2.6000000e+01  -3.5000000e+01   1.6567965e-01
  -2.3602006e-01  -2.2000000e+01  -1.5674530e+02  -2.8015488e+01  -2.6000000e+01  -3.5000000e+01   4.0028744e+00
   5.4047720e-01  -2.2000000e+01  -1.6174853e+02  -2.8014553e+01  -2.6000000e+01  -3.5000000e+01   4.6096570e+00
   2.5592862e+00  -2.2000000e+01  -1.6752236e+02  -2.5899971e+01  -2.6000000e+01  -3.5000000e+01   4.6389552e+00
   5.6703368e+00  -2.2000000e+01  -1.7186768e+02  -2.2965682e+01  -2.6000000e+01  -3.5000000e+01   2.4728515e+00
   7.8417261e+00  -2.2000000e+01  -1.7651146e+02  -1.8705200e+01  -2.6000000e+01  -3.5000000e+01   2.3980684e+00
   1.0019278e+01  -2.2000000e+01  -1.7878151e+02  -1.4615635e+01  -2.6000000e+01  -3.5000000e+01   5.5158318e+00
   9.2789962e+00  -2.2000000e+01  -1.7752407e+02  -1.5692790e+01  -2.6000000e+01  -3.5000000e+01   6.2260429e+00
   8.4351626e+00  -2.2000000e+01  -1.7555255e+02  -1.7292936e+01  -2.6000000e+01  -3.5000000e+01   6.5201326e+00
   7.8523250e+00  -2.2000000e+01  -1.7279425e+02  -1.9066898e+01  -2.6000000e+01  -3.5000000e+01   8.6485335e+00
   6.3137101e+00  -2.2000000e+01  -1.7067058e+02  -2.2311942e+01  -2.6000000e+01  -3.5000000e+01   1.2805661e+01
   5.0152826e+00  -2.2000000e+01  -1.6875758e+02  -2.4201076e+01  -2.6000000e+01  -3.5000000e+01   1.6636536e+01
   3.7939137e+00  -2.2000000e+01  -1.6665692e+02  -2.5604499e+01  -2.6000000e+01  -3.5000000e+01   2.0582778e+01
   2.6397335e+00  -2.2000000e+01  -1.6438735e+02  -2.6707402e+01  -2.6000000e+01  -3.5000000e+01   2.3956566e+01
   2.0336125e+00  -2.2000000e+01  -1.6280958e+02  -2.7034089e+01  -2.6000000e+01  -3.5000000e+01   2.5341160e+01
   1.3925978e+00  -2.2000000e+01  -1.6127193e+02  -2.7088294e+01  -2.6000000e+01  -3.5000000e+01   2.8003339e+01
   7.3701930e-01  -2.2000000e+01  -1.6007043e+02  -2.7788017e+01  -2.6000000e+01  -3.5000000e+01   2.9120262e+01
   5.2917029e-01  -2.2000000e+01  -1.5922719e+02  -2.7655176e+01  -2.6000000e+01  -3.5000000e+01   2.9191337e+01
   1.0240815e+00  -2.2000000e+01  -1.5837908e+02  -2.8315668e+01  -2.6000000e+01  -3.5000000e+01   2.8948860e+01
   1.5452593e+00  -2.2000000e+01  -1.5797058e+02  -2.8038705e+01  -2.6000000e+01  -3.5000000e+01   2.9540101e+01
   1.8316022e+00  -2.2000000e+01  -1.5702598e+02  -2.7858313e+01  -2.6000000e+01  -3.5000000e+01   3.0001200e+01
   1.7078160e+00  -2.2000000e+01  -1.5647189e+02  -2.8397301e+01  -2.6000000e+01  -3.5000000e+01   3.0874535e+01
   1.6746680e+00  -2.2000000e+01  -1.5540246e+02  -2.8231023e+01  -2.6000000e+01  -3.5000000e+01   3.1662467e+01
   1.2260428e+00  -2.2000000e+01  -1.5451151e+02  -2.8621534e+01  -2.6000000e+01  -3.5000000e+01   3.1900067e+01
   8.5245607e-01  -2.2000000e+01  -1.5335772e+02  -2.8486761e+01  -2.6000000e+01  -3.5000000e+01   3.2525078e+01
   3.3990313e-01  -2.2000000e+01  -1.5243551e+02  -2.7277856e+01  -2.6000000e+01  -3.5000000e+01   3.2748082e+01
  -5.1503449e-01  -2.2000000e+01  -1.5180616e+02  -2.6957136e+01  -2.6000000e+01  -3.5000000e+01   3.2365545e+01
  -8.2936411e-01  -2.2000000e+01  -1.5035831e+02  -2.6544310e+01  -2.6000000e+01  -3.5000000e+01   3.2628896e+01
  -8.6950766e-01  -2.2000000e+01  -1.4943103e+02  -2.5806349e+01  -2.6000000e+01  -3.5000000e+01   3.2864443e+01
  -1.2657041e+00  -2.2000000e+01  -1.4875718e+02  -2.5084598e+01  -2.6000000e+01  -3.5000000e+01   3.2038049e+01
  -1.2010137e+00  -2.2000000e+01  -1.4743092e+02  -2.4837695e+01  -2.6000000e+01  -3.5000000e+01   3.1890125e+01
  -9.3010625e-01  -2.2000000e+01  -1.4649362e+02  -2.4511339e+01  -2.6000000e+01  -3.5000000e+01   3.1695923e+01
  -9.7103254e-01  -2.2000000e+01  -1.4498377e+02  -2.4765815e+01  -2.6000000e+01  -3.5000000e+01   3.0452449e+01
  -1.4046692e+00  -2.2000000e+01  -1.4376913e+02  -2.4301925e+01  -2.6000000e+01  -3.5000000e+01   2.8914171e+01
  -1.7501197e+00  -2.2000000e+01  -1.4205207e+02  -2.3576518e+01  -2.6000000e+01  -3.5000000e+01   2.7471685e+01
  -1.9933679e+00  -2.2000000e+01  -1.4037557e+02  -2.2686065e+01  -2.6000000e+01  -3.5000000e+01   2.6440698e+01
  -2.3979080e+00  -2.2000000e+01  -1.3866397e+02  -2.2138873e+01  -2.6000000e+01  -3.5000000e+01   2.5197357e+01
  -2.8420701e+00  -2.2000000e+01  -1.3741140e+02  -2.1291454e+01  -2.6000000e+01  -3.5000000e+01   2.3345552e+01
  -3.2055414e+00  -2.2000000e+01  -1.3603362e+02  -2.0137539e+01  -2.6000000e+01  -3.5000000e+01   2.1579306e+01
  -3.5747729e+00  -2.2000000e+01  -1.3483163e+02  -1.9356895e+01  -2.6000000e+01  -3.5000000e+01   1.9749006e+01
  -4.0044870e+00  -2.2000000e+01  -1.3474420e+02  -1.9770315e+01  -2.6000000e+01  -3.5000000e+01   1.7675035e+01
  -3.1883686e+00  -2.2000000e+01  -1.3714291e+02  -2.2017461e+01  -2.6000000e+01  -3.5000000e+01   1.5827776e+01
  -5.0245426e+00  -2.2000000e+01  -1.3934483e+02  -2.7640603e+01  -2.6000000e+01  -3.5000000e+01   1.1830414e+01
  -5.3360883e+00  -2.2000000e+01  -1.4321591e+02  -3.1832117e+01  -2.6000000e+01  -3.5000000e+01   1.1688368e+01
  -4.5433393e+00  -2.2000000e+01  -1.4877635e+02  -3.3281113e+01  -2.6000000e+01  -3.5000000e+01   1.2865592e+01
  -3.1807822e+00  -2.2000000e+01  -1.5455107e+02  -3.2674163e+01  -2.6000000e+01  -3.5000000e+01   1.3078882e+01
  -1.1979458e+00  -2.2000000e+01  -1.5998267e+02  -2.9721021e+01  -2.6000000e+01  -3.5000000e+01   1.2402841e+01
   1.3972204e+00  -2.2000000e+01  -1.6487955e+02  -2.6380261e+01  -2.6000000e+01  -3.5000000e+01   1.0405057e+01
   4.2962489e+00  -2.2000000e+01  -1.6984028e+02  -2.1273593e+01  -2.6000000e+01  -3.5000000e+01   8.4576127e+00
   6.6127774e+00  -2.2000000e+01  -1.7406439e+02  -1.6361402e+01  -2.6000000e+01  -3.5000000e+01   8.0446710e+00
   8.1814413e+00  -2.2000000e+01  -1.7566802e+02  -1.4280112e+01  -2.6000000e+01  -3.5000000e+01   9.2913264e+00
   8.3085320e+00  -2.2000000e+01  -1.7458713e+02  -1.5153147e+01  -2.6000000e+01  -3.5000000e+01   1.0633100e+01
   7.7330808e+00  -2.2000000e+01  -1.7278224e+02  -1.6100244e+01  -2.6000000e+01  -3.5000000e+01   1.0199628e+01
   7.4406991e+00  -2.2000000e+01  -1.7097749e+02  -1.7479687e+01  -2.6000000e+01  -3.5000000e+01   1.0239483e+01
   7.2825555e+00  -2.2000000e+01  -1.6939086e+02  -1.7933611e+01  -2.6000000e+01  -3.5000000e+01   1.0939564e+01
   7.0704615e+00  -2.2000000e+01  -1.6707158e+02  -1.9428245e+01  -2.6000000e+01  -3.5000000e+01   1.2123414e+01
   6.6427896e+00  -2.2000000e+01  -1.6498704e+02  -2.1010619e+01  -2.6000000e+01  -3.5000000e+01   1.4155457e+01
   5.9201808e+00  -2.2000000e+01  -1.6327806e+02  -2.2488396e+01  -2.6000000e+01  -3.5000000e+01   1.7051359e+01
   4.5474158e+00  -2.2000000e+01  -1.6121546e+02  -2.3734458e+01  -2.6000000e+01  -3.5000000e+01   2.1604989e+01
   3.4496683e+00  -2.2000000e+01  -1.5971418e+02  -2.4227418e+01  -2.6000000e+01  -3.5000000e+01   2.3737170e+01
   2.5489168e+00  -2.2000000e+01  -1.5789788e+02  -2.4599755e+01  -2.6000000e+01  -3.5000000e+01   2.4204324e+01
   1.8503569e+00  -2.2000000e+01  -1.5593878e+02  -2.4822406e+01  -2.6000000e+01  -3.5000000e+01   2.4935485e+01
   1.3963980e+00  -2.2000000e+01  -1.5398923e+02  -2.4979497e+01  -2.6000000e+01  -3.5000000e+01   2.6538172e+01
   1.1566794e+00  -2.2000000e+01  -1.5189946e+02  -2.5208158e+01  -2.6000000e+01  -3.5000000e+01   2.7161397e+01
   9.9629840e-01  -2.2000000e+01  -1.5037028e+02  -2.4774822e+01  -2.6000000e+01  -3.5000000e+01   2.5413784e+01
   7.3175003e-01  -2.2000000e+01  -1.4932695e+02  -2.4097681e+01  -2.6000000e+01  -3.5000000e+01   2.5205818e+01
   1.0603687e+00  -2.2000000e+01  -1.4728868e+02  -2.3574038e+01  -2.6000000e+01  -3.5000000e+01   2.5921083e+01
   3.1422188e-01  -2.2000000e+01  -1.4644621e+02  -2.2829320e+01  -2.6000000e+01  -3.5000000e+01   2.3936480e+01
   2.9463785e-02  -2.2000000e+01  -1.4462961e+02  -2.2189944e+01  -2.6000000e+01  -3.5000000e+01   2.1066866e+01
   3.8176204e-01  -2.2000000e+01  -1.4333945e+02  -2.1096949e+01  -2.6000000e+01  -3.5000000e+01   2.0175060e+01
   5.5667842e-01  -2.2000000e+01  -1.4174897e+02  -2.0131683e+01  -2.6000000e+01  -3.5000000e+01   1.9390864e+01
  -5.4618801e-03  -2.2000000e+01  -1.4079517e+02  -1.8656270e+01  -2.6000000e+01  -3.5000000e+01   1.7989192e+01
  -5.4658118e-01  -2.2000000e+01  -1.4000355e+02  -1.7226083e+01  -2.6000000e+01  -3.5000000e+01   1.5193489e+01
  -8.1651922e-01  -2.2000000e+01  -1.3913266e+02  -1.5875443e+01  -2.6000000e+01  -3.5000000e+01   1.3410488e+01
  -9.4316433e-01  -2.2000000e+01  -1.3841717e+02  -1.4654646e+01  -2.6000000e+01  -3.5000000e+01   1.0954640e+01
  -1.0804135e+00  -2.2000000e+01  -1.3767724e+02  -1.3136231e+01  -2.6000000e+01  -3.5000000e+01   8.6915343e+00
  -1.3115817e+00  -2.2000000e+01  -1.3718828e+02  -1.2213820e+01  -2.6000000e+01  -3.5000000e+01   6.1515585e+00
  -2.9532435e+00  -2.2000000e+01  -1.3719503e+02  -1.2772439e+01  -2.6000000e+01  -3.5000000e+01   2.9244903e+00
  -3.0139466e+00  -2.2000000e+01  -1.3978622e+02  -1.7589147e+01  -2.6000000e+01  -3.5000000e+01  -4.9413370e-01
  -3.2719824e+00  -2.2000000e+01  -1.4297113e+02  -2.3006367e+01  -2.6000000e+01  -3.5000000e+01  -1.1537616e+00
  -3.1121252e+00  -2.2000000e+01  -1.4716691e+02  -2.8040089e+01  -2.6000000e+01  -3.5000000e+01  -1.3325731e+00
  -2.4293253e+00  -2.2000000e+01  -1.5223750e+02  -3.1532086e+01  -2.6000000e+01  -3.5000000e+01  -4.7289353e+00
  -7.4753900e-01  -2.2000000e+01  -1.5621992e+02  -3.2424780e+01  -2.6000000e+01  -3.5000000e+01  -1.7693398e+00
   1.3682061e+00  -2.2000000e+01  -1.6137100e+02  -3.0604095e+01  -2.6000000e+01  -3.5000000e+01   1.5427415e+00
   3.6911564e+00  -2.2000000e+01  -1.6713398e+02  -2.8183110e+01  -2.6000000e+01  -3.5000000e+01   4.4849188e+00
   6.5867497e+00  -2.2000000e+01  -1.7234470e+02  -2.4371257e+01  -2.6000000e+01  -3.5000000e+01   5.3840274e+00
   8.1297625e+00  -2.2000000e+01  -1.7687565e+02  -1.9939024e+01  -2.6000000e+01  -3.5000000e+01   8.6064361e+00
   8.1774150e+00  -2.2000000e+01  -1.7817695e+02  -1.7122148e+01  -2.6000000e+01  -3.5000000e+01   9.4810962e+00
   8.0319326e+00  -2.2000000e+01  -1.7655178e+02  -1.8438050e+01  -2.6000000e+01  -3.5000000e+01   1.1181998e+01
   7.8046752e+00  -2.2000000e+01  -1.7372850e+02  -2.0634025e+01  -2.6000000e+01  -3.5000000e+01   1.3585151e+01
   6.6861078e+00  -2.2000000e+01  -1.7157088e+02  -2.2951024e+01  -2.6000000e+01  -3.5000000e+01   1.5421763e+01
   5.0623986e+00  -2.2000000e+01  -1.6920822e+02  -2.4864005e+01  -2.6000000e+01  -3.5000000e+01   2.0348310e+01
   3.2827061e+00  -2.2000000e+01  -1.6655946e+02  -2.6186133e+01  -2.6000000e+01  -3.5000000e+01   2.3510560e+01
   2.0711104e+00  -2.2000000e+01  -1.6434703e+02  -2.7208064e+01  -2.6000000e+01  -3.5000000e+01   2.5852509e+01
   1.6038026e+00  -2.2000000e+01  -1.6221534e+02  -2.8312469e+01  -2.6000000e+01  -3.5000000e+01   2.8842080e+01
   1.1942090e+00  -2.2000000e+01  -1.6046120e+02  -2.8400381e+01  -2.6000000e+01  -3.5000000e+01   3.1277571e+01
   4.9771937e-01  -2.2000000e+01  -1.5850061e+02  -2.9365681e+01  -2.6000000e+01  -3.5000000e+01   3.3300824e+01
  -5.5792078e-02  -2.2000000e+01  -1.5673446e+02  -2.9697393e+01  -2.6000000e+01  -3.5000000e+01   3.4593784e+01
  -5.6643153e-01  -2.2000000e+01  -1.5433259e+02  -3.0329926e+01  -2.6000000e+01  -3.5000000e+01   3.5499937e+01
  -1.0684097e+00  -2.2000000e+01  -1.5220880e+02  -3.0398098e+01  -2.6000000e+01  -3.5000000e+01   3.5792500e+01
  -2.0334026e+00  -2.2000000e+01  -1.5002112e+02  -3.0553693e+01  -2.6000000e+01  -3.5000000e+01   3.3989480e+01
  -2.9237391e+00  -2.2000000e+01  -1.4828932e+02  -3.0149534e+01  -2.6000000e+01  -3.5000000e+01   3.3806596e+01
  -2.5411580e+00  -2.2000000e+01  -1.4720558e+02  -2.8303633e+01  -2.6000000e+01  -3.5000000e+01   3.3788721e+01
  -2.7160880e+00  -2.2000000e+01  -1.4550175e+02  -2.7915872e+01  -2.6000000e+01  -3.5000000e+01   3.2270589e+01
  -2.5662637e+00  -2.2000000e+01  -1.4419814e+02  -2.7382915e+01  -2.6000000e+01  -3.5000000e+01   3.1815206e+01
  -2.8697018e+00  -2.2000000e+01  -1.4262499e+02  -2.6253286e+01  -2.6000000e+01  -3.5000000e+01   3.0367565e+01
  -2.9782755e+00  -2.2000000e+01  -1.4077981e+02  -2.5298594e+01  -2.6000000e+01  -3.5000000e+01   2.8775616e+01
  -3.3498527e+00  -2.2000000e+01  -1.3924611e+02  -2.4195953e+01  -2.6000000e+01  -3.5000000e+01   2.8224404e+01
  -3.4932417e+00  -2.2000000e+01  -1.3710899e+02  -2.2817401e+01  -2.6000000e+01  -3.5000000e+01   2.7759047e+01
  -3.6859261e+00  -2.2000000e+01  -1.3643825e+02  -2.2417056e+01  -2.6000000e+01  -3.5000000e+01   2.4218274e+01
  -3.9450298e+00  -2.2000000e+01  -1.3566362e+02  -2.1348832e+01  -2.6000000e+01  -3.5000000e+01   2.2440510e+01
  -4.3070197e+00  -2.2000000e+01  -1.3465575e+02  -2.0227388e+01  -2.6000000e+01  -3.5000000e+01   2.0440963e+01
  -4.8306935e+00  -2.2000000e+01  -1.3392886e+02  -1.8860633e+01  -2.6000000e+01  -3.5000000e+01   1.8460385e+01
  -5.2593180e+00  -2.2000000e+01  -1.3308607e+02  -1.7121791e+01  -2.6000000e+01  -3.5000000e+01   1.6769615e+01
  -6.2893464e+00  -2.2000000e+01  -1.3222063e+02  -1.6446180e+01  -2.6000000e+01  -3.5000000e+01   1.4899912e+01
  -6.4762803e+00  -2.2000000e+01  -1.3321565e+02  -1.7802327e+01  -2.6000000e+01  -3.5000000e+01   1.2721426e+01
  -5.4547461e+00  -2.2000000e+01  -1.3807248e+02  -2.0959210e+01  -2.6000000e+01  -3.5000000e+01   9.6705193e+00
  -4.3616693e+00  -2.2000000e+01  -1.4274140e+02  -2.3698237e+01  -2.6000000e+01  -3.5000000e+01   6.6354519e+00
  -3.4322309e+00  -2.2000000e+01  -1.4662487e+02  -2.5749208e+01  -2.6000000e+01  -3.5000000e+01   3.8045133e+00
  -2.1953861e+00  -2.2000000e+01  -1.5147384e+02  -2.6298666e+01  -2.6000000e+01  -3.5000000e+01   5.9964693e+00
  -6.8104538e-01  -2.2000000e+01  -1.5602084e+02  -2.6691912e+01  -2.6000000e+01  -3.5000000e+01   7.3119389e+00
   8.8524831e-01  -2.2000000e+01  -1.6102839e+02  -2.8015192e+01  -2.6000000e+01  -3.5000000e+01   7.9192045e+00
   2.9625522e+00  -2.2000000e+01  -1.6651726e+02  -2.5992799e+01  -2.6000000e+01  -3.5000000e+01   6.6774610e+00
   5.7564805e+00  -2.2000000e+01  -1.7139743e+02  -2.1797052e+01  -2.6000000e+01  -3.5000000e+01   6.3974236e+00
   7.5206096e+00  -2.2000000e+01  -1.7615375e+02  -1.6467589e+01  -2.6000000e+01  -3.5000000e+01   8.0821573e+00
   7.9277454e+00  -2.2000000e+01  -1.7642867e+02  -1.5855701e+01  -2.6000000e+01  -3.5000000e+01   8.7748553e+00
   7.5394914e+00  -2.2000000e+01  -1.7455542e+02  -1.7234724e+01  -2.6000000e+01  -3.5000000e+01   9.3832889e+00
   7.2388183e+00  -2.2000000e+01  -1.7253028e+02  -1.8340092e+01  -2.6000000e+01  -3.5000000e+01   9.9628665e+00
   7.0025697e+00  -2.2000000e+01  -1.7026770e+02  -2.0094256e+01  -2.6000000e+01  -3.5000000e+01   1.1373229e+01
   6.0354252e+00  -2.2000000e+01  -1.6841525e+02  -2.1907172e+01  -2.6000000e+01  -3.5000000e+01   1.3289980e+01
   5.2110018e+00  -2.2000000e+01  -1.6614678e+02  -2.3067025e+01  -2.6000000e+01  -3.5000000e+01   1.7359770e+01
   4.0081623e+00  -2.2000000e+01  -1.6432255e+02  -2.3840702e+01  -2.6000000e+01  -3.5000000e+01   1.9230508e+01
   2.7802695e+00  -2.2000000e+01  -1.6216799e+02  -2.4637946e+01  -2.6000000e+01  -3.5000000e+01   2.1753390e+01
   1.8780484e+00  -2.2000000e+01  -1.6025517e+02  -2.4891022e+01  -2.6000000e+01  -3.5000000e+01   2.4460265e+01
   1.2914894e+00  -2.2000000e+01  -1.5894092e+02  -2.5113609e+01  -2.6000000e+01  -3.5000000e+01   2.4861281e+01
   6.5301477e-01  -2.2000000e+01  -1.5708360e+02  -2.5653801e+01  -2.6000000e+01  -3.5000000e+01   2.4674782e+01
   6.7182791e-01  -2.2000000e+01  -1.5538824e+02  -2.5315154e+01  -2.6000000e+01  -3.5000000e+01   2.6460804e+01
  -4.3584836e-02  -2.2000000e+01  -1.5363332e+02  -2.5740672e+01  -2.6000000e+01  -3.5000000e+01   2.6395105e+01
  -5.0102243e-01  -2.2000000e+01  -1.5158480e+02  -2.5043918e+01  -2.6000000e+01  -3.5000000e+01   2.5751747e+01
  -7.8485109e-01  -2.2000000e+01  -1.5028628e+02  -2.4612293e+01  -2.6000000e+01  -3.5000000e+01   2.5223453e+01
   1.0147012e-01  -2.2000000e+01  -1.4828588e+02  -2.3967383e+01  -2.6000000e+01  -3.5000000e+01   2.5903082e+01
   5.0080598e-01  -2.2000000e+01  -1.4639312e+02  -2.3797581e+01  -2.6000000e+01  -3.5000000e+01   2.5627779e+01
   3.3186714e-01  -2.2000000e+01  -1.4425214e+02  -2.3483717e+01  -2.6000000e+01  -3.5000000e+01   2.3446034e+01
  -1.7302210e-01  -2.2000000e+01  -1.4253186e+02  -2.2528115e+01  -2.6000000e+01  -3.5000000e+01   2.0900699e+01
  -7.9991203e-01  -2.2000000e+01  -1.4139701e+02  -2.1238998e+01  -2.6000000e+01  -3.5000000e+01   1.9663017e+01
  -1.0891254e+00  -2.2000000e+01  -1.4060394e+02  -1.9653999e+01  -2.6000000e+01  -3.5000000e+01   1.7790192e+01
  -1.4161052e+00  -2.2000000e+01  -1.3917931e+02  -1.8431380e+01  -2.6000000e+01  -3.5000000e+01   1.5795761e+01
  -1.5308301e+00  -2.2000000e+01  -1.3828941e+02  -1.6887732e+01  -2.6000000e+01  -3.5000000e+01   1.3481125e+01
  -2.0527192e+00  -2.2000000e+01  -1.3693579e+02  -1.5498329e+01  -2.6000000e+01  -3.5000000e+01   1.1621469e+01
  -2.6986900e+00  -2.2000000e+01  -1.3622333e+02  -1.3985943e+01  -2.6000000e+01  -3.5000000e+01   9.2221413e+00
  -3.4643467e+00  -2.2000000e+01  -1.3539540e+02  -1.2865312e+01  -2.6000000e+01  -3.5000000e+01   6.8223039e+00
  -4.9712456e+00  -2.2000000e+01  -1.3567428e+02  -1.4665288e+01  -2.6000000e+01  -3.5000000e+01   3.4912471e+00
  -5.5317076e+00  -2.2000000e+01  -1.3723641e+02  -1.7055698e+01  -2.6000000e+01  -3.5000000e+01   4.8090039e-01
  -5.0605581e+00  -2.2000000e+01  -1.4080031e+02  -1.9710413e+01  -2.6000000e+01  -3.5000000e+01   1.2676732e-01
  -3.3540577e+00  -2.2000000e+01  -1.4665282e+02  -2.1939485e+01  -2.6000000e+01  -3.5000000e+01  -1.9596949e+00
  -1.6558239e+00  -2.2000000e+01  -1.5151211e+02  -2.3534342e+01  -2.6000000e+01  -3.5000000e+01  -1.0713040e+00
   1.0270735e+00  -2.2000000e+01  -1.5618265e+02  -2.4770286e+01  -2.6000000e+01  -3.5000000e+01   2.5092519e+00
   2.5173039e+00  -2.2000000e+01  -1.6145826e+02  -2.6264496e+01  -2.6000000e+01  -3.5000000e+01   3.2893250e+00
   3.3878924e+00  -2.2000000e+01  -1.6649364e+02  -2.5984056e+01  -2.6000000e+01  -3.5000000e+01   3.3394806e+00
   5.4500452e+00  -2.2000000e+01  -1.6992415e+02  -2.4479210e+01  -2.6000000e+01  -3.5000000e+01   1.7098957e+00
   7.2492135e+00  -2.2000000e+01  -1.7313555e+02  -2.1647901e+01  -2.6000000e+01  -3.5000000e+01   1.2620177e+00
   8.5101340e+00  -2.2000000e+01  -1.7556629e+02  -1.8309448e+01  -2.6000000e+01  -3.5000000e+01   3.6185306e-01
   9.7804954e+00  -2.2000000e+01  -1.7659884e+02  -1.5184896e+01  -2.6000000e+01  -3.5000000e+01   4.2866327e+00
   9.0525347e+00  -2.2000000e+01  -1.7507185e+02  -1.6506767e+01  -2.6000000e+01  -3.5000000e+01   5.7329463e+00
   8.5079915e+00  -2.2000000e+01  -1.7297382e+02  -1.7443559e+01  -2.6000000e+01  -3.5000000e+01   7.1841543e+00
   7.9651675e+00  -2.2000000e+01  -1.7101869e+02  -1.8753370e+01  -2.6000000e+01  -3.5000000e+01   8.6391619e+00
   7.3727485e+00  -2.2000000e+01  -1.6908939e+02  -2.0578364e+01  -2.6000000e+01  -3.5000000e+01   9.9292168e+00
   6.8724165e+00  -2.2000000e+01  -1.6712566e+02  -2.1997228e+01  -2.6000000e+01  -3.5000000e+01   1.2409549e+01
   5.9614053e+00  -2.2000000e+01  -1.6489392e+02  -2.3064445e+01  -2.6000000e+01  -3.5000000e+01   1.5952101e+01
   4.8289214e+00  -2.2000000e+01  -1.6309124e+02  -2.3562501e+01  -2.6000000e+01  -3.5000000e+01   1.8906012e+01
   3.6990563e+00  -2.2000000e+01  -1.6132562e+02  -2.3225967e+01  -2.6000000e+01  -3.5000000e+01   2.0192789e+01
   2.6898065e+00  -2.2000000e+01  -1.5959412e+02  -2.3412042e+01  -2.6000000e+01  -3.5000000e+01   2.0531814e+01
   2.4421819e+00  -2.2000000e+01  -1.5856992e+02  -2.3424240e+01  -2.6000000e+01  -3.5000000e+01   2.1315814e+01
   2.0832703e+00  -2.2000000e+01  -1.5680443e+02  -2.3847894e+01  -2.6000000e+01  -3.5000000e+01   2.1596865e+01
   1.8417983e+00  -2.2000000e+01  -1.5503010e+02  -2.3935750e+01  -2.6000000e+01  -3.5000000e+01   2.2045254e+01
   1.7962656e+00  -2.2000000e+01  -1.5339503e+02  -2.3865170e+01  -2.6000000e+01  -3.5000000e+01   2.3144514e+01
   1.3610966e+00  -2.2000000e+01  -1.5211683e+02  -2.3636793e+01  -2.6000000e+01  -3.5000000e+01   2.1992776e+01
   9.2728661e-01  -2.2000000e+01  -1.5073927e+02  -2.3081853e+01  -2.6000000e+01  -3.5000000e+01   2.1210007e+01
   6.2554907e-01  -2.2000000e+01  -1.4941563e+02  -2.2487322e+01  -2.6000000e+01  -3.5000000e+01   2.1444445e+01
   1.2731561e+00  -2.2000000e+01  -1.4692923e+02  -2.2409671e+01  -2.6000000e+01  -3.5000000e+01   2.3010959e+01
   1.2677348e+00  -2.2000000e+01  -1.4566624e+02  -2.1607783e+01  -2.6000000e+01  -3.5000000e+01   2.2041547e+01
   6.6693379e-01  -2.2000000e+01  -1.4437774e+02  -2.1377295e+01  -2.6000000e+01  -3.5000000e+01   1.9186160e+01
   3.0268364e-01  -2.2000000e+01  -1.4247829e+02  -2.0276848e+01  -2.6000000e+01  -3.5000000e+01   1.8475582e+01
  -4.0183517e-01  -2.2000000e+01  -1.4182760e+02  -1.9146540e+01  -2.6000000e+01  -3.5000000e+01   1.6255288e+01
  -2.2703872e-01  -2.2000000e+01  -1.4068052e+02  -1.7937819e+01  -2.6000000e+01  -3.5000000e+01   1.4846210e+01
  -2.9208161e-01  -2.2000000e+01  -1.3975786e+02  -1.6874904e+01  -2.6000000e+01  -3.5000000e+01   1.3435672e+01
  -5.4191264e-01  -2.2000000e+01  -1.3874712e+02  -1.6174224e+01  -2.6000000e+01  -3.5000000e+01   1.2750282e+01
  -1.9657806e+00  -2.2000000e+01  -1.3752940e+02  -1.5454386e+01  -2.6000000e+01  -3.5000000e+01   1.1712871e+01
  -3.4839735e+00  -2.2000000e+01  -1.3652365e+02  -1.4331792e+01  -2.6000000e+01  -3.5000000e+01   9.6429465e+00
  -4.9114646e+00  -2.2000000e+01  -1.3604263e+02  -1.3792001e+01  -2.6000000e+01  -3.5000000e+01   8.1945468e+00
  -5.1071009e+00  -2.2000000e+01  -1.3685571e+02  -1.4815222e+01  -2.6000000e+01  -3.5000000e+01   6.6498188e+00
  -4.1833040e+00  -2.2000000e+01  -1.4169888e+02  -1.8454647e+01  -2.6000000e+01  -3.5000000e+01   4.3875789e+00
  -3.2370218e+00  -2.2000000e+01  -1.4652322e+02  -2.1693538e+01  -2.6000000e+01  -3.5000000e+01   1.7209885e+00
  -1.5280492e+00  -2.2000000e+01  -1.5147490e+02  -2.3540172e+01  -2.6000000e+01  -3.5000000e+01   5.8115812e+00
   3.1332353e-01  -2.2000000e+01  -1.5609585e+02  -2.4437708e+01  -2.6000000e+01  -3.5000000e+01   1.0229589e+01
   1.7650256e+00  -2.2000000e+01  -1.6103168e+02  -2.4365356e+01  -2.6000000e+01  -3.5000000e+01   1.3656158e+01
   3.7934662e+00  -2.2000000e+01  -1.6669185e+02  -2.1699961e+01  -2.6000000e+01  -3.5000000e+01   1.5683457e+01
   5.0277362e+00  -2.2000000e+01  -1.7005289e+02  -2.0230562e+01  -2.6000000e+01  -3.5000000e+01   1.5399939e+01
   5.2038354e+00  -2.2000000e+01  -1.6961796e+02  -2.0781123e+01  -2.6000000e+01  -3.5000000e+01   1.5561838e+01
   5.0695487e+00  -2.2000000e+01  -1.6812423e+02  -2.1995506e+01  -2.6000000e+01  -3.5000000e+01   1.6869555e+01
   5.0286039e+00  -2.2000000e+01  -1.6704723e+02  -2.2742567e+01  -2.6000000e+01  -3.5000000e+01   1.8551969e+01
   4.3829844e+00  -2.2000000e+01  -1.6537915e+02  -2.3902529e+01  -2.6000000e+01  -3.5000000e+01   2.1155645e+01
   3.6126029e+00  -2.2000000e+01  -1.6350877e+02  -2.4793865e+01  -2.6000000e+01  -3.5000000e+01   2.2963025e+01
   2.9108536e+00  -2.2000000e+01  -1.6160680e+02  -2.5049234e+01  -2.6000000e+01  -3.5000000e+01   2.4672240e+01
   2.2112463e+00  -2.2000000e+01  -1.5959016e+02  -2.5021232e+01  -2.6000000e+01  -3.5000000e+01   2.6242218e+01
   1.6491212e+00  -2.2000000e+01  -1.5764724e+02  -2.5208123e+01  -2.6000000e+01  -3.5000000e+01   2.6583147e+01
   1.1672136e+00  -2.2000000e+01  -1.5609543e+02  -2.5819702e+01  -2.6000000e+01  -3.5000000e+01   2.6289334e+01
   9.0306742e-01  -2.2000000e+01  -1.5409736e+02  -2.6109222e+01  -2.6000000e+01  -3.5000000e+01   2.6587571e+01
   7.3118165e-01  -2.2000000e+01  -1.5270261e+02  -2.5692061e+01  -2.6000000e+01  -3.5000000e+01   2.5975893e+01
   5.3695196e-01  -2.2000000e+01  -1.5126884e+02  -2.4721315e+01  -2.6000000e+01  -3.5000000e+01   2.4119195e+01
   2.3775299e-01  -2.2000000e+01  -1.5034298e+02  -2.4063957e+01  -2.6000000e+01  -3.5000000e+01   2.3011708e+01
   8.6636250e-02  -2.2000000e+01  -1.4909181e+02  -2.3122526e+01  -2.6000000e+01  -3.5000000e+01   2.2244198e+01
   3.7226078e-01  -2.2000000e+01  -1.4749800e+02  -2.2814258e+01  -2.6000000e+01  -3.5000000e+01   2.2060961e+01
   8.2879425e-01  -2.2000000e+01  -1.4628374e+02  -2.2296926e+01  -2.6000000e+01  -3.5000000e+01   2.1253339e+01
   7.0338671e-01  -2.2000000e+01  -1.4515523e+02  -2.1555045e+01  -2.6000000e+01  -3.5000000e+01   1.9279542e+01
   5.6543307e-01  -2.2000000e+01  -1.4356131e+02  -2.0501810e+01  -2.6000000e+01  -3.5000000e+01   1.9188763e+01
   5.0566936e-01  -2.2000000e+01  -1.4185802e+02  -1.9726348e+01  -2.6000000e+01  -3.5000000e+01   1.7554518e+01
  -7.5655181e-03  -2.2000000e+01  -1.4094616e+02  -1.8494704e+01  -2.6000000e+01  -3.5000000e+01   1.3713601e+01
  -4.9805279e-01  -2.2000000e+01  -1.3984513e+02  -1.6868185e+01  -2.6000000e+01  -3.5000000e+01   1.1215558e+01
  -9.4920091e-02  -2.2000000e+01  -1.3898918e+02  -1.4377271e+01  -2.6000000e+01  -3.5000000e+01   1.1291566e+01
  -8.4941684e-01  -2.2000000e+01  -1.3758050e+02  -1.3149073e+01  -2.6000000e+01  -3.5000000e+01   9.4360530e+00
  -1.9894579e+00  -2.2000000e+01  -1.3693018e+02  -1.1559468e+01  -2.6000000e+01  -3.5000000e+01   6.6880982e+00
  -2.6343612e+00  -2.2000000e+01  -1.3589507e+02  -9.6936389e+00  -2.6000000e+01  -3.5000000e+01   4.5269495e+00
  -1.9591950e+00  -2.2000000e+01  -1.3529471e+02  -8.3872482e+00  -2.6000000e+01  -3.5000000e+01   2.5465134e+00
  -1.4940728e+00  -2.2000000e+01  -1.3442186e+02  -7.6405758e+00  -2.6000000e+01  -3.5000000e+01   3.7088612e-01
  -3.1579579e+00  -2.2000000e+01  -1.3427365e+02  -8.3774596e+00  -2.6000000e+01  -3.5000000e+01  -2.8821544e+00
  -4.2628200e+00  -2.2000000e+01  -1.3719632e+02  -1.2461959e+01  -2.6000000e+01  -3.5000000e+01  -6.8405517e+00
  -4.7175889e+00  -2.2000000e+01  -1.4011046e+02  -1.8949513e+01  -2.6000000e+01  -3.5000000e+01  -8.5006425e+00
  -3.5115985e+00  -2.2000000e+01  -1.4294599e+02  -2.3071978e+01  -2.6000000e+01  -3.5000000e+01  -5.1164385e+00
  -2.5076992e+00  -2.2000000e+01  -1.4671712e+02  -2.5016069e+01  -2.6000000e+01  -3.5000000e+01   6.7462893e-01
  -1.0476915e+00  -2.2000000e+01  -1.5088239e+02  -2.6525408e+01  -2.6000000e+01  -3.5000000e+01   7.4383350e+00
   6.2966476e-01  -2.2000000e+01  -1.5601411e+02  -2.7338810e+01  -2.6000000e+01  -3.5000000e+01   1.3040200e+01
   1.3688649e+00  -2.2000000e+01  -1.6012591e+02  -2.8537179e+01  -2.6000000e+01  -3.5000000e+01   1.2759029e+01
   2.1259011e+00  -2.2000000e+01  -1.6391044e+02  -2.9789114e+01  -2.6000000e+01  -3.5000000e+01   1.2795553e+01
   3.5352990e+00  -2.2000000e+01  -1.6660069e+02  -2.9964399e+01  -2.6000000e+01  -3.5000000e+01   1.3794491e+01
   4.4120180e+00  -2.2000000e+01  -1.6928621e+02  -2.8718314e+01  -2.6000000e+01  -3.5000000e+01   1.4954503e+01
   5.8040841e+00  -2.2000000e+01  -1.7092579e+02  -2.5495222e+01  -2.6000000e+01  -3.5000000e+01   1.6881519e+01
   7.1802247e+00  -2.2000000e+01  -1.7127472e+02  -2.2313833e+01  -2.6000000e+01  -3.5000000e+01   1.4769911e+01
   7.1056603e+00  -2.2000000e+01  -1.7067107e+02  -2.3781802e+01  -2.6000000e+01  -3.5000000e+01   1.5186263e+01
   6.3715173e+00  -2.2000000e+01  -1.6920214e+02  -2.5256293e+01  -2.6000000e+01  -3.5000000e+01   1.8603551e+01
   5.2082912e+00  -2.2000000e+01  -1.6754537e+02  -2.6077588e+01  -2.6000000e+01  -3.5000000e+01   2.1150076e+01
   3.7870262e+00  -2.2000000e+01  -1.6548970e+02  -2.7330165e+01  -2.6000000e+01  -3.5000000e+01   2.4093454e+01
   2.6777027e+00  -2.2000000e+01  -1.6374102e+02  -2.8109467e+01  -2.6000000e+01  -3.5000000e+01   2.5243142e+01
   1.5793649e+00  -2.2000000e+01  -1.6181116e+02  -2.8685807e+01  -2.6000000e+01  -3.5000000e+01   2.7793653e+01
   1.5523354e+00  -2.2000000e+01  -1.6008500e+02  -2.9021813e+01  -2.6000000e+01  -3.5000000e+01   2.9917056e+01
   1.7950969e+00  -2.2000000e+01  -1.5854253e+02  -2.8628435e+01  -2.6000000e+01  -3.5000000e+01   3.1072584e+01
   1.7465592e+00  -2.2000000e+01  -1.5706829e+02  -2.8960848e+01  -2.6000000e+01  -3.5000000e+01   3.1703539e+01
   1.6620091e+00  -2.2000000e+01  -1.5536759e+02  -2.8778537e+01  -2.6000000e+01  -3.5000000e+01   3.2125050e+01
   1.1968846e+00  -2.2000000e+01  -1.5396650e+02  -2.9251398e+01  -2.6000000e+01  -3.5000000e+01   3.2120868e+01
   7.4484176e-01  -2.2000000e+01  -1.5224810e+02  -2.9214226e+01  -2.6000000e+01  -3.5000000e+01   3.2500361e+01
   3.7281606e-01  -2.2000000e+01  -1.5072782e+02  -2.8599596e+01  -2.6000000e+01  -3.5000000e+01   3.2983597e+01
  -5.3774257e-01  -2.2000000e+01  -1.4956109e+02  -2.8164683e+01  -2.6000000e+01  -3.5000000e+01   3.1081446e+01
  -1.3002027e+00  -2.2000000e+01  -1.4829885e+02  -2.7236085e+01  -2.6000000e+01  -3.5000000e+01   2.9746989e+01
  -1.8011424e+00  -2.2000000e+01  -1.4723453e+02  -2.6179026e+01  -2.6000000e+01  -3.5000000e+01   2.8685027e+01
  -1.2968888e+00  -2.2000000e+01  -1.4607249e+02  -2.5836400e+01  -2.6000000e+01  -3.5000000e+01   2.9043528e+01
  -6.6508879e-01  -2.2000000e+01  -1.4510540e+02  -2.4798455e+01  -2.6000000e+01  -3.5000000e+01   2.8532931e+01
  -3.7337736e-01  -2.2000000e+01  -1.4373810e+02  -2.4421561e+01  -2.6000000e+01  -3.5000000e+01   2.6258169e+01
  -2.4217628e-02  -2.2000000e+01  -1.4186996e+02  -2.3502166e+01  -2.6000000e+01  -3.5000000e+01   2.4275045e+01
  -2.5043764e-01  -2.2000000e+01  -1.4002559e+02  -2.2592300e+01  -2.6000000e+01  -3.5000000e+01   2.2919940e+01
  -5.9628488e-01  -2.2000000e+01  -1.3884413e+02  -2.1710513e+01  -2.6000000e+01  -3.5000000e+01   2.2280656e+01
  -1.5231379e+00  -2.2000000e+01  -1.3788034e+02  -2.0920779e+01  -2.6000000e+01  -3.5000000e+01   1.9136809e+01
  -2.3493330e+00  -2.2000000e+01  -1.3707917e+02  -1.9751377e+01  -2.6000000e+01  -3.5000000e+01   1.6888671e+01
  -3.1840922e+00  -2.2000000e+01  -1.3639748e+02  -1.8073960e+01  -2.6000000e+01  -3.5000000e+01   1.6305016e+01
  -4.2362518e+00  -2.2000000e+01  -1.3512395e+02  -1.6735423e+01  -2.6000000e+01  -3.5000000e+01   1.4522056e+01
  -5.2180720e+00  -2.2000000e+01  -1.3416108e+02  -1.5293532e+01  -2.6000000e+01  -3.5000000e+01   1.2974277e+01
  -5.9997045e+00  -2.2000000e+01  -1.3324627e+02  -1.4491436e+01  -2.6000000e+01  -3.5000000e+01   1.2871608e+01
  -6.8636957e+00  -2.2000000e+01  -1.3284952e+02  -1.4065994e+01  -2.6000000e+01  -3.5000000e+01   1.1253105e+01
  -7.7269302e+00  -2.2000000e+01  -1.3437099e+02  -1.5586813e+01  -2.6000000e+01  -3.5000000e+01   8.2751052e+00
  -7.2257661e+00  -2.2000000e+01  -1.3801174e+02  -2.2129691e+01  -2.6000000e+01  -3.5000000e+01   4.4691327e+00
  -5.5414870e+00  -2.2000000e+01  -1.4245420e+02  -2.7447945e+01  -2.6000000e+01  -3.5000000e+01   4.3389127e+00
  -3.0272784e+00  -2.2000000e+01  -1.4681834e+02  -2.9937662e+01  -2.6000000e+01  -3.5000000e+01   8.2971725e+00
  -1.8869735e+00  -2.2000000e+01  -1.5235741e+02  -3.0508355e+01  -2.6000000e+01  -3.5000000e+01   1.3457608e+01
   5.3921578e-01  -2.2000000e+01  -1.5759706e+02  -2.9072991e+01  -2.6000000e+01  -3.5000000e+01   1.6264349e+01
   2.5282704e+00  -2.2000000e+01  -1.6211885e+02  -2.7759566e+01  -2.6000000e+01  -3.5000000e+01   1.6058609e+01
   5.0054040e+00  -2.2000000e+01  -1.6774405e+02  -2.3672414e+01  -2.6000000e+01  -3.5000000e+01   1.6173002e+01
   7.4753417e+00  -2.2000000e+01  -1.7136245e+02  -1.9705812e+01  -2.6000000e+01  -3.5000000e+01   1.3914654e+01
   8.0544560e+00  -2.2000000e+01  -1.7130905e+02  -1.9551725e+01  -2.6000000e+01  -3.5000000e+01   1.3348287e+01
   8.5194896e+00  -2.2000000e+01  -1.7040244e+02  -2.0324194e+01  -2.6000000e+01  -3.5000000e+01   1.2252689e+01
   8.4760405e+00  -2.2000000e+01  -1.6947509e+02  -2.1881758e+01  -2.6000000e+01  -3.5000000e+01   1.3283165e+01
   7.9900171e+00  -2.2000000e+01  -1.6807956e+02  -2.2584951e+01  -2.6000000e+01  -3.5000000e+01   1.5913007e+01
   6.7149219e+00  -2.2000000e+01  -1.6605920e+02  -2.3550446e+01  -2.6000000e+01  -3.5000000e+01   1.9056886e+01
   5.2113639e+00  -2.2000000e+01  -1.6386260e+02  -2.4275976e+01  -2.6000000e+01  -3.5000000e+01   1.9533559e+01
   3.6657710e+00  -2.2000000e+01  -1.6175715e+02  -2.5130568e+01  -2.6000000e+01  -3.5000000e+01   2.1754714e+01
   2.1418271e+00  -2.2000000e+01  -1.5952194e+02  -2.5930122e+01  -2.6000000e+01  -3.5000000e+01   2.3645862e+01
   1.5437449e+00  -2.2000000e+01  -1.5776930e+02  -2.6510444e+01  -2.6000000e+01  -3.5000000e+01   2.4677180e+01
   1.6518220e+00  -2.2000000e+01  -1.5629189e+02  -2.6713518e+01  -2.6000000e+01  -3.5000000e+01   2.5766876e+01
   1.5560117e+00  -2.2000000e+01  -1.5422290e+02  -2.7125843e+01  -2.6000000e+01  -3.5000000e+01   2.6344131e+01
   1.3367238e+00  -2.2000000e+01  -1.5288572e+02  -2.7006317e+01  -2.6000000e+01  -3.5000000e+01   2.6068657e+01
   8.4331952e-01  -2.2000000e+01  -1.5183542e+02  -2.6514388e+01  -2.6000000e+01  -3.5000000e+01   2.5040872e+01
   4.1710923e-01  -2.2000000e+01  -1.5138927e+02  -2.5720187e+01  -2.6000000e+01  -3.5000000e+01   2.4006467e+01
   1.8929869e-01  -2.2000000e+01  -1.5131649e+02  -2.4733246e+01  -2.6000000e+01  -3.5000000e+01   2.3027862e+01
  -4.4692568e-02  -2.2000000e+01  -1.5014856e+02  -2.3842557e+01  -2.6000000e+01  -3.5000000e+01   2.1646721e+01
   5.5161774e-01  -2.2000000e+01  -1.4872278e+02  -2.2910464e+01  -2.6000000e+01  -3.5000000e+01   2.1164002e+01
   5.8535460e-01  -2.2000000e+01  -1.4837484e+02  -2.2798843e+01  -2.6000000e+01  -3.5000000e+01   1.9591035e+01
   1.0373101e+00  -2.2000000e+01  -1.4671786e+02  -2.2086162e+01  -2.6000000e+01  -3.5000000e+01   1.9096877e+01
   9.2446184e-01  -2.2000000e+01  -1.4521588e+02  -2.1114732e+01  -2.6000000e+01  -3.5000000e+01   1.7058339e+01
   8.3323355e-01  -2.2000000e+01  -1.4377606e+02  -1.9839115e+01  -2.6000000e+01  -3.5000000e+01   1.5283907e+01
   1.5732019e+00  -2.2000000e+01  -1.4220744e+02  -1.8372411e+01  -2.6000000e+01  -3.5000000e+01   1.3877198e+01
   8.8111687e-01  -2.2000000e+01  -1.4041408e+02  -1.7145966e+01  -2.6000000e+01  -3.5000000e+01   1.2749018e+01
   3.1736000e-01  -2.2000000e+01  -1.3926621e+02  -1.5395058e+01  -2.6000000e+01  -3.5000000e+01   1.1803248e+01
  -2.1962409e-01  -2.2000000e+01  -1.3837008e+02  -1.3926418e+01  -2.6000000e+01  -3.5000000e+01   9.5499816e+00
  -6.9371529e-01  -2.2000000e+01  -1.3778488e+02  -1.2071848e+01  -2.6000000e+01  -3.5000000e+01   7.3556138e+00
  -1.2058262e+00  -2.2000000e+01  -1.3719595e+02  -1.0322229e+01  -2.6000000e+01  -3.5000000e+01   5.0792829e+00
  -2.4052675e+00  -2.2000000e+01  -1.3646906e+02  -9.6117791e+00  -2.6000000e+01  -3.5000000e+01   3.1472965e+00
  -4.0253992e+00  -2.2000000e+01  -1.3585753e+02  -1.1411696e+01  -2.6000000e+01  -3.5000000e+01  -5.4001719e-01
  -3.9370286e+00  -2.2000000e+01  -1.3880833e+02  -1.7310513e+01  -2.6000000e+01  -3.5000000e+01  -4.4224095e+00
  -3.4995660e+00  -2.2000000e+01  -1.4211978e+02  -2.2664873e+01  -2.6000000e+01  -3.5000000e+01  -6.7134939e+00
  -2.8867870e+00  -2.2000000e+01  -1.4590640e+02  -2.4834580e+01  -2.6000000e+01  -3.5000000e+01  -6.4205150e+00
  -1.2888925e+00  -2.2000000e+01  -1.5071886e+02  -2.5805990e+01  -2.6000000e+01  -3.5000000e+01  -2.9681430e+00
   8.4643462e-02  -2.2000000e+01  -1.5475422e+02  -2.5956032e+01  -2.6000000e+01  -3.5000000e+01   5.4731969e-01
   1.3100674e+00  -2.2000000e+01  -1.5957029e+02  -2.6158463e+01  -2.6000000e+01  -3.5000000e+01   2.5341725e+00
   2.7077803e+00  -2.2000000e+01  -1.6594355e+02  -2.5053016e+01  -2.6000000e+01  -3.5000000e+01   3.1201854e+00
   5.0793388e+00  -2.2000000e+01  -1.7078484e+02  -2.2941677e+01  -2.6000000e+01  -3.5000000e+01   1.7007208e+00
   6.4767652e+00  -2.2000000e+01  -1.7514278e+02  -2.1049367e+01  -2.6000000e+01  -3.5000000e+01  -5.7571589e-01
   8.0655831e+00  -2.2000000e+01  -1.7912847e+02  -1.7656147e+01  -2.6000000e+01  -3.5000000e+01  -1.9482974e-01
   9.5313766e+00  -2.2000000e+01  -1.8078155e+02  -1.4412945e+01  -2.6000000e+01  -3.5000000e+01   2.6762558e+00
   9.9590704e+00  -2.2000000e+01  -1.8006357e+02  -1.3669741e+01  -2.6000000e+01  -3.5000000e+01   6.4780848e+00
   9.2547441e+00  -2.2000000e+01  -1.7815567e+02  -1.5388046e+01  -2.6000000e+01  -3.5000000e+01   7.1774334e+00
   8.3976098e+00  -2.2000000e+01  -1.7560585e+02  -1.7629319e+01  -2.6000000e+01  -3.5000000e+01   8.4785474e+00
   7.6733758e+00  -2.2000000e+01  -1.7306474e+02  -1.9465358e+01  -2.6000000e+01  -3.5000000e+01   1.0158200e+01
   6.4392013e+00  -2.2000000e+01  -1.7083876e+02  -2.2409757e+01  -2.6000000e+01  -3.5000000e+01   1.3338557e+01
   5.2603212e+00  -2.2000000e+01  -1.6868306e+02  -2.4357129e+01  -2.6000000e+01  -3.5000000e+01   1.9126357e+01
   3.4919795e+00  -2.2000000e+01  -1.6674184e+02  -2.5587010e+01  -2.6000000e+01  -3.5000000e+01   2.2530172e+01
   1.8824060e+00  -2.2000000e+01  -1.6454943e+02  -2.6778759e+01  -2.6000000e+01  -3.5000000e+01   2.5457508e+01
   1.2643043e+00  -2.2000000e+01  -1.6231388e+02  -2.6516111e+01  -2.6000000e+01  -3.5000000e+01   2.6867287e+01
   6.7186134e-01  -2.2000000e+01  -1.6120050e+02  -2.6814654e+01  -2.6000000e+01  -3.5000000e+01   2.7512191e+01
   9.1729522e-01  -2.2000000e+01  -1.6025290e+02  -2.7289557e+01  -2.6000000e+01  -3.5000000e+01   2.7818108e+01
   1.0390407e+00  -2.2000000e+01  -1.5957872e+02  -2.7668818e+01  -2.6000000e+01  -3.5000000e+01   2.7536040e+01
   1.3210361e+00  -2.2000000e+01  -1.5846258e+02  -2.7402723e+01  -2.6000000e+01  -3.5000000e+01   2.7718555e+01
   1.6046690e+00  -2.2000000e+01  -1.5734948e+02  -2.7125860e+01  -2.6000000e+01  -3.5000000e+01   2.8823540e+01
   1.6020514e+00  -2.2000000e+01  -1.5591720e+02  -2.6844789e+01  -2.6000000e+01  -3.5000000e+01   2.8641236e+01
   9.9685843e-01  -2.2000000e+01  -1.5447384e+02  -2.6971342e+01  -2.6000000e+01  -3.5000000e+01   2.9067818e+01
   1.5927628e-01  -2.2000000e+01  -1.5362995e+02  -2.6698050e+01  -2.6000000e+01  -3.5000000e+01   2.8583623e+01
  -2.7572677e-01  -2.2000000e+01  -1.5162011e+02  -2.5888639e+01  -2.6000000e+01  -3.5000000e+01   2.9087860e+01
  -1.1524425e+00  -2.2000000e+01  -1.5032863e+02  -2.5207629e+01  -2.6000000e+01  -3.5000000e+01   2.7999830e+01
  -5.0214229e-01  -2.2000000e+01  -1.4823252e+02  -2.4534149e+01  -2.6000000e+01  -3.5000000e+01   2.7251388e+01
   2.3153868e-01  -2.2000000e+01  -1.4698921e+02  -2.4297904e+01  -2.6000000e+01  -3.5000000e+01   2.7134779e+01
   9.5514978e-01  -2.2000000e+01  -1.4543520e+02  -2.3744688e+01  -2.6000000e+01  -3.5000000e+01   2.5225547e+01
   9.0067733e-01  -2.2000000e+01  -1.4407295e+02  -2.2808141e+01  -2.6000000e+01  -3.5000000e+01   2.3017447e+01
   6.1016576e-01  -2.2000000e+01  -1.4303416e+02  -2.2132527e+01  -2.6000000e+01  -3.5000000e+01   2.0613815e+01
   2.3776649e-01  -2.2000000e+01  -1.4164517e+02  -2.1038067e+01  -2.6000000e+01  -3.5000000e+01   2.0144849e+01
  -7.1470340e-01  -2.2000000e+01  -1.4046311e+02  -2.0645713e+01  -2.6000000e+01  -3.5000000e+01   1.8005230e+01
  -1.2777441e+00  -2.2000000e+01  -1.3941572e+02  -1.9565383e+01  -2.6000000e+01  -3.5000000e+01   1.7127630e+01
  -1.8447617e+00  -2.2000000e+01  -1.3877076e+02  -1.8655811e+01  -2.6000000e+01  -3.5000000e+01   1.6508715e+01
  -2.6139096e+00  -2.2000000e+01  -1.3813720e+02  -1.7849235e+01  -2.6000000e+01  -3.5000000e+01   1.4986327e+01
  -3.2479783e+00  -2.2000000e+01  -1.3718569e+02  -1.6783805e+01  -2.6000000e+01  -3.5000000e+01   1.3741360e+01
  -4.0419335e+00  -2.2000000e+01  -1.3663108e+02  -1.6533598e+01  -2.6000000e+01  -3.5000000e+01   1.2223343e+01
  -5.1772514e+00  -2.2000000e+01  -1.3849318e+02  -1.8452557e+01  -2.6000000e+01  -3.5000000e+01   1.0122858e+01
  -4.4998882e+00  -2.2000000e+01  -1.4151781e+02  -2.1616295e+01  -2.6000000e+01  -3.5000000e+01   7.2919457e+00
  -2.9581066e+00  -2.2000000e+01  -1.4602646e+02  -2.3100423e+01  -2.6000000e+01  -3.5000000e+01   9.8049216e+00
  -1.4524622e+00  -2.2000000e+01  -1.5056595e+02  -2.4672419e+01  -2.6000000e+01  -3.5000000e+01   1.4272508e+01
  -1.4713463e-02  -2.2000000e+01  -1.5588062e+02  -2.5911316e+01  -2.6000000e+01  -3.5000000e+01   1.6630717e+01
   7.4853562e-01  -2.2000000e+01  -1.6048510e+02  -2.6844686e+01  -2.6000000e+01  -3.5000000e+01   1.8387068e+01
   2.4119323e+00  -2.2000000e+01  -1.6421801e+02  -2.6336492e+01  -2.6000000e+01  -3.5000000e+01   1.7769740e+01
   4.2480104e+00  -2.2000000e+01  -1.6800490e+02  -2.5059329e+01  -2.6000000e+01  -3.5000000e+01   1.6626116e+01
   5.9140284e+00  -2.2000000e+01  -1.7026447e+02  -2.2897475e+01  -2.6000000e+01  -3.5000000e+01   1.5150938e+01
   7.6187891e+00  -2.2000000e+01  -1.7185459e+02  -2.0551457e+01  -2.6000000e+01  -3.5000000e+01   1.3640162e+01
   8.7195770e+00  -2.2000000e+01  -1.7240227e+02  -2.0031321e+01  -2.6000000e+01  -3.5000000e+01   1.2603649e+01
   8.8289525e+00  -2.2000000e+01  -1.7173096e+02  -2.1623791e+01  -2.6000000e+01  -3.5000000e+01   1.4743495e+01
   8.3341376e+00  -2.2000000e+01  -1.7037456e+02  -2.3171258e+01  -2.6000000e+01  -3.5000000e+01   1.5878469e+01
   6.7926170e+00  -2.2000000e+01  -1.6862726e+02  -2.4676894e+01  -2.6000000e+01  -3.5000000e+01   1.7897942e+01
   5.5916746e+00  -2.2000000e+01  -1.6716759e+02  -2.5267396e+01  -2.6000000e+01  -3.5000000e+01   1.9594944e+01
   4.6435737e+00  -2.2000000e+01  -1.6555549e+02  -2.6023362e+01  -2.6000000e+01  -3.5000000e+01   2.1984255e+01
   3.7013550e+00  -2.2000000e+01  -1.6388755e+02  -2.6568260e+01  -2.6000000e+01  -3.5000000e+01   2.0620800e+01
   3.2259012e+00  -2.2000000e+01  -1.6214331e+02  -2.7240716e+01  -2.6000000e+01  -3.5000000e+01   2.4237072e+01
   2.7822399e+00  -2.2000000e+01  -1.6077140e+02  -2.8012006e+01  -2.6000000e+01  -3.5000000e+01   2.7258103e+01
   2.7368125e+00  -2.2000000e+01  -1.5918280e+02  -2.8605037e+01  -2.6000000e+01  -3.5000000e+01   2.9554461e+01
   2.6573791e+00  -2.2000000e+01  -1.5811667e+02  -2.8978426e+01  -2.6000000e+01  -3.5000000e+01   3.1258486e+01
   2.1873408e+00  -2.2000000e+01  -1.5668565e+02  -2.8985800e+01  -2.6000000e+01  -3.5000000e+01   3.1467589e+01
   1.4069921e+00  -2.2000000e+01  -1.5539377e+02  -2.9062230e+01  -2.6000000e+01  -3.5000000e+01   3.0706295e+01
   9.1592836e-01  -2.2000000e+01  -1.5411904e+02  -2.8712580e+01  -2.6000000e+01  -3.5000000e+01   3.0809915e+01
   2.1177537e-01  -2.2000000e+01  -1.5261769e+02  -2.8326416e+01  -2.6000000e+01  -3.5000000e+01   3.0254307e+01
  -4.3282001e-01  -2.2000000e+01  -1.5183914e+02  -2.7853414e+01  -2.6000000e+01  -3.5000000e+01   2.9320789e+01
  -4.8504843e-01  -2.2000000e+01  -1.5090867e+02  -2.7150644e+01  -2.6000000e+01  -3.5000000e+01   2.9201772e+01
  -4.1538197e-01  -2.2000000e+01  -1.4925955e+02  -2.6497795e+01  -2.6000000e+01  -3.5000000e+01   2.9083506e+01
  -3.6637747e-01  -2.2000000e+01  -1.4820937e+02  -2.5842090e+01  -2.6000000e+01  -3.5000000e+01   2.8702779e+01
  -4.9599306e-01  -2.2000000e+01  -1.4739452e+02  -2.5540376e+01  -2.6000000e+01  -3.5000000e+01   2.7254239e+01
  -2.6799948e-01  -2.2000000e+01  -1.4633449e+02  -2.4894885e+01  -2.6000000e+01  -3.5000000e+01   2.6633169e+01
  -4.1908367e-01  -2.2000000e+01  -1.4507651e+02  -2.3975222e+01  -2.6000000e+01  -3.5000000e+01   2.4855349e+01
  -1.3070632e-01  -2.2000000e+01  -1.4300250e+02  -2.2934027e+01  -2.6000000e+01  -3.5000000e+01   2.4026424e+01
   1.7796841e-02  -2.2000000e+01  -1.4164476e+02  -2.2077040e+01  -2.6000000e+01  -3.5000000e+01   2.2653343e+01
   6.6107132e-02  -2.2000000e+01  -1.4012634e+02  -2.0841326e+01  -2.6000000e+01  -3.5000000e+01   2.0310258e+01
   1.9327207e-01  -2.2000000e+01  -1.3858182e+02  -1.9137073e+01  -2.6000000e+01  -3.5000000e+01   1.8009700e+01
  -1.7357479e-01  -2.2000000e+01  -1.3764912e+02  -1.7240046e+01  -2.6000000e+01  -3.5000000e+01   1.5152245e+01
  -6.3629991e-01  -2.2000000e+01  -1.3630597e+02  -1.5615051e+01  -2.6000000e+01  -3.5000000e+01   1.2128010e+01
  -1.1299426e+00  -2.2000000e+01  -1.3526123e+02  -1.3991220e+01  -2.6000000e+01  -3.5000000e+01   9.2025546e+00
  -1.4868108e+00  -2.2000000e+01  -1.3434351e+02  -1.1973988e+01  -2.6000000e+01  -3.5000000e+01   6.5132948e+00
  -1.8060624e+00  -2.2000000e+01  -1.3370152e+02  -1.0047154e+01  -2.6000000e+01  -3.5000000e+01   3.7362837e+00
  -1.0832947e+00  -2.2000000e+01  -1.3252232e+02  -8.3348260e+00  -2.6000000e+01  -3.5000000e+01   2.5891990e+00
  -3.0817369e+00  -2.2000000e+01  -1.3405005e+02  -1.1887426e+01  -2.6000000e+01  -3.5000000e+01  -3.1024502e+00
  -3.6753613e+00  -2.2000000e+01  -1.3656727e+02  -1.6687080e+01  -2.6000000e+01  -3.5000000e+01  -5.4986698e+00
  -3.1060268e+00  -2.2000000e+01  -1.4046349e+02  -2.2005590e+01  -2.6000000e+01  -3.5000000e+01  -8.5885877e+00
  -2.7952140e+00  -2.2000000e+01  -1.4469156e+02  -2.5575358e+01  -2.6000000e+01  -3.5000000e+01  -9.0373604e+00
  -2.0829862e+00  -2.2000000e+01  -1.4842528e+02  -2.7380195e+01  -2.6000000e+01  -3.5000000e+01  -7.0138789e+00
   1.6415683e-02  -2.2000000e+01  -1.5329037e+02  -2.6286196e+01  -2.6000000e+01  -3.5000000e+01  -3.1707284e+00
   1.9513487e+00  -2.2000000e+01  -1.5846909e+02  -2.4077083e+01  -2.6000000e+01  -3.5000000e+01  -2.6443919e+00
   3.7942915e+00  -2.2000000e+01  -1.6354229e+02  -2.0999267e+01  -2.6000000e+01  -3.5000000e+01  -2.9964006e+00
   5.6900162e+00  -2.2000000e+01  -1.6857406e+02  -1.8112318e+01  -2.6000000e+01  -3.5000000e+01  -3.4061452e+00
   7.5238556e+00  -2.2000000e+01  -1.7305472e+02  -1.5154992e+01  -2.6000000e+01  -3.5000000e+01  -2.1975860e+00
   9.3690816e+00  -2.2000000e+01  -1.7612519e+02  -1.2774959e+01  -2.6000000e+01  -3.5000000e+01   1.1595205e+00
   9.8337550e+00  -2.2000000e+01  -1.7670206e+02  -1.3083481e+01  -2.6000000e+01  -3.5000000e+01   4.6341017e+00
   8.8460540e+00  -2.2000000e+01  -1.7458265e+02  -1.5125952e+01  -2.6000000e+01  -3.5000000e+01   5.4355138e+00
   7.9546520e+00  -2.2000000e+01  -1.7246831e+02  -1.6866031e+01  -2.6000000e+01  -3.5000000e+01   6.3742226e+00
   8.0570973e+00  -2.2000000e+01  -1.6996220e+02  -1.8644166e+01  -2.6000000e+01  -3.5000000e+01   7.4496178e+00
   6.8177358e+00  -2.2000000e+01  -1.6732090e+02  -2.1141351e+01  -2.6000000e+01  -3.5000000e+01   9.9080931e+00
   6.0325887e+00  -2.2000000e+01  -1.6540035e+02  -2.2108183e+01  -2.6000000e+01  -3.5000000e+01   1.3494362e+01
   5.3406942e+00  -2.2000000e+01  -1.6306561e+02  -2.2407685e+01  -2.6000000e+01  -3.5000000e+01   1.6331494e+01
   4.3928991e+00  -2.2000000e+01  -1.6136510e+02  -2.2495521e+01  -2.6000000e+01  -3.5000000e+01   1.8317658e+01
   3.4954262e+00  -2.2000000e+01  -1.5998531e+02  -2.2316703e+01  -2.6000000e+01  -3.5000000e+01   1.9076725e+01
   2.5884620e+00  -2.2000000e+01  -1.5890253e+02  -2.2188837e+01  -2.6000000e+01  -3.5000000e+01   1.8627108e+01
   2.3731467e+00  -2.2000000e+01  -1.5780212e+02  -2.2181450e+01  -2.6000000e+01  -3.5000000e+01   1.7199468e+01
   2.6243645e+00  -2.2000000e+01  -1.5687356e+02  -2.2061169e+01  -2.6000000e+01  -3.5000000e+01   1.7160104e+01
   2.6025760e+00  -2.2000000e+01  -1.5539877e+02  -2.1513476e+01  -2.6000000e+01  -3.5000000e+01   1.5996508e+01
   2.1565346e+00  -2.2000000e+01  -1.5456765e+02  -2.1002681e+01  -2.6000000e+01  -3.5000000e+01   1.5608759e+01
   1.6167338e+00  -2.2000000e+01  -1.5343672e+02  -2.0426502e+01  -2.6000000e+01  -3.5000000e+01   1.5056470e+01
   1.0769331e+00  -2.2000000e+01  -1.5230579e+02  -1.9850324e+01  -2.6000000e+01  -3.5000000e+01   1.4504181e+01
   2.4391548e+00  -2.2000000e+01  -1.5033977e+02  -1.9684972e+01  -2.6000000e+01  -3.5000000e+01   1.4011020e+01
