   4.0041376e+01   5.6405899e+01  -1.5618313e+02   5.6102705e+01   2.9766031e+01  -2.9408120e+01  -6.2851081e+00
   2.6071649e+01   5.1550616e+01  -1.5320067e+02   4.7393930e+01   2.6145575e+01  -3.0812429e+01   2.8871317e+00
   1.2101922e+01   4.6695333e+01  -1.5021821e+02   3.8685154e+01   2.2525119e+01  -3.2216738e+01   1.2059371e+01
   7.0000000e+00   4.4863054e+01  -1.4500000e+02   2.7590763e+01   3.3677757e+01  -3.3000000e+01   1.1916890e+01
   7.0000000e+00   4.3011841e+01  -1.4500000e+02   2.0209688e+01   3.2167671e+01  -3.3000000e+01   1.5372964e+01
   7.0000000e+00   4.1043198e+01  -1.4500000e+02   1.4177210e+01   2.9039449e+01  -3.3000000e+01   2.4060789e+01
   7.0000000e+00   3.9599997e+01  -1.4500000e+02   8.2795645e+00   2.3448332e+01  -3.3000000e+01   3.2144218e+01
   7.0000000e+00   3.7954603e+01  -1.4500000e+02   4.6738815e+00   1.8159076e+01  -3.3000000e+01   3.9605561e+01
   7.0000000e+00   3.5807160e+01  -1.4500000e+02   5.1417071e-01   1.3935453e+01  -3.3000000e+01   4.5538486e+01
   7.0000000e+00   3.2514813e+01  -1.4500000e+02  -3.1950696e+00   1.1672453e+01  -3.3000000e+01   4.9332271e+01
   7.0000000e+00   3.0028905e+01  -1.4500000e+02  -6.0864354e+00   1.0700599e+01  -3.3000000e+01   5.2655587e+01
   7.0000000e+00   2.6705594e+01  -1.4500000e+02  -7.9585409e+00   9.4223552e+00  -3.3000000e+01   5.5947295e+01
   7.0000000e+00   2.6622166e+01  -1.4500000e+02  -7.9820342e+00   8.9744303e+00  -3.3000000e+01   5.9047068e+01
   7.0000000e+00   2.6405939e+01  -1.4500000e+02  -7.0682023e+00   8.4967613e+00  -3.3000000e+01   6.0343104e+01
   7.0000000e+00   2.8696611e+01  -1.4500000e+02  -3.5571304e+00   9.9233641e+00  -3.3000000e+01   5.9442060e+01
   7.0000000e+00   3.0759748e+01  -1.4500000e+02  -9.4928804e-01   1.2519108e+01  -3.3000000e+01   5.7124948e+01
   7.0000000e+00   3.1312165e+01  -1.4500000e+02   8.2247393e-01   1.5707024e+01  -3.3000000e+01   5.4276322e+01
   7.0000000e+00   3.2300566e+01  -1.4500000e+02   3.4516813e+00   1.6801641e+01  -3.3000000e+01   5.0184999e+01
   7.0000000e+00   3.3234680e+01  -1.4500000e+02   5.7075371e+00   1.9560736e+01  -3.3000000e+01   4.7302714e+01
   7.0000000e+00   3.2312238e+01  -1.4500000e+02   6.7265476e+00   2.2185065e+01  -3.3000000e+01   4.4954153e+01
   7.0000000e+00   3.3960827e+01  -1.4500000e+02   8.8992101e+00   2.5052339e+01  -3.3000000e+01   4.2090060e+01
   7.0000000e+00   3.5459221e+01  -1.4500000e+02   1.2091513e+01   2.6929200e+01  -3.3000000e+01   3.8169098e+01
   7.0000000e+00   3.6518855e+01  -1.4500000e+02   1.5099661e+01   2.9935432e+01  -3.3000000e+01   3.4144122e+01
   7.0000000e+00   3.7294382e+01  -1.4500000e+02   1.7569529e+01   3.2250688e+01  -3.3000000e+01   3.0744573e+01
   7.0000000e+00   3.6661131e+01  -1.4500000e+02   1.9327022e+01   3.4542782e+01  -3.3000000e+01   2.7889903e+01
   7.0000000e+00   3.6065169e+01  -1.4500000e+02   2.1414634e+01   3.6739029e+01  -3.3000000e+01   2.6020388e+01
   7.0000000e+00   3.6438178e+01  -1.4500000e+02   2.3742909e+01   3.8420624e+01  -3.3000000e+01   2.2563714e+01
   7.0000000e+00   3.6593063e+01  -1.4500000e+02   2.5965527e+01   4.0659283e+01  -3.3000000e+01   2.0010501e+01
   7.0000000e+00   3.7547704e+01  -1.4500000e+02   2.8590369e+01   4.2950772e+01  -3.3000000e+01   1.7248036e+01
   7.0000000e+00   3.5377193e+01  -1.4500000e+02   3.0829907e+01   4.4773830e+01  -3.3000000e+01   1.4608433e+01
   7.0000000e+00   3.5289233e+01  -1.4500000e+02   3.3638683e+01   4.6828852e+01  -3.3000000e+01   1.0938990e+01
   7.0000000e+00   3.3680456e+01  -1.4500000e+02   3.6609778e+01   4.8613523e+01  -3.3000000e+01   7.3658071e+00
   7.0000000e+00   3.2825798e+01  -1.4500000e+02   3.9206834e+01   5.0587242e+01  -3.3000000e+01   4.1372471e+00
   7.0000000e+00   3.2775019e+01  -1.4500000e+02   4.1792037e+01   5.2354780e+01  -3.3000000e+01   1.1624799e+00
   7.0000000e+00   3.2206068e+01  -1.4500000e+02   4.4263016e+01   5.4773415e+01  -3.3000000e+01  -1.4794652e+00
   7.0000000e+00   2.9633608e+01  -1.4500000e+02   4.6380439e+01   5.6816558e+01  -3.3000000e+01  -3.9164767e+00
   7.0000000e+00   2.8214399e+01  -1.4500000e+02   4.8079067e+01   5.8427603e+01  -3.3000000e+01  -7.0375861e+00
   7.0000000e+00   2.6969941e+01  -1.4500000e+02   4.9558662e+01   6.0131757e+01  -3.3000000e+01  -1.0184247e+01
   7.0000000e+00   2.3803643e+01  -1.4500000e+02   5.0307306e+01   6.2069841e+01  -3.3000000e+01  -1.1796245e+01
   7.0000000e+00   2.2772603e+01  -1.4500000e+02   5.0793565e+01   6.3254599e+01  -3.3000000e+01  -1.2763668e+01
   7.0000000e+00   2.0630153e+01  -1.4500000e+02   5.0179580e+01   6.4547118e+01  -3.3000000e+01  -1.4422063e+01
   7.0000000e+00   2.0329400e+01  -1.4500000e+02   4.8774966e+01   6.5754945e+01  -3.3000000e+01  -1.4482451e+01
   7.0000000e+00   2.3597624e+01  -1.4500000e+02   4.6030356e+01   6.6866936e+01  -3.3000000e+01  -1.3536790e+01
   7.0000000e+00   2.7362139e+01  -1.4500000e+02   4.3662232e+01   6.7071113e+01  -3.3000000e+01  -1.0864027e+01
   7.0000000e+00   3.1448651e+01  -1.4500000e+02   4.0834085e+01   6.5843637e+01  -3.3000000e+01  -7.2447530e+00
   7.0000000e+00   3.4341803e+01  -1.4500000e+02   3.7046690e+01   6.3800013e+01  -3.3000000e+01  -4.0709837e+00
   7.0000000e+00   3.6877004e+01  -1.4500000e+02   3.2762386e+01   5.9272161e+01  -3.3000000e+01   1.3581951e+00
   7.0000000e+00   3.9860532e+01  -1.4500000e+02   2.8813278e+01   5.3287785e+01  -3.3000000e+01   7.0993980e+00
   7.0000000e+00   4.1236149e+01  -1.4500000e+02   2.4474926e+01   4.6683363e+01  -3.3000000e+01   1.2550478e+01
   7.0000000e+00   4.3000877e+01  -1.4500000e+02   2.0147534e+01   3.8983572e+01  -3.3000000e+01   2.0199771e+01
   7.0000000e+00   4.1745753e+01  -1.4500000e+02   1.3878671e+01   3.3292938e+01  -3.3000000e+01   2.9136557e+01
   7.0000000e+00   3.9555301e+01  -1.4500000e+02   8.0229637e+00   2.6490293e+01  -3.3000000e+01   3.6742188e+01
   7.0000000e+00   3.6693434e+01  -1.4500000e+02   2.8028505e+00   2.0182305e+01  -3.3000000e+01   4.3550781e+01
   7.0000000e+00   3.1762425e+01  -1.4500000e+02  -2.0376674e+00   1.4426387e+01  -3.3000000e+01   4.9780338e+01
   7.0000000e+00   2.7270839e+01  -1.4500000e+02  -5.5588525e+00   1.0621815e+01  -3.3000000e+01   5.5272538e+01
   7.0000000e+00   2.3483180e+01  -1.4500000e+02  -7.7522774e+00   6.2580296e+00  -3.3000000e+01   5.7094654e+01
   7.0000000e+00   2.5032718e+01  -1.4500000e+02  -6.7434056e+00   4.7197712e+00  -3.3000000e+01   5.8083832e+01
   7.0000000e+00   3.0133727e+01  -1.4500000e+02  -3.0257190e+00   5.3666802e+00  -3.3000000e+01   5.7844446e+01
   7.0000000e+00   3.1975267e+01  -1.4500000e+02   3.7137780e-01   8.0543182e+00  -3.3000000e+01   5.7233044e+01
   7.0000000e+00   3.3215148e+01  -1.4500000e+02   2.7135611e+00   1.0041702e+01  -3.3000000e+01   5.5161872e+01
   7.0000000e+00   3.4769647e+01  -1.4500000e+02   4.4368305e+00   1.3845577e+01  -3.3000000e+01   5.3368398e+01
   7.0000000e+00   3.5600703e+01  -1.4500000e+02   6.8485363e+00   1.6878594e+01  -3.3000000e+01   5.0170457e+01
   7.0000000e+00   3.7397752e+01  -1.4500000e+02   9.3531656e+00   1.9012943e+01  -3.3000000e+01   4.6580213e+01
   7.0000000e+00   3.8323717e+01  -1.4500000e+02   1.1530212e+01   2.2340889e+01  -3.3000000e+01   4.3600456e+01
   7.0000000e+00   3.7932330e+01  -1.4500000e+02   1.3160774e+01   2.5203531e+01  -3.3000000e+01   4.1248567e+01
   7.0000000e+00   3.6276134e+01  -1.4500000e+02   1.4580383e+01   2.6998345e+01  -3.3000000e+01   3.9364513e+01
   7.0000000e+00   3.6187845e+01  -1.4500000e+02   1.5859101e+01   2.8821104e+01  -3.3000000e+01   3.5972937e+01
   7.0000000e+00   3.5371087e+01  -1.4500000e+02   1.7127895e+01   2.9924601e+01  -3.3000000e+01   3.2299131e+01
   7.0000000e+00   3.6171071e+01  -1.4500000e+02   1.8707261e+01   3.3228291e+01  -3.3000000e+01   3.1001451e+01
   7.0000000e+00   3.8947469e+01  -1.4500000e+02   2.1708209e+01   3.6115349e+01  -3.3000000e+01   2.9382756e+01
   7.0000000e+00   3.8977267e+01  -1.4500000e+02   2.4099637e+01   3.7819398e+01  -3.3000000e+01   2.6638004e+01
   7.0000000e+00   3.4060470e+01  -1.4500000e+02   2.4473860e+01   3.8503725e+01  -3.3000000e+01   2.4475615e+01
   7.0000000e+00   3.0769241e+01  -1.4500000e+02   2.4162085e+01   3.8606335e+01  -3.3000000e+01   2.2040339e+01
   7.0000000e+00   3.0887853e+01  -1.4500000e+02   2.5751448e+01   4.0397780e+01  -3.3000000e+01   1.9138065e+01
   7.0000000e+00   3.3767899e+01  -1.4500000e+02   2.8542318e+01   4.2373956e+01  -3.3000000e+01   1.6273213e+01
   7.0000000e+00   3.4036805e+01  -1.4500000e+02   3.2075405e+01   4.4671484e+01  -3.3000000e+01   1.2642406e+01
   7.0000000e+00   3.1714312e+01  -1.4500000e+02   3.5600758e+01   4.7195951e+01  -3.3000000e+01   8.4481128e+00
   7.0000000e+00   3.1263531e+01  -1.4500000e+02   3.8634941e+01   4.9013687e+01  -3.3000000e+01   4.4277683e+00
   7.0000000e+00   3.0553630e+01  -1.4500000e+02   4.1415845e+01   5.1158855e+01  -3.3000000e+01   9.7201808e-01
   7.0000000e+00   2.9150603e+01  -1.4500000e+02   4.3797255e+01   5.3239987e+01  -3.3000000e+01  -2.4410415e+00
   7.0000000e+00   2.7248758e+01  -1.4500000e+02   4.5617195e+01   5.5230756e+01  -3.3000000e+01  -5.5226747e+00
   7.0000000e+00   2.4463238e+01  -1.4500000e+02   4.7038819e+01   5.7495457e+01  -3.3000000e+01  -9.1404063e+00
   7.0000000e+00   2.2026329e+01  -1.4500000e+02   4.7787925e+01   6.0051011e+01  -3.3000000e+01  -1.2270554e+01
   7.0000000e+00   1.9434326e+01  -1.4500000e+02   4.8350402e+01   6.1951585e+01  -3.3000000e+01  -1.3341465e+01
   7.0000000e+00   1.8401408e+01  -1.4500000e+02   4.8724212e+01   6.2913783e+01  -3.3000000e+01  -1.4517750e+01
   7.0000000e+00   1.8591950e+01  -1.4500000e+02   4.7398683e+01   6.4566498e+01  -3.3000000e+01  -1.6309759e+01
   7.0000000e+00   2.1263088e+01  -1.4500000e+02   4.4553518e+01   6.6070947e+01  -3.3000000e+01  -1.7381553e+01
   7.0000000e+00   2.4272038e+01  -1.4500000e+02   4.1984925e+01   6.7035598e+01  -3.3000000e+01  -1.7488473e+01
   7.0000000e+00   2.6748945e+01  -1.4500000e+02   4.0129568e+01   6.5914389e+01  -3.3000000e+01  -1.4966966e+01
   7.0000000e+00   3.0305691e+01  -1.4500000e+02   3.7186950e+01   6.2250422e+01  -3.3000000e+01  -1.3152569e+01
   7.0000000e+00   3.4694198e+01  -1.4500000e+02   3.3571349e+01   5.6440257e+01  -3.3000000e+01  -7.1905319e+00
   7.0000000e+00   3.8419397e+01  -1.4500000e+02   3.0221653e+01   4.9520482e+01  -3.3000000e+01   5.3730371e-01
   7.0000000e+00   4.0184035e+01  -1.4500000e+02   2.5320325e+01   4.2025095e+01  -3.3000000e+01   8.1271985e+00
   7.0000000e+00   4.2109258e+01  -1.4500000e+02   1.9430987e+01   3.4877663e+01  -3.3000000e+01   1.7021818e+01
   7.0000000e+00   4.0558110e+01  -1.4500000e+02   1.3391649e+01   2.8900348e+01  -3.3000000e+01   2.6183013e+01
   7.0000000e+00   3.8992104e+01  -1.4500000e+02   7.7720460e+00   2.3886039e+01  -3.3000000e+01   3.4378584e+01
   7.0000000e+00   3.6658543e+01  -1.4500000e+02   4.5930166e+00   1.9217833e+01  -3.3000000e+01   4.2213260e+01
   7.0000000e+00   3.4912290e+01  -1.4500000e+02   1.0913158e+00   1.5099245e+01  -3.3000000e+01   4.7576603e+01
   7.0000000e+00   3.0891723e+01  -1.4500000e+02  -1.3208959e+00   1.0604735e+01  -3.3000000e+01   5.1912754e+01
   7.0000000e+00   2.8411167e+01  -1.4500000e+02  -3.2297178e+00   8.2092079e+00  -3.3000000e+01   5.3602753e+01
   7.0000000e+00   2.6218864e+01  -1.4500000e+02  -4.1448942e+00   6.4427486e+00  -3.3000000e+01   5.5274706e+01
   7.0000000e+00   2.8019900e+01  -1.4500000e+02  -2.9982932e+00   6.9489887e+00  -3.3000000e+01   5.5659515e+01
   7.0000000e+00   2.9319879e+01  -1.4500000e+02  -2.3916678e-01   8.1374916e+00  -3.3000000e+01   5.5233156e+01
   7.0000000e+00   3.0590797e+01  -1.4500000e+02   1.5384344e+00   9.5214857e+00  -3.3000000e+01   5.2959342e+01
   7.0000000e+00   3.1589356e+01  -1.4500000e+02   3.6687305e+00   1.0440115e+01  -3.3000000e+01   4.9900165e+01
   7.0000000e+00   3.3777249e+01  -1.4500000e+02   5.7613716e+00   1.3163960e+01  -3.3000000e+01   4.7265542e+01
   7.0000000e+00   3.5383744e+01  -1.4500000e+02   8.1964381e+00   1.5889213e+01  -3.3000000e+01   4.4150181e+01
   7.0000000e+00   3.5549028e+01  -1.4500000e+02   1.0445659e+01   1.7304936e+01  -3.3000000e+01   4.0896127e+01
   7.0000000e+00   3.6237698e+01  -1.4500000e+02   1.2923823e+01   1.9398787e+01  -3.3000000e+01   3.7994405e+01
   7.0000000e+00   3.7864097e+01  -1.4500000e+02   1.5601804e+01   2.2354060e+01  -3.3000000e+01   3.5404884e+01
   7.0000000e+00   3.7304371e+01  -1.4500000e+02   1.7494944e+01   2.6205871e+01  -3.3000000e+01   3.3388770e+01
   7.0000000e+00   3.8009803e+01  -1.4500000e+02   1.9814988e+01   2.7558996e+01  -3.3000000e+01   3.0906204e+01
   7.0000000e+00   3.8375548e+01  -1.4500000e+02   2.1857942e+01   2.9560082e+01  -3.3000000e+01   2.8492076e+01
   7.0000000e+00   3.8512706e+01  -1.4500000e+02   2.4133760e+01   3.1575967e+01  -3.3000000e+01   2.7212609e+01
   7.0000000e+00   4.0659050e+01  -1.4500000e+02   2.6708307e+01   3.4154103e+01  -3.3000000e+01   2.4264602e+01
   7.0000000e+00   3.8978783e+01  -1.4500000e+02   2.8798090e+01   3.5099864e+01  -3.3000000e+01   2.1649286e+01
   7.0000000e+00   3.8374784e+01  -1.4500000e+02   2.9388781e+01   3.6983119e+01  -3.3000000e+01   2.0114983e+01
   7.0000000e+00   3.3599839e+01  -1.4500000e+02   2.9696911e+01   3.7351303e+01  -3.3000000e+01   1.7174092e+01
   7.0000000e+00   3.2660793e+01  -1.4500000e+02   3.0713971e+01   3.8208742e+01  -3.3000000e+01   1.4037336e+01
   7.0000000e+00   3.4388683e+01  -1.4500000e+02   3.3204936e+01   4.1328387e+01  -3.3000000e+01   1.1328378e+01
   7.0000000e+00   3.4318302e+01  -1.4500000e+02   3.6385715e+01   4.3680052e+01  -3.3000000e+01   8.5781150e+00
   7.0000000e+00   3.3964390e+01  -1.4500000e+02   3.9404632e+01   4.6000808e+01  -3.3000000e+01   5.3949836e+00
   7.0000000e+00   3.3573200e+01  -1.4500000e+02   4.1926717e+01   4.8593422e+01  -3.3000000e+01   1.6542145e+00
   7.0000000e+00   3.3088770e+01  -1.4500000e+02   4.4171185e+01   5.1259571e+01  -3.3000000e+01  -2.7350247e+00
   7.0000000e+00   3.1729540e+01  -1.4500000e+02   4.6488110e+01   5.3718646e+01  -3.3000000e+01  -6.0550872e+00
   7.0000000e+00   2.9673767e+01  -1.4500000e+02   4.8079965e+01   5.5554518e+01  -3.3000000e+01  -8.1029598e+00
   7.0000000e+00   2.6945218e+01  -1.4500000e+02   4.9430124e+01   5.7322371e+01  -3.3000000e+01  -1.1147980e+01
   7.0000000e+00   2.4338911e+01  -1.4500000e+02   5.0166917e+01   5.8814857e+01  -3.3000000e+01  -1.3425689e+01
   7.0000000e+00   2.2224052e+01  -1.4500000e+02   5.0713567e+01   5.9648988e+01  -3.3000000e+01  -1.5392318e+01
   7.0000000e+00   2.0302372e+01  -1.4500000e+02   5.1074697e+01   6.0611971e+01  -3.3000000e+01  -1.6921772e+01
   7.0000000e+00   1.9023792e+01  -1.4500000e+02   5.1674711e+01   6.1403327e+01  -3.3000000e+01  -1.7900826e+01
   7.0000000e+00   1.9779526e+01  -1.4500000e+02   4.9889069e+01   6.3640947e+01  -3.3000000e+01  -1.9450387e+01
   7.0000000e+00   2.1608363e+01  -1.4500000e+02   4.7474904e+01   6.5604190e+01  -3.3000000e+01  -2.2256606e+01
   7.0000000e+00   2.3439813e+01  -1.4500000e+02   4.4943608e+01   6.6937393e+01  -3.3000000e+01  -2.1028440e+01
   7.0000000e+00   2.5823274e+01  -1.4500000e+02   4.2643226e+01   6.6659975e+01  -3.3000000e+01  -1.8644097e+01
   7.0000000e+00   3.0216924e+01  -1.4500000e+02   4.0442085e+01   6.3824601e+01  -3.3000000e+01  -1.5973419e+01
   7.0000000e+00   3.3920427e+01  -1.4500000e+02   3.6835053e+01   5.8433362e+01  -3.3000000e+01  -1.1540221e+01
   7.0000000e+00   3.6917713e+01  -1.4500000e+02   3.2760323e+01   5.1239997e+01  -3.3000000e+01  -3.3811889e+00
   7.0000000e+00   3.9151189e+01  -1.4500000e+02   2.7406352e+01   4.3253204e+01  -3.3000000e+01   4.7203249e+00
   7.0000000e+00   4.0560965e+01  -1.4500000e+02   2.2339086e+01   3.4935959e+01  -3.3000000e+01   1.4264185e+01
   7.0000000e+00   4.1826818e+01  -1.4500000e+02   1.6647032e+01   2.7526196e+01  -3.3000000e+01   2.3643318e+01
   7.0000000e+00   3.9067772e+01  -1.4500000e+02   1.0029097e+01   2.0768234e+01  -3.3000000e+01   3.2554858e+01
   7.0000000e+00   3.6902492e+01  -1.4500000e+02   4.8496295e+00   1.4264287e+01  -3.3000000e+01   4.0396516e+01
   7.0000000e+00   3.2222015e+01  -1.4500000e+02   2.8964890e-01   9.6016500e+00  -3.3000000e+01   4.7319488e+01
   7.0000000e+00   2.8948470e+01  -1.4500000e+02  -4.4077177e+00   7.1508003e+00  -3.3000000e+01   5.2870899e+01
   7.0000000e+00   2.9048183e+01  -1.4500000e+02  -5.2973390e+00   4.9548717e+00  -3.3000000e+01   5.6417299e+01
   7.0000000e+00   2.7844943e+01  -1.4500000e+02  -6.7427355e+00   6.2715119e+00  -3.3000000e+01   5.9566638e+01
   7.0000000e+00   2.9460125e+01  -1.4500000e+02  -4.9545970e+00   7.5480370e+00  -3.3000000e+01   5.8760601e+01
   7.0000000e+00   3.0986871e+01  -1.4500000e+02  -1.8698239e+00   9.7164921e+00  -3.3000000e+01   5.7744812e+01
   7.0000000e+00   3.3110421e+01  -1.4500000e+02   6.4403633e-01   1.2171998e+01  -3.3000000e+01   5.4787501e+01
   7.0000000e+00   3.3667455e+01  -1.4500000e+02   2.2940811e+00   1.3389494e+01  -3.3000000e+01   5.1820781e+01
   7.0000000e+00   3.3631988e+01  -1.4500000e+02   4.4293096e+00   1.4670161e+01  -3.3000000e+01   4.9131224e+01
   7.0000000e+00   3.7764834e+01  -1.4500000e+02   7.8912893e+00   1.7874299e+01  -3.3000000e+01   4.5611189e+01
   7.0000000e+00   3.6725277e+01  -1.4500000e+02   1.0330019e+01   1.8984170e+01  -3.3000000e+01   4.2279413e+01
   7.0000000e+00   3.7754035e+01  -1.4500000e+02   1.2435229e+01   2.1950906e+01  -3.3000000e+01   3.9239445e+01
   7.0000000e+00   3.8616851e+01  -1.4500000e+02   1.5377367e+01   2.4123677e+01  -3.3000000e+01   3.6676836e+01
   7.0000000e+00   3.8082006e+01  -1.4500000e+02   1.6467400e+01   2.6904701e+01  -3.3000000e+01   3.3573854e+01
   7.0000000e+00   3.7055847e+01  -1.4500000e+02   1.8047291e+01   2.7628324e+01  -3.3000000e+01   3.0156985e+01
   7.0000000e+00   3.6511314e+01  -1.4500000e+02   1.9561533e+01   2.9554872e+01  -3.3000000e+01   2.7833952e+01
   7.0000000e+00   3.6547382e+01  -1.4500000e+02   2.2177445e+01   3.2308415e+01  -3.3000000e+01   2.6307764e+01
   7.0000000e+00   3.8045419e+01  -1.4500000e+02   2.5128751e+01   3.4935544e+01  -3.3000000e+01   2.3047994e+01
   7.0000000e+00   3.5157740e+01  -1.4500000e+02   2.5991116e+01   3.7745904e+01  -3.3000000e+01   2.1291015e+01
   7.0000000e+00   3.4276115e+01  -1.4500000e+02   2.7441173e+01   3.8993134e+01  -3.3000000e+01   1.8938953e+01
   7.0000000e+00   3.4962545e+01  -1.4500000e+02   2.9732792e+01   4.0402648e+01  -3.3000000e+01   1.6073866e+01
   7.0000000e+00   3.5375868e+01  -1.4500000e+02   3.1860567e+01   4.2453178e+01  -3.3000000e+01   1.3359048e+01
   7.0000000e+00   3.5458882e+01  -1.4500000e+02   3.4315557e+01   4.4449542e+01  -3.3000000e+01   1.0759601e+01
   7.0000000e+00   3.5239354e+01  -1.4500000e+02   3.7566957e+01   4.6575991e+01  -3.3000000e+01   7.1775239e+00
   7.0000000e+00   3.4773869e+01  -1.4500000e+02   4.0561600e+01   4.9048566e+01  -3.3000000e+01   4.0272225e+00
   7.0000000e+00   3.4396779e+01  -1.4500000e+02   4.2936700e+01   5.0438970e+01  -3.3000000e+01   5.7321950e-01
   7.0000000e+00   3.2860274e+01  -1.4500000e+02   4.5252171e+01   5.2700649e+01  -3.3000000e+01  -2.2870297e+00
   7.0000000e+00   3.0704592e+01  -1.4500000e+02   4.7220416e+01   5.4373810e+01  -3.3000000e+01  -4.5694095e+00
   7.0000000e+00   2.7644216e+01  -1.4500000e+02   4.8384106e+01   5.5580284e+01  -3.3000000e+01  -7.5235739e+00
   7.0000000e+00   2.4359691e+01  -1.4500000e+02   4.9204905e+01   5.7418715e+01  -3.3000000e+01  -1.0237525e+01
   7.0000000e+00   2.3829217e+01  -1.4500000e+02   5.0244960e+01   5.8483490e+01  -3.3000000e+01  -1.3083983e+01
   7.0000000e+00   2.3517923e+01  -1.4500000e+02   5.1256346e+01   5.9514665e+01  -3.3000000e+01  -1.4847177e+01
   7.0000000e+00   2.1895555e+01  -1.4500000e+02   5.2190695e+01   6.1217890e+01  -3.3000000e+01  -1.5286477e+01
   7.0000000e+00   2.1288818e+01  -1.4500000e+02   5.2508439e+01   6.3128942e+01  -3.3000000e+01  -1.4637661e+01
   7.0000000e+00   1.9543320e+01  -1.4500000e+02   5.2958432e+01   6.4296369e+01  -3.3000000e+01  -1.5399039e+01
   7.0000000e+00   1.8923410e+01  -1.4500000e+02   5.1756453e+01   6.6067274e+01  -3.3000000e+01  -1.6263305e+01
   7.0000000e+00   2.1161421e+01  -1.4500000e+02   4.8585761e+01   6.8139524e+01  -3.3000000e+01  -1.9190568e+01
   7.0000000e+00   2.3185436e+01  -1.4500000e+02   4.5291124e+01   7.0230495e+01  -3.3000000e+01  -2.0337937e+01
   7.0000000e+00   2.8537414e+01  -1.4500000e+02   4.2876071e+01   7.0680407e+01  -3.3000000e+01  -1.9544449e+01
   7.0000000e+00   3.1146672e+01  -1.4500000e+02   4.0594291e+01   7.0324403e+01  -3.3000000e+01  -1.7739389e+01
   7.0000000e+00   3.3752512e+01  -1.4500000e+02   3.8066758e+01   6.8375312e+01  -3.3000000e+01  -1.4851878e+01
   7.0000000e+00   3.6494647e+01  -1.4500000e+02   3.4183202e+01   6.4183679e+01  -3.3000000e+01  -1.1610794e+01
   7.0000000e+00   3.7959635e+01  -1.4500000e+02   2.9735153e+01   5.9155022e+01  -3.3000000e+01  -7.9507563e+00
   7.0000000e+00   3.9083934e+01  -1.4500000e+02   2.5061642e+01   5.2195684e+01  -3.3000000e+01  -2.0368176e+00
   7.0000000e+00   4.1012860e+01  -1.4500000e+02   2.1156609e+01   4.2833252e+01  -3.3000000e+01   2.9391755e+00
   7.0000000e+00   4.0676128e+01  -1.4500000e+02   1.5729952e+01   3.6262882e+01  -3.3000000e+01   1.0499015e+01
   7.0000000e+00   3.9843232e+01  -1.4500000e+02   9.9660005e+00   3.0443337e+01  -3.3000000e+01   1.9523408e+01
   7.0000000e+00   3.7930947e+01  -1.4500000e+02   5.5959293e+00   2.4652802e+01  -3.3000000e+01   2.8167096e+01
   7.0000000e+00   3.5725726e+01  -1.4500000e+02   2.6758678e+00   1.8023596e+01  -3.3000000e+01   3.6075338e+01
   7.0000000e+00   3.3715335e+01  -1.4500000e+02  -5.2970260e-01   1.3682749e+01  -3.3000000e+01   4.3259323e+01
   7.0000000e+00   3.0516151e+01  -1.4500000e+02  -2.6684037e+00   9.8153285e+00  -3.3000000e+01   5.0249784e+01
   7.0000000e+00   2.9793127e+01  -1.4500000e+02  -2.5912377e+00   5.1198073e+00  -3.3000000e+01   5.3829247e+01
   7.0000000e+00   3.0090010e+01  -1.4500000e+02  -3.3002952e+00   4.4102996e+00  -3.3000000e+01   5.6803002e+01
   7.0000000e+00   2.9632664e+01  -1.4500000e+02  -3.3896600e+00   3.4832221e+00  -3.3000000e+01   5.8771772e+01
   7.0000000e+00   3.1862224e+01  -1.4500000e+02  -1.4012083e+00   3.7279717e+00  -3.3000000e+01   6.0569322e+01
   7.0000000e+00   3.3594939e+01  -1.4500000e+02   4.1388860e-01   5.5885558e+00  -3.3000000e+01   6.0095810e+01
   7.0000000e+00   3.3709517e+01  -1.4500000e+02   1.7391033e+00   8.2139382e+00  -3.3000000e+01   5.7563272e+01
   7.0000000e+00   3.3500317e+01  -1.4500000e+02   2.5045351e+00   1.1079420e+01  -3.3000000e+01   5.6248673e+01
   7.0000000e+00   3.4712620e+01  -1.4500000e+02   3.7512674e+00   1.4327730e+01  -3.3000000e+01   5.5221735e+01
   7.0000000e+00   3.6238762e+01  -1.4500000e+02   6.1923916e+00   1.4864758e+01  -3.3000000e+01   5.1055813e+01
   7.0000000e+00   3.8717885e+01  -1.4500000e+02   8.2716308e+00   1.8049768e+01  -3.3000000e+01   4.9496919e+01
   7.0000000e+00   3.9203287e+01  -1.4500000e+02   1.0367145e+01   2.0560391e+01  -3.3000000e+01   4.6065851e+01
   7.0000000e+00   3.8151656e+01  -1.4500000e+02   1.1319787e+01   2.3777500e+01  -3.3000000e+01   4.3917229e+01
   7.0000000e+00   3.8006755e+01  -1.4500000e+02   1.2812502e+01   2.5019177e+01  -3.3000000e+01   4.1205746e+01
   7.0000000e+00   3.7889949e+01  -1.4500000e+02   1.3778803e+01   2.6506547e+01  -3.3000000e+01   3.7836593e+01
   7.0000000e+00   3.7683924e+01  -1.4500000e+02   1.6004097e+01   2.8524102e+01  -3.3000000e+01   3.6196482e+01
   7.0000000e+00   3.9496562e+01  -1.4500000e+02   1.8154691e+01   3.1548431e+01  -3.3000000e+01   3.3210637e+01
   7.0000000e+00   3.8546772e+01  -1.4500000e+02   1.9639776e+01   3.3472633e+01  -3.3000000e+01   3.0478647e+01
   7.0000000e+00   3.6722216e+01  -1.4500000e+02   2.1101323e+01   3.4245478e+01  -3.3000000e+01   2.8778174e+01
   7.0000000e+00   3.4380991e+01  -1.4500000e+02   2.2480130e+01   3.4754568e+01  -3.3000000e+01   2.5304254e+01
   7.0000000e+00   3.3402368e+01  -1.4500000e+02   2.3338014e+01   3.6400645e+01  -3.3000000e+01   2.2598372e+01
   7.0000000e+00   3.2434171e+01  -1.4500000e+02   2.4978869e+01   3.7699939e+01  -3.3000000e+01   2.0174398e+01
   7.0000000e+00   3.3936355e+01  -1.4500000e+02   2.8360264e+01   3.9571020e+01  -3.3000000e+01   1.5842974e+01
   7.0000000e+00   3.4167623e+01  -1.4500000e+02   3.2171153e+01   4.2152795e+01  -3.3000000e+01   1.1930133e+01
   7.0000000e+00   3.4110363e+01  -1.4500000e+02   3.5608199e+01   4.4256537e+01  -3.3000000e+01   7.9998980e+00
   7.0000000e+00   3.3849818e+01  -1.4500000e+02   3.8843682e+01   4.6679584e+01  -3.3000000e+01   4.1147716e+00
   7.0000000e+00   3.3384227e+01  -1.4500000e+02   4.1338953e+01   4.8419783e+01  -3.3000000e+01  -5.6584818e-02
   7.0000000e+00   3.2330208e+01  -1.4500000e+02   4.3996937e+01   5.0705970e+01  -3.3000000e+01  -3.3923643e+00
   7.0000000e+00   3.0806972e+01  -1.4500000e+02   4.6594983e+01   5.3361484e+01  -3.3000000e+01  -4.9100923e+00
   7.0000000e+00   2.8870971e+01  -1.4500000e+02   4.8727177e+01   5.5180226e+01  -3.3000000e+01  -7.8362727e+00
   7.0000000e+00   2.5502918e+01  -1.4500000e+02   4.9962505e+01   5.6793478e+01  -3.3000000e+01  -1.1723193e+01
   7.0000000e+00   2.4174042e+01  -1.4500000e+02   5.0885615e+01   5.7898842e+01  -3.3000000e+01  -1.4850280e+01
   7.0000000e+00   2.0921550e+01  -1.4500000e+02   5.1028803e+01   6.0959874e+01  -3.3000000e+01  -1.4283229e+01
   7.0000000e+00   1.9510407e+01  -1.4500000e+02   5.1398171e+01   6.2913755e+01  -3.3000000e+01  -1.3139149e+01
   7.0000000e+00   1.8661373e+01  -1.4500000e+02   5.1457909e+01   6.4272136e+01  -3.3000000e+01  -1.2360862e+01
   7.0000000e+00   2.0439097e+01  -1.4500000e+02   4.9369717e+01   6.5691113e+01  -3.3000000e+01  -1.4026803e+01
   7.0000000e+00   2.1956282e+01  -1.4500000e+02   4.7144206e+01   6.7254729e+01  -3.3000000e+01  -1.5844180e+01
   7.0000000e+00   2.5351711e+01  -1.4500000e+02   4.3883414e+01   6.8047193e+01  -3.3000000e+01  -1.8295572e+01
   7.0000000e+00   2.8777008e+01  -1.4500000e+02   4.1325269e+01   6.7599849e+01  -3.3000000e+01  -1.5701608e+01
   7.0000000e+00   3.2451428e+01  -1.4500000e+02   3.7654778e+01   6.4510792e+01  -3.3000000e+01  -1.3959080e+01
   7.0000000e+00   3.4187450e+01  -1.4500000e+02   3.3846081e+01   6.0189746e+01  -3.3000000e+01  -1.0557194e+01
   7.0000000e+00   3.6941523e+01  -1.4500000e+02   3.0184723e+01   5.3374220e+01  -3.3000000e+01  -5.4177240e+00
   7.0000000e+00   3.8638265e+01  -1.4500000e+02   2.4787610e+01   4.5500274e+01  -3.3000000e+01   1.4491446e-01
   7.0000000e+00   3.8681666e+01  -1.4500000e+02   1.9164090e+01   3.8124166e+01  -3.3000000e+01   6.9977356e+00
   7.0000000e+00   4.1035826e+01  -1.4500000e+02   1.5304391e+01   2.9826058e+01  -3.3000000e+01   1.6612609e+01
   7.0000000e+00   3.8705369e+01  -1.4500000e+02   8.9400004e+00   2.2983791e+01  -3.3000000e+01   2.6624243e+01
   7.0000000e+00   3.5601720e+01  -1.4500000e+02   3.5706231e+00   1.6854658e+01  -3.3000000e+01   3.6655179e+01
   7.0000000e+00   3.1343287e+01  -1.4500000e+02  -1.3361301e+00   1.2081980e+01  -3.3000000e+01   4.5712370e+01
   7.0000000e+00   2.6717058e+01  -1.4500000e+02  -6.1085834e+00   9.9382502e+00  -3.3000000e+01   5.2423901e+01
   7.0000000e+00   2.8008889e+01  -1.4500000e+02  -7.1846050e+00   7.8708111e+00  -3.3000000e+01   5.6708202e+01
   7.0000000e+00   3.0127842e+01  -1.4500000e+02  -6.0208488e+00   5.4883514e+00  -3.3000000e+01   5.9972137e+01
   7.0000000e+00   3.1258474e+01  -1.4500000e+02  -5.2443223e+00   7.8377232e+00  -3.3000000e+01   6.2336110e+01
   7.0000000e+00   3.3399093e+01  -1.4500000e+02  -2.5694117e+00   1.0291111e+01  -3.3000000e+01   6.1328964e+01
   7.0000000e+00   3.4482146e+01  -1.4500000e+02   3.5000215e-01   1.2365009e+01  -3.3000000e+01   5.8433288e+01
   7.0000000e+00   3.5785656e+01  -1.4500000e+02   2.8243577e+00   1.5094302e+01  -3.3000000e+01   5.6452906e+01
   7.0000000e+00   3.7024687e+01  -1.4500000e+02   4.7539643e+00   1.8314472e+01  -3.3000000e+01   5.3973092e+01
   7.0000000e+00   3.7916454e+01  -1.4500000e+02   7.3367442e+00   1.9808391e+01  -3.3000000e+01   5.1164254e+01
   7.0000000e+00   3.8474700e+01  -1.4500000e+02   8.8926918e+00   2.2205161e+01  -3.3000000e+01   4.7731751e+01
   7.0000000e+00   3.8832289e+01  -1.4500000e+02   1.0936447e+01   2.3650303e+01  -3.3000000e+01   4.3854057e+01
   7.0000000e+00   4.0131186e+01  -1.4500000e+02   1.3100378e+01   2.5653431e+01  -3.3000000e+01   4.1034900e+01
   7.0000000e+00   4.0009644e+01  -1.4500000e+02   1.4668221e+01   2.7451668e+01  -3.3000000e+01   3.8375976e+01
   7.0000000e+00   4.0484591e+01  -1.4500000e+02   1.7211155e+01   2.9202999e+01  -3.3000000e+01   3.5736740e+01
   7.0000000e+00   3.9176110e+01  -1.4500000e+02   1.8377096e+01   3.1311924e+01  -3.3000000e+01   3.2296880e+01
   7.0000000e+00   3.8972019e+01  -1.4500000e+02   1.9526957e+01   3.2785402e+01  -3.3000000e+01   3.0541816e+01
   7.0000000e+00   3.7794235e+01  -1.4500000e+02   2.0652810e+01   3.4833718e+01  -3.3000000e+01   2.8689578e+01
   7.0000000e+00   3.7944416e+01  -1.4500000e+02   2.2834747e+01   3.5994429e+01  -3.3000000e+01   2.7042079e+01
   7.0000000e+00   3.9638614e+01  -1.4500000e+02   2.4746560e+01   3.7866413e+01  -3.3000000e+01   2.4317701e+01
   7.0000000e+00   4.0374205e+01  -1.4500000e+02   2.7020618e+01   4.0012693e+01  -3.3000000e+01   2.2165750e+01
   7.0000000e+00   3.8406346e+01  -1.4500000e+02   2.8602644e+01   4.1797886e+01  -3.3000000e+01   2.0393243e+01
   7.0000000e+00   3.7929486e+01  -1.4500000e+02   3.0828610e+01   4.2841703e+01  -3.3000000e+01   1.6813383e+01
   7.0000000e+00   3.7296504e+01  -1.4500000e+02   3.2872243e+01   4.4498064e+01  -3.3000000e+01   1.4456716e+01
   7.0000000e+00   3.6548402e+01  -1.4500000e+02   3.5302797e+01   4.5805337e+01  -3.3000000e+01   1.0699534e+01
   7.0000000e+00   3.4563266e+01  -1.4500000e+02   3.7304103e+01   4.7529165e+01  -3.3000000e+01   7.8214859e+00
   7.0000000e+00   3.2697370e+01  -1.4500000e+02   3.9298237e+01   4.8743841e+01  -3.3000000e+01   3.2713543e+00
   7.0000000e+00   3.1698217e+01  -1.4500000e+02   4.1142823e+01   4.9639868e+01  -3.3000000e+01  -1.0229500e+00
   7.0000000e+00   3.2207183e+01  -1.4500000e+02   4.3080222e+01   5.1626829e+01  -3.3000000e+01  -2.6265885e+00
   7.0000000e+00   3.1128631e+01  -1.4500000e+02   4.5316185e+01   5.3920186e+01  -3.3000000e+01  -4.7109817e+00
   7.0000000e+00   2.8412840e+01  -1.4500000e+02   4.7247626e+01   5.5557248e+01  -3.3000000e+01  -6.6366404e+00
   7.0000000e+00   2.6011814e+01  -1.4500000e+02   4.8735873e+01   5.7346621e+01  -3.3000000e+01  -8.6770468e+00
   7.0000000e+00   2.4138414e+01  -1.4500000e+02   4.9070255e+01   5.8900246e+01  -3.3000000e+01  -1.0664836e+01
   7.0000000e+00   2.1870410e+01  -1.4500000e+02   4.9323567e+01   6.0685061e+01  -3.3000000e+01  -1.2059777e+01
   7.0000000e+00   2.2127072e+01  -1.4500000e+02   4.8331376e+01   6.2011441e+01  -3.3000000e+01  -1.2541068e+01
   7.0000000e+00   2.5224589e+01  -1.4500000e+02   4.5521720e+01   6.3112299e+01  -3.3000000e+01  -1.3756972e+01
   7.0000000e+00   2.7880792e+01  -1.4500000e+02   4.2677893e+01   6.3597476e+01  -3.3000000e+01  -1.5593384e+01
   7.0000000e+00   3.1740131e+01  -1.4500000e+02   3.9719476e+01   6.1619516e+01  -3.3000000e+01  -1.5365794e+01
   7.0000000e+00   3.5299327e+01  -1.4500000e+02   3.6105617e+01   5.7613401e+01  -3.3000000e+01  -1.1955245e+01
   7.0000000e+00   3.9148862e+01  -1.4500000e+02   3.2790821e+01   5.2787894e+01  -3.3000000e+01  -6.1761242e+00
   7.0000000e+00   4.0410682e+01  -1.4500000e+02   2.8528647e+01   4.5862713e+01  -3.3000000e+01  -6.9065601e-01
   7.0000000e+00   4.0952676e+01  -1.4500000e+02   2.2840469e+01   3.7316517e+01  -3.3000000e+01   6.2627874e+00
   7.0000000e+00   4.1894569e+01  -1.4500000e+02   1.7808881e+01   2.8832742e+01  -3.3000000e+01   1.4076731e+01
   7.0000000e+00   4.3094202e+01  -1.4500000e+02   1.3161265e+01   2.1171285e+01  -3.3000000e+01   2.2373980e+01
   7.0000000e+00   4.0593219e+01  -1.4500000e+02   8.8806920e+00   1.4123932e+01  -3.3000000e+01   3.0000793e+01
   7.0000000e+00   3.7900901e+01  -1.4500000e+02   4.8637412e+00   1.0524458e+01  -3.3000000e+01   3.9577508e+01
   7.0000000e+00   3.2420309e+01  -1.4500000e+02   5.8635144e-01   8.3907951e+00  -3.3000000e+01   4.8861045e+01
   7.0000000e+00   3.1740749e+01  -1.4500000e+02  -1.0754774e+00   5.9218983e+00  -3.3000000e+01   5.3963360e+01
   7.0000000e+00   3.2136570e+01  -1.4500000e+02  -1.1215258e+00   5.2252158e+00  -3.3000000e+01   5.7488586e+01
   7.0000000e+00   3.2511742e+01  -1.4500000e+02  -7.4791219e-01   6.5829379e+00  -3.3000000e+01   5.9340853e+01
   7.0000000e+00   3.2014020e+01  -1.4500000e+02   5.1490004e-01   8.8263121e+00  -3.3000000e+01   5.8004525e+01
   7.0000000e+00   3.3769309e+01  -1.4500000e+02   2.7089377e+00   1.1319699e+01  -3.3000000e+01   5.4977085e+01
   7.0000000e+00   3.8129762e+01  -1.4500000e+02   6.2689984e+00   1.4270326e+01  -3.3000000e+01   5.2383144e+01
   7.0000000e+00   3.8480708e+01  -1.4500000e+02   8.9773001e+00   1.7757297e+01  -3.3000000e+01   4.9091757e+01
   7.0000000e+00   4.0396790e+01  -1.4500000e+02   1.1734605e+01   2.1062459e+01  -3.3000000e+01   4.7064121e+01
   7.0000000e+00   3.9733880e+01  -1.4500000e+02   1.3557085e+01   2.2568386e+01  -3.3000000e+01   4.3271509e+01
   7.0000000e+00   3.8095032e+01  -1.4500000e+02   1.3832553e+01   2.4407296e+01  -3.3000000e+01   3.9834683e+01
   7.0000000e+00   3.6686107e+01  -1.4500000e+02   1.5066249e+01   2.5268717e+01  -3.3000000e+01   3.6573233e+01
   7.0000000e+00   3.7177943e+01  -1.4500000e+02   1.6973172e+01   2.7254794e+01  -3.3000000e+01   3.3438893e+01
   7.0000000e+00   3.8697878e+01  -1.4500000e+02   1.9693546e+01   2.9193303e+01  -3.3000000e+01   3.0232733e+01
   7.0000000e+00   3.9750787e+01  -1.4500000e+02   2.2502960e+01   3.1294678e+01  -3.3000000e+01   2.7841634e+01
   7.0000000e+00   3.9073421e+01  -1.4500000e+02   2.4701569e+01   3.2708819e+01  -3.3000000e+01   2.6252119e+01
   7.0000000e+00   3.9385415e+01  -1.4500000e+02   2.6274229e+01   3.4409629e+01  -3.3000000e+01   2.4502454e+01
   7.0000000e+00   3.9354554e+01  -1.4500000e+02   2.7582400e+01   3.6616187e+01  -3.3000000e+01   2.2233214e+01
   7.0000000e+00   4.0291545e+01  -1.4500000e+02   2.8927484e+01   3.9617220e+01  -3.3000000e+01   2.0672113e+01
   7.0000000e+00   3.9791528e+01  -1.4500000e+02   3.1744941e+01   4.1179148e+01  -3.3000000e+01   1.6933404e+01
   7.0000000e+00   3.8255299e+01  -1.4500000e+02   3.4493195e+01   4.3159774e+01  -3.3000000e+01   1.3320254e+01
   7.0000000e+00   3.7707941e+01  -1.4500000e+02   3.6879240e+01   4.4587790e+01  -3.3000000e+01   9.4205967e+00
   7.0000000e+00   3.7112678e+01  -1.4500000e+02   3.9751267e+01   4.6476967e+01  -3.3000000e+01   6.4729510e+00
   7.0000000e+00   3.5095364e+01  -1.4500000e+02   4.1850215e+01   4.7927091e+01  -3.3000000e+01   2.6670312e+00
   7.0000000e+00   3.3919301e+01  -1.4500000e+02   4.3380105e+01   4.9477268e+01  -3.3000000e+01   4.9567188e-01
   7.0000000e+00   3.3231423e+01  -1.4500000e+02   4.4641275e+01   5.0325744e+01  -3.3000000e+01  -3.0347729e+00
   7.0000000e+00   3.1320265e+01  -1.4500000e+02   4.6036110e+01   5.1917053e+01  -3.3000000e+01  -5.7374093e+00
   7.0000000e+00   2.8877200e+01  -1.4500000e+02   4.7168428e+01   5.3306222e+01  -3.3000000e+01  -7.5099249e+00
   7.0000000e+00   2.7714700e+01  -1.4500000e+02   4.8000137e+01   5.3981208e+01  -3.3000000e+01  -9.8086791e+00
   7.0000000e+00   2.5704922e+01  -1.4500000e+02   4.8809315e+01   5.5152943e+01  -3.3000000e+01  -1.1975182e+01
   7.0000000e+00   2.5398824e+01  -1.4500000e+02   4.9930902e+01   5.6119423e+01  -3.3000000e+01  -1.4826100e+01
   7.0000000e+00   2.4219160e+01  -1.4500000e+02   5.0988439e+01   5.7764446e+01  -3.3000000e+01  -1.6593670e+01
   7.0000000e+00   2.3347138e+01  -1.4500000e+02   5.1356633e+01   5.9372406e+01  -3.3000000e+01  -1.6545086e+01
   7.0000000e+00   2.3670381e+01  -1.4500000e+02   5.1224000e+01   6.0520852e+01  -3.3000000e+01  -1.5625843e+01
   7.0000000e+00   2.6257934e+01  -1.4500000e+02   4.9513397e+01   6.1337289e+01  -3.3000000e+01  -1.3750765e+01
   7.0000000e+00   2.8638018e+01  -1.4500000e+02   4.6740954e+01   6.0792933e+01  -3.3000000e+01  -1.0885285e+01
   7.0000000e+00   3.2472487e+01  -1.4500000e+02   4.3465530e+01   5.8649896e+01  -3.3000000e+01  -6.6970719e+00
   7.0000000e+00   3.6060886e+01  -1.4500000e+02   3.8959720e+01   5.4241008e+01  -3.3000000e+01  -1.9833392e+00
   7.0000000e+00   4.0384786e+01  -1.4500000e+02   3.4356873e+01   4.9003979e+01  -3.3000000e+01   3.9875869e+00
   7.0000000e+00   4.2396393e+01  -1.4500000e+02   2.8757443e+01   4.3706065e+01  -3.3000000e+01   9.4063826e+00
   7.0000000e+00   4.3552239e+01  -1.4500000e+02   2.3662925e+01   3.7281828e+01  -3.3000000e+01   1.5912876e+01
   7.0000000e+00   4.2693556e+01  -1.4500000e+02   1.7753047e+01   3.1072122e+01  -3.3000000e+01   2.3470474e+01
   7.0000000e+00   4.1295737e+01  -1.4500000e+02   1.1907521e+01   2.6180541e+01  -3.3000000e+01   3.2899409e+01
   7.0000000e+00   3.7989781e+01  -1.4500000e+02   7.1561443e+00   2.2982294e+01  -3.3000000e+01   4.2826462e+01
   7.0000000e+00   3.6971608e+01  -1.4500000e+02   3.2558098e+00   1.8256893e+01  -3.3000000e+01   5.0979763e+01
   7.0000000e+00   3.3849872e+01  -1.4500000e+02  -1.9991397e-01   1.6441889e+01  -3.3000000e+01   5.6574028e+01
   7.0000000e+00   3.1916514e+01  -1.4500000e+02  -1.6224534e+00   1.2143873e+01  -3.3000000e+01   5.8329348e+01
   7.0000000e+00   3.1748503e+01  -1.4500000e+02  -1.9088255e+00   1.0509350e+01  -3.3000000e+01   5.9013704e+01
   7.0000000e+00   3.2843585e+01  -1.4500000e+02  -7.6071480e-01   1.0718942e+01  -3.3000000e+01   5.7899619e+01
   7.0000000e+00   3.4127418e+01  -1.4500000e+02   9.8227666e-01   1.2601235e+01  -3.3000000e+01   5.6518070e+01
   7.0000000e+00   3.3597620e+01  -1.4500000e+02   1.8085419e+00   1.6194194e+01  -3.3000000e+01   5.5286795e+01
   7.0000000e+00   3.3473266e+01  -1.4500000e+02   2.6952169e+00   1.8834936e+01  -3.3000000e+01   5.3353068e+01
   7.0000000e+00   3.3569984e+01  -1.4500000e+02   4.5746523e+00   1.9822005e+01  -3.3000000e+01   5.0620943e+01
   7.0000000e+00   3.4116568e+01  -1.4500000e+02   6.0580379e+00   2.0853307e+01  -3.3000000e+01   4.7617312e+01
   7.0000000e+00   3.2910450e+01  -1.4500000e+02   6.9890713e+00   2.1742348e+01  -3.3000000e+01   4.5119292e+01
   7.0000000e+00   3.2462242e+01  -1.4500000e+02   7.8496813e+00   2.2213811e+01  -3.3000000e+01   4.2137696e+01
   7.0000000e+00   3.3765554e+01  -1.4500000e+02   9.6546434e+00   2.3526527e+01  -3.3000000e+01   3.9116581e+01
   7.0000000e+00   3.4677906e+01  -1.4500000e+02   1.2366629e+01   2.5028650e+01  -3.3000000e+01   3.7060486e+01
   7.0000000e+00   3.4589521e+01  -1.4500000e+02   1.4405245e+01   2.8249453e+01  -3.3000000e+01   3.4523732e+01
   7.0000000e+00   3.3858764e+01  -1.4500000e+02   1.6108974e+01   3.0305161e+01  -3.3000000e+01   3.1350804e+01
   7.0000000e+00   3.5398109e+01  -1.4500000e+02   1.8254592e+01   3.2922307e+01  -3.3000000e+01   2.8918603e+01
   7.0000000e+00   3.4866408e+01  -1.4500000e+02   2.0822055e+01   3.4746213e+01  -3.3000000e+01   2.6739271e+01
   7.0000000e+00   3.7549916e+01  -1.4500000e+02   2.3286928e+01   3.7069004e+01  -3.3000000e+01   2.3995474e+01
   7.0000000e+00   3.6659436e+01  -1.4500000e+02   2.5578489e+01   3.8525975e+01  -3.3000000e+01   2.1230081e+01
   7.0000000e+00   3.4488408e+01  -1.4500000e+02   2.6711397e+01   3.9405975e+01  -3.3000000e+01   1.8646948e+01
   7.0000000e+00   3.2154388e+01  -1.4500000e+02   2.7840475e+01   4.0689274e+01  -3.3000000e+01   1.5889211e+01
   7.0000000e+00   3.2403405e+01  -1.4500000e+02   3.0522144e+01   4.2145087e+01  -3.3000000e+01   1.2466818e+01
   7.0000000e+00   3.4627822e+01  -1.4500000e+02   3.4147850e+01   4.4539681e+01  -3.3000000e+01   9.2255974e+00
   7.0000000e+00   3.3653786e+01  -1.4500000e+02   3.8394326e+01   4.7243369e+01  -3.3000000e+01   5.8255498e+00
   7.0000000e+00   3.3073586e+01  -1.4500000e+02   4.1286295e+01   4.9387296e+01  -3.3000000e+01   2.1365298e+00
   7.0000000e+00   3.2612417e+01  -1.4500000e+02   4.3677986e+01   5.1358290e+01  -3.3000000e+01  -3.4785665e-01
   7.0000000e+00   3.0212935e+01  -1.4500000e+02   4.5882570e+01   5.3590516e+01  -3.3000000e+01  -3.5452124e+00
   7.0000000e+00   2.8755901e+01  -1.4500000e+02   4.7608968e+01   5.5493399e+01  -3.3000000e+01  -6.2215779e+00
   7.0000000e+00   2.6730458e+01  -1.4500000e+02   4.9433384e+01   5.7574962e+01  -3.3000000e+01  -8.7914813e+00
   7.0000000e+00   2.5958443e+01  -1.4500000e+02   5.0820047e+01   5.9067004e+01  -3.3000000e+01  -1.0787503e+01
   7.0000000e+00   2.4428919e+01  -1.4500000e+02   5.1692678e+01   6.0828551e+01  -3.3000000e+01  -1.0714258e+01
   7.0000000e+00   2.2466783e+01  -1.4500000e+02   5.1794504e+01   6.2104528e+01  -3.3000000e+01  -1.1460900e+01
   7.0000000e+00   2.1306355e+01  -1.4500000e+02   5.1804755e+01   6.2921519e+01  -3.3000000e+01  -1.1733705e+01
   7.0000000e+00   2.1834958e+01  -1.4500000e+02   5.0467641e+01   6.3984614e+01  -3.3000000e+01  -1.4367413e+01
   7.0000000e+00   2.3402360e+01  -1.4500000e+02   4.8083531e+01   6.5567448e+01  -3.3000000e+01  -1.6787496e+01
   7.0000000e+00   2.7451344e+01  -1.4500000e+02   4.5673248e+01   6.6879257e+01  -3.3000000e+01  -1.8038609e+01
   7.0000000e+00   2.9647290e+01  -1.4500000e+02   4.3278397e+01   6.7596361e+01  -3.3000000e+01  -1.8841330e+01
   7.0000000e+00   3.2275163e+01  -1.4500000e+02   4.1183540e+01   6.6065153e+01  -3.3000000e+01  -1.8365129e+01
   7.0000000e+00   3.6011403e+01  -1.4500000e+02   3.8507700e+01   6.2916222e+01  -3.3000000e+01  -1.6260619e+01
   7.0000000e+00   3.7956252e+01  -1.4500000e+02   3.4586781e+01   5.8763708e+01  -3.3000000e+01  -1.1201996e+01
   7.0000000e+00   3.9987246e+01  -1.4500000e+02   3.0591543e+01   5.3099266e+01  -3.3000000e+01  -7.2362777e+00
   7.0000000e+00   4.2106674e+01  -1.4500000e+02   2.6333055e+01   4.6086333e+01  -3.3000000e+01  -1.2220280e+00
   7.0000000e+00   4.4299666e+01  -1.4500000e+02   2.2210542e+01   3.7826462e+01  -3.3000000e+01   5.9831643e+00
   7.0000000e+00   4.4849725e+01  -1.4500000e+02   1.8649615e+01   2.9658207e+01  -3.3000000e+01   1.4371400e+01
   7.0000000e+00   4.3492953e+01  -1.4500000e+02   1.3069801e+01   2.3514874e+01  -3.3000000e+01   2.2802324e+01
   7.0000000e+00   4.1189738e+01  -1.4500000e+02   9.3128375e+00   1.6321287e+01  -3.3000000e+01   3.0775518e+01
   7.0000000e+00   4.0225936e+01  -1.4500000e+02   6.1265419e+00   1.0616645e+01  -3.3000000e+01   3.7374828e+01
   7.0000000e+00   3.5437604e+01  -1.4500000e+02   2.4016538e+00   6.5739777e+00  -3.3000000e+01   4.3586645e+01
   7.0000000e+00   3.3171367e+01  -1.4500000e+02  -3.3191060e-01   5.0361769e+00  -3.3000000e+01   4.8780933e+01
   7.0000000e+00   2.9897226e+01  -1.4500000e+02  -2.3544838e+00   4.7896074e+00  -3.3000000e+01   5.4214507e+01
   7.0000000e+00   2.8514240e+01  -1.4500000e+02  -3.7396407e+00   4.8695819e+00  -3.3000000e+01   5.8239728e+01
   7.0000000e+00   2.9164307e+01  -1.4500000e+02  -3.1477462e+00   6.6964155e+00  -3.3000000e+01   5.8510568e+01
   7.0000000e+00   3.1210751e+01  -1.4500000e+02  -8.3896192e-01   8.3598697e+00  -3.3000000e+01   5.6100088e+01
   7.0000000e+00   3.2417078e+01  -1.4500000e+02   1.3925630e+00   1.0673657e+01  -3.3000000e+01   5.4003684e+01
   7.0000000e+00   3.2687291e+01  -1.4500000e+02   2.7181538e+00   1.2267249e+01  -3.3000000e+01   5.0661734e+01
   7.0000000e+00   3.3924491e+01  -1.4500000e+02   4.6478662e+00   1.4464050e+01  -3.3000000e+01   4.8292386e+01
   7.0000000e+00   3.4746069e+01  -1.4500000e+02   6.8564038e+00   1.6667593e+01  -3.3000000e+01   4.6123232e+01
   7.0000000e+00   3.5720800e+01  -1.4500000e+02   8.6501050e+00   1.9423625e+01  -3.3000000e+01   4.4669968e+01
   7.0000000e+00   3.4969793e+01  -1.4500000e+02   9.8156142e+00   2.0808641e+01  -3.3000000e+01   4.2481718e+01
   7.0000000e+00   3.5354556e+01  -1.4500000e+02   1.0729313e+01   2.2587417e+01  -3.3000000e+01   3.9772733e+01
   7.0000000e+00   3.7527162e+01  -1.4500000e+02   1.4234865e+01   2.4385199e+01  -3.3000000e+01   3.7757121e+01
   7.0000000e+00   3.9258346e+01  -1.4500000e+02   1.6778822e+01   2.7616660e+01  -3.3000000e+01   3.5340165e+01
   7.0000000e+00   4.0505692e+01  -1.4500000e+02   1.9252872e+01   2.9821707e+01  -3.3000000e+01   3.2678389e+01
   7.0000000e+00   4.2156248e+01  -1.4500000e+02   2.1709418e+01   3.1519479e+01  -3.3000000e+01   3.0161636e+01
   7.0000000e+00   4.0954806e+01  -1.4500000e+02   2.2257318e+01   3.3634367e+01  -3.3000000e+01   2.8303227e+01
   7.0000000e+00   4.0716024e+01  -1.4500000e+02   2.3778677e+01   3.5524571e+01  -3.3000000e+01   2.7227896e+01
   7.0000000e+00   4.0434066e+01  -1.4500000e+02   2.5188492e+01   3.6641820e+01  -3.3000000e+01   2.5134636e+01
   7.0000000e+00   3.9754336e+01  -1.4500000e+02   2.6433705e+01   3.7865116e+01  -3.3000000e+01   2.2691372e+01
   7.0000000e+00   3.7546063e+01  -1.4500000e+02   2.7005390e+01   3.8969182e+01  -3.3000000e+01   2.1088558e+01
   7.0000000e+00   3.4672433e+01  -1.4500000e+02   2.6991077e+01   3.9763293e+01  -3.3000000e+01   1.9645573e+01
   7.0000000e+00   3.4111361e+01  -1.4500000e+02   2.8073404e+01   4.0233030e+01  -3.3000000e+01   1.6901618e+01
   7.0000000e+00   3.3089336e+01  -1.4500000e+02   2.9573620e+01   4.0806878e+01  -3.3000000e+01   1.4020047e+01
   7.0000000e+00   3.4046828e+01  -1.4500000e+02   3.1765726e+01   4.2425204e+01  -3.3000000e+01   1.1994021e+01
   7.0000000e+00   3.5776345e+01  -1.4500000e+02   3.4487843e+01   4.4247512e+01  -3.3000000e+01   9.5275655e+00
   7.0000000e+00   3.5691068e+01  -1.4500000e+02   3.7116109e+01   4.6055582e+01  -3.3000000e+01   6.9168775e+00
   7.0000000e+00   3.3798662e+01  -1.4500000e+02   3.8945492e+01   4.6932233e+01  -3.3000000e+01   3.5906958e+00
