   4.0041376e+01   5.6405899e+01  -1.5618313e+02   5.6102705e+01   2.9766031e+01  -2.9408120e+01  -6.2851081e+00
   2.6103324e+01   5.1466301e+01  -1.5851415e+02   4.7567667e+01   2.5809279e+01  -2.9394784e+01   3.0115485e+00
   1.2165272e+01   4.6526703e+01  -1.6084517e+02   3.9032629e+01   2.1852528e+01  -2.9381447e+01   1.2308205e+01
   7.0000000e+00   4.0986381e+01  -1.4937071e+02   2.9080938e+01   3.3323368e+01  -3.7725117e+01   1.3103825e+01
   7.0000000e+00   3.9493921e+01  -1.4961782e+02   2.3798490e+01   3.4683238e+01  -3.8658680e+01   1.6431334e+01
   7.0000000e+00   3.7251590e+01  -1.5333796e+02   1.9286855e+01   3.5430700e+01  -3.8718590e+01   2.5281503e+01
   7.0000000e+00   3.5745497e+01  -1.5693441e+02   1.4582723e+01   3.3515756e+01  -3.9039313e+01   3.3258042e+01
   7.0000000e+00   3.4859272e+01  -1.5996649e+02   1.1721643e+01   3.1725952e+01  -3.8312052e+01   4.0622970e+01
   7.0000000e+00   3.3064846e+01  -1.6259043e+02   8.5153505e+00   3.0550949e+01  -3.8697513e+01   4.6331615e+01
   7.0000000e+00   3.0507320e+01  -1.6280662e+02   5.8790321e+00   2.9728108e+01  -3.9344272e+01   4.9964549e+01
   7.0000000e+00   2.8758962e+01  -1.6248978e+02   3.7884405e+00   2.9037164e+01  -3.9910610e+01   5.3292654e+01
   7.0000000e+00   2.6196967e+01  -1.6245676e+02   2.3297374e+00   2.7871795e+01  -4.0092071e+01   5.6679949e+01
   7.0000000e+00   2.6612576e+01  -1.6190113e+02   2.0299059e+00   2.6838013e+01  -3.9547689e+01   5.9846565e+01
   7.0000000e+00   2.6661432e+01  -1.6112074e+02   2.2854019e+00   2.5728716e+01  -3.8577715e+01   6.0919736e+01
   7.0000000e+00   2.9166495e+01  -1.5915399e+02   4.0758414e+00   2.5462837e+01  -3.5988273e+01   5.9833615e+01
   7.0000000e+00   3.1315104e+01  -1.5724984e+02   4.8575460e+00   2.6239981e+01  -3.3843192e+01   5.7393780e+01
   7.0000000e+00   3.1840613e+01  -1.5613070e+02   5.1881303e+00   2.7775415e+01  -3.2407116e+01   5.4398116e+01
   7.0000000e+00   3.2695092e+01  -1.5521477e+02   6.1509443e+00   2.7562659e+01  -3.0672970e+01   5.0230321e+01
   7.0000000e+00   3.3825446e+01  -1.5401048e+02   7.1012084e+00   2.8921482e+01  -2.9152134e+01   4.7364051e+01
   7.0000000e+00   3.3051404e+01  -1.5271777e+02   7.0218328e+00   3.0247770e+01  -2.8238280e+01   4.5007526e+01
   7.0000000e+00   3.4924586e+01  -1.5096857e+02   7.4671750e+00   3.1581684e+01  -2.6333784e+01   4.1830706e+01
   7.0000000e+00   3.6655429e+01  -1.4959203e+02   8.5343753e+00   3.2230685e+01  -2.3986387e+01   3.7791863e+01
   7.0000000e+00   3.8065928e+01  -1.4751777e+02   9.3016047e+00   3.3773139e+01  -2.1927712e+01   3.3454589e+01
   7.0000000e+00   3.8772947e+01  -1.4638966e+02   9.7969105e+00   3.5008664e+01  -2.0357474e+01   2.9832298e+01
   7.0000000e+00   3.8093775e+01  -1.4535491e+02   1.0002334e+01   3.6344188e+01  -1.9184692e+01   2.6722403e+01
   7.0000000e+00   3.7445507e+01  -1.4461141e+02   1.0440905e+01   3.7807603e+01  -1.7736716e+01   2.4624605e+01
   7.0000000e+00   3.7928701e+01  -1.4343447e+02   1.1017675e+01   3.8854239e+01  -1.6289317e+01   2.0702476e+01
   7.0000000e+00   3.8592412e+01  -1.4169087e+02   1.1418473e+01   4.0150399e+01  -1.4861059e+01   1.7703606e+01
   7.0000000e+00   4.0192737e+01  -1.3952809e+02   1.1922946e+01   4.1413017e+01  -1.3065561e+01   1.4025837e+01
   7.0000000e+00   3.8656364e+01  -1.3781879e+02   1.2244483e+01   4.2444594e+01  -1.1724402e+01   1.0648741e+01
   7.0000000e+00   3.9265353e+01  -1.3603724e+02   1.3135458e+01   4.3560724e+01  -1.0227562e+01   6.0260314e+00
   7.0000000e+00   3.8716522e+01  -1.3400811e+02   1.4082778e+01   4.4545959e+01  -8.6546352e+00   1.5487336e+00
   7.0000000e+00   3.9310285e+01  -1.3158749e+02   1.4798416e+01   4.5825673e+01  -7.0604709e+00  -3.0025778e+00
   7.0000000e+00   4.0730432e+01  -1.2950344e+02   1.5501087e+01   4.7364554e+01  -5.2558758e+00  -7.2156411e+00
   7.0000000e+00   4.1440449e+01  -1.2691361e+02   1.6019238e+01   4.9483331e+01  -3.7132766e+00  -1.1959025e+01
   7.0000000e+00   3.9836986e+01  -1.2497592e+02   1.6378334e+01   5.1051650e+01  -2.4278471e+00  -1.6075380e+01
   7.0000000e+00   3.9331919e+01  -1.2307294e+02   1.6468431e+01   5.1880593e+01  -1.2082156e+00  -2.1169792e+01
   7.0000000e+00   3.8893131e+01  -1.2126706e+02   1.6470071e+01   5.2705709e+01  -6.9550260e-02  -2.6304689e+01
   7.0000000e+00   3.6839450e+01  -1.1923491e+02   1.5974710e+01   5.3440636e+01   6.1325768e-01  -3.0033374e+01
   7.0000000e+00   3.6467798e+01  -1.1790996e+02   1.5449039e+01   5.3922459e+01   1.3781783e+00  -3.2611801e+01
   7.0000000e+00   3.5149420e+01  -1.1742517e+02   1.4700846e+01   5.3962274e+01   1.7812489e+00  -3.5545974e+01
   7.0000000e+00   3.5593345e+01  -1.1709547e+02   1.3289045e+01   5.4149244e+01   1.8347986e+00  -3.6478614e+01
   7.0000000e+00   3.8705494e+01  -1.1857646e+02   1.1087153e+01   5.4534597e+01   1.5306489e+00  -3.5196305e+01
   7.0000000e+00   4.0588538e+01  -1.2147621e+02   9.0143996e+00   5.5289023e+01   1.3636839e+00  -3.0445835e+01
   7.0000000e+00   4.2072048e+01  -1.2560633e+02   7.0048513e+00   5.5621399e+01   1.3100494e+00  -2.3721461e+01
   7.0000000e+00   4.1506864e+01  -1.3094695e+02   4.6367450e+00   5.5094002e+01   4.9432913e-01  -1.6563275e+01
   7.0000000e+00   3.9939250e+01  -1.3691907e+02   2.3897153e+00   5.2813676e+01  -7.9596853e-01  -7.4369005e+00
   7.0000000e+00   3.9711236e+01  -1.4179643e+02   5.5319227e-01   4.9625798e+01  -2.3146345e+00   1.3890538e+00
   7.0000000e+00   3.9320382e+01  -1.4528100e+02  -1.4327850e+00   4.5369530e+01  -4.3258960e+00   9.2491232e+00
   7.0000000e+00   3.8190318e+01  -1.5059425e+02  -2.7995075e+00   4.0976379e+01  -7.2045737e+00   1.8175042e+01
   7.0000000e+00   3.5582924e+01  -1.5515438e+02  -5.2285490e+00   3.9182889e+01  -1.1149942e+01   2.8077850e+01
   7.0000000e+00   3.3311364e+01  -1.5832316e+02  -7.3537383e+00   3.5950935e+01  -1.5092663e+01   3.6009465e+01
   7.0000000e+00   3.0915149e+01  -1.6117777e+02  -8.9408292e+00   3.2950115e+01  -1.8691115e+01   4.2968514e+01
   7.0000000e+00   2.6828706e+01  -1.6266863e+02  -1.0373170e+01   2.9604522e+01  -2.2317804e+01   4.9254708e+01
   7.0000000e+00   2.3947601e+01  -1.6220559e+02  -1.0585444e+01   2.6796188e+01  -2.5320683e+01   5.4976630e+01
   7.0000000e+00   2.1159316e+01  -1.6144395e+02  -1.0343337e+01   2.2735694e+01  -2.7913733e+01   5.6854918e+01
   7.0000000e+00   2.3677371e+01  -1.5981630e+02  -8.3108510e+00   2.0309973e+01  -2.8213887e+01   5.7973299e+01
   7.0000000e+00   2.9735360e+01  -1.5914753e+02  -4.4528774e+00   1.9367104e+01  -2.6784888e+01   5.7758565e+01
   7.0000000e+00   3.1918459e+01  -1.5621527e+02  -2.0345707e+00   2.0199447e+01  -2.5371338e+01   5.7083181e+01
   7.0000000e+00   3.3218074e+01  -1.5575375e+02  -4.2865062e-01   2.0764708e+01  -2.4691519e+01   5.4913458e+01
   7.0000000e+00   3.4872020e+01  -1.5492761e+02   9.7258294e-01   2.3640119e+01  -2.4062569e+01   5.2998957e+01
   7.0000000e+00   3.5891517e+01  -1.5454742e+02   2.9628183e+00   2.6011965e+01  -2.3170907e+01   4.9666060e+01
   7.0000000e+00   3.7518762e+01  -1.5464953e+02   4.9462704e+00   2.7813663e+01  -2.2347171e+01   4.6018117e+01
   7.0000000e+00   3.8635767e+01  -1.5336609e+02   6.6357487e+00   3.0384017e+01  -2.1723424e+01   4.2977913e+01
   7.0000000e+00   3.8376832e+01  -1.5109971e+02   7.2879421e+00   3.1372836e+01  -2.1376670e+01   4.0667264e+01
   7.0000000e+00   3.6881044e+01  -1.4901564e+02   7.5408158e+00   3.1603241e+01  -2.0945866e+01   3.8734434e+01
   7.0000000e+00   3.7047558e+01  -1.4687272e+02   7.4929782e+00   3.1772608e+01  -2.0182286e+01   3.5019355e+01
   7.0000000e+00   3.6236126e+01  -1.4606307e+02   7.6562740e+00   3.1786940e+01  -1.9429210e+01   3.1178367e+01
   7.0000000e+00   3.7161818e+01  -1.4496147e+02   8.0522860e+00   3.4262798e+01  -1.8371651e+01   2.9684840e+01
   7.0000000e+00   4.0185127e+01  -1.4423207e+02   9.3634601e+00   3.6756161e+01  -1.6292598e+01   2.7738092e+01
   7.0000000e+00   4.0367251e+01  -1.4279189e+02   9.9779593e+00   3.7879779e+01  -1.5204017e+01   2.4785727e+01
   7.0000000e+00   3.5802486e+01  -1.4100085e+02   9.2654063e+00   3.7149564e+01  -1.5443137e+01   2.2643214e+01
   7.0000000e+00   3.2713276e+01  -1.4025450e+02   8.5927456e+00   3.6184358e+01  -1.5565328e+01   2.0043559e+01
   7.0000000e+00   3.3283389e+01  -1.3906993e+02   8.9233107e+00   3.7186602e+01  -1.4283972e+01   1.6586940e+01
   7.0000000e+00   3.6840678e+01  -1.3730163e+02   9.8471894e+00   3.8694725e+01  -1.2327826e+01   1.2732343e+01
   7.0000000e+00   3.8185860e+01  -1.3510344e+02   1.1172151e+01   4.0495145e+01  -1.0299984e+01   7.9286800e+00
   7.0000000e+00   3.6985552e+01  -1.3352855e+02   1.2961960e+01   4.2241941e+01  -8.8107150e+00   2.8331037e+00
   7.0000000e+00   3.7845691e+01  -1.3144079e+02   1.4262064e+01   4.3484148e+01  -7.3277228e+00  -2.2811870e+00
   7.0000000e+00   3.8310324e+01  -1.2896678e+02   1.4863730e+01   4.4569497e+01  -5.8786014e+00  -7.1304952e+00
   7.0000000e+00   3.8296026e+01  -1.2664433e+02   1.5557242e+01   4.5869018e+01  -4.4700711e+00  -1.2383074e+01
   7.0000000e+00   3.8289316e+01  -1.2440058e+02   1.6249973e+01   4.7281135e+01  -3.2338746e+00  -1.7207298e+01
   7.0000000e+00   3.7541599e+01  -1.2212746e+02   1.6913632e+01   4.8695254e+01  -2.3040240e+00  -2.2914780e+01
   7.0000000e+00   3.7382291e+01  -1.1965735e+02   1.7096894e+01   5.0249860e+01  -1.6851916e+00  -2.8401661e+01
   7.0000000e+00   3.7237566e+01  -1.1684960e+02   1.7008600e+01   5.2182299e+01  -1.0478853e+00  -3.1817546e+01
   7.0000000e+00   3.8002776e+01  -1.1531500e+02   1.7092477e+01   5.3802538e+01  -1.7635121e-01  -3.4628364e+01
   7.0000000e+00   3.9472279e+01  -1.1583482e+02   1.6644016e+01   5.5302936e+01   1.3591135e-01  -3.7218443e+01
   7.0000000e+00   4.0153799e+01  -1.1938374e+02   1.4996545e+01   5.6014448e+01  -2.3762982e-01  -3.7914590e+01
   7.0000000e+00   4.0585475e+01  -1.2260583e+02   1.3090778e+01   5.6866649e+01  -6.6207662e-01  -3.6971499e+01
   7.0000000e+00   3.9391324e+01  -1.2639464e+02   1.1068381e+01   5.6793700e+01  -7.8527693e-01  -3.1585343e+01
   7.0000000e+00   3.8514059e+01  -1.3163931e+02   8.2788014e+00   5.3712344e+01  -1.2525649e+00  -2.5854259e+01
   7.0000000e+00   3.8492408e+01  -1.3685480e+02   5.4978306e+00   5.0326762e+01  -1.8849149e+00  -1.6861466e+01
   7.0000000e+00   3.8824777e+01  -1.4114405e+02   3.2727008e+00   4.5917701e+01  -2.8012255e+00  -6.9088286e+00
   7.0000000e+00   3.8145671e+01  -1.4486973e+02   1.7937294e-01   4.0517701e+01  -4.8263486e+00   2.7966907e+00
   7.0000000e+00   3.7414098e+01  -1.4964628e+02  -3.1783542e+00   3.6626187e+01  -7.8829819e+00   1.3130457e+01
   7.0000000e+00   3.4930523e+01  -1.5367228e+02  -5.9849281e+00   3.4402472e+01  -1.1234388e+01   2.3543036e+01
   7.0000000e+00   3.3839145e+01  -1.5649807e+02  -7.7892971e+00   3.2667202e+01  -1.4541515e+01   3.2800421e+01
   7.0000000e+00   3.2512842e+01  -1.5893506e+02  -7.5998426e+00   3.0892418e+01  -1.6856938e+01   4.1282695e+01
   7.0000000e+00   3.1504597e+01  -1.6188968e+02  -7.2499829e+00   3.0030513e+01  -2.0143710e+01   4.7098844e+01
   7.0000000e+00   2.8116864e+01  -1.6200627e+02  -7.1970304e+00   2.6621361e+01  -2.3152072e+01   5.1479140e+01
   7.0000000e+00   2.6475149e+01  -1.6089174e+02  -6.7529125e+00   2.3704485e+01  -2.5927766e+01   5.3354852e+01
   7.0000000e+00   2.4726182e+01  -1.5956497e+02  -5.9765869e+00   2.1341605e+01  -2.8084407e+01   5.5141505e+01
   7.0000000e+00   2.7323065e+01  -1.5823576e+02  -3.8155802e+00   2.0571159e+01  -2.8494066e+01   5.5616543e+01
   7.0000000e+00   2.9092106e+01  -1.5733148e+02  -1.0679808e+00   2.0873512e+01  -2.7737639e+01   5.5132819e+01
   7.0000000e+00   3.0259528e+01  -1.5610984e+02   4.0542511e-01   2.0963569e+01  -2.7772436e+01   5.2830435e+01
   7.0000000e+00   3.1246293e+01  -1.5548317e+02   2.1732873e+00   2.0604192e+01  -2.7477941e+01   4.9765593e+01
   7.0000000e+00   3.3796887e+01  -1.5383872e+02   3.8866387e+00   2.1869375e+01  -2.6850831e+01   4.7154269e+01
   7.0000000e+00   3.5683430e+01  -1.5206894e+02   5.5988741e+00   2.3162746e+01  -2.5931167e+01   4.3799167e+01
   7.0000000e+00   3.5826038e+01  -1.5053097e+02   6.3734607e+00   2.3184882e+01  -2.4698192e+01   4.0385747e+01
   7.0000000e+00   3.6881668e+01  -1.4891632e+02   7.1503847e+00   2.3779184e+01  -2.2871588e+01   3.7375689e+01
   7.0000000e+00   3.8747566e+01  -1.4744758e+02   7.9366986e+00   2.5574042e+01  -2.0906707e+01   3.4593298e+01
   7.0000000e+00   3.8251861e+01  -1.4625390e+02   8.4237577e+00   2.8414649e+01  -1.9769389e+01   3.2375211e+01
   7.0000000e+00   3.8670533e+01  -1.4592492e+02   9.2188696e+00   2.9113590e+01  -1.8480546e+01   2.9680156e+01
   7.0000000e+00   3.8885051e+01  -1.4522464e+02   9.8689654e+00   3.0359067e+01  -1.7384570e+01   2.7066227e+01
   7.0000000e+00   3.8692118e+01  -1.4544336e+02   1.1023310e+01   3.2275669e+01  -1.6185083e+01   2.5706951e+01
   7.0000000e+00   4.1158588e+01  -1.4434020e+02   1.2243680e+01   3.4460730e+01  -1.4865724e+01   2.2511519e+01
   7.0000000e+00   3.9679424e+01  -1.4342373e+02   1.3297465e+01   3.4752036e+01  -1.4303706e+01   1.9839916e+01
   7.0000000e+00   3.9779136e+01  -1.4127256e+02   1.2868152e+01   3.5690665e+01  -1.3874637e+01   1.7873061e+01
   7.0000000e+00   3.5197418e+01  -1.4042404e+02   1.2455537e+01   3.4878217e+01  -1.3801012e+01   1.4925408e+01
   7.0000000e+00   3.4647388e+01  -1.3903167e+02   1.2472222e+01   3.4469944e+01  -1.3280531e+01   1.1463331e+01
   7.0000000e+00   3.7606955e+01  -1.3636720e+02   1.3409980e+01   3.7069556e+01  -1.1667798e+01   7.4489943e+00
   7.0000000e+00   3.8847986e+01  -1.3433837e+02   1.4724291e+01   3.8970141e+01  -9.7387746e+00   3.6796212e+00
   7.0000000e+00   3.9592329e+01  -1.3220298e+02   1.5703718e+01   4.0756450e+01  -8.0675030e+00  -6.8033552e-01
   7.0000000e+00   4.0339279e+01  -1.3030528e+02   1.6560727e+01   4.2655745e+01  -6.6502489e+00  -5.7525811e+00
   7.0000000e+00   4.1224529e+01  -1.2827124e+02   1.7377665e+01   4.4722490e+01  -5.2939128e+00  -1.1798887e+01
   7.0000000e+00   4.1467667e+01  -1.2596167e+02   1.8115313e+01   4.6665265e+01  -3.8881831e+00  -1.6848157e+01
   7.0000000e+00   4.0087468e+01  -1.2457092e+02   1.8207057e+01   4.7832292e+01  -2.8795078e+00  -2.0021624e+01
   7.0000000e+00   3.7834880e+01  -1.2315446e+02   1.8240231e+01   4.8149890e+01  -1.9932237e+00  -2.4787978e+01
   7.0000000e+00   3.6382699e+01  -1.2148893e+02   1.8134595e+01   4.8484453e+01  -1.2354425e+00  -2.8525036e+01
   7.0000000e+00   3.5135879e+01  -1.2031416e+02   1.7966634e+01   4.8499484e+01  -3.5464165e-01  -3.1726382e+01
   7.0000000e+00   3.4292490e+01  -1.1935522e+02   1.7790602e+01   4.8744163e+01   4.9737504e-01  -3.4232804e+01
   7.0000000e+00   3.4306261e+01  -1.1762546e+02   1.7527720e+01   4.9653027e+01   1.4438275e+00  -3.6556178e+01
   7.0000000e+00   3.5749365e+01  -1.1728380e+02   1.6368895e+01   5.0905412e+01   1.2930738e+00  -4.0672670e+01
   7.0000000e+00   3.7441699e+01  -1.1856927e+02   1.5400853e+01   5.1388845e+01   1.1235188e+00  -4.5203540e+01
   7.0000000e+00   3.8666333e+01  -1.2094362e+02   1.3490146e+01   5.2322528e+01   6.7213195e-01  -4.2390896e+01
   7.0000000e+00   3.9835426e+01  -1.2418864e+02   1.1811342e+01   5.3318733e+01   4.5682063e-01  -3.6478411e+01
   7.0000000e+00   4.0497007e+01  -1.2882379e+02   9.6923831e+00   5.2430244e+01   1.8238893e-01  -2.9892201e+01
   7.0000000e+00   3.9107091e+01  -1.3494003e+02   7.3191989e+00   4.9638865e+01  -1.1437530e+00  -2.1350254e+01
   7.0000000e+00   3.7117811e+01  -1.4064227e+02   4.8897964e+00   4.5914972e+01  -2.8521579e+00  -1.0947696e+01
   7.0000000e+00   3.5899721e+01  -1.4494492e+02   1.7347481e+00   4.0931003e+01  -5.2620204e+00  -7.7105825e-01
   7.0000000e+00   3.4687889e+01  -1.4943906e+02  -1.3321632e+00   3.5834044e+01  -7.7157466e+00   1.0015957e+01
   7.0000000e+00   3.4802923e+01  -1.5364968e+02  -4.0510245e+00   3.1870050e+01  -1.1091051e+01   2.0501836e+01
   7.0000000e+00   3.1999918e+01  -1.5670233e+02  -7.0665252e+00   2.8621392e+01  -1.5422843e+01   3.0442780e+01
   7.0000000e+00   3.0851853e+01  -1.5959119e+02  -8.1424015e+00   2.5853647e+01  -1.9040951e+01   3.9152706e+01
   7.0000000e+00   2.7514653e+01  -1.6098409e+02  -9.1173565e+00   2.3885779e+01  -2.2155505e+01   4.6653186e+01
   7.0000000e+00   2.5779531e+01  -1.6108075e+02  -1.0232328e+01   2.2407273e+01  -2.5105498e+01   5.2516868e+01
   7.0000000e+00   2.7082590e+01  -1.6176239e+02  -8.7812333e+00   2.0634754e+01  -2.6171723e+01   5.6217084e+01
   7.0000000e+00   2.7013995e+01  -1.6158235e+02  -7.7585689e+00   2.2429669e+01  -2.7703127e+01   5.9665980e+01
   7.0000000e+00   2.9600049e+01  -1.6092743e+02  -4.9001812e+00   2.3226463e+01  -2.7280636e+01   5.8687158e+01
   7.0000000e+00   3.2104825e+01  -1.6021561e+02  -1.3475982e+00   2.5292205e+01  -2.6231774e+01   5.7625527e+01
   7.0000000e+00   3.4372407e+01  -1.5988390e+02   1.5861497e+00   2.7466908e+01  -2.6293949e+01   5.4593881e+01
   7.0000000e+00   3.4697278e+01  -1.5999860e+02   4.0069183e+00   2.8729286e+01  -2.7245800e+01   5.1540493e+01
   7.0000000e+00   3.4415123e+01  -1.5857210e+02   6.3807743e+00   2.8705052e+01  -2.8260426e+01   4.9012723e+01
   7.0000000e+00   3.8468662e+01  -1.5587905e+02   8.9667834e+00   2.9110770e+01  -2.7583444e+01   4.5498717e+01
   7.0000000e+00   3.7078019e+01  -1.5441306e+02   1.0478928e+01   2.8622199e+01  -2.7744618e+01   4.2188855e+01
   7.0000000e+00   3.8218949e+01  -1.5253319e+02   1.1667874e+01   2.9601210e+01  -2.7128556e+01   3.9095814e+01
   7.0000000e+00   3.9308299e+01  -1.5076093e+02   1.2606597e+01   3.0249189e+01  -2.5034657e+01   3.6412768e+01
   7.0000000e+00   3.8999490e+01  -1.4872438e+02   1.2118790e+01   3.1438643e+01  -2.3806353e+01   3.2908768e+01
   7.0000000e+00   3.8145160e+01  -1.4691149e+02   1.1658306e+01   3.0601657e+01  -2.2386260e+01   2.9344904e+01
   7.0000000e+00   3.7646807e+01  -1.4541311e+02   1.1419062e+01   3.1327928e+01  -2.1111268e+01   2.6691561e+01
   7.0000000e+00   3.7592398e+01  -1.4489988e+02   1.2117461e+01   3.3468156e+01  -1.9141144e+01   2.4949140e+01
   7.0000000e+00   3.9192583e+01  -1.4410169e+02   1.3182738e+01   3.5446346e+01  -1.7256841e+01   2.1425954e+01
   7.0000000e+00   3.6386973e+01  -1.4248133e+02   1.2954503e+01   3.7099783e+01  -1.7150463e+01   1.9367410e+01
   7.0000000e+00   3.5963272e+01  -1.4116072e+02   1.3135659e+01   3.7280680e+01  -1.6116547e+01   1.6688383e+01
   7.0000000e+00   3.7268035e+01  -1.3974727e+02   1.3714534e+01   3.7964455e+01  -1.4516871e+01   1.3298216e+01
   7.0000000e+00   3.8678081e+01  -1.3735832e+02   1.3947002e+01   3.9294584e+01  -1.2991121e+01   9.7797735e+00
   7.0000000e+00   3.9710916e+01  -1.3491759e+02   1.4284148e+01   4.0451385e+01  -1.1267506e+01   5.9008778e+00
   7.0000000e+00   4.0716573e+01  -1.3274983e+02   1.5226263e+01   4.1832586e+01  -9.1067121e+00   1.1428359e+00
   7.0000000e+00   4.1574380e+01  -1.3061531e+02   1.5960224e+01   4.3823918e+01  -7.1578272e+00  -3.0876303e+00
   7.0000000e+00   4.2150779e+01  -1.2913531e+02   1.6559153e+01   4.5062122e+01  -5.2850202e+00  -7.9236874e+00
   7.0000000e+00   4.1846296e+01  -1.2675586e+02   1.6858339e+01   4.6915323e+01  -3.7105420e+00  -1.2458072e+01
   7.0000000e+00   4.0767884e+01  -1.2546240e+02   1.7562152e+01   4.8096443e+01  -2.4989908e+00  -1.5728933e+01
   7.0000000e+00   3.8172332e+01  -1.2479788e+02   1.7783417e+01   4.8056076e+01  -2.0009299e+00  -1.9148063e+01
   7.0000000e+00   3.6199661e+01  -1.2257045e+02   1.7944273e+01   4.8516088e+01  -1.6295445e+00  -2.3880279e+01
   7.0000000e+00   3.6109045e+01  -1.2098660e+02   1.7923064e+01   4.8593289e+01  -9.0500700e-01  -2.8528746e+01
   7.0000000e+00   3.6595962e+01  -1.1939282e+02   1.7725213e+01   4.8845070e+01   2.2315426e-01  -3.1828054e+01
   7.0000000e+00   3.5454304e+01  -1.1778060e+02   1.6914537e+01   4.9839287e+01   1.1349166e+00  -3.3722515e+01
   7.0000000e+00   3.5780850e+01  -1.1543312e+02   1.5482591e+01   5.1379606e+01   1.8309169e+00  -3.5327796e+01
   7.0000000e+00   3.4610230e+01  -1.1405890e+02   1.4765867e+01   5.2271161e+01   2.9973677e+00  -3.8258076e+01
   7.0000000e+00   3.4504145e+01  -1.1442607e+02   1.3675833e+01   5.3041886e+01   3.3533953e+00  -4.0456160e+01
   7.0000000e+00   3.7117686e+01  -1.1589574e+02   1.2444557e+01   5.3496354e+01   3.0322254e+00  -4.5172331e+01
   7.0000000e+00   3.7358235e+01  -1.1813351e+02   1.0447459e+01   5.4073668e+01   2.2497532e+00  -4.7504600e+01
   7.0000000e+00   4.0205579e+01  -1.2147450e+02   8.4541925e+00   5.4853073e+01   2.0026052e+00  -4.5192619e+01
   7.0000000e+00   4.0424464e+01  -1.2457149e+02   6.4334224e+00   5.5777504e+01   1.6388268e+00  -4.0592048e+01
   7.0000000e+00   4.0590106e+01  -1.2869082e+02   4.4299560e+00   5.5811836e+01   1.4136692e+00  -3.3816526e+01
   7.0000000e+00   3.9700846e+01  -1.3459015e+02   1.8757445e+00   5.4184707e+01   3.8585590e-01  -2.5758976e+01
   7.0000000e+00   3.8521587e+01  -1.3925495e+02  -8.3080485e-01   5.2858162e+01  -8.7734030e-01  -1.7356281e+01
   7.0000000e+00   3.6909763e+01  -1.4410815e+02  -3.1370135e+00   4.9555522e+01  -2.7838372e+00  -8.0881904e+00
   7.0000000e+00   3.5710076e+01  -1.4992416e+02  -4.5780074e+00   4.4374445e+01  -5.2996080e+00   2.5264434e-01
   7.0000000e+00   3.4948634e+01  -1.5240407e+02  -6.2879391e+00   4.1801982e+01  -8.3117835e+00   8.8873710e+00
   7.0000000e+00   3.3747457e+01  -1.5604445e+02  -7.9774042e+00   3.9495760e+01  -1.1957889e+01   1.8619977e+01
   7.0000000e+00   3.3036605e+01  -1.5836276e+02  -8.3487659e+00   3.6696845e+01  -1.4746152e+01   2.7609324e+01
   7.0000000e+00   3.1840599e+01  -1.6099275e+02  -8.1036461e+00   3.3105160e+01  -1.7127283e+01   3.5556287e+01
   7.0000000e+00   3.0878212e+01  -1.6240037e+02  -8.1758053e+00   3.0577866e+01  -1.9868796e+01   4.2910345e+01
   7.0000000e+00   2.8492792e+01  -1.6313612e+02  -7.8623314e+00   2.7769801e+01  -2.2530956e+01   5.0152059e+01
   7.0000000e+00   2.8288423e+01  -1.6389622e+02  -6.1323598e+00   2.3075296e+01  -2.4571816e+01   5.3628564e+01
   7.0000000e+00   2.9111703e+01  -1.6291858e+02  -4.8428351e+00   2.2117233e+01  -2.6601737e+01   5.6732883e+01
   7.0000000e+00   2.8581184e+01  -1.6232186e+02  -3.7639629e+00   2.0521309e+01  -2.8549403e+01   5.8824095e+01
   7.0000000e+00   3.1223084e+01  -1.6122072e+02  -1.3147961e+00   1.9869266e+01  -2.8608476e+01   6.0695256e+01
   7.0000000e+00   3.3257943e+01  -1.5899144e+02   6.1330899e-01   2.0068808e+01  -2.8540806e+01   6.0084305e+01
   7.0000000e+00   3.3363494e+01  -1.5695552e+02   1.6107855e+00   2.0859319e+01  -2.8570919e+01   5.7466698e+01
   7.0000000e+00   3.3013609e+01  -1.5593972e+02   2.0549958e+00   2.2179683e+01  -2.8533263e+01   5.6060901e+01
   7.0000000e+00   3.4556434e+01  -1.5530915e+02   3.1188736e+00   2.4281686e+01  -2.7822491e+01   5.5073080e+01
   7.0000000e+00   3.5963648e+01  -1.5602528e+02   5.0032688e+00   2.5060941e+01  -2.6836992e+01   5.0707925e+01
   7.0000000e+00   3.8634757e+01  -1.5486474e+02   6.3891609e+00   2.7133300e+01  -2.5679121e+01   4.9221999e+01
   7.0000000e+00   3.9175231e+01  -1.5391492e+02   7.7406969e+00   2.8783454e+01  -2.4871814e+01   4.5724290e+01
   7.0000000e+00   3.8217605e+01  -1.5238569e+02   8.2267801e+00   3.0606865e+01  -2.4821300e+01   4.3680426e+01
   7.0000000e+00   3.7961945e+01  -1.5153078e+02   8.9708653e+00   3.0974606e+01  -2.4339315e+01   4.0742814e+01
   7.0000000e+00   3.8293952e+01  -1.4908692e+02   8.8121753e+00   3.0838247e+01  -2.3630486e+01   3.7250303e+01
   7.0000000e+00   3.8082098e+01  -1.4809280e+02   9.5123151e+00   3.1812497e+01  -2.2269867e+01   3.5489073e+01
   7.0000000e+00   4.0328932e+01  -1.4588204e+02   9.8929655e+00   3.3517064e+01  -2.0554262e+01   3.2042069e+01
   7.0000000e+00   3.9768263e+01  -1.4426473e+02   9.6981002e+00   3.4473152e+01  -1.9296793e+01   2.9163496e+01
   7.0000000e+00   3.8042635e+01  -1.4374634e+02   9.6366807e+00   3.4563930e+01  -1.8038381e+01   2.7436220e+01
   7.0000000e+00   3.5732540e+01  -1.4274777e+02   9.5727734e+00   3.4179073e+01  -1.7129750e+01   2.3680461e+01
   7.0000000e+00   3.5016014e+01  -1.4098576e+02   9.1536383e+00   3.4675666e+01  -1.6602513e+01   2.0703783e+01
   7.0000000e+00   3.4402949e+01  -1.3962199e+02   9.3624724e+00   3.4822889e+01  -1.5529921e+01   1.7848988e+01
   7.0000000e+00   3.6437079e+01  -1.3913075e+02   1.1281492e+01   3.6520213e+01  -1.3494554e+01   1.2934957e+01
   7.0000000e+00   3.7658629e+01  -1.3698721e+02   1.3125346e+01   3.8570433e+01  -1.1624261e+01   7.9020480e+00
   7.0000000e+00   3.8870920e+01  -1.3494789e+02   1.4579806e+01   4.0117118e+01  -9.8128860e+00   3.1834013e+00
   7.0000000e+00   3.9644053e+01  -1.3307677e+02   1.5859246e+01   4.1845793e+01  -8.1173347e+00  -1.9029635e+00
   7.0000000e+00   4.0146289e+01  -1.3159374e+02   1.6906056e+01   4.3102937e+01  -6.5932318e+00  -7.1749527e+00
   7.0000000e+00   4.0034779e+01  -1.2928727e+02   1.7626930e+01   4.4825312e+01  -5.2777413e+00  -1.2118608e+01
   7.0000000e+00   3.9516512e+01  -1.2674035e+02   1.7798280e+01   4.6553669e+01  -3.8867017e+00  -1.5152293e+01
   7.0000000e+00   3.8024120e+01  -1.2538586e+02   1.8144034e+01   4.7329723e+01  -2.5294770e+00  -1.9565014e+01
   7.0000000e+00   3.5148542e+01  -1.2415727e+02   1.8391802e+01   4.7262274e+01  -1.9273912e+00  -2.4699299e+01
   7.0000000e+00   3.4787875e+01  -1.2254245e+02   1.8545334e+01   4.7552340e+01  -8.8525032e-01  -2.9666846e+01
   7.0000000e+00   3.3727969e+01  -1.1858901e+02   1.7249131e+01   4.9505117e+01  -8.2916550e-01  -3.1925214e+01
   7.0000000e+00   3.3980873e+01  -1.1615221e+02   1.6230371e+01   5.1296631e+01  -1.6285686e-01  -3.2785824e+01
   7.0000000e+00   3.4247971e+01  -1.1551604e+02   1.5389839e+01   5.2894745e+01   6.3209958e-01  -3.2534314e+01
   7.0000000e+00   3.6209498e+01  -1.1667771e+02   1.4347353e+01   5.3841621e+01   8.4685811e-01  -3.5583254e+01
   7.0000000e+00   3.8019873e+01  -1.1766566e+02   1.3246430e+01   5.4781513e+01   1.0153663e+00  -3.8566361e+01
   7.0000000e+00   4.0495326e+01  -1.2090581e+02   1.1505174e+01   5.4657925e+01   1.1025108e+00  -4.0290389e+01
   7.0000000e+00   4.1159400e+01  -1.2444074e+02   8.9771398e+00   5.4792227e+01   8.2859548e-01  -3.4795432e+01
   7.0000000e+00   4.0669160e+01  -1.3041396e+02   6.4749653e+00   5.2806229e+01  -1.2042278e-01  -2.8078930e+01
   7.0000000e+00   3.8648049e+01  -1.3524725e+02   3.7560954e+00   5.0512697e+01  -1.5819644e+00  -2.0214898e+01
   7.0000000e+00   3.7058225e+01  -1.4082071e+02   1.4388789e+00   4.7245816e+01  -3.0290256e+00  -1.1369178e+01
   7.0000000e+00   3.5398036e+01  -1.4535916e+02  -1.4029946e+00   4.2885288e+01  -5.9823532e+00  -3.0931414e+00
   7.0000000e+00   3.3719998e+01  -1.4866426e+02  -3.7770194e+00   3.9198521e+01  -9.1320163e+00   4.9941572e+00
   7.0000000e+00   3.4841415e+01  -1.5395402e+02  -4.3212836e+00   3.5561912e+01  -1.1479776e+01   1.5241752e+01
   7.0000000e+00   3.2237718e+01  -1.5708937e+02  -7.1731106e+00   3.2346915e+01  -1.5353943e+01   2.5711699e+01
   7.0000000e+00   2.9615196e+01  -1.6087852e+02  -8.4800018e+00   3.0238600e+01  -1.8882309e+01   3.6184903e+01
   7.0000000e+00   2.6653198e+01  -1.6286622e+02  -9.5241212e+00   2.8694484e+01  -2.2300604e+01   4.5609119e+01
   7.0000000e+00   2.3617088e+01  -1.6220230e+02  -1.0673466e+01   2.6951950e+01  -2.5583825e+01   5.2339095e+01
   7.0000000e+00   2.5988283e+01  -1.6229451e+02  -9.5291981e+00   2.4482961e+01  -2.7140668e+01   5.6669637e+01
   7.0000000e+00   2.9121880e+01  -1.6351740e+02  -6.8737407e+00   2.2245116e+01  -2.7249131e+01   6.0003774e+01
   7.0000000e+00   3.0804095e+01  -1.6191580e+02  -5.1884653e+00   2.3979838e+01  -2.7549506e+01   6.2351443e+01
   7.0000000e+00   3.3805578e+01  -1.6210994e+02  -1.8008437e+00   2.6354465e+01  -2.6438461e+01   6.1204696e+01
   7.0000000e+00   3.4938610e+01  -1.6118671e+02   8.8774963e-01   2.7859572e+01  -2.5995965e+01   5.8198702e+01
   7.0000000e+00   3.6268786e+01  -1.5998598e+02   3.1549737e+00   2.9535457e+01  -2.5670227e+01   5.6212764e+01
   7.0000000e+00   3.7514509e+01  -1.5892603e+02   4.9148873e+00   3.1309335e+01  -2.5502100e+01   5.3748713e+01
   7.0000000e+00   3.8288128e+01  -1.5855191e+02   7.0798414e+00   3.2217658e+01  -2.4913507e+01   5.0807831e+01
   7.0000000e+00   3.8793317e+01  -1.5642647e+02   8.0584641e+00   3.2714988e+01  -2.5138788e+01   4.7424154e+01
   7.0000000e+00   3.9087533e+01  -1.5468915e+02   9.3098197e+00   3.2482635e+01  -2.4975168e+01   4.3646395e+01
   7.0000000e+00   4.0550699e+01  -1.5255762e+02   1.0231675e+01   3.2680240e+01  -2.4096667e+01   4.0759680e+01
   7.0000000e+00   4.0530183e+01  -1.5037411e+02   1.0285910e+01   3.2985431e+01  -2.3165077e+01   3.7878162e+01
   7.0000000e+00   4.1177486e+01  -1.4913311e+02   1.0954611e+01   3.3627131e+01  -2.1314530e+01   3.5035029e+01
   7.0000000e+00   4.0205466e+01  -1.4645760e+02   1.0439823e+01   3.4259480e+01  -2.0448772e+01   3.1202893e+01
   7.0000000e+00   4.0162938e+01  -1.4504988e+02   9.9294519e+00   3.4454758e+01  -1.9380688e+01   2.9388937e+01
   7.0000000e+00   3.9078358e+01  -1.4361985e+02   9.4753317e+00   3.5120338e+01  -1.8321217e+01   2.7186395e+01
   7.0000000e+00   3.9397356e+01  -1.4274931e+02   9.9253235e+00   3.5632613e+01  -1.6773862e+01   2.5424129e+01
   7.0000000e+00   4.1378144e+01  -1.4139022e+02   1.0242139e+01   3.6843435e+01  -1.5374543e+01   2.2230334e+01
   7.0000000e+00   4.2571627e+01  -1.3984818e+02   1.0694711e+01   3.8410019e+01  -1.3819012e+01   1.9496437e+01
   7.0000000e+00   4.1025962e+01  -1.3857105e+02   1.0760751e+01   3.9597427e+01  -1.2683116e+01   1.7296080e+01
   7.0000000e+00   4.0967512e+01  -1.3764230e+02   1.1415259e+01   3.9989064e+01  -1.1197876e+01   1.3146957e+01
   7.0000000e+00   4.0954095e+01  -1.3632464e+02   1.1820431e+01   4.0971965e+01  -9.8804421e+00   1.0349931e+01
   7.0000000e+00   4.0790449e+01  -1.3500399e+02   1.2648121e+01   4.1783587e+01  -8.5223373e+00   5.7407864e+00
   7.0000000e+00   3.9663951e+01  -1.3356686e+02   1.3259108e+01   4.2815083e+01  -7.5120872e+00   2.2212701e+00
   7.0000000e+00   3.8593772e+01  -1.3231985e+02   1.4132073e+01   4.3133194e+01  -6.5081240e+00  -3.2840580e+00
   7.0000000e+00   3.8493857e+01  -1.3086068e+02   1.4799848e+01   4.3169530e+01  -5.5300910e+00  -8.3480819e+00
   7.0000000e+00   3.9804662e+01  -1.2834902e+02   1.4968501e+01   4.4451987e+01  -4.5084176e+00  -1.1580976e+01
   7.0000000e+00   3.9696362e+01  -1.2620754e+02   1.5443543e+01   4.5933477e+01  -3.2934702e+00  -1.5522497e+01
   7.0000000e+00   3.7610079e+01  -1.2491703e+02   1.5795309e+01   4.6777817e+01  -2.2130216e+00  -1.8483618e+01
   7.0000000e+00   3.5655251e+01  -1.2361938e+02   1.5827799e+01   4.7670094e+01  -1.4240879e+00  -2.1564963e+01
   7.0000000e+00   3.4961811e+01  -1.2208835e+02   1.5445499e+01   4.7971177e+01  -7.8126639e-01  -2.5208360e+01
   7.0000000e+00   3.4245469e+01  -1.2008367e+02   1.4964619e+01   4.8588490e+01  -2.7424501e-01  -2.8226211e+01
   7.0000000e+00   3.5282070e+01  -1.1997599e+02   1.4033849e+01   4.9172569e+01  -1.4795163e-01  -2.9384839e+01
   7.0000000e+00   3.7829908e+01  -1.2258771e+02   1.2541653e+01   4.9486873e+01  -5.4152412e-01  -2.9916164e+01
   7.0000000e+00   3.8378642e+01  -1.2563766e+02   1.0702920e+01   4.9551526e+01  -1.0379551e+00  -3.1123160e+01
   7.0000000e+00   3.9971129e+01  -1.2955298e+02   8.5836414e+00   4.8674160e+01  -1.1465906e+00  -2.7956427e+01
   7.0000000e+00   3.9708124e+01  -1.3459175e+02   5.9077143e+00   4.6812422e+01  -2.1214884e+00  -2.0988818e+01
   7.0000000e+00   3.9678742e+01  -1.3945667e+02   3.6250772e+00   4.5294575e+01  -3.3221911e+00  -1.2366422e+01
   7.0000000e+00   3.7761800e+01  -1.4409585e+02   1.6651141e+00   4.2124219e+01  -5.5459415e+00  -4.1204132e+00
   7.0000000e+00   3.5013154e+01  -1.4957584e+02  -8.6786155e-01   3.8046684e+01  -9.1108954e+00   4.5566486e+00
   7.0000000e+00   3.4926087e+01  -1.5381659e+02  -2.3607797e+00   3.4195115e+01  -1.2205188e+01   1.2960893e+01
   7.0000000e+00   3.6366708e+01  -1.5766930e+02  -3.3502695e+00   3.0758629e+01  -1.5096795e+01   2.1695293e+01
   7.0000000e+00   3.4279605e+01  -1.6036135e+02  -3.9336372e+00   2.7361495e+01  -1.8674201e+01   2.9366091e+01
   7.0000000e+00   3.2924820e+01  -1.6269909e+02  -4.1819287e+00   2.6753881e+01  -2.1347042e+01   3.9458759e+01
   7.0000000e+00   2.8594101e+01  -1.6268069e+02  -5.4880597e+00   2.5242640e+01  -2.4383002e+01   4.8992091e+01
   7.0000000e+00   2.9291102e+01  -1.6230343e+02  -4.9750434e+00   2.2469645e+01  -2.5839545e+01   5.3879364e+01
   7.0000000e+00   3.0563197e+01  -1.6083556e+02  -3.8437737e+00   2.0454585e+01  -2.6606363e+01   5.7387932e+01
   7.0000000e+00   3.1776747e+01  -1.5887642e+02  -2.5434396e+00   2.0382498e+01  -2.6944071e+01   5.9259262e+01
   7.0000000e+00   3.1886655e+01  -1.5823366e+02  -8.7294398e-01   2.1700767e+01  -2.6469916e+01   5.7789113e+01
   7.0000000e+00   3.3824096e+01  -1.5727296e+02   1.0443112e+00   2.3063517e+01  -2.5768110e+01   5.4688447e+01
   7.0000000e+00   3.8721603e+01  -1.5831535e+02   4.7801939e+00   2.6093057e+01  -2.4249672e+01   5.2019568e+01
   7.0000000e+00   3.9044001e+01  -1.5704977e+02   7.4979924e+00   2.8820179e+01  -2.4253920e+01   4.8587773e+01
   7.0000000e+00   4.0941520e+01  -1.5524549e+02   9.5517376e+00   3.0618070e+01  -2.3740723e+01   4.6704192e+01
   7.0000000e+00   3.9839559e+01  -1.5374102e+02   1.0284474e+01   3.0680200e+01  -2.3692459e+01   4.2866883e+01
   7.0000000e+00   3.8239333e+01  -1.5183932e+02   1.0031898e+01   3.0901342e+01  -2.4119530e+01   3.9586705e+01
   7.0000000e+00   3.7336772e+01  -1.4911236e+02   1.0107288e+01   3.0145582e+01  -2.3336200e+01   3.5972064e+01
   7.0000000e+00   3.8200552e+01  -1.4696136e+02   1.0102370e+01   3.0342936e+01  -2.1851620e+01   3.2711287e+01
   7.0000000e+00   3.9678636e+01  -1.4591224e+02   1.0937531e+01   3.1147629e+01  -2.0062078e+01   2.9015615e+01
   7.0000000e+00   4.0533488e+01  -1.4555360e+02   1.1947940e+01   3.2458868e+01  -1.8380515e+01   2.6529380e+01
   7.0000000e+00   3.9805638e+01  -1.4499342e+02   1.2675130e+01   3.3650034e+01  -1.7231054e+01   2.4939209e+01
   7.0000000e+00   4.0178694e+01  -1.4394439e+02   1.3044800e+01   3.4790523e+01  -1.6320116e+01   2.2780395e+01
   7.0000000e+00   4.0602227e+01  -1.4216363e+02   1.3112976e+01   3.5957879e+01  -1.5581900e+01   2.0108607e+01
   7.0000000e+00   4.2338779e+01  -1.3989960e+02   1.2885021e+01   3.8101266e+01  -1.4299471e+01   1.8072032e+01
   7.0000000e+00   4.2744857e+01  -1.3817431e+02   1.3645994e+01   3.9018061e+01  -1.2201552e+01   1.3535284e+01
   7.0000000e+00   4.1675105e+01  -1.3638588e+02   1.4134649e+01   3.9857668e+01  -1.0650527e+01   9.0795929e+00
   7.0000000e+00   4.1983035e+01  -1.3462109e+02   1.4648960e+01   4.0474485e+01  -9.2128607e+00   4.5457892e+00
   7.0000000e+00   4.2523716e+01  -1.3252637e+02   1.5560899e+01   4.1808945e+01  -7.4546024e+00   5.2835477e-01
   7.0000000e+00   4.1234037e+01  -1.3119752e+02   1.6116229e+01   4.2212032e+01  -6.3510701e+00  -4.1157810e+00
   7.0000000e+00   4.0582094e+01  -1.2995106e+02   1.6226429e+01   4.2897539e+01  -5.4966179e+00  -6.9632346e+00
   7.0000000e+00   4.0195648e+01  -1.2907709e+02   1.6473439e+01   4.2920761e+01  -4.6369002e+00  -1.1397026e+01
   7.0000000e+00   3.9010616e+01  -1.2726158e+02   1.6607735e+01   4.3465279e+01  -3.8561761e+00  -1.5459767e+01
   7.0000000e+00   3.7150060e+01  -1.2598956e+02   1.6416234e+01   4.3584054e+01  -3.1205857e+00  -1.8033353e+01
   7.0000000e+00   3.6067257e+01  -1.2570016e+02   1.6321619e+01   4.3165493e+01  -2.2938617e+00  -2.0841385e+01
   7.0000000e+00   3.4305027e+01  -1.2453396e+02   1.6176811e+01   4.2906120e+01  -1.6491437e+00  -2.4380359e+01
   7.0000000e+00   3.4766324e+01  -1.2291516e+02   1.6371284e+01   4.2894633e+01  -6.7473706e-01  -2.8721400e+01
   7.0000000e+00   3.5052381e+01  -1.2085163e+02   1.6496988e+01   4.3740743e+01   2.4563540e-01  -3.2030936e+01
   7.0000000e+00   3.4906979e+01  -1.1962188e+02   1.5964521e+01   4.4772013e+01   7.5302462e-01  -3.3226098e+01
   7.0000000e+00   3.5899421e+01  -1.1867541e+02   1.5144758e+01   4.5996268e+01   1.1331109e+00  -3.3127197e+01
   7.0000000e+00   3.8263956e+01  -1.1992742e+02   1.3477370e+01   4.7033217e+01   1.0268564e+00  -3.0586621e+01
   7.0000000e+00   3.9012298e+01  -1.2397445e+02   1.1854651e+01   4.7764310e+01   6.3606347e-01  -2.4959482e+01
   7.0000000e+00   4.0151846e+01  -1.2858753e+02   9.9076817e+00   4.7770288e+01   7.3791012e-02  -1.7746336e+01
   7.0000000e+00   4.0067463e+01  -1.3408465e+02   7.4646131e+00   4.5423334e+01  -1.2620821e+00  -9.8801053e+00
   7.0000000e+00   4.0669783e+01  -1.3950569e+02   5.0360999e+00   4.2936706e+01  -2.9051087e+00  -1.2592875e+00
   7.0000000e+00   4.0628072e+01  -1.4304821e+02   2.1959996e+00   3.9855532e+01  -5.6351336e+00   6.1641972e+00
   7.0000000e+00   4.0208863e+01  -1.4697952e+02   2.0219065e-02   3.6259848e+01  -7.8746151e+00   1.3813148e+01
   7.0000000e+00   3.8207468e+01  -1.5082145e+02  -2.6334135e+00   3.3296809e+01  -1.1089718e+01   2.2232946e+01
   7.0000000e+00   3.6519161e+01  -1.5448060e+02  -4.8369478e+00   3.1532984e+01  -1.4205620e+01   3.2075025e+01
   7.0000000e+00   3.3799193e+01  -1.5648563e+02  -6.3173545e+00   3.0628724e+01  -1.6696158e+01   4.2178154e+01
   7.0000000e+00   3.3369737e+01  -1.5966747e+02  -6.7979078e+00   2.8755679e+01  -1.9411146e+01   5.0524058e+01
   7.0000000e+00   3.1281384e+01  -1.6037507e+02  -6.9769941e+00   2.8407299e+01  -2.2233088e+01   5.6278053e+01
   7.0000000e+00   2.9624860e+01  -1.6189424e+02  -5.8946003e+00   2.5716510e+01  -2.4786590e+01   5.7921725e+01
   7.0000000e+00   3.0154342e+01  -1.6107810e+02  -4.3564974e+00   2.4465915e+01  -2.6440000e+01   5.8842662e+01
   7.0000000e+00   3.1858276e+01  -1.5989513e+02  -2.1019473e+00   2.4237206e+01  -2.7010224e+01   5.7720395e+01
   7.0000000e+00   3.3688899e+01  -1.5868744e+02   5.4724969e-03   2.5532614e+01  -2.6559342e+01   5.6376726e+01
   7.0000000e+00   3.3395059e+01  -1.5687299e+02   8.8217251e-01   2.7747389e+01  -2.6698449e+01   5.5138588e+01
   7.0000000e+00   3.3369539e+01  -1.5555208e+02   1.7262032e+00   2.9195005e+01  -2.6823017e+01   5.3249892e+01
   7.0000000e+00   3.3486782e+01  -1.5441733e+02   3.1369205e+00   2.8941015e+01  -2.6558962e+01   5.0466920e+01
   7.0000000e+00   3.4088823e+01  -1.5288184e+02   4.1381272e+00   2.8872075e+01  -2.6437625e+01   4.7362149e+01
   7.0000000e+00   3.3056869e+01  -1.5186745e+02   4.6717809e+00   2.8630161e+01  -2.6360396e+01   4.4923870e+01
   7.0000000e+00   3.2733245e+01  -1.5048301e+02   5.0568138e+00   2.8086978e+01  -2.6154822e+01   4.1713357e+01
   7.0000000e+00   3.4346257e+01  -1.4890032e+02   5.6730847e+00   2.7997849e+01  -2.5072166e+01   3.8669098e+01
   7.0000000e+00   3.5621390e+01  -1.4770859e+02   6.8538015e+00   2.8652674e+01  -2.3209250e+01   3.6425367e+01
   7.0000000e+00   3.5667613e+01  -1.4611656e+02   7.2629835e+00   3.0524563e+01  -2.1854080e+01   3.3573756e+01
   7.0000000e+00   3.4839050e+01  -1.4561887e+02   7.7754622e+00   3.1810281e+01  -2.0987215e+01   3.0297899e+01
   7.0000000e+00   3.6458996e+01  -1.4491951e+02   8.6754030e+00   3.3717492e+01  -1.9605605e+01   2.7577056e+01
   7.0000000e+00   3.5973767e+01  -1.4456399e+02   9.8541870e+00   3.5390404e+01  -1.8141480e+01   2.5334390e+01
   7.0000000e+00   3.8945087e+01  -1.4307469e+02   1.0565813e+01   3.6947129e+01  -1.6552151e+01   2.2034768e+01
   7.0000000e+00   3.8612414e+01  -1.4129514e+02   1.1048132e+01   3.7565974e+01  -1.5290567e+01   1.8986856e+01
   7.0000000e+00   3.6709587e+01  -1.3994447e+02   1.0726726e+01   3.7427730e+01  -1.4603464e+01   1.6093409e+01
   7.0000000e+00   3.4929527e+01  -1.3815247e+02   1.0482051e+01   3.7415841e+01  -1.3782059e+01   1.2700764e+01
   7.0000000e+00   3.5884502e+01  -1.3637233e+02   1.1275386e+01   3.7751091e+01  -1.2140233e+01   8.4868185e+00
   7.0000000e+00   3.9322393e+01  -1.3437008e+02   1.2903105e+01   4.0062807e+01  -9.6970629e+00   3.8386314e+00
   7.0000000e+00   3.9881155e+01  -1.3203042e+02   1.4774571e+01   4.2587530e+01  -7.4419756e+00  -8.4669367e-01
   7.0000000e+00   4.0814457e+01  -1.3007759e+02   1.5855150e+01   4.4288366e+01  -5.7588918e+00  -5.6250626e+00
   7.0000000e+00   4.0989840e+01  -1.2823660e+02   1.6118057e+01   4.5839288e+01  -4.4351551e+00  -9.2469747e+00
   7.0000000e+00   4.0123814e+01  -1.2581708e+02   1.6740030e+01   4.7345708e+01  -3.0730373e+00  -1.4123589e+01
   7.0000000e+00   3.9989694e+01  -1.2370111e+02   1.7041574e+01   4.8736187e+01  -1.9405116e+00  -1.8440127e+01
   7.0000000e+00   3.9535355e+01  -1.2113274e+02   1.7597335e+01   5.0304244e+01  -8.1185003e-01  -2.3369239e+01
   7.0000000e+00   3.9817283e+01  -1.1897095e+02   1.7725885e+01   5.1871254e+01   1.6641689e-01  -2.7407599e+01
   7.0000000e+00   4.0049579e+01  -1.1704500e+02   1.7426198e+01   5.3882537e+01   9.5640976e-01  -2.8488709e+01
   7.0000000e+00   3.8096154e+01  -1.1691765e+02   1.6773159e+01   5.4691361e+01   1.5234619e+00  -3.0091827e+01
   7.0000000e+00   3.7101197e+01  -1.1637916e+02   1.5985923e+01   5.5454730e+01   2.0222033e+00  -3.1058921e+01
   7.0000000e+00   3.7240339e+01  -1.1733976e+02   1.5323932e+01   5.5294125e+01   2.2674832e+00  -3.5185946e+01
   7.0000000e+00   3.8423104e+01  -1.1860628e+02   1.3877470e+01   5.5026024e+01   2.0769009e+00  -3.8787824e+01
   7.0000000e+00   4.0519849e+01  -1.2055783e+02   1.1828811e+01   5.4919747e+01   1.8434772e+00  -4.0773836e+01
   7.0000000e+00   4.0290007e+01  -1.2409248e+02   9.8185219e+00   5.4579145e+01   1.7096784e+00  -4.0350363e+01
   7.0000000e+00   4.0526107e+01  -1.2754966e+02   7.8238026e+00   5.3619064e+01   1.7874407e+00  -3.7000892e+01
   7.0000000e+00   4.1576227e+01  -1.3180574e+02   5.5890053e+00   5.2116511e+01   1.5377866e+00  -3.1025577e+01
   7.0000000e+00   4.0207802e+01  -1.3646819e+02   2.9089918e+00   5.0409294e+01   1.3570139e-01  -2.2647845e+01
   7.0000000e+00   3.9729012e+01  -1.4087219e+02   6.4561352e-01   4.7830699e+01  -1.3776065e+00  -1.4716537e+01
   7.0000000e+00   3.9380696e+01  -1.4546725e+02  -1.4220545e+00   4.4674409e+01  -3.1433239e+00  -5.9087678e+00
   7.0000000e+00   3.8761367e+01  -1.5053495e+02  -2.6375619e+00   4.0534710e+01  -5.8872892e+00   3.1371378e+00
   7.0000000e+00   3.7871401e+01  -1.5504688e+02  -3.5377123e+00   3.6725369e+01  -8.4518447e+00   1.2473218e+01
   7.0000000e+00   3.6669092e+01  -1.5813049e+02  -5.2058549e+00   3.4121451e+01  -1.2020474e+01   2.1597580e+01
   7.0000000e+00   3.5109711e+01  -1.6061828e+02  -5.5221995e+00   2.9820055e+01  -1.5156681e+01   2.9841466e+01
   7.0000000e+00   3.5234442e+01  -1.6319568e+02  -5.0215460e+00   2.6904877e+01  -1.8340428e+01   3.6673974e+01
   7.0000000e+00   3.1219171e+01  -1.6366184e+02  -5.5332037e+00   2.4850155e+01  -2.1976577e+01   4.3155867e+01
   7.0000000e+00   3.0548059e+01  -1.6368030e+02  -4.9537487e+00   2.3577568e+01  -2.4487646e+01   4.8582828e+01
   7.0000000e+00   2.8416351e+01  -1.6285454e+02  -4.2776699e+00   2.2851554e+01  -2.6889090e+01   5.4348121e+01
   7.0000000e+00   2.7794423e+01  -1.6183686e+02  -3.6022778e+00   2.2209464e+01  -2.8975778e+01   5.8406051e+01
   7.0000000e+00   2.8767115e+01  -1.5958570e+02  -2.0270073e+00   2.2183802e+01  -3.0051812e+01   5.8586550e+01
   7.0000000e+00   3.1139129e+01  -1.5835860e+02   5.1536512e-01   2.2191911e+01  -2.9740578e+01   5.6115323e+01
   7.0000000e+00   3.2422006e+01  -1.5711105e+02   2.3367910e+00   2.3158012e+01  -2.9161371e+01   5.3892449e+01
   7.0000000e+00   3.2558847e+01  -1.5570255e+02   3.1153076e+00   2.3255670e+01  -2.9071946e+01   5.0586027e+01
   7.0000000e+00   3.3922869e+01  -1.5429899e+02   4.2827887e+00   2.3863051e+01  -2.8406968e+01   4.8188895e+01
   7.0000000e+00   3.4930026e+01  -1.5276829e+02   5.6757481e+00   2.4489012e+01  -2.7504551e+01   4.5945883e+01
   7.0000000e+00   3.6018914e+01  -1.5169037e+02   6.6095419e+00   2.6053762e+01  -2.6568038e+01   4.4430632e+01
   7.0000000e+00   3.5133678e+01  -1.5091290e+02   7.0397931e+00   2.6750878e+01  -2.6240646e+01   4.2165681e+01
   7.0000000e+00   3.5687581e+01  -1.4961540e+02   7.1900542e+00   2.7251264e+01  -2.5608166e+01   3.9358162e+01
   7.0000000e+00   3.8040892e+01  -1.4911324e+02   8.9923120e+00   2.8513110e+01  -2.3418405e+01   3.7378439e+01
   7.0000000e+00   4.0049207e+01  -1.4782227e+02   1.0074562e+01   3.0929137e+01  -2.1802076e+01   3.4753427e+01
   7.0000000e+00   4.1459806e+01  -1.4642829e+02   1.0842898e+01   3.2251056e+01  -2.0089359e+01   3.1599725e+01
   7.0000000e+00   4.3158631e+01  -1.4583735e+02   1.1603140e+01   3.3166357e+01  -1.8331686e+01   2.8801361e+01
   7.0000000e+00   4.2094787e+01  -1.4456432e+02   1.0877030e+01   3.4645752e+01  -1.7642786e+01   2.6941390e+01
   7.0000000e+00   4.1632859e+01  -1.4405013e+02   1.0864550e+01   3.5820367e+01  -1.6495663e+01   2.5777267e+01
   7.0000000e+00   4.1409219e+01  -1.4328116e+02   1.0979068e+01   3.6483598e+01  -1.5412052e+01   2.3367872e+01
   7.0000000e+00   4.0935732e+01  -1.4197056e+02   1.0981635e+01   3.6861833e+01  -1.4650548e+01   2.0555727e+01
   7.0000000e+00   3.9166932e+01  -1.4072103e+02   1.0692520e+01   3.7218959e+01  -1.4342960e+01   1.8827758e+01
   7.0000000e+00   3.6456345e+01  -1.3969537e+02   1.0117854e+01   3.7003934e+01  -1.4420386e+01   1.7149669e+01
   7.0000000e+00   3.5979837e+01  -1.3888510e+02   1.0330253e+01   3.6596927e+01  -1.3814065e+01   1.3919467e+01
   7.0000000e+00   3.5317315e+01  -1.3788153e+02   1.0779022e+01   3.6236733e+01  -1.3001684e+01   1.0808117e+01
   7.0000000e+00   3.7140393e+01  -1.3659267e+02   1.1788606e+01   3.7773896e+01  -1.1599643e+01   8.1406604e+00
   7.0000000e+00   3.9833639e+01  -1.3532826e+02   1.3134452e+01   3.9708624e+01  -9.7195208e+00   4.7428109e+00
   7.0000000e+00   4.0681951e+01  -1.3413202e+02   1.4299103e+01   4.1443992e+01  -8.1976016e+00   1.5414686e+00
   7.0000000e+00   3.9377576e+01  -1.3328941e+02   1.4940292e+01   4.1516640e+01  -7.2596609e+00  -2.2207522e+00
