   4.0041376e+01   5.6405899e+01  -1.5618313e+02   5.6102705e+01   2.9766031e+01  -2.9408120e+01  -6.2851081e+00
   2.6103324e+01   5.1466301e+01  -1.5851415e+02   4.7567667e+01   2.3529770e+01  -3.0808796e+01   3.0115485e+00
   1.2165272e+01   4.6526703e+01  -1.6084517e+02   3.9032629e+01   1.7293509e+01  -3.2209471e+01   1.2308205e+01
   7.0000000e+00   4.2339565e+01  -1.4885055e+02   2.7644051e+01   2.0000000e+01  -3.3000000e+01   1.2798154e+01
   7.0000000e+00   4.0529769e+01  -1.4224459e+02   1.7186430e+01   2.0000000e+01  -3.3000000e+01   1.5094960e+01
   7.0000000e+00   3.6810703e+01  -1.4433758e+02   9.7810489e+00   2.0000000e+01  -3.3000000e+01   2.3900539e+01
   7.0000000e+00   3.3919331e+01  -1.4888086e+02   4.1145162e+00   2.0000000e+01  -3.3000000e+01   3.2140229e+01
   7.0000000e+00   3.2441914e+01  -1.5327611e+02   1.9103554e+00   2.0000000e+01  -3.3000000e+01   3.9755703e+01
   7.0000000e+00   3.1187485e+01  -1.5666387e+02  -6.0513907e-01   2.0000000e+01  -3.3000000e+01   4.5634758e+01
   7.0000000e+00   2.9210348e+01  -1.5747235e+02  -2.8805144e+00   2.0000000e+01  -3.3000000e+01   4.9433855e+01
   7.0000000e+00   2.7550894e+01  -1.5777164e+02  -4.8470376e+00   2.0000000e+01  -3.3000000e+01   5.2720993e+01
   7.0000000e+00   2.5052610e+01  -1.5849001e+02  -5.9661715e+00   2.0000000e+01  -3.3000000e+01   5.6132160e+01
   7.0000000e+00   2.5658863e+01  -1.5884538e+02  -5.2894234e+00   2.0000000e+01  -3.3000000e+01   5.9367144e+01
   7.0000000e+00   2.5790112e+01  -1.5876553e+02  -4.0073791e+00   2.0000000e+01  -3.3000000e+01   6.0541249e+01
   7.0000000e+00   2.8070747e+01  -1.5691014e+02  -7.0519461e-01   2.0000000e+01  -3.3000000e+01   5.9592860e+01
   7.0000000e+00   3.0285679e+01  -1.5478883e+02   1.9067644e+00   2.0000000e+01  -3.3000000e+01   5.7167209e+01
   7.0000000e+00   3.0558906e+01  -1.5286624e+02   2.9061635e+00   2.0000000e+01  -3.3000000e+01   5.4159727e+01
   7.0000000e+00   3.0954594e+01  -1.5157285e+02   4.5421900e+00   2.0000000e+01  -3.3000000e+01   5.0102744e+01
   7.0000000e+00   3.1654858e+01  -1.4980951e+02   5.9898498e+00   2.0000000e+01  -3.3000000e+01   4.7427651e+01
   7.0000000e+00   3.0282720e+01  -1.4767022e+02   5.8768794e+00   2.0000000e+01  -3.3000000e+01   4.5058237e+01
   7.0000000e+00   3.1134426e+01  -1.4553256e+02   6.6993779e+00   2.0000000e+01  -3.3000000e+01   4.1915825e+01
   7.0000000e+00   3.2445215e+01  -1.4353058e+02   8.7728213e+00   2.0000000e+01  -3.3000000e+01   3.8121140e+01
   7.0000000e+00   3.3343812e+01  -1.4082979e+02   1.0421830e+01   2.0000000e+01  -3.3000000e+01   3.3995625e+01
   7.0000000e+00   3.3545171e+01  -1.3907369e+02   1.1397947e+01   2.0000000e+01  -3.3000000e+01   3.0498696e+01
   7.0000000e+00   3.2080721e+01  -1.3745642e+02   1.1603156e+01   2.0000000e+01  -3.3000000e+01   2.7486913e+01
   7.0000000e+00   3.0641611e+01  -1.3630650e+02   1.2264495e+01   2.0000000e+01  -3.3000000e+01   2.5412235e+01
   7.0000000e+00   3.1449872e+01  -1.3460133e+02   1.3692272e+01   2.0000000e+01  -3.3000000e+01   2.1921695e+01
   7.0000000e+00   3.2091294e+01  -1.3222556e+02   1.4815422e+01   2.0000000e+01  -3.3000000e+01   1.8915566e+01
   7.0000000e+00   3.4350477e+01  -1.2959989e+02   1.6550399e+01   2.0000000e+01  -3.3000000e+01   1.5834915e+01
   7.0000000e+00   3.3039630e+01  -1.2727639e+02   1.7927599e+01   2.0000000e+01  -3.3000000e+01   1.2523778e+01
   7.0000000e+00   3.3170737e+01  -1.2542124e+02   1.9545748e+01   2.0000000e+01  -3.3000000e+01   8.2379631e+00
   7.0000000e+00   3.2914492e+01  -1.2322308e+02   2.1699734e+01   2.0000000e+01  -3.3000000e+01   4.1915412e+00
   7.0000000e+00   3.3520958e+01  -1.2090223e+02   2.3886209e+01   2.0000000e+01  -3.3000000e+01  -3.1054104e-01
   7.0000000e+00   3.4820187e+01  -1.1894380e+02   2.6111480e+01   2.0000000e+01  -3.3000000e+01  -4.5033409e+00
   7.0000000e+00   3.5899910e+01  -1.1609267e+02   2.7645705e+01   2.0000000e+01  -3.3000000e+01  -8.8815003e+00
   7.0000000e+00   3.5343865e+01  -1.1351554e+02   2.9253453e+01   2.0000000e+01  -3.3000000e+01  -1.2761174e+01
   7.0000000e+00   3.5928571e+01  -1.1154512e+02   3.1059343e+01   2.0000000e+01  -3.3000000e+01  -1.7490145e+01
   7.0000000e+00   3.6641876e+01  -1.0975330e+02   3.2787918e+01   2.0000000e+01  -3.3000000e+01  -2.2278065e+01
   7.0000000e+00   3.5186742e+01  -1.0790799e+02   3.3640645e+01   2.0000000e+01  -3.3000000e+01  -2.6168402e+01
   7.0000000e+00   3.5236170e+01  -1.0668421e+02   3.4224589e+01   2.0000000e+01  -3.3000000e+01  -2.8820970e+01
   7.0000000e+00   3.4115646e+01  -1.0676311e+02   3.4433218e+01   2.0000000e+01  -3.3000000e+01  -3.1549645e+01
   7.0000000e+00   3.4559446e+01  -1.0673362e+02   3.3468603e+01   2.0000000e+01  -3.3000000e+01  -3.2744103e+01
   7.0000000e+00   3.7462749e+01  -1.0811277e+02   3.1100599e+01   2.0000000e+01  -3.3000000e+01  -3.2135610e+01
   7.0000000e+00   3.8937559e+01  -1.0998953e+02   2.7947127e+01   2.0000000e+01  -3.3000000e+01  -2.8327797e+01
   7.0000000e+00   3.9644648e+01  -1.1304142e+02   2.4499362e+01   2.0000000e+01  -3.3000000e+01  -2.2242070e+01
   7.0000000e+00   3.8654018e+01  -1.1746030e+02   2.0497939e+01   2.0000000e+01  -3.3000000e+01  -1.5407875e+01
   7.0000000e+00   3.6502745e+01  -1.2269529e+02   1.6511440e+01   2.0000000e+01  -3.3000000e+01  -6.5094047e+00
   7.0000000e+00   3.5476939e+01  -1.2774537e+02   1.3365082e+01   2.0000000e+01  -3.3000000e+01   2.1347258e+00
   7.0000000e+00   3.4455433e+01  -1.3222875e+02   1.0382838e+01   2.0000000e+01  -3.3000000e+01   1.0093126e+01
   7.0000000e+00   3.3576135e+01  -1.3874897e+02   8.0326962e+00   2.0000000e+01  -3.3000000e+01   1.8900114e+01
   7.0000000e+00   3.1277782e+01  -1.4388031e+02   3.2915466e+00   2.0000000e+01  -3.3000000e+01   2.8448294e+01
   7.0000000e+00   2.9850671e+01  -1.4872647e+02  -2.1491911e-01   2.0000000e+01  -3.3000000e+01   3.6405468e+01
   7.0000000e+00   2.8818745e+01  -1.5323058e+02  -2.5499586e+00   2.0000000e+01  -3.3000000e+01   4.3384513e+01
   7.0000000e+00   2.5521792e+01  -1.5658999e+02  -5.0596428e+00   2.0000000e+01  -3.3000000e+01   4.9618127e+01
   7.0000000e+00   2.3136142e+01  -1.5800207e+02  -6.3833517e+00   2.0000000e+01  -3.3000000e+01   5.5254716e+01
   7.0000000e+00   2.0785055e+01  -1.5927253e+02  -7.0389675e+00   2.0000000e+01  -3.3000000e+01   5.7023730e+01
   7.0000000e+00   2.3388003e+01  -1.5907949e+02  -5.0105903e+00   2.0000000e+01  -3.3000000e+01   5.8178165e+01
   7.0000000e+00   2.9169877e+01  -1.5919173e+02  -3.5820850e-01   2.0000000e+01  -3.3000000e+01   5.8003276e+01
   7.0000000e+00   3.1389026e+01  -1.5598142e+02   3.0749020e+00   2.0000000e+01  -3.3000000e+01   5.7403879e+01
   7.0000000e+00   3.2782225e+01  -1.5538105e+02   5.5171285e+00   2.0000000e+01  -3.3000000e+01   5.5335160e+01
   7.0000000e+00   3.4358007e+01  -1.5350227e+02   6.9823996e+00   2.0000000e+01  -3.3000000e+01   5.3672437e+01
   7.0000000e+00   3.4569864e+01  -1.5201733e+02   8.4047197e+00   2.0000000e+01  -3.3000000e+01   5.0330502e+01
   7.0000000e+00   3.5647925e+01  -1.5093102e+02   9.9171748e+00   2.0000000e+01  -3.3000000e+01   4.6657016e+01
   7.0000000e+00   3.6054913e+01  -1.4833076e+02   1.0737936e+01   2.0000000e+01  -3.3000000e+01   4.3764937e+01
   7.0000000e+00   3.5430002e+01  -1.4539228e+02   1.0953682e+01   2.0000000e+01  -3.3000000e+01   4.1446752e+01
   7.0000000e+00   3.3755370e+01  -1.4323868e+02   1.1537333e+01   2.0000000e+01  -3.3000000e+01   3.9372152e+01
   7.0000000e+00   3.3148008e+01  -1.4118767e+02   1.1473642e+01   2.0000000e+01  -3.3000000e+01   3.5773996e+01
   7.0000000e+00   3.2154348e+01  -1.4017807e+02   1.2042917e+01   2.0000000e+01  -3.3000000e+01   3.2126727e+01
   7.0000000e+00   3.1864046e+01  -1.3822613e+02   1.1730814e+01   2.0000000e+01  -3.3000000e+01   3.0621833e+01
   7.0000000e+00   3.4069297e+01  -1.3661057e+02   1.3082234e+01   2.0000000e+01  -3.3000000e+01   2.8897996e+01
   7.0000000e+00   3.5210060e+01  -1.3415685e+02   1.4578016e+01   2.0000000e+01  -3.3000000e+01   2.6103638e+01
   7.0000000e+00   3.1313997e+01  -1.3234609e+02   1.4826912e+01   2.0000000e+01  -3.3000000e+01   2.3778931e+01
   7.0000000e+00   2.8361167e+01  -1.3197142e+02   1.4729451e+01   2.0000000e+01  -3.3000000e+01   2.1229618e+01
   7.0000000e+00   2.8552686e+01  -1.3070782e+02   1.5694093e+01   2.0000000e+01  -3.3000000e+01   1.7827312e+01
   7.0000000e+00   3.2243610e+01  -1.2841659e+02   1.7466616e+01   2.0000000e+01  -3.3000000e+01   1.4421660e+01
   7.0000000e+00   3.3592122e+01  -1.2556093e+02   1.9804643e+01   2.0000000e+01  -3.3000000e+01   1.0096562e+01
   7.0000000e+00   3.1946509e+01  -1.2351507e+02   2.2346338e+01   2.0000000e+01  -3.3000000e+01   4.9906352e+00
   7.0000000e+00   3.2702467e+01  -1.2144027e+02   2.4570125e+01   2.0000000e+01  -3.3000000e+01   3.1800291e-01
   7.0000000e+00   3.3542108e+01  -1.1896746e+02   2.6620479e+01   2.0000000e+01  -3.3000000e+01  -4.3034162e+00
   7.0000000e+00   3.4094752e+01  -1.1643240e+02   2.8597297e+01   2.0000000e+01  -3.3000000e+01  -9.1048476e+00
   7.0000000e+00   3.4090625e+01  -1.1441854e+02   3.0497606e+01   2.0000000e+01  -3.3000000e+01  -1.3827910e+01
   7.0000000e+00   3.3698160e+01  -1.1242241e+02   3.2286606e+01   2.0000000e+01  -3.3000000e+01  -1.9200380e+01
   7.0000000e+00   3.4085397e+01  -1.1014062e+02   3.3421936e+01   2.0000000e+01  -3.3000000e+01  -2.4552391e+01
   7.0000000e+00   3.4000036e+01  -1.0731312e+02   3.3886956e+01   2.0000000e+01  -3.3000000e+01  -2.8298800e+01
   7.0000000e+00   3.4916660e+01  -1.0572966e+02   3.4725829e+01   2.0000000e+01  -3.3000000e+01  -3.1232908e+01
   7.0000000e+00   3.6677312e+01  -1.0623077e+02   3.4674483e+01   2.0000000e+01  -3.3000000e+01  -3.4084073e+01
   7.0000000e+00   3.8210485e+01  -1.0934183e+02   3.3039131e+01   2.0000000e+01  -3.3000000e+01  -3.5142976e+01
   7.0000000e+00   3.8659770e+01  -1.1201165e+02   3.0460629e+01   2.0000000e+01  -3.3000000e+01  -3.4993206e+01
   7.0000000e+00   3.7054006e+01  -1.1475977e+02   2.7445059e+01   2.0000000e+01  -3.3000000e+01  -3.0357001e+01
   7.0000000e+00   3.6124774e+01  -1.1985339e+02   2.4410800e+01   2.0000000e+01  -3.3000000e+01  -2.4177506e+01
   7.0000000e+00   3.5707477e+01  -1.2479651e+02   2.0960558e+01   2.0000000e+01  -3.3000000e+01  -1.5245062e+01
   7.0000000e+00   3.5162160e+01  -1.2968345e+02   1.8174557e+01   2.0000000e+01  -3.3000000e+01  -5.3622806e+00
   7.0000000e+00   3.4519319e+01  -1.3442279e+02   1.4666888e+01   2.0000000e+01  -3.3000000e+01   4.4420713e+00
   7.0000000e+00   3.4510498e+01  -1.4027607e+02   1.0372534e+01   2.0000000e+01  -3.3000000e+01   1.4596031e+01
   7.0000000e+00   3.2544812e+01  -1.4508332e+02   5.9367155e+00   2.0000000e+01  -3.3000000e+01   2.4721857e+01
   7.0000000e+00   3.1845738e+01  -1.4872108e+02   2.1853279e+00   2.0000000e+01  -3.3000000e+01   3.3729798e+01
   7.0000000e+00   3.0723787e+01  -1.5232164e+02   1.1472073e+00   2.0000000e+01  -3.3000000e+01   4.2001548e+01
   7.0000000e+00   3.0275043e+01  -1.5597814e+02  -2.9785244e-01   2.0000000e+01  -3.3000000e+01   4.7662667e+01
   7.0000000e+00   2.7475785e+01  -1.5777245e+02  -1.2193023e+00   2.0000000e+01  -3.3000000e+01   5.1945802e+01
   7.0000000e+00   2.6225132e+01  -1.5827140e+02  -1.8942740e+00   2.0000000e+01  -3.3000000e+01   5.3656020e+01
   7.0000000e+00   2.4625200e+01  -1.5858738e+02  -2.2243287e+00   2.0000000e+01  -3.3000000e+01   5.5477819e+01
   7.0000000e+00   2.7165495e+01  -1.5773198e+02  -5.0522447e-01   2.0000000e+01  -3.3000000e+01   5.5856969e+01
   7.0000000e+00   2.8701226e+01  -1.5672559e+02   2.4416975e+00   2.0000000e+01  -3.3000000e+01   5.5327572e+01
   7.0000000e+00   3.0035508e+01  -1.5546455e+02   4.1452079e+00   2.0000000e+01  -3.3000000e+01   5.3065568e+01
   7.0000000e+00   3.1035766e+01  -1.5489189e+02   6.2178691e+00   2.0000000e+01  -3.3000000e+01   4.9944281e+01
   7.0000000e+00   3.3295509e+01  -1.5289616e+02   7.9740922e+00   2.0000000e+01  -3.3000000e+01   4.7386442e+01
   7.0000000e+00   3.4899873e+01  -1.5057589e+02   9.8314475e+00   2.0000000e+01  -3.3000000e+01   4.4231518e+01
   7.0000000e+00   3.5138484e+01  -1.4883332e+02   1.1674547e+01   2.0000000e+01  -3.3000000e+01   4.0827137e+01
   7.0000000e+00   3.5695430e+01  -1.4697242e+02   1.3286391e+01   2.0000000e+01  -3.3000000e+01   3.8014594e+01
   7.0000000e+00   3.6975551e+01  -1.4474357e+02   1.4719972e+01   2.0000000e+01  -3.3000000e+01   3.5424205e+01
   7.0000000e+00   3.5702007e+01  -1.4217980e+02   1.4889979e+01   2.0000000e+01  -3.3000000e+01   3.3247055e+01
   7.0000000e+00   3.5633878e+01  -1.4139901e+02   1.6037304e+01   2.0000000e+01  -3.3000000e+01   3.0595033e+01
   7.0000000e+00   3.5343818e+01  -1.4012309e+02   1.6832399e+01   2.0000000e+01  -3.3000000e+01   2.8182893e+01
   7.0000000e+00   3.4601925e+01  -1.3941088e+02   1.7863434e+01   2.0000000e+01  -3.3000000e+01   2.6897013e+01
   7.0000000e+00   3.6250999e+01  -1.3756254e+02   1.8831585e+01   2.0000000e+01  -3.3000000e+01   2.3797900e+01
   7.0000000e+00   3.4537378e+01  -1.3630939e+02   2.0124161e+01   2.0000000e+01  -3.3000000e+01   2.1082682e+01
   7.0000000e+00   3.5155308e+01  -1.3389541e+02   2.0148843e+01   2.0000000e+01  -3.3000000e+01   1.9434816e+01
   7.0000000e+00   3.0874304e+01  -1.3310869e+02   2.0555783e+01   2.0000000e+01  -3.3000000e+01   1.6336622e+01
   7.0000000e+00   3.0443144e+01  -1.3213364e+02   2.1376557e+01   2.0000000e+01  -3.3000000e+01   1.3084129e+01
   7.0000000e+00   3.3179956e+01  -1.2873355e+02   2.2517313e+01   2.0000000e+01  -3.3000000e+01   9.6074471e+00
   7.0000000e+00   3.4216432e+01  -1.2595736e+02   2.4698770e+01   2.0000000e+01  -3.3000000e+01   5.9964763e+00
   7.0000000e+00   3.5148355e+01  -1.2316959e+02   2.6595921e+01   2.0000000e+01  -3.3000000e+01   2.0655401e+00
   7.0000000e+00   3.5840900e+01  -1.2072480e+02   2.8110933e+01   2.0000000e+01  -3.3000000e+01  -2.7858815e+00
   7.0000000e+00   3.6838785e+01  -1.1864716e+02   2.9867781e+01   2.0000000e+01  -3.3000000e+01  -8.3524905e+00
   7.0000000e+00   3.7413791e+01  -1.1609971e+02   3.2007507e+01   2.0000000e+01  -3.3000000e+01  -1.3633017e+01
   7.0000000e+00   3.6833946e+01  -1.1416552e+02   3.3163106e+01   2.0000000e+01  -3.3000000e+01  -1.6826546e+01
   7.0000000e+00   3.5666563e+01  -1.1286848e+02   3.4791298e+01   2.0000000e+01  -3.3000000e+01  -2.1057379e+01
   7.0000000e+00   3.4531351e+01  -1.1145860e+02   3.5796844e+01   2.0000000e+01  -3.3000000e+01  -2.4827287e+01
   7.0000000e+00   3.3516797e+01  -1.1068535e+02   3.6854451e+01   2.0000000e+01  -3.3000000e+01  -2.7755857e+01
   7.0000000e+00   3.2750130e+01  -1.1012165e+02   3.8006457e+01   2.0000000e+01  -3.3000000e+01  -3.0503354e+01
   7.0000000e+00   3.2879370e+01  -1.0849208e+02   3.8585872e+01   2.0000000e+01  -3.3000000e+01  -3.2693596e+01
   7.0000000e+00   3.5037067e+01  -1.0826261e+02   3.7762964e+01   2.0000000e+01  -3.3000000e+01  -3.6646965e+01
   7.0000000e+00   3.7302907e+01  -1.1016314e+02   3.7278025e+01   2.0000000e+01  -3.3000000e+01  -4.0800541e+01
   7.0000000e+00   3.8277074e+01  -1.1203019e+02   3.4846681e+01   2.0000000e+01  -3.3000000e+01  -3.9373690e+01
   7.0000000e+00   3.8680216e+01  -1.1405625e+02   3.1728180e+01   2.0000000e+01  -3.3000000e+01  -3.5031207e+01
   7.0000000e+00   3.8512062e+01  -1.1789581e+02   2.8491491e+01   2.0000000e+01  -3.3000000e+01  -2.8812778e+01
   7.0000000e+00   3.6465929e+01  -1.2363115e+02   2.4536171e+01   2.0000000e+01  -3.3000000e+01  -2.0380568e+01
   7.0000000e+00   3.4045438e+01  -1.2932935e+02   2.0758055e+01   2.0000000e+01  -3.3000000e+01  -1.0108778e+01
   7.0000000e+00   3.2069503e+01  -1.3465265e+02   1.6044526e+01   2.0000000e+01  -3.3000000e+01   1.3314125e-01
   7.0000000e+00   3.0945834e+01  -1.4087507e+02   1.2383335e+01   2.0000000e+01  -3.3000000e+01   1.0895474e+01
   7.0000000e+00   3.2041587e+01  -1.4653472e+02   8.5100970e+00   2.0000000e+01  -3.3000000e+01   2.1455343e+01
   7.0000000e+00   3.0404333e+01  -1.5114032e+02   3.9328369e+00   2.0000000e+01  -3.3000000e+01   3.1401666e+01
   7.0000000e+00   3.0030637e+01  -1.5582840e+02   1.3334976e+00   2.0000000e+01  -3.3000000e+01   3.9985755e+01
   7.0000000e+00   2.7193671e+01  -1.5839367e+02  -1.0963360e+00   2.0000000e+01  -3.3000000e+01   4.7191526e+01
   7.0000000e+00   2.5755160e+01  -1.5941416e+02  -4.0252277e+00   2.0000000e+01  -3.3000000e+01   5.2923589e+01
   7.0000000e+00   2.7094019e+01  -1.6105331e+02  -3.3194762e+00   2.0000000e+01  -3.3000000e+01   5.6577683e+01
   7.0000000e+00   2.7334801e+01  -1.6044816e+02  -3.3725218e+00   2.0000000e+01  -3.3000000e+01   6.0000881e+01
   7.0000000e+00   2.9415396e+01  -1.5929029e+02  -1.1517806e+00   2.0000000e+01  -3.3000000e+01   5.9024303e+01
   7.0000000e+00   3.1061099e+01  -1.5807215e+02   2.0128600e+00   2.0000000e+01  -3.3000000e+01   5.7888246e+01
   7.0000000e+00   3.3203932e+01  -1.5677376e+02   4.4805980e+00   2.0000000e+01  -3.3000000e+01   5.4967398e+01
   7.0000000e+00   3.3065172e+01  -1.5596309e+02   5.2059825e+00   2.0000000e+01  -3.3000000e+01   5.1900070e+01
   7.0000000e+00   3.2343527e+01  -1.5440414e+02   6.2753246e+00   2.0000000e+01  -3.3000000e+01   4.9195608e+01
   7.0000000e+00   3.6171291e+01  -1.5156289e+02   8.7794801e+00   2.0000000e+01  -3.3000000e+01   4.5763646e+01
   7.0000000e+00   3.4640258e+01  -1.5006796e+02   1.0248517e+01   2.0000000e+01  -3.3000000e+01   4.2350106e+01
   7.0000000e+00   3.5225297e+01  -1.4782764e+02   1.1183153e+01   2.0000000e+01  -3.3000000e+01   3.9308046e+01
   7.0000000e+00   3.5743982e+01  -1.4585898e+02   1.3012088e+01   2.0000000e+01  -3.3000000e+01   3.6730170e+01
   7.0000000e+00   3.5000726e+01  -1.4313945e+02   1.2828850e+01   2.0000000e+01  -3.3000000e+01   3.3544696e+01
   7.0000000e+00   3.4145352e+01  -1.4167250e+02   1.3798752e+01   2.0000000e+01  -3.3000000e+01   3.0163487e+01
   7.0000000e+00   3.3608241e+01  -1.3980266e+02   1.4519855e+01   2.0000000e+01  -3.3000000e+01   2.7519600e+01
   7.0000000e+00   3.2862212e+01  -1.3836679e+02   1.5719950e+01   2.0000000e+01  -3.3000000e+01   2.5790888e+01
   7.0000000e+00   3.3512366e+01  -1.3696001e+02   1.6929233e+01   2.0000000e+01  -3.3000000e+01   2.2521834e+01
   7.0000000e+00   3.0686959e+01  -1.3439051e+02   1.6297722e+01   2.0000000e+01  -3.3000000e+01   2.0588571e+01
   7.0000000e+00   2.9591636e+01  -1.3330771e+02   1.6975593e+01   2.0000000e+01  -3.3000000e+01   1.7871672e+01
   7.0000000e+00   3.0884778e+01  -1.3187498e+02   1.8651630e+01   2.0000000e+01  -3.3000000e+01   1.4906389e+01
   7.0000000e+00   3.3027832e+01  -1.2889757e+02   2.0167688e+01   2.0000000e+01  -3.3000000e+01   1.1639878e+01
   7.0000000e+00   3.4903639e+01  -1.2572777e+02   2.1876370e+01   2.0000000e+01  -3.3000000e+01   8.3850027e+00
   7.0000000e+00   3.6067328e+01  -1.2322066e+02   2.4429480e+01   2.0000000e+01  -3.3000000e+01   3.9092716e+00
   7.0000000e+00   3.6375781e+01  -1.2072878e+02   2.6115522e+01   2.0000000e+01  -3.3000000e+01  -2.5562005e-01
   7.0000000e+00   3.7244648e+01  -1.1907798e+02   2.8142677e+01   2.0000000e+01  -3.3000000e+01  -4.4965123e+00
   7.0000000e+00   3.7242227e+01  -1.1644194e+02   2.9725747e+01   2.0000000e+01  -3.3000000e+01  -8.8741814e+00
   7.0000000e+00   3.6460913e+01  -1.1489697e+02   3.1588369e+01   2.0000000e+01  -3.3000000e+01  -1.2227487e+01
   7.0000000e+00   3.4465627e+01  -1.1435556e+02   3.3111880e+01   2.0000000e+01  -3.3000000e+01  -1.5835298e+01
   7.0000000e+00   3.3320744e+01  -1.1241127e+02   3.4340277e+01   2.0000000e+01  -3.3000000e+01  -2.0267544e+01
   7.0000000e+00   3.4234230e+01  -1.1096135e+02   3.5781974e+01   2.0000000e+01  -3.3000000e+01  -2.4566055e+01
   7.0000000e+00   3.5184192e+01  -1.0959976e+02   3.7054144e+01   2.0000000e+01  -3.3000000e+01  -2.7673642e+01
   7.0000000e+00   3.4386416e+01  -1.0784457e+02   3.7219803e+01   2.0000000e+01  -3.3000000e+01  -2.9719566e+01
   7.0000000e+00   3.5002468e+01  -1.0524025e+02   3.6414267e+01   2.0000000e+01  -3.3000000e+01  -3.1662492e+01
   7.0000000e+00   3.4177372e+01  -1.0396703e+02   3.6732539e+01   2.0000000e+01  -3.3000000e+01  -3.4088833e+01
   7.0000000e+00   3.4203897e+01  -1.0464077e+02   3.6301785e+01   2.0000000e+01  -3.3000000e+01  -3.6231614e+01
   7.0000000e+00   3.7325306e+01  -1.0695877e+02   3.5605040e+01   2.0000000e+01  -3.3000000e+01  -4.0465044e+01
   7.0000000e+00   3.7758952e+01  -1.0978172e+02   3.3560259e+01   2.0000000e+01  -3.3000000e+01  -4.2906003e+01
   7.0000000e+00   4.0497858e+01  -1.1269988e+02   3.1121457e+01   2.0000000e+01  -3.3000000e+01  -4.1143852e+01
   7.0000000e+00   4.0366064e+01  -1.1473812e+02   2.7780883e+01   2.0000000e+01  -3.3000000e+01  -3.7511639e+01
   7.0000000e+00   3.9845763e+01  -1.1780912e+02   2.4337010e+01   2.0000000e+01  -3.3000000e+01  -3.1200649e+01
   7.0000000e+00   3.8870534e+01  -1.2277553e+02   2.0306382e+01   2.0000000e+01  -3.3000000e+01  -2.3233046e+01
   7.0000000e+00   3.7396366e+01  -1.2630163e+02   1.5778726e+01   2.0000000e+01  -3.3000000e+01  -1.5303481e+01
   7.0000000e+00   3.5221095e+01  -1.3084582e+02   1.1812920e+01   2.0000000e+01  -3.3000000e+01  -6.2578276e+00
   7.0000000e+00   3.3137723e+01  -1.3747881e+02   8.9285931e+00   2.0000000e+01  -3.3000000e+01   1.8418938e+00
   7.0000000e+00   3.2368049e+01  -1.4038508e+02   5.1914267e+00   2.0000000e+01  -3.3000000e+01   1.0337891e+01
   7.0000000e+00   3.1534052e+01  -1.4437085e+02   1.4677050e+00   2.0000000e+01  -3.3000000e+01   1.9663583e+01
   7.0000000e+00   3.0861496e+01  -1.4802357e+02  -2.8254902e-01   2.0000000e+01  -3.3000000e+01   2.8389007e+01
   7.0000000e+00   2.9659099e+01  -1.5254129e+02  -8.5201114e-01   2.0000000e+01  -3.3000000e+01   3.6140963e+01
   7.0000000e+00   2.9068087e+01  -1.5581297e+02  -1.8768727e+00   2.0000000e+01  -3.3000000e+01   4.3341137e+01
   7.0000000e+00   2.7412499e+01  -1.5842206e+02  -2.1298411e+00   2.0000000e+01  -3.3000000e+01   5.0546133e+01
   7.0000000e+00   2.7786327e+01  -1.6158673e+02  -5.1240217e-01   2.0000000e+01  -3.3000000e+01   5.4039078e+01
   7.0000000e+00   2.9023878e+01  -1.6155091e+02   1.1448085e-02   2.0000000e+01  -3.3000000e+01   5.6927460e+01
   7.0000000e+00   2.8745111e+01  -1.6169348e+02   1.7519000e-03   2.0000000e+01  -3.3000000e+01   5.9027183e+01
   7.0000000e+00   3.1246180e+01  -1.6103552e+02   2.1449688e+00   2.0000000e+01  -3.3000000e+01   6.0912079e+01
   7.0000000e+00   3.3205277e+01  -1.5891842e+02   4.0221861e+00   2.0000000e+01  -3.3000000e+01   6.0306208e+01
   7.0000000e+00   3.3248012e+01  -1.5664491e+02   4.8952184e+00   2.0000000e+01  -3.3000000e+01   5.7669740e+01
   7.0000000e+00   3.3071937e+01  -1.5501626e+02   5.2414152e+00   2.0000000e+01  -3.3000000e+01   5.6346629e+01
   7.0000000e+00   3.3860062e+01  -1.5373395e+02   5.7686084e+00   2.0000000e+01  -3.3000000e+01   5.5517678e+01
   7.0000000e+00   3.4727158e+01  -1.5386782e+02   7.6474192e+00   2.0000000e+01  -3.3000000e+01   5.1095589e+01
   7.0000000e+00   3.6933465e+01  -1.5180580e+02   8.9853699e+00   2.0000000e+01  -3.3000000e+01   4.9614754e+01
   7.0000000e+00   3.6964774e+01  -1.4986054e+02   1.0095082e+01   2.0000000e+01  -3.3000000e+01   4.6177642e+01
   7.0000000e+00   3.5505361e+01  -1.4726364e+02   9.7695060e+00   2.0000000e+01  -3.3000000e+01   4.4005919e+01
   7.0000000e+00   3.4498845e+01  -1.4618971e+02   1.0009988e+01   2.0000000e+01  -3.3000000e+01   4.1214122e+01
   7.0000000e+00   3.4385391e+01  -1.4374113e+02   9.9842051e+00   2.0000000e+01  -3.3000000e+01   3.7740098e+01
   7.0000000e+00   3.3917246e+01  -1.4236426e+02   1.1348445e+01   2.0000000e+01  -3.3000000e+01   3.6095937e+01
   7.0000000e+00   3.6044229e+01  -1.3949325e+02   1.2370687e+01   2.0000000e+01  -3.3000000e+01   3.3007124e+01
   7.0000000e+00   3.5679049e+01  -1.3702829e+02   1.3065845e+01   2.0000000e+01  -3.3000000e+01   2.9959601e+01
   7.0000000e+00   3.3721554e+01  -1.3639280e+02   1.3955844e+01   2.0000000e+01  -3.3000000e+01   2.8245582e+01
   7.0000000e+00   3.1612720e+01  -1.3535313e+02   1.4812362e+01   2.0000000e+01  -3.3000000e+01   2.4828974e+01
   7.0000000e+00   3.1458659e+01  -1.3342480e+02   1.5319402e+01   2.0000000e+01  -3.3000000e+01   2.1815977e+01
   7.0000000e+00   3.1126262e+01  -1.3190249e+02   1.6549464e+01   2.0000000e+01  -3.3000000e+01   1.9139298e+01
   7.0000000e+00   3.1712668e+01  -1.3123296e+02   1.8636749e+01   2.0000000e+01  -3.3000000e+01   1.4544875e+01
   7.0000000e+00   3.2713551e+01  -1.2854479e+02   2.1200181e+01   2.0000000e+01  -3.3000000e+01   1.0009939e+01
   7.0000000e+00   3.3820558e+01  -1.2602277e+02   2.3689609e+01   2.0000000e+01  -3.3000000e+01   5.4263978e+00
   7.0000000e+00   3.4548217e+01  -1.2390497e+02   2.6087410e+01   2.0000000e+01  -3.3000000e+01   6.9161958e-01
   7.0000000e+00   3.5447262e+01  -1.2204256e+02   2.8232822e+01   2.0000000e+01  -3.3000000e+01  -4.1811570e+00
   7.0000000e+00   3.6043540e+01  -1.1943847e+02   3.0291169e+01   2.0000000e+01  -3.3000000e+01  -8.8497960e+00
   7.0000000e+00   3.6240417e+01  -1.1627960e+02   3.1819690e+01   2.0000000e+01  -3.3000000e+01  -1.2019419e+01
   7.0000000e+00   3.5563735e+01  -1.1463799e+02   3.3666936e+01   2.0000000e+01  -3.3000000e+01  -1.6076128e+01
   7.0000000e+00   3.3374447e+01  -1.1362835e+02   3.5244475e+01   2.0000000e+01  -3.3000000e+01  -2.1116839e+01
   7.0000000e+00   3.3303362e+01  -1.1264592e+02   3.6744032e+01   2.0000000e+01  -3.3000000e+01  -2.5451936e+01
   7.0000000e+00   3.2294981e+01  -1.0870444e+02   3.5731778e+01   2.0000000e+01  -3.3000000e+01  -2.8394676e+01
   7.0000000e+00   3.2621870e+01  -1.0585872e+02   3.5103231e+01   2.0000000e+01  -3.3000000e+01  -2.9754890e+01
   7.0000000e+00   3.2756138e+01  -1.0473382e+02   3.4462746e+01   2.0000000e+01  -3.3000000e+01  -2.9893638e+01
   7.0000000e+00   3.5110678e+01  -1.0602731e+02   3.3708984e+01   2.0000000e+01  -3.3000000e+01  -3.2592784e+01
   7.0000000e+00   3.7361883e+01  -1.0748513e+02   3.3186467e+01   2.0000000e+01  -3.3000000e+01  -3.5214351e+01
   7.0000000e+00   3.9673493e+01  -1.1129896e+02   3.1884229e+01   2.0000000e+01  -3.3000000e+01  -3.6773049e+01
   7.0000000e+00   4.0247000e+01  -1.1381025e+02   2.8554521e+01   2.0000000e+01  -3.3000000e+01  -3.2242510e+01
   7.0000000e+00   3.9266189e+01  -1.1920687e+02   2.4715272e+01   2.0000000e+01  -3.3000000e+01  -2.5801119e+01
   7.0000000e+00   3.6474807e+01  -1.2367057e+02   2.0433162e+01   2.0000000e+01  -3.3000000e+01  -1.8383142e+01
   7.0000000e+00   3.4337765e+01  -1.2916845e+02   1.6913211e+01   2.0000000e+01  -3.3000000e+01  -9.7905992e+00
   7.0000000e+00   3.2587240e+01  -1.3422621e+02   1.2438519e+01   2.0000000e+01  -3.3000000e+01  -1.6606249e+00
   7.0000000e+00   3.1158719e+01  -1.3835660e+02   8.5219818e+00   2.0000000e+01  -3.3000000e+01   6.2927346e+00
   7.0000000e+00   3.2433725e+01  -1.4482567e+02   6.8968233e+00   2.0000000e+01  -3.3000000e+01   1.6315783e+01
   7.0000000e+00   3.0402863e+01  -1.4935737e+02   2.4139871e+00   2.0000000e+01  -3.3000000e+01   2.6639916e+01
   7.0000000e+00   2.8114835e+01  -1.5442762e+02  -9.2877081e-01   2.0000000e+01  -3.3000000e+01   3.7009841e+01
   7.0000000e+00   2.5660653e+01  -1.5748654e+02  -3.6387462e+00   2.0000000e+01  -3.3000000e+01   4.6168635e+01
   7.0000000e+00   2.3143936e+01  -1.5795736e+02  -6.3044644e+00   2.0000000e+01  -3.3000000e+01   5.2682376e+01
   7.0000000e+00   2.5778608e+01  -1.5942418e+02  -5.7740094e+00   2.0000000e+01  -3.3000000e+01   5.6884214e+01
   7.0000000e+00   2.8754847e+01  -1.6194667e+02  -3.2401110e+00   2.0000000e+01  -3.3000000e+01   6.0251435e+01
   7.0000000e+00   3.0588246e+01  -1.6022391e+02  -1.6698406e+00   2.0000000e+01  -3.3000000e+01   6.2715801e+01
   7.0000000e+00   3.2893959e+01  -1.5997616e+02   1.4119501e+00   2.0000000e+01  -3.3000000e+01   6.1639130e+01
   7.0000000e+00   3.3928750e+01  -1.5813539e+02   4.0665108e+00   2.0000000e+01  -3.3000000e+01   5.8637975e+01
   7.0000000e+00   3.4986347e+01  -1.5613587e+02   5.9683085e+00   2.0000000e+01  -3.3000000e+01   5.6717603e+01
   7.0000000e+00   3.5502751e+01  -1.5434219e+02   6.7224101e+00   2.0000000e+01  -3.3000000e+01   5.4202330e+01
   7.0000000e+00   3.5466082e+01  -1.5306616e+02   7.9460242e+00   2.0000000e+01  -3.3000000e+01   5.1226340e+01
   7.0000000e+00   3.5483036e+01  -1.5054308e+02   8.2224463e+00   2.0000000e+01  -3.3000000e+01   4.7823070e+01
   7.0000000e+00   3.5235118e+01  -1.4855321e+02   8.9259131e+00   2.0000000e+01  -3.3000000e+01   4.3979032e+01
   7.0000000e+00   3.6394254e+01  -1.4637816e+02   1.0130007e+01   2.0000000e+01  -3.3000000e+01   4.1145065e+01
   7.0000000e+00   3.6479273e+01  -1.4382115e+02   1.0850825e+01   2.0000000e+01  -3.3000000e+01   3.8326000e+01
   7.0000000e+00   3.6429354e+01  -1.4241050e+02   1.2333362e+01   2.0000000e+01  -3.3000000e+01   3.5756064e+01
   7.0000000e+00   3.6082956e+01  -1.3932204e+02   1.2745258e+01   2.0000000e+01  -3.3000000e+01   3.2156877e+01
   7.0000000e+00   3.6246941e+01  -1.3779708e+02   1.3397183e+01   2.0000000e+01  -3.3000000e+01   3.0184346e+01
   7.0000000e+00   3.4696845e+01  -1.3610485e+02   1.3326360e+01   2.0000000e+01  -3.3000000e+01   2.8154725e+01
   7.0000000e+00   3.5044911e+01  -1.3500092e+02   1.4837159e+01   2.0000000e+01  -3.3000000e+01   2.6407330e+01
   7.0000000e+00   3.7498341e+01  -1.3301427e+02   1.5952682e+01   2.0000000e+01  -3.3000000e+01   2.3616632e+01
   7.0000000e+00   3.8388782e+01  -1.3082992e+02   1.6924255e+01   2.0000000e+01  -3.3000000e+01   2.0991177e+01
   7.0000000e+00   3.6656697e+01  -1.2885628e+02   1.7390298e+01   2.0000000e+01  -3.3000000e+01   1.8929120e+01
   7.0000000e+00   3.6346818e+01  -1.2783267e+02   1.8991969e+01   2.0000000e+01  -3.3000000e+01   1.5095662e+01
   7.0000000e+00   3.6041713e+01  -1.2629546e+02   2.0137552e+01   2.0000000e+01  -3.3000000e+01   1.2310420e+01
   7.0000000e+00   3.5664891e+01  -1.2499495e+02   2.1908853e+01   2.0000000e+01  -3.3000000e+01   8.0867990e+00
   7.0000000e+00   3.4297173e+01  -1.2346736e+02   2.3216034e+01   2.0000000e+01  -3.3000000e+01   4.6025652e+00
   7.0000000e+00   3.3419616e+01  -1.2252868e+02   2.5258909e+01   2.0000000e+01  -3.3000000e+01  -5.0368286e-01
   7.0000000e+00   3.3966603e+01  -1.2134494e+02   2.7429906e+01   2.0000000e+01  -3.3000000e+01  -5.2679704e+00
   7.0000000e+00   3.5994193e+01  -1.1846148e+02   2.8701713e+01   2.0000000e+01  -3.3000000e+01  -8.5567153e+00
   7.0000000e+00   3.6546323e+01  -1.1586589e+02   3.0269106e+01   2.0000000e+01  -3.3000000e+01  -1.2283794e+01
   7.0000000e+00   3.5078075e+01  -1.1419813e+02   3.1798081e+01   2.0000000e+01  -3.3000000e+01  -1.5204939e+01
   7.0000000e+00   3.3834804e+01  -1.1276067e+02   3.2952116e+01   2.0000000e+01  -3.3000000e+01  -1.8298639e+01
   7.0000000e+00   3.3068659e+01  -1.1181296e+02   3.3527257e+01   2.0000000e+01  -3.3000000e+01  -2.1690125e+01
   7.0000000e+00   3.2551499e+01  -1.1002939e+02   3.3737832e+01   2.0000000e+01  -3.3000000e+01  -2.4608794e+01
   7.0000000e+00   3.3608548e+01  -1.0994305e+02   3.3095281e+01   2.0000000e+01  -3.3000000e+01  -2.6067265e+01
   7.0000000e+00   3.6211141e+01  -1.1256309e+02   3.1433853e+01   2.0000000e+01  -3.3000000e+01  -2.6946095e+01
   7.0000000e+00   3.7100108e+01  -1.1574490e+02   2.9462229e+01   2.0000000e+01  -3.3000000e+01  -2.8009589e+01
   7.0000000e+00   3.8389735e+01  -1.1954957e+02   2.7051102e+01   2.0000000e+01  -3.3000000e+01  -2.5059143e+01
   7.0000000e+00   3.7919353e+01  -1.2423972e+02   2.3497109e+01   2.0000000e+01  -3.3000000e+01  -1.8554528e+01
   7.0000000e+00   3.7743524e+01  -1.2849329e+02   1.9983478e+01   2.0000000e+01  -3.3000000e+01  -1.0543614e+01
   7.0000000e+00   3.5646977e+01  -1.3318913e+02   1.6535911e+01   2.0000000e+01  -3.3000000e+01  -2.8061883e+00
   7.0000000e+00   3.3143137e+01  -1.3959866e+02   1.2259752e+01   2.0000000e+01  -3.3000000e+01   5.6990646e+00
   7.0000000e+00   3.3573856e+01  -1.4534054e+02   9.6381296e+00   2.0000000e+01  -3.3000000e+01   1.4135001e+01
   7.0000000e+00   3.5407378e+01  -1.5075055e+02   7.5637873e+00   2.0000000e+01  -3.3000000e+01   2.2648448e+01
   7.0000000e+00   3.3881224e+01  -1.5546224e+02   5.6396798e+00   2.0000000e+01  -3.3000000e+01   3.0223407e+01
   7.0000000e+00   3.2559273e+01  -1.5846881e+02   3.3643039e+00   2.0000000e+01  -3.3000000e+01   4.0191263e+01
   7.0000000e+00   2.8460901e+01  -1.5948307e+02   4.6220912e-01   2.0000000e+01  -3.3000000e+01   4.9556800e+01
   7.0000000e+00   2.9270729e+01  -1.6052736e+02   3.6298386e-01   2.0000000e+01  -3.3000000e+01   5.4267158e+01
   7.0000000e+00   3.0539806e+01  -1.6014048e+02   9.9114227e-01   2.0000000e+01  -3.3000000e+01   5.7668032e+01
   7.0000000e+00   3.1681329e+01  -1.5876579e+02   2.0323632e+00   2.0000000e+01  -3.3000000e+01   5.9478241e+01
   7.0000000e+00   3.1845529e+01  -1.5736196e+02   3.8241147e+00   2.0000000e+01  -3.3000000e+01   5.8138200e+01
   7.0000000e+00   3.3367342e+01  -1.5590341e+02   5.7374790e+00   2.0000000e+01  -3.3000000e+01   5.5107082e+01
   7.0000000e+00   3.7441435e+01  -1.5579901e+02   9.1818537e+00   2.0000000e+01  -3.3000000e+01   5.2582989e+01
   7.0000000e+00   3.6818395e+01  -1.5322870e+02   1.0378375e+01   2.0000000e+01  -3.3000000e+01   4.9246524e+01
   7.0000000e+00   3.7952331e+01  -1.5069224e+02   1.1594822e+01   2.0000000e+01  -3.3000000e+01   4.7281083e+01
   7.0000000e+00   3.6720009e+01  -1.4865128e+02   1.2141677e+01   2.0000000e+01  -3.3000000e+01   4.3387743e+01
   7.0000000e+00   3.4729558e+01  -1.4637964e+02   1.1252832e+01   2.0000000e+01  -3.3000000e+01   3.9878129e+01
   7.0000000e+00   3.4135814e+01  -1.4395650e+02   1.2254594e+01   2.0000000e+01  -3.3000000e+01   3.6490611e+01
   7.0000000e+00   3.4482902e+01  -1.4204592e+02   1.3198197e+01   2.0000000e+01  -3.3000000e+01   3.3365193e+01
   7.0000000e+00   3.5524776e+01  -1.4075611e+02   1.4830233e+01   2.0000000e+01  -3.3000000e+01   3.0089190e+01
   7.0000000e+00   3.5894811e+01  -1.3959186e+02   1.6335548e+01   2.0000000e+01  -3.3000000e+01   2.7693526e+01
   7.0000000e+00   3.5275184e+01  -1.3823352e+02   1.7665043e+01   2.0000000e+01  -3.3000000e+01   2.5973224e+01
   7.0000000e+00   3.5612692e+01  -1.3681987e+02   1.8400612e+01   2.0000000e+01  -3.3000000e+01   2.4000234e+01
   7.0000000e+00   3.6186763e+01  -1.3443119e+02   1.8739718e+01   2.0000000e+01  -3.3000000e+01   2.1512525e+01
   7.0000000e+00   3.7657894e+01  -1.3134146e+02   1.8602848e+01   2.0000000e+01  -3.3000000e+01   1.9463032e+01
   7.0000000e+00   3.8145995e+01  -1.2916453e+02   2.0680903e+01   2.0000000e+01  -3.3000000e+01   1.5457212e+01
   7.0000000e+00   3.7161961e+01  -1.2696434e+02   2.2409807e+01   2.0000000e+01  -3.3000000e+01   1.1262645e+01
   7.0000000e+00   3.7145611e+01  -1.2540300e+02   2.4087624e+01   2.0000000e+01  -3.3000000e+01   6.9518325e+00
   7.0000000e+00   3.7618383e+01  -1.2318695e+02   2.6244032e+01   2.0000000e+01  -3.3000000e+01   3.1944672e+00
   7.0000000e+00   3.6914408e+01  -1.2162388e+02   2.8234926e+01   2.0000000e+01  -3.3000000e+01  -1.3643453e+00
   7.0000000e+00   3.6580415e+01  -1.2010175e+02   2.9224153e+01   2.0000000e+01  -3.3000000e+01  -4.2348592e+00
   7.0000000e+00   3.6791092e+01  -1.1939316e+02   3.0704754e+01   2.0000000e+01  -3.3000000e+01  -8.2504863e+00
   7.0000000e+00   3.6124618e+01  -1.1762057e+02   3.1945116e+01   2.0000000e+01  -3.3000000e+01  -1.2119586e+01
   7.0000000e+00   3.4843882e+01  -1.1636928e+02   3.3019819e+01   2.0000000e+01  -3.3000000e+01  -1.4668276e+01
   7.0000000e+00   3.4410975e+01  -1.1625913e+02   3.4312253e+01   2.0000000e+01  -3.3000000e+01  -1.7197834e+01
   7.0000000e+00   3.3210241e+01  -1.1543150e+02   3.5420817e+01   2.0000000e+01  -3.3000000e+01  -2.0479749e+01
   7.0000000e+00   3.3996298e+01  -1.1419131e+02   3.6867421e+01   2.0000000e+01  -3.3000000e+01  -2.4481660e+01
   7.0000000e+00   3.4372239e+01  -1.1230036e+02   3.7945580e+01   2.0000000e+01  -3.3000000e+01  -2.7761832e+01
   7.0000000e+00   3.4257451e+01  -1.1100847e+02   3.7877054e+01   2.0000000e+01  -3.3000000e+01  -2.9081060e+01
   7.0000000e+00   3.5137566e+01  -1.0975530e+02   3.7111103e+01   2.0000000e+01  -3.3000000e+01  -2.9322245e+01
   7.0000000e+00   3.7142960e+01  -1.1045464e+02   3.4822504e+01   2.0000000e+01  -3.3000000e+01  -2.7332426e+01
   7.0000000e+00   3.7314209e+01  -1.1347767e+02   3.1820228e+01   2.0000000e+01  -3.3000000e+01  -2.2461969e+01
   7.0000000e+00   3.7547047e+01  -1.1735432e+02   2.8252551e+01   2.0000000e+01  -3.3000000e+01  -1.5872919e+01
   7.0000000e+00   3.6971968e+01  -1.2272892e+02   2.4350765e+01   2.0000000e+01  -3.3000000e+01  -8.1086931e+00
   7.0000000e+00   3.6936878e+01  -1.2842789e+02   2.0551224e+01   2.0000000e+01  -3.3000000e+01   7.5536574e-02
   7.0000000e+00   3.6828314e+01  -1.3277829e+02   1.6067609e+01   2.0000000e+01  -3.3000000e+01   7.5740524e+00
   7.0000000e+00   3.6374540e+01  -1.3807555e+02   1.2932384e+01   2.0000000e+01  -3.3000000e+01   1.5232547e+01
   7.0000000e+00   3.5526662e+01  -1.4275770e+02   9.4205221e+00   2.0000000e+01  -3.3000000e+01   2.3245172e+01
   7.0000000e+00   3.4566346e+01  -1.4732523e+02   5.7890320e+00   2.0000000e+01  -3.3000000e+01   3.2933680e+01
   7.0000000e+00   3.2254146e+01  -1.5013510e+02   2.9441594e+00   2.0000000e+01  -3.3000000e+01   4.2993843e+01
   7.0000000e+00   3.1948305e+01  -1.5482097e+02   9.1378983e-01   2.0000000e+01  -3.3000000e+01   5.1259763e+01
   7.0000000e+00   3.0163544e+01  -1.5619009e+02  -7.6218913e-01   2.0000000e+01  -3.3000000e+01   5.6818533e+01
   7.0000000e+00   2.8795401e+01  -1.5896289e+02  -1.0328726e+00   2.0000000e+01  -3.3000000e+01   5.8284837e+01
   7.0000000e+00   2.9624763e+01  -1.5882933e+02  -3.8609960e-01   2.0000000e+01  -3.3000000e+01   5.9129980e+01
   7.0000000e+00   3.1306699e+01  -1.5790691e+02   1.4134592e+00   2.0000000e+01  -3.3000000e+01   5.7981910e+01
   7.0000000e+00   3.2869267e+01  -1.5637419e+02   3.3531081e+00   2.0000000e+01  -3.3000000e+01   5.6563783e+01
   7.0000000e+00   3.2275616e+01  -1.5363754e+02   3.4956532e+00   2.0000000e+01  -3.3000000e+01   5.5413570e+01
   7.0000000e+00   3.1977261e+01  -1.5142934e+02   3.5168296e+00   2.0000000e+01  -3.3000000e+01   5.3554749e+01
   7.0000000e+00   3.1623480e+01  -1.5013864e+02   4.6409041e+00   2.0000000e+01  -3.3000000e+01   5.0668417e+01
   7.0000000e+00   3.2183777e+01  -1.4847828e+02   5.5177265e+00   2.0000000e+01  -3.3000000e+01   4.7658424e+01
   7.0000000e+00   3.0855699e+01  -1.4750321e+02   6.0133710e+00   2.0000000e+01  -3.3000000e+01   4.5137287e+01
   7.0000000e+00   3.0398945e+01  -1.4617858e+02   6.4108902e+00   2.0000000e+01  -3.3000000e+01   4.2040001e+01
   7.0000000e+00   3.1851001e+01  -1.4481918e+02   7.8423654e+00   2.0000000e+01  -3.3000000e+01   3.9054171e+01
   7.0000000e+00   3.2811531e+01  -1.4342126e+02   1.0081265e+01   2.0000000e+01  -3.3000000e+01   3.6890827e+01
   7.0000000e+00   3.2313549e+01  -1.4096711e+02   1.0680828e+01   2.0000000e+01  -3.3000000e+01   3.4306222e+01
   7.0000000e+00   3.0773018e+01  -1.3970461e+02   1.1017029e+01   2.0000000e+01  -3.3000000e+01   3.1076642e+01
   7.0000000e+00   3.1313640e+01  -1.3830048e+02   1.1569838e+01   2.0000000e+01  -3.3000000e+01   2.8477252e+01
   7.0000000e+00   2.9999839e+01  -1.3725314e+02   1.2754328e+01   2.0000000e+01  -3.3000000e+01   2.6236325e+01
   7.0000000e+00   3.3012383e+01  -1.3528414e+02   1.4131515e+01   2.0000000e+01  -3.3000000e+01   2.3310434e+01
   7.0000000e+00   3.3243933e+01  -1.3295500e+02   1.5885824e+01   2.0000000e+01  -3.3000000e+01   2.0271918e+01
   7.0000000e+00   3.2297132e+01  -1.3123410e+02   1.6836417e+01   2.0000000e+01  -3.3000000e+01   1.7550052e+01
   7.0000000e+00   3.1060118e+01  -1.2930640e+02   1.7724600e+01   2.0000000e+01  -3.3000000e+01   1.4360182e+01
   7.0000000e+00   3.1717161e+01  -1.2778040e+02   1.9801649e+01   2.0000000e+01  -3.3000000e+01   1.0389882e+01
   7.0000000e+00   3.4489364e+01  -1.2533520e+02   2.2180497e+01   2.0000000e+01  -3.3000000e+01   6.2887216e+00
   7.0000000e+00   3.4525494e+01  -1.2250768e+02   2.5023101e+01   2.0000000e+01  -3.3000000e+01   1.9678144e+00
   7.0000000e+00   3.5197832e+01  -1.2036830e+02   2.7177546e+01   2.0000000e+01  -3.3000000e+01  -2.7178537e+00
   7.0000000e+00   3.5992680e+01  -1.1803537e+02   2.8663424e+01   2.0000000e+01  -3.3000000e+01  -6.2787133e+00
   7.0000000e+00   3.5370046e+01  -1.1551582e+02   3.0378797e+01   2.0000000e+01  -3.3000000e+01  -1.0847967e+01
   7.0000000e+00   3.5715080e+01  -1.1337155e+02   3.1845242e+01   2.0000000e+01  -3.3000000e+01  -1.4926198e+01
   7.0000000e+00   3.5898521e+01  -1.1074208e+02   3.3611454e+01   2.0000000e+01  -3.3000000e+01  -1.9639454e+01
   7.0000000e+00   3.6796758e+01  -1.0834835e+02   3.4692285e+01   2.0000000e+01  -3.3000000e+01  -2.3593046e+01
   7.0000000e+00   3.7055028e+01  -1.0603819e+02   3.4939081e+01   2.0000000e+01  -3.3000000e+01  -2.5313169e+01
   7.0000000e+00   3.5774007e+01  -1.0550157e+02   3.5045427e+01   2.0000000e+01  -3.3000000e+01  -2.7194931e+01
   7.0000000e+00   3.5102679e+01  -1.0466863e+02   3.4624844e+01   2.0000000e+01  -3.3000000e+01  -2.8282743e+01
   7.0000000e+00   3.6024594e+01  -1.0612942e+02   3.4879683e+01   2.0000000e+01  -3.3000000e+01  -3.1583854e+01
   7.0000000e+00   3.7693905e+01  -1.0828767e+02   3.4280532e+01   2.0000000e+01  -3.3000000e+01  -3.4715096e+01
   7.0000000e+00   4.0189959e+01  -1.1080984e+02   3.2809315e+01   2.0000000e+01  -3.3000000e+01  -3.6467554e+01
   7.0000000e+00   4.0102148e+01  -1.1455582e+02   3.1104790e+01   2.0000000e+01  -3.3000000e+01  -3.6078996e+01
   7.0000000e+00   3.9949136e+01  -1.1778548e+02   2.8757457e+01   2.0000000e+01  -3.3000000e+01  -3.2729206e+01
   7.0000000e+00   4.0558909e+01  -1.2148531e+02   2.5765041e+01   2.0000000e+01  -3.3000000e+01  -2.7064070e+01
   7.0000000e+00   3.8916876e+01  -1.2543151e+02   2.1537863e+01   2.0000000e+01  -3.3000000e+01  -1.9117065e+01
   7.0000000e+00   3.8012857e+01  -1.2949872e+02   1.7877303e+01   2.0000000e+01  -3.3000000e+01  -1.1677655e+01
   7.0000000e+00   3.7296772e+01  -1.3408971e+02   1.4576405e+01   2.0000000e+01  -3.3000000e+01  -3.5444007e+00
   7.0000000e+00   3.6488959e+01  -1.3967198e+02   1.1796367e+01   2.0000000e+01  -3.3000000e+01   4.9939221e+00
   7.0000000e+00   3.6040027e+01  -1.4537287e+02   1.0111896e+01   2.0000000e+01  -3.3000000e+01   1.4065668e+01
   7.0000000e+00   3.5133300e+01  -1.4940365e+02   6.4290602e+00   2.0000000e+01  -3.3000000e+01   2.3045462e+01
   7.0000000e+00   3.3777636e+01  -1.5416408e+02   5.0762478e+00   2.0000000e+01  -3.3000000e+01   3.0969984e+01
   7.0000000e+00   3.4415768e+01  -1.5864302e+02   4.3836635e+00   2.0000000e+01  -3.3000000e+01   3.7564988e+01
   7.0000000e+00   3.0885024e+01  -1.6044865e+02   2.0855524e+00   2.0000000e+01  -3.3000000e+01   4.3799796e+01
   7.0000000e+00   3.0471523e+01  -1.6139024e+02   1.1555265e+00   2.0000000e+01  -3.3000000e+01   4.9140051e+01
   7.0000000e+00   2.8581004e+01  -1.6111939e+02   3.5892892e-01   2.0000000e+01  -3.3000000e+01   5.4819557e+01
   7.0000000e+00   2.7943552e+01  -1.6060214e+02  -4.6547616e-01   2.0000000e+01  -3.3000000e+01   5.8675933e+01
   7.0000000e+00   2.8800385e+01  -1.5849813e+02   1.0495793e-01   2.0000000e+01  -3.3000000e+01   5.8749466e+01
   7.0000000e+00   3.0817385e+01  -1.5734152e+02   2.3920719e+00   2.0000000e+01  -3.3000000e+01   5.6235867e+01
   7.0000000e+00   3.2134693e+01  -1.5560219e+02   4.4223812e+00   2.0000000e+01  -3.3000000e+01   5.4184129e+01
   7.0000000e+00   3.2197792e+01  -1.5397040e+02   5.1972044e+00   2.0000000e+01  -3.3000000e+01   5.0776563e+01
   7.0000000e+00   3.3250144e+01  -1.5239402e+02   6.5724149e+00   2.0000000e+01  -3.3000000e+01   4.8410540e+01
   7.0000000e+00   3.3934113e+01  -1.5063359e+02   8.1628923e+00   2.0000000e+01  -3.3000000e+01   4.6218913e+01
   7.0000000e+00   3.4744031e+01  -1.4876033e+02   9.2264725e+00   2.0000000e+01  -3.3000000e+01   4.4770465e+01
   7.0000000e+00   3.3500871e+01  -1.4756207e+02   9.4658588e+00   2.0000000e+01  -3.3000000e+01   4.2523200e+01
   7.0000000e+00   3.3582257e+01  -1.4592294e+02   9.4915145e+00   2.0000000e+01  -3.3000000e+01   3.9788079e+01
   7.0000000e+00   3.5194678e+01  -1.4500330e+02   1.2075237e+01   2.0000000e+01  -3.3000000e+01   3.7737517e+01
   7.0000000e+00   3.6459320e+01  -1.4262078e+02   1.3232189e+01   2.0000000e+01  -3.3000000e+01   3.5236834e+01
   7.0000000e+00   3.7663077e+01  -1.4052130e+02   1.4410326e+01   2.0000000e+01  -3.3000000e+01   3.2545404e+01
   7.0000000e+00   3.8686956e+01  -1.3954620e+02   1.5817990e+01   2.0000000e+01  -3.3000000e+01   2.9987472e+01
   7.0000000e+00   3.7308390e+01  -1.3747415e+02   1.5141271e+01   2.0000000e+01  -3.3000000e+01   2.7917083e+01
   7.0000000e+00   3.6383286e+01  -1.3653689e+02   1.5399967e+01   2.0000000e+01  -3.3000000e+01   2.6687103e+01
   7.0000000e+00   3.6249950e+01  -1.3537447e+02   1.6119644e+01   2.0000000e+01  -3.3000000e+01   2.4480174e+01
   7.0000000e+00   3.6245104e+01  -1.3371438e+02   1.6772088e+01   2.0000000e+01  -3.3000000e+01   2.1982849e+01
   7.0000000e+00   3.4672097e+01  -1.3189450e+02   1.6916046e+01   2.0000000e+01  -3.3000000e+01   2.0048882e+01
   7.0000000e+00   3.2414497e+01  -1.3089013e+02   1.6931648e+01   2.0000000e+01  -3.3000000e+01   1.8528777e+01
   7.0000000e+00   3.1866517e+01  -1.3052456e+02   1.7774976e+01   2.0000000e+01  -3.3000000e+01   1.5524694e+01
   7.0000000e+00   3.1030276e+01  -1.2990159e+02   1.8974293e+01   2.0000000e+01  -3.3000000e+01   1.2651661e+01
   7.0000000e+00   3.2177553e+01  -1.2855845e+02   2.0303692e+01   2.0000000e+01  -3.3000000e+01   1.0371287e+01
   7.0000000e+00   3.3999679e+01  -1.2706103e+02   2.2134501e+01   2.0000000e+01  -3.3000000e+01   7.1452626e+00
   7.0000000e+00   3.4933994e+01  -1.2500876e+02   2.3925213e+01   2.0000000e+01  -3.3000000e+01   4.0455824e+00
   7.0000000e+00   3.3999474e+01  -1.2425768e+02   2.5994929e+01   2.0000000e+01  -3.3000000e+01   1.7228600e-01
