   8.7858117e+00  -4.9639539e+01  -1.4146635e+02   5.6102666e+01   2.9787902e+01  -2.9384410e+01  -6.2939809e+00
   7.0000000e+00  -4.3000000e+01  -1.4500000e+02   4.7406001e+01   3.1040729e+01  -3.3000000e+01  -2.7942512e+00
   7.0000000e+00  -4.3000000e+01  -1.4500000e+02   4.2075569e+01   2.8551562e+01  -3.3000000e+01   3.2913223e+00
   7.0000000e+00  -4.3000000e+01  -1.4500000e+02   3.5849897e+01   2.4747472e+01  -3.3000000e+01   9.0292512e+00
   7.0000000e+00  -4.3000000e+01  -1.4500000e+02   3.0311624e+01   2.0780664e+01  -3.3000000e+01   1.3417762e+01
   7.0000000e+00  -4.3000000e+01  -1.4500000e+02   2.5750503e+01   1.8506789e+01  -3.3000000e+01   1.8394050e+01
   7.0000000e+00  -4.3000000e+01  -1.4500000e+02   2.0284933e+01   1.6165030e+01  -3.3000000e+01   2.3367807e+01
   7.0000000e+00  -4.3000000e+01  -1.4500000e+02   1.7360148e+01   1.3782742e+01  -3.3000000e+01   2.8400753e+01
   7.0000000e+00  -4.3000000e+01  -1.4500000e+02   1.3932975e+01   1.1489955e+01  -3.3000000e+01   3.3251573e+01
   7.0000000e+00  -4.3000000e+01  -1.4500000e+02   1.2247878e+01   9.7926845e+00  -3.3000000e+01   3.7519656e+01
   7.0000000e+00  -4.3000000e+01  -1.4500000e+02   1.1018504e+01   8.2226662e+00  -3.3000000e+01   4.1751549e+01
   7.0000000e+00  -4.3000000e+01  -1.4500000e+02   1.0962629e+01   6.7882840e+00  -3.3000000e+01   4.5927672e+01
   7.0000000e+00  -4.3000000e+01  -1.4500000e+02   1.1360117e+01   5.5221970e+00  -3.3000000e+01   4.9973424e+01
   7.0000000e+00  -4.3000000e+01  -1.4500000e+02   1.2672425e+01   4.6278679e+00  -3.3000000e+01   5.3245727e+01
   7.0000000e+00  -4.3000000e+01  -1.4500000e+02   1.6105055e+01   3.9225162e+00  -3.3000000e+01   5.5651117e+01
   7.0000000e+00  -4.3000000e+01  -1.4500000e+02   1.8394247e+01   3.4303433e+00  -3.3000000e+01   5.6868506e+01
   7.0000000e+00  -4.3000000e+01  -1.4500000e+02   2.0100901e+01   3.2553377e+00  -3.3000000e+01   5.6934188e+01
   7.0000000e+00  -4.3000000e+01  -1.4500000e+02   2.2427310e+01   3.0838354e+00  -3.3000000e+01   5.5601625e+01
   7.0000000e+00  -4.3000000e+01  -1.4500000e+02   2.4481344e+01   3.2967893e+00  -3.3000000e+01   5.3782691e+01
   7.0000000e+00  -4.3000000e+01  -1.4500000e+02   2.6102470e+01   3.6029583e+00  -3.3000000e+01   5.1915448e+01
   7.0000000e+00  -4.3000000e+01  -1.4500000e+02   2.7853154e+01   4.9627958e+00  -3.3000000e+01   4.8997917e+01
   7.0000000e+00  -4.3000000e+01  -1.4500000e+02   3.0371576e+01   6.5618422e+00  -3.3000000e+01   4.5263933e+01
   7.0000000e+00  -4.3000000e+01  -1.4500000e+02   3.2693451e+01   8.8514866e+00  -3.3000000e+01   4.1114038e+01
   7.0000000e+00  -4.3000000e+01  -1.4500000e+02   3.4394820e+01   1.1143326e+01  -3.3000000e+01   3.6979898e+01
   7.0000000e+00  -4.3000000e+01  -1.4500000e+02   3.6313491e+01   1.3815930e+01  -3.3000000e+01   3.3460926e+01
   7.0000000e+00  -4.3000000e+01  -1.4500000e+02   3.8876747e+01   1.6157122e+01  -3.3000000e+01   3.1190792e+01
   7.0000000e+00  -4.3000000e+01  -1.4500000e+02   4.1263980e+01   1.7946516e+01  -3.3000000e+01   2.7919297e+01
   7.0000000e+00  -4.3000000e+01  -1.4500000e+02   4.3307640e+01   1.9763940e+01  -3.3000000e+01   2.5149352e+01
   7.0000000e+00  -4.3000000e+01  -1.4500000e+02   4.5479918e+01   2.1165911e+01  -3.3000000e+01   2.2653494e+01
   7.0000000e+00  -4.3000000e+01  -1.4500000e+02   4.8815995e+01   2.3199116e+01  -3.3000000e+01   1.9593754e+01
   7.0000000e+00  -4.3000000e+01  -1.4500000e+02   5.1140174e+01   2.4799397e+01  -3.3000000e+01   1.6359185e+01
   7.0000000e+00  -4.3000000e+01  -1.4500000e+02   5.4711743e+01   2.6362308e+01  -3.3000000e+01   1.3187977e+01
   7.0000000e+00  -4.3000000e+01  -1.4500000e+02   5.7379830e+01   2.7933035e+01  -3.3000000e+01   1.0006635e+01
   7.0000000e+00  -4.3000000e+01  -1.4500000e+02   5.9271915e+01   2.9073236e+01  -3.3000000e+01   7.4325037e+00
   7.0000000e+00  -4.3000000e+01  -1.4500000e+02   6.1806633e+01   3.0240073e+01  -3.3000000e+01   4.9000568e+00
   7.0000000e+00  -4.3000000e+01  -1.4500000e+02   6.5215469e+01   3.2043185e+01  -3.3000000e+01   2.3935054e+00
   7.0000000e+00  -4.3000000e+01  -1.4500000e+02   6.8027473e+01   3.3854832e+01  -3.3000000e+01  -2.3305731e-01
   7.0000000e+00  -4.3000000e+01  -1.4500000e+02   7.0478886e+01   3.5667645e+01  -3.3000000e+01  -2.9984205e+00
   7.0000000e+00  -4.3000000e+01  -1.4500000e+02   7.3101602e+01   3.7551117e+01  -3.3000000e+01  -5.6006196e+00
   7.0000000e+00  -4.3000000e+01  -1.4500000e+02   7.4360186e+01   3.9432193e+01  -3.3000000e+01  -7.4997012e+00
   7.0000000e+00  -4.3000000e+01  -1.4500000e+02   7.4733999e+01   4.1321720e+01  -3.3000000e+01  -9.3704000e+00
   7.0000000e+00  -4.3000000e+01  -1.4500000e+02   7.3310148e+01   4.2909064e+01  -3.3000000e+01  -1.0263720e+01
   7.0000000e+00  -4.3000000e+01  -1.4500000e+02   6.8212351e+01   4.4165217e+01  -3.3000000e+01  -1.0472800e+01
   7.0000000e+00  -4.3000000e+01  -1.4500000e+02   6.2855401e+01   4.4718683e+01  -3.3000000e+01  -9.3873281e+00
   7.0000000e+00  -4.3000000e+01  -1.4500000e+02   5.6910845e+01   4.4209615e+01  -3.3000000e+01  -6.9548004e+00
   7.0000000e+00  -4.3000000e+01  -1.4500000e+02   5.1092218e+01   4.3006951e+01  -3.3000000e+01  -3.7036951e+00
   7.0000000e+00  -4.3000000e+01  -1.4500000e+02   4.5112267e+01   4.0235891e+01  -3.3000000e+01   1.5324465e+00
   7.0000000e+00  -4.3000000e+01  -1.4500000e+02   3.9730301e+01   3.5921733e+01  -3.3000000e+01   7.2055260e+00
   7.0000000e+00  -4.3000000e+01  -1.4500000e+02   3.4764770e+01   3.0814221e+01  -3.3000000e+01   1.3041408e+01
   7.0000000e+00  -4.3000000e+01  -1.4500000e+02   2.9500086e+01   2.5771136e+01  -3.3000000e+01   1.8795673e+01
   7.0000000e+00  -4.3000000e+01  -1.4500000e+02   2.4291982e+01   2.2906042e+01  -3.3000000e+01   2.3737463e+01
   7.0000000e+00  -4.3000000e+01  -1.4500000e+02   1.9726571e+01   2.0032594e+01  -3.3000000e+01   2.8682396e+01
   7.0000000e+00  -4.3000000e+01  -1.4500000e+02   1.6000848e+01   1.7262266e+01  -3.3000000e+01   3.3508996e+01
   7.0000000e+00  -4.3000000e+01  -1.4500000e+02   1.3361637e+01   1.4659580e+01  -3.3000000e+01   3.8234334e+01
   7.0000000e+00  -4.3000000e+01  -1.4500000e+02   1.2670305e+01   1.2875270e+01  -3.3000000e+01   4.2761894e+01
   7.0000000e+00  -4.3000000e+01  -1.4500000e+02   1.3026408e+01   1.1128734e+01  -3.3000000e+01   4.7012355e+01
   7.0000000e+00  -4.3000000e+01  -1.4500000e+02   1.4227324e+01   9.4923671e+00  -3.3000000e+01   5.0540013e+01
   7.0000000e+00  -4.3000000e+01  -1.4500000e+02   1.5564769e+01   7.8125200e+00  -3.3000000e+01   5.3432737e+01
   7.0000000e+00  -4.3000000e+01  -1.4500000e+02   1.8693855e+01   6.3342652e+00  -3.3000000e+01   5.5474973e+01
   7.0000000e+00  -4.3000000e+01  -1.4500000e+02   1.9735245e+01   5.0091568e+00  -3.3000000e+01   5.6233763e+01
   7.0000000e+00  -4.3000000e+01  -1.4500000e+02   2.0883066e+01   4.1822055e+00  -3.3000000e+01   5.6176676e+01
   7.0000000e+00  -4.3000000e+01  -1.4500000e+02   2.2868767e+01   3.6087128e+00  -3.3000000e+01   5.5022205e+01
   7.0000000e+00  -4.3000000e+01  -1.4500000e+02   2.4263033e+01   3.1937959e+00  -3.3000000e+01   5.3025027e+01
   7.0000000e+00  -4.3000000e+01  -1.4500000e+02   2.6112505e+01   3.4036779e+00  -3.3000000e+01   5.0467763e+01
   7.0000000e+00  -4.3000000e+01  -1.4500000e+02   2.8560771e+01   4.4501608e+00  -3.3000000e+01   4.7704029e+01
   7.0000000e+00  -4.3000000e+01  -1.4500000e+02   3.1537240e+01   6.1298633e+00  -3.3000000e+01   4.5038315e+01
   7.0000000e+00  -4.3000000e+01  -1.4500000e+02   3.3243119e+01   8.2030249e+00  -3.3000000e+01   4.1304891e+01
   7.0000000e+00  -4.3000000e+01  -1.4500000e+02   3.4764182e+01   1.0267152e+01  -3.3000000e+01   3.7560385e+01
   7.0000000e+00  -4.3000000e+01  -1.4500000e+02   3.6136138e+01   1.2754140e+01  -3.3000000e+01   3.5597958e+01
   7.0000000e+00  -4.3000000e+01  -1.4500000e+02   3.7457727e+01   1.4142663e+01  -3.3000000e+01   3.4223153e+01
   7.0000000e+00  -4.3000000e+01  -1.4500000e+02   3.9905339e+01   1.5715975e+01  -3.3000000e+01   3.1635255e+01
   7.0000000e+00  -4.3000000e+01  -1.4500000e+02   4.3729039e+01   1.7777540e+01  -3.3000000e+01   2.9458682e+01
   7.0000000e+00  -4.3000000e+01  -1.4500000e+02   4.5602849e+01   1.9819124e+01  -3.3000000e+01   2.7222972e+01
   7.0000000e+00  -4.3000000e+01  -1.4500000e+02   4.7493694e+01   2.2035539e+01  -3.3000000e+01   2.3857649e+01
   7.0000000e+00  -4.3000000e+01  -1.4500000e+02   4.8644810e+01   2.3051812e+01  -3.3000000e+01   2.1088320e+01
   7.0000000e+00  -4.3000000e+01  -1.4500000e+02   5.1416623e+01   2.4220289e+01  -3.3000000e+01   1.7936470e+01
   7.0000000e+00  -4.3000000e+01  -1.4500000e+02   5.5337774e+01   2.6076320e+01  -3.3000000e+01   1.4191240e+01
   7.0000000e+00  -4.3000000e+01  -1.4500000e+02   5.8054645e+01   2.7365130e+01  -3.3000000e+01   1.0839507e+01
   7.0000000e+00  -4.3000000e+01  -1.4500000e+02   6.0771515e+01   2.8653940e+01  -3.3000000e+01   7.4877750e+00
   7.0000000e+00  -4.3000000e+01  -1.4500000e+02   6.3607873e+01   3.0027708e+01  -3.3000000e+01   4.3270571e+00
   7.0000000e+00  -4.3000000e+01  -1.4500000e+02   6.5882972e+01   3.1582536e+01  -3.3000000e+01   1.6864234e+00
   7.0000000e+00  -4.3000000e+01  -1.4500000e+02   6.8705341e+01   3.3178963e+01  -3.3000000e+01  -9.4548187e-01
   7.0000000e+00  -4.3000000e+01  -1.4500000e+02   7.0792823e+01   3.4941143e+01  -3.3000000e+01  -3.6172080e+00
   7.0000000e+00  -4.3000000e+01  -1.4500000e+02   7.2538396e+01   3.7166183e+01  -3.3000000e+01  -5.4185573e+00
   7.0000000e+00  -4.3000000e+01  -1.4500000e+02   7.3768171e+01   3.9335130e+01  -3.3000000e+01  -7.2159137e+00
   7.0000000e+00  -4.3000000e+01  -1.4500000e+02   7.2318549e+01   4.1121264e+01  -3.3000000e+01  -8.9524875e+00
   7.0000000e+00  -4.3000000e+01  -1.4500000e+02   6.7890682e+01   4.3035444e+01  -3.3000000e+01  -1.0826687e+01
   7.0000000e+00  -4.3000000e+01  -1.4500000e+02   6.3344346e+01   4.4322540e+01  -3.3000000e+01  -1.2005536e+01
   7.0000000e+00  -4.3000000e+01  -1.4500000e+02   5.9256261e+01   4.4470495e+01  -3.3000000e+01  -1.1270107e+01
   7.0000000e+00  -4.3000000e+01  -1.4500000e+02   5.3549933e+01   4.2547104e+01  -3.3000000e+01  -9.6844380e+00
   7.0000000e+00  -4.3000000e+01  -1.4500000e+02   4.6458826e+01   3.8541220e+01  -3.3000000e+01  -5.0263661e+00
   7.0000000e+00  -4.3000000e+01  -1.4500000e+02   4.0757865e+01   3.3080609e+01  -3.3000000e+01   1.4718913e+00
   7.0000000e+00  -4.3000000e+01  -1.4500000e+02   3.5130244e+01   2.7554345e+01  -3.3000000e+01   7.9612254e+00
   7.0000000e+00  -4.3000000e+01  -1.4500000e+02   2.8697917e+01   2.2820019e+01  -3.3000000e+01   1.4257576e+01
   7.0000000e+00  -4.3000000e+01  -1.4500000e+02   2.4269848e+01   1.9536102e+01  -3.3000000e+01   1.9745771e+01
   7.0000000e+00  -4.3000000e+01  -1.4500000e+02   2.0224063e+01   1.6397519e+01  -3.3000000e+01   2.5231387e+01
   7.0000000e+00  -4.3000000e+01  -1.4500000e+02   1.8432294e+01   1.4067136e+01  -3.3000000e+01   3.0465599e+01
   7.0000000e+00  -4.3000000e+01  -1.4500000e+02   1.5598106e+01   1.2066330e+01  -3.3000000e+01   3.5086345e+01
   7.0000000e+00  -4.3000000e+01  -1.4500000e+02   1.4951405e+01   1.0059268e+01  -3.3000000e+01   3.9761905e+01
   7.0000000e+00  -4.3000000e+01  -1.4500000e+02   1.4963556e+01   8.2863541e+00  -3.3000000e+01   4.3752595e+01
   7.0000000e+00  -4.3000000e+01  -1.4500000e+02   1.5717489e+01   6.6175010e+00  -3.3000000e+01   4.7565867e+01
   7.0000000e+00  -4.3000000e+01  -1.4500000e+02   1.6633417e+01   5.2407495e+00  -3.3000000e+01   5.0588674e+01
   7.0000000e+00  -4.3000000e+01  -1.4500000e+02   1.9105911e+01   4.0439824e+00  -3.3000000e+01   5.2784924e+01
   7.0000000e+00  -4.3000000e+01  -1.4500000e+02   2.0384955e+01   2.9993338e+00  -3.3000000e+01   5.3661775e+01
   7.0000000e+00  -4.3000000e+01  -1.4500000e+02   2.1825564e+01   2.0076203e+00  -3.3000000e+01   5.3329461e+01
   7.0000000e+00  -4.3000000e+01  -1.4500000e+02   2.3159199e+01   1.2902708e+00  -3.3000000e+01   5.2160550e+01
   7.0000000e+00  -4.3000000e+01  -1.4500000e+02   2.4973941e+01   8.9526577e-01  -3.3000000e+01   5.0022250e+01
   7.0000000e+00  -4.3000000e+01  -1.4500000e+02   2.7369251e+01   7.1398681e-01  -3.3000000e+01   4.7165887e+01
   7.0000000e+00  -4.3000000e+01  -1.4500000e+02   2.9604277e+01   1.1009359e+00  -3.3000000e+01   4.4054743e+01
   7.0000000e+00  -4.3000000e+01  -1.4500000e+02   3.1364848e+01   2.0776403e+00  -3.3000000e+01   4.1269343e+01
   7.0000000e+00  -4.3000000e+01  -1.4500000e+02   3.3600910e+01   4.4711992e+00  -3.3000000e+01   3.8707078e+01
   7.0000000e+00  -4.3000000e+01  -1.4500000e+02   3.5180010e+01   6.0000824e+00  -3.3000000e+01   3.5970975e+01
   7.0000000e+00  -4.3000000e+01  -1.4500000e+02   3.6759110e+01   7.5289656e+00  -3.3000000e+01   3.3234872e+01
   7.0000000e+00  -4.3000000e+01  -1.4500000e+02   3.8672981e+01   8.9824818e+00  -3.3000000e+01   3.1786346e+01
   7.0000000e+00  -4.3000000e+01  -1.4500000e+02   3.9925713e+01   1.0298299e+01  -3.3000000e+01   2.9654350e+01
   7.0000000e+00  -4.3000000e+01  -1.4500000e+02   4.2777641e+01   1.1861799e+01  -3.3000000e+01   2.6665840e+01
   7.0000000e+00  -4.3000000e+01  -1.4500000e+02   4.4425576e+01   1.3915967e+01  -3.3000000e+01   2.4516500e+01
   7.0000000e+00  -4.3000000e+01  -1.4500000e+02   4.7964583e+01   1.6131388e+01  -3.3000000e+01   2.1712100e+01
   7.0000000e+00  -4.3000000e+01  -1.4500000e+02   4.9999785e+01   1.8331570e+01  -3.3000000e+01   1.7617305e+01
   7.0000000e+00  -4.3000000e+01  -1.4500000e+02   5.1436047e+01   1.9938560e+01  -3.3000000e+01   1.5513401e+01
   7.0000000e+00  -4.3000000e+01  -1.4500000e+02   5.4086043e+01   2.1471344e+01  -3.3000000e+01   1.3441250e+01
   7.0000000e+00  -4.3000000e+01  -1.4500000e+02   5.6927327e+01   2.2801503e+01  -3.3000000e+01   1.0631372e+01
   7.0000000e+00  -4.3000000e+01  -1.4500000e+02   5.9032620e+01   2.4179459e+01  -3.3000000e+01   7.7364003e+00
   7.0000000e+00  -4.3000000e+01  -1.4500000e+02   6.1054519e+01   2.5828190e+01  -3.3000000e+01   4.3543584e+00
   7.0000000e+00  -4.3000000e+01  -1.4500000e+02   6.3728204e+01   2.7481009e+01  -3.3000000e+01   1.0545031e+00
   7.0000000e+00  -4.3000000e+01  -1.4500000e+02   6.6424339e+01   2.9422635e+01  -3.3000000e+01  -1.6948291e+00
   7.0000000e+00  -4.3000000e+01  -1.4500000e+02   6.9678184e+01   3.1349774e+01  -3.3000000e+01  -4.4240789e+00
   7.0000000e+00  -4.3000000e+01  -1.4500000e+02   7.2002352e+01   3.3338503e+01  -3.3000000e+01  -7.1545732e+00
   7.0000000e+00  -4.3000000e+01  -1.4500000e+02   7.4166073e+01   3.5159046e+01  -3.3000000e+01  -9.3580137e+00
   7.0000000e+00  -4.3000000e+01  -1.4500000e+02   7.5927003e+01   3.6991043e+01  -3.3000000e+01  -1.1530117e+01
   7.0000000e+00  -4.3000000e+01  -1.4500000e+02   7.7638539e+01   3.8696739e+01  -3.3000000e+01  -1.3107479e+01
   7.0000000e+00  -4.3000000e+01  -1.4500000e+02   7.6104943e+01   4.0653901e+01  -3.3000000e+01  -1.4953974e+01
   7.0000000e+00  -4.3000000e+01  -1.4500000e+02   7.2405838e+01   4.2678143e+01  -3.3000000e+01  -1.7031334e+01
   7.0000000e+00  -4.3000000e+01  -1.4500000e+02   6.6924826e+01   4.3814545e+01  -3.3000000e+01  -1.7469723e+01
   7.0000000e+00  -4.3000000e+01  -1.4500000e+02   6.1831797e+01   4.3978364e+01  -3.3000000e+01  -1.6306511e+01
   7.0000000e+00  -4.3000000e+01  -1.4500000e+02   5.6193745e+01   4.2337001e+01  -3.3000000e+01  -1.3953952e+01
   7.0000000e+00  -4.3000000e+01  -1.4500000e+02   4.9777382e+01   3.8362254e+01  -3.3000000e+01  -9.3604007e+00
   7.0000000e+00  -4.3000000e+01  -1.4500000e+02   4.4025949e+01   3.2962802e+01  -3.3000000e+01  -2.4398682e+00
   7.0000000e+00  -4.3000000e+01  -1.4500000e+02   3.7834208e+01   2.7379253e+01  -3.3000000e+01   4.3240800e+00
   7.0000000e+00  -4.3000000e+01  -1.4500000e+02   3.2415411e+01   2.2295671e+01  -3.3000000e+01   1.0916004e+01
   7.0000000e+00  -4.3000000e+01  -1.4500000e+02   2.6173804e+01   1.8067650e+01  -3.3000000e+01   1.6730450e+01
   7.0000000e+00  -4.3000000e+01  -1.4500000e+02   2.1057800e+01   1.4764929e+01  -3.3000000e+01   2.2263125e+01
   7.0000000e+00  -4.3000000e+01  -1.4500000e+02   1.7227269e+01   1.1562795e+01  -3.3000000e+01   2.7738156e+01
   7.0000000e+00  -4.3000000e+01  -1.4500000e+02   1.5258773e+01   9.3272371e+00  -3.3000000e+01   3.2597290e+01
   7.0000000e+00  -4.3000000e+01  -1.4500000e+02   1.2611993e+01   7.2305813e+00  -3.3000000e+01   3.7540716e+01
   7.0000000e+00  -4.3000000e+01  -1.4500000e+02   1.1763826e+01   5.2484233e+00  -3.3000000e+01   4.2470959e+01
   7.0000000e+00  -4.3000000e+01  -1.4500000e+02   1.1260035e+01   4.1567376e+00  -3.3000000e+01   4.6927656e+01
   7.0000000e+00  -4.3000000e+01  -1.4500000e+02   1.3074611e+01   3.1335787e+00  -3.3000000e+01   5.0634024e+01
   7.0000000e+00  -4.3000000e+01  -1.4500000e+02   1.5938977e+01   2.3260937e+00  -3.3000000e+01   5.3289653e+01
   7.0000000e+00  -4.3000000e+01  -1.4500000e+02   1.7297410e+01   1.7580067e+00  -3.3000000e+01   5.4434912e+01
   7.0000000e+00  -4.3000000e+01  -1.4500000e+02   1.8224643e+01   1.2505435e+00  -3.3000000e+01   5.4527900e+01
   7.0000000e+00  -4.3000000e+01  -1.4500000e+02   2.0507527e+01   8.7320668e-01  -3.3000000e+01   5.3876930e+01
   7.0000000e+00  -4.3000000e+01  -1.4500000e+02   2.2589122e+01   7.8348828e-01  -3.3000000e+01   5.2109336e+01
   7.0000000e+00  -4.3000000e+01  -1.4500000e+02   2.5269998e+01   8.7669284e-01  -3.3000000e+01   4.9668774e+01
   7.0000000e+00  -4.3000000e+01  -1.4500000e+02   2.7225529e+01   1.5829460e+00  -3.3000000e+01   4.6894081e+01
   7.0000000e+00  -4.3000000e+01  -1.4500000e+02   3.0019915e+01   2.3398684e+00  -3.3000000e+01   4.4117630e+01
   7.0000000e+00  -4.3000000e+01  -1.4500000e+02   3.1681876e+01   4.4409362e+00  -3.3000000e+01   4.0428332e+01
   7.0000000e+00  -4.3000000e+01  -1.4500000e+02   3.4086425e+01   6.5615433e+00  -3.3000000e+01   3.6232128e+01
   7.0000000e+00  -4.3000000e+01  -1.4500000e+02   3.6372984e+01   9.0700647e+00  -3.3000000e+01   3.2833831e+01
   7.0000000e+00  -4.3000000e+01  -1.4500000e+02   3.8897704e+01   1.1323300e+01  -3.3000000e+01   3.0905054e+01
   7.0000000e+00  -4.3000000e+01  -1.4500000e+02   4.0623904e+01   1.2941900e+01  -3.3000000e+01   2.8342109e+01
   7.0000000e+00  -4.3000000e+01  -1.4500000e+02   4.3577728e+01   1.7161603e+01  -3.3000000e+01   2.5582946e+01
   7.0000000e+00  -4.3000000e+01  -1.4500000e+02   4.5670157e+01   1.8984787e+01  -3.3000000e+01   2.3010564e+01
   7.0000000e+00  -4.3000000e+01  -1.4500000e+02   4.7412840e+01   1.9935838e+01  -3.3000000e+01   2.0396045e+01
   7.0000000e+00  -4.3000000e+01  -1.4500000e+02   4.9484493e+01   2.0915900e+01  -3.3000000e+01   1.7831239e+01
   7.0000000e+00  -4.3000000e+01  -1.4500000e+02   5.1765654e+01   2.1940545e+01  -3.3000000e+01   1.5315758e+01
   7.0000000e+00  -4.3000000e+01  -1.4500000e+02   5.4499596e+01   2.3001243e+01  -3.3000000e+01   1.2794422e+01
   7.0000000e+00  -4.3000000e+01  -1.4500000e+02   5.6866224e+01   2.4143304e+01  -3.3000000e+01   1.0235432e+01
   7.0000000e+00  -4.3000000e+01  -1.4500000e+02   5.8932173e+01   2.5306941e+01  -3.3000000e+01   7.5707543e+00
   7.0000000e+00  -4.3000000e+01  -1.4500000e+02   6.1988006e+01   2.6943196e+01  -3.3000000e+01   4.5921566e+00
   7.0000000e+00  -4.3000000e+01  -1.4500000e+02   6.4783465e+01   2.8593545e+01  -3.3000000e+01   1.6738025e+00
   7.0000000e+00  -4.3000000e+01  -1.4500000e+02   6.7838659e+01   3.0262353e+01  -3.3000000e+01  -1.1771273e+00
   7.0000000e+00  -4.3000000e+01  -1.4500000e+02   7.0951303e+01   3.2364624e+01  -3.3000000e+01  -3.5647585e+00
   7.0000000e+00  -4.3000000e+01  -1.4500000e+02   7.3261539e+01   3.4440425e+01  -3.3000000e+01  -6.1103961e+00
   7.0000000e+00  -4.3000000e+01  -1.4500000e+02   7.4408418e+01   3.5863691e+01  -3.3000000e+01  -8.6408138e+00
   7.0000000e+00  -4.3000000e+01  -1.4500000e+02   7.6392750e+01   3.7608347e+01  -3.3000000e+01  -1.0391912e+01
   7.0000000e+00  -4.3000000e+01  -1.4500000e+02   7.7467647e+01   3.9538039e+01  -3.3000000e+01  -1.1428493e+01
   7.0000000e+00  -4.3000000e+01  -1.4500000e+02   7.9296397e+01   4.1394801e+01  -3.3000000e+01  -1.2427238e+01
   7.0000000e+00  -4.3000000e+01  -1.4500000e+02   7.8580368e+01   4.3428740e+01  -3.3000000e+01  -1.3593634e+01
   7.0000000e+00  -4.3000000e+01  -1.4500000e+02   7.4482784e+01   4.5630963e+01  -3.3000000e+01  -1.5127530e+01
   7.0000000e+00  -4.3000000e+01  -1.4500000e+02   6.9651759e+01   4.7802093e+01  -3.3000000e+01  -1.6707316e+01
   7.0000000e+00  -4.3000000e+01  -1.4500000e+02   6.3156853e+01   4.8752455e+01  -3.3000000e+01  -1.7241654e+01
   7.0000000e+00  -4.3000000e+01  -1.4500000e+02   5.7947403e+01   4.8829987e+01  -3.3000000e+01  -1.6289129e+01
   7.0000000e+00  -4.3000000e+01  -1.4500000e+02   5.2516170e+01   4.7703163e+01  -3.3000000e+01  -1.4000519e+01
   7.0000000e+00  -4.3000000e+01  -1.4500000e+02   4.6342055e+01   4.5326865e+01  -3.3000000e+01  -1.0746665e+01
   7.0000000e+00  -4.3000000e+01  -1.4500000e+02   4.1061292e+01   4.2309655e+01  -3.3000000e+01  -6.7484216e+00
   7.0000000e+00  -4.3000000e+01  -1.4500000e+02   3.6117656e+01   3.8211247e+01  -3.3000000e+01  -1.6622766e+00
   7.0000000e+00  -4.3000000e+01  -1.4500000e+02   3.1587092e+01   3.2721471e+01  -3.3000000e+01   2.6585159e+00
   7.0000000e+00  -4.3000000e+01  -1.4500000e+02   2.7368895e+01   2.8527671e+01  -3.3000000e+01   7.6583687e+00
   7.0000000e+00  -4.3000000e+01  -1.4500000e+02   2.2144188e+01   2.5116051e+01  -3.3000000e+01   1.2907491e+01
   7.0000000e+00  -4.3000000e+01  -1.4500000e+02   1.9273460e+01   2.1709670e+01  -3.3000000e+01   1.8301330e+01
   7.0000000e+00  -4.3000000e+01  -1.4500000e+02   1.7347991e+01   1.8312548e+01  -3.3000000e+01   2.3706141e+01
   7.0000000e+00  -4.3000000e+01  -1.4500000e+02   1.4972933e+01   1.5123204e+01  -3.3000000e+01   2.9030306e+01
   7.0000000e+00  -4.3000000e+01  -1.4500000e+02   1.4034447e+01   1.2776466e+01  -3.3000000e+01   3.4414959e+01
   7.0000000e+00  -4.3000000e+01  -1.4500000e+02   1.3897397e+01   1.0373910e+01  -3.3000000e+01   3.9625256e+01
   7.0000000e+00  -4.3000000e+01  -1.4500000e+02   1.3209492e+01   8.3979418e+00  -3.3000000e+01   4.4055973e+01
   7.0000000e+00  -4.3000000e+01  -1.4500000e+02   1.2974687e+01   6.4940606e+00  -3.3000000e+01   4.8362885e+01
   7.0000000e+00  -4.3000000e+01  -1.4500000e+02   1.3930498e+01   4.9608738e+00  -3.3000000e+01   5.1982191e+01
   7.0000000e+00  -4.3000000e+01  -1.4500000e+02   1.5477389e+01   3.5936297e+00  -3.3000000e+01   5.4861288e+01
   7.0000000e+00  -4.3000000e+01  -1.4500000e+02   1.7412826e+01   2.5073344e+00  -3.3000000e+01   5.6325641e+01
   7.0000000e+00  -4.3000000e+01  -1.4500000e+02   1.8711870e+01   1.7700850e+00  -3.3000000e+01   5.7099096e+01
   7.0000000e+00  -4.3000000e+01  -1.4500000e+02   1.9817217e+01   1.3879305e+00  -3.3000000e+01   5.7356461e+01
   7.0000000e+00  -4.3000000e+01  -1.4500000e+02   2.1033946e+01   8.8839244e-01  -3.3000000e+01   5.6074871e+01
   7.0000000e+00  -4.3000000e+01  -1.4500000e+02   2.1950756e+01   4.6111322e-01  -3.3000000e+01   5.4795924e+01
   7.0000000e+00  -4.3000000e+01  -1.4500000e+02   2.3853673e+01   6.3480478e-01  -3.3000000e+01   5.2554117e+01
   7.0000000e+00  -4.3000000e+01  -1.4500000e+02   2.5943335e+01   1.7486882e+00  -3.3000000e+01   5.0402113e+01
   7.0000000e+00  -4.3000000e+01  -1.4500000e+02   2.7628543e+01   2.8685630e+00  -3.3000000e+01   4.8158645e+01
   7.0000000e+00  -4.3000000e+01  -1.4500000e+02   2.9383839e+01   4.5616738e+00  -3.3000000e+01   4.4278041e+01
   7.0000000e+00  -4.3000000e+01  -1.4500000e+02   3.1816094e+01   6.4629327e+00  -3.3000000e+01   4.1833755e+01
   7.0000000e+00  -4.3000000e+01  -1.4500000e+02   3.3359038e+01   8.3908657e+00  -3.3000000e+01   3.9320669e+01
   7.0000000e+00  -4.3000000e+01  -1.4500000e+02   3.5620376e+01   1.1068768e+01  -3.3000000e+01   3.5785843e+01
   7.0000000e+00  -4.3000000e+01  -1.4500000e+02   3.8091488e+01   1.3403277e+01  -3.3000000e+01   3.3239735e+01
   7.0000000e+00  -4.3000000e+01  -1.4500000e+02   4.1433219e+01   1.5234149e+01  -3.3000000e+01   2.9749095e+01
   7.0000000e+00  -4.3000000e+01  -1.4500000e+02   4.3620824e+01   1.7497043e+01  -3.3000000e+01   2.6764882e+01
   7.0000000e+00  -4.3000000e+01  -1.4500000e+02   4.6002880e+01   1.9414062e+01  -3.3000000e+01   2.4002735e+01
   7.0000000e+00  -4.3000000e+01  -1.4500000e+02   4.7405711e+01   2.0210803e+01  -3.3000000e+01   2.0261322e+01
   7.0000000e+00  -4.3000000e+01  -1.4500000e+02   5.0782981e+01   2.1488913e+01  -3.3000000e+01   1.6745955e+01
   7.0000000e+00  -4.3000000e+01  -1.4500000e+02   5.3607250e+01   2.2753389e+01  -3.3000000e+01   1.3228561e+01
   7.0000000e+00  -4.3000000e+01  -1.4500000e+02   5.6326877e+01   2.4015703e+01  -3.3000000e+01   9.7290902e+00
   7.0000000e+00  -4.3000000e+01  -1.4500000e+02   5.8348183e+01   2.5245255e+01  -3.3000000e+01   6.1986184e+00
   7.0000000e+00  -4.3000000e+01  -1.4500000e+02   6.1723942e+01   2.6451366e+01  -3.3000000e+01   2.8007834e+00
   7.0000000e+00  -4.3000000e+01  -1.4500000e+02   6.5172062e+01   2.8434242e+01  -3.3000000e+01   2.6818018e-01
   7.0000000e+00  -4.3000000e+01  -1.4500000e+02   6.8584470e+01   3.0321729e+01  -3.3000000e+01  -2.7484034e+00
   7.0000000e+00  -4.3000000e+01  -1.4500000e+02   7.2111155e+01   3.2240658e+01  -3.3000000e+01  -5.8113619e+00
   7.0000000e+00  -4.3000000e+01  -1.4500000e+02   7.4323602e+01   3.4206942e+01  -3.3000000e+01  -9.0083530e+00
   7.0000000e+00  -4.3000000e+01  -1.4500000e+02   7.6056855e+01   3.6730287e+01  -3.3000000e+01  -1.0204447e+01
   7.0000000e+00  -4.3000000e+01  -1.4500000e+02   7.7373428e+01   3.9156857e+01  -3.3000000e+01  -1.0614700e+01
   7.0000000e+00  -4.3000000e+01  -1.4500000e+02   7.7326542e+01   4.1207139e+01  -3.3000000e+01  -1.0545841e+01
   7.0000000e+00  -4.3000000e+01  -1.4500000e+02   7.4335693e+01   4.2932105e+01  -3.3000000e+01  -1.1344068e+01
   7.0000000e+00  -4.3000000e+01  -1.4500000e+02   7.1023441e+01   4.4616531e+01  -3.3000000e+01  -1.2226650e+01
   7.0000000e+00  -4.3000000e+01  -1.4500000e+02   6.5020264e+01   4.5455739e+01  -3.3000000e+01  -1.3603909e+01
   7.0000000e+00  -4.3000000e+01  -1.4500000e+02   5.8862307e+01   4.5417801e+01  -3.3000000e+01  -1.2697357e+01
   7.0000000e+00  -4.3000000e+01  -1.4500000e+02   5.1946318e+01   4.3631097e+01  -3.3000000e+01  -1.0801043e+01
   7.0000000e+00  -4.3000000e+01  -1.4500000e+02   4.6943225e+01   4.1062869e+01  -3.3000000e+01  -7.6368267e+00
   7.0000000e+00  -4.3000000e+01  -1.4500000e+02   4.1811260e+01   3.6090392e+01  -3.3000000e+01  -2.5863465e+00
   7.0000000e+00  -4.3000000e+01  -1.4500000e+02   3.6041148e+01   3.1111561e+01  -3.3000000e+01   2.4028335e+00
   7.0000000e+00  -4.3000000e+01  -1.4500000e+02   3.1448226e+01   2.6538750e+01  -3.3000000e+01   7.4719667e+00
   7.0000000e+00  -4.3000000e+01  -1.4500000e+02   2.6104735e+01   2.2073711e+01  -3.3000000e+01   1.2502366e+01
   7.0000000e+00  -4.3000000e+01  -1.4500000e+02   2.0431555e+01   1.8426983e+01  -3.3000000e+01   1.8286230e+01
   7.0000000e+00  -4.3000000e+01  -1.4500000e+02   1.6880493e+01   1.5608653e+01  -3.3000000e+01   2.3632122e+01
   7.0000000e+00  -4.3000000e+01  -1.4500000e+02   1.4568113e+01   1.2975984e+01  -3.3000000e+01   2.9020471e+01
   7.0000000e+00  -4.3000000e+01  -1.4500000e+02   1.2919029e+01   1.1369486e+01  -3.3000000e+01   3.4204336e+01
   7.0000000e+00  -4.3000000e+01  -1.4500000e+02   1.1269944e+01   9.7629874e+00  -3.3000000e+01   3.9388201e+01
   7.0000000e+00  -4.3000000e+01  -1.4500000e+02   1.0392401e+01   8.1101951e+00  -3.3000000e+01   4.4502789e+01
   7.0000000e+00  -4.3000000e+01  -1.4500000e+02   1.0751175e+01   6.6077668e+00  -3.3000000e+01   4.9433105e+01
   7.0000000e+00  -4.3000000e+01  -1.4500000e+02   1.2739909e+01   5.6285224e+00  -3.3000000e+01   5.2701463e+01
   7.0000000e+00  -4.3000000e+01  -1.4500000e+02   1.5311502e+01   4.7829214e+00  -3.3000000e+01   5.4751902e+01
   7.0000000e+00  -4.3000000e+01  -1.4500000e+02   1.7499837e+01   4.1966457e+00  -3.3000000e+01   5.5855282e+01
   7.0000000e+00  -4.3000000e+01  -1.4500000e+02   1.8969856e+01   3.8617996e+00  -3.3000000e+01   5.6060459e+01
   7.0000000e+00  -4.3000000e+01  -1.4500000e+02   2.1020773e+01   3.5934107e+00  -3.3000000e+01   5.5378240e+01
   7.0000000e+00  -4.3000000e+01  -1.4500000e+02   2.2616862e+01   3.5793582e+00  -3.3000000e+01   5.3725040e+01
   7.0000000e+00  -4.3000000e+01  -1.4500000e+02   2.4840057e+01   3.7855496e+00  -3.3000000e+01   5.1081068e+01
   7.0000000e+00  -4.3000000e+01  -1.4500000e+02   2.6646526e+01   4.0589284e+00  -3.3000000e+01   4.8399759e+01
   7.0000000e+00  -4.3000000e+01  -1.4500000e+02   2.8643431e+01   5.2235127e+00  -3.3000000e+01   4.5142656e+01
   7.0000000e+00  -4.3000000e+01  -1.4500000e+02   3.0922972e+01   6.4028780e+00  -3.3000000e+01   4.1975138e+01
   7.0000000e+00  -4.3000000e+01  -1.4500000e+02   3.3656509e+01   8.9643333e+00  -3.3000000e+01   3.8105277e+01
   7.0000000e+00  -4.3000000e+01  -1.4500000e+02   3.4907262e+01   1.1003878e+01  -3.3000000e+01   3.5759151e+01
   7.0000000e+00  -4.3000000e+01  -1.4500000e+02   3.6923199e+01   1.3416741e+01  -3.3000000e+01   3.3391554e+01
   7.0000000e+00  -4.3000000e+01  -1.4500000e+02   3.9363237e+01   1.4792471e+01  -3.3000000e+01   3.1537467e+01
   7.0000000e+00  -4.3000000e+01  -1.4500000e+02   4.0216501e+01   1.6121815e+01  -3.3000000e+01   2.9601677e+01
   7.0000000e+00  -4.3000000e+01  -1.4500000e+02   4.1655408e+01   1.7378849e+01  -3.3000000e+01   2.7679878e+01
   7.0000000e+00  -4.3000000e+01  -1.4500000e+02   4.4408061e+01   1.8661639e+01  -3.3000000e+01   2.5785976e+01
   7.0000000e+00  -4.3000000e+01  -1.4500000e+02   4.6659948e+01   1.9912589e+01  -3.3000000e+01   2.2706832e+01
   7.0000000e+00  -4.3000000e+01  -1.4500000e+02   4.8794543e+01   2.1258606e+01  -3.3000000e+01   2.0157471e+01
   7.0000000e+00  -4.3000000e+01  -1.4500000e+02   5.1295099e+01   2.2523335e+01  -3.3000000e+01   1.6824484e+01
   7.0000000e+00  -4.3000000e+01  -1.4500000e+02   5.4108399e+01   2.4247414e+01  -3.3000000e+01   1.3705523e+01
   7.0000000e+00  -4.3000000e+01  -1.4500000e+02   5.7009015e+01   2.5685084e+01  -3.3000000e+01   1.0006404e+01
   7.0000000e+00  -4.3000000e+01  -1.4500000e+02   5.9152347e+01   2.7081398e+01  -3.3000000e+01   6.2648459e+00
   7.0000000e+00  -4.3000000e+01  -1.4500000e+02   6.0857601e+01   2.8233919e+01  -3.3000000e+01   3.6687348e+00
   7.0000000e+00  -4.3000000e+01  -1.4500000e+02   6.3577446e+01   2.9412145e+01  -3.3000000e+01   1.1448346e+00
   7.0000000e+00  -4.3000000e+01  -1.4500000e+02   6.7017662e+01   3.1176785e+01  -3.3000000e+01  -1.1618391e+00
   7.0000000e+00  -4.3000000e+01  -1.4500000e+02   7.0111769e+01   3.2995168e+01  -3.3000000e+01  -3.4528006e+00
   7.0000000e+00  -4.3000000e+01  -1.4500000e+02   7.1588710e+01   3.4892368e+01  -3.3000000e+01  -5.7498325e+00
   7.0000000e+00  -4.3000000e+01  -1.4500000e+02   7.2930442e+01   3.6806789e+01  -3.3000000e+01  -7.0942227e+00
   7.0000000e+00  -4.3000000e+01  -1.4500000e+02   7.1555596e+01   3.8520799e+01  -3.3000000e+01  -8.0681348e+00
   7.0000000e+00  -4.3000000e+01  -1.4500000e+02   6.6352704e+01   3.9714376e+01  -3.3000000e+01  -9.1361561e+00
   7.0000000e+00  -4.3000000e+01  -1.4500000e+02   6.1708832e+01   4.0794837e+01  -3.3000000e+01  -1.0221407e+01
   7.0000000e+00  -4.3000000e+01  -1.4500000e+02   5.5234288e+01   3.9764065e+01  -3.3000000e+01  -1.0285221e+01
   7.0000000e+00  -4.3000000e+01  -1.4500000e+02   4.8565874e+01   3.7023844e+01  -3.3000000e+01  -7.7352771e+00
   7.0000000e+00  -4.3000000e+01  -1.4500000e+02   4.3257409e+01   3.3396124e+01  -3.3000000e+01  -3.0942811e+00
   7.0000000e+00  -4.3000000e+01  -1.4500000e+02   3.8326781e+01   2.8089027e+01  -3.3000000e+01   2.2459571e+00
   7.0000000e+00  -4.3000000e+01  -1.4500000e+02   3.3038096e+01   2.3709900e+01  -3.3000000e+01   6.6215658e+00
   7.0000000e+00  -4.3000000e+01  -1.4500000e+02   2.7967068e+01   1.9393260e+01  -3.3000000e+01   1.0987314e+01
   7.0000000e+00  -4.3000000e+01  -1.4500000e+02   2.2117393e+01   1.5217004e+01  -3.3000000e+01   1.5330981e+01
   7.0000000e+00  -4.3000000e+01  -1.4500000e+02   1.8605507e+01   1.1573236e+01  -3.3000000e+01   2.0060626e+01
   7.0000000e+00  -4.3000000e+01  -1.4500000e+02   1.5653825e+01   9.0255772e+00  -3.3000000e+01   2.5362382e+01
   7.0000000e+00  -4.3000000e+01  -1.4500000e+02   1.4652532e+01   6.7023619e+00  -3.3000000e+01   3.0849074e+01
   7.0000000e+00  -4.3000000e+01  -1.4500000e+02   1.4041700e+01   4.5177363e+00  -3.3000000e+01   3.6342661e+01
   7.0000000e+00  -4.3000000e+01  -1.4500000e+02   1.4048356e+01   2.4800751e+00  -3.3000000e+01   4.1788488e+01
   7.0000000e+00  -4.3000000e+01  -1.4500000e+02   1.4854016e+01   1.1094335e+00  -3.3000000e+01   4.6746800e+01
   7.0000000e+00  -4.3000000e+01  -1.4500000e+02   1.7143547e+01   1.7247187e-01  -3.3000000e+01   5.0423251e+01
   7.0000000e+00  -4.3000000e+01  -1.4500000e+02   1.8979822e+01  -4.6080802e-01  -3.3000000e+01   5.2382087e+01
   7.0000000e+00  -4.3000000e+01  -1.4500000e+02   1.9747349e+01  -8.6348797e-01  -3.3000000e+01   5.2916483e+01
   7.0000000e+00  -4.3000000e+01  -1.4500000e+02   2.2053180e+01  -9.0505939e-01  -3.3000000e+01   5.2454984e+01
   7.0000000e+00  -4.3000000e+01  -1.4500000e+02   2.4201726e+01  -5.3126208e-01  -3.3000000e+01   5.1523436e+01
   7.0000000e+00  -4.3000000e+01  -1.4500000e+02   2.6550991e+01   1.5713193e-01  -3.3000000e+01   4.9325250e+01
   7.0000000e+00  -4.3000000e+01  -1.4500000e+02   2.8280923e+01   1.5923847e+00  -3.3000000e+01   4.6490841e+01
   7.0000000e+00  -4.3000000e+01  -1.4500000e+02   3.1602637e+01   3.4772787e+00  -3.3000000e+01   4.2879433e+01
   7.0000000e+00  -4.3000000e+01  -1.4500000e+02   3.3370888e+01   5.4029504e+00  -3.3000000e+01   3.9235345e+01
   7.0000000e+00  -4.3000000e+01  -1.4500000e+02   3.4936636e+01   7.1369904e+00  -3.3000000e+01   3.6043059e+01
   7.0000000e+00  -4.3000000e+01  -1.4500000e+02   3.6430870e+01   8.5727219e+00  -3.3000000e+01   3.3464720e+01
   7.0000000e+00  -4.3000000e+01  -1.4500000e+02   3.9152054e+01   9.9976781e+00  -3.3000000e+01   3.0998014e+01
   7.0000000e+00  -4.3000000e+01  -1.4500000e+02   4.0597805e+01   1.1367516e+01  -3.3000000e+01   2.9187798e+01
   7.0000000e+00  -4.3000000e+01  -1.4500000e+02   4.2253014e+01   1.3178160e+01  -3.3000000e+01   2.6920939e+01
   7.0000000e+00  -4.3000000e+01  -1.4500000e+02   4.3275688e+01   1.4983726e+01  -3.3000000e+01   2.5445157e+01
   7.0000000e+00  -4.3000000e+01  -1.4500000e+02   4.6113103e+01   1.6469186e+01  -3.3000000e+01   2.2630235e+01
   7.0000000e+00  -4.3000000e+01  -1.4500000e+02   4.9533409e+01   1.8349782e+01  -3.3000000e+01   1.9189671e+01
   7.0000000e+00  -4.3000000e+01  -1.4500000e+02   5.1687599e+01   1.9789737e+01  -3.3000000e+01   1.5885349e+01
   7.0000000e+00  -4.3000000e+01  -1.4500000e+02   5.4473807e+01   2.1202913e+01  -3.3000000e+01   1.2691375e+01
   7.0000000e+00  -4.3000000e+01  -1.4500000e+02   5.7465511e+01   2.2627244e+01  -3.3000000e+01   9.4563623e+00
   7.0000000e+00  -4.3000000e+01  -1.4500000e+02   5.9398941e+01   2.4210519e+01  -3.3000000e+01   6.6343365e+00
   7.0000000e+00  -4.3000000e+01  -1.4500000e+02   6.1079594e+01   2.5294585e+01  -3.3000000e+01   3.3835065e+00
   7.0000000e+00  -4.3000000e+01  -1.4500000e+02   6.3705328e+01   2.6801157e+01  -3.3000000e+01   4.5855277e-01
   7.0000000e+00  -4.3000000e+01  -1.4500000e+02   6.6524977e+01   2.8510218e+01  -3.3000000e+01  -1.9571237e+00
   7.0000000e+00  -4.3000000e+01  -1.4500000e+02   6.8193213e+01   3.0185458e+01  -3.3000000e+01  -4.4514035e+00
   7.0000000e+00  -4.3000000e+01  -1.4500000e+02   7.0794598e+01   3.1754355e+01  -3.3000000e+01  -6.8590601e+00
   7.0000000e+00  -4.3000000e+01  -1.4500000e+02   7.2622465e+01   3.3276580e+01  -3.3000000e+01  -9.4102627e+00
   7.0000000e+00  -4.3000000e+01  -1.4500000e+02   7.4206906e+01   3.4758259e+01  -3.3000000e+01  -1.1929033e+01
   7.0000000e+00  -4.3000000e+01  -1.4500000e+02   7.4787624e+01   3.6115046e+01  -3.3000000e+01  -1.3153919e+01
   7.0000000e+00  -4.3000000e+01  -1.4500000e+02   7.3966444e+01   3.7252302e+01  -3.3000000e+01  -1.3487232e+01
   7.0000000e+00  -4.3000000e+01  -1.4500000e+02   6.9786741e+01   3.7893272e+01  -3.3000000e+01  -1.2778583e+01
   7.0000000e+00  -4.3000000e+01  -1.4500000e+02   6.4400848e+01   3.7725761e+01  -3.3000000e+01  -1.0570151e+01
   7.0000000e+00  -4.3000000e+01  -1.4500000e+02   5.8148159e+01   3.6156250e+01  -3.3000000e+01  -6.7600263e+00
   7.0000000e+00  -4.3000000e+01  -1.4500000e+02   5.1239036e+01   3.2902478e+01  -3.3000000e+01  -1.7553858e+00
   7.0000000e+00  -4.3000000e+01  -1.4500000e+02   4.4076681e+01   2.8597679e+01  -3.3000000e+01   4.2370260e+00
   7.0000000e+00  -4.3000000e+01  -1.4500000e+02   3.7310694e+01   2.4018575e+01  -3.3000000e+01   1.0591407e+01
   7.0000000e+00  -4.3000000e+01  -1.4500000e+02   3.1889902e+01   1.9617738e+01  -3.3000000e+01   1.6299016e+01
   7.0000000e+00  -4.3000000e+01  -1.4500000e+02   2.6727763e+01   1.6286856e+01  -3.3000000e+01   2.1500548e+01
   7.0000000e+00  -4.3000000e+01  -1.4500000e+02   2.1501782e+01   1.3949283e+01  -3.3000000e+01   2.6969065e+01
   7.0000000e+00  -4.3000000e+01  -1.4500000e+02   1.8906059e+01   1.2229597e+01  -3.3000000e+01   3.2898287e+01
   7.0000000e+00  -4.3000000e+01  -1.4500000e+02   1.5481925e+01   1.0504919e+01  -3.3000000e+01   3.8576120e+01
   7.0000000e+00  -4.3000000e+01  -1.4500000e+02   1.3693254e+01   9.1485810e+00  -3.3000000e+01   4.3569031e+01
   7.0000000e+00  -4.3000000e+01  -1.4500000e+02   1.3210277e+01   7.7109987e+00  -3.3000000e+01   4.7701283e+01
   7.0000000e+00  -4.3000000e+01  -1.4500000e+02   1.3705907e+01   6.3096796e+00  -3.3000000e+01   5.1641899e+01
   7.0000000e+00  -4.3000000e+01  -1.4500000e+02   1.4845185e+01   5.1660192e+00  -3.3000000e+01   5.4040841e+01
   7.0000000e+00  -4.3000000e+01  -1.4500000e+02   1.6657994e+01   4.3052661e+00  -3.3000000e+01   5.5481933e+01
   7.0000000e+00  -4.3000000e+01  -1.4500000e+02   1.8615798e+01   3.8602522e+00  -3.3000000e+01   5.6375765e+01
   7.0000000e+00  -4.3000000e+01  -1.4500000e+02   2.0201686e+01   3.7619339e+00  -3.3000000e+01   5.6396366e+01
   7.0000000e+00  -4.3000000e+01  -1.4500000e+02   2.2521561e+01   3.7265824e+00  -3.3000000e+01   5.5416758e+01
   7.0000000e+00  -4.3000000e+01  -1.4500000e+02   2.4196541e+01   3.8677712e+00  -3.3000000e+01   5.3488344e+01
   7.0000000e+00  -4.3000000e+01  -1.4500000e+02   2.5754283e+01   4.0506726e+00  -3.3000000e+01   5.1538579e+01
   7.0000000e+00  -4.3000000e+01  -1.4500000e+02   2.7318356e+01   4.6135882e+00  -3.3000000e+01   4.8753825e+01
   7.0000000e+00  -4.3000000e+01  -1.4500000e+02   2.8731270e+01   5.5613029e+00  -3.3000000e+01   4.5354589e+01
   7.0000000e+00  -4.3000000e+01  -1.4500000e+02   3.1169338e+01   6.6833793e+00  -3.3000000e+01   4.2549036e+01
   7.0000000e+00  -4.3000000e+01  -1.4500000e+02   3.3295532e+01   9.2005019e+00  -3.3000000e+01   3.9585723e+01
   7.0000000e+00  -4.3000000e+01  -1.4500000e+02   3.5091463e+01   1.1641078e+01  -3.3000000e+01   3.6331556e+01
   7.0000000e+00  -4.3000000e+01  -1.4500000e+02   3.6336966e+01   1.3651459e+01  -3.3000000e+01   3.3708199e+01
   7.0000000e+00  -4.3000000e+01  -1.4500000e+02   3.9040589e+01   1.5327478e+01  -3.3000000e+01   3.1450406e+01
   7.0000000e+00  -4.3000000e+01  -1.4500000e+02   3.9999190e+01   1.6409445e+01  -3.3000000e+01   2.9139474e+01
   7.0000000e+00  -4.3000000e+01  -1.4500000e+02   4.2941203e+01   1.7853437e+01  -3.3000000e+01   2.5986845e+01
   7.0000000e+00  -4.3000000e+01  -1.4500000e+02   4.5609120e+01   1.9542567e+01  -3.3000000e+01   2.3038193e+01
   7.0000000e+00  -4.3000000e+01  -1.4500000e+02   4.8571120e+01   2.1247365e+01  -3.3000000e+01   2.0140004e+01
   7.0000000e+00  -4.3000000e+01  -1.4500000e+02   5.0765257e+01   2.2666515e+01  -3.3000000e+01   1.6889641e+01
   7.0000000e+00  -4.3000000e+01  -1.4500000e+02   5.2319713e+01   2.3485393e+01  -3.3000000e+01   1.4337029e+01
   7.0000000e+00  -4.3000000e+01  -1.4500000e+02   5.6092331e+01   2.4743648e+01  -3.3000000e+01   1.1536406e+01
   7.0000000e+00  -4.3000000e+01  -1.4500000e+02   5.8554942e+01   2.6022200e+01  -3.3000000e+01   8.6364403e+00
   7.0000000e+00  -4.3000000e+01  -1.4500000e+02   6.1017552e+01   2.7300752e+01  -3.3000000e+01   5.7364750e+00
   7.0000000e+00  -4.3000000e+01  -1.4500000e+02   6.4111191e+01   2.8615439e+01  -3.3000000e+01   2.9349915e+00
   7.0000000e+00  -4.3000000e+01  -1.4500000e+02   6.6588668e+01   3.0040335e+01  -3.3000000e+01   1.7461600e-01
   7.0000000e+00  -4.3000000e+01  -1.4500000e+02   6.9787798e+01   3.1554197e+01  -3.3000000e+01  -2.4604307e+00
   7.0000000e+00  -4.3000000e+01  -1.4500000e+02   7.1946201e+01   3.3205511e+01  -3.3000000e+01  -5.0744471e+00
   7.0000000e+00  -4.3000000e+01  -1.4500000e+02   7.3248477e+01   3.5251411e+01  -3.3000000e+01  -6.2695820e+00
   7.0000000e+00  -4.3000000e+01  -1.4500000e+02   7.4751473e+01   3.7282104e+01  -3.3000000e+01  -7.4307733e+00
   7.0000000e+00  -4.3000000e+01  -1.4500000e+02   7.5614675e+01   3.9295176e+01  -3.3000000e+01  -8.5241753e+00
   7.0000000e+00  -4.3000000e+01  -1.4500000e+02   7.4620071e+01   4.0871158e+01  -3.3000000e+01  -1.0159535e+01
   7.0000000e+00  -4.3000000e+01  -1.4500000e+02   7.1317831e+01   4.2542903e+01  -3.3000000e+01  -1.1978636e+01
   7.0000000e+00  -4.3000000e+01  -1.4500000e+02   6.6577744e+01   4.3773955e+01  -3.3000000e+01  -1.3745136e+01
   7.0000000e+00  -4.3000000e+01  -1.4500000e+02   6.1704288e+01   4.4508639e+01  -3.3000000e+01  -1.4872579e+01
   7.0000000e+00  -4.3000000e+01  -1.4500000e+02   5.6721624e+01   4.3771801e+01  -3.3000000e+01  -1.4776064e+01
   7.0000000e+00  -4.3000000e+01  -1.4500000e+02   5.0590324e+01   4.1678611e+01  -3.3000000e+01  -1.3126034e+01
   7.0000000e+00  -4.3000000e+01  -1.4500000e+02   4.5291757e+01   3.9210531e+01  -3.3000000e+01  -9.5014140e+00
   7.0000000e+00  -4.3000000e+01  -1.4500000e+02   4.0526870e+01   3.5787442e+01  -3.3000000e+01  -5.6645508e+00
   7.0000000e+00  -4.3000000e+01  -1.4500000e+02   3.5214509e+01   3.1307428e+01  -3.3000000e+01  -7.5094460e-01
   7.0000000e+00  -4.3000000e+01  -1.4500000e+02   3.0145097e+01   2.6389918e+01  -3.3000000e+01   4.1593722e+00
   7.0000000e+00  -4.3000000e+01  -1.4500000e+02   2.6559705e+01   2.2131726e+01  -3.3000000e+01   8.7325756e+00
   7.0000000e+00  -4.3000000e+01  -1.4500000e+02   2.1614308e+01   1.8372805e+01  -3.3000000e+01   1.3809540e+01
   7.0000000e+00  -4.3000000e+01  -1.4500000e+02   1.8776528e+01   1.4547542e+01  -3.3000000e+01   1.9032590e+01
   7.0000000e+00  -4.3000000e+01  -1.4500000e+02   1.5570315e+01   1.0850809e+01  -3.3000000e+01   2.4104664e+01
   7.0000000e+00  -4.3000000e+01  -1.4500000e+02   1.4354833e+01   8.0259037e+00  -3.3000000e+01   2.9172667e+01
   7.0000000e+00  -4.3000000e+01  -1.4500000e+02   1.3515942e+01   5.4176741e+00  -3.3000000e+01   3.4212314e+01
   7.0000000e+00  -4.3000000e+01  -1.4500000e+02   1.3746361e+01   3.8722835e+00  -3.3000000e+01   3.9246263e+01
   7.0000000e+00  -4.3000000e+01  -1.4500000e+02   1.3654890e+01   2.4125645e+00  -3.3000000e+01   4.4233540e+01
   7.0000000e+00  -4.3000000e+01  -1.4500000e+02   1.4896841e+01   1.3881717e+00  -3.3000000e+01   4.8396649e+01
   7.0000000e+00  -4.3000000e+01  -1.4500000e+02   1.6838271e+01   5.6882608e-01  -3.3000000e+01   5.1163809e+01
   7.0000000e+00  -4.3000000e+01  -1.4500000e+02   1.8690425e+01  -2.4365739e-02  -3.3000000e+01   5.2777530e+01
   7.0000000e+00  -4.3000000e+01  -1.4500000e+02   2.0248330e+01  -4.1791906e-01  -3.3000000e+01   5.2877454e+01
   7.0000000e+00  -4.3000000e+01  -1.4500000e+02   2.1897255e+01  -5.1872142e-01  -3.3000000e+01   5.2226799e+01
   7.0000000e+00  -4.3000000e+01  -1.4500000e+02   2.3831841e+01  -3.6169541e-01  -3.3000000e+01   5.0968554e+01
   7.0000000e+00  -4.3000000e+01  -1.4500000e+02   2.5370623e+01  -1.1804208e-01  -3.3000000e+01   4.9690313e+01
   7.0000000e+00  -4.3000000e+01  -1.4500000e+02   2.6942363e+01   8.3820241e-01  -3.3000000e+01   4.7848442e+01
   7.0000000e+00  -4.3000000e+01  -1.4500000e+02   2.7887761e+01   2.3205889e+00  -3.3000000e+01   4.5277323e+01
   7.0000000e+00  -4.3000000e+01  -1.4500000e+02   3.0151602e+01   3.5098377e+00  -3.3000000e+01   4.3279430e+01
   7.0000000e+00  -4.3000000e+01  -1.4500000e+02   3.1546062e+01   5.1855197e+00  -3.3000000e+01   4.0910260e+01
   7.0000000e+00  -4.3000000e+01  -1.4500000e+02   3.3131041e+01   6.8448698e+00  -3.3000000e+01   3.8514367e+01
   7.0000000e+00  -4.3000000e+01  -1.4500000e+02   3.3922284e+01   7.9275775e+00  -3.3000000e+01   3.6136169e+01
   7.0000000e+00  -4.3000000e+01  -1.4500000e+02   3.5381990e+01   1.0053311e+01  -3.3000000e+01   3.3630057e+01
   7.0000000e+00  -4.3000000e+01  -1.4500000e+02   3.7040883e+01   1.1840720e+01  -3.3000000e+01   3.2128716e+01
   7.0000000e+00  -4.3000000e+01  -1.4500000e+02   3.8794080e+01   1.3304984e+01  -3.3000000e+01   3.0086747e+01
   7.0000000e+00  -4.3000000e+01  -1.4500000e+02   4.0721774e+01   1.4855023e+01  -3.3000000e+01   2.7560597e+01
   7.0000000e+00  -4.3000000e+01  -1.4500000e+02   4.3045564e+01   1.7237819e+01  -3.3000000e+01   2.5209794e+01
   7.0000000e+00  -4.3000000e+01  -1.4500000e+02   4.5262435e+01   1.9222822e+01  -3.3000000e+01   2.3627412e+01
   7.0000000e+00  -4.3000000e+01  -1.4500000e+02   4.6654616e+01   2.0491594e+01  -3.3000000e+01   2.0871136e+01
   7.0000000e+00  -4.3000000e+01  -1.4500000e+02   4.8651979e+01   2.1246307e+01  -3.3000000e+01   1.8227151e+01
   7.0000000e+00  -4.3000000e+01  -1.4500000e+02   4.9901545e+01   2.2038152e+01  -3.3000000e+01   1.6317437e+01
   7.0000000e+00  -4.3000000e+01  -1.4500000e+02   5.0783236e+01   2.2773985e+01  -3.3000000e+01   1.4404212e+01
   7.0000000e+00  -4.3000000e+01  -1.4500000e+02   5.2685815e+01   2.3445669e+01  -3.3000000e+01   1.2529771e+01
   7.0000000e+00  -4.3000000e+01  -1.4500000e+02   5.5406104e+01   2.4056959e+01  -3.3000000e+01   9.5892756e+00
