   4.0042303e+01   5.6410458e+01  -1.5617840e+02   5.6102949e+01   2.9769731e+01  -2.9398945e+01  -6.2969257e+00
   3.8149067e+01   5.1387175e+01  -1.5843242e+02   4.7631794e+01   2.5886153e+01  -2.9584577e+01   2.9658333e+00
   3.3000000e+01   5.0000000e+01  -1.5793534e+02   4.4465274e+01   2.6905036e+01  -3.3000000e+01   1.0038841e+01
   3.3000000e+01   5.0000000e+01  -1.5880951e+02   3.8799951e+01   2.2991256e+01  -3.3000000e+01   1.6095863e+01
   3.3000000e+01   5.0000000e+01  -1.6073366e+02   3.4350839e+01   1.8349840e+01  -3.3000000e+01   2.0905964e+01
   3.3000000e+01   5.0000000e+01  -1.6321486e+02   3.1448117e+01   1.7177580e+01  -3.3000000e+01   2.9156583e+01
   3.3000000e+01   5.0000000e+01  -1.6424790e+02   2.6839119e+01   1.3858254e+01  -3.3000000e+01   3.6343556e+01
   3.3000000e+01   5.0000000e+01  -1.6622721e+02   2.5140547e+01   1.0390489e+01  -3.3000000e+01   4.2943944e+01
   3.3000000e+01   5.0000000e+01  -1.6706435e+02   2.2667181e+01   7.9778254e+00  -3.3000000e+01   4.8245993e+01
   3.3000000e+01   5.0000000e+01  -1.6556522e+02   2.0893816e+01   6.2896076e+00  -3.3000000e+01   5.2170848e+01
   3.3000000e+01   5.0000000e+01  -1.6397603e+02   1.9215267e+01   4.8724342e+00  -3.3000000e+01   5.5650146e+01
   3.3000000e+01   5.0000000e+01  -1.6229420e+02   1.8326710e+01   3.4698222e+00  -3.3000000e+01   5.9000224e+01
   3.3000000e+01   5.0000000e+01  -1.6200229e+02   1.8361272e+01   2.1764764e+00  -3.3000000e+01   6.1939775e+01
   3.3000000e+01   5.0000000e+01  -1.6083104e+02   1.8942836e+01   9.8788829e-01  -3.3000000e+01   6.3524399e+01
   3.3000000e+01   5.0000000e+01  -1.6069137e+02   2.1629713e+01   1.3901359e-01  -3.3000000e+01   6.3087632e+01
   3.3000000e+01   5.0000000e+01  -1.6081533e+02   2.3669965e+01   2.0978262e-01  -3.3000000e+01   6.1112987e+01
   3.3000000e+01   5.0000000e+01  -1.6093814e+02   2.5317501e+01   1.8821323e+00  -3.3000000e+01   5.8574246e+01
   3.3000000e+01   5.0000000e+01  -1.6076684e+02   2.7515418e+01   3.2255021e+00  -3.3000000e+01   5.4689312e+01
   3.3000000e+01   5.0000000e+01  -1.6137747e+02   2.9744669e+01   5.1594332e+00  -3.3000000e+01   5.1849597e+01
   3.3000000e+01   5.0000000e+01  -1.6029221e+02   3.0760382e+01   7.6646487e+00  -3.3000000e+01   4.9466151e+01
   3.3000000e+01   5.0000000e+01  -1.6083373e+02   3.2466680e+01   1.0626489e+01  -3.3000000e+01   4.6308893e+01
   3.3000000e+01   5.0000000e+01  -1.6087648e+02   3.5159244e+01   1.2309113e+01  -3.3000000e+01   4.1713572e+01
   3.3000000e+01   5.0000000e+01  -1.6039705e+02   3.7148364e+01   1.4532533e+01  -3.3000000e+01   3.7651593e+01
   3.3000000e+01   5.0000000e+01  -1.5993728e+02   3.8633149e+01   1.5897987e+01  -3.3000000e+01   3.4194480e+01
   3.3000000e+01   5.0000000e+01  -1.5850563e+02   3.9552904e+01   1.7418553e+01  -3.3000000e+01   3.1709150e+01
   3.3000000e+01   5.0000000e+01  -1.5889180e+02   4.2281725e+01   1.9461492e+01  -3.3000000e+01   3.0225673e+01
   3.3000000e+01   5.0000000e+01  -1.5907817e+02   4.4944116e+01   2.0868046e+01  -3.3000000e+01   2.6210268e+01
   3.3000000e+01   5.0000000e+01  -1.5854704e+02   4.6707618e+01   2.2408690e+01  -3.3000000e+01   2.3693570e+01
   3.3000000e+01   5.0000000e+01  -1.5918355e+02   4.9385412e+01   2.3994787e+01  -3.3000000e+01   2.0775361e+01
   3.3000000e+01   5.0000000e+01  -1.5629755e+02   5.0973970e+01   2.5327844e+01  -3.3000000e+01   1.7324248e+01
   3.3000000e+01   5.0000000e+01  -1.5620433e+02   5.3098620e+01   2.6641337e+01  -3.3000000e+01   1.3589311e+01
   3.3000000e+01   5.0000000e+01  -1.5460313e+02   5.5733451e+01   2.8016243e+01  -3.3000000e+01   9.4634610e+00
   3.3000000e+01   5.0000000e+01  -1.5383689e+02   5.7831209e+01   2.9347390e+01  -3.3000000e+01   5.8919945e+00
   3.3000000e+01   5.0000000e+01  -1.5393215e+02   5.9778490e+01   3.0325976e+01  -3.3000000e+01   2.9812459e+00
   3.3000000e+01   5.0000000e+01  -1.5322476e+02   6.1852116e+01   3.2141360e+01  -3.3000000e+01  -5.4506463e-02
   3.3000000e+01   5.0000000e+01  -1.5058059e+02   6.3571310e+01   3.4178227e+01  -3.3000000e+01  -3.7739914e+00
   3.3000000e+01   5.0000000e+01  -1.4925268e+02   6.5074214e+01   3.5687398e+01  -3.3000000e+01  -7.9816090e+00
   3.3000000e+01   5.0000000e+01  -1.4806633e+02   6.6470582e+01   3.7252799e+01  -3.3000000e+01  -1.2222186e+01
   3.3000000e+01   5.0000000e+01  -1.4471108e+02   6.6538343e+01   3.9865082e+01  -3.3000000e+01  -1.5525263e+01
   3.3000000e+01   5.0000000e+01  -1.4361341e+02   6.6707316e+01   4.1449151e+01  -3.3000000e+01  -1.7407052e+01
   3.3000000e+01   5.0000000e+01  -1.4157554e+02   6.5364171e+01   4.2532022e+01  -3.3000000e+01  -1.9764175e+01
   3.3000000e+01   5.0000000e+01  -1.4147557e+02   6.3699581e+01   4.3347621e+01  -3.3000000e+01  -2.0060190e+01
   3.3000000e+01   5.0000000e+01  -1.4451727e+02   6.1007180e+01   4.3876369e+01  -3.3000000e+01  -1.8064151e+01
   3.3000000e+01   5.0000000e+01  -1.4777075e+02   5.8684730e+01   4.3851989e+01  -3.3000000e+01  -1.3727582e+01
   3.3000000e+01   5.0000000e+01  -1.5114968e+02   5.5767709e+01   4.2678966e+01  -3.3000000e+01  -7.7923588e+00
   3.3000000e+01   5.0000000e+01  -1.5304997e+02   5.1416354e+01   4.0835158e+01  -3.3000000e+01  -2.0970837e+00
   3.3000000e+01   5.0000000e+01  -1.5488656e+02   4.6550822e+01   3.7120042e+01  -3.3000000e+01   5.5974723e+00
   3.3000000e+01   5.0000000e+01  -1.5733596e+02   4.2434859e+01   3.2277166e+01  -3.3000000e+01   1.3298364e+01
   3.3000000e+01   5.0000000e+01  -1.5760623e+02   3.7443919e+01   2.6520233e+01  -3.3000000e+01   1.9527365e+01
   3.3000000e+01   5.0000000e+01  -1.6062380e+02   3.3520038e+01   2.0837984e+01  -3.3000000e+01   2.7400538e+01
   3.3000000e+01   5.0000000e+01  -1.6297559e+02   2.9819436e+01   1.8789364e+01  -3.3000000e+01   3.5139534e+01
   3.3000000e+01   5.0000000e+01  -1.6346741e+02   2.6072049e+01   1.5303269e+01  -3.3000000e+01   4.1204514e+01
   3.3000000e+01   5.0000000e+01  -1.6447568e+02   2.3255345e+01   1.1871878e+01  -3.3000000e+01   4.6761843e+01
   3.3000000e+01   5.0000000e+01  -1.6330104e+02   2.0915258e+01   8.7055521e+00  -3.3000000e+01   5.1771003e+01
   3.3000000e+01   5.0000000e+01  -1.6116607e+02   1.9576118e+01   5.7155942e+00  -3.3000000e+01   5.6804365e+01
   3.3000000e+01   5.0000000e+01  -1.5767290e+02   1.8558332e+01   2.8684612e+00  -3.3000000e+01   5.9479536e+01
   3.3000000e+01   5.0000000e+01  -1.5708417e+02   1.8622320e+01   6.1274315e-02  -3.3000000e+01   6.1099662e+01
   3.3000000e+01   5.0000000e+01  -1.6115342e+02   2.0817314e+01  -2.3896241e+00  -3.3000000e+01   6.1163799e+01
   3.3000000e+01   5.0000000e+01  -1.6001167e+02   2.3579820e+01  -3.0009377e+00  -3.3000000e+01   6.0549188e+01
   3.3000000e+01   5.0000000e+01  -1.6120808e+02   2.5036761e+01  -3.3062950e+00  -3.3000000e+01   5.8726390e+01
   3.3000000e+01   5.0000000e+01  -1.6246668e+02   2.6631952e+01  -1.2868163e+00  -3.3000000e+01   5.7417734e+01
   3.3000000e+01   5.0000000e+01  -1.6333381e+02   2.9083648e+01   1.0900607e+00  -3.3000000e+01   5.4227866e+01
   3.3000000e+01   5.0000000e+01  -1.6489591e+02   3.1227738e+01   3.6577951e+00  -3.3000000e+01   5.0584249e+01
   3.3000000e+01   5.0000000e+01  -1.6420900e+02   3.2876500e+01   6.9624827e+00  -3.3000000e+01   4.7442345e+01
   3.3000000e+01   5.0000000e+01  -1.6195930e+02   3.4161335e+01   9.4122012e+00  -3.3000000e+01   4.4852522e+01
   3.3000000e+01   5.0000000e+01  -1.5939145e+02   3.5567221e+01   1.0581332e+01  -3.3000000e+01   4.2893213e+01
   3.3000000e+01   5.0000000e+01  -1.5832792e+02   3.6305333e+01   1.1882764e+01  -3.3000000e+01   3.9311860e+01
   3.3000000e+01   5.0000000e+01  -1.5740890e+02   3.7254544e+01   1.2637842e+01  -3.3000000e+01   3.5905723e+01
   3.3000000e+01   5.0000000e+01  -1.5847251e+02   3.9237208e+01   1.6033859e+01  -3.3000000e+01   3.4894699e+01
   3.3000000e+01   5.0000000e+01  -1.6123919e+02   4.2142228e+01   1.7997828e+01  -3.3000000e+01   3.3705577e+01
   3.3000000e+01   5.0000000e+01  -1.5988766e+02   4.4394867e+01   1.9231947e+01  -3.3000000e+01   3.0069705e+01
   3.3000000e+01   5.0000000e+01  -1.5418256e+02   4.4494841e+01   1.9769740e+01  -3.3000000e+01   2.7564518e+01
   3.3000000e+01   5.0000000e+01  -1.5210949e+02   4.4547364e+01   2.0310353e+01  -3.3000000e+01   2.5155259e+01
   3.3000000e+01   5.0000000e+01  -1.5333765e+02   4.7016978e+01   2.2536173e+01  -3.3000000e+01   2.1883202e+01
   3.3000000e+01   5.0000000e+01  -1.5635477e+02   5.0367966e+01   2.4082416e+01  -3.3000000e+01   1.8921010e+01
   3.3000000e+01   5.0000000e+01  -1.5571563e+02   5.3104754e+01   2.5545534e+01  -3.3000000e+01   1.4788544e+01
   3.3000000e+01   5.0000000e+01  -1.5283572e+02   5.5243557e+01   2.7320811e+01  -3.3000000e+01   9.6776410e+00
   3.3000000e+01   5.0000000e+01  -1.5227028e+02   5.7380220e+01   2.8209505e+01  -3.3000000e+01   5.6121322e+00
   3.3000000e+01   5.0000000e+01  -1.5134133e+02   5.9455305e+01   2.9542497e+01  -3.3000000e+01   1.8069680e+00
   3.3000000e+01   5.0000000e+01  -1.5002957e+02   6.1287197e+01   3.1247902e+01  -3.3000000e+01  -2.1242168e+00
   3.3000000e+01   5.0000000e+01  -1.4821772e+02   6.2379819e+01   3.2979868e+01  -3.3000000e+01  -5.8274931e+00
   3.3000000e+01   5.0000000e+01  -1.4550252e+02   6.3113979e+01   3.4891465e+01  -3.3000000e+01  -1.0421166e+01
   3.3000000e+01   5.0000000e+01  -1.4330074e+02   6.3243315e+01   3.7003770e+01  -3.3000000e+01  -1.4599248e+01
   3.3000000e+01   5.0000000e+01  -1.4054259e+02   6.2799588e+01   3.9239295e+01  -3.3000000e+01  -1.6911529e+01
   3.3000000e+01   5.0000000e+01  -1.3946152e+02   6.2913141e+01   4.0274424e+01  -3.3000000e+01  -1.9197655e+01
   3.3000000e+01   5.0000000e+01  -1.4017844e+02   6.1839013e+01   4.1042606e+01  -3.3000000e+01  -2.1100242e+01
   3.3000000e+01   5.0000000e+01  -1.4276047e+02   5.9412011e+01   4.1452446e+01  -3.3000000e+01  -2.1787510e+01
   3.3000000e+01   5.0000000e+01  -1.4511525e+02   5.6817889e+01   4.2055260e+01  -3.3000000e+01  -2.1145795e+01
   3.3000000e+01   5.0000000e+01  -1.4734693e+02   5.4866698e+01   4.1407276e+01  -3.3000000e+01  -1.6658701e+01
   3.3000000e+01   5.0000000e+01  -1.5030411e+02   5.1488020e+01   3.7802047e+01  -3.3000000e+01  -1.1900954e+01
   3.3000000e+01   5.0000000e+01  -1.5393557e+02   4.7473156e+01   3.3355834e+01  -3.3000000e+01  -3.5231393e+00
   3.3000000e+01   5.0000000e+01  -1.5625965e+02   4.3363959e+01   2.7585435e+01  -3.3000000e+01   5.9820924e+00
   3.3000000e+01   5.0000000e+01  -1.5642549e+02   3.7521021e+01   2.1350067e+01  -3.3000000e+01   1.4291216e+01
   3.3000000e+01   5.0000000e+01  -1.5961192e+02   3.2220048e+01   1.7103631e+01  -3.3000000e+01   2.3622323e+01
   3.3000000e+01   5.0000000e+01  -1.6150275e+02   2.9043542e+01   1.4731449e+01  -3.3000000e+01   3.1734256e+01
   3.3000000e+01   5.0000000e+01  -1.6302603e+02   2.5971539e+01   1.2508938e+01  -3.3000000e+01   3.8933233e+01
   3.3000000e+01   5.0000000e+01  -1.6426589e+02   2.5198109e+01   9.9665904e+00  -3.3000000e+01   4.5497540e+01
   3.3000000e+01   5.0000000e+01  -1.6639355e+02   2.3734076e+01   7.7908956e+00  -3.3000000e+01   5.0477411e+01
   3.3000000e+01   5.0000000e+01  -1.6381486e+02   2.2797561e+01   4.9058111e+00  -3.3000000e+01   5.4405447e+01
   3.3000000e+01   5.0000000e+01  -1.6074220e+02   2.1819647e+01   2.2650541e+00  -3.3000000e+01   5.6385815e+01
   3.3000000e+01   5.0000000e+01  -1.5833694e+02   2.0873793e+01  -2.3270981e-01  -3.3000000e+01   5.8239083e+01
   3.3000000e+01   5.0000000e+01  -1.5944108e+02   2.1693644e+01  -2.0222051e+00  -3.3000000e+01   5.8923030e+01
   3.3000000e+01   5.0000000e+01  -1.6035528e+02   2.4254062e+01  -2.8576453e+00  -3.3000000e+01   5.8583164e+01
   3.3000000e+01   5.0000000e+01  -1.5950420e+02   2.5239053e+01  -2.9791429e+00  -3.3000000e+01   5.6669292e+01
   3.3000000e+01   5.0000000e+01  -1.5974356e+02   2.6532429e+01  -2.9698307e+00  -3.3000000e+01   5.3900397e+01
   3.3000000e+01   5.0000000e+01  -1.6128193e+02   2.8569580e+01  -1.3691422e+00  -3.3000000e+01   5.1261837e+01
   3.3000000e+01   5.0000000e+01  -1.6139715e+02   3.0332349e+01   8.7133275e-01  -3.3000000e+01   4.7686750e+01
   3.3000000e+01   5.0000000e+01  -1.5999197e+02   3.1888445e+01   1.8930422e+00  -3.3000000e+01   4.4095657e+01
   3.3000000e+01   5.0000000e+01  -1.6030395e+02   3.4094922e+01   3.6441144e+00  -3.3000000e+01   4.1002487e+01
   3.3000000e+01   5.0000000e+01  -1.6147176e+02   3.6507269e+01   6.3496321e+00  -3.3000000e+01   3.8390931e+01
   3.3000000e+01   5.0000000e+01  -1.5987547e+02   3.7825730e+01   9.3308419e+00  -3.3000000e+01   3.6770954e+01
   3.3000000e+01   5.0000000e+01  -1.5995175e+02   3.9353519e+01   9.8504980e+00  -3.3000000e+01   3.4213436e+01
   3.3000000e+01   5.0000000e+01  -1.5972364e+02   4.0702715e+01   1.0999439e+01  -3.3000000e+01   3.2031444e+01
   3.3000000e+01   5.0000000e+01  -1.6039748e+02   4.2989901e+01   1.2537586e+01  -3.3000000e+01   3.1131637e+01
   3.3000000e+01   5.0000000e+01  -1.6212300e+02   4.5338982e+01   1.4537081e+01  -3.3000000e+01   2.8274121e+01
   3.3000000e+01   5.0000000e+01  -1.5935318e+02   4.6761898e+01   1.4829805e+01  -3.3000000e+01   2.5137334e+01
   3.3000000e+01   5.0000000e+01  -1.5888211e+02   4.8207182e+01   1.6948228e+01  -3.3000000e+01   2.3358712e+01
   3.3000000e+01   5.0000000e+01  -1.5388958e+02   4.8349925e+01   1.6976151e+01  -3.3000000e+01   2.0119410e+01
   3.3000000e+01   5.0000000e+01  -1.5428372e+02   5.0453589e+01   1.8433565e+01  -3.3000000e+01   1.6494526e+01
   3.3000000e+01   5.0000000e+01  -1.5617705e+02   5.3250753e+01   2.1160805e+01  -3.3000000e+01   1.3987591e+01
   3.3000000e+01   5.0000000e+01  -1.5585188e+02   5.5905229e+01   2.2699798e+01  -3.3000000e+01   1.0977202e+01
   3.3000000e+01   5.0000000e+01  -1.5527276e+02   5.8409089e+01   2.4328541e+01  -3.3000000e+01   7.3687733e+00
   3.3000000e+01   5.0000000e+01  -1.5472525e+02   6.0212979e+01   2.6140294e+01  -3.3000000e+01   3.3879429e+00
   3.3000000e+01   5.0000000e+01  -1.5437961e+02   6.1803180e+01   2.7975226e+01  -3.3000000e+01  -7.3438467e-01
   3.3000000e+01   5.0000000e+01  -1.5292883e+02   6.3718717e+01   2.9982906e+01  -3.3000000e+01  -4.9399874e+00
   3.3000000e+01   5.0000000e+01  -1.5064961e+02   6.4938128e+01   3.1611295e+01  -3.3000000e+01  -8.2919889e+00
   3.3000000e+01   5.0000000e+01  -1.4770465e+02   6.5949762e+01   3.3297181e+01  -3.3000000e+01  -1.2819308e+01
   3.3000000e+01   5.0000000e+01  -1.4529237e+02   6.6269076e+01   3.5121992e+01  -3.3000000e+01  -1.6249314e+01
   3.3000000e+01   5.0000000e+01  -1.4358098e+02   6.6844416e+01   3.6093800e+01  -3.3000000e+01  -1.9010771e+01
   3.3000000e+01   5.0000000e+01  -1.4245295e+02   6.7462471e+01   3.7258735e+01  -3.3000000e+01  -2.1034316e+01
   3.3000000e+01   5.0000000e+01  -1.4168181e+02   6.8195495e+01   3.8849579e+01  -3.3000000e+01  -2.2418595e+01
   3.3000000e+01   5.0000000e+01  -1.4251717e+02   6.6850269e+01   4.0941521e+01  -3.3000000e+01  -2.4877018e+01
   3.3000000e+01   5.0000000e+01  -1.4350401e+02   6.4121199e+01   4.1430174e+01  -3.3000000e+01  -2.8385573e+01
   3.3000000e+01   5.0000000e+01  -1.4500734e+02   6.0653731e+01   4.1589081e+01  -3.3000000e+01  -2.6057778e+01
   3.3000000e+01   5.0000000e+01  -1.4658521e+02   5.7192106e+01   4.0623741e+01  -3.3000000e+01  -2.1608886e+01
   3.3000000e+01   5.0000000e+01  -1.4991506e+02   5.4034603e+01   3.7785438e+01  -3.3000000e+01  -1.5772991e+01
   3.3000000e+01   5.0000000e+01  -1.5261412e+02   4.9533269e+01   3.3025490e+01  -3.3000000e+01  -7.9295516e+00
   3.3000000e+01   5.0000000e+01  -1.5548358e+02   4.5899863e+01   2.7891212e+01  -3.3000000e+01   1.7164104e+00
   3.3000000e+01   5.0000000e+01  -1.5623933e+02   4.0125291e+01   2.1992725e+01  -3.3000000e+01   1.0381216e+01
   3.3000000e+01   5.0000000e+01  -1.5864368e+02   3.5905198e+01   1.6439066e+01  -3.3000000e+01   1.9662923e+01
   3.3000000e+01   5.0000000e+01  -1.6196019e+02   3.1182267e+01   1.2079775e+01  -3.3000000e+01   2.8463663e+01
   3.3000000e+01   5.0000000e+01  -1.6219104e+02   2.7069238e+01   8.6297859e+00  -3.3000000e+01   3.5705540e+01
   3.3000000e+01   5.0000000e+01  -1.6388993e+02   2.4170977e+01   5.1641342e+00  -3.3000000e+01   4.2403866e+01
   3.3000000e+01   5.0000000e+01  -1.6238812e+02   2.2246596e+01   2.4913750e+00  -3.3000000e+01   4.8197890e+01
   3.3000000e+01   5.0000000e+01  -1.6164247e+02   1.9542955e+01  -5.4484833e-02  -3.3000000e+01   5.3840837e+01
   3.3000000e+01   5.0000000e+01  -1.6221662e+02   1.8543889e+01  -2.4237719e+00  -3.3000000e+01   5.7925478e+01
   3.3000000e+01   5.0000000e+01  -1.6367658e+02   1.8650557e+01  -2.9861844e+00  -3.3000000e+01   6.1866174e+01
   3.3000000e+01   5.0000000e+01  -1.6415980e+02   2.0214217e+01  -3.2224484e+00  -3.3000000e+01   6.2420442e+01
   3.3000000e+01   5.0000000e+01  -1.6610911e+02   2.3904984e+01  -2.2473700e+00  -3.3000000e+01   6.2002008e+01
   3.3000000e+01   5.0000000e+01  -1.6702709e+02   2.5883060e+01  -6.8498463e-01  -3.3000000e+01   5.9401444e+01
   3.3000000e+01   5.0000000e+01  -1.6714885e+02   2.6890184e+01   9.7171226e-01  -3.3000000e+01   5.6779115e+01
   3.3000000e+01   5.0000000e+01  -1.6603452e+02   2.8943172e+01   2.5811002e+00  -3.3000000e+01   5.4272242e+01
   3.3000000e+01   5.0000000e+01  -1.6593599e+02   3.0586611e+01   4.1622076e+00  -3.3000000e+01   5.0344773e+01
   3.3000000e+01   5.0000000e+01  -1.6359804e+02   3.2125618e+01   5.3179447e+00  -3.3000000e+01   4.6779295e+01
   3.3000000e+01   5.0000000e+01  -1.6333228e+02   3.3659582e+01   6.9455298e+00  -3.3000000e+01   4.3569423e+01
   3.3000000e+01   5.0000000e+01  -1.6300477e+02   3.6181613e+01   8.3741155e+00  -3.3000000e+01   4.0535034e+01
   3.3000000e+01   5.0000000e+01  -1.6073566e+02   3.6374758e+01   1.0322733e+01  -3.3000000e+01   3.7305046e+01
   3.3000000e+01   5.0000000e+01  -1.5865755e+02   3.7504975e+01   1.0356840e+01  -3.3000000e+01   3.3520876e+01
   3.3000000e+01   5.0000000e+01  -1.5821937e+02   3.9483930e+01   1.2370075e+01  -3.3000000e+01   3.1052767e+01
   3.3000000e+01   5.0000000e+01  -1.5932152e+02   4.2571238e+01   1.4899136e+01  -3.3000000e+01   3.0024633e+01
   3.3000000e+01   5.0000000e+01  -1.6051231e+02   4.5121396e+01   1.6653817e+01  -3.3000000e+01   2.6938508e+01
   3.3000000e+01   5.0000000e+01  -1.5624518e+02   4.5492596e+01   1.8850472e+01  -3.3000000e+01   2.4809166e+01
   3.3000000e+01   5.0000000e+01  -1.5603593e+02   4.7241034e+01   1.9807127e+01  -3.3000000e+01   2.2359315e+01
   3.3000000e+01   5.0000000e+01  -1.5690206e+02   4.9630291e+01   2.0904123e+01  -3.3000000e+01   1.9394886e+01
   3.3000000e+01   5.0000000e+01  -1.5684215e+02   5.1869551e+01   2.2611155e+01  -3.3000000e+01   1.6381362e+01
   3.3000000e+01   5.0000000e+01  -1.5623195e+02   5.3928967e+01   2.3865747e+01  -3.3000000e+01   1.3103206e+01
   3.3000000e+01   5.0000000e+01  -1.5626056e+02   5.6638672e+01   2.5139589e+01  -3.3000000e+01   9.5925776e+00
   3.3000000e+01   5.0000000e+01  -1.5566777e+02   5.8765218e+01   2.6809355e+01  -3.3000000e+01   6.4239347e+00
   3.3000000e+01   5.0000000e+01  -1.5534776e+02   6.0700430e+01   2.7441645e+01  -3.3000000e+01   2.7119907e+00
   3.3000000e+01   5.0000000e+01  -1.5365912e+02   6.2611163e+01   2.9276083e+01  -3.3000000e+01  -8.5245085e-01
   3.3000000e+01   5.0000000e+01  -1.5160110e+02   6.3981458e+01   3.0633186e+01  -3.3000000e+01  -3.8741052e+00
   3.3000000e+01   5.0000000e+01  -1.4848475e+02   6.4731810e+01   3.2100760e+01  -3.3000000e+01  -8.0580338e+00
   3.3000000e+01   5.0000000e+01  -1.4528550e+02   6.5231784e+01   3.4061058e+01  -3.3000000e+01  -1.2125680e+01
   3.3000000e+01   5.0000000e+01  -1.4483701e+02   6.6668289e+01   3.5267940e+01  -3.3000000e+01  -1.6065884e+01
   3.3000000e+01   5.0000000e+01  -1.4505776e+02   6.7923754e+01   3.6333555e+01  -3.3000000e+01  -1.8280138e+01
   3.3000000e+01   5.0000000e+01  -1.4383331e+02   6.8890449e+01   3.8726505e+01  -3.3000000e+01  -1.9473723e+01
   3.3000000e+01   5.0000000e+01  -1.4320083e+02   6.9013235e+01   4.1642671e+01  -3.3000000e+01  -1.9697269e+01
   3.3000000e+01   5.0000000e+01  -1.4122236e+02   6.8981303e+01   4.3562755e+01  -3.3000000e+01  -2.1282396e+01
   3.3000000e+01   5.0000000e+01  -1.4060270e+02   6.7731686e+01   4.5624645e+01  -3.3000000e+01  -2.3239815e+01
   3.3000000e+01   5.0000000e+01  -1.4285610e+02   6.5225858e+01   4.6537546e+01  -3.3000000e+01  -2.6430745e+01
   3.3000000e+01   5.0000000e+01  -1.4442877e+02   6.1986249e+01   4.7635192e+01  -3.3000000e+01  -2.7576858e+01
   3.3000000e+01   5.0000000e+01  -1.4933896e+02   5.9789786e+01   4.8009249e+01  -3.3000000e+01  -2.4470705e+01
   3.3000000e+01   5.0000000e+01  -1.5097005e+02   5.6665060e+01   4.7675565e+01  -3.3000000e+01  -2.0372424e+01
   3.3000000e+01   5.0000000e+01  -1.5270284e+02   5.3012756e+01   4.5781881e+01  -3.3000000e+01  -1.5041407e+01
   3.3000000e+01   5.0000000e+01  -1.5543614e+02   4.8718680e+01   4.2678479e+01  -3.3000000e+01  -8.6909823e+00
   3.3000000e+01   5.0000000e+01  -1.5614626e+02   4.3811554e+01   3.9092503e+01  -3.3000000e+01  -2.7008686e+00
   3.3000000e+01   5.0000000e+01  -1.5749484e+02   3.9269924e+01   3.4287560e+01  -3.3000000e+01   4.6825186e+00
   3.3000000e+01   5.0000000e+01  -1.6011891e+02   3.5587279e+01   2.7393740e+01  -3.3000000e+01   1.0430132e+01
   3.3000000e+01   5.0000000e+01  -1.6124339e+02   3.1838905e+01   2.3550351e+01  -3.3000000e+01   1.8020494e+01
   3.3000000e+01   5.0000000e+01  -1.6305209e+02   2.7803053e+01   2.0331865e+01  -3.3000000e+01   2.6159333e+01
   3.3000000e+01   5.0000000e+01  -1.6384297e+02   2.5639942e+01   1.6758376e+01  -3.3000000e+01   3.3525036e+01
   3.3000000e+01   5.0000000e+01  -1.6465713e+02   2.4491603e+01   1.2331686e+01  -3.3000000e+01   3.9952083e+01
   3.3000000e+01   5.0000000e+01  -1.6595465e+02   2.2984088e+01   9.0346213e+00  -3.3000000e+01   4.6251361e+01
   3.3000000e+01   5.0000000e+01  -1.6537940e+02   2.2359360e+01   5.9579137e+00  -3.3000000e+01   5.2207975e+01
   3.3000000e+01   5.0000000e+01  -1.6509019e+02   2.2077802e+01   2.4297211e+00  -3.3000000e+01   5.5921690e+01
   3.3000000e+01   5.0000000e+01  -1.6434645e+02   2.1390296e+01  -2.5035258e-01  -3.3000000e+01   5.8875105e+01
   3.3000000e+01   5.0000000e+01  -1.6311917e+02   2.0911350e+01  -2.6933685e+00  -3.3000000e+01   6.1402071e+01
   3.3000000e+01   5.0000000e+01  -1.6389330e+02   2.1745212e+01  -4.5608065e+00  -3.3000000e+01   6.3115720e+01
   3.3000000e+01   5.0000000e+01  -1.6327002e+02   2.2816881e+01  -5.7183359e+00  -3.3000000e+01   6.2968505e+01
   3.3000000e+01   5.0000000e+01  -1.6172813e+02   2.3790455e+01  -5.7235724e+00  -3.3000000e+01   6.0863937e+01
   3.3000000e+01   5.0000000e+01  -1.6136226e+02   2.4609265e+01  -4.6037905e+00  -3.3000000e+01   6.0003970e+01
   3.3000000e+01   5.0000000e+01  -1.6265329e+02   2.6166128e+01  -2.4310777e+00  -3.3000000e+01   5.8982569e+01
   3.3000000e+01   5.0000000e+01  -1.6406727e+02   2.7802293e+01  -5.5726529e-01  -3.3000000e+01   5.5152444e+01
   3.3000000e+01   5.0000000e+01  -1.6528972e+02   2.9312569e+01   1.8579165e+00  -3.3000000e+01   5.3442812e+01
   3.3000000e+01   5.0000000e+01  -1.6463513e+02   3.0987204e+01   4.5859990e+00  -3.3000000e+01   4.9904649e+01
   3.3000000e+01   5.0000000e+01  -1.6267932e+02   3.2166196e+01   7.5064236e+00  -3.3000000e+01   4.7847893e+01
   3.3000000e+01   5.0000000e+01  -1.6191459e+02   3.3154951e+01   8.6284815e+00  -3.3000000e+01   4.5097824e+01
   3.3000000e+01   5.0000000e+01  -1.5971555e+02   3.3529651e+01   9.6817732e+00  -3.3000000e+01   4.1142950e+01
   3.3000000e+01   5.0000000e+01  -1.6013058e+02   3.6145724e+01   1.1396062e+01  -3.3000000e+01   3.9918550e+01
   3.3000000e+01   5.0000000e+01  -1.6095447e+02   3.8089321e+01   1.4056019e+01  -3.3000000e+01   3.6932529e+01
   3.3000000e+01   5.0000000e+01  -1.5867802e+02   3.9152453e+01   1.5374529e+01  -3.3000000e+01   3.3735900e+01
   3.3000000e+01   5.0000000e+01  -1.5723460e+02   4.0554441e+01   1.5610241e+01  -3.3000000e+01   3.2319858e+01
   3.3000000e+01   5.0000000e+01  -1.5502336e+02   4.2371755e+01   1.6025097e+01  -3.3000000e+01   2.8481574e+01
   3.3000000e+01   5.0000000e+01  -1.5469847e+02   4.4308177e+01   1.8356604e+01  -3.3000000e+01   2.5382450e+01
   3.3000000e+01   5.0000000e+01  -1.5441606e+02   4.6476720e+01   1.9809591e+01  -3.3000000e+01   2.2885275e+01
   3.3000000e+01   5.0000000e+01  -1.5643288e+02   4.9282008e+01   2.0828728e+01  -3.3000000e+01   1.8657538e+01
   3.3000000e+01   5.0000000e+01  -1.5596138e+02   5.2608392e+01   2.2556119e+01  -3.3000000e+01   1.4271155e+01
   3.3000000e+01   5.0000000e+01  -1.5590002e+02   5.5454636e+01   2.3757092e+01  -3.3000000e+01   1.0250315e+01
   3.3000000e+01   5.0000000e+01  -1.5560022e+02   5.8005383e+01   2.5335231e+01  -3.3000000e+01   6.2430750e+00
   3.3000000e+01   5.0000000e+01  -1.5488258e+02   5.9610813e+01   2.5879619e+01  -3.3000000e+01   1.9198213e+00
   3.3000000e+01   5.0000000e+01  -1.5394758e+02   6.2432537e+01   2.7843092e+01  -3.3000000e+01  -2.1334239e+00
   3.3000000e+01   5.0000000e+01  -1.5268693e+02   6.5157166e+01   3.0654629e+01  -3.3000000e+01  -4.8860727e+00
   3.3000000e+01   5.0000000e+01  -1.5079418e+02   6.7200023e+01   3.2302011e+01  -3.3000000e+01  -9.1212209e+00
   3.3000000e+01   5.0000000e+01  -1.4700532e+02   6.7820851e+01   3.4055639e+01  -3.3000000e+01  -1.4847063e+01
   3.3000000e+01   5.0000000e+01  -1.4639080e+02   6.9037379e+01   3.5200494e+01  -3.3000000e+01  -1.8596335e+01
   3.3000000e+01   5.0000000e+01  -1.4296994e+02   6.8047075e+01   3.9428473e+01  -3.3000000e+01  -1.8911363e+01
   3.3000000e+01   5.0000000e+01  -1.4146036e+02   6.7704421e+01   4.2454070e+01  -3.3000000e+01  -1.8344419e+01
   3.3000000e+01   5.0000000e+01  -1.4081008e+02   6.7204551e+01   4.4336483e+01  -3.3000000e+01  -1.7775849e+01
   3.3000000e+01   5.0000000e+01  -1.4217026e+02   6.4971879e+01   4.4635374e+01  -3.3000000e+01  -1.9502043e+01
   3.3000000e+01   5.0000000e+01  -1.4338898e+02   6.2845483e+01   4.4892759e+01  -3.3000000e+01  -2.1198397e+01
   3.3000000e+01   5.0000000e+01  -1.4582197e+02   5.8924119e+01   4.3703210e+01  -3.3000000e+01  -2.2513004e+01
   3.3000000e+01   5.0000000e+01  -1.4825109e+02   5.5412157e+01   4.2651343e+01  -3.3000000e+01  -1.7971241e+01
   3.3000000e+01   5.0000000e+01  -1.5053287e+02   5.0321622e+01   3.9102932e+01  -3.3000000e+01  -1.2820588e+01
   3.3000000e+01   5.0000000e+01  -1.5151793e+02   4.6057780e+01   3.5613405e+01  -3.3000000e+01  -7.1953895e+00
   3.3000000e+01   5.0000000e+01  -1.5432565e+02   4.2526366e+01   3.0573996e+01  -3.3000000e+01   4.4940962e-01
   3.3000000e+01   5.0000000e+01  -1.5576421e+02   3.7578549e+01   2.5518771e+01  -3.3000000e+01   6.7308470e+00
   3.3000000e+01   5.0000000e+01  -1.5709555e+02   3.3637039e+01   2.1418777e+01  -3.3000000e+01   1.3564064e+01
   3.3000000e+01   5.0000000e+01  -1.6297704e+02   3.1423747e+01   1.7080347e+01  -3.3000000e+01   2.2842208e+01
   3.3000000e+01   5.0000000e+01  -1.6286302e+02   2.6682425e+01   1.3030226e+01  -3.3000000e+01   3.1257243e+01
   3.3000000e+01   5.0000000e+01  -1.6522036e+02   2.4581252e+01   9.9153900e+00  -3.3000000e+01   3.9562810e+01
   3.3000000e+01   5.0000000e+01  -1.6464522e+02   2.2835464e+01   7.3218339e+00  -3.3000000e+01   4.6581263e+01
   3.3000000e+01   5.0000000e+01  -1.6140522e+02   2.0416138e+01   5.2856929e+00  -3.3000000e+01   5.2500175e+01
   3.3000000e+01   5.0000000e+01  -1.6125339e+02   1.8282660e+01   2.7333433e+00  -3.3000000e+01   5.7719449e+01
   3.3000000e+01   5.0000000e+01  -1.6459696e+02   1.8165975e+01  -9.4636344e-02  -3.3000000e+01   6.1862711e+01
   3.3000000e+01   5.0000000e+01  -1.6456986e+02   1.8625228e+01  -1.4349896e+00  -3.3000000e+01   6.4783061e+01
   3.3000000e+01   5.0000000e+01  -1.6757029e+02   2.1558954e+01  -1.3938652e+00  -3.3000000e+01   6.5027440e+01
   3.3000000e+01   5.0000000e+01  -1.6731059e+02   2.4189746e+01  -8.7469840e-01  -3.3000000e+01   6.2609253e+01
   3.3000000e+01   5.0000000e+01  -1.6687467e+02   2.6064322e+01   4.5650551e-01  -3.3000000e+01   6.0803634e+01
   3.3000000e+01   5.0000000e+01  -1.6690447e+02   2.7384636e+01   2.5500604e+00  -3.3000000e+01   5.8356918e+01
   3.3000000e+01   5.0000000e+01  -1.6701554e+02   2.9377003e+01   4.5132579e+00  -3.3000000e+01   5.5576382e+01
   3.3000000e+01   5.0000000e+01  -1.6553761e+02   3.0281895e+01   6.6947812e+00  -3.3000000e+01   5.2109945e+01
   3.3000000e+01   5.0000000e+01  -1.6423185e+02   3.1819932e+01   8.1988796e+00  -3.3000000e+01   4.7822640e+01
   3.3000000e+01   5.0000000e+01  -1.6401592e+02   3.3364668e+01   9.6192121e+00  -3.3000000e+01   4.4787567e+01
   3.3000000e+01   5.0000000e+01  -1.6218542e+02   3.4318812e+01   1.0937351e+01  -3.3000000e+01   4.1780889e+01
   3.3000000e+01   5.0000000e+01  -1.6272048e+02   3.6756100e+01   1.2195753e+01  -3.3000000e+01   3.9291949e+01
   3.3000000e+01   5.0000000e+01  -1.5948405e+02   3.7773793e+01   1.4150403e+01  -3.3000000e+01   3.5265345e+01
   3.3000000e+01   5.0000000e+01  -1.5982421e+02   3.9105522e+01   1.5119767e+01  -3.3000000e+01   3.4217396e+01
   3.3000000e+01   5.0000000e+01  -1.5794889e+02   3.9844891e+01   1.6438201e+01  -3.3000000e+01   3.2370487e+01
   3.3000000e+01   5.0000000e+01  -1.5923477e+02   4.3256635e+01   1.7596991e+01  -3.3000000e+01   3.0514522e+01
   3.3000000e+01   5.0000000e+01  -1.6083938e+02   4.5271662e+01   1.9146932e+01  -3.3000000e+01   2.8034372e+01
   3.3000000e+01   5.0000000e+01  -1.6107803e+02   4.6976232e+01   2.0459108e+01  -3.3000000e+01   2.6043156e+01
   3.3000000e+01   5.0000000e+01  -1.5833183e+02   4.8073688e+01   2.1731993e+01  -3.3000000e+01   2.3890143e+01
   3.3000000e+01   5.0000000e+01  -1.5804340e+02   4.9917205e+01   2.2361813e+01  -3.3000000e+01   2.0081113e+01
   3.3000000e+01   5.0000000e+01  -1.5763321e+02   5.1841893e+01   2.3590482e+01  -3.3000000e+01   1.7706935e+01
   3.3000000e+01   5.0000000e+01  -1.5656616e+02   5.3666944e+01   2.4448870e+01  -3.3000000e+01   1.3497437e+01
   3.3000000e+01   5.0000000e+01  -1.5428443e+02   5.4985402e+01   2.5813685e+01  -3.3000000e+01   1.0046438e+01
   3.3000000e+01   5.0000000e+01  -1.5242092e+02   5.6446835e+01   2.6507545e+01  -3.3000000e+01   4.8700075e+00
   3.3000000e+01   5.0000000e+01  -1.5169624e+02   5.8065538e+01   2.6782389e+01  -3.3000000e+01   2.4002759e-01
   3.3000000e+01   5.0000000e+01  -1.5279945e+02   6.0513522e+01   2.8718886e+01  -3.3000000e+01  -1.5184413e+00
   3.3000000e+01   5.0000000e+01  -1.5197228e+02   6.2878963e+01   3.0939363e+01  -3.3000000e+01  -4.4284593e+00
   3.3000000e+01   5.0000000e+01  -1.4923784e+02   6.4489184e+01   3.2708064e+01  -3.3000000e+01  -7.6572340e+00
   3.3000000e+01   5.0000000e+01  -1.4686294e+02   6.5582829e+01   3.4760012e+01  -3.3000000e+01  -1.0750235e+01
   3.3000000e+01   5.0000000e+01  -1.4515443e+02   6.5442870e+01   3.6231732e+01  -3.3000000e+01  -1.3485464e+01
   3.3000000e+01   5.0000000e+01  -1.4293369e+02   6.5009515e+01   3.8246815e+01  -3.3000000e+01  -1.5642831e+01
   3.3000000e+01   5.0000000e+01  -1.4331324e+02   6.3734862e+01   3.9236222e+01  -3.3000000e+01  -1.6092797e+01
   3.3000000e+01   5.0000000e+01  -1.4629284e+02   6.0776796e+01   3.8974921e+01  -3.3000000e+01  -1.6096576e+01
   3.3000000e+01   5.0000000e+01  -1.4846337e+02   5.7787141e+01   3.8848508e+01  -3.3000000e+01  -1.6653526e+01
   3.3000000e+01   5.0000000e+01  -1.5144380e+02   5.3988057e+01   3.6733650e+01  -3.3000000e+01  -1.3880997e+01
   3.3000000e+01   5.0000000e+01  -1.5410731e+02   4.9492841e+01   3.3395965e+01  -3.3000000e+01  -7.7649428e+00
   3.3000000e+01   5.0000000e+01  -1.5775405e+02   4.6174700e+01   3.0802442e+01  -3.3000000e+01   7.1834276e-01
   3.3000000e+01   5.0000000e+01  -1.5775711e+02   4.1057056e+01   2.5299493e+01  -3.3000000e+01   7.1688894e+00
   3.3000000e+01   5.0000000e+01  -1.5961720e+02   3.6708892e+01   2.0282673e+01  -3.3000000e+01   1.3231657e+01
   3.3000000e+01   5.0000000e+01  -1.6289929e+02   3.3246471e+01   1.5698950e+01  -3.3000000e+01   2.0282708e+01
   3.3000000e+01   5.0000000e+01  -1.6634060e+02   2.9135923e+01   1.1484581e+01  -3.3000000e+01   2.7629571e+01
   3.3000000e+01   5.0000000e+01  -1.6658483e+02   2.6597837e+01   7.2045833e+00  -3.3000000e+01   3.3526249e+01
   3.3000000e+01   5.0000000e+01  -1.6853873e+02   2.5052899e+01   4.8707175e+00  -3.3000000e+01   4.1737945e+01
   3.3000000e+01   5.0000000e+01  -1.6547448e+02   2.3778475e+01   3.0094243e+00  -3.3000000e+01   4.8873258e+01
   3.3000000e+01   5.0000000e+01  -1.6381457e+02   2.2211724e+01   3.1689341e-01  -3.3000000e+01   5.4476748e+01
   3.3000000e+01   5.0000000e+01  -1.6272539e+02   2.1379234e+01  -2.3646165e+00  -3.3000000e+01   5.8806200e+01
   3.3000000e+01   5.0000000e+01  -1.6279199e+02   2.1812630e+01  -4.2240868e+00  -3.3000000e+01   6.1552134e+01
   3.3000000e+01   5.0000000e+01  -1.6350227e+02   2.3890562e+01  -3.9036616e+00  -3.3000000e+01   6.1404651e+01
   3.3000000e+01   5.0000000e+01  -1.6391865e+02   2.5704595e+01  -3.2100678e+00  -3.3000000e+01   5.8930621e+01
   3.3000000e+01   5.0000000e+01  -1.6844970e+02   2.8309262e+01  -1.0269141e+00  -3.3000000e+01   5.6413668e+01
   3.3000000e+01   5.0000000e+01  -1.6724327e+02   3.0539689e+01   1.9036814e+00  -3.3000000e+01   5.3304356e+01
   3.3000000e+01   5.0000000e+01  -1.6695671e+02   3.2545774e+01   4.7530691e+00  -3.3000000e+01   5.1097029e+01
   3.3000000e+01   5.0000000e+01  -1.6437243e+02   3.3568936e+01   6.3089619e+00  -3.3000000e+01   4.7054625e+01
   3.3000000e+01   5.0000000e+01  -1.6174409e+02   3.3796719e+01   7.9757840e+00  -3.3000000e+01   4.3790562e+01
   3.3000000e+01   5.0000000e+01  -1.5933253e+02   3.5644940e+01   8.7253906e+00  -3.3000000e+01   3.9939455e+01
   3.3000000e+01   5.0000000e+01  -1.5938026e+02   3.7171142e+01   1.0227196e+01  -3.3000000e+01   3.6620082e+01
   3.3000000e+01   5.0000000e+01  -1.6062873e+02   3.9530871e+01   1.1509860e+01  -3.3000000e+01   3.3498844e+01
   3.3000000e+01   5.0000000e+01  -1.6108838e+02   4.1249646e+01   1.2614520e+01  -3.3000000e+01   3.1563594e+01
   3.3000000e+01   5.0000000e+01  -1.6054908e+02   4.3882524e+01   1.3727481e+01  -3.3000000e+01   2.9904362e+01
   3.3000000e+01   5.0000000e+01  -1.6079884e+02   4.5484884e+01   1.5015135e+01  -3.3000000e+01   2.8220616e+01
   3.3000000e+01   5.0000000e+01  -1.5997971e+02   4.6831319e+01   1.6892908e+01  -3.3000000e+01   2.5673952e+01
   3.3000000e+01   5.0000000e+01  -1.6118128e+02   4.8578602e+01   1.9407604e+01  -3.3000000e+01   2.4470576e+01
   3.3000000e+01   5.0000000e+01  -1.6041030e+02   5.1164170e+01   2.0295510e+01  -3.3000000e+01   2.0304238e+01
   3.3000000e+01   5.0000000e+01  -1.5834712e+02   5.3365390e+01   2.1785062e+01  -3.3000000e+01   1.6049005e+01
   3.3000000e+01   5.0000000e+01  -1.5763445e+02   5.4988347e+01   2.2495509e+01  -3.3000000e+01   1.2102266e+01
   3.3000000e+01   5.0000000e+01  -1.5724056e+02   5.7420314e+01   2.3634483e+01  -3.3000000e+01   9.2233965e+00
   3.3000000e+01   5.0000000e+01  -1.5507368e+02   5.9121914e+01   2.4677862e+01  -3.3000000e+01   4.6354077e+00
   3.3000000e+01   5.0000000e+01  -1.5407031e+02   6.0323444e+01   2.6006308e+01  -3.3000000e+01   2.1612156e+00
   3.3000000e+01   5.0000000e+01  -1.5330286e+02   6.1395677e+01   2.6393471e+01  -3.3000000e+01  -1.8768339e+00
   3.3000000e+01   5.0000000e+01  -1.5129844e+02   6.2609644e+01   2.7860177e+01  -3.3000000e+01  -5.4807287e+00
   3.3000000e+01   5.0000000e+01  -1.4886222e+02   6.3708860e+01   2.9526082e+01  -3.3000000e+01  -8.4898539e+00
   3.3000000e+01   5.0000000e+01  -1.4819340e+02   6.4638479e+01   2.9798259e+01  -3.3000000e+01  -1.1090016e+01
   3.3000000e+01   5.0000000e+01  -1.4607937e+02   6.5482587e+01   3.0961796e+01  -3.3000000e+01  -1.4613756e+01
   3.3000000e+01   5.0000000e+01  -1.4613501e+02   6.7028418e+01   3.1975970e+01  -3.3000000e+01  -1.8185063e+01
   3.3000000e+01   5.0000000e+01  -1.4553507e+02   6.8234536e+01   3.3970138e+01  -3.3000000e+01  -2.0593012e+01
   3.3000000e+01   5.0000000e+01  -1.4482499e+02   6.8293757e+01   3.5725292e+01  -3.3000000e+01  -2.0632426e+01
   3.3000000e+01   5.0000000e+01  -1.4520424e+02   6.7754366e+01   3.6938329e+01  -3.3000000e+01  -1.9473669e+01
   3.3000000e+01   5.0000000e+01  -1.4756871e+02   6.5477369e+01   3.7251575e+01  -3.3000000e+01  -1.6296897e+01
   3.3000000e+01   5.0000000e+01  -1.4955986e+02   6.1776408e+01   3.5976359e+01  -3.3000000e+01  -1.1362676e+01
   3.3000000e+01   5.0000000e+01  -1.5258354e+02   5.7808334e+01   3.3616999e+01  -3.3000000e+01  -4.7835898e+00
   3.3000000e+01   5.0000000e+01  -1.5504090e+02   5.2563228e+01   2.9669112e+01  -3.3000000e+01   2.2565701e+00
   3.3000000e+01   5.0000000e+01  -1.5814522e+02   4.7109827e+01   2.5490565e+01  -3.3000000e+01   1.0336100e+01
   3.3000000e+01   5.0000000e+01  -1.5785173e+02   3.9979670e+01   2.1316541e+01  -3.3000000e+01   1.6760300e+01
   3.3000000e+01   5.0000000e+01  -1.5924790e+02   3.5038199e+01   1.6910855e+01  -3.3000000e+01   2.3306362e+01
   3.3000000e+01   5.0000000e+01  -1.6015145e+02   3.0560341e+01   1.3464485e+01  -3.3000000e+01   2.9838424e+01
   3.3000000e+01   5.0000000e+01  -1.6248062e+02   2.7051347e+01   1.1091354e+01  -3.3000000e+01   3.8109542e+01
   3.3000000e+01   5.0000000e+01  -1.6243563e+02   2.5116265e+01   9.2515662e+00  -3.3000000e+01   4.6441195e+01
   3.3000000e+01   5.0000000e+01  -1.6456275e+02   2.2766154e+01   6.9110846e+00  -3.3000000e+01   5.3200883e+01
   3.3000000e+01   5.0000000e+01  -1.6402630e+02   2.1439601e+01   5.1692824e+00  -3.3000000e+01   5.8451055e+01
   3.3000000e+01   5.0000000e+01  -1.6392542e+02   2.0864740e+01   3.1799515e+00  -3.3000000e+01   6.0817620e+01
   3.3000000e+01   5.0000000e+01  -1.6351133e+02   2.1101640e+01   1.2880477e+00  -3.3000000e+01   6.2050678e+01
   3.3000000e+01   5.0000000e+01  -1.6333296e+02   2.1931662e+01  -1.8224313e-01  -3.3000000e+01   6.1435484e+01
   3.3000000e+01   5.0000000e+01  -1.6404244e+02   2.3711163e+01  -9.0839067e-02  -3.3000000e+01   6.0301367e+01
   3.3000000e+01   5.0000000e+01  -1.6254699e+02   2.4819190e+01   1.3565540e+00  -3.3000000e+01   5.9323082e+01
   3.3000000e+01   5.0000000e+01  -1.6127610e+02   2.5873147e+01   3.1872182e+00  -3.3000000e+01   5.7554042e+01
   3.3000000e+01   5.0000000e+01  -1.6064496e+02   2.7781210e+01   4.5910494e+00  -3.3000000e+01   5.4787442e+01
   3.3000000e+01   5.0000000e+01  -1.6021234e+02   2.9041375e+01   5.9247736e+00  -3.3000000e+01   5.1547682e+01
   3.3000000e+01   5.0000000e+01  -1.5925457e+02   2.9988609e+01   6.9522974e+00  -3.3000000e+01   4.9321451e+01
   3.3000000e+01   5.0000000e+01  -1.5799327e+02   3.0660638e+01   7.5637402e+00  -3.3000000e+01   4.6156148e+01
   3.3000000e+01   5.0000000e+01  -1.5838405e+02   3.2011052e+01   8.5499324e+00  -3.3000000e+01   4.2719755e+01
   3.3000000e+01   5.0000000e+01  -1.5922250e+02   3.4946767e+01   9.9971211e+00  -3.3000000e+01   4.0427197e+01
   3.3000000e+01   5.0000000e+01  -1.5791985e+02   3.6180948e+01   1.2698516e+01  -3.3000000e+01   3.8025966e+01
   3.3000000e+01   5.0000000e+01  -1.5692666e+02   3.7341541e+01   1.3976013e+01  -3.3000000e+01   3.5070459e+01
   3.3000000e+01   5.0000000e+01  -1.5858327e+02   3.9546500e+01   1.6309239e+01  -3.3000000e+01   3.2659183e+01
   3.3000000e+01   5.0000000e+01  -1.5795641e+02   4.1886055e+01   1.7372477e+01  -3.3000000e+01   3.0722462e+01
   3.3000000e+01   5.0000000e+01  -1.5998494e+02   4.4109471e+01   1.9159622e+01  -3.3000000e+01   2.7969999e+01
   3.3000000e+01   5.0000000e+01  -1.5775473e+02   4.5943411e+01   1.9900147e+01  -3.3000000e+01   2.4368175e+01
   3.3000000e+01   5.0000000e+01  -1.5505156e+02   4.6706317e+01   2.0566732e+01  -3.3000000e+01   2.1371175e+01
   3.3000000e+01   5.0000000e+01  -1.5304515e+02   4.8150049e+01   2.1868964e+01  -3.3000000e+01   1.8080347e+01
   3.3000000e+01   5.0000000e+01  -1.5377980e+02   5.0895090e+01   2.3113263e+01  -3.3000000e+01   1.4307800e+01
   3.3000000e+01   5.0000000e+01  -1.5603278e+02   5.3881440e+01   2.4181058e+01  -3.3000000e+01   1.1545984e+01
   3.3000000e+01   5.0000000e+01  -1.5465538e+02   5.7126849e+01   2.5985269e+01  -3.3000000e+01   7.8820012e+00
   3.3000000e+01   5.0000000e+01  -1.5400078e+02   5.9158004e+01   2.7140868e+01  -3.3000000e+01   3.9879245e+00
   3.3000000e+01   5.0000000e+01  -1.5335782e+02   6.1210167e+01   2.8768551e+01  -3.3000000e+01   8.5541646e-01
   3.3000000e+01   5.0000000e+01  -1.5077130e+02   6.2584601e+01   3.0451235e+01  -3.3000000e+01  -3.0100595e+00
   3.3000000e+01   5.0000000e+01  -1.4948981e+02   6.3938041e+01   3.1962223e+01  -3.3000000e+01  -6.2241834e+00
   3.3000000e+01   5.0000000e+01  -1.4769525e+02   6.5593285e+01   3.4104100e+01  -3.3000000e+01  -9.7122557e+00
   3.3000000e+01   5.0000000e+01  -1.4715733e+02   6.7149342e+01   3.5746199e+01  -3.3000000e+01  -1.2726547e+01
   3.3000000e+01   5.0000000e+01  -1.4585703e+02   6.7664459e+01   3.8072482e+01  -3.3000000e+01  -1.3279402e+01
   3.3000000e+01   5.0000000e+01  -1.4409766e+02   6.7672805e+01   4.0032048e+01  -3.3000000e+01  -1.4849691e+01
   3.3000000e+01   5.0000000e+01  -1.4277857e+02   6.7244989e+01   4.1715675e+01  -3.3000000e+01  -1.5606963e+01
   3.3000000e+01   5.0000000e+01  -1.4296903e+02   6.5995064e+01   4.2061890e+01  -3.3000000e+01  -1.8989368e+01
   3.3000000e+01   5.0000000e+01  -1.4458953e+02   6.3908220e+01   4.2373633e+01  -3.3000000e+01  -2.1530060e+01
   3.3000000e+01   5.0000000e+01  -1.4830342e+02   6.2122283e+01   4.3231008e+01  -3.3000000e+01  -2.1985824e+01
   3.3000000e+01   5.0000000e+01  -1.5032122e+02   5.9549599e+01   4.3606361e+01  -3.3000000e+01  -2.1329701e+01
   3.3000000e+01   5.0000000e+01  -1.5234191e+02   5.6664492e+01   4.2048673e+01  -3.3000000e+01  -1.8725843e+01
   3.3000000e+01   5.0000000e+01  -1.5519664e+02   5.2882626e+01   3.9452413e+01  -3.3000000e+01  -1.3821587e+01
   3.3000000e+01   5.0000000e+01  -1.5673736e+02   4.8754550e+01   3.6943713e+01  -3.3000000e+01  -6.9335871e+00
   3.3000000e+01   5.0000000e+01  -1.5800471e+02   4.4278866e+01   3.3302403e+01  -3.3000000e+01  -1.0312024e+00
   3.3000000e+01   5.0000000e+01  -1.5983876e+02   3.9573551e+01   2.8325345e+01  -3.3000000e+01   6.4253871e+00
   3.3000000e+01   5.0000000e+01  -1.6240576e+02   3.5155165e+01   2.2286195e+01  -3.3000000e+01   1.4368624e+01
   3.3000000e+01   5.0000000e+01  -1.6567227e+02   3.3200299e+01   1.7493099e+01  -3.3000000e+01   2.2001567e+01
   3.3000000e+01   5.0000000e+01  -1.6642288e+02   2.8888144e+01   1.3979355e+01  -3.3000000e+01   2.9157161e+01
   3.3000000e+01   5.0000000e+01  -1.6701617e+02   2.6771203e+01   9.1212976e+00  -3.3000000e+01   3.5319599e+01
   3.3000000e+01   5.0000000e+01  -1.6930991e+02   2.4790490e+01   5.1511655e+00  -3.3000000e+01   4.0539769e+01
   3.3000000e+01   5.0000000e+01  -1.6768814e+02   2.3668599e+01   2.3715605e+00  -3.3000000e+01   4.5812976e+01
   3.3000000e+01   5.0000000e+01  -1.6773951e+02   2.2874903e+01   1.7421415e-01  -3.3000000e+01   5.0925844e+01
   3.3000000e+01   5.0000000e+01  -1.6562800e+02   2.2633623e+01  -1.3324114e+00  -3.3000000e+01   5.5826604e+01
   3.3000000e+01   5.0000000e+01  -1.6429834e+02   2.1820987e+01  -2.7597357e+00  -3.3000000e+01   6.0288701e+01
   3.3000000e+01   5.0000000e+01  -1.6216799e+02   2.2026157e+01  -3.5429117e+00  -3.3000000e+01   6.1512853e+01
   3.3000000e+01   5.0000000e+01  -1.6209312e+02   2.3279245e+01  -3.7203064e+00  -3.3000000e+01   5.9806608e+01
   3.3000000e+01   5.0000000e+01  -1.6242120e+02   2.5081431e+01  -2.5753115e+00  -3.3000000e+01   5.7861397e+01
   3.3000000e+01   5.0000000e+01  -1.6088513e+02   2.5840221e+01  -1.3233236e+00  -3.3000000e+01   5.4689939e+01
   3.3000000e+01   5.0000000e+01  -1.6106587e+02   2.7287829e+01   3.5717745e-02  -3.3000000e+01   5.2336272e+01
   3.3000000e+01   5.0000000e+01  -1.6087325e+02   2.9022062e+01   1.4861749e+00  -3.3000000e+01   4.9989394e+01
   3.3000000e+01   5.0000000e+01  -1.6150470e+02   3.0779890e+01   4.1103512e+00  -3.3000000e+01   4.8323367e+01
   3.3000000e+01   5.0000000e+01  -1.6011617e+02   3.1611091e+01   5.3606396e+00  -3.3000000e+01   4.6227426e+01
   3.3000000e+01   5.0000000e+01  -1.5929595e+02   3.1770856e+01   6.7540712e+00  -3.3000000e+01   4.3400983e+01
   3.3000000e+01   5.0000000e+01  -1.6197197e+02   3.5495415e+01   8.5023635e+00  -3.3000000e+01   4.1283696e+01
   3.3000000e+01   5.0000000e+01  -1.6218102e+02   3.7008793e+01   1.1163366e+01  -3.3000000e+01   3.8925451e+01
   3.3000000e+01   5.0000000e+01  -1.6179635e+02   3.8420270e+01   1.2115734e+01  -3.3000000e+01   3.6234053e+01
   3.3000000e+01   5.0000000e+01  -1.6256230e+02   3.9518702e+01   1.2793054e+01  -3.3000000e+01   3.4104438e+01
   3.3000000e+01   5.0000000e+01  -1.5994164e+02   3.9536733e+01   1.4347681e+01  -3.3000000e+01   3.2136218e+01
   3.3000000e+01   5.0000000e+01  -1.6035591e+02   4.1434479e+01   1.5817769e+01  -3.3000000e+01   3.1458611e+01
   3.3000000e+01   5.0000000e+01  -1.6004271e+02   4.3159890e+01   1.6668567e+01  -3.3000000e+01   2.9104729e+01
   3.3000000e+01   5.0000000e+01  -1.5907151e+02   4.4635935e+01   1.7828825e+01  -3.3000000e+01   2.6200251e+01
   3.3000000e+01   5.0000000e+01  -1.5664575e+02   4.5325337e+01   1.9026798e+01  -3.3000000e+01   2.4250410e+01
   3.3000000e+01   5.0000000e+01  -1.5403145e+02   4.5685614e+01   1.9900418e+01  -3.3000000e+01   2.2610996e+01
   3.3000000e+01   5.0000000e+01  -1.5431304e+02   4.7169948e+01   2.0565864e+01  -3.3000000e+01   1.9538878e+01
   3.3000000e+01   5.0000000e+01  -1.5370349e+02   4.8768817e+01   2.0982995e+01  -3.3000000e+01   1.6541132e+01
   3.3000000e+01   5.0000000e+01  -1.5493946e+02   5.0840506e+01   2.2335346e+01  -3.3000000e+01   1.4887490e+01
   3.3000000e+01   5.0000000e+01  -1.5643495e+02   5.2728720e+01   2.3041353e+01  -3.3000000e+01   1.2922100e+01
   3.3000000e+01   5.0000000e+01  -1.5562378e+02   5.4300971e+01   2.3783661e+01  -3.3000000e+01   1.0236862e+01
   3.3000000e+01   5.0000000e+01  -1.5348388e+02   5.5620528e+01   2.4070391e+01  -3.3000000e+01   6.1783939e+00
