  -1.7307510e+02   1.6607586e+02   1.5941892e+01   1.7252293e+02   3.2694059e+01   3.8138795e+01  -1.9155921e+02
  -1.7321304e+02   1.6855595e+02   1.2387764e+01   1.7659142e+02   3.4565053e+01   3.2484056e+01  -1.8953612e+02
  -1.7000000e+02   1.6900000e+02   1.0376307e+01   1.8159422e+02   3.8654285e+01   2.6000000e+01  -1.8728513e+02
  -1.7000000e+02   1.6900000e+02   7.4627784e+00   1.7866886e+02   4.0350931e+01   2.6000000e+01  -1.8588852e+02
  -1.7000000e+02   1.6900000e+02   4.3826153e+00   1.7554310e+02   4.0932747e+01   2.6000000e+01  -1.8414700e+02
  -1.7000000e+02   1.6900000e+02   2.7775589e+00   1.7289253e+02   4.1748339e+01   2.6000000e+01  -1.8366536e+02
  -1.7000000e+02   1.6900000e+02   4.3732051e-02   1.6920541e+02   3.9982940e+01   2.6000000e+01  -1.8098897e+02
  -1.7000000e+02   1.6900000e+02  -9.6265467e-01   1.6528786e+02   4.0040013e+01   2.6000000e+01  -1.8341244e+02
  -1.7000000e+02   1.6900000e+02  -3.0987178e+00   1.6224635e+02   3.7848032e+01   2.6000000e+01  -1.8338482e+02
  -1.7000000e+02   1.6900000e+02  -1.9982183e+00   1.6385439e+02   3.6711699e+01   2.6000000e+01  -1.8339318e+02
  -1.7000000e+02   1.6900000e+02  -4.2362716e-01   1.6567498e+02   3.5671697e+01   2.6000000e+01  -1.8769487e+02
  -1.7000000e+02   1.6900000e+02   6.2860981e-01   1.6687854e+02   3.4082314e+01   2.6000000e+01  -1.8909410e+02
  -1.7000000e+02   1.6900000e+02   1.9855078e+00   1.6805693e+02   3.2168349e+01   2.6000000e+01  -1.8938029e+02
  -1.7000000e+02   1.6900000e+02   3.3312157e+00   1.6948236e+02   3.0618873e+01   2.6000000e+01  -1.9375231e+02
  -1.7000000e+02   1.6900000e+02   4.5344217e+00   1.7038792e+02   2.9387136e+01   2.6000000e+01  -1.9617155e+02
  -1.7000000e+02   1.6900000e+02   5.8678782e+00   1.7124497e+02   2.8512158e+01   2.6000000e+01  -1.9808677e+02
  -1.7000000e+02   1.6900000e+02   6.8076379e+00   1.7263206e+02   2.7222759e+01   2.6000000e+01  -2.0006807e+02
  -1.7000000e+02   1.6900000e+02   7.3194663e+00   1.7345899e+02   2.5498278e+01   2.6000000e+01  -1.9901312e+02
  -1.7000000e+02   1.6900000e+02   7.6373882e+00   1.7447442e+02   2.3199062e+01   2.6000000e+01  -2.0021457e+02
  -1.7000000e+02   1.6900000e+02   8.4576735e+00   1.7500295e+02   2.1546946e+01   2.6000000e+01  -1.9976663e+02
  -1.7000000e+02   1.6900000e+02   8.9301160e+00   1.7561504e+02   2.0175393e+01   2.6000000e+01  -2.0065940e+02
  -1.7000000e+02   1.6900000e+02   9.4734499e+00   1.7542944e+02   1.8749618e+01   2.6000000e+01  -1.9999940e+02
  -1.7000000e+02   1.6900000e+02   1.0906522e+01   1.7577370e+02   1.7941776e+01   2.6000000e+01  -2.0102302e+02
  -1.7000000e+02   1.6900000e+02   1.1424663e+01   1.7570826e+02   1.5912845e+01   2.6000000e+01  -2.0032075e+02
  -1.7000000e+02   1.6900000e+02   1.2166253e+01   1.7586903e+02   1.4464120e+01   2.6000000e+01  -1.9970277e+02
  -1.7000000e+02   1.6900000e+02   1.3140777e+01   1.7548964e+02   1.2857027e+01   2.6000000e+01  -1.9816364e+02
  -1.7000000e+02   1.6900000e+02   1.4326377e+01   1.7478445e+02   1.1613901e+01   2.6000000e+01  -1.9825028e+02
  -1.7000000e+02   1.6900000e+02   1.5769743e+01   1.7434024e+02   1.1069341e+01   2.6000000e+01  -1.9728621e+02
  -1.7000000e+02   1.6900000e+02   1.6211688e+01   1.7342993e+02   9.7793667e+00   2.6000000e+01  -1.9732686e+02
  -1.7000000e+02   1.6900000e+02   1.6361178e+01   1.7298897e+02   7.9315488e+00   2.6000000e+01  -1.9583345e+02
  -1.7000000e+02   1.6900000e+02   1.5967380e+01   1.7184329e+02   4.9132193e+00   2.6000000e+01  -1.9441623e+02
  -1.7000000e+02   1.6900000e+02   1.6430022e+01   1.7045078e+02   2.8221175e+00   2.6000000e+01  -1.9295042e+02
  -1.7000000e+02   1.6900000e+02   1.7372592e+01   1.6994537e+02   1.4977763e+00   2.6000000e+01  -1.8882764e+02
  -1.7000000e+02   1.6900000e+02   1.8659047e+01   1.6900333e+02   1.5324491e-01   2.6000000e+01  -1.8624771e+02
  -1.7000000e+02   1.6900000e+02   2.0212286e+01   1.6766970e+02  -9.3920119e-02   2.6000000e+01  -1.8364018e+02
  -1.7000000e+02   1.6900000e+02   2.0027427e+01   1.6614351e+02  -1.8693108e+00   2.6000000e+01  -1.8219420e+02
  -1.7000000e+02   1.6900000e+02   2.0432449e+01   1.6579126e+02  -2.9258562e+00   2.6000000e+01  -1.8112996e+02
  -1.7000000e+02   1.6900000e+02   1.8931984e+01   1.6974349e+02  -4.7356066e+00   2.6000000e+01  -1.8106138e+02
  -1.7000000e+02   1.6900000e+02   1.9061601e+01   1.7855092e+02  -1.2134578e+00   2.6000000e+01  -1.8263717e+02
  -1.7000000e+02   1.6900000e+02   1.7660396e+01   1.8450933e+02   3.1259952e+00   2.6000000e+01  -1.7930381e+02
  -1.7000000e+02   1.6900000e+02   1.6461387e+01   1.8804603e+02   7.3183835e+00   2.6000000e+01  -1.7731033e+02
  -1.7000000e+02   1.6900000e+02   1.7508832e+01   1.9111917e+02   1.3218161e+01   2.6000000e+01  -1.8306177e+02
  -1.7000000e+02   1.6900000e+02   1.7109747e+01   1.9102938e+02   1.9596674e+01   2.6000000e+01  -1.8643698e+02
  -1.7000000e+02   1.6900000e+02   1.6736982e+01   1.9007878e+02   2.6654633e+01   2.6000000e+01  -1.8755652e+02
  -1.7000000e+02   1.6900000e+02   1.5715930e+01   1.8768786e+02   3.1709399e+01   2.6000000e+01  -1.8914064e+02
  -1.7000000e+02   1.6900000e+02   1.3737091e+01   1.8584161e+02   3.5027388e+01   2.6000000e+01  -1.8613452e+02
  -1.7000000e+02   1.6900000e+02   1.1676614e+01   1.8423544e+02   3.6544525e+01   2.6000000e+01  -1.8444552e+02
  -1.7000000e+02   1.6900000e+02   9.0183248e+00   1.8180678e+02   3.6908443e+01   2.6000000e+01  -1.8239209e+02
  -1.7000000e+02   1.6900000e+02   6.2673602e+00   1.7735732e+02   3.7681160e+01   2.6000000e+01  -1.8254460e+02
  -1.7000000e+02   1.6900000e+02   2.6644503e+00   1.7254221e+02   3.6626607e+01   2.6000000e+01  -1.8318671e+02
  -1.7000000e+02   1.6900000e+02   5.2598026e-01   1.6994629e+02   3.5689911e+01   2.6000000e+01  -1.8095493e+02
  -1.7000000e+02   1.6900000e+02  -3.3482935e-01   1.6724184e+02   3.7308606e+01   2.6000000e+01  -1.8361577e+02
  -1.7000000e+02   1.6900000e+02  -7.6786563e-01   1.6632544e+02   3.7604882e+01   2.6000000e+01  -1.8327137e+02
  -1.7000000e+02   1.6900000e+02  -9.7610337e-01   1.6563885e+02   3.7124952e+01   2.6000000e+01  -1.8754004e+02
  -1.7000000e+02   1.6900000e+02   7.6883811e-01   1.6755803e+02   3.5763006e+01   2.6000000e+01  -1.9056061e+02
  -1.7000000e+02   1.6900000e+02   2.1123792e+00   1.6985784e+02   3.4152682e+01   2.6000000e+01  -1.9205278e+02
  -1.7000000e+02   1.6900000e+02   3.3915144e+00   1.7123624e+02   3.2536780e+01   2.6000000e+01  -1.9604041e+02
  -1.7000000e+02   1.6900000e+02   4.1909877e+00   1.7218626e+02   3.1156857e+01   2.6000000e+01  -1.9774431e+02
  -1.7000000e+02   1.6900000e+02   5.6262067e+00   1.7419212e+02   2.9561052e+01   2.6000000e+01  -2.0068155e+02
  -1.7000000e+02   1.6900000e+02   6.2556368e+00   1.7520031e+02   2.7478962e+01   2.6000000e+01  -2.0231581e+02
  -1.7000000e+02   1.6900000e+02   7.5182967e+00   1.7670062e+02   2.6225310e+01   2.6000000e+01  -2.0312965e+02
  -1.7000000e+02   1.6900000e+02   7.9186481e+00   1.7772486e+02   2.4142230e+01   2.6000000e+01  -2.0111894e+02
  -1.7000000e+02   1.6900000e+02   9.3651847e+00   1.7864133e+02   2.2798086e+01   2.6000000e+01  -2.0298896e+02
  -1.7000000e+02   1.6900000e+02   1.0130808e+01   1.7900809e+02   2.1745580e+01   2.6000000e+01  -2.0290191e+02
  -1.7000000e+02   1.6900000e+02   1.0905501e+01   1.7897989e+02   2.0531464e+01   2.6000000e+01  -2.0392899e+02
  -1.7000000e+02   1.6900000e+02   1.1435794e+01   1.7873858e+02   1.8986530e+01   2.6000000e+01  -2.0479734e+02
  -1.7000000e+02   1.6900000e+02   1.1607382e+01   1.7907120e+02   1.6807750e+01   2.6000000e+01  -2.0369892e+02
  -1.7000000e+02   1.6900000e+02   1.1923627e+01   1.7879948e+02   1.5296807e+01   2.6000000e+01  -2.0324950e+02
  -1.7000000e+02   1.6900000e+02   1.2228146e+01   1.7862414e+02   1.3765739e+01   2.6000000e+01  -2.0274829e+02
  -1.7000000e+02   1.6900000e+02   1.3701327e+01   1.7802005e+02   1.3164659e+01   2.6000000e+01  -2.0225894e+02
  -1.7000000e+02   1.6900000e+02   1.4497757e+01   1.7749286e+02   1.1824613e+01   2.6000000e+01  -2.0219855e+02
  -1.7000000e+02   1.6900000e+02   1.5136862e+01   1.7679713e+02   1.0560695e+01   2.6000000e+01  -2.0084001e+02
  -1.7000000e+02   1.6900000e+02   1.5795152e+01   1.7580033e+02   9.1967114e+00   2.6000000e+01  -1.9928800e+02
  -1.7000000e+02   1.6900000e+02   1.6122040e+01   1.7534466e+02   7.0832500e+00   2.6000000e+01  -1.9796582e+02
  -1.7000000e+02   1.6900000e+02   1.6767443e+01   1.7546453e+02   5.3323357e+00   2.6000000e+01  -1.9693877e+02
  -1.7000000e+02   1.6900000e+02   1.7516024e+01   1.7455097e+02   3.5892809e+00   2.6000000e+01  -1.9508227e+02
  -1.7000000e+02   1.6900000e+02   1.8497709e+01   1.7294619e+02   2.5322460e+00   2.6000000e+01  -1.9126224e+02
  -1.7000000e+02   1.6900000e+02   1.8838144e+01   1.7139029e+02   6.1794911e-01   2.6000000e+01  -1.8934757e+02
  -1.7000000e+02   1.6900000e+02   1.9962941e+01   1.6993357e+02  -9.8915621e-01   2.6000000e+01  -1.8603522e+02
  -1.7000000e+02   1.6900000e+02   2.0464126e+01   1.6892646e+02  -2.3843863e+00   2.6000000e+01  -1.8332548e+02
  -1.7000000e+02   1.6900000e+02   2.0782758e+01   1.6826796e+02  -3.5778845e+00   2.6000000e+01  -1.8267943e+02
  -1.7000000e+02   1.6900000e+02   1.9383111e+01   1.6965635e+02  -5.0602139e+00   2.6000000e+01  -1.8158309e+02
  -1.7000000e+02   1.6900000e+02   1.8720681e+01   1.7820199e+02  -2.2862098e+00   2.6000000e+01  -1.8110007e+02
  -1.7000000e+02   1.6900000e+02   1.7396905e+01   1.8528327e+02   8.8966257e-01   2.6000000e+01  -1.7847229e+02
  -1.7000000e+02   1.6900000e+02   1.6004528e+01   1.8987733e+02   6.5122019e+00   2.6000000e+01  -1.7663814e+02
  -1.7000000e+02   1.6900000e+02   1.5080337e+01   1.9226611e+02   1.1972705e+01   2.6000000e+01  -1.7798696e+02
  -1.7000000e+02   1.6900000e+02   1.3983129e+01   1.9167431e+02   1.9001413e+01   2.6000000e+01  -1.7853857e+02
  -1.7000000e+02   1.6900000e+02   1.3464674e+01   1.9041978e+02   2.6663995e+01   2.6000000e+01  -1.7782662e+02
  -1.7000000e+02   1.6900000e+02   1.2052221e+01   1.8722365e+02   3.3424075e+01   2.6000000e+01  -1.7769331e+02
  -1.7000000e+02   1.6900000e+02   9.1663024e+00   1.8237173e+02   3.5376197e+01   2.6000000e+01  -1.7318197e+02
  -1.7000000e+02   1.6900000e+02   5.8551399e+00   1.7804162e+02   3.6542221e+01   2.6000000e+01  -1.7079569e+02
  -1.7000000e+02   1.6900000e+02   3.1094751e+00   1.7401164e+02   3.7980663e+01   2.6000000e+01  -1.7194625e+02
  -1.7000000e+02   1.6900000e+02   6.9138958e-01   1.7065199e+02   3.8465218e+01   2.6000000e+01  -1.6960569e+02
  -1.7000000e+02   1.6900000e+02  -1.5846784e+00   1.6636255e+02   3.9075268e+01   2.6000000e+01  -1.6777955e+02
  -1.7000000e+02   1.6900000e+02  -3.3959340e+00   1.6258286e+02   3.8153881e+01   2.6000000e+01  -1.6799140e+02
  -1.7000000e+02   1.6900000e+02  -4.7387386e+00   1.6042508e+02   3.8151002e+01   2.6000000e+01  -1.6743099e+02
  -1.7000000e+02   1.6900000e+02  -5.4035982e+00   1.5936127e+02   3.7728452e+01   2.6000000e+01  -1.6671967e+02
  -1.7000000e+02   1.6900000e+02  -7.5944163e+00   1.5522723e+02   3.7285041e+01   2.6000000e+01  -1.6666538e+02
  -1.7000000e+02   1.6900000e+02  -8.0538844e+00   1.5443782e+02   3.6250290e+01   2.6000000e+01  -1.6847922e+02
  -1.7000000e+02   1.6900000e+02  -6.4488935e+00   1.5618656e+02   3.6447951e+01   2.6000000e+01  -1.7350726e+02
  -1.7000000e+02   1.6900000e+02  -4.5313791e+00   1.5902065e+02   3.5971728e+01   2.6000000e+01  -1.7975032e+02
  -1.7000000e+02   1.6900000e+02  -3.0162911e+00   1.6115199e+02   3.5516799e+01   2.6000000e+01  -1.8160850e+02
  -1.7000000e+02   1.6900000e+02  -1.8439736e+00   1.6327550e+02   3.4630136e+01   2.6000000e+01  -1.8473397e+02
  -1.7000000e+02   1.6900000e+02  -1.9438905e-01   1.6522160e+02   3.3932658e+01   2.6000000e+01  -1.8881627e+02
  -1.7000000e+02   1.6900000e+02   1.3388991e+00   1.6682314e+02   3.3153516e+01   2.6000000e+01  -1.9341985e+02
  -1.7000000e+02   1.6900000e+02   2.7146314e+00   1.6872592e+02   3.1601838e+01   2.6000000e+01  -1.9567892e+02
  -1.7000000e+02   1.6900000e+02   3.8464268e+00   1.7017527e+02   3.0570000e+01   2.6000000e+01  -1.9792466e+02
  -1.7000000e+02   1.6900000e+02   5.2567518e+00   1.7183937e+02   2.9604986e+01   2.6000000e+01  -1.9939645e+02
  -1.7000000e+02   1.6900000e+02   6.5456415e+00   1.7436493e+02   2.8342293e+01   2.6000000e+01  -2.0240942e+02
  -1.7000000e+02   1.6900000e+02   7.4832881e+00   1.7586740e+02   2.7104293e+01   2.6000000e+01  -2.0317474e+02
  -1.7000000e+02   1.6900000e+02   8.3959823e+00   1.7745557e+02   2.5978575e+01   2.6000000e+01  -2.0538637e+02
  -1.7000000e+02   1.6900000e+02   9.4452968e+00   1.7887707e+02   2.5339483e+01   2.6000000e+01  -2.0781380e+02
  -1.7000000e+02   1.6900000e+02   1.0026509e+01   1.7890941e+02   2.4420939e+01   2.6000000e+01  -2.0724196e+02
  -1.7000000e+02   1.6900000e+02   1.0200097e+01   1.7938788e+02   2.3083590e+01   2.6000000e+01  -2.0675293e+02
  -1.7000000e+02   1.6900000e+02   1.1300122e+01   1.8020943e+02   2.2602155e+01   2.6000000e+01  -2.0804733e+02
  -1.7000000e+02   1.6900000e+02   1.1442801e+01   1.8102003e+02   2.1467423e+01   2.6000000e+01  -2.0815293e+02
  -1.7000000e+02   1.6900000e+02   1.4130863e+01   1.8186612e+02   2.1584803e+01   2.6000000e+01  -2.0986262e+02
  -1.7000000e+02   1.6900000e+02   1.4964319e+01   1.8245196e+02   2.0262643e+01   2.6000000e+01  -2.1021583e+02
  -1.7000000e+02   1.6900000e+02   1.5123346e+01   1.8314727e+02   1.8435385e+01   2.6000000e+01  -2.0977319e+02
  -1.7000000e+02   1.6900000e+02   1.5160826e+01   1.8316632e+02   1.6703172e+01   2.6000000e+01  -2.1046140e+02
  -1.7000000e+02   1.6900000e+02   1.5236150e+01   1.8294981e+02   1.5236767e+01   2.6000000e+01  -2.1055702e+02
  -1.7000000e+02   1.6900000e+02   1.6122615e+01   1.8306999e+02   1.4496782e+01   2.6000000e+01  -2.1091818e+02
  -1.7000000e+02   1.6900000e+02   1.6765395e+01   1.8271895e+02   1.3961887e+01   2.6000000e+01  -2.1053377e+02
  -1.7000000e+02   1.6900000e+02   1.7545718e+01   1.8243649e+02   1.3296398e+01   2.6000000e+01  -2.0952933e+02
  -1.7000000e+02   1.6900000e+02   1.7443842e+01   1.8233583e+02   1.2011523e+01   2.6000000e+01  -2.0774826e+02
  -1.7000000e+02   1.6900000e+02   1.7439152e+01   1.8126162e+02   1.0692831e+01   2.6000000e+01  -2.0713687e+02
  -1.7000000e+02   1.6900000e+02   1.7639113e+01   1.8062300e+02   9.3074086e+00   2.6000000e+01  -2.0659550e+02
  -1.7000000e+02   1.6900000e+02   1.8295338e+01   1.7979998e+02   8.2255690e+00   2.6000000e+01  -2.0570142e+02
  -1.7000000e+02   1.6900000e+02   1.8204197e+01   1.7986270e+02   6.5029052e+00   2.6000000e+01  -2.0433681e+02
  -1.7000000e+02   1.6900000e+02   1.7852024e+01   1.8002805e+02   4.9518761e+00   2.6000000e+01  -2.0360135e+02
  -1.7000000e+02   1.6900000e+02   1.7610992e+01   1.8227950e+02   5.0851967e+00   2.6000000e+01  -2.0192688e+02
  -1.7000000e+02   1.6900000e+02   1.8020305e+01   1.8807887e+02   7.9336018e+00   2.6000000e+01  -2.0324856e+02
  -1.7000000e+02   1.6900000e+02   1.8883819e+01   1.9319178e+02   1.1796665e+01   2.6000000e+01  -2.0102140e+02
  -1.7000000e+02   1.6900000e+02   1.8756716e+01   1.9528161e+02   1.7369403e+01   2.6000000e+01  -2.0174503e+02
  -1.7000000e+02   1.6900000e+02   1.7717832e+01   1.9537419e+02   2.3098631e+01   2.6000000e+01  -1.9968115e+02
  -1.7000000e+02   1.6900000e+02   1.7732776e+01   1.9540520e+02   2.8277968e+01   2.6000000e+01  -1.9591171e+02
  -1.7000000e+02   1.6900000e+02   1.5614584e+01   1.8911714e+02   3.3112810e+01   2.6000000e+01  -1.9402895e+02
  -1.7000000e+02   1.6900000e+02   1.1470844e+01   1.8401869e+02   3.5841113e+01   2.6000000e+01  -1.8715576e+02
  -1.7000000e+02   1.6900000e+02   7.6279995e+00   1.7932744e+02   3.8386754e+01   2.6000000e+01  -1.8452926e+02
  -1.7000000e+02   1.6900000e+02   3.9494399e+00   1.7537829e+02   4.0412557e+01   2.6000000e+01  -1.8366588e+02
  -1.7000000e+02   1.6900000e+02   2.4661136e+00   1.7339932e+02   4.0942693e+01   2.6000000e+01  -1.7909649e+02
  -1.7000000e+02   1.6900000e+02   9.0315965e-01   1.7051644e+02   4.0383075e+01   2.6000000e+01  -1.7938707e+02
  -1.7000000e+02   1.6900000e+02   4.1258341e-01   1.6793063e+02   3.9254601e+01   2.6000000e+01  -1.7610165e+02
  -1.7000000e+02   1.6900000e+02  -1.7210206e-02   1.6615368e+02   3.7430454e+01   2.6000000e+01  -1.7575308e+02
  -1.7000000e+02   1.6900000e+02  -1.5409376e+00   1.6417687e+02   3.5168785e+01   2.6000000e+01  -1.7524381e+02
  -1.7000000e+02   1.6900000e+02  -2.2988308e+00   1.6186152e+02   3.4225942e+01   2.6000000e+01  -1.7604847e+02
  -1.7000000e+02   1.6900000e+02  -2.4446907e+00   1.6052602e+02   3.2736644e+01   2.6000000e+01  -1.7987966e+02
  -1.7000000e+02   1.6900000e+02  -1.5555134e+00   1.6160837e+02   3.1199575e+01   2.6000000e+01  -1.8185149e+02
  -1.7000000e+02   1.6900000e+02  -8.4261523e-01   1.6279382e+02   2.9874889e+01   2.6000000e+01  -1.8308507e+02
  -1.7000000e+02   1.6900000e+02   9.2088132e-02   1.6422500e+02   2.8546999e+01   2.6000000e+01  -1.8452649e+02
  -1.7000000e+02   1.6900000e+02   1.1137424e+00   1.6514927e+02   2.7924962e+01   2.6000000e+01  -1.8554392e+02
  -1.7000000e+02   1.6900000e+02   2.1626227e+00   1.6613434e+02   2.7248856e+01   2.6000000e+01  -1.8649514e+02
  -1.7000000e+02   1.6900000e+02   3.2206588e+00   1.6726992e+02   2.6579908e+01   2.6000000e+01  -1.8767407e+02
  -1.7000000e+02   1.6900000e+02   4.0031466e+00   1.6793151e+02   2.5326361e+01   2.6000000e+01  -1.8996488e+02
  -1.7000000e+02   1.6900000e+02   5.1306145e+00   1.6898821e+02   2.4468381e+01   2.6000000e+01  -1.9321757e+02
  -1.7000000e+02   1.6900000e+02   6.1832313e+00   1.7044145e+02   2.3699598e+01   2.6000000e+01  -1.9257209e+02
  -1.7000000e+02   1.6900000e+02   7.1628099e+00   1.7140394e+02   2.2709855e+01   2.6000000e+01  -1.9319025e+02
  -1.7000000e+02   1.6900000e+02   7.7937180e+00   1.7189712e+02   2.1764881e+01   2.6000000e+01  -1.9467851e+02
  -1.7000000e+02   1.6900000e+02   8.0721125e+00   1.7309349e+02   2.0233478e+01   2.6000000e+01  -1.9635296e+02
  -1.7000000e+02   1.6900000e+02   8.5677200e+00   1.7327444e+02   1.9102704e+01   2.6000000e+01  -1.9632395e+02
  -1.7000000e+02   1.6900000e+02   9.9823652e+00   1.7475461e+02   1.8545432e+01   2.6000000e+01  -1.9695060e+02
  -1.7000000e+02   1.6900000e+02   1.1223234e+01   1.7476718e+02   1.7934786e+01   2.6000000e+01  -1.9875134e+02
  -1.7000000e+02   1.6900000e+02   1.2118639e+01   1.7520711e+02   1.7068974e+01   2.6000000e+01  -1.9986066e+02
  -1.7000000e+02   1.6900000e+02   1.2378379e+01   1.7599489e+02   1.5189459e+01   2.6000000e+01  -1.9910071e+02
  -1.7000000e+02   1.6900000e+02   1.3236184e+01   1.7614415e+02   1.4668185e+01   2.6000000e+01  -1.9994033e+02
  -1.7000000e+02   1.6900000e+02   1.4232747e+01   1.7601892e+02   1.3974369e+01   2.6000000e+01  -2.0041169e+02
  -1.7000000e+02   1.6900000e+02   1.3488863e+01   1.7587442e+02   1.1245831e+01   2.6000000e+01  -1.9940834e+02
  -1.7000000e+02   1.6900000e+02   1.4633961e+01   1.7558336e+02   1.0451212e+01   2.6000000e+01  -1.9820999e+02
  -1.7000000e+02   1.6900000e+02   1.5618787e+01   1.7523073e+02   9.7804505e+00   2.6000000e+01  -1.9848944e+02
  -1.7000000e+02   1.6900000e+02   1.6087598e+01   1.7457356e+02   8.3707673e+00   2.6000000e+01  -1.9730368e+02
  -1.7000000e+02   1.6900000e+02   1.6549772e+01   1.7404375e+02   6.9644356e+00   2.6000000e+01  -1.9604423e+02
  -1.7000000e+02   1.6900000e+02   1.6375852e+01   1.7254761e+02   5.1518135e+00   2.6000000e+01  -1.9445404e+02
  -1.7000000e+02   1.6900000e+02   1.6829173e+01   1.7159349e+02   4.1534297e+00   2.6000000e+01  -1.9289374e+02
  -1.7000000e+02   1.6900000e+02   1.7266333e+01   1.7095339e+02   3.1134679e+00   2.6000000e+01  -1.9250100e+02
  -1.7000000e+02   1.6900000e+02   1.7066957e+01   1.7038564e+02   1.7201390e+00   2.6000000e+01  -1.8994965e+02
  -1.7000000e+02   1.6900000e+02   1.7426443e+01   1.7009437e+02   3.9751685e-01   2.6000000e+01  -1.8991586e+02
  -1.7000000e+02   1.6900000e+02   1.7454815e+01   1.7088026e+02  -7.0881110e-02   2.6000000e+01  -1.8964021e+02
  -1.7000000e+02   1.6900000e+02   1.8131581e+01   1.7628726e+02   2.6906431e+00   2.6000000e+01  -1.8728404e+02
  -1.7000000e+02   1.6900000e+02   1.7994949e+01   1.8280655e+02   4.1164419e+00   2.6000000e+01  -1.9018373e+02
  -1.7000000e+02   1.6900000e+02   1.8745652e+01   1.8728359e+02   8.7113327e+00   2.6000000e+01  -1.9029060e+02
  -1.7000000e+02   1.6900000e+02   1.7446352e+01   1.8993415e+02   1.3549829e+01   2.6000000e+01  -1.8957527e+02
  -1.7000000e+02   1.6900000e+02   1.7083980e+01   1.9113850e+02   1.9789152e+01   2.6000000e+01  -1.8794359e+02
  -1.7000000e+02   1.6900000e+02   1.6162664e+01   1.8927521e+02   2.5830656e+01   2.6000000e+01  -1.8475291e+02
  -1.7000000e+02   1.6900000e+02   1.3595415e+01   1.8390158e+02   3.0980924e+01   2.6000000e+01  -1.8224520e+02
  -1.7000000e+02   1.6900000e+02   9.6415178e+00   1.7955648e+02   3.3889437e+01   2.6000000e+01  -1.7930904e+02
  -1.7000000e+02   1.6900000e+02   6.1943810e+00   1.7514422e+02   3.6542694e+01   2.6000000e+01  -1.7856421e+02
  -1.7000000e+02   1.6900000e+02   3.6188654e+00   1.7227280e+02   3.8214875e+01   2.6000000e+01  -1.7726537e+02
  -1.7000000e+02   1.6900000e+02   8.7369226e-01   1.7035448e+02   3.8621230e+01   2.6000000e+01  -1.7496062e+02
  -1.7000000e+02   1.6900000e+02  -1.1464045e+00   1.6684051e+02   3.9553762e+01   2.6000000e+01  -1.7375647e+02
  -1.7000000e+02   1.6900000e+02  -2.3828484e+00   1.6472142e+02   3.9265255e+01   2.6000000e+01  -1.7161630e+02
  -1.7000000e+02   1.6900000e+02  -3.6779596e+00   1.6164920e+02   3.7802966e+01   2.6000000e+01  -1.6868601e+02
  -1.7000000e+02   1.6900000e+02  -5.6188057e+00   1.5771470e+02   3.7434113e+01   2.6000000e+01  -1.6801527e+02
  -1.7000000e+02   1.6900000e+02  -7.3956471e+00   1.5352182e+02   3.5279482e+01   2.6000000e+01  -1.6423320e+02
  -1.7000000e+02   1.6900000e+02  -7.5010527e+00   1.5309714e+02   3.3776894e+01   2.6000000e+01  -1.6775391e+02
  -1.7000000e+02   1.6900000e+02  -5.9699068e+00   1.5395496e+02   3.3738440e+01   2.6000000e+01  -1.6960941e+02
  -1.7000000e+02   1.6900000e+02  -4.1700605e+00   1.5646764e+02   3.2502200e+01   2.6000000e+01  -1.7304385e+02
  -1.7000000e+02   1.6900000e+02  -3.2059005e+00   1.5777884e+02   3.1591911e+01   2.6000000e+01  -1.7673170e+02
  -1.7000000e+02   1.6900000e+02  -1.8394635e+00   1.5913270e+02   3.1179559e+01   2.6000000e+01  -1.7928350e+02
  -1.7000000e+02   1.6900000e+02  -8.9714312e-01   1.6009084e+02   3.0332574e+01   2.6000000e+01  -1.8041951e+02
  -1.7000000e+02   1.6900000e+02  -3.2383526e-01   1.6087093e+02   2.9006901e+01   2.6000000e+01  -1.8146930e+02
  -1.7000000e+02   1.6900000e+02   7.5434663e-01   1.6253449e+02   2.7714894e+01   2.6000000e+01  -1.8263527e+02
  -1.7000000e+02   1.6900000e+02   1.5081165e+00   1.6364463e+02   2.6699012e+01   2.6000000e+01  -1.8574996e+02
  -1.7000000e+02   1.6900000e+02   2.9366889e+00   1.6465218e+02   2.6816359e+01   2.6000000e+01  -1.8754107e+02
  -1.7000000e+02   1.6900000e+02   3.8057422e+00   1.6537547e+02   2.6039988e+01   2.6000000e+01  -1.8808414e+02
  -1.7000000e+02   1.6900000e+02   4.2200716e+00   1.6583706e+02   2.4808465e+01   2.6000000e+01  -1.8892842e+02
  -1.7000000e+02   1.6900000e+02   5.2906399e+00   1.6640968e+02   2.4274507e+01   2.6000000e+01  -1.9068806e+02
  -1.7000000e+02   1.6900000e+02   5.9162260e+00   1.6743347e+02   2.3413449e+01   2.6000000e+01  -1.9113933e+02
  -1.7000000e+02   1.6900000e+02   6.3025178e+00   1.6857672e+02   2.2062436e+01   2.6000000e+01  -1.9122953e+02
  -1.7000000e+02   1.6900000e+02   7.0827052e+00   1.6938040e+02   2.1208983e+01   2.6000000e+01  -1.9389968e+02
  -1.7000000e+02   1.6900000e+02   8.7268330e+00   1.7033467e+02   2.0993479e+01   2.6000000e+01  -1.9590518e+02
  -1.7000000e+02   1.6900000e+02   9.7165697e+00   1.7116020e+02   2.0380458e+01   2.6000000e+01  -1.9605952e+02
  -1.7000000e+02   1.6900000e+02   1.1317407e+01   1.7239169e+02   2.0016668e+01   2.6000000e+01  -1.9802852e+02
  -1.7000000e+02   1.6900000e+02   1.1464331e+01   1.7295109e+02   1.8553993e+01   2.6000000e+01  -1.9834092e+02
  -1.7000000e+02   1.6900000e+02   1.1772506e+01   1.7423375e+02   1.7067577e+01   2.6000000e+01  -1.9966990e+02
  -1.7000000e+02   1.6900000e+02   1.2542590e+01   1.7453792e+02   1.6145612e+01   2.6000000e+01  -2.0038519e+02
  -1.7000000e+02   1.6900000e+02   1.3368482e+01   1.7568583e+02   1.5114278e+01   2.6000000e+01  -2.0159441e+02
  -1.7000000e+02   1.6900000e+02   1.4219118e+01   1.7621939e+02   1.3929829e+01   2.6000000e+01  -2.0271725e+02
  -1.7000000e+02   1.6900000e+02   1.4635125e+01   1.7609643e+02   1.2291016e+01   2.6000000e+01  -2.0291540e+02
  -1.7000000e+02   1.6900000e+02   1.4966864e+01   1.7675834e+02   1.0799513e+01   2.6000000e+01  -2.0339747e+02
  -1.7000000e+02   1.6900000e+02   1.5654834e+01   1.7719736e+02   9.9558479e+00   2.6000000e+01  -2.0408555e+02
  -1.7000000e+02   1.6900000e+02   1.6303728e+01   1.7750484e+02   9.1665211e+00   2.6000000e+01  -2.0453266e+02
  -1.7000000e+02   1.6900000e+02   1.6673531e+01   1.7783643e+02   7.9618901e+00   2.6000000e+01  -2.0404910e+02
  -1.7000000e+02   1.6900000e+02   1.7753003e+01   1.7802386e+02   7.4227424e+00   2.6000000e+01  -2.0318160e+02
  -1.7000000e+02   1.6900000e+02   1.8238854e+01   1.7906029e+02   7.2609759e+00   2.6000000e+01  -2.0329003e+02
  -1.7000000e+02   1.6900000e+02   1.7397744e+01   1.8148605e+02   7.8775182e+00   2.6000000e+01  -2.0166944e+02
  -1.7000000e+02   1.6900000e+02   1.7175650e+01   1.8776347e+02   1.2012335e+01   2.6000000e+01  -2.0060623e+02
  -1.7000000e+02   1.6900000e+02   1.6522760e+01   1.9339632e+02   1.7958121e+01   2.6000000e+01  -1.9851898e+02
  -1.7000000e+02   1.6900000e+02   1.6273389e+01   1.9501340e+02   2.4233111e+01   2.6000000e+01  -1.9734336e+02
  -1.7000000e+02   1.6900000e+02   1.7288455e+01   1.9467522e+02   2.9333694e+01   2.6000000e+01  -1.9456832e+02
  -1.7000000e+02   1.6900000e+02   1.5254837e+01   1.9079224e+02   3.4390927e+01   2.6000000e+01  -1.9106389e+02
  -1.7000000e+02   1.6900000e+02   1.1752955e+01   1.8572340e+02   3.6885383e+01   2.6000000e+01  -1.8647533e+02
  -1.7000000e+02   1.6900000e+02   7.5767709e+00   1.8064668e+02   3.8176228e+01   2.6000000e+01  -1.8121342e+02
  -1.7000000e+02   1.6900000e+02   3.8834763e+00   1.7488391e+02   3.9669034e+01   2.6000000e+01  -1.8065548e+02
  -1.7000000e+02   1.6900000e+02   1.3366156e+00   1.7072918e+02   3.9901081e+01   2.6000000e+01  -1.7860487e+02
  -1.7000000e+02   1.6900000e+02   3.3791253e-01   1.6690408e+02   3.9403736e+01   2.6000000e+01  -1.7541570e+02
  -1.7000000e+02   1.6900000e+02  -2.0653722e+00   1.6287965e+02   3.7634082e+01   2.6000000e+01  -1.7441579e+02
  -1.7000000e+02   1.6900000e+02  -4.3603275e+00   1.5894374e+02   3.6587598e+01   2.6000000e+01  -1.7244503e+02
  -1.7000000e+02   1.6900000e+02  -6.9942344e+00   1.5455156e+02   3.4812434e+01   2.6000000e+01  -1.7256497e+02
  -1.7000000e+02   1.6900000e+02  -6.0700123e+00   1.5545142e+02   3.4265061e+01   2.6000000e+01  -1.7313404e+02
  -1.7000000e+02   1.6900000e+02  -4.5514801e+00   1.5716562e+02   3.3723347e+01   2.6000000e+01  -1.7440788e+02
  -1.7000000e+02   1.6900000e+02  -2.9697331e+00   1.5910990e+02   3.2903727e+01   2.6000000e+01  -1.7852614e+02
  -1.7000000e+02   1.6900000e+02  -1.4921415e+00   1.6084387e+02   3.1609101e+01   2.6000000e+01  -1.8121601e+02
  -1.7000000e+02   1.6900000e+02  -4.8141329e-03   1.6238064e+02   3.1118788e+01   2.6000000e+01  -1.8390566e+02
  -1.7000000e+02   1.6900000e+02   1.1973691e+00   1.6377417e+02   3.0642538e+01   2.6000000e+01  -1.8612927e+02
  -1.7000000e+02   1.6900000e+02   2.1331709e+00   1.6492678e+02   2.9706188e+01   2.6000000e+01  -1.8876564e+02
  -1.7000000e+02   1.6900000e+02   2.7696444e+00   1.6592036e+02   2.8429060e+01   2.6000000e+01  -1.9005382e+02
  -1.7000000e+02   1.6900000e+02   3.8685613e+00   1.6689637e+02   2.7721520e+01   2.6000000e+01  -1.9236934e+02
  -1.7000000e+02   1.6900000e+02   4.6217404e+00   1.6795508e+02   2.6156429e+01   2.6000000e+01  -1.9278698e+02
  -1.7000000e+02   1.6900000e+02   5.5479039e+00   1.6887965e+02   2.5438381e+01   2.6000000e+01  -1.9448034e+02
  -1.7000000e+02   1.6900000e+02   6.9218292e+00   1.7007242e+02   2.5216002e+01   2.6000000e+01  -1.9559538e+02
  -1.7000000e+02   1.6900000e+02   7.1875603e+00   1.7085109e+02   2.3827724e+01   2.6000000e+01  -1.9560400e+02
  -1.7000000e+02   1.6900000e+02   8.7763222e+00   1.7148707e+02   2.3804779e+01   2.6000000e+01  -1.9801933e+02
  -1.7000000e+02   1.6900000e+02   9.1923815e+00   1.7269445e+02   2.2638269e+01   2.6000000e+01  -1.9936220e+02
  -1.7000000e+02   1.6900000e+02   9.4871989e+00   1.7369078e+02   2.1564784e+01   2.6000000e+01  -2.0054917e+02
  -1.7000000e+02   1.6900000e+02   9.6684462e+00   1.7445351e+02   1.9795914e+01   2.6000000e+01  -2.0104242e+02
  -1.7000000e+02   1.6900000e+02   1.0558416e+01   1.7583381e+02   1.9091694e+01   2.6000000e+01  -2.0208087e+02
  -1.7000000e+02   1.6900000e+02   1.1192865e+01   1.7601675e+02   1.7828965e+01   2.6000000e+01  -2.0285416e+02
  -1.7000000e+02   1.6900000e+02   1.2090435e+01   1.7608305e+02   1.7040443e+01   2.6000000e+01  -2.0296917e+02
  -1.7000000e+02   1.6900000e+02   1.3347213e+01   1.7605358e+02   1.6899453e+01   2.6000000e+01  -2.0356634e+02
  -1.7000000e+02   1.6900000e+02   1.3105286e+01   1.7681383e+02   1.5134207e+01   2.6000000e+01  -2.0370330e+02
  -1.7000000e+02   1.6900000e+02   1.3931731e+01   1.7722442e+02   1.4627733e+01   2.6000000e+01  -2.0374464e+02
  -1.7000000e+02   1.6900000e+02   1.4809694e+01   1.7725032e+02   1.3662427e+01   2.6000000e+01  -2.0404015e+02
  -1.7000000e+02   1.6900000e+02   1.5465469e+01   1.7742943e+02   1.2759348e+01   2.6000000e+01  -2.0401390e+02
  -1.7000000e+02   1.6900000e+02   1.5253107e+01   1.7736644e+02   1.1010348e+01   2.6000000e+01  -2.0317256e+02
  -1.7000000e+02   1.6900000e+02   1.6217583e+01   1.7739889e+02   1.0029783e+01   2.6000000e+01  -2.0311046e+02
  -1.7000000e+02   1.6900000e+02   1.6481629e+01   1.7665785e+02   8.1777338e+00   2.6000000e+01  -2.0150629e+02
  -1.7000000e+02   1.6900000e+02   1.7328336e+01   1.7611232e+02   6.4988056e+00   2.6000000e+01  -1.9928790e+02
  -1.7000000e+02   1.6900000e+02   1.7723819e+01   1.7534637e+02   4.4840171e+00   2.6000000e+01  -2.0011002e+02
  -1.7000000e+02   1.6900000e+02   1.8279390e+01   1.7457599e+02   3.2857156e+00   2.6000000e+01  -1.9870947e+02
  -1.7000000e+02   1.6900000e+02   1.8601299e+01   1.7430435e+02   2.3751659e+00   2.6000000e+01  -1.9688434e+02
  -1.7000000e+02   1.6900000e+02   1.8759489e+01   1.7390726e+02   1.1589857e+00   2.6000000e+01  -1.9536614e+02
  -1.7000000e+02   1.6900000e+02   1.9405881e+01   1.7478710e+02   1.2504797e+00   2.6000000e+01  -1.9454351e+02
  -1.7000000e+02   1.6900000e+02   1.9273003e+01   1.7805878e+02   4.0961403e+00   2.6000000e+01  -1.9383909e+02
  -1.7000000e+02   1.6900000e+02   1.9993487e+01   1.8452038e+02   8.9191268e+00   2.6000000e+01  -1.9482198e+02
  -1.7000000e+02   1.6900000e+02   1.9967926e+01   1.8886328e+02   1.3029882e+01   2.6000000e+01  -1.9543746e+02
  -1.7000000e+02   1.6900000e+02   1.8724110e+01   1.9224047e+02   1.7649359e+01   2.6000000e+01  -1.9240378e+02
  -1.7000000e+02   1.6900000e+02   1.7337434e+01   1.9215998e+02   2.3531836e+01   2.6000000e+01  -1.9066026e+02
  -1.7000000e+02   1.6900000e+02   1.5112553e+01   1.9063545e+02   2.9443373e+01   2.6000000e+01  -1.8502394e+02
  -1.7000000e+02   1.6900000e+02   1.2200393e+01   1.8644732e+02   3.4178690e+01   2.6000000e+01  -1.8222111e+02
  -1.7000000e+02   1.6900000e+02   8.3680381e+00   1.8098667e+02   3.4135301e+01   2.6000000e+01  -1.7590316e+02
  -1.7000000e+02   1.6900000e+02   5.6359321e+00   1.7571127e+02   3.5900909e+01   2.6000000e+01  -1.7487331e+02
  -1.7000000e+02   1.6900000e+02   2.6934738e+00   1.7105644e+02   3.6603137e+01   2.6000000e+01  -1.7360725e+02
  -1.7000000e+02   1.6900000e+02   4.2114742e-01   1.6758843e+02   3.6780163e+01   2.6000000e+01  -1.7226239e+02
  -1.7000000e+02   1.6900000e+02  -1.7439076e+00   1.6429541e+02   3.5431740e+01   2.6000000e+01  -1.7078736e+02
  -1.7000000e+02   1.6900000e+02  -2.8014399e+00   1.6151007e+02   3.5028201e+01   2.6000000e+01  -1.6926943e+02
  -1.7000000e+02   1.6900000e+02  -4.4197790e+00   1.5683500e+02   3.3915611e+01   2.6000000e+01  -1.6825910e+02
  -1.7000000e+02   1.6900000e+02  -5.4111293e+00   1.5394745e+02   3.2468868e+01   2.6000000e+01  -1.6863512e+02
  -1.7000000e+02   1.6900000e+02  -4.2962029e+00   1.5607797e+02   3.1190898e+01   2.6000000e+01  -1.7183578e+02
  -1.7000000e+02   1.6900000e+02  -1.9916308e+00   1.5871866e+02   3.0678076e+01   2.6000000e+01  -1.7798820e+02
  -1.7000000e+02   1.6900000e+02  -1.0039851e+00   1.6071594e+02   2.9282209e+01   2.6000000e+01  -1.7927222e+02
  -1.7000000e+02   1.6900000e+02  -1.3936200e-01   1.6223328e+02   2.7922143e+01   2.6000000e+01  -1.8107600e+02
  -1.7000000e+02   1.6900000e+02   1.1218756e+00   1.6339803e+02   2.7155930e+01   2.6000000e+01  -1.8327719e+02
  -1.7000000e+02   1.6900000e+02   2.3942659e+00   1.6478407e+02   2.6487906e+01   2.6000000e+01  -1.8637055e+02
  -1.7000000e+02   1.6900000e+02   3.6431517e+00   1.6579421e+02   2.5738108e+01   2.6000000e+01  -1.8777851e+02
  -1.7000000e+02   1.6900000e+02   4.3863658e+00   1.6640623e+02   2.4750344e+01   2.6000000e+01  -1.9142838e+02
  -1.7000000e+02   1.6900000e+02   5.2844845e+00   1.6747084e+02   2.3640191e+01   2.6000000e+01  -1.9215482e+02
  -1.7000000e+02   1.6900000e+02   6.4623904e+00   1.6836324e+02   2.3112319e+01   2.6000000e+01  -1.9348856e+02
  -1.7000000e+02   1.6900000e+02   7.5424126e+00   1.6973715e+02   2.2245597e+01   2.6000000e+01  -1.9571319e+02
  -1.7000000e+02   1.6900000e+02   8.2215312e+00   1.7076250e+02   2.1068725e+01   2.6000000e+01  -1.9732279e+02
  -1.7000000e+02   1.6900000e+02   8.7333486e+00   1.7173644e+02   2.0006557e+01   2.6000000e+01  -1.9821162e+02
  -1.7000000e+02   1.6900000e+02   9.0945672e+00   1.7267654e+02   1.8972874e+01   2.6000000e+01  -1.9852368e+02
  -1.7000000e+02   1.6900000e+02   9.9041285e+00   1.7363628e+02   1.8238334e+01   2.6000000e+01  -1.9953748e+02
  -1.7000000e+02   1.6900000e+02   1.0341374e+01   1.7418735e+02   1.7163274e+01   2.6000000e+01  -2.0019434e+02
  -1.7000000e+02   1.6900000e+02   1.1967995e+01   1.7478716e+02   1.6983289e+01   2.6000000e+01  -1.9983846e+02
  -1.7000000e+02   1.6900000e+02   1.2711632e+01   1.7543648e+02   1.6076575e+01   2.6000000e+01  -2.0060518e+02
  -1.7000000e+02   1.6900000e+02   1.3509232e+01   1.7536953e+02   1.5407770e+01   2.6000000e+01  -2.0200924e+02
  -1.7000000e+02   1.6900000e+02   1.4356480e+01   1.7592415e+02   1.4543504e+01   2.6000000e+01  -2.0264864e+02
  -1.7000000e+02   1.6900000e+02   1.4756924e+01   1.7644277e+02   1.2979909e+01   2.6000000e+01  -2.0264743e+02
  -1.7000000e+02   1.6900000e+02   1.4915695e+01   1.7637512e+02   1.1639586e+01   2.6000000e+01  -2.0297808e+02
  -1.7000000e+02   1.6900000e+02   1.5444625e+01   1.7623542e+02   1.0158321e+01   2.6000000e+01  -2.0279218e+02
  -1.7000000e+02   1.6900000e+02   1.5876069e+01   1.7651542e+02   9.0489581e+00   2.6000000e+01  -2.0312133e+02
  -1.7000000e+02   1.6900000e+02   1.7000770e+01   1.7611897e+02   8.4325581e+00   2.6000000e+01  -2.0213803e+02
  -1.7000000e+02   1.6900000e+02   1.7617946e+01   1.7566138e+02   7.3340437e+00   2.6000000e+01  -2.0036169e+02
  -1.7000000e+02   1.6900000e+02   1.8140102e+01   1.7562802e+02   6.0929859e+00   2.6000000e+01  -1.9895080e+02
  -1.7000000e+02   1.6900000e+02   1.8250105e+01   1.7580884e+02   5.1261050e+00   2.6000000e+01  -1.9780789e+02
  -1.7000000e+02   1.6900000e+02   1.8430979e+01   1.7611710e+02   4.2146298e+00   2.6000000e+01  -1.9719599e+02
  -1.7000000e+02   1.6900000e+02   1.8110547e+01   1.7930171e+02   5.8970753e+00   2.6000000e+01  -1.9491045e+02
  -1.7000000e+02   1.6900000e+02   1.7119146e+01   1.8457112e+02   7.9936769e+00   2.6000000e+01  -1.9619714e+02
  -1.7000000e+02   1.6900000e+02   1.6891249e+01   1.8999142e+02   1.3720220e+01   2.6000000e+01  -1.9391983e+02
  -1.7000000e+02   1.6900000e+02   1.6986421e+01   1.9420923e+02   1.9046268e+01   2.6000000e+01  -1.9381159e+02
  -1.7000000e+02   1.6900000e+02   1.5340390e+01   1.9439587e+02   2.4985960e+01   2.6000000e+01  -1.9111765e+02
  -1.7000000e+02   1.6900000e+02   1.5501261e+01   1.9481004e+02   3.0039260e+01   2.6000000e+01  -1.9143851e+02
  -1.7000000e+02   1.6900000e+02   1.3323042e+01   1.9054831e+02   3.3967076e+01   2.6000000e+01  -1.8950662e+02
  -1.7000000e+02   1.6900000e+02   1.0723082e+01   1.8438089e+02   3.4695052e+01   2.6000000e+01  -1.8520101e+02
  -1.7000000e+02   1.6900000e+02   6.9032072e+00   1.7791749e+02   3.6700418e+01   2.6000000e+01  -1.8273045e+02
  -1.7000000e+02   1.6900000e+02   2.8568508e+00   1.7313574e+02   4.0126745e+01   2.6000000e+01  -1.7947863e+02
  -1.7000000e+02   1.6900000e+02  -1.4253689e+00   1.6794203e+02   4.1774434e+01   2.6000000e+01  -1.7959431e+02
  -1.7000000e+02   1.6900000e+02  -3.7434738e+00   1.6379523e+02   4.1319722e+01   2.6000000e+01  -1.7991540e+02
  -1.7000000e+02   1.6900000e+02  -5.3156976e+00   1.6073767e+02   4.0795799e+01   2.6000000e+01  -1.7737858e+02
  -1.7000000e+02   1.6900000e+02  -6.2933600e+00   1.5882248e+02   3.7651658e+01   2.6000000e+01  -1.8045018e+02
  -1.7000000e+02   1.6900000e+02  -4.4171501e+00   1.6041921e+02   3.7285624e+01   2.6000000e+01  -1.8339753e+02
  -1.7000000e+02   1.6900000e+02  -2.7057019e+00   1.6235851e+02   3.7042941e+01   2.6000000e+01  -1.8559936e+02
  -1.7000000e+02   1.6900000e+02  -1.2664332e+00   1.6371867e+02   3.6101298e+01   2.6000000e+01  -1.8965129e+02
  -1.7000000e+02   1.6900000e+02  -2.5958466e-01   1.6506363e+02   3.5269972e+01   2.6000000e+01  -1.9160108e+02
  -1.7000000e+02   1.6900000e+02   8.4913735e-01   1.6649366e+02   3.4019252e+01   2.6000000e+01  -1.9279018e+02
  -1.7000000e+02   1.6900000e+02   1.7310525e+00   1.6819459e+02   3.1997044e+01   2.6000000e+01  -1.9368283e+02
  -1.7000000e+02   1.6900000e+02   3.0910607e+00   1.6984023e+02   3.1029194e+01   2.6000000e+01  -1.9497917e+02
  -1.7000000e+02   1.6900000e+02   3.7599664e+00   1.7019006e+02   2.9951537e+01   2.6000000e+01  -1.9603164e+02
  -1.7000000e+02   1.6900000e+02   4.9929854e+00   1.7132675e+02   2.9231355e+01   2.6000000e+01  -1.9792808e+02
  -1.7000000e+02   1.6900000e+02   5.4461977e+00   1.7200812e+02   2.7560492e+01   2.6000000e+01  -1.9929667e+02
  -1.7000000e+02   1.6900000e+02   6.4506296e+00   1.7324236e+02   2.6690953e+01   2.6000000e+01  -2.0096180e+02
  -1.7000000e+02   1.6900000e+02   7.2470608e+00   1.7412204e+02   2.5846504e+01   2.6000000e+01  -2.0105077e+02
  -1.7000000e+02   1.6900000e+02   7.5613497e+00   1.7451913e+02   2.4081909e+01   2.6000000e+01  -2.0161075e+02
  -1.7000000e+02   1.6900000e+02   8.5957273e+00   1.7547704e+02   2.3062254e+01   2.6000000e+01  -2.0186086e+02
  -1.7000000e+02   1.6900000e+02   9.5656882e+00   1.7598465e+02   2.2062056e+01   2.6000000e+01  -2.0392503e+02
  -1.7000000e+02   1.6900000e+02   1.0641222e+01   1.7655296e+02   2.1095568e+01   2.6000000e+01  -2.0462443e+02
  -1.7000000e+02   1.6900000e+02   1.0908644e+01   1.7783430e+02   1.9338340e+01   2.6000000e+01  -2.0569889e+02
  -1.7000000e+02   1.6900000e+02   1.1451891e+01   1.7798115e+02   1.7916057e+01   2.6000000e+01  -2.0593066e+02
  -1.7000000e+02   1.6900000e+02   1.1907116e+01   1.7770546e+02   1.6518872e+01   2.6000000e+01  -2.0514879e+02
  -1.7000000e+02   1.6900000e+02   1.3182711e+01   1.7818219e+02   1.5810592e+01   2.6000000e+01  -2.0581699e+02
  -1.7000000e+02   1.6900000e+02   1.3924900e+01   1.7828172e+02   1.4857311e+01   2.6000000e+01  -2.0581870e+02
  -1.7000000e+02   1.6900000e+02   1.5098539e+01   1.7885870e+02   1.3483586e+01   2.6000000e+01  -2.0573887e+02
  -1.7000000e+02   1.6900000e+02   1.5741237e+01   1.7911714e+02   1.2417215e+01   2.6000000e+01  -2.0578799e+02
  -1.7000000e+02   1.6900000e+02   1.6465864e+01   1.7860241e+02   1.1246256e+01   2.6000000e+01  -2.0615264e+02
  -1.7000000e+02   1.6900000e+02   1.6974609e+01   1.7885282e+02   9.9434204e+00   2.6000000e+01  -2.0488503e+02
  -1.7000000e+02   1.6900000e+02   1.6948162e+01   1.7741631e+02   7.5726703e+00   2.6000000e+01  -2.0292884e+02
  -1.7000000e+02   1.6900000e+02   1.6779725e+01   1.7672477e+02   5.1527815e+00   2.6000000e+01  -2.0103687e+02
  -1.7000000e+02   1.6900000e+02   1.7627819e+01   1.7567211e+02   3.9644446e+00   2.6000000e+01  -1.9925846e+02
  -1.7000000e+02   1.6900000e+02   1.7890821e+01   1.7438086e+02   2.1829422e+00   2.6000000e+01  -1.9734617e+02
  -1.7000000e+02   1.6900000e+02   1.7738220e+01   1.7334282e+02   7.1390153e-01   2.6000000e+01  -1.9512413e+02
  -1.7000000e+02   1.6900000e+02   1.7993681e+01   1.7181714e+02  -9.8292977e-01   2.6000000e+01  -1.9385116e+02
  -1.7000000e+02   1.6900000e+02   1.8578898e+01   1.7119668e+02  -1.7909719e+00   2.6000000e+01  -1.9207193e+02
  -1.7000000e+02   1.6900000e+02   1.8934601e+01   1.7277748e+02  -1.3949563e+00   2.6000000e+01  -1.9042257e+02
  -1.7000000e+02   1.6900000e+02   1.8537253e+01   1.7614601e+02  -9.6418186e-02   2.6000000e+01  -1.8790849e+02
  -1.7000000e+02   1.6900000e+02   1.8535466e+01   1.8273902e+02   3.3820081e+00   2.6000000e+01  -1.8913401e+02
  -1.7000000e+02   1.6900000e+02   1.7541234e+01   1.8675786e+02   6.3822693e+00   2.6000000e+01  -1.8764093e+02
  -1.7000000e+02   1.6900000e+02   1.7890012e+01   1.9121763e+02   9.8803311e+00   2.6000000e+01  -1.8657623e+02
  -1.7000000e+02   1.6900000e+02   1.8157814e+01   1.9320242e+02   1.6150379e+01   2.6000000e+01  -1.8794926e+02
  -1.7000000e+02   1.6900000e+02   1.7241005e+01   1.9285725e+02   2.2450315e+01   2.6000000e+01  -1.8463560e+02
  -1.7000000e+02   1.6900000e+02   1.7612983e+01   1.9064568e+02   2.7362275e+01   2.6000000e+01  -1.8746134e+02
  -1.7000000e+02   1.6900000e+02   1.6021309e+01   1.8573430e+02   3.1763477e+01   2.6000000e+01  -1.8825241e+02
  -1.7000000e+02   1.6900000e+02   1.2547933e+01   1.8105063e+02   3.3524377e+01   2.6000000e+01  -1.8314849e+02
  -1.7000000e+02   1.6900000e+02   8.9300760e+00   1.7661904e+02   3.3026508e+01   2.6000000e+01  -1.8010022e+02
  -1.7000000e+02   1.6900000e+02   5.4497220e+00   1.7237433e+02   3.3039332e+01   2.6000000e+01  -1.8192922e+02
  -1.7000000e+02   1.6900000e+02   3.2269967e+00   1.6961485e+02   3.3741200e+01   2.6000000e+01  -1.8173568e+02
  -1.7000000e+02   1.6900000e+02   1.3111282e+00   1.6784353e+02   3.3275851e+01   2.6000000e+01  -1.8083972e+02
  -1.7000000e+02   1.6900000e+02  -3.0142805e-01   1.6439751e+02   3.2198644e+01   2.6000000e+01  -1.7940463e+02
  -1.7000000e+02   1.6900000e+02  -1.5561145e+00   1.6125488e+02   3.1110086e+01   2.6000000e+01  -1.8161146e+02
  -1.7000000e+02   1.6900000e+02  -9.2518954e-01   1.6290094e+02   2.9491230e+01   2.6000000e+01  -1.8208096e+02
  -1.7000000e+02   1.6900000e+02   4.5039469e-01   1.6431486e+02   2.8668925e+01   2.6000000e+01  -1.8557210e+02
  -1.7000000e+02   1.6900000e+02   1.6969092e+00   1.6531289e+02   2.8112373e+01   2.6000000e+01  -1.8808007e+02
  -1.7000000e+02   1.6900000e+02   2.9953737e+00   1.6649161e+02   2.6972372e+01   2.6000000e+01  -1.8949554e+02
  -1.7000000e+02   1.6900000e+02   4.0061892e+00   1.6718665e+02   2.6061325e+01   2.6000000e+01  -1.9155040e+02
  -1.7000000e+02   1.6900000e+02   5.2518032e+00   1.6848381e+02   2.4709407e+01   2.6000000e+01  -1.9297204e+02
  -1.7000000e+02   1.6900000e+02   6.0692931e+00   1.7005236e+02   2.3603620e+01   2.6000000e+01  -1.9353289e+02
  -1.7000000e+02   1.6900000e+02   7.2585188e+00   1.7079548e+02   2.2813117e+01   2.6000000e+01  -1.9469414e+02
  -1.7000000e+02   1.6900000e+02   7.8884427e+00   1.7132659e+02   2.1772145e+01   2.6000000e+01  -1.9538240e+02
  -1.7000000e+02   1.6900000e+02   9.0379875e+00   1.7158128e+02   2.1095034e+01   2.6000000e+01  -1.9504394e+02
  -1.7000000e+02   1.6900000e+02   9.7831305e+00   1.7153587e+02   2.0265456e+01   2.6000000e+01  -1.9662625e+02
  -1.7000000e+02   1.6900000e+02   1.0552595e+01   1.7188229e+02   1.9313970e+01   2.6000000e+01  -1.9558427e+02
  -1.7000000e+02   1.6900000e+02   1.1213082e+01   1.7222558e+02   1.8077537e+01   2.6000000e+01  -1.9616492e+02
  -1.7000000e+02   1.6900000e+02   1.1742319e+01   1.7226679e+02   1.6799851e+01   2.6000000e+01  -1.9535389e+02
  -1.7000000e+02   1.6900000e+02   1.1975553e+01   1.7237743e+02   1.5176795e+01   2.6000000e+01  -1.9515886e+02
  -1.7000000e+02   1.6900000e+02   1.2406648e+01   1.7226111e+02   1.3762121e+01   2.6000000e+01  -1.9486578e+02
  -1.7000000e+02   1.6900000e+02   1.2764787e+01   1.7187940e+02   1.2440694e+01   2.6000000e+01  -1.9424742e+02
  -1.7000000e+02   1.6900000e+02   1.2957523e+01   1.7137841e+02   1.1169929e+01   2.6000000e+01  -1.9329472e+02
  -1.7000000e+02   1.6900000e+02   1.3266980e+01   1.7084456e+02   9.9549560e+00   2.6000000e+01  -1.9303790e+02
  -1.7000000e+02   1.6900000e+02   1.4404466e+01   1.7058486e+02   9.6034361e+00   2.6000000e+01  -1.9237337e+02
  -1.7000000e+02   1.6900000e+02   1.5646991e+01   1.7018633e+02   9.1347755e+00   2.6000000e+01  -1.9264119e+02
  -1.7000000e+02   1.6900000e+02   1.6174044e+01   1.6991295e+02   8.2467537e+00   2.6000000e+01  -1.9076598e+02
  -1.7000000e+02   1.6900000e+02   1.6454641e+01   1.6940548e+02   6.7606384e+00   2.6000000e+01  -1.9102776e+02
  -1.7000000e+02   1.6900000e+02   1.6553753e+01   1.6897755e+02   5.5492897e+00   2.6000000e+01  -1.9025995e+02
  -1.7000000e+02   1.6900000e+02   1.7378735e+01   1.6833783e+02   4.7367390e+00   2.6000000e+01  -1.8864934e+02
  -1.7000000e+02   1.6900000e+02   1.7582823e+01   1.6798557e+02   3.4604642e+00   2.6000000e+01  -1.8694963e+02
  -1.7000000e+02   1.6900000e+02   1.7481168e+01   1.6735778e+02   1.6207059e+00   2.6000000e+01  -1.8602866e+02
  -1.7000000e+02   1.6900000e+02   1.8399814e+01   1.6677413e+02   1.1244034e+00   2.6000000e+01  -1.8531992e+02
  -1.7000000e+02   1.6900000e+02   1.8487600e+01   1.6635466e+02   2.0699362e-01   2.6000000e+01  -1.8365637e+02
