  -2.8588658e+00  -1.3378646e+01  -1.6642913e+01   7.4956951e+00   3.3091091e+01  -3.7876272e+01   1.1475109e+01
  -2.9591488e+00  -1.1317523e+01  -1.2964683e+01   4.6693090e+00   3.4588226e+01  -3.4445938e+01   9.8130466e+00
  -3.0820542e+00  -1.4311146e+01  -1.0040620e+01   8.3770854e+00   3.5653851e+01  -3.2746369e+01   8.6423616e+00
  -3.9027079e+00  -1.4999337e+01  -7.0727150e+00   1.0632824e+01   3.7336362e+01  -3.1130251e+01   7.1127574e+00
  -3.8562303e+00  -1.8671630e+01  -3.9107215e+00   1.5983642e+01   3.7626764e+01  -2.9392684e+01   5.7344640e+00
  -5.7362545e+00  -1.0386708e+01  -2.8630565e+00   8.1837825e+00   3.9111340e+01  -2.7284072e+01   3.9351424e+00
  -7.1816867e+00  -1.2013348e+01  -3.7019894e-02   1.1961364e+01   3.7929373e+01  -2.5773499e+01   1.2869207e+00
  -8.3992519e+00  -5.7647552e+00   1.4227831e-01   8.4467685e+00   3.8569934e+01  -2.4645970e+01   2.7605120e+00
  -8.7941205e+00  -1.2532229e+01   2.8884003e+00   1.6275134e+01   3.6869791e+01  -2.2211008e+01   3.5396657e+00
  -9.3071907e+00  -1.2232140e+01   1.8025332e+00   1.4805009e+01   3.6410475e+01  -2.2719473e+01   3.4495617e+00
  -8.7276201e+00  -1.4186609e+01   3.3287087e-01   1.5773738e+01   3.5285387e+01  -2.3622538e+01   8.2426837e+00
  -1.0185395e+01  -1.4076605e+01  -4.4765534e-01   1.3338591e+01   3.4930925e+01  -2.2372127e+01   9.2670345e+00
  -1.1207812e+01  -1.7094654e+01  -1.0355227e+00   1.6153137e+01   3.3757536e+01  -2.3592734e+01   9.9642119e+00
  -1.1053835e+01  -1.4501779e+01  -2.9896351e+00   1.2875724e+01   3.2484916e+01  -2.4549456e+01   1.4118328e+01
  -1.1219116e+01  -1.5196439e+01  -3.9345457e+00   1.3637986e+01   3.1343878e+01  -2.5709437e+01   1.6637848e+01
  -1.0126898e+01  -5.6050840e+00  -6.6147844e+00   4.3779866e+00   2.9050833e+01  -2.7391517e+01   1.7366981e+01
  -1.0739193e+01  -8.1342014e+00  -7.2374999e+00   5.3244738e+00   2.8551030e+01  -2.7153391e+01   1.9617836e+01
  -1.0758565e+01  -1.2304229e+01  -7.2117576e+00   8.6078244e+00   2.7262898e+01  -2.6871432e+01   1.9060569e+01
  -1.0620615e+01  -1.7041715e+01  -6.8043348e+00   1.1389420e+01   2.4968931e+01  -2.5625852e+01   2.0972095e+01
  -1.1235597e+01  -1.8033833e+01  -7.6071572e+00   1.1892275e+01   2.4216623e+01  -2.5576855e+01   2.0510945e+01
  -1.0665809e+01  -2.0139261e+01  -7.8690739e+00   1.3067626e+01   2.2565646e+01  -2.5087725e+01   2.1805230e+01
  -1.0328753e+01  -1.8205600e+01  -8.8794731e+00   1.1138671e+01   2.1152114e+01  -2.4866149e+01   2.0794831e+01
  -9.7176502e+00  -1.5252133e+01  -1.0865356e+01   8.1371003e+00   2.0036290e+01  -2.5303448e+01   2.1498178e+01
  -8.9258892e+00  -1.6473497e+01  -1.1090399e+01   8.2816683e+00   1.7164349e+01  -2.3908101e+01   2.0879974e+01
  -9.6236636e+00  -1.4509446e+01  -1.2155202e+01   5.9581037e+00   1.6460983e+01  -2.3742430e+01   1.9938025e+01
  -1.0531970e+01  -1.4953457e+01  -1.2998917e+01   6.7215947e+00   1.5703764e+01  -2.3627310e+01   1.8389680e+01
  -1.1906076e+01  -1.1244516e+01  -1.4496127e+01   3.5950228e+00   1.5250432e+01  -2.3615852e+01   1.7973705e+01
  -1.3341301e+01  -8.3662073e+00  -1.6245536e+01   1.6280297e+00   1.5601985e+01  -2.4189253e+01   1.6518808e+01
  -1.3043687e+01  -5.6091048e+00  -1.6731347e+01  -2.7615367e-02   1.3342805e+01  -2.4356820e+01   1.6270258e+01
  -1.0789612e+01  -3.0157108e+00  -1.7057410e+01  -2.3888714e+00   9.6061481e+00  -2.3870819e+01   1.4333997e+01
  -1.0397387e+01  -8.5538648e+00  -1.6046366e+01   2.1050539e+00   6.8766592e+00  -2.1373310e+01   1.3674635e+01
  -1.0183584e+01  -9.0880636e+00  -1.6633567e+01   2.8388368e+00   5.1158053e+00  -1.9932099e+01   1.2168105e+01
  -8.4953996e+00  -1.1836942e+01  -1.7675775e+01   5.4906193e+00   3.2925830e+00  -1.9085375e+01   8.1823791e+00
  -7.5554754e+00  -1.4799213e+01  -1.8994312e+01   1.0061322e+01   1.8600272e+00  -1.9820067e+01   6.1167709e+00
  -7.9505150e+00  -1.2830726e+01  -2.0472419e+01   1.0196161e+01   1.8431708e+00  -2.0595048e+01   3.3618870e+00
  -7.2340233e+00  -1.5714948e+01  -1.9804208e+01   1.3628580e+01  -9.4684279e-01  -1.9528566e+01   2.2975446e+00
  -6.2717918e+00  -1.6841775e+01  -2.0551106e+01   1.7879664e+01  -2.2396305e+00  -2.2775580e+01   1.7024563e+00
  -5.0980880e+00  -1.7005248e+01  -1.9081099e+01   1.4837011e+01  -5.2922854e+00  -2.3972616e+01   1.9663717e+00
  -8.9546577e+00  -1.1104814e+01  -2.0372197e+01   2.0817136e+00   2.1574281e+00  -2.6310059e+01   2.9965917e+00
  -8.5288630e+00  -1.3546736e+01  -1.9292112e+01   4.1955142e+00   7.0345172e+00  -3.2657385e+01   8.5848562e-02
  -5.1001887e+00  -1.8995378e+01  -1.8305076e+01   1.2573401e+01   1.0894011e+01  -3.9953720e+01  -4.9275017e-01
  -5.3238206e+00  -1.2023192e+01  -2.0551046e+01   4.1022787e+00   1.7791476e+01  -4.1341099e+01   4.7657790e+00
  -3.4499379e+00  -7.8397988e+00  -1.9536594e+01  -1.7332075e+00   2.2375632e+01  -3.8420274e+01   6.8803303e+00
  -4.1754497e+00  -7.6361074e+00  -1.9492544e+01   1.4537737e+00   3.0171905e+01  -4.0619077e+01   7.7093592e+00
  -3.3600142e+00  -1.3787603e+01  -1.6437861e+01   5.9464171e+00   3.1804918e+01  -3.6757269e+01   1.0414949e+01
  -2.2504225e+00  -1.2295133e+01  -1.3331249e+01   4.9691586e+00   3.2278172e+01  -3.5363665e+01   6.9760875e+00
  -2.3182278e+00  -1.6570498e+01  -1.1076544e+01   8.7701930e+00   3.3326760e+01  -3.3381128e+01   6.1577733e+00
  -2.3493165e+00  -1.9825680e+01  -8.2247360e+00   1.2872558e+01   3.3074993e+01  -3.1747325e+01   4.4628531e+00
  -4.7684857e+00  -1.3061255e+01  -5.9808019e+00   7.3107996e+00   3.4913502e+01  -2.8312018e+01   3.3411732e+00
  -5.5039446e+00  -1.0939378e+01  -2.7731367e+00   6.2794156e+00   3.3870786e+01  -2.4100840e+01   3.3774165e+00
  -6.7064329e+00  -8.3863861e+00  -8.3877427e-01   6.9083048e+00   3.3211073e+01  -2.4937723e+01   6.1917252e-01
  -7.5320958e+00  -9.0908685e+00  -2.5987236e-01   1.0043316e+01   3.5776998e+01  -2.4702470e+01   3.5161019e+00
  -8.2071998e+00  -1.5525960e+01   7.9481461e-01   1.6609728e+01   3.6924297e+01  -2.3664630e+01   3.9697156e+00
  -9.2093884e+00  -1.6295421e+01   1.3223892e+00   1.8391146e+01   3.6969142e+01  -2.4113631e+01   8.3744461e+00
  -1.0634404e+01  -1.6816467e+01  -1.1572493e-01   1.6145772e+01   3.7021524e+01  -2.3186820e+01   1.1219163e+01
  -1.0877556e+01  -1.5304552e+01  -1.5933777e+00   1.2868106e+01   3.5617281e+01  -2.3963214e+01   1.2439390e+01
  -1.0544970e+01  -1.6246980e+01  -2.8080449e+00   1.3474718e+01   3.3962816e+01  -2.5186624e+01   1.6766370e+01
  -1.0692912e+01  -1.5414452e+01  -3.7433307e+00   1.1877713e+01   3.2840555e+01  -2.5400123e+01   1.8223829e+01
  -1.1161845e+01  -1.9652776e+01  -4.3334498e+00   1.4750819e+01   3.1600275e+01  -2.6141130e+01   2.1931763e+01
  -1.0674042e+01  -1.6770488e+01  -5.3659626e+00   1.2402038e+01   2.8975271e+01  -2.8058744e+01   2.3185421e+01
  -1.0491945e+01  -1.0248562e+01  -7.7187933e+00   4.3998075e+00   2.7604326e+01  -2.8291137e+01   2.3032402e+01
  -1.0452752e+01  -1.5446218e+01  -7.3778673e+00   8.1316775e+00   2.5754988e+01  -2.7579431e+01   2.1680672e+01
  -1.0674437e+01  -1.5617263e+01  -9.0128040e+00   7.4263970e+00   2.5068360e+01  -2.7631424e+01   2.3688030e+01
  -1.0027294e+01  -1.7966254e+01  -9.5782837e+00   7.4606512e+00   2.3829976e+01  -2.5113686e+01   2.3732443e+01
  -8.7254007e+00  -1.6693848e+01  -1.0489135e+01   6.9206771e+00   2.1455753e+01  -2.5908782e+01   2.4732845e+01
  -9.5441814e+00  -1.5962689e+01  -1.1260051e+01   5.9137057e+00   2.0890736e+01  -2.5300885e+01   2.5383818e+01
  -8.1422471e+00  -1.8452905e+01  -1.1132658e+01   7.8514325e+00   1.7514833e+01  -2.4916793e+01   2.4656048e+01
  -8.2478635e+00  -1.8240549e+01  -1.1545615e+01   7.5217033e+00   1.6259128e+01  -2.4479849e+01   2.4154686e+01
  -7.8142875e+00  -1.8047887e+01  -1.1805946e+01   6.5847633e+00   1.4200129e+01  -2.3429438e+01   2.3550738e+01
  -1.0577733e+01  -1.3976251e+01  -1.3910339e+01   3.0804835e+00   1.6261968e+01  -2.3529640e+01   2.2378918e+01
  -1.1804132e+01  -1.1098091e+01  -1.4940845e+01   1.1056323e-01   1.5540556e+01  -2.2904960e+01   2.1846691e+01
  -1.1836282e+01  -1.1154069e+01  -1.5455271e+01   1.5535060e+00   1.4271124e+01  -2.3621969e+01   2.0507575e+01
  -1.1427038e+01  -9.6798161e+00  -1.6068065e+01   3.9818036e-01   1.2260235e+01  -2.2797387e+01   1.8735427e+01
  -1.1408141e+01  -1.1164165e+01  -1.6143865e+01   1.8221815e+00   1.0268540e+01  -2.2138054e+01   1.7605524e+01
  -1.1174447e+01  -9.2998832e+00  -1.7263429e+01  -2.6856344e-01   8.5993758e+00  -2.1952081e+01   1.6308378e+01
  -9.1804284e+00  -1.0476833e+01  -1.7945389e+01   1.5509855e+00   5.7063524e+00  -2.1475960e+01   1.4587053e+01
  -8.3338695e+00  -1.3262425e+01  -1.8809519e+01   5.1634432e+00   4.5471523e+00  -2.0444107e+01   1.0959144e+01
  -7.5173262e+00  -1.1989452e+01  -1.9154596e+01   5.8665573e+00   1.7451196e+00  -2.0952049e+01   9.0400673e+00
  -6.8370750e+00  -1.5757813e+01  -2.0102794e+01   1.1943089e+01   2.0243422e-02  -2.1849174e+01   6.2165476e+00
  -5.1771788e+00  -1.8719238e+01  -2.0649351e+01   1.6437714e+01  -2.5949550e+00  -2.2430836e+01   3.9159268e+00
  -5.4997406e+00  -1.7568138e+01  -2.1176132e+01   1.6504525e+01  -3.1374083e+00  -2.3215953e+01   3.3891823e+00
  -4.2262199e+00  -1.9099359e+01  -1.9612868e+01   1.6883671e+01  -6.1289404e+00  -2.3712670e+01   2.5693358e+00
  -7.3833209e+00  -1.3697980e+01  -1.9908326e+01   2.8836730e+00   4.7568674e-01  -2.4001979e+01   1.6872736e+00
  -7.2429783e+00  -1.5425352e+01  -1.8608045e+01   4.0228367e+00   3.7939461e+00  -3.1515164e+01  -2.5860203e-01
  -4.9664894e+00  -1.8167567e+01  -1.8727716e+01   1.0157234e+01   1.1517394e+01  -4.0459639e+01  -1.1555196e+00
  -3.3304166e+00  -1.6903020e+01  -1.7874999e+01   7.9601276e+00   1.6461810e+01  -4.1579312e+01   3.3327631e-01
  -3.3030268e+00  -1.1228109e+01  -1.7065285e+01   3.7893859e+00   2.3740615e+01  -4.1297973e+01  -5.7233946e-01
  -4.0253534e+00  -7.4187296e+00  -1.6492245e+01  -2.5447893e+00   3.1268801e+01  -3.6338908e+01  -2.4116602e+00
  -4.1252832e+00  -9.9874577e+00  -1.3340638e+01  -4.3211536e+00   3.4862126e+01  -2.8465182e+01  -2.2193243e+00
  -3.8582555e+00  -1.1977103e+01  -9.2236164e+00   7.3375986e-02   3.4030392e+01  -2.6204602e+01  -6.7390408e+00
  -4.0569586e+00  -1.2015337e+01  -5.8892166e+00   3.3151021e+00   3.4434640e+01  -2.5257297e+01  -8.9078159e+00
  -5.0098590e+00   1.9846625e+00  -4.3308148e+00  -6.2570067e+00   3.6125219e+01  -2.4914166e+01  -1.0301497e+01
  -3.2670116e+00  -5.6742605e+00  -9.8354961e-01   3.5230299e+00   3.3932950e+01  -2.4326785e+01  -1.1052204e+01
  -5.3225493e+00  -1.1635370e+01   1.0072788e+00   1.2618215e+01   3.6375348e+01  -2.3407177e+01  -1.1925250e+01
  -9.8043167e+00  -1.3746310e+01   3.2316171e+00   1.5341649e+01   3.8918456e+01  -1.9971765e+01  -1.1943869e+01
  -7.6723775e+00  -1.3590062e+01   4.0244644e+00   1.8078387e+01   3.7143298e+01  -2.0783100e+01  -1.2181313e+01
  -8.4826196e+00  -1.4283505e+01   4.8522349e+00   1.9550708e+01   3.7260240e+01  -2.0488139e+01  -1.2847279e+01
  -1.0027950e+01  -1.2741595e+01   7.0214791e+00   2.0511153e+01   3.7790232e+01  -1.8538209e+01  -1.3470690e+01
  -1.0810809e+01  -1.1001206e+01   7.5620060e+00   1.8278088e+01   3.6752930e+01  -1.7408136e+01  -1.1849594e+01
  -1.0190195e+01  -9.1571914e+00   5.5015543e+00   1.4563553e+01   3.6669778e+01  -1.7407308e+01  -6.8339925e+00
  -9.6772224e+00  -8.6851952e+00   3.5409104e+00   1.0944051e+01   3.5853568e+01  -1.7059601e+01  -6.3114854e-01
  -8.9143859e+00  -8.2791329e+00   1.9942396e+00   1.0666207e+01   3.4976202e+01  -1.9476504e+01   1.0345620e+00
  -9.6082754e+00  -5.0279248e+00   7.5395150e-01   6.1884887e+00   3.4132179e+01  -2.0723095e+01   3.7226872e+00
  -8.6320924e+00  -3.4474000e+00  -1.0175164e+00   4.1897199e+00   3.2622338e+01  -2.2559655e+01   7.8657464e+00
  -8.9796522e+00  -1.7511882e+00  -2.7214034e+00   3.8190387e-01   3.2137883e+01  -2.2058407e+01   1.2206977e+01
  -8.7735382e+00  -1.5974097e+00  -3.8811199e+00  -1.0736609e-01   3.0283584e+01  -2.3918605e+01   1.4429311e+01
  -8.8182700e+00  -6.7483645e+00  -4.4373420e+00   5.4890730e+00   2.9942315e+01  -2.5964394e+01   1.7437217e+01
  -8.9546732e+00  -1.0964270e+01  -5.3550602e+00   9.0631243e+00   2.9577192e+01  -2.7023590e+01   1.9462855e+01
  -9.6895300e+00  -1.3431486e+01  -6.4483581e+00   8.2689403e+00   2.9392887e+01  -2.6117464e+01   2.2747161e+01
  -9.7701751e+00  -1.1294429e+01  -7.5407182e+00   7.2542404e+00   2.8002786e+01  -2.9295640e+01   2.3331885e+01
  -9.0575095e+00  -1.0823443e+01  -8.6388922e+00   4.4199404e+00   2.6604260e+01  -2.8327329e+01   2.5497207e+01
  -8.6182726e+00  -1.2638112e+01  -9.5173533e+00   5.2949740e+00   2.5921623e+01  -2.8794337e+01   2.8257500e+01
  -7.5827406e+00  -1.1367998e+01  -1.0148371e+01   4.4525818e+00   2.4086109e+01  -2.9229843e+01   2.7534640e+01
  -6.9547099e+00  -1.3817823e+01  -1.0086420e+01   6.5081238e+00   2.2396644e+01  -2.9216780e+01   2.7427257e+01
  -7.0670501e+00  -1.0369495e+01  -1.1612329e+01   2.8011403e+00   2.2124592e+01  -2.9882509e+01   2.8280375e+01
  -6.7532070e+00  -1.2621634e+01  -1.1392184e+01   5.5135758e+00   2.0668888e+01  -3.1306338e+01   2.8775233e+01
  -9.8846331e+00  -5.8501463e+00  -1.5287908e+01  -2.7465571e+00   2.3382307e+01  -3.0817804e+01   2.9282792e+01
  -9.7953406e+00  -9.8390204e+00  -1.5333232e+01  -3.4049556e-01   2.1961689e+01  -2.9601557e+01   3.0123106e+01
  -9.3608339e+00  -1.4692864e+01  -1.4927100e+01   4.4627675e+00   2.0137760e+01  -3.0194233e+01   3.0445621e+01
  -8.8979420e+00  -1.2625130e+01  -1.5307758e+01   1.1402260e+00   1.8115442e+01  -2.8731867e+01   3.0822548e+01
  -8.5091594e+00  -1.1421834e+01  -1.5573432e+01  -7.3052132e-01   1.6405419e+01  -2.7678420e+01   3.0691145e+01
  -8.8490982e+00  -5.6461443e+00  -1.7072700e+01  -6.8455496e+00   1.5584557e+01  -2.7406275e+01   3.0155208e+01
  -9.9351978e+00  -5.5461358e+00  -1.7980144e+01  -6.5987891e+00   1.6099842e+01  -2.7467247e+01   2.9637704e+01
  -1.0700474e+01  -2.5727456e+00  -1.8890959e+01  -8.8391371e+00   1.5269702e+01  -2.7907081e+01   2.8144895e+01
  -1.0424180e+01  -5.4087409e+00  -1.8271399e+01  -6.8211922e+00   1.3888595e+01  -2.6844933e+01   2.6760506e+01
  -1.0242987e+01  -8.0680137e+00  -1.7887474e+01  -2.9624635e+00   1.2660692e+01  -2.6972310e+01   2.6666197e+01
  -1.0701403e+01  -8.0488402e+00  -1.8256755e+01  -3.9400422e+00   1.1882178e+01  -2.5151648e+01   2.6010977e+01
  -1.1618768e+01  -6.4892208e+00  -1.9028642e+01  -4.7669006e+00   1.1219900e+01  -2.5025455e+01   2.4836044e+01
  -9.4916195e+00  -7.4842352e+00  -1.8819386e+01  -3.9678050e+00   8.2734289e+00  -2.4730396e+01   2.3681385e+01
  -7.9397769e+00  -1.0590674e+01  -1.8256876e+01  -8.9123277e-01   5.9991523e+00  -2.4895496e+01   2.3504024e+01
  -8.4186524e+00  -1.1693448e+01  -1.8189597e+01   1.1166780e+00   6.8395429e+00  -2.8591979e+01   2.2193490e+01
  -7.6753525e+00  -1.2221434e+01  -1.9277851e+01   2.1466707e+00   1.0280738e+01  -3.6069497e+01   2.4199663e+01
  -7.3565074e+00  -8.9140997e+00  -2.1222078e+01  -3.0153632e+00   1.4974893e+01  -3.9294838e+01   2.1221624e+01
  -6.3174749e+00  -1.1078816e+00  -2.2620576e+01  -9.9853223e+00   2.1489964e+01  -4.1685163e+01   2.0748616e+01
  -2.1536292e+00  -7.0371272e+00  -1.9091390e+01  -5.9256142e-01   2.3818230e+01  -4.5248999e+01   1.9837480e+01
  -2.8754867e+00  -6.2868985e+00  -1.9512545e+01  -3.0356622e+00   2.9843007e+01  -4.3117140e+01   1.5662077e+01
  -3.6902241e+00  -5.2406974e+00  -1.6026147e+01  -3.5389818e+00   3.1997760e+01  -3.6845167e+01   1.3470770e+01
  -2.2588506e+00  -1.1124670e+01  -1.0860963e+01   3.2779513e+00   3.2374808e+01  -3.2487977e+01   7.2243112e+00
  -2.4277593e+00  -1.5124797e+01  -7.0874555e+00   9.7650070e+00   3.4274157e+01  -3.0555883e+01   5.7285005e+00
  -2.2371542e+00  -1.1592911e+01  -3.7590318e+00   8.0804396e+00   3.5617164e+01  -2.8129152e+01   4.4243174e+00
  -3.4015177e+00  -9.6910620e+00  -2.4561904e+00   6.0945993e+00   3.6611929e+01  -2.5933646e+01  -7.8900794e-01
  -5.1878305e+00  -1.2389110e+01  -1.0761639e+00   9.7966458e+00   3.7364395e+01  -2.4094385e+01  -7.6128964e-02
  -7.1773894e+00  -1.2749745e+01  -5.3661894e-01   1.2840547e+01   3.7654463e+01  -2.4428399e+01  -3.5978641e+00
  -8.4325053e+00  -1.7082670e+01   4.2484713e-01   1.8812124e+01   3.6834172e+01  -2.4315161e+01  -3.3869346e+00
  -8.8056018e+00  -1.4051731e+01   1.5785967e+00   1.6364569e+01   3.4584343e+01  -2.2797478e+01  -4.4235111e+00
  -9.8354816e+00  -1.0231969e+01   1.6939549e+00   1.0690874e+01   3.4780704e+01  -1.7907059e+01  -4.6274568e+00
  -1.1166560e+01  -1.2327773e+01   2.3031136e+00   1.3329835e+01   3.4348578e+01  -1.7100883e+01  -4.6728246e-01
  -1.0689076e+01  -1.2935484e+01   1.3803765e+00   1.3004971e+01   3.2602581e+01  -1.7256492e+01   1.5618822e+00
  -1.0646025e+01  -1.6199236e+01   1.1004693e+00   1.7323039e+01   3.1450785e+01  -1.9713352e+01   3.3831691e+00
  -1.1270541e+01  -2.2318844e+01   1.1717238e+00   2.2151419e+01   3.0899691e+01  -1.9598537e+01   5.6601393e+00
  -1.0663940e+01  -1.9102512e+01  -4.0217085e-01   1.8664627e+01   2.9787423e+01  -2.0541698e+01   6.2490613e+00
  -1.0715522e+01  -2.4555961e+01  -4.1410233e-01   2.5147153e+01   2.8898854e+01  -2.2696007e+01   8.0902804e+00
  -1.1291651e+01  -2.1304732e+01  -1.8575849e+00   2.1008588e+01   2.8925542e+01  -2.3205431e+01   8.8338253e+00
  -1.2353372e+01  -2.1596783e+01  -2.1712405e+00   2.2405341e+01   2.8262777e+01  -2.5308127e+01   1.1295816e+01
  -1.2084698e+01  -1.6158114e+01  -4.2402597e+00   1.6355479e+01   2.7188921e+01  -2.6140784e+01   1.3848410e+01
  -1.1205517e+01  -1.5436140e+01  -5.6492722e+00   1.3552783e+01   2.6005862e+01  -2.5363945e+01   1.2940498e+01
  -1.2428929e+01  -2.0423812e+01  -5.4393545e+00   1.7355845e+01   2.5877982e+01  -2.4945134e+01   1.4198507e+01
  -1.0705325e+01  -1.8601715e+01  -6.7353716e+00   1.5144830e+01   2.3733910e+01  -2.5097526e+01   1.5566863e+01
  -1.0191277e+01  -2.3475292e+01  -6.5226714e+00   1.8107166e+01   2.2041629e+01  -2.4029157e+01   1.7974187e+01
  -1.0216472e+01  -2.1476943e+01  -7.4835525e+00   1.5254538e+01   2.1288375e+01  -2.3246831e+01   1.7432949e+01
  -9.9661040e+00  -2.0083196e+01  -9.3287613e+00   1.3550056e+01   2.0941787e+01  -2.4729994e+01   1.8071853e+01
  -1.1145327e+01  -1.4929191e+01  -1.0925355e+01   7.3666112e+00   2.0880257e+01  -2.3735967e+01   1.9048125e+01
  -1.1725486e+01  -1.4157211e+01  -1.1897630e+01   6.8599763e+00   2.0520066e+01  -2.4594449e+01   2.0063189e+01
  -1.0312363e+01  -1.8292675e+01  -1.1540408e+01   1.0648024e+01   1.7474881e+01  -2.4895999e+01   1.9937953e+01
  -1.1030810e+01  -1.1236335e+01  -1.3468107e+01   2.6289713e+00   1.7512551e+01  -2.4160862e+01   1.9738663e+01
  -1.1569141e+01  -7.0724432e+00  -1.4915965e+01  -1.7805888e+00   1.6816245e+01  -2.3751622e+01   1.9527991e+01
  -1.0040301e+01  -1.0297172e+01  -1.3625219e+01   9.1949024e-01   1.2961706e+01  -2.2855871e+01   1.9002899e+01
  -1.1513139e+01  -6.3278494e+00  -1.5624081e+01  -3.1210746e+00   1.3580158e+01  -2.2421662e+01   1.7038220e+01
  -1.2315351e+01  -3.7055202e+00  -1.6900914e+01  -6.4902023e+00   1.3237942e+01  -2.1182993e+01   1.6875933e+01
  -1.0680908e+01  -4.6174084e+00  -1.6933447e+01  -3.6159396e+00   1.0535250e+01  -2.2494582e+01   1.5972412e+01
  -1.0985222e+01  -4.4092212e+00  -1.7631256e+01  -3.8654027e+00   9.6855223e+00  -2.1768633e+01   1.4595850e+01
  -9.4540899e+00  -7.5058118e+00  -1.6815994e+01   1.3504701e+00   6.7425961e+00  -2.2468136e+01   1.3642449e+01
  -1.0814664e+01  -6.4378353e+00  -1.7277264e+01   1.0334119e+00   6.6036170e+00  -2.2245382e+01   1.1900688e+01
  -9.4896397e+00  -6.0689952e+00  -1.7958877e+01  -1.1370054e+00   4.9736234e+00  -1.9373005e+01   1.1287767e+01
  -7.7582726e+00  -1.0578512e+01  -1.7440163e+01   5.8447712e+00   2.6690681e+00  -2.1592276e+01   9.5270736e+00
  -7.5168287e+00  -1.1230324e+01  -1.7777622e+01   7.9350588e+00   1.2805987e+00  -2.2937205e+01   9.7953833e+00
  -6.7499106e+00  -1.0294263e+01  -1.8024942e+01   7.0304520e+00   3.4644280e-01  -2.3896146e+01   9.4744160e+00
  -7.6911119e+00  -8.7738928e+00  -1.9283500e+01   1.8046774e+00   4.4936939e+00  -2.5803237e+01   6.9537914e+00
  -8.4666398e+00  -1.1985259e+01  -1.8729818e+01   3.7092485e+00   6.1000201e+00  -3.1904087e+01   1.0938962e+01
  -9.4607328e+00  -8.2489491e+00  -2.0935629e+01  -1.7720658e+00   1.2457685e+01  -3.4777620e+01   1.0244310e+01
  -7.0231702e+00  -7.3994725e+00  -1.9419530e+01  -4.6802606e+00   1.5933578e+01  -3.5206234e+01   9.3454715e+00
  -6.2349997e+00  -6.1134102e+00  -1.9722980e+01  -5.9811350e+00   2.3027709e+01  -3.5992738e+01   7.3466915e+00
  -6.5371598e+00  -8.5830951e+00  -1.7989094e+01  -7.2829815e-01   2.8260686e+01  -3.6963699e+01   4.4837672e+00
  -5.8869644e+00  -1.0130257e+01  -1.4350246e+01   2.0445109e+00   3.1483269e+01  -3.2469932e+01   2.1942290e+00
  -3.5097154e+00  -1.2559090e+01  -9.5488094e+00   7.2986940e+00   3.1437178e+01  -3.0861519e+01  -1.1074937e-01
  -3.6551944e+00  -7.8484922e+00  -6.4148977e+00   5.3045097e+00   3.3397006e+01  -2.8922235e+01  -1.5307998e+00
  -4.0017758e+00  -5.5100158e+00  -3.9181109e+00   5.0079138e+00   3.4376509e+01  -2.8158627e+01  -3.1871257e+00
  -2.9024093e+00  -9.0292784e+00  -1.2051893e+00   7.6298221e+00   3.3879694e+01  -2.5000232e+01  -4.9487687e+00
  -5.2191728e+00  -1.1683102e+01   4.8805738e-01   1.3113510e+01   3.6823720e+01  -2.4391439e+01  -5.8486117e+00
  -7.2615838e+00  -1.0663916e+01   1.8419368e+00   1.3270910e+01   3.7527012e+01  -2.3625812e+01  -8.3515935e+00
  -9.1630092e+00  -1.1897835e+01   3.1875320e+00   1.3473620e+01   3.7916049e+01  -1.8900185e+01  -1.1657359e+01
  -9.1559117e+00  -1.0624126e+01   4.8097997e+00   1.6261275e+01   3.7238756e+01  -1.9171943e+01  -1.2314205e+01
  -1.0897203e+01  -1.1754304e+01   7.0603163e+00   1.8827447e+01   3.6347959e+01  -1.5851532e+01  -1.6665427e+01
  -9.4657213e+00  -1.1574280e+01   6.4822450e+00   1.8870568e+01   3.3718135e+01  -1.6008598e+01  -1.2322872e+01
  -9.9400648e+00  -9.3766213e+00   4.8935182e+00   1.6282761e+01   3.4204980e+01  -1.6514462e+01  -1.0986302e+01
  -1.1052361e+01  -6.9511640e+00   3.2474728e+00   1.0311972e+01   3.3419906e+01  -1.5564624e+01  -8.0123814e+00
  -1.0583317e+01  -3.6275554e+00   1.7725712e+00   6.3698947e+00   3.2015532e+01  -1.6407288e+01  -4.7123987e+00
  -1.0232031e+01  -4.2008834e+00   5.1672587e-01   6.5696715e+00   3.1494315e+01  -1.7469928e+01  -2.1219460e+00
  -9.7169612e+00  -6.3836784e+00  -1.5436256e-01   8.3773091e+00   3.0513842e+01  -1.7994308e+01  -7.3096915e-01
  -9.8811178e+00  -9.3506844e+00  -2.7876911e-01   1.1339358e+01   2.9477451e+01  -1.8799289e+01   7.4988283e-01
  -1.0191751e+01  -1.3941788e+01  -8.3199218e-01   1.5582374e+01   2.9018786e+01  -2.0130198e+01   2.6026601e+00
  -1.0776001e+01  -1.4889295e+01  -1.2282192e+00   1.6375941e+01   2.8377830e+01  -2.1286261e+01   5.9681415e+00
  -1.0701318e+01  -1.0434790e+01  -3.3072009e+00   9.7676737e+00   2.8457134e+01  -2.0061452e+01   6.9696350e+00
  -1.0522470e+01  -8.2943935e+00  -4.3454592e+00   8.3484158e+00   2.7267363e+01  -2.1855346e+01   7.3254618e+00
  -9.0834817e+00  -1.1408997e+01  -4.4026363e+00   1.3188891e+01   2.4991403e+01  -2.4276146e+01   8.8609191e+00
  -9.7150153e+00  -8.9948011e+00  -5.7486749e+00   9.3263930e+00   2.5038834e+01  -2.3348931e+01   1.0220102e+01
  -1.0391761e+01  -1.1808969e+01  -5.9574808e+00   1.0639328e+01   2.4952872e+01  -2.2728276e+01   1.0917103e+01
  -1.0436037e+01  -2.1288248e+01  -4.9233514e+00   2.1545906e+01   2.3746365e+01  -2.5388662e+01   1.2431817e+01
  -1.0530886e+01  -1.4535377e+01  -6.6853069e+00   1.3334772e+01   2.2990487e+01  -2.4933803e+01   1.4258230e+01
  -1.1792587e+01  -9.4746508e+00  -9.0278100e+00   7.2844756e+00   2.3761108e+01  -2.5111751e+01   1.5508751e+01
  -1.2073696e+01  -9.6501682e+00  -1.0006752e+01   6.7607604e+00   2.3507223e+01  -2.5211062e+01   1.5596943e+01
  -1.2245341e+01  -4.7224241e+00  -1.2393925e+01   1.3433852e+00   2.3001449e+01  -2.6251701e+01   1.7030623e+01
  -1.1701191e+01  -7.0412668e+00  -1.2004864e+01   2.6004656e+00   2.1034932e+01  -2.5524598e+01   1.7588876e+01
  -1.0706436e+01  -7.5820909e+00  -1.2280561e+01   1.4465209e+00   1.8940427e+01  -2.4964654e+01   1.9060834e+01
  -1.0895177e+01  -6.4219903e+00  -1.3212279e+01   1.0019779e+00   1.8144232e+01  -2.6109438e+01   1.9655669e+01
  -1.1137718e+01  -4.9345903e+00  -1.4181546e+01  -2.6366137e+00   1.7085646e+01  -2.4969355e+01   2.0578519e+01
  -1.1930765e+01  -2.1997985e+00  -1.5479900e+01  -8.1505780e+00   1.6267324e+01  -2.2404107e+01   2.1075845e+01
  -1.1255467e+01  -2.7799616e+00  -1.5530651e+01  -7.9689732e+00   1.3945011e+01  -2.1682116e+01   2.1294255e+01
  -1.1538522e+01  -9.6531478e-01  -1.6362899e+01  -1.0382297e+01   1.2777771e+01  -2.1728836e+01   2.1518308e+01
  -1.2074168e+01  -2.0072669e+00  -1.7204469e+01  -8.2718051e+00   1.2844384e+01  -2.3450502e+01   2.2523514e+01
  -1.1773621e+01  -2.2461371e+00  -1.7645423e+01  -9.2712541e+00   1.1783284e+01  -2.2311885e+01   2.2910347e+01
  -1.1956969e+01  -5.2980814e+00  -1.7565494e+01  -6.3585815e+00   1.0960762e+01  -2.2473280e+01   2.2880599e+01
  -1.2097301e+01  -3.8613633e+00  -1.8930494e+01  -6.9815261e+00   1.0631357e+01  -2.3513081e+01   2.1791376e+01
  -1.1872130e+01  -4.4797532e+00  -1.9390965e+01  -6.6034176e+00   1.0415871e+01  -2.4453365e+01   2.2136772e+01
  -9.3980872e+00  -5.5065949e+00  -1.8414710e+01  -7.0317888e+00   9.5006814e+00  -2.5412836e+01   2.0704106e+01
  -8.6651798e+00  -7.4085506e+00  -1.8857463e+01  -3.3680353e+00   1.4417113e+01  -3.4678259e+01   2.0476381e+01
  -5.4967208e+00  -7.7397846e+00  -1.8539365e+01  -4.2517795e+00   2.0002602e+01  -3.9227186e+01   1.8654650e+01
  -4.6905349e+00  -2.2878932e+00  -1.9237737e+01  -7.3793707e+00   2.7210222e+01  -4.2330797e+01   1.6466485e+01
  -4.7596138e+00  -3.1707072e+00  -1.9560718e+01  -6.4482909e+00   3.1378180e+01  -4.1848707e+01   1.3571279e+01
  -4.1012347e+00  -1.0601468e+01  -1.5624033e+01  -7.6397981e-01   3.4070406e+01  -3.6227804e+01   1.1362829e+01
  -1.5788161e+00  -9.8615248e+00  -1.1077322e+01   6.2782440e-01   3.3237551e+01  -3.2521984e+01   6.6039963e+00
  -1.8961225e+00  -1.5822481e+01  -6.9869057e+00   1.0370412e+01   3.4195243e+01  -3.1492306e+01   2.1793505e+00
  -1.8516963e+00  -7.2219103e+00  -3.8260121e+00   5.1370656e+00   3.4721784e+01  -2.8767586e+01   6.3419424e-01
  -4.0156977e+00  -6.0517318e+00  -1.7386200e+00   4.5149369e+00   3.5808566e+01  -2.5174379e+01  -1.9417756e+00
  -7.2550920e+00  -9.6851040e+00  -8.2045254e-01   1.1331897e+01   3.7871363e+01  -2.4919954e+01  -4.8357809e+00
  -7.8781133e+00  -1.1826995e+01   1.5970169e+00   1.5582071e+01   3.6396663e+01  -2.2866664e+01  -5.5175355e+00
  -7.2449021e+00  -1.3034574e+01   3.5523384e+00   2.0843897e+01   3.4845545e+01  -2.2903129e+01  -7.2550406e+00
  -9.2617025e+00  -1.1370182e+01   6.1617504e+00   1.8274362e+01   3.4347053e+01  -1.7018099e+01  -7.7996747e+00
  -9.4650655e+00  -1.0597576e+01   5.0827842e+00   1.6070103e+01   3.4294677e+01  -1.6507353e+01  -7.2796346e+00
  -9.5052851e+00  -8.3086672e+00   3.4726691e+00   1.3263320e+01   3.3640358e+01  -1.7980744e+01  -6.2911325e+00
  -9.4151862e+00  -1.2158787e+01   2.4223988e+00   1.6536113e+01   3.3028265e+01  -1.9477889e+01  -1.4285753e+00
  -9.1891386e+00  -8.7250801e+00   7.6952395e-01   1.3669304e+01   3.1160215e+01  -2.2210239e+01   8.0712860e-01
  -8.1729889e+00  -3.2841804e+00  -1.2845469e+00   6.9697899e+00   2.9589201e+01  -2.2659631e+01   2.9434471e+00
  -7.9379740e+00  -4.3095316e+00  -2.1974149e+00   7.5019753e+00   2.8909756e+01  -2.3666094e+01   5.2872691e+00
  -7.7885676e+00  -5.0243848e+00  -3.0135607e+00   7.9697199e+00   2.7993176e+01  -2.4720368e+01   8.1229867e+00
  -7.8301629e+00  -7.2102425e+00  -3.3109053e+00   1.0851627e+01   2.6834720e+01  -2.6639468e+01   9.7382531e+00
  -8.8278496e+00  -6.5766979e+00  -4.5023262e+00   8.7409947e+00   2.7139175e+01  -2.6131914e+01   1.1886897e+01
  -1.0404836e+01  -1.0881607e+01  -4.6473494e+00   1.1771379e+01   2.7200136e+01  -2.5824924e+01   1.2659423e+01
  -1.0596006e+01  -9.3637194e+00  -5.8926951e+00   8.9686534e+00   2.6843644e+01  -2.5434318e+01   1.4122802e+01
  -1.1022487e+01  -9.0141911e+00  -7.2802561e+00   8.2581653e+00   2.7049541e+01  -2.6463976e+01   1.5205841e+01
  -1.0578955e+01  -1.5668452e+01  -6.5780095e+00   1.4636918e+01   2.5591392e+01  -2.6747778e+01   1.6130275e+01
  -1.1816938e+01  -6.1740660e+00  -9.8377714e+00   1.9188394e+00   2.6649494e+01  -2.4132915e+01   1.7055038e+01
  -1.0907123e+01  -8.6672142e+00  -9.6861697e+00   3.8919639e+00   2.4689225e+01  -2.4803555e+01   1.8819693e+01
  -1.0423834e+01  -1.1317640e+01  -9.6747521e+00   6.3942546e+00   2.3523928e+01  -2.5658835e+01   2.0454545e+01
  -9.4266944e+00  -1.1167554e+01  -9.8923974e+00   5.1128373e+00   2.0953709e+01  -2.5150360e+01   2.0943830e+01
  -9.1340775e+00  -9.9373156e+00  -1.0970778e+01   3.0953649e+00   2.0105855e+01  -2.5840817e+01   2.1887807e+01
  -8.9232322e+00  -1.0831657e+01  -1.1536525e+01   3.0490444e+00   1.8861852e+01  -2.4894025e+01   2.2727129e+01
  -1.0151747e+01  -9.7584532e+00  -1.2600616e+01   1.6101141e+00   1.9086984e+01  -2.4624519e+01   2.2601228e+01
  -1.0967883e+01  -5.1340840e+00  -1.4395728e+01  -2.4684258e+00   1.9184374e+01  -2.5347780e+01   2.2580308e+01
  -1.0082726e+01  -8.5680078e+00  -1.3534616e+01   5.6317208e-02   1.6801368e+01  -2.5048767e+01   2.3214057e+01
  -1.0474453e+01  -6.2321208e+00  -1.4859622e+01  -3.3675224e+00   1.6773046e+01  -2.4260256e+01   2.2815389e+01
  -1.0350025e+01  -4.2335655e+00  -1.5806334e+01  -7.1828369e+00   1.5391860e+01  -2.2133920e+01   2.2638189e+01
  -1.1004401e+01  -3.7713434e+00  -1.6403848e+01  -8.0340282e+00   1.4771073e+01  -2.1883765e+01   2.2487063e+01
  -1.0531038e+01  -3.7903584e+00  -1.6047125e+01  -8.0406572e+00   1.2471268e+01  -2.1710572e+01   2.1633075e+01
  -1.2015866e+01  -2.4800301e+00  -1.7575224e+01  -8.7984820e+00   1.2906202e+01  -2.2424122e+01   2.1400216e+01
  -1.1366912e+01  -3.2517788e+00  -1.7395845e+01  -7.6916496e+00   1.0337525e+01  -2.1786308e+01   1.9851516e+01
  -1.1016934e+01  -3.7993724e+00  -1.8159670e+01  -5.1295559e+00   8.6429549e+00  -2.3351885e+01   1.7876612e+01
  -9.6634377e+00  -5.4003551e+00  -1.8324012e+01  -1.9467977e+00   5.9834041e+00  -2.4269017e+01   1.9264595e+01
  -9.0520270e+00  -7.1934310e+00  -1.8835800e+01   9.8068520e-01   4.8635995e+00  -2.4619164e+01   1.8064918e+01
  -8.7453332e+00  -6.2691278e+00  -1.9314939e+01   2.2642129e+00   3.8374793e+00  -2.6782003e+01   1.6261275e+01
  -7.5457418e+00  -8.3922254e+00  -1.9247770e+01   4.1487715e+00   1.8708282e+00  -2.6044959e+01   1.5026936e+01
  -7.3105378e+00  -9.2810948e+00  -2.0061593e+01   5.1042506e+00   2.2809409e+00  -2.7124088e+01   1.4436364e+01
  -8.4488204e+00  -7.5935351e+00  -2.0493523e+01  -6.7300408e-01   6.3394279e+00  -2.6256616e+01   1.3388341e+01
  -1.1175658e+01  -5.1676659e+00  -2.2768449e+01  -4.9968485e+00   1.3857916e+01  -3.1694135e+01   1.4204299e+01
  -1.0470743e+01  -6.8972257e+00  -2.2269109e+01   9.5479745e-02   1.6892608e+01  -4.0266572e+01   1.5293516e+01
  -7.2448980e+00  -5.8080553e+00  -2.0704324e+01  -5.5008708e+00   1.9771400e+01  -3.8365211e+01   1.1763647e+01
  -6.3080830e+00  -1.0081084e+01  -1.9147994e+01   1.2675722e+00   2.6106141e+01  -4.1156052e+01   1.0964068e+01
  -3.9263617e+00  -1.1784414e+01  -1.6115016e+01   2.0325670e+00   3.0471500e+01  -3.7710556e+01   5.3348373e+00
  -3.4743203e+00  -8.1693103e+00  -1.2274693e+01  -2.1793847e+00   3.2554810e+01  -3.2451934e+01   2.1056454e+00
  -2.4125287e+00  -1.6398141e+01  -7.5927887e+00   9.3119793e+00   3.0397397e+01  -3.0311014e+01  -3.3265379e+00
  -4.4227551e+00  -3.9094484e+00  -5.9519738e+00   2.1791262e-01   3.2993181e+01  -2.8112714e+01  -6.1431884e+00
  -5.1470722e+00  -9.0452887e+00  -3.0694452e+00   7.0729110e+00   3.3956475e+01  -2.5327849e+01  -6.5150782e+00
  -5.7698475e+00  -9.4741008e+00  -8.7627714e-01   1.1238605e+01   3.4087135e+01  -2.5809889e+01  -7.7869768e+00
  -7.9894649e+00  -1.2384592e+01   1.5061815e+00   1.5349968e+01   3.4190223e+01  -2.3684163e+01  -9.0206859e+00
  -8.0746731e+00  -1.1792952e+01   2.1328469e+00   1.5523785e+01   3.4308771e+01  -2.1273386e+01  -1.0784178e+01
  -9.9452721e+00  -1.0656321e+01   3.7871850e+00   1.5924506e+01   3.4483559e+01  -1.7787530e+01  -1.2374627e+01
  -1.0969214e+01  -1.4864218e+01   5.3962675e+00   2.1027865e+01   3.4103593e+01  -1.5324055e+01  -1.1617765e+01
  -1.0824131e+01  -1.4066968e+01   4.1930470e+00   1.8232145e+01   3.2489850e+01  -1.5834512e+01  -8.1034499e+00
  -1.0953456e+01  -6.3526371e+00   8.3455308e-01   7.7204019e+00   3.1963233e+01  -1.5876494e+01  -2.9668259e+00
  -1.1949382e+01  -1.8246138e+01   1.9058606e+00   1.9740059e+01   3.1941170e+01  -1.7719381e+01  -3.2137382e-01
  -1.2049700e+01  -2.1799837e+01   1.6634096e+00   2.3014860e+01   3.0717643e+01  -1.8994847e+01   2.0869242e+00
  -9.9979960e+00  -1.5755089e+01  -8.9551065e-01   1.7419903e+01   2.8200196e+01  -2.1177925e+01   3.6779073e+00
  -1.0295795e+01  -1.3899512e+01  -2.4037279e+00   1.3999767e+01   2.7975597e+01  -2.1040883e+01   6.4477514e+00
  -1.0418003e+01  -1.1668579e+01  -3.7842430e+00   1.1856011e+01   2.7133929e+01  -2.2392304e+01   7.5384525e+00
  -8.9270509e+00  -9.2669527e+00  -4.8938466e+00   9.1179013e+00   2.4813711e+01  -2.2753396e+01   1.1048761e+01
  -8.3296527e+00  -6.9835900e+00  -5.8519866e+00   7.8989309e+00   2.2883644e+01  -2.5277353e+01   1.1648222e+01
  -9.8919588e+00  -9.8657088e+00  -6.6957676e+00   1.0092441e+01   2.4035722e+01  -2.5514721e+01   1.3253546e+01
  -1.0572998e+01  -8.5128984e+00  -7.9372997e+00   7.3422740e+00   2.3732560e+01  -2.5575530e+01   1.5289867e+01
  -1.0761213e+01  -8.4622624e+00  -8.6440651e+00   5.8629311e+00   2.2794402e+01  -2.5093563e+01   1.6829524e+01
  -1.0064027e+01  -1.0330149e+01  -9.0561482e+00   5.8357085e+00   2.1579833e+01  -2.3881649e+01   1.7890776e+01
  -9.2778371e+00  -1.4201743e+01  -8.9854788e+00   8.7995353e+00   2.0145862e+01  -2.3764670e+01   1.8754019e+01
  -9.1549204e+00  -1.0314069e+01  -1.0326483e+01   4.1304722e+00   1.9321538e+01  -2.4034292e+01   1.9269902e+01
  -8.8628652e+00  -1.0573933e+01  -1.0682738e+01   4.4159706e+00   1.8009743e+01  -2.4682798e+01   2.0022830e+01
  -1.0793636e+01  -1.0675282e+01  -1.2317785e+01   4.0475701e+00   1.9546846e+01  -2.4919276e+01   1.9576765e+01
  -1.1146142e+01  -7.7006132e+00  -1.3438910e+01  -7.2570065e-01   1.8677893e+01  -2.3664608e+01   1.9864291e+01
  -1.1451886e+01  -1.4962291e+00  -1.4989240e+01  -6.5667749e+00   1.7617131e+01  -2.4031012e+01   2.0365405e+01
  -1.1785195e+01  -2.3229543e+00  -1.5601280e+01  -9.6065014e+00   1.6880792e+01  -2.0259668e+01   2.0855284e+01
  -1.1916426e+01  -1.8451709e+00  -1.5963358e+01  -1.0431668e+01   1.5182348e+01  -2.0377329e+01   2.0717978e+01
  -1.1846293e+01   2.6749290e-01  -1.6732150e+01  -1.1488038e+01   1.4129883e+01  -2.1470812e+01   2.0911758e+01
  -1.2043486e+01  -1.9297524e+00  -1.6784756e+01  -9.1688514e+00   1.2768079e+01  -2.1393850e+01   2.1006412e+01
  -1.2601837e+01   2.3075567e-01  -1.8177674e+01  -1.1948926e+01   1.2738510e+01  -2.0984217e+01   2.0907557e+01
  -1.2403044e+01   5.8538606e-01  -1.8848558e+01  -1.1891970e+01   1.1415896e+01  -2.0840821e+01   1.9808388e+01
  -1.1733102e+01  -3.7751932e+00  -1.8438917e+01  -6.8821984e+00   9.9451948e+00  -2.0981970e+01   1.8761830e+01
  -1.0112326e+01  -4.9811127e+00  -1.8602661e+01  -4.2843936e+00   7.5826417e+00  -2.2375217e+01   1.7722479e+01
  -9.4514981e+00  -6.7564075e+00  -1.9017234e+01  -2.6965234e+00   7.1065236e+00  -2.2360732e+01   1.6900189e+01
  -7.6288040e+00  -8.5640245e+00  -1.9131046e+01   1.6906510e+00   5.2765975e+00  -2.5625348e+01   1.6848559e+01
  -8.4323914e+00  -8.5200557e+00  -1.8993466e+01  -7.8423770e-01   7.6045637e+00  -2.6541060e+01   1.4531176e+01
  -8.8900660e+00  -1.3866751e+01  -1.7855455e+01   5.7575771e+00   1.0581599e+01  -3.4161335e+01   1.7203183e+01
  -8.0356348e+00  -9.0310720e+00  -1.9203907e+01  -3.6577833e-01   1.7204366e+01  -3.8478925e+01   1.4013185e+01
  -5.6885133e+00  -7.7135213e+00  -1.8739686e+01  -3.7738231e+00   2.0764199e+01  -4.0413105e+01   1.3961530e+01
  -4.3017225e+00  -6.5272746e+00  -1.7382410e+01  -2.9084614e+00   2.7239837e+01  -4.1946901e+01   1.0787245e+01
  -2.0063801e+00  -5.9850353e+00  -1.6539659e+01  -4.9353323e+00   3.0178337e+01  -4.0409855e+01   1.1665781e+01
  -1.5613263e+00  -9.9498470e+00  -1.2899866e+01  -2.5325887e-01   3.1396662e+01  -3.6780373e+01   1.0066051e+01
  -3.2279773e+00  -1.1412193e+01  -1.0050986e+01   3.3202498e+00   3.1452552e+01  -3.2975512e+01   5.5848132e+00
  -5.6521301e+00  -1.3756490e+01  -6.8070000e+00   9.3765117e+00   3.5235647e+01  -3.0217598e+01   3.3449592e+00
  -4.6679823e+00  -6.3367770e+00  -3.4136417e+00   3.8795009e+00   3.7511697e+01  -2.6601480e+01  -1.2046581e+00
  -5.0826647e+00  -5.7980652e+00   7.8440760e-01   7.1729620e+00   3.8097340e+01  -2.5496496e+01  -8.6907364e-01
  -7.9547374e+00  -8.2829652e+00   3.2180490e+00   1.3136912e+01   3.9156068e+01  -2.5338740e+01  -2.8116830e-01
  -7.8601087e+00  -1.0284797e+01   4.6128418e+00   1.6816349e+01   3.8834210e+01  -2.3624654e+01  -2.5961605e+00
  -8.4034482e+00  -1.3455819e+01   5.8627284e+00   2.0054780e+01   3.5964914e+01  -2.1547181e+01   9.5774674e-01
  -8.1459977e+00  -1.1399818e+01   3.6352095e+00   1.6832836e+01   3.5911866e+01  -2.2070436e+01   3.6193394e+00
  -8.3754225e+00  -5.7384147e+00   1.6213986e+00   8.3758597e+00   3.5457137e+01  -2.1358399e+01   4.9056254e+00
  -8.7020886e+00  -2.0556517e+00   4.1946330e-02   6.0465976e+00   3.4243198e+01  -2.4777673e+01   8.7697430e+00
  -7.4823348e+00  -5.8011032e+00  -4.9326871e-01   8.6084484e+00   3.2844705e+01  -2.4704024e+01   1.1131614e+01
  -8.4738708e+00  -6.4451990e+00  -1.5106648e+00   8.3069508e+00   3.2650471e+01  -2.5291375e+01   1.2259684e+01
  -7.6504251e+00  -8.2108852e+00  -2.1074853e+00   9.5743383e+00   3.0095542e+01  -2.6584324e+01   1.3527014e+01
  -8.8744912e+00  -8.6565538e+00  -3.4883033e+00   8.5472370e+00   3.0523004e+01  -2.6816235e+01   1.4766264e+01
  -9.4584595e+00  -1.3210086e+01  -3.6046984e+00   1.3065038e+01   3.0314198e+01  -2.7046145e+01   1.6363282e+01
  -1.0431563e+01  -1.3354844e+01  -4.7500398e+00   1.2348816e+01   3.0534303e+01  -2.7465832e+01   1.8244168e+01
  -9.7173115e+00  -1.2727775e+01  -5.2941867e+00   1.0916046e+01   2.8249475e+01  -2.7294275e+01   1.9559384e+01
  -1.0145690e+01  -1.1105497e+01  -6.5714039e+00   7.9416392e+00   2.7860383e+01  -2.7245738e+01   2.0962759e+01
  -8.9110680e+00  -9.4611789e+00  -7.5821564e+00   5.8831790e+00   2.6042373e+01  -2.7709708e+01   2.0919654e+01
  -8.8581443e+00  -1.1032906e+01  -7.7039461e+00   6.9151835e+00   2.4351962e+01  -2.7498847e+01   2.1687730e+01
  -9.2564077e+00  -1.1325833e+01  -8.7186730e+00   7.4177446e+00   2.3808043e+01  -2.8883284e+01   2.2029540e+01
  -9.0936624e+00  -9.3000831e+00  -1.0011853e+01   3.3265318e+00   2.2797026e+01  -2.7067310e+01   2.3736094e+01
  -8.9673344e+00  -4.9845253e+00  -1.1737448e+01  -1.7331774e+00   2.1784677e+01  -2.6822150e+01   2.3781978e+01
  -7.8172142e+00  -9.4862428e+00  -1.1345735e+01   9.7990088e-01   1.9325098e+01  -2.6115779e+01   2.5534887e+01
  -7.5016407e+00  -8.2583618e+00  -1.1986801e+01  -3.5208864e-01   1.7651726e+01  -2.6126185e+01   2.5588019e+01
  -7.5068784e+00  -7.8359627e+00  -1.2373352e+01   7.5548900e-01   1.6149561e+01  -2.7546549e+01   2.4800105e+01
  -9.5331728e+00  -8.2625775e+00  -1.3824556e+01  -6.6400542e-01   1.7273312e+01  -2.6107495e+01   2.5398487e+01
  -9.8656626e+00  -5.6480018e+00  -1.4729433e+01  -4.3613970e+00   1.6190572e+01  -2.4993283e+01   2.4912561e+01
  -1.0500853e+01  -3.8533467e+00  -1.6111590e+01  -7.0077577e+00   1.5101987e+01  -2.4632111e+01   2.4459607e+01
  -1.0211344e+01  -3.5758798e+00  -1.6673084e+01  -8.8525393e+00   1.3783300e+01  -2.3039730e+01   2.4368022e+01
  -1.1604355e+01  -4.5016004e-01  -1.7875217e+01  -1.1751817e+01   1.3223779e+01  -2.2684859e+01   2.4141795e+01
  -1.1503536e+01  -3.4653190e+00  -1.8103725e+01  -9.9019692e+00   1.2470462e+01  -2.1549289e+01   2.3186186e+01
  -1.0610593e+01  -4.7049822e+00  -1.7561059e+01  -7.6614038e+00   9.2606561e+00  -2.0946108e+01   2.1475792e+01
  -9.7310717e+00  -6.7754210e+00  -1.7222763e+01  -4.1944425e+00   6.5837863e+00  -2.1693713e+01   2.0011645e+01
  -9.7632937e+00  -4.9354392e+00  -1.8590652e+01  -3.1591674e+00   5.9173065e+00  -2.3749327e+01   1.8171208e+01
  -8.0622537e+00  -8.8673476e+00  -1.8411227e+01   2.8227698e+00   3.2804241e+00  -2.4591932e+01   1.6936211e+01
  -7.3259807e+00  -1.0288753e+01  -1.8247566e+01   5.1543313e+00   1.5169018e+00  -2.4486122e+01   1.4930509e+01
  -6.5858522e+00  -1.1358189e+01  -1.8366683e+01   6.1479998e+00  -7.9462725e-01  -2.2642590e+01   1.3688100e+01
  -6.5280182e+00  -1.1483448e+01  -1.9099253e+01   6.5815023e+00  -1.3158973e+00  -2.2275145e+01   1.1884504e+01
  -6.5724815e+00  -1.2432939e+01  -1.9469975e+01   9.1953077e+00  -6.3791265e-01  -2.6005528e+01   1.0676969e+01
  -5.4521216e+00  -1.3848256e+01  -1.9311339e+01   7.9260880e+00   3.8214112e-01  -2.6897940e+01   8.4094935e+00
  -7.8114527e+00  -1.2408282e+01  -1.9662881e+01   4.6266109e+00   5.8106386e+00  -3.2355890e+01   9.9412322e+00
  -7.6651239e+00  -1.1017407e+01  -1.8836603e+01   2.1991170e+00   8.5594836e+00  -3.5589284e+01   8.1282819e+00
  -5.3930236e+00  -1.3941981e+01  -1.9658578e+01   4.9235183e+00   1.2455748e+01  -4.0259234e+01   7.9330695e+00
  -4.5016438e+00  -8.9228355e+00  -2.1078151e+01  -1.4533946e+00   1.9918024e+01  -4.0193625e+01   8.4723102e+00
  -3.2878914e+00  -9.2305710e+00  -1.9392787e+01   4.0390458e-01   2.5100421e+01  -4.0916692e+01   4.7927067e+00
  -3.2164316e+00  -5.7540643e+00  -1.8808790e+01  -2.3613396e+00   2.7585890e+01  -3.9296360e+01   7.5383780e+00
  -6.1110136e+00  -7.8533693e+00  -1.6930295e+01   9.7335253e-01   3.2211740e+01  -3.5895348e+01   8.1128182e+00
  -6.1443125e+00  -6.8763970e+00  -1.2712972e+01   1.1708223e+00   3.2257308e+01  -3.2127910e+01   2.2753665e+00
  -6.3574416e+00  -1.2601204e+01  -8.5708401e+00   1.0063834e+01   3.1306613e+01  -3.1262025e+01   5.2508076e-01
  -7.5103625e+00  -1.1091980e+01  -5.6461827e+00   7.9085489e+00   3.2268780e+01  -2.5827586e+01   1.9941557e+00
  -9.3862607e+00  -1.0392134e+01  -3.6195319e+00   7.6381166e+00   3.4320262e+01  -2.3261822e+01   1.3681666e+00
  -7.9804475e+00  -9.3407550e+00  -1.8482008e+00   7.0862034e+00   3.2417339e+01  -2.1717950e+01   3.7571209e-01
  -8.5490822e+00  -1.0553300e+01  -1.0705760e-01   1.1497715e+01   3.1465476e+01  -2.1546418e+01  -9.0377346e-01
  -9.9063021e+00  -1.0441853e+01   1.1914322e+00   1.3753274e+01   3.1284297e+01  -2.0709211e+01   1.1928388e+00
  -8.5660870e+00  -1.5947425e+01   9.2537622e-01   1.9656677e+01   2.8956928e+01  -2.2938479e+01   2.7409571e+00
  -8.8411065e+00  -1.4598550e+01  -5.0614161e-01   1.7705717e+01   2.8496060e+01  -2.3942544e+01   6.1206984e+00
  -8.6133162e+00  -1.3431041e+01  -1.8959659e+00   1.4908570e+01   2.7913448e+01  -2.3196121e+01   8.3427992e+00
  -9.9790048e+00  -1.7918085e+01  -2.3560889e+00   1.8879858e+01   2.8092545e+01  -2.3870526e+01   1.0283426e+01
  -1.0806414e+01  -1.5931994e+01  -3.4982713e+00   1.6945826e+01   2.7969700e+01  -2.4826812e+01   1.2052392e+01
  -1.1687285e+01  -1.5763556e+01  -4.4427662e+00   1.6468732e+01   2.7096330e+01  -2.6102412e+01   1.3471167e+01
  -1.1334946e+01  -2.0270332e+01  -4.6000891e+00   2.0271013e+01   2.5835499e+01  -2.6914921e+01   1.4688584e+01
  -1.1666813e+01  -1.3198421e+01  -6.9659961e+00   1.2041252e+01   2.5415827e+01  -2.6714062e+01   1.4862173e+01
  -1.1220022e+01  -1.1134288e+01  -7.8250889e+00   1.0066402e+01   2.3805767e+01  -2.7488434e+01   1.5339301e+01
  -1.2380928e+01  -1.0846895e+01  -9.1065294e+00   8.3067046e+00   2.4348209e+01  -2.6093084e+01   1.4744375e+01
  -1.1950188e+01  -8.0836389e+00  -1.0325364e+01   4.9740186e+00   2.3140107e+01  -2.5430719e+01   1.6000444e+01
  -1.2063004e+01  -8.7689945e+00  -1.1049171e+01   4.1044036e+00   2.2480392e+01  -2.3924830e+01   1.4844450e+01
  -1.1909025e+01  -1.0089109e+01  -1.1685715e+01   4.6511287e+00   2.1583216e+01  -2.3325904e+01   1.5628703e+01
  -1.1636781e+01  -1.1062460e+01  -1.1919167e+01   5.0953929e+00   1.9970436e+01  -2.2706071e+01   1.4898619e+01
  -1.0571532e+01  -9.5093181e+00  -1.2465535e+01   2.9262098e+00   1.7576649e+01  -2.2085025e+01   1.4519633e+01
  -1.0236616e+01  -1.2123330e+01  -1.2591595e+01   6.6311966e+00   1.6177256e+01  -2.3126083e+01   1.4684920e+01
  -1.0249789e+01  -1.1471867e+01  -1.3122951e+01   5.5195421e+00   1.5025708e+01  -2.2134941e+01   1.3903847e+01
  -9.9556819e+00  -1.2722497e+01  -1.2956094e+01   7.6550470e+00   1.3317334e+01  -2.2550685e+01   1.3172880e+01
  -1.0471393e+01  -1.2153027e+01  -1.3423838e+01   8.4135353e+00   1.2742347e+01  -2.3486964e+01   1.2909336e+01
  -1.1867273e+01  -9.4463114e+00  -1.4792773e+01   5.3899476e+00   1.3333137e+01  -2.2866179e+01   1.1784780e+01
  -1.2732041e+01  -5.4134634e+00  -1.6396800e+01   2.3488382e+00   1.3034811e+01  -2.3571985e+01   1.1574356e+01
  -1.2769014e+01  -6.9232058e+00  -1.6438799e+01   4.6493793e+00   1.2046770e+01  -2.4047261e+01   9.8512604e+00
  -1.2561842e+01  -6.8757945e+00  -1.6656016e+01   2.7509242e+00   1.0386331e+01  -2.1345015e+01   1.0062863e+01
  -1.2234850e+01  -5.2186985e+00  -1.7208953e+01   1.1122665e+00   9.1974051e+00  -2.0814836e+01   8.9429520e+00
  -1.0924159e+01  -6.8545960e+00  -1.7627133e+01   4.8876184e+00   7.4046977e+00  -2.2418021e+01   7.7235552e+00
  -9.6863406e+00  -9.9687718e+00  -1.7608440e+01   8.5414979e+00   5.5993359e+00  -2.2599462e+01   6.5259730e+00
  -7.8628509e+00  -1.2873799e+01  -1.7530562e+01   1.1177666e+01   2.7062438e+00  -2.1598403e+01   5.9700800e+00
  -8.6928474e+00  -1.3167401e+01  -1.8401810e+01   1.2260188e+01   3.1885903e+00  -2.1784489e+01   5.3375342e+00
  -7.5031495e+00  -1.2602538e+01  -1.8657669e+01   1.3742660e+01   1.2781913e+00  -2.3634745e+01   3.7185031e+00
