  -1.7307510e+02   1.6607586e+02   1.5941892e+01   1.7252293e+02   3.2694059e+01   3.8138795e+01  -1.9155921e+02
  -1.7433149e+02   1.6840138e+02   1.2466641e+01   1.7534981e+02   3.4168597e+01   3.4741136e+01  -1.8991558e+02
  -1.7431611e+02   1.6548086e+02   9.5293683e+00   1.7163533e+02   3.5320938e+01   3.3003228e+01  -1.8873311e+02
  -1.7418913e+02   1.6489558e+02   6.6844662e+00   1.6937368e+02   3.7075789e+01   3.1346078e+01  -1.8719116e+02
  -1.7483090e+02   1.6129178e+02   3.5729497e+00   1.6402107e+02   3.7393872e+01   2.9592503e+01  -1.8580931e+02
  -1.7368162e+02   1.6960677e+02   2.6824879e+00   1.7182078e+02   3.8847266e+01   2.7512495e+01  -1.8402485e+02
  -1.7277600e+02   1.6799375e+02  -3.5607758e-02   1.6803970e+02   3.7796572e+01   2.5890736e+01  -1.8133310e+02
  -1.7160268e+02   1.7423797e+02  -1.6561134e-01   1.7155313e+02   3.8522434e+01   2.4688687e+01  -1.8277710e+02
  -1.7183524e+02   1.6745173e+02  -2.8149722e+00   1.6372481e+02   3.6876664e+01   2.2204218e+01  -1.8353718e+02
  -1.7104233e+02   1.6776996e+02  -1.8310396e+00   1.6519518e+02   3.6305173e+01   2.2819904e+01  -1.8348738e+02
  -1.7130951e+02   1.6582050e+02  -4.1985844e-01   1.6422627e+02   3.5156675e+01   2.3748701e+01  -1.8828676e+02
  -1.6965688e+02   1.6593296e+02   3.2981147e-01   1.6666098e+02   3.4789802e+01   2.2507014e+01  -1.8931375e+02
  -1.6845113e+02   1.6291335e+02   9.0921729e-01   1.6384628e+02   3.3658944e+01   2.3689496e+01  -1.8999593e+02
  -1.6815756e+02   1.6548913e+02   2.8115551e+00   1.6712377e+02   3.2386468e+01   2.4642120e+01  -1.9414642e+02
  -1.6771950e+02   1.6477701e+02   3.7363438e+00   1.6636142e+02   3.1276489e+01   2.5772839e+01  -1.9665564e+02
  -1.6917233e+02   1.7436830e+02   6.4840244e+00   1.7562355e+02   2.8925844e+01   2.7485310e+01  -1.9739312e+02
  -1.6818238e+02   1.7181280e+02   7.0688249e+00   1.7467664e+02   2.8437569e+01   2.7239821e+01  -1.9964047e+02
  -1.6763895e+02   1.6761681e+02   6.9275637e+00   1.7139356e+02   2.7134756e+01   2.6969068e+01  -1.9908618e+02
  -1.6733199e+02   1.6285822e+02   6.4102673e+00   1.6861048e+02   2.4882769e+01   2.5693755e+01  -2.0098873e+02
  -1.6633231e+02   1.6183959e+02   7.0939290e+00   1.6810884e+02   2.4093327e+01   2.5670115e+01  -2.0053406e+02
  -1.6654787e+02   1.5970672e+02   7.2518070e+00   1.6693296e+02   2.2456458e+01   2.5168714e+01  -2.0182473e+02
  -1.6681050e+02   1.6161184e+02   8.2912503e+00   1.6886240e+02   2.1030100e+01   2.4946345e+01  -2.0081469e+02
  -1.6730328e+02   1.6451273e+02   1.0295804e+01   1.7186621e+02   1.9870724e+01   2.5399749e+01  -2.0152136e+02
  -1.6782770e+02   1.6325360e+02   1.0493966e+01   1.7171942e+02   1.7045988e+01   2.3970142e+01  -2.0089461e+02
  -1.6719898e+02   1.6520600e+02   1.1579963e+01   1.7404479e+02   1.6297332e+01   2.3820649e+01  -1.9995711e+02
  -1.6597096e+02   1.6471096e+02   1.2364930e+01   1.7328147e+02   1.5535393e+01   2.3703218e+01  -1.9840906e+02
  -1.6513548e+02   1.6843213e+02   1.4058585e+01   1.7640700e+02   1.5102488e+01   2.3679366e+01  -1.9798940e+02
  -1.6417434e+02   1.7132348e+02   1.5945091e+01   1.7837332e+02   1.5472361e+01   2.4243540e+01  -1.9653249e+02
  -1.6516912e+02   1.7420038e+02   1.6424397e+01   1.8003267e+02   1.3092895e+01   2.4435901e+01  -1.9629052e+02
  -1.6813961e+02   1.7690350e+02   1.6737552e+01   1.8239720e+02   9.2800586e+00   2.3937802e+01  -1.9435319e+02
  -1.6702333e+02   1.7116515e+02   1.5589470e+01   1.7790206e+02   6.6124958e+00   2.1413796e+01  -1.9368675e+02
  -1.6699529e+02   1.7057855e+02   1.6165611e+01   1.7716703e+02   4.8765969e+00   1.9957595e+01  -1.9217670e+02
  -1.6761882e+02   1.6766057e+02   1.6970641e+01   1.7451905e+02   3.0217154e+00   1.9095763e+01  -1.8818902e+02
  -1.6728414e+02   1.6445937e+02   1.8022153e+01   1.6994971e+02   1.6104233e+00   1.9816997e+01  -1.8611982e+02
  -1.6720801e+02   1.6639209e+02   1.9692866e+01   1.6981058e+02   1.6359569e+00   2.0596734e+01  -1.8336525e+02
  -1.6710074e+02   1.6340696e+02   1.8792452e+01   1.6637824e+02  -1.1468853e+00   1.9512277e+01  -1.8229518e+02
  -1.6748254e+02   1.6211489e+02   1.9502377e+01   1.6212263e+02  -2.3502796e+00   2.2764688e+01  -1.8169990e+02
  -1.6907737e+02   1.6209225e+02   1.8095225e+01   1.6516495e+02  -5.4136007e+00   2.3951939e+01  -1.8196053e+02
  -1.6682244e+02   1.6824470e+02   1.9681910e+01   1.7792774e+02   1.7749423e+00   2.6315704e+01  -1.8300258e+02
  -1.6669453e+02   1.6572945e+02   1.8532286e+01   1.7580978e+02   6.7381791e+00   3.2694177e+01  -1.8010059e+02
  -1.6869003e+02   1.6010341e+02   1.7116767e+01   1.6743102e+02   1.0667839e+01   4.0000043e+01  -1.7952416e+02
  -1.7004482e+02   1.6724977e+02   1.9720283e+01   1.7592033e+02   1.7234802e+01   4.1511457e+01  -1.8482666e+02
  -1.7352782e+02   1.7173273e+02   1.8875062e+01   1.8177368e+02   2.1596569e+01   3.8711968e+01  -1.8698704e+02
  -1.7295632e+02   1.7193996e+02   1.8959043e+01   1.7857873e+02   2.9530063e+01   4.0958403e+01  -1.8782929e+02
  -1.7247801e+02   1.6567157e+02   1.5663098e+01   1.7407904e+02   3.1316922e+01   3.7057207e+01  -1.9051650e+02
  -1.7472143e+02   1.6738706e+02   1.2748099e+01   1.7505271e+02   3.1802719e+01   3.5664773e+01  -1.8708629e+02
  -1.7438084e+02   1.6314304e+02   1.0391773e+01   1.7124359e+02   3.2959014e+01   3.3637877e+01  -1.8625147e+02
  -1.7475794e+02   1.5999360e+02   7.5496736e+00   1.6713682e+02   3.2789085e+01   3.1961275e+01  -1.8454182e+02
  -1.7381556e+02   1.6687768e+02   5.7078139e+00   1.7269251e+02   3.4708664e+01   2.8473780e+01  -1.8340260e+02
  -1.7391115e+02   1.6905605e+02   2.6069214e+00   1.7372252e+02   3.3677597e+01   2.4252629e+01  -1.8343453e+02
  -1.7310366e+02   1.7162485e+02   6.9805054e-01   1.7309511e+02   3.2988198e+01   2.5106609e+01  -1.8068662e+02
  -1.7238973e+02   1.7091594e+02   1.8187607e-01   1.6995742e+02   3.5645617e+01   2.4812577e+01  -1.8355837e+02
  -1.7199546e+02   1.6447492e+02  -7.8768883e-01   1.6339006e+02   3.6890322e+01   2.3697701e+01  -1.8398194e+02
  -1.7113301e+02   1.6370547e+02  -1.3332140e+00   1.6160834e+02   3.6881573e+01   2.4204970e+01  -1.8840636e+02
  -1.6929108e+02   1.6319040e+02   2.0144751e-02   1.6385313e+02   3.6899457e+01   2.3314066e+01  -1.9126231e+02
  -1.6865750e+02   1.6469791e+02   1.4429523e+00   1.6713117e+02   3.5496411e+01   2.4084977e+01  -1.9247924e+02
  -1.6863012e+02   1.6374219e+02   2.6129229e+00   1.6652443e+02   3.3865379e+01   2.5283927e+01  -1.9679405e+02
  -1.6826171e+02   1.6456343e+02   3.5057119e+00   1.6812195e+02   3.2721921e+01   2.5512297e+01  -1.9825514e+02
  -1.6733605e+02   1.6030459e+02   3.9885551e+00   1.6524823e+02   3.1511163e+01   2.6230797e+01  -2.0195404e+02
  -1.6774099e+02   1.6316781e+02   5.0686297e+00   1.6759788e+02   2.8908946e+01   2.8118455e+01  -2.0319940e+02
  -1.6809346e+02   1.6966723e+02   7.5308614e+00   1.7560085e+02   2.7535622e+01   2.8344564e+01  -2.0304516e+02
  -1.6752654e+02   1.6444400e+02   7.0171544e+00   1.7186914e+02   2.5664837e+01   2.7648634e+01  -2.0169745e+02
  -1.6683126e+02   1.6421213e+02   8.5770905e+00   1.7257461e+02   2.4973101e+01   2.7702361e+01  -2.0370434e+02
  -1.6691248e+02   1.6181982e+02   8.9417755e+00   1.7254113e+02   2.3683629e+01   2.5218754e+01  -2.0375696e+02
  -1.6814342e+02   1.6306171e+02   9.8668255e+00   1.7308232e+02   2.1301238e+01   2.6005574e+01  -2.0475458e+02
  -1.6721609e+02   1.6377106e+02   1.0608016e+01   1.7409079e+02   2.0704367e+01   2.5411013e+01  -2.0540852e+02
  -1.6817636e+02   1.6125257e+02   1.0310766e+01   1.7215424e+02   1.7322052e+01   2.5014273e+01  -2.0467784e+02
  -1.6801579e+02   1.6143437e+02   1.0796617e+01   1.7248019e+02   1.6128595e+01   2.4544977e+01  -2.0416890e+02
  -1.6840141e+02   1.6161643e+02   1.1049327e+01   1.7341724e+02   1.4063976e+01   2.3488395e+01  -2.0356306e+02
  -1.6592760e+02   1.6565007e+02   1.3342113e+01   1.7692112e+02   1.6124967e+01   2.3593836e+01  -2.0239312e+02
  -1.6517238e+02   1.6856166e+02   1.4487349e+01   1.7989163e+02   1.5376456e+01   2.2974475e+01  -2.0186261e+02
  -1.6502331e+02   1.6847669e+02   1.4994537e+01   1.7844879e+02   1.4113395e+01   2.3683125e+01  -2.0052211e+02
  -1.6571418e+02   1.6997672e+02   1.5652904e+01   1.7960459e+02   1.2080396e+01   2.2854989e+01  -1.9874937e+02
  -1.6529207e+02   1.6843873e+02   1.5631409e+01   1.7818116e+02   1.0080417e+01   2.2188678e+01  -1.9761814e+02
  -1.6582837e+02   1.7032899e+02   1.6778425e+01   1.8027431e+02   8.3597859e+00   2.2001491e+01  -1.9632205e+02
  -1.6731457e+02   1.6905882e+02   1.7359173e+01   1.7845640e+02   5.4570325e+00   2.1504794e+01  -1.9459648e+02
  -1.6705325e+02   1.6608710e+02   1.7973140e+01   1.7484650e+02   4.2778525e+00   2.0464161e+01  -1.9096781e+02
  -1.6819568e+02   1.6739950e+02   1.8373497e+01   1.7414638e+02   1.4444147e+00   2.0944662e+01  -1.8904213e+02
  -1.6737962e+02   1.6333410e+02   1.9055752e+01   1.6806515e+02  -1.8587691e-01   2.1835647e+01  -1.8621528e+02
  -1.6782784e+02   1.6014979e+02   1.9254678e+01   1.6357117e+02  -2.7868241e+00   2.2399332e+01  -1.8390955e+02
  -1.6774856e+02   1.6129468e+02   1.9927217e+01   1.6350207e+02  -3.3125352e+00   2.3188002e+01  -1.8338295e+02
  -1.6906164e+02   1.5984874e+02   1.8333632e+01   1.6311998e+02  -6.2726451e+00   2.3680801e+01  -1.8256060e+02
  -1.6753693e+02   1.6554408e+02   1.8946062e+01   1.7711997e+02   1.3658793e-02   2.3992464e+01  -1.8169044e+02
  -1.6749990e+02   1.6383191e+02   1.7627155e+01   1.7598910e+02   3.3894088e+00   3.1533314e+01  -1.7975376e+02
  -1.6890058e+02   1.6093434e+02   1.7540204e+01   1.6985182e+02   1.1200011e+01   4.0526691e+01  -1.7887049e+02
  -1.7122688e+02   1.6232173e+02   1.6892460e+01   1.7204609e+02   1.6175521e+01   4.1666670e+01  -1.8036485e+02
  -1.7314717e+02   1.6830234e+02   1.6456792e+01   1.7622331e+02   2.3250556e+01   4.1497479e+01  -1.7950395e+02
  -1.7367000e+02   1.7229329e+02   1.6112544e+01   1.8255363e+02   3.0758039e+01   3.6609196e+01  -1.7769811e+02
  -1.7339855e+02   1.6976598e+02   1.2894701e+01   1.8433081e+02   3.4323666e+01   2.8804758e+01  -1.7792387e+02
  -1.7408527e+02   1.6789741e+02   8.7666473e+00   1.7993786e+02   3.3479104e+01   2.6551589e+01  -1.7341658e+02
  -1.7462020e+02   1.6794444e+02   5.5725927e+00   1.7669225e+02   3.4028517e+01   2.5521512e+01  -1.7121159e+02
  -1.7505226e+02   1.8194444e+02   4.1676059e+00   1.8623621e+02   3.5698046e+01   2.5159593e+01  -1.6985737e+02
  -1.7659500e+02   1.7433357e+02   9.0256954e-01   1.7647880e+02   3.3771825e+01   2.4435120e+01  -1.6899496e+02
  -1.7487372e+02   1.6836518e+02  -1.0004562e+00   1.6738207e+02   3.6345389e+01   2.3429335e+01  -1.6808466e+02
  -1.7094824e+02   1.6624086e+02  -3.1728835e+00   1.6466014e+02   3.8843276e+01   2.0031265e+01  -1.6808368e+02
  -1.7328766e+02   1.6637191e+02  -3.8838656e+00   1.6192037e+02   3.7197292e+01   2.0740551e+01  -1.6779999e+02
  -1.7273238e+02   1.6565997e+02  -4.6688647e+00   1.6044766e+02   3.7322764e+01   2.0438287e+01  -1.6713101e+02
  -1.7155033e+02   1.6715337e+02  -6.7997285e+00   1.5948607e+02   3.7878746e+01   1.8465749e+01  -1.6649777e+02
  -1.7068801e+02   1.6887938e+02  -7.3244016e+00   1.6171806e+02   3.6923486e+01   1.7265344e+01  -1.6809076e+02
  -1.7072816e+02   1.7078272e+02  -5.3502805e+00   1.6543484e+02   3.6807990e+01   1.7284414e+01  -1.7311614e+02
  -1.7087959e+02   1.7129088e+02  -3.4573992e+00   1.6905593e+02   3.5920549e+01   1.6996317e+01  -1.7934460e+02
  -1.7136759e+02   1.7171740e+02  -1.9842128e+00   1.6933366e+02   3.4959973e+01   1.9491527e+01  -1.8104019e+02
  -1.7041796e+02   1.7498143e+02  -8.2904099e-01   1.7381164e+02   3.4009414e+01   2.0827865e+01  -1.8376198e+02
  -1.7126431e+02   1.7655933e+02   9.3476156e-01   1.7581036e+02   3.2503115e+01   2.2658530e+01  -1.8790021e+02
  -1.7088635e+02   1.7825321e+02   2.6263931e+00   1.7961804e+02   3.2000383e+01   2.2169016e+01  -1.9224328e+02
  -1.7107430e+02   1.7840468e+02   3.8001240e+00   1.8010768e+02   3.0174848e+01   2.4002702e+01  -1.9445493e+02
  -1.7060000e+02   1.7324123e+02   4.2901953e+00   1.7451232e+02   2.9799901e+01   2.6078125e+01  -1.9746819e+02
  -1.6999325e+02   1.6899445e+02   5.1949772e+00   1.7093690e+02   2.9506667e+01   2.7082983e+01  -1.9947814e+02
  -1.6874484e+02   1.6649838e+02   6.1439998e+00   1.7173198e+02   2.9260091e+01   2.6230142e+01  -2.0277371e+02
  -1.6866545e+02   1.6862538e+02   7.2368416e+00   1.7275065e+02   2.7833080e+01   2.9421829e+01  -2.0336204e+02
  -1.6923279e+02   1.6906709e+02   8.3398169e+00   1.7558386e+02   2.6456906e+01   2.8432748e+01  -2.0552162e+02
  -1.6919409e+02   1.6720499e+02   9.1154623e+00   1.7471024e+02   2.5760163e+01   2.8907443e+01  -2.0828123e+02
  -1.7030991e+02   1.6846902e+02   9.7812063e+00   1.7555273e+02   2.3921779e+01   2.9333476e+01  -2.0755650e+02
  -1.7051863e+02   1.6598999e+02   9.6050345e+00   1.7349775e+02   2.2221199e+01   2.9321490e+01  -2.0744861e+02
  -1.7069180e+02   1.6944033e+02   1.1177801e+01   1.7720936e+02   2.1883104e+01   3.0012137e+01  -2.0830548e+02
  -1.7064042e+02   1.6715174e+02   1.0937753e+01   1.7449236e+02   2.0501555e+01   3.1395862e+01  -2.0879141e+02
  -1.6841720e+02   1.7396671e+02   1.4996542e+01   1.8275602e+02   2.3145714e+01   3.0942325e+01  -2.0930490e+02
  -1.6743422e+02   1.6983693e+02   1.4912615e+01   1.8034712e+02   2.1764332e+01   2.9706192e+01  -2.1014047e+02
  -1.6670276e+02   1.6484695e+02   1.4271778e+01   1.7554149e+02   1.9989305e+01   3.0272538e+01  -2.1045800e+02
  -1.6758063e+02   1.6696393e+02   1.4714321e+01   1.7886638e+02   1.7908468e+01   2.8823896e+01  -2.1083684e+02
  -1.6821716e+02   1.6819566e+02   1.5012609e+01   1.8073815e+02   1.6161038e+01   2.7770832e+01  -2.1070559e+02
  -1.6926583e+02   1.7414006e+02   1.6681898e+01   1.8685701e+02   1.5259786e+01   2.7511131e+01  -2.1017284e+02
  -1.6812252e+02   1.7422003e+02   1.7600630e+01   1.8660964e+02   1.5784454e+01   2.7573768e+01  -2.0965603e+02
  -1.6826258e+02   1.7733555e+02   1.8556695e+01   1.8885109e+02   1.4910997e+01   2.8016203e+01  -2.0816446e+02
  -1.6766644e+02   1.7435483e+02   1.7928874e+01   1.8682883e+02   1.3609467e+01   2.6928729e+01  -2.0677620e+02
  -1.6707388e+02   1.7156800e+02   1.7512114e+01   1.8296671e+02   1.2459391e+01   2.7031228e+01  -2.0667681e+02
  -1.6656600e+02   1.7157231e+02   1.7880750e+01   1.8394362e+02   1.1687074e+01   2.5206545e+01  -2.0602105e+02
  -1.6605692e+02   1.7318545e+02   1.8703223e+01   1.8477074e+02   1.1007545e+01   2.5079887e+01  -2.0484649e+02
  -1.6782443e+02   1.7215664e+02   1.8361350e+01   1.8397577e+02   7.9810776e+00   2.4779825e+01  -2.0369177e+02
  -1.6847162e+02   1.6891130e+02   1.7680981e+01   1.8089734e+02   5.7586574e+00   2.4924201e+01  -2.0350990e+02
  -1.6763750e+02   1.6776985e+02   1.7513332e+01   1.7889288e+02   6.5554294e+00   2.8628114e+01  -2.0220161e+02
  -1.6795188e+02   1.6713347e+02   1.8538813e+01   1.7786727e+02   9.9733015e+00   3.6128254e+01  -2.0421263e+02
  -1.6896226e+02   1.7054040e+02   2.0452535e+01   1.8305258e+02   1.4320197e+01   3.9450076e+01  -2.0125886e+02
  -1.7287729e+02   1.7885809e+02   2.2009397e+01   1.9005062e+02   2.0549658e+01   4.1981497e+01  -2.0082731e+02
  -1.7517598e+02   1.7258039e+02   1.8496830e+01   1.8064385e+02   2.3143846e+01   4.5506513e+01  -1.9990710e+02
  -1.7459173e+02   1.7335194e+02   1.8844885e+01   1.8312730e+02   2.8931033e+01   4.3542780e+01  -1.9580511e+02
  -1.7459483e+02   1.7455765e+02   1.5577639e+01   1.8358152e+02   3.1325406e+01   3.7227691e+01  -1.9359712e+02
  -1.7547691e+02   1.6868379e+02   1.0377363e+01   1.7674190e+02   3.1906354e+01   3.2795611e+01  -1.8733590e+02
  -1.7564981e+02   1.6476780e+02   6.7106069e+00   1.7023954e+02   3.4064920e+01   3.0721936e+01  -1.8578823e+02
  -1.7695406e+02   1.6838380e+02   3.5791817e+00   1.7192205e+02   3.5430677e+01   2.8277871e+01  -1.8448023e+02
  -1.7613556e+02   1.7030517e+02   2.3253542e+00   1.7390751e+02   3.6425286e+01   2.6083326e+01  -1.7927170e+02
  -1.7454425e+02   1.6761463e+02   9.7613382e-01   1.7020453e+02   3.7225723e+01   2.4214532e+01  -1.7997203e+02
  -1.7267409e+02   1.6725845e+02   4.6059068e-01   1.6716077e+02   3.7531945e+01   2.4531470e+01  -1.7644533e+02
  -1.7166390e+02   1.6292665e+02  -4.6895259e-01   1.6118936e+02   3.6723022e+01   2.4411040e+01  -1.7665340e+02
  -1.7155042e+02   1.6595274e+02  -1.5902722e+00   1.6363667e+02   3.4487414e+01   2.2877064e+01  -1.7560937e+02
  -1.7043975e+02   1.6977349e+02  -1.7197826e+00   1.6931018e+02   3.4690237e+01   1.7981377e+01  -1.7540383e+02
  -1.6929775e+02   1.6767311e+02  -2.3088004e+00   1.6667054e+02   3.4261488e+01   1.7178514e+01  -1.7956336e+02
  -1.6957604e+02   1.6707597e+02  -1.4400685e+00   1.6699552e+02   3.2475381e+01   1.7368235e+01  -1.8160439e+02
  -1.6961001e+02   1.6381541e+02  -1.1722147e+00   1.6267781e+02   3.1316660e+01   1.9835678e+01  -1.8342735e+02
  -1.6913495e+02   1.5769165e+02  -1.1791738e+00   1.5784830e+02   3.0808269e+01   1.9692407e+01  -1.8569205e+02
  -1.6917080e+02   1.6090881e+02   3.0348934e-01   1.6133506e+02   2.9709456e+01   2.0615903e+01  -1.8627411e+02
  -1.6911264e+02   1.5544331e+02   3.7728686e-01   1.5485274e+02   2.8899434e+01   2.2695479e+01  -1.8809010e+02
  -1.6802087e+02   1.5868998e+02   1.7020255e+00   1.5899096e+02   2.8897665e+01   2.3232288e+01  -1.8884229e+02
  -1.6682131e+02   1.5840077e+02   1.9573528e+00   1.5759434e+02   2.8203719e+01   2.5362638e+01  -1.9131199e+02
  -1.6670471e+02   1.6381148e+02   4.0095431e+00   1.6364437e+02   2.7124944e+01   2.6194893e+01  -1.9386368e+02
  -1.6726595e+02   1.6449988e+02   5.4015583e+00   1.6644695e+02   2.5962618e+01   2.5399614e+01  -1.9295075e+02
  -1.6563413e+02   1.5950678e+02   5.0202424e+00   1.6264386e+02   2.5810282e+01   2.5004601e+01  -1.9421523e+02
  -1.6710321e+02   1.6129101e+02   6.3079869e+00   1.6485505e+02   2.3667537e+01   2.5149582e+01  -1.9558118e+02
  -1.6715280e+02   1.5640734e+02   5.8704920e+00   1.6189273e+02   2.1959221e+01   2.4095418e+01  -1.9799121e+02
  -1.6697947e+02   1.5837605e+02   6.8481079e+00   1.6474550e+02   2.1196253e+01   2.3313973e+01  -1.9745020e+02
  -1.6676600e+02   1.5968605e+02   8.6694114e+00   1.6644991e+02   2.0870402e+01   2.4781477e+01  -1.9808467e+02
  -1.6596887e+02   1.6482413e+02   1.0470870e+01   1.7263330e+02   2.0803247e+01   2.3785603e+01  -1.9906039e+02
  -1.6529060e+02   1.6556028e+02   1.1459571e+01   1.7314002e+02   2.0451485e+01   2.4637365e+01  -2.0007340e+02
  -1.6598889e+02   1.6137058e+02   1.0879704e+01   1.6935193e+02   1.7416906e+01   2.4929835e+01  -1.9994586e+02
  -1.6626433e+02   1.6846862e+02   1.3137001e+01   1.7737117e+02   1.7445881e+01   2.4195084e+01  -1.9974674e+02
  -1.6647108e+02   1.7271766e+02   1.4634376e+01   1.8178308e+02   1.6637973e+01   2.3828019e+01  -1.9954628e+02
  -1.6741205e+02   1.6943826e+02   1.3265436e+01   1.7908188e+02   1.2829950e+01   2.2902883e+01  -1.9901419e+02
  -1.6660956e+02   1.7347842e+02   1.5302873e+01   1.8312533e+02   1.3341499e+01   2.2500968e+01  -1.9705901e+02
  -1.6644203e+02   1.7617901e+02   1.6627547e+01   1.8649440e+02   1.2975583e+01   2.1265178e+01  -1.9689723e+02
  -1.6779130e+02   1.7522350e+02   1.6629010e+01   1.8362123e+02   1.0273262e+01   2.2559268e+01  -1.9598976e+02
  -1.6745696e+02   1.7543801e+02   1.7264964e+01   1.8387388e+02   9.3595381e+00   2.1839174e+01  -1.9461641e+02
  -1.6814737e+02   1.7222009e+02   1.6382075e+01   1.7865753e+02   6.4644720e+00   2.2508432e+01  -1.9365470e+02
  -1.6707188e+02   1.7331698e+02   1.6914722e+01   1.7897243e+02   6.3465054e+00   2.2282680e+01  -1.9191205e+02
  -1.6838389e+02   1.7368724e+02   1.7521975e+01   1.8114631e+02   4.6381294e+00   1.9401965e+01  -1.9129883e+02
  -1.6879780e+02   1.6898436e+02   1.6822831e+01   1.7416567e+02   2.3808110e+00   2.1598100e+01  -1.8953165e+02
  -1.6878689e+02   1.6827720e+02   1.7147159e+01   1.7207394e+02   1.0263202e+00   2.2932796e+01  -1.8979639e+02
  -1.6978665e+02   1.6924120e+02   1.7423380e+01   1.7298016e+02   5.3424137e-02   2.3882671e+01  -1.8947335e+02
  -1.6909141e+02   1.7077885e+02   1.8706591e+01   1.7820830e+02   4.1005230e+00   2.5828691e+01  -1.8696568e+02
  -1.6740866e+02   1.6741603e+02   1.8084662e+01   1.7629688e+02   5.8312849e+00   3.1934448e+01  -1.9094838e+02
  -1.6727033e+02   1.7124234e+02   2.0422544e+01   1.8178220e+02   1.2048149e+01   3.4869253e+01  -1.9027199e+02
  -1.7012826e+02   1.7223375e+02   1.8781636e+01   1.8471221e+02   1.5217850e+01   3.5392417e+01  -1.8941117e+02
  -1.7135502e+02   1.7356246e+02   1.9190165e+01   1.8601057e+02   2.2328217e+01   3.6267931e+01  -1.8744507e+02
  -1.7055802e+02   1.7102436e+02   1.7511368e+01   1.8074268e+02   2.7777851e+01   3.7213698e+01  -1.8457264e+02
  -1.7141459e+02   1.6958286e+02   1.3874377e+01   1.7796869e+02   3.1016835e+01   3.2751630e+01  -1.8230257e+02
  -1.7429414e+02   1.6728756e+02   9.1115950e+00   1.7271095e+02   3.1072174e+01   3.1096404e+01  -1.7998222e+02
  -1.7539266e+02   1.7211353e+02   6.2084166e+00   1.7469994e+02   3.3115177e+01   2.9112487e+01  -1.7854544e+02
  -1.7554891e+02   1.7448815e+02   3.7572487e+00   1.7499654e+02   3.4101712e+01   2.8353904e+01  -1.7689229e+02
  -1.7685754e+02   1.7097552e+02   1.0877395e+00   1.7237265e+02   3.3694386e+01   2.5136234e+01  -1.7510677e+02
  -1.7484935e+02   1.6832380e+02  -5.4228321e-01   1.6688809e+02   3.6696968e+01   2.4491713e+01  -1.7419426e+02
  -1.7305765e+02   1.6933827e+02  -1.8557188e+00   1.6673034e+02   3.7431019e+01   2.3700667e+01  -1.7168136e+02
  -1.7148862e+02   1.6808713e+02  -3.1318805e+00   1.6652686e+02   3.7889324e+01   1.8921320e+01  -1.6835207e+02
  -1.7174914e+02   1.6933130e+02  -4.6923576e+00   1.6373718e+02   3.7310362e+01   1.9117779e+01  -1.6766138e+02
  -1.7056324e+02   1.6814964e+02  -6.8789033e+00   1.6117007e+02   3.6409728e+01   1.5806450e+01  -1.6331391e+02
  -1.7186734e+02   1.6834076e+02  -6.2889828e+00   1.6112711e+02   3.3813851e+01   1.5935591e+01  -1.6764593e+02
  -1.7087834e+02   1.7058048e+02  -4.7871642e+00   1.6371567e+02   3.4275019e+01   1.6461317e+01  -1.6899046e+02
  -1.6935304e+02   1.7303205e+02  -3.1998415e+00   1.6968728e+02   3.3459875e+01   1.5533557e+01  -1.7197454e+02
  -1.6952443e+02   1.7637244e+02  -1.7776195e+00   1.7363010e+02   3.2001179e+01   1.6418127e+01  -1.7529202e+02
  -1.6978623e+02   1.7580602e+02  -5.5389389e-01   1.7343058e+02   3.1433298e+01   1.7516407e+01  -1.7789646e+02
  -1.7022334e+02   1.7363043e+02   6.6762016e-02   1.7162363e+02   3.0388656e+01   1.8090109e+01  -1.7930625e+02
  -1.7003665e+02   1.7066161e+02   1.9828592e-01   1.6866122e+02   2.9376191e+01   1.8878596e+01  -1.8077991e+02
  -1.6957051e+02   1.6606995e+02   7.2624269e-01   1.6441809e+02   2.8924406e+01   2.0209093e+01  -1.8263138e+02
  -1.6888177e+02   1.6511686e+02   1.1292756e+00   1.6362385e+02   2.8313849e+01   2.1340747e+01  -1.8598688e+02
  -1.6868831e+02   1.6955166e+02   3.2308021e+00   1.7023199e+02   2.8430791e+01   2.0083222e+01  -1.8697711e+02
  -1.6881518e+02   1.7169286e+02   4.2317463e+00   1.7165160e+02   2.7184067e+01   2.1918635e+01  -1.8734690e+02
  -1.7000190e+02   1.6857032e+02   4.2280939e+00   1.6681176e+02   2.4897932e+01   2.4344847e+01  -1.8888315e+02
  -1.6935113e+02   1.7096983e+02   5.6137646e+00   1.7067362e+02   2.4966166e+01   2.3401119e+01  -1.9023671e+02
  -1.6836855e+02   1.6813405e+02   5.7979814e+00   1.6936036e+02   2.4917464e+01   2.2755157e+01  -1.9092551e+02
  -1.6775457e+02   1.5864773e+02   4.5439030e+00   1.5845383e+02   2.3710895e+01   2.5418578e+01  -1.9244028e+02
  -1.6775991e+02   1.6537844e+02   6.4187269e+00   1.6666502e+02   2.2941247e+01   2.4969906e+01  -1.9426818e+02
  -1.6666418e+02   1.7042642e+02   8.8112302e+00   1.7271608e+02   2.3661664e+01   2.5179524e+01  -1.9552699e+02
  -1.6617953e+02   1.7022459e+02   9.7570968e+00   1.7324020e+02   2.3393441e+01   2.5287602e+01  -1.9561794e+02
  -1.6666640e+02   1.7518490e+02   1.2249155e+01   1.7865790e+02   2.2882815e+01   2.6323546e+01  -1.9704943e+02
  -1.6675220e+02   1.7282326e+02   1.1807532e+01   1.7740066e+02   2.0917406e+01   2.5591077e+01  -1.9760595e+02
  -1.6760044e+02   1.7225970e+02   1.2076784e+01   1.7855424e+02   1.8839832e+01   2.5016878e+01  -1.9907351e+02
  -1.6755684e+02   1.7342097e+02   1.3041536e+01   1.7899882e+02   1.8049513e+01   2.6154953e+01  -1.9966646e+02
  -1.6755858e+02   1.7493198e+02   1.4014705e+01   1.8263796e+02   1.6960484e+01   2.5024032e+01  -2.0059134e+02
  -1.6738462e+02   1.7774459e+02   1.5323818e+01   1.8815236e+02   1.6098971e+01   2.2469674e+01  -2.0109103e+02
  -1.6787410e+02   1.7715186e+02   1.5315275e+01   1.8797192e+02   1.3714188e+01   2.1755203e+01  -2.0131025e+02
  -1.6804632e+02   1.7904093e+02   1.6105741e+01   1.9038724e+02   1.2472054e+01   2.1812025e+01  -2.0153684e+02
  -1.6715499e+02   1.7795733e+02   1.6901779e+01   1.8827935e+02   1.2503862e+01   2.3542786e+01  -2.0254363e+02
  -1.6738328e+02   1.7769607e+02   1.7369629e+01   1.8927659e+02   1.1482069e+01   2.2387748e+01  -2.0292605e+02
  -1.6624753e+02   1.7450103e+02   1.7237071e+01   1.8636366e+02   1.0687514e+01   2.2540073e+01  -2.0289446e+02
  -1.6645997e+02   1.7597623e+02   1.8631493e+01   1.8698695e+02   1.0344106e+01   2.3578408e+01  -2.0180532e+02
  -1.6643304e+02   1.7531074e+02   1.9072730e+01   1.8660923e+02   1.0125531e+01   2.4517141e+01  -2.0215024e+02
  -1.6860206e+02   1.7426210e+02   1.7982395e+01   1.8704238e+02   9.1094314e+00   2.5483932e+01  -2.0072047e+02
  -1.6866707e+02   1.7223293e+02   1.8388751e+01   1.8338152e+02   1.4037957e+01   3.4782769e+01  -2.0050049e+02
  -1.7170909e+02   1.7188597e+02   1.7982982e+01   1.8428143e+02   1.9466369e+01   3.9414915e+01  -1.9870544e+02
  -1.7428028e+02   1.7760412e+02   1.8801650e+01   1.8742051e+02   2.6508240e+01   4.2643030e+01  -1.9655641e+02
  -1.7387734e+02   1.7666301e+02   1.9089855e+01   1.8649983e+02   3.0576758e+01   4.2259335e+01  -1.9370298e+02
  -1.7279963e+02   1.6901625e+02   1.5060212e+01   1.8079260e+02   3.3547330e+01   3.6563039e+01  -1.9147828e+02
  -1.7635270e+02   1.6995943e+02   1.0622758e+01   1.7939167e+02   3.2721885e+01   3.2858609e+01  -1.8672488e+02
  -1.7609245e+02   1.6407269e+02   6.5132176e+00   1.6964094e+02   3.3829982e+01   3.1754566e+01  -1.8228083e+02
  -1.7758637e+02   1.7276592e+02   3.6357989e+00   1.7486855e+02   3.4415139e+01   2.8987318e+01  -1.8072036e+02
  -1.7573834e+02   1.7395378e+02   1.6044988e+00   1.7548821e+02   3.5571731e+01   2.5356693e+01  -1.7813131e+02
  -1.7254391e+02   1.7033243e+02   6.7221904e-01   1.6867348e+02   3.7594238e+01   2.5140717e+01  -1.7525923e+02
  -1.7241404e+02   1.6818030e+02  -1.6414926e+00   1.6442015e+02   3.6259296e+01   2.2980503e+01  -1.7452986e+02
  -1.7354651e+02   1.6694478e+02  -3.4860433e+00   1.5915662e+02   3.4804340e+01   2.2936307e+01  -1.7275877e+02
  -1.7197734e+02   1.6855730e+02  -5.9964604e+00   1.6172453e+02   3.4416587e+01   1.6961821e+01  -1.7217667e+02
  -1.7149432e+02   1.6935221e+02  -4.9481727e+00   1.6392881e+02   3.4371351e+01   1.6445003e+01  -1.7269431e+02
  -1.7100553e+02   1.7167281e+02  -3.4186878e+00   1.6673625e+02   3.3668737e+01   1.7958160e+01  -1.7369959e+02
  -1.7108421e+02   1.6783451e+02  -2.3923426e+00   1.6346395e+02   3.2993486e+01   1.9507611e+01  -1.7858298e+02
  -1.7085702e+02   1.7129505e+02  -9.1196195e-01   1.6633440e+02   3.0949671e+01   2.2374694e+01  -1.8087049e+02
  -1.7169862e+02   1.7672765e+02   1.1753449e+00   1.7303161e+02   2.9432370e+01   2.2773173e+01  -1.8298572e+02
  -1.7183295e+02   1.7570014e+02   2.0659408e+00   1.7249997e+02   2.8735391e+01   2.3791662e+01  -1.8533277e+02
  -1.7189393e+02   1.7497874e+02   2.8979364e+00   1.7203153e+02   2.7857358e+01   2.4818882e+01  -1.8815641e+02
  -1.7169549e+02   1.7278989e+02   3.1672026e+00   1.6915038e+02   2.6690637e+01   2.6741287e+01  -1.8977099e+02
  -1.7060198e+02   1.7341518e+02   4.3669464e+00   1.7126033e+02   2.7009284e+01   2.6225471e+01  -1.9191567e+02
  -1.6866748e+02   1.6909903e+02   4.4617990e+00   1.6822956e+02   2.7084914e+01   2.5913575e+01  -1.9268525e+02
  -1.6837206e+02   1.7060758e+02   5.6732541e+00   1.7103360e+02   2.6678449e+01   2.5553557e+01  -1.9415806e+02
  -1.6778074e+02   1.7092927e+02   7.0894324e+00   1.7174289e+02   2.6932569e+01   2.6550890e+01  -1.9523054e+02
  -1.6758157e+02   1.6425383e+02   6.2082788e+00   1.6536453e+02   2.5468942e+01   2.6842256e+01  -1.9615518e+02
  -1.6705328e+02   1.7375317e+02   9.6615705e+00   1.7808220e+02   2.6504373e+01   2.4234046e+01  -1.9708290e+02
  -1.6755367e+02   1.7122903e+02   9.4454690e+00   1.7610945e+02   2.4546626e+01   2.4899820e+01  -1.9884472e+02
  -1.6759872e+02   1.6854259e+02   9.3610697e+00   1.7360702e+02   2.3397589e+01   2.5743637e+01  -2.0047523e+02
  -1.6857046e+02   1.6868741e+02   9.5684434e+00   1.7488873e+02   2.0822830e+01   2.5229322e+01  -2.0096303e+02
  -1.6888678e+02   1.6989861e+02   1.0682091e+01   1.7690617e+02   1.9985757e+01   2.5909117e+01  -2.0190389e+02
  -1.6881620e+02   1.6896853e+02   1.1203808e+01   1.7695224e+02   1.8743099e+01   2.4958459e+01  -2.0274175e+02
  -1.6761424e+02   1.7002687e+02   1.2289413e+01   1.7839123e+02   1.8960887e+01   2.4691605e+01  -2.0261629e+02
  -1.6764621e+02   1.7472578e+02   1.4195827e+01   1.8247071e+02   1.9025858e+01   2.5423843e+01  -2.0259656e+02
  -1.6780810e+02   1.7121009e+02   1.3272022e+01   1.7994478e+02   1.6692005e+01   2.5098840e+01  -2.0322493e+02
  -1.6781507e+02   1.7357473e+02   1.4652034e+01   1.8336885e+02   1.6647063e+01   2.4314716e+01  -2.0282742e+02
  -1.6836267e+02   1.7563146e+02   1.5583420e+01   1.8718540e+02   1.5193354e+01   2.2207141e+01  -2.0265390e+02
  -1.6778899e+02   1.7610459e+02   1.6173185e+01   1.8803700e+02   1.4555368e+01   2.1958619e+01  -2.0250338e+02
  -1.6826095e+02   1.7609844e+02   1.5777248e+01   1.8804479e+02   1.2214678e+01   2.1783642e+01  -2.0164941e+02
  -1.6707531e+02   1.7744930e+02   1.7309557e+01   1.8880354e+02   1.2623505e+01   2.2504616e+01  -2.0141829e+02
  -1.6747582e+02   1.7664842e+02   1.7090555e+01   1.8769750e+02   1.0033091e+01   2.1854757e+01  -1.9986781e+02
  -1.6759756e+02   1.7606243e+02   1.7829460e+01   1.8513665e+02   8.3308644e+00   2.3409216e+01  -1.9789089e+02
  -1.6838004e+02   1.7438249e+02   1.7886285e+01   1.8195866e+02   5.6235589e+00   2.4305669e+01  -1.9927405e+02
  -1.6835720e+02   1.7246681e+02   1.8371844e+01   1.7902907e+02   4.5537737e+00   2.4643711e+01  -1.9807169e+02
  -1.6891099e+02   1.7342569e+02   1.8860322e+01   1.7774784e+02   3.4944761e+00   2.6797795e+01  -1.9626660e+02
  -1.6939144e+02   1.7117911e+02   1.8713522e+01   1.7586286e+02   1.5538456e+00   2.6042757e+01  -1.9502816e+02
  -1.6917660e+02   1.7019270e+02   1.9469200e+01   1.7490777e+02   1.9668675e+00   2.7125330e+01  -1.9443855e+02
  -1.6855924e+02   1.7196967e+02   1.9956007e+01   1.8068563e+02   5.9531219e+00   2.6299161e+01  -1.9340184e+02
  -1.6655231e+02   1.7445860e+02   2.2419695e+01   1.8500413e+02   1.3515909e+01   3.1784807e+01  -1.9422826e+02
  -1.6659551e+02   1.7261933e+02   2.1820910e+01   1.7991776e+02   1.6489623e+01   4.0387809e+01  -1.9532557e+02
  -1.7033823e+02   1.7386565e+02   2.0137085e+01   1.8553177e+02   1.9056597e+01   3.8598047e+01  -1.9183597e+02
  -1.7005767e+02   1.6938776e+02   1.8532533e+01   1.7875796e+02   2.5601923e+01   4.1393314e+01  -1.9104164e+02
  -1.7254277e+02   1.6777755e+02   1.5468544e+01   1.7799144e+02   2.9937223e+01   3.8013475e+01  -1.8544774e+02
  -1.7460165e+02   1.7165710e+02   1.1871932e+01   1.8219802e+02   3.2016950e+01   3.2782546e+01  -1.8223964e+02
  -1.7532072e+02   1.6348191e+02   7.0528527e+00   1.7070012e+02   2.9998283e+01   3.0557500e+01  -1.7677661e+02
  -1.7506324e+02   1.7608839e+02   5.7397876e+00   1.7978963e+02   3.2575852e+01   2.8375646e+01  -1.7397128e+02
  -1.7431101e+02   1.7095593e+02   2.9130143e+00   1.7293064e+02   3.3723138e+01   2.5489580e+01  -1.7355423e+02
  -1.7402057e+02   1.7054211e+02   7.2982768e-01   1.6876676e+02   3.3821036e+01   2.5994349e+01  -1.7229538e+02
  -1.7231145e+02   1.6761956e+02  -1.5176055e+00   1.6465127e+02   3.4106167e+01   2.3747340e+01  -1.7100648e+02
  -1.7234022e+02   1.6820748e+02  -2.1334227e+00   1.6447776e+02   3.4225898e+01   2.1334304e+01  -1.6924262e+02
  -1.7076159e+02   1.6931810e+02  -3.7098387e+00   1.6407486e+02   3.4505500e+01   1.7771691e+01  -1.6761826e+02
  -1.7043698e+02   1.6506319e+02  -5.1747244e+00   1.5897034e+02   3.4163600e+01   1.5275156e+01  -1.6836106e+02
  -1.7020810e+02   1.6589137e+02  -4.0418917e+00   1.6176709e+02   3.2524825e+01   1.5805774e+01  -1.7188472e+02
  -1.6911448e+02   1.7365641e+02  -8.7830594e-01   1.7228015e+02   3.1888970e+01   1.5935745e+01  -1.7705691e+02
  -1.6860432e+02   1.6176339e+02  -1.9105714e+00   1.6026135e+02   3.1823741e+01   1.7827732e+01  -1.7972015e+02
  -1.6853457e+02   1.5820650e+02  -1.6248616e+00   1.5698554e+02   3.0634595e+01   1.9074968e+01  -1.8211626e+02
  -1.6973396e+02   1.6425178e+02   8.0692413e-01   1.6258006e+02   2.8140272e+01   2.1228862e+01  -1.8369585e+02
  -1.6907829e+02   1.6610490e+02   2.2297280e+00   1.6600069e+02   2.7860849e+01   2.1135305e+01  -1.8647985e+02
  -1.6876619e+02   1.6832298e+02   3.6030177e+00   1.6814462e+02   2.7018115e+01   2.2483111e+01  -1.8756872e+02
  -1.7023358e+02   1.7071229e+02   4.7306520e+00   1.7088251e+02   2.4703241e+01   2.2831397e+01  -1.9107311e+02
  -1.7089382e+02   1.7299532e+02   5.6849309e+00   1.7210281e+02   2.2745776e+01   2.5363742e+01  -1.9167423e+02
  -1.6892483e+02   1.7007743e+02   6.5337781e+00   1.6990765e+02   2.3968231e+01   2.5561944e+01  -1.9326717e+02
  -1.6820841e+02   1.7141728e+02   7.7779299e+00   1.7265798e+02   2.3654626e+01   2.5628384e+01  -1.9530463e+02
  -1.6789740e+02   1.7146134e+02   8.4303545e+00   1.7413831e+02   2.2668605e+01   2.5174587e+01  -1.9685109e+02
  -1.6823479e+02   1.6956244e+02   8.7794134e+00   1.7416533e+02   2.1450723e+01   2.3962337e+01  -1.9791160e+02
  -1.6842881e+02   1.6565218e+02   8.5598675e+00   1.7120195e+02   2.0010491e+01   2.3847719e+01  -1.9877483e+02
  -1.6890095e+02   1.6954165e+02   1.0009528e+01   1.7587135e+02   1.9177667e+01   2.4114199e+01  -1.9928995e+02
  -1.6909440e+02   1.6926131e+02   1.0381539e+01   1.7558514e+02   1.7895736e+01   2.4741925e+01  -2.0003727e+02
  -1.6684587e+02   1.6909687e+02   1.2010729e+01   1.7595298e+02   1.9455837e+01   2.4970699e+01  -1.9958888e+02
  -1.6696827e+02   1.7210451e+02   1.3214534e+01   1.8072641e+02   1.8569886e+01   2.3719412e+01  -1.9987747e+02
  -1.6806403e+02   1.7848127e+02   1.4816951e+01   1.8656961e+02   1.7415755e+01   2.4113458e+01  -2.0038403e+02
  -1.6748926e+02   1.7761620e+02   1.5437811e+01   1.8960795e+02   1.6706449e+01   2.0331049e+01  -2.0087163e+02
  -1.6743499e+02   1.7812643e+02   1.5715494e+01   1.9043561e+02   1.4902175e+01   2.0473715e+01  -2.0073990e+02
  -1.6808144e+02   1.8033253e+02   1.6436982e+01   1.9149454e+02   1.3774476e+01   2.1577485e+01  -2.0093609e+02
  -1.6722906e+02   1.7804338e+02   1.6482702e+01   1.8917514e+02   1.2427370e+01   2.1487456e+01  -2.0102725e+02
  -1.6730920e+02   1.8030640e+02   1.7856767e+01   1.9195619e+02   1.2352877e+01   2.1085824e+01  -2.0093088e+02
  -1.6763361e+02   1.8068422e+02   1.8518620e+01   1.9189917e+02   1.1016849e+01   2.0932697e+01  -1.9982965e+02
  -1.6688158e+02   1.7608162e+02   1.8123645e+01   1.8688749e+02   9.6358407e+00   2.1048481e+01  -1.9877733e+02
  -1.6806207e+02   1.7481051e+02   1.8208499e+01   1.8429267e+02   7.2402218e+00   2.2427320e+01  -1.9773557e+02
  -1.6804511e+02   1.7293245e+02   1.8503559e+01   1.8270890e+02   6.7219660e+00   2.2411693e+01  -1.9691435e+02
  -1.6926181e+02   1.7100455e+02   1.8577978e+01   1.7832071e+02   4.9495733e+00   2.5653693e+01  -1.9685666e+02
  -1.6850141e+02   1.7105974e+02   1.8459390e+01   1.8079436e+02   7.2540944e+00   2.6592425e+01  -1.9454575e+02
  -1.6661352e+02   1.6550644e+02   1.7123536e+01   1.7424803e+02   1.0356593e+01   3.4211791e+01  -1.9721531e+02
  -1.6870068e+02   1.7050212e+02   1.8665701e+01   1.8037963e+02   1.6785742e+01   3.8609628e+01  -1.9404931e+02
  -1.7153153e+02   1.7190822e+02   1.8204436e+01   1.8379547e+02   2.0215815e+01   4.0606617e+01  -1.9401645e+02
  -1.7348158e+02   1.7319517e+02   1.6919287e+01   1.8293507e+02   2.6632806e+01   4.2227425e+01  -1.9087684e+02
  -1.7601168e+02   1.7376973e+02   1.6064051e+01   1.8497177e+02   2.9518570e+01   4.0756431e+01  -1.9177802e+02
  -1.7599055e+02   1.6980503e+02   1.2358816e+01   1.8028406e+02   3.0818437e+01   3.7124288e+01  -1.9018170e+02
  -1.7465568e+02   1.6842684e+02   9.6393291e+00   1.7669050e+02   3.1087607e+01   3.3208468e+01  -1.8566847e+02
  -1.7265733e+02   1.6616363e+02   6.4708113e+00   1.7062827e+02   3.4987455e+01   3.0408479e+01  -1.8341533e+02
  -1.7488443e+02   1.7366195e+02   3.2532878e+00   1.7612494e+02   3.7206767e+01   2.6831825e+01  -1.7889184e+02
  -1.7495769e+02   1.7420733e+02  -8.5700390e-01   1.7282845e+02   3.7932213e+01   2.5629360e+01  -1.7918599e+02
  -1.7249831e+02   1.7170703e+02  -3.2073752e+00   1.6686313e+02   3.9106677e+01   2.5380799e+01  -1.7973600e+02
  -1.7297135e+02   1.6968051e+02  -4.5252768e+00   1.6318346e+02   3.8859727e+01   2.3601737e+01  -1.7739453e+02
  -1.7297252e+02   1.6647397e+02  -5.6847953e+00   1.5994520e+02   3.5988189e+01   2.1524382e+01  -1.8094929e+02
  -1.7256394e+02   1.6858005e+02  -3.5847046e+00   1.6316693e+02   3.5881064e+01   2.2100237e+01  -1.8363002e+02
  -1.7177268e+02   1.7426227e+02  -1.6413552e+00   1.7162384e+02   3.5412683e+01   2.1398784e+01  -1.8492015e+02
  -1.7125835e+02   1.7795102e+02  -1.2063007e-01   1.7395387e+02   3.4118520e+01   2.4882426e+01  -1.8880597e+02
  -1.7242087e+02   1.7420435e+02   3.9735255e-01   1.7139202e+02   3.2711757e+01   2.4815871e+01  -1.9116789e+02
  -1.7130730e+02   1.7355998e+02   1.4028482e+00   1.7169369e+02   3.2511116e+01   2.5406907e+01  -1.9229621e+02
  -1.7198762e+02   1.7179218e+02   1.9643210e+00   1.7042756e+02   2.9941372e+01   2.6706203e+01  -1.9356397e+02
  -1.7053086e+02   1.7133933e+02   3.3113899e+00   1.7145545e+02   3.0352383e+01   2.6953853e+01  -1.9480725e+02
  -1.6965679e+02   1.6677773e+02   3.3828532e+00   1.6693675e+02   3.0167679e+01   2.7169534e+01  -1.9639779e+02
  -1.6841531e+02   1.6661354e+02   4.5093481e+00   1.6765245e+02   3.0404395e+01   2.7575861e+01  -1.9827386e+02
  -1.6905561e+02   1.6723247e+02   5.0452114e+00   1.6908538e+02   2.8117921e+01   2.7397403e+01  -1.9958587e+02
  -1.6851904e+02   1.6883796e+02   6.3189735e+00   1.7206038e+02   2.7718333e+01   2.7354697e+01  -2.0098969e+02
  -1.6974412e+02   1.7047417e+02   7.3010380e+00   1.7412191e+02   2.5851208e+01   2.7842209e+01  -2.0095320e+02
  -1.6957753e+02   1.6888671e+02   7.3997604e+00   1.7308848e+02   2.4184277e+01   2.7609509e+01  -2.0171447e+02
  -1.6894328e+02   1.6856394e+02   8.3976944e+00   1.7258604e+02   2.3654322e+01   2.8982804e+01  -2.0205329e+02
  -1.6917635e+02   1.7057960e+02   9.6953551e+00   1.7667830e+02   2.2603963e+01   2.7181056e+01  -2.0376239e+02
  -1.6985502e+02   1.7494082e+02   1.1419538e+01   1.8174349e+02   2.1477272e+01   2.6978463e+01  -2.0381652e+02
  -1.7015761e+02   1.7035509e+02   1.0939572e+01   1.7902785e+02   1.9080266e+01   2.6235091e+01  -2.0556045e+02
  -1.7062663e+02   1.7158445e+02   1.1628853e+01   1.8035886e+02   1.7422028e+01   2.6226797e+01  -2.0560982e+02
  -1.7066113e+02   1.7200828e+02   1.2026928e+01   1.7925141e+02   1.5914322e+01   2.7638493e+01  -2.0481904e+02
  -1.6835229e+02   1.7152472e+02   1.3497524e+01   1.8066779e+02   1.7085050e+01   2.6189280e+01  -2.0541428e+02
  -1.6855728e+02   1.7419355e+02   1.4464952e+01   1.8436527e+02   1.5980038e+01   2.5074182e+01  -2.0492828e+02
  -1.6826351e+02   1.7603123e+02   1.5832556e+01   1.8701371e+02   1.4832769e+01   2.4723634e+01  -2.0447835e+02
  -1.6858901e+02   1.7631018e+02   1.6387193e+01   1.8885808e+02   1.3503412e+01   2.3125415e+01  -2.0438559e+02
  -1.6809804e+02   1.7957827e+02   1.7583281e+01   1.9175897e+02   1.2882406e+01   2.2777190e+01  -2.0416144e+02
  -1.6719472e+02   1.7641636e+02   1.7742485e+01   1.8991013e+02   1.2116140e+01   2.1642128e+01  -2.0320729e+02
  -1.6775596e+02   1.7512424e+02   1.7205460e+01   1.8766758e+02   8.9458675e+00   2.1008071e+01  -2.0148965e+02
  -1.6801332e+02   1.7297176e+02   1.6780231e+01   1.8420287e+02   6.2634673e+00   2.1733299e+01  -2.0002180e+02
  -1.6840006e+02   1.7486378e+02   1.8161344e+01   1.8317124e+02   5.5444147e+00   2.3785760e+01  -1.9818151e+02
  -1.6883002e+02   1.7073095e+02   1.7827353e+01   1.7719142e+02   2.9417141e+00   2.4599299e+01  -1.9694001e+02
  -1.6916435e+02   1.6923611e+02   1.7644137e+01   1.7485615e+02   1.2398835e+00   2.4480815e+01  -1.9493091e+02
  -1.6954058e+02   1.6810277e+02   1.7706570e+01   1.7386157e+02  -1.0491621e+00   2.2619692e+01  -1.9368392e+02
  -1.6939638e+02   1.6792181e+02   1.8411874e+01   1.7342825e+02  -1.5748466e+00   2.2247765e+01  -1.9187925e+02
  -1.6897574e+02   1.6688462e+02   1.8765846e+01   1.7081154e+02  -8.4838639e-01   2.5990908e+01  -1.9067451e+02
  -1.6963456e+02   1.6541079e+02   1.8459563e+01   1.7208314e+02   1.1025511e-01   2.6887273e+01  -1.8840895e+02
  -1.6770095e+02   1.6690023e+02   1.8957592e+01   1.7537988e+02   5.5371849e+00   3.2384727e+01  -1.8995053e+02
  -1.6842138e+02   1.6845525e+02   1.8091331e+01   1.7782155e+02   8.0209860e+00   3.5660594e+01  -1.8815496e+02
  -1.6957669e+02   1.6528163e+02   1.8791096e+01   1.7508669e+02   1.2082814e+01   4.0341762e+01  -1.8795895e+02
  -1.7187110e+02   1.7050648e+02   2.0382799e+01   1.8148217e+02   1.9252347e+01   4.0416512e+01  -1.8854610e+02
  -1.7325249e+02   1.7027189e+02   1.8684845e+01   1.7963600e+02   2.4339990e+01   4.1239996e+01  -1.8491320e+02
  -1.7459876e+02   1.7395294e+02   1.8269554e+01   1.8240136e+02   2.6827296e+01   3.9653638e+01  -1.8766512e+02
  -1.7136795e+02   1.7182730e+02   1.6483825e+01   1.7904772e+02   3.1717520e+01   3.6203707e+01  -1.8821914e+02
  -1.7216221e+02   1.7298326e+02   1.2331977e+01   1.7884773e+02   3.1700543e+01   3.2466098e+01  -1.8240939e+02
  -1.7166795e+02   1.6728663e+02   8.1672567e+00   1.6994529e+02   3.0977791e+01   3.1479362e+01  -1.8060901e+02
  -1.7131124e+02   1.6887743e+02   5.3583866e+00   1.7209777e+02   3.1972572e+01   2.6042745e+01  -1.8207701e+02
  -1.6989808e+02   1.6960603e+02   3.4348209e+00   1.7236451e+02   3.4104686e+01   2.3432020e+01  -1.8143514e+02
  -1.7167301e+02   1.7066617e+02   1.7319211e+00   1.7291501e+02   3.2261295e+01   2.1834105e+01  -1.8042212e+02
  -1.7141495e+02   1.6945166e+02   7.1799884e-02   1.6850242e+02   3.1415592e+01   2.1585741e+01  -1.7911135e+02
  -1.7027628e+02   1.6956688e+02  -1.2425395e+00   1.6624719e+02   3.1192702e+01   2.0787476e+01  -1.8122177e+02
  -1.7165498e+02   1.6406035e+02  -9.6583401e-01   1.6034398e+02   2.8872882e+01   2.3009693e+01  -1.8276612e+02
  -1.7098743e+02   1.6541313e+02   3.9222675e-01   1.6229512e+02   2.8388404e+01   2.4032031e+01  -1.8615095e+02
  -1.7090093e+02   1.6657325e+02   1.7468561e+00   1.6509183e+02   2.7808174e+01   2.3283256e+01  -1.8837132e+02
  -1.6925582e+02   1.6208041e+02   2.1515672e+00   1.6112024e+02   2.8004553e+01   2.3949657e+01  -1.9030818e+02
  -1.6819321e+02   1.6405321e+02   3.2777224e+00   1.6305427e+02   2.7880393e+01   2.4903199e+01  -1.9207538e+02
  -1.6706697e+02   1.6420510e+02   4.1959079e+00   1.6353148e+02   2.7014306e+01   2.6170091e+01  -1.9349099e+02
  -1.6703618e+02   1.5968253e+02   4.2409845e+00   1.5972906e+02   2.5769373e+01   2.6971741e+01  -1.9470445e+02
  -1.6667931e+02   1.6672816e+02   6.6635510e+00   1.6796029e+02   2.5290025e+01   2.6805325e+01  -1.9488804e+02
  -1.6721485e+02   1.6878016e+02   7.5843686e+00   1.6993456e+02   2.3706226e+01   2.7555402e+01  -1.9535778e+02
  -1.6583392e+02   1.6904172e+02   8.8242263e+00   1.7169479e+02   2.4215613e+01   2.6181666e+01  -1.9476942e+02
  -1.6651587e+02   1.7180961e+02   1.0089892e+01   1.7502785e+02   2.2989023e+01   2.5523365e+01  -1.9602618e+02
  -1.6615008e+02   1.7109864e+02   1.0757338e+01   1.7589818e+02   2.2296883e+01   2.4033652e+01  -1.9487649e+02
  -1.6590848e+02   1.6974301e+02   1.1287479e+01   1.7535364e+02   2.1350305e+01   2.3458684e+01  -1.9566753e+02
  -1.6595430e+02   1.6873658e+02   1.1513370e+01   1.7490751e+02   1.9778507e+01   2.2810157e+01  -1.9492888e+02
  -1.6721646e+02   1.7030999e+02   1.2050595e+01   1.7707909e+02   1.7324969e+01   2.2200396e+01  -1.9455324e+02
  -1.6695639e+02   1.6763625e+02   1.2055103e+01   1.7337564e+02   1.5936304e+01   2.3231499e+01  -1.9471528e+02
  -1.6697048e+02   1.6828065e+02   1.2597260e+01   1.7448719e+02   1.4776353e+01   2.2235219e+01  -1.9393322e+02
  -1.6703923e+02   1.6700169e+02   1.2411706e+01   1.7235006e+02   1.3113401e+01   2.2625696e+01  -1.9319505e+02
  -1.6655360e+02   1.6756276e+02   1.2905946e+01   1.7159166e+02   1.2547922e+01   2.3555667e+01  -1.9292932e+02
  -1.6554337e+02   1.7029144e+02   1.4357754e+01   1.7461583e+02   1.3101651e+01   2.2946950e+01  -1.9180880e+02
  -1.6556567e+02   1.7441615e+02   1.6085351e+01   1.7765719e+02   1.2777179e+01   2.3654222e+01  -1.9159887e+02
  -1.6510869e+02   1.7283333e+02   1.6128309e+01   1.7535454e+02   1.1848710e+01   2.4108138e+01  -1.8986963e+02
  -1.6528560e+02   1.7288230e+02   1.6312687e+01   1.7725367e+02   1.0159448e+01   2.1404418e+01  -1.9008107e+02
  -1.6601737e+02   1.7460693e+02   1.6848841e+01   1.7889532e+02   8.8942952e+00   2.0879070e+01  -1.8896421e+02
  -1.6681069e+02   1.7286045e+02   1.7286240e+01   1.7511695e+02   7.1879226e+00   2.2456052e+01  -1.8773605e+02
  -1.6707133e+02   1.6960390e+02   1.7107294e+01   1.7146440e+02   5.3825687e+00   2.2626669e+01  -1.8653594e+02
  -1.6800491e+02   1.6657521e+02   1.6824402e+01   1.6882991e+02   2.4849813e+00   2.1606112e+01  -1.8597481e+02
  -1.6688814e+02   1.6620010e+02   1.7689064e+01   1.6774524e+02   2.9991503e+00   2.1795539e+01  -1.8534260e+02
  -1.6819421e+02   1.6677004e+02   1.7970902e+01   1.6626389e+02   1.0733241e+00   2.3633892e+01  -1.8372048e+02
