  -3.5275801e+01  -5.9904253e+01  -3.6843529e+01   7.3516184e+01  -2.8294482e+01  -4.2693151e+01  -1.3305502e+01
  -3.0000000e+01  -4.9000000e+01  -3.4978596e+01   7.2231016e+01  -3.1784962e+01  -4.6000000e+01  -1.4305619e+01
  -3.0000000e+01  -4.9000000e+01  -3.3410446e+01   7.2942502e+01  -3.3733850e+01  -4.6000000e+01  -1.5388427e+01
  -3.0000000e+01  -4.9000000e+01  -3.4450239e+01   7.1454539e+01  -3.4066148e+01  -4.6000000e+01  -1.6364965e+01
  -3.0000000e+01  -4.9000000e+01  -3.3760876e+01   6.7981379e+01  -3.1887018e+01  -4.6000000e+01  -1.4453564e+01
  -3.0000000e+01  -4.9000000e+01  -2.9403237e+01   6.5561622e+01  -3.0905809e+01  -4.6000000e+01  -9.4298767e+00
  -3.0000000e+01  -4.9000000e+01  -2.5174740e+01   6.2118884e+01  -2.8121430e+01  -4.6000000e+01  -3.0320189e+00
  -3.0000000e+01  -4.9000000e+01  -2.2905996e+01   5.7702378e+01  -2.4413362e+01  -4.6000000e+01   6.7027262e+00
  -3.0000000e+01  -4.9000000e+01  -2.0524576e+01   5.2590483e+01  -1.9145718e+01  -4.6000000e+01   1.3779811e+01
  -3.0000000e+01  -4.9000000e+01  -1.6826601e+01   4.8039733e+01  -1.5247317e+01  -4.6000000e+01   1.9377664e+01
  -3.0000000e+01  -4.9000000e+01  -1.5409645e+01   4.5135918e+01  -1.1568898e+01  -4.6000000e+01   2.6646916e+01
  -3.0000000e+01  -4.9000000e+01  -1.6089184e+01   4.3518440e+01  -7.8356964e+00  -4.6000000e+01   3.4663364e+01
  -3.0000000e+01  -4.9000000e+01  -1.5090561e+01   4.1404078e+01  -4.5415863e+00  -4.6000000e+01   4.3324302e+01
  -3.0000000e+01  -4.9000000e+01  -1.3758278e+01   3.9632325e+01  -4.2978280e+00  -4.6000000e+01   5.2403706e+01
  -3.0000000e+01  -4.9000000e+01  -1.0177761e+01   3.9422578e+01  -3.7435695e+00  -4.6000000e+01   5.8993284e+01
  -3.0000000e+01  -4.9000000e+01  -6.6579885e+00   4.0744969e+01  -2.9736477e+00  -4.6000000e+01   6.0243065e+01
  -3.0000000e+01  -4.9000000e+01  -8.4104454e+00   4.2098707e+01  -3.0490406e+00  -4.6000000e+01   5.8682177e+01
  -3.0000000e+01  -4.9000000e+01  -9.4898743e+00   4.4088111e+01  -4.0980884e+00  -4.6000000e+01   5.4308664e+01
  -3.0000000e+01  -4.9000000e+01  -1.2657526e+01   4.5911426e+01  -5.1762132e+00  -4.6000000e+01   4.9099156e+01
  -3.0000000e+01  -4.9000000e+01  -1.5129790e+01   4.7791769e+01  -6.6220617e+00  -4.6000000e+01   4.6888307e+01
  -3.0000000e+01  -4.9000000e+01  -1.4831290e+01   5.0009128e+01  -8.8474251e+00  -4.6000000e+01   4.3642301e+01
  -3.0000000e+01  -4.9000000e+01  -1.3716493e+01   5.1861322e+01  -9.7995268e+00  -4.6000000e+01   3.9200441e+01
  -3.0000000e+01  -4.9000000e+01  -1.5194896e+01   5.3868054e+01  -1.2681643e+01  -4.6000000e+01   3.6909294e+01
  -3.0000000e+01  -4.9000000e+01  -1.9393313e+01   5.4189950e+01  -1.4809389e+01  -4.6000000e+01   3.3451474e+01
  -3.0000000e+01  -4.9000000e+01  -2.1568887e+01   5.5877230e+01  -1.9074327e+01  -4.6000000e+01   2.8102792e+01
  -3.0000000e+01  -4.9000000e+01  -2.3363727e+01   5.6837195e+01  -2.2503166e+01  -4.6000000e+01   2.4516973e+01
  -3.0000000e+01  -4.9000000e+01  -2.4423565e+01   5.8450083e+01  -2.4241846e+01  -4.6000000e+01   2.0067711e+01
  -3.0000000e+01  -4.9000000e+01  -2.6978142e+01   6.0231134e+01  -2.5229912e+01  -4.6000000e+01   1.4760915e+01
  -3.0000000e+01  -4.9000000e+01  -2.8557981e+01   6.1668436e+01  -2.6405661e+01  -4.6000000e+01   9.5612141e+00
  -3.0000000e+01  -4.9000000e+01  -3.5257351e+01   6.2300720e+01  -2.6443237e+01  -4.6000000e+01   2.8282157e+00
  -3.0000000e+01  -4.9000000e+01  -3.9927801e+01   6.1796259e+01  -2.6413094e+01  -4.6000000e+01  -3.2176636e+00
  -3.0000000e+01  -4.9000000e+01  -4.2302133e+01   6.3205011e+01  -2.7451222e+01  -4.6000000e+01  -1.0117768e+01
  -3.0000000e+01  -4.9000000e+01  -4.1235334e+01   6.6447990e+01  -2.9501093e+01  -4.6000000e+01  -1.5671569e+01
  -3.0000000e+01  -4.9000000e+01  -4.2628610e+01   6.8120950e+01  -3.2417829e+01  -4.6000000e+01  -2.0121223e+01
  -3.0000000e+01  -4.9000000e+01  -4.3202241e+01   6.9931242e+01  -3.4701339e+01  -4.6000000e+01  -2.3765967e+01
  -3.0000000e+01  -4.9000000e+01  -4.2919738e+01   7.1971787e+01  -3.6244649e+01  -4.6000000e+01  -2.7427066e+01
  -3.0000000e+01  -4.9000000e+01  -4.3215888e+01   7.3455450e+01  -3.7990480e+01  -4.6000000e+01  -3.0132748e+01
  -3.0000000e+01  -4.9000000e+01  -4.4772568e+01   7.3068526e+01  -3.8238098e+01  -4.6000000e+01  -3.2161763e+01
  -3.0000000e+01  -4.9000000e+01  -4.3127964e+01   7.2054079e+01  -3.8761332e+01  -4.6000000e+01  -2.8718196e+01
  -3.0000000e+01  -4.9000000e+01  -3.9080673e+01   7.0653516e+01  -3.7964130e+01  -4.6000000e+01  -2.2447891e+01
  -3.0000000e+01  -4.9000000e+01  -3.3456696e+01   6.7138730e+01  -3.6432641e+01  -4.6000000e+01  -1.4014200e+01
  -3.0000000e+01  -4.9000000e+01  -2.9827069e+01   6.2080085e+01  -3.3494835e+01  -4.6000000e+01  -5.0230253e+00
  -3.0000000e+01  -4.9000000e+01  -2.7011196e+01   5.6937712e+01  -2.9434431e+01  -4.6000000e+01   4.3959362e+00
  -3.0000000e+01  -4.9000000e+01  -2.4215191e+01   5.1804370e+01  -2.3076332e+01  -4.6000000e+01   1.2809363e+01
  -3.0000000e+01  -4.9000000e+01  -2.4189910e+01   4.7731192e+01  -1.8129695e+01  -4.6000000e+01   2.0579201e+01
  -3.0000000e+01  -4.9000000e+01  -2.1482344e+01   4.4980202e+01  -1.4267231e+01  -4.6000000e+01   3.0327627e+01
  -3.0000000e+01  -4.9000000e+01  -1.8277857e+01   4.2954902e+01  -1.0892184e+01  -4.6000000e+01   3.9763697e+01
  -3.0000000e+01  -4.9000000e+01  -1.5582111e+01   4.1512139e+01  -8.9232737e+00  -4.6000000e+01   4.7114698e+01
  -3.0000000e+01  -4.9000000e+01  -1.5631220e+01   4.0382609e+01  -6.8002373e+00  -4.6000000e+01   5.1730481e+01
  -3.0000000e+01  -4.9000000e+01  -1.8153019e+01   4.0235186e+01  -4.5544490e+00  -4.6000000e+01   5.2599704e+01
  -3.0000000e+01  -4.9000000e+01  -1.8574545e+01   3.9040018e+01  -2.1416126e+00  -4.6000000e+01   5.2706131e+01
  -3.0000000e+01  -4.9000000e+01  -1.7797570e+01   3.8742195e+01  -1.5596354e+00  -4.6000000e+01   5.3101447e+01
  -3.0000000e+01  -4.9000000e+01  -1.7090634e+01   3.8883068e+01  -2.6892360e+00  -4.6000000e+01   5.6489588e+01
  -3.0000000e+01  -4.9000000e+01  -1.7100115e+01   3.9129753e+01  -4.0331506e+00  -4.6000000e+01   5.7764353e+01
  -3.0000000e+01  -4.9000000e+01  -1.8974346e+01   4.0770793e+01  -5.1581288e+00  -4.6000000e+01   5.3451787e+01
  -3.0000000e+01  -4.9000000e+01  -1.9353066e+01   4.3397017e+01  -7.4470872e+00  -4.6000000e+01   4.9911070e+01
  -3.0000000e+01  -4.9000000e+01  -1.7096813e+01   4.7004322e+01  -1.0205698e+01  -4.6000000e+01   4.5465090e+01
  -3.0000000e+01  -4.9000000e+01  -1.7944560e+01   4.8971827e+01  -1.1568008e+01  -4.6000000e+01   4.1914773e+01
  -3.0000000e+01  -4.9000000e+01  -1.8831336e+01   5.0155146e+01  -1.4452900e+01  -4.6000000e+01   3.9720645e+01
  -3.0000000e+01  -4.9000000e+01  -2.1487056e+01   5.0133023e+01  -1.6602417e+01  -4.6000000e+01   3.8489297e+01
  -3.0000000e+01  -4.9000000e+01  -2.3907101e+01   5.1273660e+01  -1.7913060e+01  -4.6000000e+01   3.4661840e+01
  -3.0000000e+01  -4.9000000e+01  -2.3205489e+01   5.2465360e+01  -2.1393782e+01  -4.6000000e+01   3.2029404e+01
  -3.0000000e+01  -4.9000000e+01  -2.5558548e+01   5.4049312e+01  -2.2901893e+01  -4.6000000e+01   2.8182168e+01
  -3.0000000e+01  -4.9000000e+01  -2.4101235e+01   5.6114981e+01  -2.5095389e+01  -4.6000000e+01   2.5317061e+01
  -3.0000000e+01  -4.9000000e+01  -2.5957117e+01   5.7261839e+01  -2.7044476e+01  -4.6000000e+01   2.2179770e+01
  -3.0000000e+01  -4.9000000e+01  -2.7453192e+01   5.9149216e+01  -2.8120907e+01  -4.6000000e+01   1.9137671e+01
  -3.0000000e+01  -4.9000000e+01  -3.3089663e+01   5.9275362e+01  -2.8269569e+01  -4.6000000e+01   1.3339644e+01
  -3.0000000e+01  -4.9000000e+01  -3.4676297e+01   6.0283451e+01  -2.8670105e+01  -4.6000000e+01   8.1335501e+00
  -3.0000000e+01  -4.9000000e+01  -3.6763170e+01   6.1558913e+01  -2.9800605e+01  -4.6000000e+01   3.1163708e+00
  -3.0000000e+01  -4.9000000e+01  -3.8845751e+01   6.2504142e+01  -3.0889754e+01  -4.6000000e+01  -2.4161499e+00
  -3.0000000e+01  -4.9000000e+01  -4.0920444e+01   6.4263104e+01  -3.2413727e+01  -4.6000000e+01  -7.8670823e+00
  -3.0000000e+01  -4.9000000e+01  -4.0247156e+01   6.6767961e+01  -3.4806431e+01  -4.6000000e+01  -1.1401491e+01
  -3.0000000e+01  -4.9000000e+01  -4.0426776e+01   6.8878035e+01  -3.6662506e+01  -4.6000000e+01  -1.5743681e+01
  -3.0000000e+01  -4.9000000e+01  -4.1962568e+01   7.0507627e+01  -3.8408599e+01  -4.6000000e+01  -2.0011700e+01
  -3.0000000e+01  -4.9000000e+01  -4.1110445e+01   7.1504353e+01  -3.9156686e+01  -4.6000000e+01  -2.2749182e+01
  -3.0000000e+01  -4.9000000e+01  -3.9443064e+01   7.0615759e+01  -3.8184153e+01  -4.6000000e+01  -2.5948616e+01
  -3.0000000e+01  -4.9000000e+01  -3.7682616e+01   6.8235589e+01  -3.7458977e+01  -4.6000000e+01  -2.6269939e+01
  -3.0000000e+01  -4.9000000e+01  -3.2479487e+01   6.5979988e+01  -3.5803405e+01  -4.6000000e+01  -2.1465238e+01
  -3.0000000e+01  -4.9000000e+01  -2.7891884e+01   6.2500465e+01  -3.1754236e+01  -4.6000000e+01  -1.2665665e+01
  -3.0000000e+01  -4.9000000e+01  -2.4265642e+01   5.7267155e+01  -2.6143250e+01  -4.6000000e+01  -2.3074878e+00
  -3.0000000e+01  -4.9000000e+01  -2.1871532e+01   5.2142038e+01  -2.1649408e+01  -4.6000000e+01   6.6677558e+00
  -3.0000000e+01  -4.9000000e+01  -2.0905849e+01   4.8868961e+01  -1.7198326e+01  -4.6000000e+01   1.4598560e+01
  -3.0000000e+01  -4.9000000e+01  -1.8964239e+01   4.7012717e+01  -1.3359755e+01  -4.6000000e+01   2.2545384e+01
  -3.0000000e+01  -4.9000000e+01  -1.6848831e+01   4.5788738e+01  -9.1720583e+00  -4.6000000e+01   3.1428633e+01
  -3.0000000e+01  -4.9000000e+01  -1.4305506e+01   4.4869310e+01  -6.0919846e+00  -4.6000000e+01   3.9844879e+01
  -3.0000000e+01  -4.9000000e+01  -1.5297369e+01   4.2530177e+01  -3.6905875e+00  -4.6000000e+01   4.6252980e+01
  -3.0000000e+01  -4.9000000e+01  -1.5869855e+01   4.1326735e+01  -5.0198747e-02  -4.6000000e+01   4.6768308e+01
  -3.0000000e+01  -4.9000000e+01  -1.8092750e+01   4.0651731e+01   2.6595658e+00  -4.6000000e+01   4.7973518e+01
  -3.0000000e+01  -4.9000000e+01  -1.8125930e+01   4.2367406e+01   3.0890117e+00  -4.6000000e+01   4.6253439e+01
  -3.0000000e+01  -4.9000000e+01  -1.6912375e+01   4.4073918e+01   5.2707720e-01  -4.6000000e+01   4.3976269e+01
  -3.0000000e+01  -4.9000000e+01  -1.5222290e+01   4.6793061e+01  -4.9585955e+00  -4.6000000e+01   4.5857101e+01
  -3.0000000e+01  -4.9000000e+01  -1.5669311e+01   4.9140548e+01  -7.5967641e+00  -4.6000000e+01   4.2365313e+01
  -3.0000000e+01  -4.9000000e+01  -1.5261690e+01   5.0638441e+01  -1.0407021e+01  -4.6000000e+01   4.0986888e+01
  -3.0000000e+01  -4.9000000e+01  -1.6405700e+01   5.2803875e+01  -1.2846790e+01  -4.6000000e+01   3.7705872e+01
  -3.0000000e+01  -4.9000000e+01  -1.6110421e+01   5.4083222e+01  -1.5234117e+01  -4.6000000e+01   3.4694491e+01
  -3.0000000e+01  -4.9000000e+01  -1.8000911e+01   5.6557675e+01  -1.7574677e+01  -4.6000000e+01   2.9921580e+01
  -3.0000000e+01  -4.9000000e+01  -2.1326945e+01   5.7837095e+01  -1.9844443e+01  -4.6000000e+01   2.6024914e+01
  -3.0000000e+01  -4.9000000e+01  -2.2900366e+01   5.9699292e+01  -2.2502365e+01  -4.6000000e+01   2.0483950e+01
  -3.0000000e+01  -4.9000000e+01  -2.7030036e+01   6.1079621e+01  -2.3625366e+01  -4.6000000e+01   1.4125905e+01
  -3.0000000e+01  -4.9000000e+01  -3.0853102e+01   6.2239907e+01  -2.5256130e+01  -4.6000000e+01   8.5098914e+00
  -3.0000000e+01  -4.9000000e+01  -3.3315047e+01   6.3870412e+01  -2.5313436e+01  -4.6000000e+01   1.9369069e+00
  -3.0000000e+01  -4.9000000e+01  -3.7700876e+01   6.4354567e+01  -2.5348762e+01  -4.6000000e+01  -5.4044543e+00
  -3.0000000e+01  -4.9000000e+01  -3.9960593e+01   6.6171077e+01  -2.4785960e+01  -4.6000000e+01  -1.2364992e+01
  -3.0000000e+01  -4.9000000e+01  -4.1407048e+01   6.8327336e+01  -2.6213017e+01  -4.6000000e+01  -1.8558265e+01
  -3.0000000e+01  -4.9000000e+01  -4.1839249e+01   7.0239700e+01  -2.9894132e+01  -4.6000000e+01  -2.1530610e+01
  -3.0000000e+01  -4.9000000e+01  -4.2010741e+01   7.2121284e+01  -3.1448910e+01  -4.6000000e+01  -2.7233877e+01
  -3.0000000e+01  -4.9000000e+01  -4.1245711e+01   7.3800417e+01  -3.3864077e+01  -4.6000000e+01  -2.9670812e+01
  -3.0000000e+01  -4.9000000e+01  -4.0886827e+01   7.5386259e+01  -3.6608285e+01  -4.6000000e+01  -3.1346295e+01
  -3.0000000e+01  -4.9000000e+01  -4.0460466e+01   7.5464443e+01  -3.7764694e+01  -4.6000000e+01  -3.1529407e+01
  -3.0000000e+01  -4.9000000e+01  -4.0306105e+01   7.3927838e+01  -3.8209714e+01  -4.6000000e+01  -2.9237304e+01
  -3.0000000e+01  -4.9000000e+01  -3.6865134e+01   7.0752750e+01  -3.6913590e+01  -4.6000000e+01  -2.5264917e+01
  -3.0000000e+01  -4.9000000e+01  -3.2502268e+01   6.6413711e+01  -3.5899479e+01  -4.6000000e+01  -1.9348297e+01
  -3.0000000e+01  -4.9000000e+01  -2.7210195e+01   6.1373903e+01  -3.2660551e+01  -4.6000000e+01  -1.0267988e+01
  -3.0000000e+01  -4.9000000e+01  -2.3494788e+01   5.5501984e+01  -2.6159862e+01  -4.6000000e+01  -3.1233725e+00
  -3.0000000e+01  -4.9000000e+01  -2.3973274e+01   5.0968024e+01  -2.1139640e+01  -4.6000000e+01   3.2644303e+00
  -3.0000000e+01  -4.9000000e+01  -2.1441704e+01   4.6393031e+01  -1.5998359e+01  -4.6000000e+01   1.1250982e+01
  -3.0000000e+01  -4.9000000e+01  -1.6669518e+01   4.5688927e+01  -1.1618609e+01  -4.6000000e+01   2.0481583e+01
  -3.0000000e+01  -4.9000000e+01  -1.3184658e+01   4.4907720e+01  -7.1349414e+00  -4.6000000e+01   2.9707424e+01
  -3.0000000e+01  -4.9000000e+01  -1.4568165e+01   4.3110604e+01  -4.7103393e+00  -4.6000000e+01   3.8743170e+01
  -3.0000000e+01  -4.9000000e+01  -1.2974599e+01   4.1272509e+01  -1.2339838e+00  -4.6000000e+01   4.4276351e+01
  -3.0000000e+01  -4.9000000e+01  -1.6322963e+01   3.9330189e+01   2.7193248e+00  -4.6000000e+01   4.6738271e+01
  -3.0000000e+01  -4.9000000e+01  -1.5706520e+01   3.8079533e+01   2.8946312e+00  -4.6000000e+01   5.4616883e+01
  -3.0000000e+01  -4.9000000e+01  -1.3490680e+01   3.7754603e+01   2.1952310e+00  -4.6000000e+01   6.0418900e+01
  -3.0000000e+01  -4.9000000e+01  -9.6246818e+00   3.8603904e+01  -3.7961027e-01  -4.6000000e+01   6.2798371e+01
  -3.0000000e+01  -4.9000000e+01  -7.1409085e+00   4.1608403e+01  -3.0163589e+00  -4.6000000e+01   6.0262185e+01
  -3.0000000e+01  -4.9000000e+01  -7.8660766e+00   4.3794822e+01  -7.6191626e+00  -4.6000000e+01   5.7431404e+01
  -3.0000000e+01  -4.9000000e+01  -1.1781975e+01   4.4873631e+01  -1.2461125e+01  -4.6000000e+01   5.5710438e+01
  -3.0000000e+01  -4.9000000e+01  -1.4556649e+01   4.6546524e+01  -1.0553215e+01  -4.6000000e+01   4.6798752e+01
  -3.0000000e+01  -4.9000000e+01  -1.7154992e+01   4.7787242e+01  -1.4871477e+01  -4.6000000e+01   4.7244613e+01
  -3.0000000e+01  -4.9000000e+01  -1.8660460e+01   4.9617818e+01  -1.3588613e+01  -4.6000000e+01   4.1083879e+01
  -3.0000000e+01  -4.9000000e+01  -1.8194177e+01   5.1113790e+01  -1.4639803e+01  -4.6000000e+01   3.8101088e+01
  -3.0000000e+01  -4.9000000e+01  -1.5993323e+01   5.1694701e+01  -1.6914832e+01  -4.6000000e+01   3.6429005e+01
  -3.0000000e+01  -4.9000000e+01  -2.0400229e+01   5.4226829e+01  -1.8990469e+01  -4.6000000e+01   3.2609289e+01
  -3.0000000e+01  -4.9000000e+01  -2.4911767e+01   5.5553186e+01  -2.2478639e+01  -4.6000000e+01   2.7986719e+01
  -3.0000000e+01  -4.9000000e+01  -2.5568546e+01   5.6531829e+01  -2.5271768e+01  -4.6000000e+01   2.3945566e+01
  -3.0000000e+01  -4.9000000e+01  -2.6491015e+01   5.8069638e+01  -2.6053938e+01  -4.6000000e+01   1.9811440e+01
  -3.0000000e+01  -4.9000000e+01  -2.6485969e+01   5.9890555e+01  -2.7154062e+01  -4.6000000e+01   1.6276401e+01
  -3.0000000e+01  -4.9000000e+01  -3.0351923e+01   6.0922467e+01  -2.7995623e+01  -4.6000000e+01   1.1152500e+01
  -3.0000000e+01  -4.9000000e+01  -3.2892644e+01   6.1831817e+01  -2.8860570e+01  -4.6000000e+01   6.9398120e+00
  -3.0000000e+01  -4.9000000e+01  -3.7162318e+01   6.2180373e+01  -2.9204995e+01  -4.6000000e+01   1.5046320e+00
  -3.0000000e+01  -4.9000000e+01  -4.2074188e+01   6.2352626e+01  -2.9213006e+01  -4.6000000e+01  -4.0204180e+00
  -3.0000000e+01  -4.9000000e+01  -4.4038223e+01   6.3485420e+01  -3.0057091e+01  -4.6000000e+01  -9.6448951e+00
  -3.0000000e+01  -4.9000000e+01  -4.2824384e+01   6.5202123e+01  -3.2098935e+01  -4.6000000e+01  -1.4253390e+01
  -3.0000000e+01  -4.9000000e+01  -4.1733378e+01   6.7350759e+01  -3.4699602e+01  -4.6000000e+01  -1.6701501e+01
  -3.0000000e+01  -4.9000000e+01  -3.9272283e+01   7.0137110e+01  -3.6534242e+01  -4.6000000e+01  -1.9072872e+01
  -3.0000000e+01  -4.9000000e+01  -3.8572140e+01   7.2389600e+01  -3.8342419e+01  -4.6000000e+01  -2.2573432e+01
  -3.0000000e+01  -4.9000000e+01  -3.9805507e+01   7.4023920e+01  -4.0124114e+01  -4.6000000e+01  -2.5478616e+01
  -3.0000000e+01  -4.9000000e+01  -3.9904491e+01   7.4388530e+01  -4.2080045e+01  -4.6000000e+01  -2.5931358e+01
  -3.0000000e+01  -4.9000000e+01  -3.8504944e+01   7.4269816e+01  -4.1573870e+01  -4.6000000e+01  -2.6630613e+01
  -3.0000000e+01  -4.9000000e+01  -3.7509065e+01   7.2819972e+01  -4.0618022e+01  -4.6000000e+01  -2.5291828e+01
  -3.0000000e+01  -4.9000000e+01  -3.7773025e+01   6.8777987e+01  -3.8487220e+01  -4.6000000e+01  -1.9747107e+01
  -3.0000000e+01  -4.9000000e+01  -3.2165011e+01   6.5580500e+01  -3.5275080e+01  -4.6000000e+01  -1.1040005e+01
  -3.0000000e+01  -4.9000000e+01  -2.4394175e+01   6.1472708e+01  -3.0279813e+01  -4.6000000e+01  -3.0555191e+00
  -3.0000000e+01  -4.9000000e+01  -2.2105132e+01   5.6430287e+01  -2.4645141e+01  -4.6000000e+01   4.6466078e+00
  -3.0000000e+01  -4.9000000e+01  -2.3166782e+01   5.1567702e+01  -1.8539127e+01  -4.6000000e+01   1.1483645e+01
  -3.0000000e+01  -4.9000000e+01  -2.3499256e+01   4.6958777e+01  -1.4900689e+01  -4.6000000e+01   1.9122489e+01
  -3.0000000e+01  -4.9000000e+01  -2.1304075e+01   4.3615341e+01  -1.0714650e+01  -4.6000000e+01   2.6508230e+01
  -3.0000000e+01  -4.9000000e+01  -2.1004205e+01   4.2607093e+01  -6.8813035e+00  -4.6000000e+01   3.5088793e+01
  -3.0000000e+01  -4.9000000e+01  -1.4234949e+01   3.9794442e+01  -5.7535776e+00  -4.6000000e+01   4.3714460e+01
  -3.0000000e+01  -4.9000000e+01  -1.0923716e+01   3.9581806e+01  -4.5324690e+00  -4.6000000e+01   4.9988962e+01
  -3.0000000e+01  -4.9000000e+01  -1.2395069e+01   3.8646724e+01  -2.9153163e+00  -4.6000000e+01   5.3781607e+01
  -3.0000000e+01  -4.9000000e+01  -1.4320882e+01   3.7833580e+01  -1.3946137e+00  -4.6000000e+01   5.4921201e+01
  -3.0000000e+01  -4.9000000e+01  -1.5476476e+01   3.8432426e+01   7.0332622e-01  -4.6000000e+01   5.2222172e+01
  -3.0000000e+01  -4.9000000e+01  -1.8394269e+01   3.9574245e+01  -1.4952198e-02  -4.6000000e+01   5.0349450e+01
  -3.0000000e+01  -4.9000000e+01  -1.9281827e+01   4.1937414e+01  -1.8964982e+00  -4.6000000e+01   4.8270478e+01
  -3.0000000e+01  -4.9000000e+01  -1.6641516e+01   4.3774223e+01  -6.1718189e+00  -4.6000000e+01   4.6040170e+01
  -3.0000000e+01  -4.9000000e+01  -1.6643318e+01   4.6975753e+01  -1.0652712e+01  -4.6000000e+01   4.4251861e+01
  -3.0000000e+01  -4.9000000e+01  -1.9890607e+01   4.8056173e+01  -1.3600646e+01  -4.6000000e+01   4.0624050e+01
  -3.0000000e+01  -4.9000000e+01  -2.1213752e+01   4.9941464e+01  -1.5390922e+01  -4.6000000e+01   3.5522491e+01
  -3.0000000e+01  -4.9000000e+01  -2.3466987e+01   5.1606178e+01  -1.6551901e+01  -4.6000000e+01   3.0364221e+01
  -3.0000000e+01  -4.9000000e+01  -2.1864783e+01   5.4159340e+01  -1.8575853e+01  -4.6000000e+01   2.6910511e+01
  -3.0000000e+01  -4.9000000e+01  -2.3372307e+01   5.6707542e+01  -2.0200584e+01  -4.6000000e+01   2.3197835e+01
  -3.0000000e+01  -4.9000000e+01  -2.4834587e+01   5.8357286e+01  -2.1551993e+01  -4.6000000e+01   1.9202378e+01
  -3.0000000e+01  -4.9000000e+01  -2.5983046e+01   5.9550860e+01  -2.3054545e+01  -4.6000000e+01   1.6736908e+01
  -3.0000000e+01  -4.9000000e+01  -2.6961786e+01   6.0978655e+01  -2.4463805e+01  -4.6000000e+01   1.3539316e+01
  -3.0000000e+01  -4.9000000e+01  -2.7776809e+01   6.2323112e+01  -2.6019002e+01  -4.6000000e+01   1.0085686e+01
  -3.0000000e+01  -4.9000000e+01  -3.0140418e+01   6.3555975e+01  -2.7031083e+01  -4.6000000e+01   4.8539801e+00
  -3.0000000e+01  -4.9000000e+01  -3.0807644e+01   6.5199976e+01  -2.8589640e+01  -4.6000000e+01   1.8679773e+00
  -3.0000000e+01  -4.9000000e+01  -3.2773194e+01   6.5999630e+01  -3.0080713e+01  -4.6000000e+01  -2.4972541e+00
  -3.0000000e+01  -4.9000000e+01  -3.2822457e+01   6.8004580e+01  -3.1144041e+01  -4.6000000e+01  -6.6908985e+00
  -3.0000000e+01  -4.9000000e+01  -3.4336988e+01   7.0187861e+01  -3.3185644e+01  -4.6000000e+01  -1.0788233e+01
  -3.0000000e+01  -4.9000000e+01  -3.7059151e+01   7.1630226e+01  -3.4559201e+01  -4.6000000e+01  -1.6697198e+01
  -3.0000000e+01  -4.9000000e+01  -3.9351432e+01   7.2670384e+01  -3.6364062e+01  -4.6000000e+01  -2.1010732e+01
  -3.0000000e+01  -4.9000000e+01  -3.7933281e+01   7.4058364e+01  -3.8894642e+01  -4.6000000e+01  -2.1879413e+01
  -3.0000000e+01  -4.9000000e+01  -3.4889211e+01   7.3791321e+01  -3.7738207e+01  -4.6000000e+01  -2.2527430e+01
  -3.0000000e+01  -4.9000000e+01  -3.3194328e+01   6.9175370e+01  -3.2397351e+01  -4.6000000e+01  -2.0247826e+01
  -3.0000000e+01  -4.9000000e+01  -3.1653948e+01   6.3719620e+01  -2.8376996e+01  -4.6000000e+01  -1.3454207e+01
  -3.0000000e+01  -4.9000000e+01  -2.4577660e+01   5.8237132e+01  -2.4552165e+01  -4.6000000e+01  -3.5786136e+00
  -3.0000000e+01  -4.9000000e+01  -2.4270945e+01   5.1796078e+01  -1.9372723e+01  -4.6000000e+01   3.8198787e+00
  -3.0000000e+01  -4.9000000e+01  -2.2085404e+01   4.7322935e+01  -1.7087004e+01  -4.6000000e+01   1.2968578e+01
  -3.0000000e+01  -4.9000000e+01  -1.7911820e+01   4.4730014e+01  -1.4420624e+01  -4.6000000e+01   2.2115146e+01
  -3.0000000e+01  -4.9000000e+01  -1.7900817e+01   4.3225414e+01  -1.1466690e+01  -4.6000000e+01   3.1651270e+01
  -3.0000000e+01  -4.9000000e+01  -1.4785355e+01   4.1161234e+01  -8.0529602e+00  -4.6000000e+01   3.9989330e+01
  -3.0000000e+01  -4.9000000e+01  -1.5114832e+01   3.9819146e+01  -6.2718880e+00  -4.6000000e+01   4.7260517e+01
  -3.0000000e+01  -4.9000000e+01  -1.4910326e+01   3.8363298e+01  -4.0061558e+00  -4.6000000e+01   5.0109275e+01
  -3.0000000e+01  -4.9000000e+01  -1.6962539e+01   3.7861182e+01  -1.5890537e+00  -4.6000000e+01   5.1841542e+01
  -3.0000000e+01  -4.9000000e+01  -1.6944879e+01   3.7391134e+01   1.6558578e+00  -4.6000000e+01   4.9830152e+01
  -3.0000000e+01  -4.9000000e+01  -1.7795665e+01   3.7543481e+01   5.5904667e+00  -4.6000000e+01   4.3675150e+01
  -3.0000000e+01  -4.9000000e+01  -1.9694335e+01   3.8715634e+01   7.2107910e+00  -4.6000000e+01   4.0804592e+01
  -3.0000000e+01  -4.9000000e+01  -1.9903407e+01   3.9846898e+01   1.0015666e+00  -4.6000000e+01   5.0566712e+01
  -3.0000000e+01  -4.9000000e+01  -1.8161385e+01   4.1882281e+01   1.2108263e+00  -4.6000000e+01   4.3300000e+01
  -3.0000000e+01  -4.9000000e+01  -1.8066566e+01   4.3781354e+01  -6.3202005e+00  -4.6000000e+01   5.1857443e+01
  -3.0000000e+01  -4.9000000e+01  -1.7120601e+01   4.6421677e+01  -9.4853090e+00  -4.6000000e+01   4.7159719e+01
  -3.0000000e+01  -4.9000000e+01  -1.8817123e+01   4.8272195e+01  -1.3795141e+01  -4.6000000e+01   4.5716577e+01
  -3.0000000e+01  -4.9000000e+01  -1.9073601e+01   4.9731872e+01  -1.4572678e+01  -4.6000000e+01   4.0862999e+01
  -3.0000000e+01  -4.9000000e+01  -1.5782414e+01   5.1654585e+01  -1.5938443e+01  -4.6000000e+01   3.6961444e+01
  -3.0000000e+01  -4.9000000e+01  -1.7940724e+01   5.4062702e+01  -1.8075567e+01  -4.6000000e+01   3.2690604e+01
  -3.0000000e+01  -4.9000000e+01  -2.2421121e+01   5.5311057e+01  -2.0530628e+01  -4.6000000e+01   2.9267148e+01
  -3.0000000e+01  -4.9000000e+01  -2.6417437e+01   5.6500335e+01  -2.2049873e+01  -4.6000000e+01   2.3575353e+01
  -3.0000000e+01  -4.9000000e+01  -2.8768831e+01   5.6957177e+01  -2.2761088e+01  -4.6000000e+01   1.9077008e+01
  -3.0000000e+01  -4.9000000e+01  -2.8253162e+01   5.9422065e+01  -2.4273459e+01  -4.6000000e+01   1.5291986e+01
  -3.0000000e+01  -4.9000000e+01  -3.1345818e+01   6.0380211e+01  -2.5645906e+01  -4.6000000e+01   1.0338491e+01
  -3.0000000e+01  -4.9000000e+01  -3.3913445e+01   6.1306318e+01  -2.6924789e+01  -4.6000000e+01   5.3871801e+00
  -3.0000000e+01  -4.9000000e+01  -3.7928657e+01   6.1818698e+01  -2.8281191e+01  -4.6000000e+01  -2.0841296e-01
  -3.0000000e+01  -4.9000000e+01  -4.1715946e+01   6.2837418e+01  -2.8847415e+01  -4.6000000e+01  -6.8512772e+00
  -3.0000000e+01  -4.9000000e+01  -4.2407388e+01   6.5378272e+01  -3.0102938e+01  -4.6000000e+01  -1.3356208e+01
  -3.0000000e+01  -4.9000000e+01  -4.1836906e+01   6.7657823e+01  -3.2857467e+01  -4.6000000e+01  -1.7032729e+01
  -3.0000000e+01  -4.9000000e+01  -4.1241877e+01   7.0184515e+01  -3.6138972e+01  -4.6000000e+01  -1.8939683e+01
  -3.0000000e+01  -4.9000000e+01  -3.9853612e+01   7.2261860e+01  -3.8844202e+01  -4.6000000e+01  -2.1147451e+01
  -3.0000000e+01  -4.9000000e+01  -3.8873153e+01   7.3551308e+01  -4.0276665e+01  -4.6000000e+01  -2.3209784e+01
  -3.0000000e+01  -4.9000000e+01  -3.9677400e+01   7.2550082e+01  -4.0742185e+01  -4.6000000e+01  -2.3865984e+01
  -3.0000000e+01  -4.9000000e+01  -3.9018918e+01   7.0242664e+01  -3.9043200e+01  -4.6000000e+01  -2.3925721e+01
  -3.0000000e+01  -4.9000000e+01  -3.8816719e+01   6.6530897e+01  -3.7789772e+01  -4.6000000e+01  -2.1257343e+01
  -3.0000000e+01  -4.9000000e+01  -3.3862164e+01   6.3149807e+01  -3.6880696e+01  -4.6000000e+01  -1.2940383e+01
  -3.0000000e+01  -4.9000000e+01  -2.9218286e+01   5.9241101e+01  -3.2375139e+01  -4.6000000e+01  -4.2185328e+00
  -3.0000000e+01  -4.9000000e+01  -2.6816907e+01   5.4709083e+01  -2.8124746e+01  -4.6000000e+01   4.0380786e+00
  -3.0000000e+01  -4.9000000e+01  -2.5594167e+01   4.9873271e+01  -2.3355154e+01  -4.6000000e+01   1.1272687e+01
  -3.0000000e+01  -4.9000000e+01  -2.1080610e+01   4.6098056e+01  -1.7638564e+01  -4.6000000e+01   2.0410618e+01
  -3.0000000e+01  -4.9000000e+01  -1.6125356e+01   4.4292078e+01  -1.2083628e+01  -4.6000000e+01   3.0379100e+01
  -3.0000000e+01  -4.9000000e+01  -1.3390269e+01   4.2668397e+01  -8.2810104e+00  -4.6000000e+01   3.9003039e+01
  -3.0000000e+01  -4.9000000e+01  -1.3126926e+01   4.0423635e+01  -5.7554427e+00  -4.6000000e+01   4.5785744e+01
  -3.0000000e+01  -4.9000000e+01  -1.4936893e+01   3.7110444e+01  -2.6164834e+00  -4.6000000e+01   4.9784638e+01
  -3.0000000e+01  -4.9000000e+01  -1.7278939e+01   3.4989750e+01   4.1476487e-01  -4.6000000e+01   5.0380812e+01
  -3.0000000e+01  -4.9000000e+01  -1.8403995e+01   3.4994295e+01   3.6569877e+00  -4.6000000e+01   4.9687727e+01
  -3.0000000e+01  -4.9000000e+01  -2.0580012e+01   3.6761250e+01   1.5902667e+00  -4.6000000e+01   5.5907641e+01
  -3.0000000e+01  -4.9000000e+01  -1.9394040e+01   3.8629367e+01   2.1896115e+00  -4.6000000e+01   4.7641425e+01
  -3.0000000e+01  -4.9000000e+01  -1.7528135e+01   4.2107671e+01  -7.0112594e-01  -4.6000000e+01   4.3038144e+01
  -3.0000000e+01  -4.9000000e+01  -1.8773179e+01   4.4987302e+01  -5.9107763e+00  -4.6000000e+01   4.3655055e+01
  -3.0000000e+01  -4.9000000e+01  -1.7004948e+01   4.6897307e+01  -9.0563142e+00  -4.6000000e+01   4.2427730e+01
  -3.0000000e+01  -4.9000000e+01  -1.8391915e+01   4.7900015e+01  -1.2817939e+01  -4.6000000e+01   4.2258545e+01
  -3.0000000e+01  -4.9000000e+01  -2.0282190e+01   4.9217042e+01  -1.5099346e+01  -4.6000000e+01   3.8017968e+01
  -3.0000000e+01  -4.9000000e+01  -2.1368184e+01   5.0400885e+01  -1.6572240e+01  -4.6000000e+01   3.5917954e+01
  -3.0000000e+01  -4.9000000e+01  -2.3132656e+01   5.1746367e+01  -1.6675413e+01  -4.6000000e+01   3.1855978e+01
  -3.0000000e+01  -4.9000000e+01  -2.2079501e+01   5.3518176e+01  -2.0955034e+01  -4.6000000e+01   2.9811191e+01
  -3.0000000e+01  -4.9000000e+01  -2.5147765e+01   5.4524309e+01  -2.2293375e+01  -4.6000000e+01   2.6322058e+01
  -3.0000000e+01  -4.9000000e+01  -2.5094674e+01   5.6241661e+01  -2.3471126e+01  -4.6000000e+01   2.2829818e+01
  -3.0000000e+01  -4.9000000e+01  -2.4984953e+01   5.7109103e+01  -2.5178678e+01  -4.6000000e+01   2.0817208e+01
  -3.0000000e+01  -4.9000000e+01  -2.9505687e+01   5.6990287e+01  -2.4488836e+01  -4.6000000e+01   1.7502925e+01
  -3.0000000e+01  -4.9000000e+01  -3.3173062e+01   5.7032695e+01  -2.4685458e+01  -4.6000000e+01   1.4601254e+01
  -3.0000000e+01  -4.9000000e+01  -3.5373811e+01   5.7711713e+01  -2.5501680e+01  -4.6000000e+01   1.0628577e+01
  -3.0000000e+01  -4.9000000e+01  -3.6531805e+01   5.8995943e+01  -2.6477216e+01  -4.6000000e+01   7.2543320e+00
  -3.0000000e+01  -4.9000000e+01  -3.6570831e+01   6.0751164e+01  -2.8248724e+01  -4.6000000e+01   2.4852798e+00
  -3.0000000e+01  -4.9000000e+01  -3.6935642e+01   6.2554028e+01  -3.0259945e+01  -4.6000000e+01  -1.7515546e+00
  -3.0000000e+01  -4.9000000e+01  -3.6471413e+01   6.4873352e+01  -3.2054492e+01  -4.6000000e+01  -4.8765303e+00
  -3.0000000e+01  -4.9000000e+01  -3.6374968e+01   6.7436651e+01  -3.4456869e+01  -4.6000000e+01  -7.7690191e+00
  -3.0000000e+01  -4.9000000e+01  -3.8257556e+01   6.9493880e+01  -3.6804430e+01  -4.6000000e+01  -1.1805291e+01
  -3.0000000e+01  -4.9000000e+01  -4.1210235e+01   7.0591217e+01  -3.8763538e+01  -4.6000000e+01  -1.6019985e+01
  -3.0000000e+01  -4.9000000e+01  -4.2915882e+01   7.1173044e+01  -4.0249411e+01  -4.6000000e+01  -1.9892118e+01
  -3.0000000e+01  -4.9000000e+01  -4.4750116e+01   7.1388663e+01  -4.0209729e+01  -4.6000000e+01  -2.3130088e+01
  -3.0000000e+01  -4.9000000e+01  -4.0947536e+01   7.1404374e+01  -3.9043536e+01  -4.6000000e+01  -2.1385905e+01
  -3.0000000e+01  -4.9000000e+01  -3.7833737e+01   6.8941787e+01  -3.6255122e+01  -4.6000000e+01  -2.0131968e+01
  -3.0000000e+01  -4.9000000e+01  -3.1785540e+01   6.5253307e+01  -3.5098715e+01  -4.6000000e+01  -1.3585953e+01
  -3.0000000e+01  -4.9000000e+01  -2.7373842e+01   6.0888301e+01  -3.2795705e+01  -4.6000000e+01  -7.1383670e+00
  -3.0000000e+01  -4.9000000e+01  -2.3553770e+01   5.8298400e+01  -2.9226531e+01  -4.6000000e+01   2.5137840e-01
  -3.0000000e+01  -4.9000000e+01  -2.3831569e+01   5.2043948e+01  -2.3521231e+01  -4.6000000e+01   8.0674656e+00
  -3.0000000e+01  -4.9000000e+01  -2.3846232e+01   4.5501627e+01  -1.8601553e+01  -4.6000000e+01   1.4371037e+01
  -3.0000000e+01  -4.9000000e+01  -2.2199708e+01   4.2078949e+01  -1.3917402e+01  -4.6000000e+01   2.0758706e+01
  -3.0000000e+01  -4.9000000e+01  -1.6511293e+01   3.9643160e+01  -9.9882501e+00  -4.6000000e+01   2.9592978e+01
  -3.0000000e+01  -4.9000000e+01  -1.4405385e+01   3.8437241e+01  -5.9874123e+00  -4.6000000e+01   3.7845521e+01
  -3.0000000e+01  -4.9000000e+01  -1.2578560e+01   3.7129828e+01  -3.0148156e+00  -4.6000000e+01   4.5824348e+01
  -3.0000000e+01  -4.9000000e+01  -1.2259232e+01   3.5655198e+01  -1.6881935e+00  -4.6000000e+01   5.3485798e+01
  -3.0000000e+01  -4.9000000e+01  -1.4128285e+01   3.4979279e+01  -8.6230653e-01  -4.6000000e+01   5.6741234e+01
  -3.0000000e+01  -4.9000000e+01  -1.6557921e+01   3.5108001e+01  -8.1074659e-02  -4.6000000e+01   5.7442783e+01
  -3.0000000e+01  -4.9000000e+01  -1.7975044e+01   3.6608229e+01   9.7044734e-02  -4.6000000e+01   5.4962566e+01
  -3.0000000e+01  -4.9000000e+01  -1.8129379e+01   3.8180497e+01  -1.0339375e+00  -4.6000000e+01   5.1805917e+01
  -3.0000000e+01  -4.9000000e+01  -2.0387918e+01   4.0763802e+01  -3.5274178e+00  -4.6000000e+01   5.1516308e+01
  -3.0000000e+01  -4.9000000e+01  -1.9055167e+01   4.2430755e+01  -6.6312832e+00  -4.6000000e+01   4.9152998e+01
  -3.0000000e+01  -4.9000000e+01  -1.7553513e+01   4.5186900e+01  -9.7523813e+00  -4.6000000e+01   4.5482917e+01
  -3.0000000e+01  -4.9000000e+01  -1.6470395e+01   4.7797317e+01  -1.3311915e+01  -4.6000000e+01   4.3659993e+01
  -3.0000000e+01  -4.9000000e+01  -1.8983088e+01   4.9687043e+01  -1.6367076e+01  -4.6000000e+01   3.9935923e+01
  -3.0000000e+01  -4.9000000e+01  -2.0658444e+01   5.0797351e+01  -1.7875884e+01  -4.6000000e+01   3.6569556e+01
  -3.0000000e+01  -4.9000000e+01  -2.2825285e+01   5.3195201e+01  -1.9103304e+01  -4.6000000e+01   3.1744534e+01
  -3.0000000e+01  -4.9000000e+01  -2.5027406e+01   5.5631589e+01  -2.3061455e+01  -4.6000000e+01   2.8240792e+01
  -3.0000000e+01  -4.9000000e+01  -2.4659518e+01   5.6922490e+01  -2.4378381e+01  -4.6000000e+01   2.3522635e+01
  -3.0000000e+01  -4.9000000e+01  -2.7614181e+01   5.8279245e+01  -2.4970481e+01  -4.6000000e+01   1.9180410e+01
  -3.0000000e+01  -4.9000000e+01  -2.9794386e+01   5.9458372e+01  -2.6176711e+01  -4.6000000e+01   1.5307564e+01
  -3.0000000e+01  -4.9000000e+01  -3.3840677e+01   6.0045441e+01  -2.7046935e+01  -4.6000000e+01   1.0107484e+01
  -3.0000000e+01  -4.9000000e+01  -3.6074511e+01   6.1398294e+01  -2.7991353e+01  -4.6000000e+01   5.0867950e+00
  -3.0000000e+01  -4.9000000e+01  -3.8047804e+01   6.2244091e+01  -2.9494112e+01  -4.6000000e+01  -5.7017670e-01
  -3.0000000e+01  -4.9000000e+01  -3.9909375e+01   6.3273541e+01  -3.0552325e+01  -4.6000000e+01  -5.8925826e+00
  -3.0000000e+01  -4.9000000e+01  -3.8448605e+01   6.5768847e+01  -3.3428135e+01  -4.6000000e+01  -8.7867630e+00
  -3.0000000e+01  -4.9000000e+01  -3.6648133e+01   6.8836454e+01  -3.5080528e+01  -4.6000000e+01  -1.2191171e+01
  -3.0000000e+01  -4.9000000e+01  -3.5729539e+01   7.1567421e+01  -3.7499759e+01  -4.6000000e+01  -1.5080705e+01
  -3.0000000e+01  -4.9000000e+01  -3.6671292e+01   7.4355571e+01  -3.9595091e+01  -4.6000000e+01  -1.9905065e+01
  -3.0000000e+01  -4.9000000e+01  -3.8989930e+01   7.6727977e+01  -4.2605416e+01  -4.6000000e+01  -2.4093801e+01
  -3.0000000e+01  -4.9000000e+01  -3.9377984e+01   7.7971692e+01  -4.4067779e+01  -4.6000000e+01  -2.7423896e+01
  -3.0000000e+01  -4.9000000e+01  -3.9802224e+01   7.7701192e+01  -4.4914463e+01  -4.6000000e+01  -2.9267166e+01
  -3.0000000e+01  -4.9000000e+01  -3.8260041e+01   7.6651220e+01  -4.4132888e+01  -4.6000000e+01  -2.8646530e+01
  -3.0000000e+01  -4.9000000e+01  -3.7658115e+01   7.4346644e+01  -4.3303330e+01  -4.6000000e+01  -2.5314558e+01
  -3.0000000e+01  -4.9000000e+01  -3.6289091e+01   7.1140988e+01  -3.9103536e+01  -4.6000000e+01  -2.3479919e+01
  -3.0000000e+01  -4.9000000e+01  -3.1482627e+01   6.7598833e+01  -3.5141279e+01  -4.6000000e+01  -1.5717205e+01
  -3.0000000e+01  -4.9000000e+01  -2.4282894e+01   6.2511699e+01  -2.9492558e+01  -4.6000000e+01  -6.6470668e+00
  -3.0000000e+01  -4.9000000e+01  -2.1391973e+01   5.7367503e+01  -2.4012843e+01  -4.6000000e+01   3.0012830e+00
  -3.0000000e+01  -4.9000000e+01  -2.0471472e+01   5.1843798e+01  -1.7826360e+01  -4.6000000e+01   1.0338824e+01
  -3.0000000e+01  -4.9000000e+01  -1.8942470e+01   4.7783781e+01  -1.3086499e+01  -4.6000000e+01   1.9661242e+01
  -3.0000000e+01  -4.9000000e+01  -1.7364998e+01   4.5311084e+01  -8.5614739e+00  -4.6000000e+01   2.9143774e+01
  -3.0000000e+01  -4.9000000e+01  -1.4968212e+01   4.2471861e+01  -6.1024086e+00  -4.6000000e+01   3.7782566e+01
  -3.0000000e+01  -4.9000000e+01  -1.3328985e+01   4.1504872e+01  -4.6559210e+00  -4.6000000e+01   4.5221473e+01
  -3.0000000e+01  -4.9000000e+01  -1.3653415e+01   3.9561632e+01  -3.2585650e+00  -4.6000000e+01   5.0671997e+01
  -3.0000000e+01  -4.9000000e+01  -1.5498182e+01   3.8321358e+01  -2.4651935e+00  -4.6000000e+01   5.5119832e+01
  -3.0000000e+01  -4.9000000e+01  -1.8286601e+01   3.7462952e+01  -1.4579634e+00  -4.6000000e+01   5.6830898e+01
  -3.0000000e+01  -4.9000000e+01  -1.7257273e+01   3.7622726e+01  -2.6751725e-01  -4.6000000e+01   5.6504326e+01
  -3.0000000e+01  -4.9000000e+01  -1.6651900e+01   3.8695805e+01   7.3591278e-01  -4.6000000e+01   5.3160195e+01
  -3.0000000e+01  -4.9000000e+01  -1.7808551e+01   4.1425558e+01  -2.9994853e-01  -4.6000000e+01   4.9580308e+01
  -3.0000000e+01  -4.9000000e+01  -1.7284550e+01   4.3860407e+01  -3.2967430e+00  -4.6000000e+01   4.7470717e+01
  -3.0000000e+01  -4.9000000e+01  -1.6923763e+01   4.6346128e+01  -6.2803746e+00  -4.6000000e+01   4.5624528e+01
  -3.0000000e+01  -4.9000000e+01  -1.8101453e+01   4.7706008e+01  -1.0007613e+01  -4.6000000e+01   4.3426790e+01
  -3.0000000e+01  -4.9000000e+01  -1.8480633e+01   4.9464769e+01  -1.3514612e+01  -4.6000000e+01   4.1156715e+01
  -3.0000000e+01  -4.9000000e+01  -1.7531399e+01   5.1362882e+01  -1.5279476e+01  -4.6000000e+01   3.7132551e+01
  -3.0000000e+01  -4.9000000e+01  -1.7439135e+01   5.3119678e+01  -1.7934611e+01  -4.6000000e+01   3.4816768e+01
  -3.0000000e+01  -4.9000000e+01  -2.0937384e+01   5.4936060e+01  -1.8620181e+01  -4.6000000e+01   3.0518299e+01
  -3.0000000e+01  -4.9000000e+01  -2.3193183e+01   5.6428396e+01  -2.0953858e+01  -4.6000000e+01   2.6463186e+01
  -3.0000000e+01  -4.9000000e+01  -2.5880192e+01   5.8215274e+01  -2.2913965e+01  -4.6000000e+01   2.0706175e+01
  -3.0000000e+01  -4.9000000e+01  -2.5842737e+01   5.9708721e+01  -2.4626658e+01  -4.6000000e+01   1.6181774e+01
  -3.0000000e+01  -4.9000000e+01  -2.8321070e+01   6.1033091e+01  -2.7080893e+01  -4.6000000e+01   1.2182998e+01
  -3.0000000e+01  -4.9000000e+01  -3.0846366e+01   6.2533723e+01  -2.7992168e+01  -4.6000000e+01   6.9428233e+00
  -3.0000000e+01  -4.9000000e+01  -3.3492089e+01   6.3847318e+01  -2.8823981e+01  -4.6000000e+01   9.8867392e-01
  -3.0000000e+01  -4.9000000e+01  -3.6831145e+01   6.5054520e+01  -2.9712661e+01  -4.6000000e+01  -4.9332798e+00
  -3.0000000e+01  -4.9000000e+01  -3.9176686e+01   6.6731095e+01  -2.9783451e+01  -4.6000000e+01  -1.0981633e+01
  -3.0000000e+01  -4.9000000e+01  -3.8952536e+01   6.9026194e+01  -3.1540143e+01  -4.6000000e+01  -1.5162100e+01
  -3.0000000e+01  -4.9000000e+01  -3.7738326e+01   7.1369011e+01  -3.4471016e+01  -4.6000000e+01  -1.7315618e+01
  -3.0000000e+01  -4.9000000e+01  -3.9060662e+01   7.3525135e+01  -3.6120213e+01  -4.6000000e+01  -2.2258151e+01
  -3.0000000e+01  -4.9000000e+01  -4.0389449e+01   7.5560328e+01  -3.8114537e+01  -4.6000000e+01  -2.6996160e+01
  -3.0000000e+01  -4.9000000e+01  -4.0926931e+01   7.6895853e+01  -4.0091139e+01  -4.6000000e+01  -3.0021597e+01
  -3.0000000e+01  -4.9000000e+01  -4.0037209e+01   7.7554093e+01  -4.1343499e+01  -4.6000000e+01  -3.0315685e+01
  -3.0000000e+01  -4.9000000e+01  -3.9684009e+01   7.6124263e+01  -4.1150017e+01  -4.6000000e+01  -2.9089825e+01
  -3.0000000e+01  -4.9000000e+01  -3.6990248e+01   7.3146265e+01  -3.9718589e+01  -4.6000000e+01  -2.6396520e+01
  -3.0000000e+01  -4.9000000e+01  -3.4728706e+01   6.7773946e+01  -3.8561127e+01  -4.6000000e+01  -2.0485861e+01
  -3.0000000e+01  -4.9000000e+01  -3.0315355e+01   6.2827696e+01  -3.6160560e+01  -4.6000000e+01  -1.5259539e+01
  -3.0000000e+01  -4.9000000e+01  -2.6674364e+01   5.7161571e+01  -3.0967796e+01  -4.6000000e+01  -7.7184865e+00
  -3.0000000e+01  -4.9000000e+01  -2.3696253e+01   5.2248015e+01  -2.5175548e+01  -4.6000000e+01  -1.1985812e+00
  -3.0000000e+01  -4.9000000e+01  -2.2143424e+01   4.7706904e+01  -1.9852731e+01  -4.6000000e+01   5.8470148e+00
  -3.0000000e+01  -4.9000000e+01  -2.3427184e+01   4.5307726e+01  -1.5279816e+01  -4.6000000e+01   1.4261647e+01
  -3.0000000e+01  -4.9000000e+01  -2.2734233e+01   4.2559120e+01  -1.0883994e+01  -4.6000000e+01   2.3205181e+01
  -3.0000000e+01  -4.9000000e+01  -2.0237260e+01   4.1142027e+01  -7.3752000e+00  -4.6000000e+01   3.2535848e+01
  -3.0000000e+01  -4.9000000e+01  -1.5229816e+01   4.0452235e+01  -4.6993224e+00  -4.6000000e+01   4.1617494e+01
  -3.0000000e+01  -4.9000000e+01  -1.4066761e+01   3.9585713e+01  -3.0776854e+00  -4.6000000e+01   4.8762024e+01
  -3.0000000e+01  -4.9000000e+01  -1.3785045e+01   3.9219661e+01  -2.2210115e+00  -4.6000000e+01   5.4925334e+01
  -3.0000000e+01  -4.9000000e+01  -1.4497225e+01   3.9150355e+01  -1.4674407e+00  -4.6000000e+01   5.8366294e+01
  -3.0000000e+01  -4.9000000e+01  -1.4665720e+01   3.8935316e+01  -6.1330167e-01  -4.6000000e+01   6.0114859e+01
  -3.0000000e+01  -4.9000000e+01  -1.5963437e+01   3.9372855e+01  -1.7882801e-01  -4.6000000e+01   6.0824825e+01
  -3.0000000e+01  -4.9000000e+01  -1.8637224e+01   4.0417984e+01   4.1171068e-01  -4.6000000e+01   5.6223464e+01
  -3.0000000e+01  -4.9000000e+01  -2.0324987e+01   4.1826862e+01   3.4640871e-02  -4.6000000e+01   5.2379881e+01
  -3.0000000e+01  -4.9000000e+01  -1.9324866e+01   4.3398631e+01  -2.0830703e+00  -4.6000000e+01   4.9454881e+01
  -3.0000000e+01  -4.9000000e+01  -1.8551844e+01   4.5871679e+01  -5.0325784e+00  -4.6000000e+01   4.6381041e+01
  -3.0000000e+01  -4.9000000e+01  -1.7495828e+01   4.8624826e+01  -9.2059768e+00  -4.6000000e+01   4.4852128e+01
  -3.0000000e+01  -4.9000000e+01  -1.9286543e+01   5.0473564e+01  -1.2730967e+01  -4.6000000e+01   4.1911945e+01
  -3.0000000e+01  -4.9000000e+01  -2.0603737e+01   5.2975989e+01  -1.4108894e+01  -4.6000000e+01   3.6373290e+01
  -3.0000000e+01  -4.9000000e+01  -2.2651599e+01   5.4696133e+01  -1.6769711e+01  -4.6000000e+01   3.1559802e+01
  -3.0000000e+01  -4.9000000e+01  -2.0994547e+01   5.6839112e+01  -1.8688630e+01  -4.6000000e+01   2.7991366e+01
  -3.0000000e+01  -4.9000000e+01  -2.2524521e+01   5.7819427e+01  -2.0875696e+01  -4.6000000e+01   2.3190125e+01
  -3.0000000e+01  -4.9000000e+01  -2.3969953e+01   5.8978654e+01  -2.2309082e+01  -4.6000000e+01   1.8436066e+01
  -3.0000000e+01  -4.9000000e+01  -2.7804607e+01   6.0063246e+01  -2.2761348e+01  -4.6000000e+01   1.2555648e+01
  -3.0000000e+01  -4.9000000e+01  -3.1548315e+01   6.1503425e+01  -2.3571094e+01  -4.6000000e+01   6.9261332e+00
  -3.0000000e+01  -4.9000000e+01  -3.4252794e+01   6.3122446e+01  -2.4614049e+01  -4.6000000e+01   3.8662182e-01
  -3.0000000e+01  -4.9000000e+01  -3.5757386e+01   6.4469972e+01  -2.6485503e+01  -4.6000000e+01  -5.3814455e+00
  -3.0000000e+01  -4.9000000e+01  -3.3394544e+01   6.7080380e+01  -2.9178795e+01  -4.6000000e+01  -8.9078119e+00
  -3.0000000e+01  -4.9000000e+01  -3.2916788e+01   7.0373159e+01  -3.2022376e+01  -4.6000000e+01  -1.2799656e+01
  -3.0000000e+01  -4.9000000e+01  -3.3003008e+01   7.2981988e+01  -3.4928820e+01  -4.6000000e+01  -1.5496671e+01
  -3.0000000e+01  -4.9000000e+01  -3.6236480e+01   7.5269920e+01  -3.7519478e+01  -4.6000000e+01  -2.0688379e+01
  -3.0000000e+01  -4.9000000e+01  -3.8729428e+01   7.5871794e+01  -3.8667400e+01  -4.6000000e+01  -2.5121007e+01
  -3.0000000e+01  -4.9000000e+01  -3.6755588e+01   7.5929418e+01  -3.9272868e+01  -4.6000000e+01  -2.3598758e+01
  -3.0000000e+01  -4.9000000e+01  -3.1472462e+01   7.3709377e+01  -3.7676505e+01  -4.6000000e+01  -2.0532969e+01
  -3.0000000e+01  -4.9000000e+01  -2.9677386e+01   6.9373793e+01  -3.5811574e+01  -4.6000000e+01  -1.6493365e+01
  -3.0000000e+01  -4.9000000e+01  -2.6174632e+01   6.4927187e+01  -3.3467021e+01  -4.6000000e+01  -7.2585603e+00
  -3.0000000e+01  -4.9000000e+01  -2.2612315e+01   6.0467040e+01  -2.9287033e+01  -4.6000000e+01   2.3065619e+00
  -3.0000000e+01  -4.9000000e+01  -2.2344228e+01   5.5012258e+01  -2.2713004e+01  -4.6000000e+01   1.0897804e+01
  -3.0000000e+01  -4.9000000e+01  -2.1315868e+01   5.0865472e+01  -1.7313305e+01  -4.6000000e+01   1.8985995e+01
  -3.0000000e+01  -4.9000000e+01  -1.8265687e+01   4.8518294e+01  -1.3881904e+01  -4.6000000e+01   2.8294847e+01
  -3.0000000e+01  -4.9000000e+01  -1.7216136e+01   4.5871715e+01  -1.1379268e+01  -4.6000000e+01   3.7803703e+01
  -3.0000000e+01  -4.9000000e+01  -1.6084115e+01   4.3703165e+01  -8.7458167e+00  -4.6000000e+01   4.4974602e+01
  -3.0000000e+01  -4.9000000e+01  -1.3980346e+01   4.1946317e+01  -6.7065264e+00  -4.6000000e+01   5.0417972e+01
  -3.0000000e+01  -4.9000000e+01  -1.5188069e+01   4.0557817e+01  -5.2045076e+00  -4.6000000e+01   5.4790608e+01
  -3.0000000e+01  -4.9000000e+01  -1.7223824e+01   3.8412642e+01  -4.2224579e+00  -4.6000000e+01   6.0278471e+01
  -3.0000000e+01  -4.9000000e+01  -1.5973584e+01   3.8837979e+01  -3.1043510e+00  -4.6000000e+01   6.1155085e+01
  -3.0000000e+01  -4.9000000e+01  -1.6478722e+01   3.9317752e+01  -3.8318722e+00  -4.6000000e+01   5.8576704e+01
  -3.0000000e+01  -4.9000000e+01  -1.7173233e+01   4.2508595e+01  -6.3505856e+00  -4.6000000e+01   5.5394945e+01
  -3.0000000e+01  -4.9000000e+01  -1.6494322e+01   4.4565828e+01  -8.3318156e+00  -4.6000000e+01   5.1878840e+01
  -3.0000000e+01  -4.9000000e+01  -1.7199906e+01   4.7183738e+01  -1.0418702e+01  -4.6000000e+01   4.7798935e+01
  -3.0000000e+01  -4.9000000e+01  -1.7862342e+01   4.8802167e+01  -1.3022442e+01  -4.6000000e+01   4.3069192e+01
  -3.0000000e+01  -4.9000000e+01  -1.6460206e+01   5.0292202e+01  -1.4670893e+01  -4.6000000e+01   3.9875665e+01
  -3.0000000e+01  -4.9000000e+01  -1.7508336e+01   5.1422726e+01  -1.7412694e+01  -4.6000000e+01   3.8539348e+01
  -3.0000000e+01  -4.9000000e+01  -1.9949938e+01   5.2314089e+01  -1.7894875e+01  -4.6000000e+01   3.5603021e+01
  -3.0000000e+01  -4.9000000e+01  -2.4036765e+01   5.3571749e+01  -1.9880209e+01  -4.6000000e+01   3.1720700e+01
  -3.0000000e+01  -4.9000000e+01  -2.5169412e+01   5.3470206e+01  -2.1939501e+01  -4.6000000e+01   2.9628424e+01
  -3.0000000e+01  -4.9000000e+01  -2.3493968e+01   5.4218831e+01  -2.3206356e+01  -4.6000000e+01   2.8892940e+01
  -3.0000000e+01  -4.9000000e+01  -2.3434297e+01   5.5195916e+01  -2.5423675e+01  -4.6000000e+01   2.7609749e+01
  -3.0000000e+01  -4.9000000e+01  -2.5279028e+01   5.5348318e+01  -2.8007176e+01  -4.6000000e+01   2.5820456e+01
  -3.0000000e+01  -4.9000000e+01  -2.7701208e+01   5.6005302e+01  -2.7973265e+01  -4.6000000e+01   2.3646552e+01
  -3.0000000e+01  -4.9000000e+01  -3.0983024e+01   5.5460795e+01  -2.9455859e+01  -4.6000000e+01   2.1809805e+01
  -3.0000000e+01  -4.9000000e+01  -3.4991111e+01   5.6038214e+01  -2.9406503e+01  -4.6000000e+01   1.5628091e+01
  -3.0000000e+01  -4.9000000e+01  -3.7717252e+01   5.6053608e+01  -3.0230349e+01  -4.6000000e+01   1.0620715e+01
  -3.0000000e+01  -4.9000000e+01  -3.9232182e+01   5.7087247e+01  -3.0362795e+01  -4.6000000e+01   6.7169248e+00
  -3.0000000e+01  -4.9000000e+01  -3.9183974e+01   5.8850003e+01  -3.2014909e+01  -4.6000000e+01   3.1333344e+00
  -3.0000000e+01  -4.9000000e+01  -3.8948104e+01   6.0394512e+01  -3.4081794e+01  -4.6000000e+01  -2.5755438e-01
  -3.0000000e+01  -4.9000000e+01  -3.7965265e+01   6.2768770e+01  -3.5421743e+01  -4.6000000e+01  -3.2369949e+00
  -3.0000000e+01  -4.9000000e+01  -3.7657143e+01   6.5467820e+01  -3.7011053e+01  -4.6000000e+01  -6.0946745e+00
  -3.0000000e+01  -4.9000000e+01  -3.6550450e+01   6.7845010e+01  -3.8238270e+01  -4.6000000e+01  -9.0786065e+00
  -3.0000000e+01  -4.9000000e+01  -3.9113222e+01   6.9555760e+01  -3.9512627e+01  -4.6000000e+01  -1.3645463e+01
  -3.0000000e+01  -4.9000000e+01  -3.8464600e+01   7.0517430e+01  -3.9531202e+01  -4.6000000e+01  -1.7042199e+01
  -3.0000000e+01  -4.9000000e+01  -3.9079822e+01   6.9151321e+01  -3.9276502e+01  -4.6000000e+01  -2.0984345e+01
  -3.0000000e+01  -4.9000000e+01  -3.6773832e+01   6.6324066e+01  -3.8763372e+01  -4.6000000e+01  -2.1742534e+01
  -3.0000000e+01  -4.9000000e+01  -3.2360128e+01   6.4020039e+01  -3.7556137e+01  -4.6000000e+01  -1.8922939e+01
  -3.0000000e+01  -4.9000000e+01  -2.6629964e+01   6.1181172e+01  -3.5185742e+01  -4.6000000e+01  -1.3125554e+01
  -3.0000000e+01  -4.9000000e+01  -2.5335646e+01   5.5756889e+01  -2.8130927e+01  -4.6000000e+01  -6.6619722e+00
  -3.0000000e+01  -4.9000000e+01  -2.4289546e+01   5.2285563e+01  -2.1983487e+01  -4.6000000e+01  -1.2701955e-02
  -3.0000000e+01  -4.9000000e+01  -2.5709955e+01   4.8986681e+01  -1.7408633e+01  -4.6000000e+01   6.8557700e+00
  -3.0000000e+01  -4.9000000e+01  -2.1837291e+01   4.6776494e+01  -1.2185019e+01  -4.6000000e+01   1.5480418e+01
  -3.0000000e+01  -4.9000000e+01  -1.7572717e+01   4.5167334e+01  -7.7597314e+00  -4.6000000e+01   2.4642611e+01
  -3.0000000e+01  -4.9000000e+01  -1.4324879e+01   4.4719211e+01  -3.6999305e+00  -4.6000000e+01   3.3004468e+01
  -3.0000000e+01  -4.9000000e+01  -1.2663988e+01   4.4694370e+01  -1.1912929e+00  -4.6000000e+01   4.0738608e+01
  -3.0000000e+01  -4.9000000e+01  -1.3329389e+01   4.4241101e+01   6.0910785e-01  -4.6000000e+01   4.6590181e+01
  -3.0000000e+01  -4.9000000e+01  -1.4660935e+01   4.2564750e+01   2.0826319e+00  -4.6000000e+01   5.1398965e+01
  -3.0000000e+01  -4.9000000e+01  -1.6202812e+01   4.1490950e+01   3.0039883e+00  -4.6000000e+01   5.4313975e+01
  -3.0000000e+01  -4.9000000e+01  -1.7850513e+01   4.0162548e+01   3.3130279e+00  -4.6000000e+01   5.6256212e+01
  -3.0000000e+01  -4.9000000e+01  -1.7305934e+01   4.0474034e+01   3.5680905e+00  -4.6000000e+01   5.3463420e+01
  -3.0000000e+01  -4.9000000e+01  -1.5273178e+01   4.2322600e+01   3.9661468e-01  -4.6000000e+01   5.1335201e+01
  -3.0000000e+01  -4.9000000e+01  -2.0061886e+01   4.2638447e+01  -1.4632751e+00  -4.6000000e+01   4.8153660e+01
  -3.0000000e+01  -4.9000000e+01  -1.8559959e+01   4.4856175e+01  -2.4289408e+00  -4.6000000e+01   4.3546928e+01
  -3.0000000e+01  -4.9000000e+01  -1.7974323e+01   4.8049008e+01  -3.7111554e+00  -4.6000000e+01   4.1209812e+01
  -3.0000000e+01  -4.9000000e+01  -1.7403667e+01   4.9988165e+01  -5.8706207e+00  -4.6000000e+01   3.9233253e+01
  -3.0000000e+01  -4.9000000e+01  -1.8142695e+01   5.0030106e+01  -8.5823438e+00  -4.6000000e+01   3.9236484e+01
  -3.0000000e+01  -4.9000000e+01  -1.8989884e+01   5.0427351e+01  -9.9122687e+00  -4.6000000e+01   3.8719467e+01
  -3.0000000e+01  -4.9000000e+01  -2.2098856e+01   5.0803719e+01  -1.1273972e+01  -4.6000000e+01   3.6621848e+01
  -3.0000000e+01  -4.9000000e+01  -2.2709517e+01   5.0512140e+01  -1.3343449e+01  -4.6000000e+01   3.5060660e+01
  -3.0000000e+01  -4.9000000e+01  -2.3124961e+01   5.1394251e+01  -1.2020912e+01  -4.6000000e+01   3.2191513e+01
  -3.0000000e+01  -4.9000000e+01  -2.5186332e+01   5.2232873e+01  -1.2196431e+01  -4.6000000e+01   3.1646970e+01
  -3.0000000e+01  -4.9000000e+01  -2.5359609e+01   5.2804652e+01  -1.2818684e+01  -4.6000000e+01   2.9791932e+01
  -3.0000000e+01  -4.9000000e+01  -2.5144439e+01   5.3339056e+01  -1.3273792e+01  -4.6000000e+01   2.7994383e+01
  -3.0000000e+01  -4.9000000e+01  -2.6757820e+01   5.3588033e+01  -1.2763452e+01  -4.6000000e+01   2.5203386e+01
  -3.0000000e+01  -4.9000000e+01  -2.5733037e+01   5.4942151e+01  -1.3930567e+01  -4.6000000e+01   2.2872851e+01
  -3.0000000e+01  -4.9000000e+01  -2.7409171e+01   5.5664362e+01  -1.4540376e+01  -4.6000000e+01   2.0680464e+01
  -3.0000000e+01  -4.9000000e+01  -2.7251790e+01   5.7096114e+01  -1.6320546e+01  -4.6000000e+01   1.8125942e+01
  -3.0000000e+01  -4.9000000e+01  -2.8124898e+01   5.7555984e+01  -1.7627349e+01  -4.6000000e+01   1.4768328e+01
  -3.0000000e+01  -4.9000000e+01  -2.7910994e+01   5.9620931e+01  -1.8311022e+01  -4.6000000e+01   1.2259653e+01
  -3.0000000e+01  -4.9000000e+01  -3.0755759e+01   6.1432347e+01  -1.9960306e+01  -4.6000000e+01   8.6565867e+00
  -3.0000000e+01  -4.9000000e+01  -3.1340481e+01   6.3235057e+01  -2.2577009e+01  -4.6000000e+01   5.5800791e+00
  -3.0000000e+01  -4.9000000e+01  -3.2164326e+01   6.5738389e+01  -2.4292572e+01  -4.6000000e+01   1.8220538e+00
  -3.0000000e+01  -4.9000000e+01  -3.3235279e+01   6.7336685e+01  -2.6247834e+01  -4.6000000e+01  -3.0324505e+00
  -3.0000000e+01  -4.9000000e+01  -3.4135522e+01   6.9655853e+01  -2.8479446e+01  -4.6000000e+01  -8.3775845e+00
  -3.0000000e+01  -4.9000000e+01  -3.5170077e+01   7.1521488e+01  -3.1298775e+01  -4.6000000e+01  -1.2058017e+01
  -3.0000000e+01  -4.9000000e+01  -3.4740090e+01   7.2369226e+01  -3.2592042e+01  -4.6000000e+01  -1.4349066e+01
  -3.0000000e+01  -4.9000000e+01  -3.0658266e+01   7.0414086e+01  -3.0591527e+01  -4.6000000e+01  -1.6861669e+01
  -3.0000000e+01  -4.9000000e+01  -2.6947799e+01   6.7485529e+01  -3.0538397e+01  -4.6000000e+01  -1.6779408e+01
  -3.0000000e+01  -4.9000000e+01  -2.2120832e+01   6.3671815e+01  -3.0080652e+01  -4.6000000e+01  -1.3209483e+01
  -3.0000000e+01  -4.9000000e+01  -2.0656911e+01   5.8655469e+01  -2.6415241e+01  -4.6000000e+01  -6.5361012e+00
  -3.0000000e+01  -4.9000000e+01  -1.9890868e+01   5.3310053e+01  -2.1204231e+01  -4.6000000e+01   7.6145099e-01
  -3.0000000e+01  -4.9000000e+01  -1.9310592e+01   4.9025184e+01  -1.8003150e+01  -4.6000000e+01   8.6479359e+00
  -3.0000000e+01  -4.9000000e+01  -1.4653310e+01   4.6456497e+01  -1.6504788e+01  -4.6000000e+01   1.7339357e+01
  -3.0000000e+01  -4.9000000e+01  -1.4612053e+01   4.5109253e+01  -1.1904636e+01  -4.6000000e+01   2.5448859e+01
  -3.0000000e+01  -4.9000000e+01  -1.4994488e+01   4.2886275e+01  -8.8106194e+00  -4.6000000e+01   3.5314245e+01
  -3.0000000e+01  -4.9000000e+01  -1.6100770e+01   4.0908743e+01  -7.0969616e+00  -4.6000000e+01   4.5162213e+01
  -3.0000000e+01  -4.9000000e+01  -1.3630040e+01   3.9653667e+01  -5.6467423e+00  -4.6000000e+01   5.4009286e+01
  -3.0000000e+01  -4.9000000e+01  -1.0303816e+01   4.1096523e+01  -4.0127429e+00  -4.6000000e+01   5.7305533e+01
  -3.0000000e+01  -4.9000000e+01  -9.9498150e+00   4.1126264e+01  -4.1957642e+00  -4.6000000e+01   5.9369069e+01
  -3.0000000e+01  -4.9000000e+01  -9.1072168e+00   4.2752206e+01  -6.6548006e+00  -4.6000000e+01   5.8400397e+01
  -3.0000000e+01  -4.9000000e+01  -1.2620468e+01   4.3809219e+01  -8.0728949e+00  -4.6000000e+01   5.4937969e+01
  -3.0000000e+01  -4.9000000e+01  -1.3780182e+01   4.5391907e+01  -9.5681616e+00  -4.6000000e+01   5.2612313e+01
  -3.0000000e+01  -4.9000000e+01  -1.5911632e+01   4.7286196e+01  -1.1246377e+01  -4.6000000e+01   5.0716214e+01
  -3.0000000e+01  -4.9000000e+01  -1.8034312e+01   4.7685094e+01  -1.2133897e+01  -4.6000000e+01   4.8020314e+01
  -3.0000000e+01  -4.9000000e+01  -1.9297696e+01   4.9746784e+01  -1.4043834e+01  -4.6000000e+01   4.4599211e+01
  -3.0000000e+01  -4.9000000e+01  -1.9667493e+01   5.2105837e+01  -1.2883687e+01  -4.6000000e+01   3.8557417e+01
  -3.0000000e+01  -4.9000000e+01  -1.4958416e+01   5.2945282e+01  -1.4657224e+01  -4.6000000e+01   3.7377018e+01
  -3.0000000e+01  -4.9000000e+01  -1.7497855e+01   5.4735682e+01  -1.7464017e+01  -4.6000000e+01   3.3432250e+01
  -3.0000000e+01  -4.9000000e+01  -2.0246843e+01   5.6119018e+01  -1.9900851e+01  -4.6000000e+01   2.8695276e+01
  -3.0000000e+01  -4.9000000e+01  -2.3930433e+01   5.7842468e+01  -2.2423741e+01  -4.6000000e+01   2.2790431e+01
  -3.0000000e+01  -4.9000000e+01  -2.6206179e+01   5.9397995e+01  -2.5116365e+01  -4.6000000e+01   1.8434000e+01
  -3.0000000e+01  -4.9000000e+01  -2.5752165e+01   6.0883486e+01  -2.6743898e+01  -4.6000000e+01   1.5265090e+01
  -3.0000000e+01  -4.9000000e+01  -2.9478969e+01   6.2680604e+01  -2.7697998e+01  -4.6000000e+01   9.5800632e+00
  -3.0000000e+01  -4.9000000e+01  -3.2899305e+01   6.3596928e+01  -2.8476872e+01  -4.6000000e+01   3.6732130e+00
  -3.0000000e+01  -4.9000000e+01  -3.7075455e+01   6.3736375e+01  -2.8949649e+01  -4.6000000e+01  -2.2787615e+00
  -3.0000000e+01  -4.9000000e+01  -4.0274069e+01   6.4372330e+01  -2.8327309e+01  -4.6000000e+01  -8.0199310e+00
  -3.0000000e+01  -4.9000000e+01  -4.3321351e+01   6.5128031e+01  -2.9033206e+01  -4.6000000e+01  -1.3398297e+01
  -3.0000000e+01  -4.9000000e+01  -4.2269934e+01   6.6991379e+01  -2.9674256e+01  -4.6000000e+01  -1.8061884e+01
  -3.0000000e+01  -4.9000000e+01  -4.1015213e+01   6.9442467e+01  -3.1920154e+01  -4.6000000e+01  -2.0657967e+01
  -3.0000000e+01  -4.9000000e+01  -3.9452976e+01   7.1897530e+01  -3.4173587e+01  -4.6000000e+01  -2.3720838e+01
  -3.0000000e+01  -4.9000000e+01  -3.8732309e+01   7.4255357e+01  -3.7418772e+01  -4.6000000e+01  -2.5838972e+01
  -3.0000000e+01  -4.9000000e+01  -3.9052388e+01   7.6423216e+01  -4.0168478e+01  -4.6000000e+01  -2.7738039e+01
  -3.0000000e+01  -4.9000000e+01  -3.7589310e+01   7.7500843e+01  -4.2217897e+01  -4.6000000e+01  -2.8685535e+01
  -3.0000000e+01  -4.9000000e+01  -3.7828667e+01   7.7100958e+01  -4.3369822e+01  -4.6000000e+01  -2.8691458e+01
  -3.0000000e+01  -4.9000000e+01  -3.9573643e+01   7.4788318e+01  -4.2701674e+01  -4.6000000e+01  -2.8680754e+01
  -3.0000000e+01  -4.9000000e+01  -3.9512804e+01   7.1162424e+01  -4.2010115e+01  -4.6000000e+01  -2.6569524e+01
  -3.0000000e+01  -4.9000000e+01  -3.6580887e+01   6.7310354e+01  -3.9061593e+01  -4.6000000e+01  -2.1026139e+01
  -3.0000000e+01  -4.9000000e+01  -3.0831508e+01   6.4527973e+01  -3.5356229e+01  -4.6000000e+01  -1.1747763e+01
  -3.0000000e+01  -4.9000000e+01  -2.3898212e+01   6.1206814e+01  -3.0778059e+01  -4.6000000e+01  -2.3908960e+00
  -3.0000000e+01  -4.9000000e+01  -2.1169901e+01   5.6822125e+01  -2.3639608e+01  -4.6000000e+01   6.9552524e+00
  -3.0000000e+01  -4.9000000e+01  -2.3049378e+01   5.0885959e+01  -1.7449930e+01  -4.6000000e+01   1.3974596e+01
  -3.0000000e+01  -4.9000000e+01  -2.2103906e+01   4.5167902e+01  -1.1575133e+01  -4.6000000e+01   2.0894950e+01
  -3.0000000e+01  -4.9000000e+01  -1.8833986e+01   4.3699291e+01  -8.2329390e+00  -4.6000000e+01   3.0647434e+01
  -3.0000000e+01  -4.9000000e+01  -1.5174713e+01   4.1164519e+01  -7.5780329e+00  -4.6000000e+01   4.0012935e+01
  -3.0000000e+01  -4.9000000e+01  -1.3285995e+01   3.9617515e+01  -6.9087940e+00  -4.6000000e+01   4.7043631e+01
  -3.0000000e+01  -4.9000000e+01  -1.4189214e+01   3.7582101e+01  -5.3625531e+00  -4.6000000e+01   5.2207847e+01
  -3.0000000e+01  -4.9000000e+01  -1.4915499e+01   3.5594750e+01  -4.5857622e+00  -4.6000000e+01   5.8072253e+01
  -3.0000000e+01  -4.9000000e+01  -1.7072464e+01   3.3845622e+01  -3.7128754e+00  -4.6000000e+01   6.1228308e+01
  -3.0000000e+01  -4.9000000e+01  -1.5012636e+01   3.4611605e+01  -2.7401697e+00  -4.6000000e+01   6.2653538e+01
  -3.0000000e+01  -4.9000000e+01  -1.6463463e+01   3.6316629e+01  -2.4440313e+00  -4.6000000e+01   6.2523418e+01
  -3.0000000e+01  -4.9000000e+01  -1.7369061e+01   3.7824397e+01  -3.6944914e+00  -4.6000000e+01   5.8598119e+01
  -3.0000000e+01  -4.9000000e+01  -1.6057266e+01   4.1374017e+01  -5.9741905e+00  -4.6000000e+01   5.3500009e+01
  -3.0000000e+01  -4.9000000e+01  -1.6005207e+01   4.4505932e+01  -9.4938140e+00  -4.6000000e+01   5.1379861e+01
  -3.0000000e+01  -4.9000000e+01  -1.6540789e+01   4.7077000e+01  -1.1451123e+01  -4.6000000e+01   4.7045839e+01
  -3.0000000e+01  -4.9000000e+01  -1.6569982e+01   4.9028873e+01  -1.4636018e+01  -4.6000000e+01   4.2281833e+01
  -3.0000000e+01  -4.9000000e+01  -1.4718853e+01   5.0313987e+01  -1.7458236e+01  -4.6000000e+01   4.0574533e+01
  -3.0000000e+01  -4.9000000e+01  -1.6813516e+01   5.2049797e+01  -1.7450966e+01  -4.6000000e+01   3.5489311e+01
  -3.0000000e+01  -4.9000000e+01  -2.3897853e+01   5.3314150e+01  -2.0225519e+01  -4.6000000e+01   3.0118909e+01
  -3.0000000e+01  -4.9000000e+01  -2.5248014e+01   5.5431262e+01  -2.2814726e+01  -4.6000000e+01   2.4674698e+01
  -3.0000000e+01  -4.9000000e+01  -2.3176659e+01   5.7224438e+01  -2.4011207e+01  -4.6000000e+01   2.1677141e+01
  -3.0000000e+01  -4.9000000e+01  -2.4848067e+01   5.9906242e+01  -2.5790086e+01  -4.6000000e+01   1.7787209e+01
  -3.0000000e+01  -4.9000000e+01  -2.5834039e+01   6.1240258e+01  -2.7115526e+01  -4.6000000e+01   1.4694773e+01
  -3.0000000e+01  -4.9000000e+01  -2.8241382e+01   6.2289131e+01  -2.8426418e+01  -4.6000000e+01   1.0603287e+01
  -3.0000000e+01  -4.9000000e+01  -3.1231732e+01   6.3534782e+01  -2.9167103e+01  -4.6000000e+01   4.6769226e+00
  -3.0000000e+01  -4.9000000e+01  -3.3075580e+01   6.4273446e+01  -3.0357844e+01  -4.6000000e+01   4.4389889e-01
  -3.0000000e+01  -4.9000000e+01  -3.4367123e+01   6.5434157e+01  -3.1204638e+01  -4.6000000e+01  -4.0186161e+00
  -3.0000000e+01  -4.9000000e+01  -3.4559714e+01   6.8023333e+01  -3.2903081e+01  -4.6000000e+01  -7.5679615e+00
  -3.0000000e+01  -4.9000000e+01  -3.4774443e+01   7.0288211e+01  -3.5035251e+01  -4.6000000e+01  -1.1251676e+01
  -3.0000000e+01  -4.9000000e+01  -3.7755469e+01   7.1537089e+01  -3.6359848e+01  -4.6000000e+01  -1.6500096e+01
  -3.0000000e+01  -4.9000000e+01  -3.9110439e+01   7.2434059e+01  -3.8022584e+01  -4.6000000e+01  -1.9602166e+01
  -3.0000000e+01  -4.9000000e+01  -3.8035618e+01   7.3180078e+01  -3.9122650e+01  -4.6000000e+01  -2.0867018e+01
  -3.0000000e+01  -4.9000000e+01  -3.8300231e+01   7.2985856e+01  -3.8992560e+01  -4.6000000e+01  -2.1228768e+01
  -3.0000000e+01  -4.9000000e+01  -3.7635270e+01   7.0957214e+01  -3.7375872e+01  -4.6000000e+01  -2.0706705e+01
  -3.0000000e+01  -4.9000000e+01  -3.5082355e+01   6.6184131e+01  -3.3151883e+01  -4.6000000e+01  -1.7146832e+01
  -3.0000000e+01  -4.9000000e+01  -2.9924662e+01   6.2779198e+01  -3.1533304e+01  -4.6000000e+01  -1.0550955e+01
  -3.0000000e+01  -4.9000000e+01  -2.5667488e+01   5.9339443e+01  -2.8301442e+01  -4.6000000e+01  -3.5474464e-01
  -3.0000000e+01  -4.9000000e+01  -2.4627598e+01   5.4922948e+01  -2.3466031e+01  -4.6000000e+01   6.7087437e+00
  -3.0000000e+01  -4.9000000e+01  -2.6014582e+01   5.0519245e+01  -1.8054241e+01  -4.6000000e+01   1.2783737e+01
  -3.0000000e+01  -4.9000000e+01  -2.4905125e+01   4.6144316e+01  -1.3235021e+01  -4.6000000e+01   2.1165399e+01
  -3.0000000e+01  -4.9000000e+01  -2.1848346e+01   4.3590408e+01  -9.6390360e+00  -4.6000000e+01   3.0795070e+01
  -3.0000000e+01  -4.9000000e+01  -1.5657898e+01   4.1404087e+01  -6.8141799e+00  -4.6000000e+01   3.9940762e+01
  -3.0000000e+01  -4.9000000e+01  -1.5632744e+01   3.9493463e+01  -4.2769531e+00  -4.6000000e+01   4.7195112e+01
  -3.0000000e+01  -4.9000000e+01  -1.4584461e+01   3.5785915e+01  -2.2400081e+00  -4.6000000e+01   5.3973312e+01
  -3.0000000e+01  -4.9000000e+01  -1.6754923e+01   3.4541833e+01  -7.2857598e-01  -4.6000000e+01   5.8953590e+01
  -3.0000000e+01  -4.9000000e+01  -1.9499186e+01   3.4829880e+01   4.7025736e-01  -4.6000000e+01   6.0992594e+01
  -3.0000000e+01  -4.9000000e+01  -2.0098411e+01   3.6849982e+01   1.5342546e+00  -4.6000000e+01   5.9206836e+01
  -3.0000000e+01  -4.9000000e+01  -2.0098143e+01   3.8697248e+01   7.6727940e-01  -4.6000000e+01   5.4418234e+01
  -3.0000000e+01  -4.9000000e+01  -2.1064403e+01   4.1076622e+01  -6.7221144e-01  -4.6000000e+01   5.0596096e+01
  -3.0000000e+01  -4.9000000e+01  -1.8749858e+01   4.3227933e+01  -3.8776625e+00  -4.6000000e+01   4.5298663e+01
  -3.0000000e+01  -4.9000000e+01  -1.7588599e+01   4.5963792e+01  -7.9914804e+00  -4.6000000e+01   4.2849495e+01
  -3.0000000e+01  -4.9000000e+01  -1.6986609e+01   4.7717880e+01  -1.2049348e+01  -4.6000000e+01   4.1343463e+01
  -3.0000000e+01  -4.9000000e+01  -1.7412393e+01   4.9779121e+01  -1.4124487e+01  -4.6000000e+01   3.8172750e+01
  -3.0000000e+01  -4.9000000e+01  -1.8436265e+01   5.1489335e+01  -1.5805841e+01  -4.6000000e+01   3.5597723e+01
  -3.0000000e+01  -4.9000000e+01  -2.2902286e+01   5.2339524e+01  -1.7571448e+01  -4.6000000e+01   3.1805844e+01
  -3.0000000e+01  -4.9000000e+01  -2.3717502e+01   5.3993520e+01  -1.8033975e+01  -4.6000000e+01   2.5435805e+01
  -3.0000000e+01  -4.9000000e+01  -2.2147641e+01   5.5436249e+01  -2.0043254e+01  -4.6000000e+01   2.2059206e+01
  -3.0000000e+01  -4.9000000e+01  -2.2892647e+01   5.8009656e+01  -2.1322784e+01  -4.6000000e+01   1.8657213e+01
  -3.0000000e+01  -4.9000000e+01  -2.8082808e+01   5.8387587e+01  -2.2367079e+01  -4.6000000e+01   1.4688494e+01
  -3.0000000e+01  -4.9000000e+01  -3.1023959e+01   5.9021141e+01  -2.2913542e+01  -4.6000000e+01   1.0615994e+01
  -3.0000000e+01  -4.9000000e+01  -3.4195149e+01   6.0131129e+01  -2.3164517e+01  -4.6000000e+01   5.5292261e+00
  -3.0000000e+01  -4.9000000e+01  -3.6272249e+01   6.1953123e+01  -2.4870085e+01  -4.6000000e+01   1.4220211e-01
  -3.0000000e+01  -4.9000000e+01  -3.8595665e+01   6.3021003e+01  -2.5522281e+01  -4.6000000e+01  -5.8684570e+00
  -3.0000000e+01  -4.9000000e+01  -3.8964510e+01   6.5210591e+01  -2.7742871e+01  -4.6000000e+01  -1.1229590e+01
  -3.0000000e+01  -4.9000000e+01  -3.8659364e+01   6.7732834e+01  -3.0355147e+01  -4.6000000e+01  -1.4712171e+01
  -3.0000000e+01  -4.9000000e+01  -3.7820599e+01   6.9926228e+01  -3.3134753e+01  -4.6000000e+01  -1.7272383e+01
  -3.0000000e+01  -4.9000000e+01  -3.9157832e+01   7.1713213e+01  -3.5697155e+01  -4.6000000e+01  -2.0465273e+01
  -3.0000000e+01  -4.9000000e+01  -4.0043936e+01   7.3356849e+01  -3.8440118e+01  -4.6000000e+01  -2.3084380e+01
  -3.0000000e+01  -4.9000000e+01  -3.8506202e+01   7.5307103e+01  -3.9772256e+01  -4.6000000e+01  -2.5474830e+01
  -3.0000000e+01  -4.9000000e+01  -3.8590974e+01   7.5379610e+01  -4.0643531e+01  -4.6000000e+01  -2.6163055e+01
  -3.0000000e+01  -4.9000000e+01  -3.6128243e+01   7.3308529e+01  -3.8244889e+01  -4.6000000e+01  -2.7299661e+01
  -3.0000000e+01  -4.9000000e+01  -3.5085183e+01   6.8924293e+01  -3.5357438e+01  -4.6000000e+01  -2.6102619e+01
  -3.0000000e+01  -4.9000000e+01  -3.1745200e+01   6.5370257e+01  -3.2380805e+01  -4.6000000e+01  -2.0437610e+01
  -3.0000000e+01  -4.9000000e+01  -2.5238433e+01   6.1359938e+01  -2.7074741e+01  -4.6000000e+01  -1.0307255e+01
  -3.0000000e+01  -4.9000000e+01  -2.5632506e+01   5.6262457e+01  -2.1785865e+01  -4.6000000e+01  -4.3191135e+00
  -3.0000000e+01  -4.9000000e+01  -2.3370215e+01   5.1043470e+01  -1.5836354e+01  -4.6000000e+01   4.4878312e+00
  -3.0000000e+01  -4.9000000e+01  -1.9910474e+01   4.7069513e+01  -1.3305979e+01  -4.6000000e+01   1.5033754e+01
  -3.0000000e+01  -4.9000000e+01  -1.6216141e+01   4.3953844e+01  -9.9471065e+00  -4.6000000e+01   2.5183193e+01
  -3.0000000e+01  -4.9000000e+01  -1.5142187e+01   4.1512673e+01  -7.5850750e+00  -4.6000000e+01   3.4747138e+01
  -3.0000000e+01  -4.9000000e+01  -1.6867103e+01   3.9034965e+01  -4.9612070e+00  -4.6000000e+01   4.2953463e+01
  -3.0000000e+01  -4.9000000e+01  -1.7271824e+01   3.7120755e+01  -3.3483525e-01  -4.6000000e+01   4.5841467e+01
  -3.0000000e+01  -4.9000000e+01  -1.7539751e+01   3.6914275e+01   2.8341494e+00  -4.6000000e+01   4.8374891e+01
  -3.0000000e+01  -4.9000000e+01  -1.4507490e+01   3.8667102e+01   5.7043978e+00  -4.6000000e+01   4.2219953e+01
  -3.0000000e+01  -4.9000000e+01  -1.7361867e+01   4.0001507e+01   7.6509501e-02  -4.6000000e+01   5.1877861e+01
  -3.0000000e+01  -4.9000000e+01  -1.4647555e+01   4.2602055e+01  -5.0809221e+00  -4.6000000e+01   5.1056453e+01
  -3.0000000e+01  -4.9000000e+01  -1.3816900e+01   4.4969323e+01  -8.7734457e+00  -4.6000000e+01   5.0387978e+01
  -3.0000000e+01  -4.9000000e+01  -1.4374656e+01   4.7428782e+01  -1.0912349e+01  -4.6000000e+01   4.5907760e+01
  -3.0000000e+01  -4.9000000e+01  -1.5367686e+01   4.9314777e+01  -1.0925817e+01  -4.6000000e+01   4.0860217e+01
  -3.0000000e+01  -4.9000000e+01  -1.7641512e+01   5.0723420e+01  -1.3389227e+01  -4.6000000e+01   3.8094993e+01
  -3.0000000e+01  -4.9000000e+01  -1.5624086e+01   5.1605562e+01  -1.4904765e+01  -4.6000000e+01   3.5094438e+01
  -3.0000000e+01  -4.9000000e+01  -1.6845588e+01   5.3556685e+01  -1.7557871e+01  -4.6000000e+01   3.1745657e+01
  -3.0000000e+01  -4.9000000e+01  -2.0712962e+01   5.5429922e+01  -1.8477639e+01  -4.6000000e+01   2.8276505e+01
  -3.0000000e+01  -4.9000000e+01  -2.6119421e+01   5.5743571e+01  -1.8911018e+01  -4.6000000e+01   2.2581846e+01
  -3.0000000e+01  -4.9000000e+01  -2.5172176e+01   5.6840862e+01  -2.1135542e+01  -4.6000000e+01   2.0096753e+01
  -3.0000000e+01  -4.9000000e+01  -2.8001940e+01   5.8558923e+01  -2.2718644e+01  -4.6000000e+01   1.6227481e+01
  -3.0000000e+01  -4.9000000e+01  -3.1268415e+01   5.8601558e+01  -2.3018185e+01  -4.6000000e+01   1.2820914e+01
  -3.0000000e+01  -4.9000000e+01  -3.2273048e+01   5.9987945e+01  -2.3039135e+01  -4.6000000e+01   8.0913442e+00
  -3.0000000e+01  -4.9000000e+01  -3.4762446e+01   6.1817046e+01  -2.4145498e+01  -4.6000000e+01   2.9666612e+00
  -3.0000000e+01  -4.9000000e+01  -3.6308102e+01   6.2831488e+01  -2.5628257e+01  -4.6000000e+01  -1.3773942e+00
  -3.0000000e+01  -4.9000000e+01  -3.8159074e+01   6.3624106e+01  -2.6140000e+01  -4.6000000e+01  -6.7221029e+00
  -3.0000000e+01  -4.9000000e+01  -3.9553407e+01   6.5073696e+01  -2.8772518e+01  -4.6000000e+01  -1.0260747e+01
  -3.0000000e+01  -4.9000000e+01  -3.7506249e+01   6.8061061e+01  -3.1670638e+01  -4.6000000e+01  -1.2121117e+01
  -3.0000000e+01  -4.9000000e+01  -3.7898438e+01   7.1009786e+01  -3.4004584e+01  -4.6000000e+01  -1.6099991e+01
  -3.0000000e+01  -4.9000000e+01  -3.8518456e+01   7.3006524e+01  -3.6910810e+01  -4.6000000e+01  -1.8881301e+01
  -3.0000000e+01  -4.9000000e+01  -3.8571426e+01   7.4762839e+01  -3.8516892e+01  -4.6000000e+01  -2.2371680e+01
  -3.0000000e+01  -4.9000000e+01  -3.9241288e+01   7.5824522e+01  -3.9535331e+01  -4.6000000e+01  -2.5350903e+01
  -3.0000000e+01  -4.9000000e+01  -3.9613832e+01   7.5404394e+01  -4.0402006e+01  -4.6000000e+01  -2.5112433e+01
  -3.0000000e+01  -4.9000000e+01  -3.7741404e+01   7.3484777e+01  -3.8567237e+01  -4.6000000e+01  -2.2920477e+01
  -3.0000000e+01  -4.9000000e+01  -3.4681928e+01   6.9192402e+01  -3.2897211e+01  -4.6000000e+01  -1.9305850e+01
  -3.0000000e+01  -4.9000000e+01  -3.2337987e+01   6.4309591e+01  -2.9343316e+01  -4.6000000e+01  -1.0744898e+01
  -3.0000000e+01  -4.9000000e+01  -2.7539144e+01   5.9142195e+01  -2.5750074e+01  -4.6000000e+01  -1.6198510e-01
  -3.0000000e+01  -4.9000000e+01  -2.6454314e+01   5.4226933e+01  -2.1703788e+01  -4.6000000e+01   7.1006325e+00
  -3.0000000e+01  -4.9000000e+01  -2.6924847e+01   4.9098760e+01  -1.7135815e+01  -4.6000000e+01   1.2636677e+01
  -3.0000000e+01  -4.9000000e+01  -2.4383302e+01   4.3717998e+01  -1.2950590e+01  -4.6000000e+01   2.0944373e+01
  -3.0000000e+01  -4.9000000e+01  -1.9520845e+01   4.1810479e+01  -9.8336073e+00  -4.6000000e+01   3.0791899e+01
  -3.0000000e+01  -4.9000000e+01  -1.8237222e+01   3.9038909e+01  -7.5421731e+00  -4.6000000e+01   3.9519538e+01
  -3.0000000e+01  -4.9000000e+01  -1.8153543e+01   3.5966688e+01  -6.2489825e+00  -4.6000000e+01   4.8013147e+01
  -3.0000000e+01  -4.9000000e+01  -1.8360413e+01   3.3454462e+01  -4.8947819e+00  -4.6000000e+01   5.4882148e+01
  -3.0000000e+01  -4.9000000e+01  -2.0687600e+01   3.3487870e+01  -3.6172079e+00  -4.6000000e+01   5.8911927e+01
  -3.0000000e+01  -4.9000000e+01  -2.1193580e+01   3.4842569e+01  -2.5696279e+00  -4.6000000e+01   5.9663797e+01
  -3.0000000e+01  -4.9000000e+01  -2.1501900e+01   3.5556428e+01  -1.8399766e+00  -4.6000000e+01   5.7827059e+01
  -3.0000000e+01  -4.9000000e+01  -1.9934392e+01   3.6929895e+01  -2.1922037e+00  -4.6000000e+01   5.4039342e+01
  -3.0000000e+01  -4.9000000e+01  -2.1687536e+01   4.0496623e+01  -3.2181822e+00  -4.6000000e+01   5.0074590e+01
  -3.0000000e+01  -4.9000000e+01  -2.2406258e+01   4.2185319e+01  -6.4421280e+00  -4.6000000e+01   4.6647136e+01
  -3.0000000e+01  -4.9000000e+01  -1.8206126e+01   4.5511628e+01  -1.0703903e+01  -4.6000000e+01   4.2680986e+01
  -3.0000000e+01  -4.9000000e+01  -2.0213632e+01   4.7554593e+01  -1.4218966e+01  -4.6000000e+01   4.1028575e+01
  -3.0000000e+01  -4.9000000e+01  -1.8926325e+01   4.9187036e+01  -1.6570454e+01  -4.6000000e+01   3.7533916e+01
  -3.0000000e+01  -4.9000000e+01  -2.0061488e+01   5.0339540e+01  -1.7787509e+01  -4.6000000e+01   3.4746768e+01
  -3.0000000e+01  -4.9000000e+01  -1.9841592e+01   5.1960860e+01  -2.0671520e+01  -4.6000000e+01   3.1475221e+01
  -3.0000000e+01  -4.9000000e+01  -2.3076660e+01   5.3979892e+01  -2.2660000e+01  -4.6000000e+01   2.8930450e+01
  -3.0000000e+01  -4.9000000e+01  -2.5997657e+01   5.5538280e+01  -2.1576094e+01  -4.6000000e+01   2.2332299e+01
  -3.0000000e+01  -4.9000000e+01  -2.8770033e+01   5.6085205e+01  -2.2802568e+01  -4.6000000e+01   1.8736338e+01
  -3.0000000e+01  -4.9000000e+01  -3.0094410e+01   5.7683985e+01  -2.3465983e+01  -4.6000000e+01   1.5875151e+01
  -3.0000000e+01  -4.9000000e+01  -3.3629196e+01   5.8077820e+01  -2.4529252e+01  -4.6000000e+01   1.2036741e+01
  -3.0000000e+01  -4.9000000e+01  -3.5624026e+01   5.8467764e+01  -2.5290843e+01  -4.6000000e+01   8.3311467e+00
  -3.0000000e+01  -4.9000000e+01  -3.7880255e+01   5.9657731e+01  -2.5679877e+01  -4.6000000e+01   4.6217677e+00
  -3.0000000e+01  -4.9000000e+01  -4.1122673e+01   5.9763454e+01  -2.6857564e+01  -4.6000000e+01   4.7360205e-01
  -3.0000000e+01  -4.9000000e+01  -4.3547094e+01   6.0154548e+01  -2.7269129e+01  -4.6000000e+01  -5.0047647e+00
  -3.0000000e+01  -4.9000000e+01  -4.4762235e+01   6.1926448e+01  -2.8709662e+01  -4.6000000e+01  -1.0098342e+01
  -3.0000000e+01  -4.9000000e+01  -4.4522453e+01   6.3822919e+01  -3.0287960e+01  -4.6000000e+01  -1.4810752e+01
  -3.0000000e+01  -4.9000000e+01  -4.3834269e+01   6.5739498e+01  -3.2534076e+01  -4.6000000e+01  -1.8434842e+01
  -3.0000000e+01  -4.9000000e+01  -4.3566526e+01   6.7835779e+01  -3.5069761e+01  -4.6000000e+01  -2.1044419e+01
  -3.0000000e+01  -4.9000000e+01  -4.2766594e+01   7.0215105e+01  -3.6934603e+01  -4.6000000e+01  -2.4090534e+01
  -3.0000000e+01  -4.9000000e+01  -4.3828691e+01   7.1698905e+01  -3.9097288e+01  -4.6000000e+01  -2.6818028e+01
  -3.0000000e+01  -4.9000000e+01  -4.3984200e+01   7.2719769e+01  -4.0290892e+01  -4.6000000e+01  -2.8685299e+01
  -3.0000000e+01  -4.9000000e+01  -4.3355213e+01   7.2850311e+01  -4.1162252e+01  -4.6000000e+01  -2.8632600e+01
  -3.0000000e+01  -4.9000000e+01  -4.1763131e+01   7.1619277e+01  -4.1462822e+01  -4.6000000e+01  -2.5862123e+01
  -3.0000000e+01  -4.9000000e+01  -3.9527235e+01   6.9583262e+01  -3.9203636e+01  -4.6000000e+01  -2.2414795e+01
  -3.0000000e+01  -4.9000000e+01  -3.5124423e+01   6.6126026e+01  -3.5629020e+01  -4.6000000e+01  -1.5102597e+01
  -3.0000000e+01  -4.9000000e+01  -3.1697359e+01   6.1860573e+01  -2.9707111e+01  -4.6000000e+01  -7.1856311e+00
  -3.0000000e+01  -4.9000000e+01  -2.8215688e+01   5.7030026e+01  -2.2615252e+01  -4.6000000e+01   1.5882582e+00
  -3.0000000e+01  -4.9000000e+01  -2.3732582e+01   5.4286195e+01  -1.7116508e+01  -4.6000000e+01   1.0975381e+01
  -3.0000000e+01  -4.9000000e+01  -2.4960766e+01   5.0083002e+01  -1.3332325e+01  -4.6000000e+01   1.9821342e+01
  -3.0000000e+01  -4.9000000e+01  -2.4840548e+01   4.5545456e+01  -9.2480077e+00  -4.6000000e+01   2.7647600e+01
  -3.0000000e+01  -4.9000000e+01  -2.0405582e+01   4.2291864e+01  -7.0424935e+00  -4.6000000e+01   3.6802638e+01
  -3.0000000e+01  -4.9000000e+01  -1.6369446e+01   3.9959121e+01  -5.8191105e+00  -4.6000000e+01   4.4929648e+01
  -3.0000000e+01  -4.9000000e+01  -1.5339223e+01   3.7485993e+01  -4.8009506e+00  -4.6000000e+01   5.1357822e+01
  -3.0000000e+01  -4.9000000e+01  -1.7094736e+01   3.5992246e+01  -3.5522419e+00  -4.6000000e+01   5.5351286e+01
  -3.0000000e+01  -4.9000000e+01  -1.9930918e+01   3.5249782e+01  -1.8533660e+00  -4.6000000e+01   5.7210728e+01
  -3.0000000e+01  -4.9000000e+01  -1.9714071e+01   3.5517721e+01   9.1747877e-01  -4.6000000e+01   5.4678373e+01
  -3.0000000e+01  -4.9000000e+01  -2.0417438e+01   3.8165156e+01   1.7258960e+00  -4.6000000e+01   5.2156439e+01
  -3.0000000e+01  -4.9000000e+01  -2.0425672e+01   4.0544232e+01   3.6113349e-01  -4.6000000e+01   5.0556030e+01
  -3.0000000e+01  -4.9000000e+01  -2.1252312e+01   4.1815620e+01  -1.5398551e+00  -4.6000000e+01   4.8869930e+01
  -3.0000000e+01  -4.9000000e+01  -2.0063329e+01   4.3662465e+01  -4.4105039e+00  -4.6000000e+01   4.5308897e+01
  -3.0000000e+01  -4.9000000e+01  -2.1217510e+01   4.6164024e+01  -8.1660004e+00  -4.6000000e+01   4.4272473e+01
  -3.0000000e+01  -4.9000000e+01  -2.2934686e+01   4.7241494e+01  -1.1314601e+01  -4.6000000e+01   4.2401369e+01
  -3.0000000e+01  -4.9000000e+01  -2.4214632e+01   4.8154873e+01  -1.3567229e+01  -4.6000000e+01   3.9880338e+01
  -3.0000000e+01  -4.9000000e+01  -2.1185678e+01   5.0768554e+01  -1.7965338e+01  -4.6000000e+01   3.6429296e+01
  -3.0000000e+01  -4.9000000e+01  -2.1482795e+01   5.3065967e+01  -1.7913773e+01  -4.6000000e+01   3.1517688e+01
  -3.0000000e+01  -4.9000000e+01  -2.1790345e+01   5.5093238e+01  -1.8798698e+01  -4.6000000e+01   2.9022693e+01
  -3.0000000e+01  -4.9000000e+01  -2.4310996e+01   5.5491090e+01  -2.0596508e+01  -4.6000000e+01   2.6302855e+01
  -3.0000000e+01  -4.9000000e+01  -2.4463657e+01   5.6635690e+01  -2.2171289e+01  -4.6000000e+01   2.3944576e+01
  -3.0000000e+01  -4.9000000e+01  -2.7626476e+01   5.6911114e+01  -2.1385186e+01  -4.6000000e+01   2.1049479e+01
  -3.0000000e+01  -4.9000000e+01  -2.7928775e+01   5.8307365e+01  -2.2855655e+01  -4.6000000e+01   1.8653004e+01
  -3.0000000e+01  -4.9000000e+01  -3.0228219e+01   5.8854670e+01  -2.4094521e+01  -4.6000000e+01   1.5878724e+01
  -3.0000000e+01  -4.9000000e+01  -3.0808935e+01   6.0053349e+01  -2.5121259e+01  -4.6000000e+01   1.1918304e+01
  -3.0000000e+01  -4.9000000e+01  -3.3053459e+01   6.0724366e+01  -2.6016588e+01  -4.6000000e+01   8.0172293e+00
  -3.0000000e+01  -4.9000000e+01  -3.2652650e+01   6.2411088e+01  -2.7593823e+01  -4.6000000e+01   4.8099710e+00
  -3.0000000e+01  -4.9000000e+01  -3.1629376e+01   6.4331890e+01  -2.9800890e+01  -4.6000000e+01   2.7935502e+00
  -3.0000000e+01  -4.9000000e+01  -3.2397450e+01   6.5839436e+01  -3.1912193e+01  -4.6000000e+01  -1.1097250e-01
  -3.0000000e+01  -4.9000000e+01  -3.2736662e+01   6.8008556e+01  -3.3126608e+01  -4.6000000e+01  -3.3245037e+00
  -3.0000000e+01  -4.9000000e+01  -3.5396983e+01   6.9799433e+01  -3.5221250e+01  -4.6000000e+01  -7.7147445e+00
  -3.0000000e+01  -4.9000000e+01  -3.7018208e+01   7.1138477e+01  -3.6710610e+01  -4.6000000e+01  -1.2301981e+01
  -3.0000000e+01  -4.9000000e+01  -3.9785833e+01   7.1933381e+01  -3.7294306e+01  -4.6000000e+01  -1.6986874e+01
  -3.0000000e+01  -4.9000000e+01  -4.1703018e+01   7.2238912e+01  -3.8037075e+01  -4.6000000e+01  -2.0438236e+01
  -3.0000000e+01  -4.9000000e+01  -3.8822199e+01   7.1988674e+01  -3.7242889e+01  -4.6000000e+01  -2.0542815e+01
  -3.0000000e+01  -4.9000000e+01  -3.5434481e+01   6.9021020e+01  -3.4867645e+01  -4.6000000e+01  -1.9709720e+01
  -3.0000000e+01  -4.9000000e+01  -3.2840886e+01   6.4625615e+01  -3.3096429e+01  -4.6000000e+01  -1.5663714e+01
  -3.0000000e+01  -4.9000000e+01  -2.8732035e+01   5.9634855e+01  -3.0363932e+01  -4.6000000e+01  -9.5154449e+00
  -3.0000000e+01  -4.9000000e+01  -2.8281447e+01   5.5514872e+01  -2.6508823e+01  -4.6000000e+01  -3.6107703e+00
  -3.0000000e+01  -4.9000000e+01  -2.7021766e+01   5.1805085e+01  -2.2093296e+01  -4.6000000e+01   3.5497707e+00
  -3.0000000e+01  -4.9000000e+01  -2.6184292e+01   4.8480110e+01  -1.7659810e+01  -4.6000000e+01   1.0474577e+01
  -3.0000000e+01  -4.9000000e+01  -2.0706545e+01   4.6150361e+01  -1.3191114e+01  -4.6000000e+01   1.9672834e+01
  -3.0000000e+01  -4.9000000e+01  -2.0935999e+01   4.4589668e+01  -8.3629229e+00  -4.6000000e+01   2.7871147e+01
  -3.0000000e+01  -4.9000000e+01  -1.7808691e+01   4.4052112e+01  -4.6215802e+00  -4.6000000e+01   3.6524028e+01
  -3.0000000e+01  -4.9000000e+01  -1.5259768e+01   4.1607072e+01  -2.4326821e+00  -4.6000000e+01   4.3838582e+01
  -3.0000000e+01  -4.9000000e+01  -1.3718982e+01   4.0731286e+01  -7.5696255e-01  -4.6000000e+01   5.0742696e+01
  -3.0000000e+01  -4.9000000e+01  -1.5828467e+01   3.9319790e+01  -5.4877812e-01  -4.6000000e+01   5.7005730e+01
  -3.0000000e+01  -4.9000000e+01  -1.7463161e+01   3.8176529e+01  -2.7211530e-01  -4.6000000e+01   6.1112045e+01
  -3.0000000e+01  -4.9000000e+01  -2.0288586e+01   3.7609829e+01  -1.6379556e-01  -4.6000000e+01   6.2860547e+01
  -3.0000000e+01  -4.9000000e+01  -1.8315280e+01   3.7784449e+01   4.0924978e-01  -4.6000000e+01   6.0435121e+01
  -3.0000000e+01  -4.9000000e+01  -1.8334747e+01   3.8484533e+01  -2.6543618e-01  -4.6000000e+01   5.8304376e+01
  -3.0000000e+01  -4.9000000e+01  -2.1009368e+01   3.9963250e+01  -1.2435151e+00  -4.6000000e+01   5.3975961e+01
  -3.0000000e+01  -4.9000000e+01  -2.1139333e+01   4.1822016e+01  -2.6430033e+00  -4.6000000e+01   5.0006301e+01
  -3.0000000e+01  -4.9000000e+01  -1.8793324e+01   4.4407258e+01  -5.9224702e+00  -4.6000000e+01   4.6368492e+01
  -3.0000000e+01  -4.9000000e+01  -2.0133112e+01   4.6337685e+01  -9.2270298e+00  -4.6000000e+01   4.3184799e+01
  -3.0000000e+01  -4.9000000e+01  -2.0330681e+01   4.7815165e+01  -1.3226856e+01  -4.6000000e+01   4.1571877e+01
  -3.0000000e+01  -4.9000000e+01  -1.9960260e+01   4.9198018e+01  -1.5951878e+01  -4.6000000e+01   3.9510924e+01
  -3.0000000e+01  -4.9000000e+01  -2.1545409e+01   4.9895308e+01  -1.6182771e+01  -4.6000000e+01   3.8190935e+01
  -3.0000000e+01  -4.9000000e+01  -2.3850443e+01   5.0132063e+01  -1.7103061e+01  -4.6000000e+01   3.6322888e+01
  -3.0000000e+01  -4.9000000e+01  -2.5149790e+01   4.8762933e+01  -1.9061610e+01  -4.6000000e+01   3.4549694e+01
  -3.0000000e+01  -4.9000000e+01  -2.4486387e+01   5.0493870e+01  -2.0005763e+01  -4.6000000e+01   3.0532536e+01
  -3.0000000e+01  -4.9000000e+01  -2.3964166e+01   5.2535973e+01  -2.1217457e+01  -4.6000000e+01   2.8420204e+01
  -3.0000000e+01  -4.9000000e+01  -2.7616147e+01   5.2926896e+01  -2.2097272e+01  -4.6000000e+01   2.6089194e+01
  -3.0000000e+01  -4.9000000e+01  -3.1906484e+01   5.2563343e+01  -2.2867542e+01  -4.6000000e+01   2.3328913e+01
  -3.0000000e+01  -4.9000000e+01  -3.1980122e+01   5.3528354e+01  -2.4066687e+01  -4.6000000e+01   2.0600855e+01
  -3.0000000e+01  -4.9000000e+01  -3.4399419e+01   5.4399230e+01  -2.5308251e+01  -4.6000000e+01   1.7030075e+01
  -3.0000000e+01  -4.9000000e+01  -3.6190499e+01   5.6107597e+01  -2.6683486e+01  -4.6000000e+01   1.2083657e+01
  -3.0000000e+01  -4.9000000e+01  -3.7375600e+01   5.8118166e+01  -2.7504068e+01  -4.6000000e+01   7.3009227e+00
  -3.0000000e+01  -4.9000000e+01  -3.8222003e+01   6.0250454e+01  -2.9466877e+01  -4.6000000e+01   2.7738339e+00
  -3.0000000e+01  -4.9000000e+01  -4.0473801e+01   6.1988090e+01  -3.1286762e+01  -4.6000000e+01  -2.9403263e+00
  -3.0000000e+01  -4.9000000e+01  -4.2410323e+01   6.4003113e+01  -3.2646344e+01  -4.6000000e+01  -8.7767541e+00
  -3.0000000e+01  -4.9000000e+01  -4.2727234e+01   6.6100010e+01  -3.4146827e+01  -4.6000000e+01  -1.3444618e+01
  -3.0000000e+01  -4.9000000e+01  -4.2932384e+01   6.7892315e+01  -3.6250815e+01  -4.6000000e+01  -1.7660798e+01
  -3.0000000e+01  -4.9000000e+01  -4.2659277e+01   7.0020609e+01  -3.7720746e+01  -4.6000000e+01  -2.1417261e+01
  -3.0000000e+01  -4.9000000e+01  -4.2156646e+01   6.9896331e+01  -3.7220043e+01  -4.6000000e+01  -2.4494282e+01
  -3.0000000e+01  -4.9000000e+01  -4.2295962e+01   6.7677272e+01  -3.6043251e+01  -4.6000000e+01  -2.5331386e+01
  -3.0000000e+01  -4.9000000e+01  -3.9238321e+01   6.4155618e+01  -3.5589818e+01  -4.6000000e+01  -2.1397183e+01
  -3.0000000e+01  -4.9000000e+01  -3.6427449e+01   6.1299501e+01  -3.4547754e+01  -4.6000000e+01  -1.6049406e+01
  -3.0000000e+01  -4.9000000e+01  -3.2136409e+01   5.7811953e+01  -3.3154813e+01  -4.6000000e+01  -8.5386598e+00
  -3.0000000e+01  -4.9000000e+01  -2.8490373e+01   5.3303960e+01  -3.0353934e+01  -4.6000000e+01  -1.1488912e+00
  -3.0000000e+01  -4.9000000e+01  -2.5715094e+01   4.9156097e+01  -2.6278863e+01  -4.6000000e+01   6.7519574e+00
  -3.0000000e+01  -4.9000000e+01  -2.1177781e+01   4.5899728e+01  -2.2196350e+01  -4.6000000e+01   1.6386342e+01
  -3.0000000e+01  -4.9000000e+01  -1.8206323e+01   4.3539348e+01  -1.8109761e+01  -4.6000000e+01   2.4800164e+01
  -3.0000000e+01  -4.9000000e+01  -1.7277469e+01   4.1481868e+01  -1.3857785e+01  -4.6000000e+01   3.3131905e+01
  -3.0000000e+01  -4.9000000e+01  -1.8588327e+01   3.9581074e+01  -9.3309805e+00  -4.6000000e+01   4.0151554e+01
  -3.0000000e+01  -4.9000000e+01  -1.9383299e+01   3.7891573e+01  -5.7254314e+00  -4.6000000e+01   4.5904001e+01
  -3.0000000e+01  -4.9000000e+01  -1.8246323e+01   3.7089046e+01  -3.4862641e+00  -4.6000000e+01   5.2254215e+01
  -3.0000000e+01  -4.9000000e+01  -1.6809179e+01   3.7712276e+01  -3.1223197e+00  -4.6000000e+01   5.7905321e+01
  -3.0000000e+01  -4.9000000e+01  -1.5899518e+01   3.8576970e+01  -4.9364411e+00  -4.6000000e+01   5.9061150e+01
  -3.0000000e+01  -4.9000000e+01  -1.7569481e+01   4.1683489e+01  -5.9183112e+00  -4.6000000e+01   5.6727453e+01
  -3.0000000e+01  -4.9000000e+01  -2.0559461e+01   4.2741955e+01  -7.6455116e+00  -4.6000000e+01   5.3450125e+01
  -3.0000000e+01  -4.9000000e+01  -1.8788965e+01   4.5678206e+01  -9.4471912e+00  -4.6000000e+01   4.9829704e+01
  -3.0000000e+01  -4.9000000e+01  -1.9159062e+01   4.7236493e+01  -1.1565867e+01  -4.6000000e+01   4.6356594e+01
  -3.0000000e+01  -4.9000000e+01  -1.8457329e+01   4.8531154e+01  -1.2735236e+01  -4.6000000e+01   4.2862566e+01
  -3.0000000e+01  -4.9000000e+01  -1.7820726e+01   5.0035452e+01  -1.4025694e+01  -4.6000000e+01   4.0980872e+01
  -3.0000000e+01  -4.9000000e+01  -1.7500163e+01   5.1317052e+01  -1.6090267e+01  -4.6000000e+01   3.9576001e+01
  -3.0000000e+01  -4.9000000e+01  -1.8325092e+01   5.1101478e+01  -1.7034131e+01  -4.6000000e+01   3.6946066e+01
  -3.0000000e+01  -4.9000000e+01  -2.0710366e+01   5.2412205e+01  -1.7929305e+01  -4.6000000e+01   3.2151595e+01
  -3.0000000e+01  -4.9000000e+01  -2.2678626e+01   5.3327563e+01  -1.9411459e+01  -4.6000000e+01   2.9186667e+01
  -3.0000000e+01  -4.9000000e+01  -2.4786690e+01   5.4660939e+01  -2.1031736e+01  -4.6000000e+01   2.8421689e+01
  -3.0000000e+01  -4.9000000e+01  -2.7113007e+01   5.5283051e+01  -2.1282419e+01  -4.6000000e+01   2.2391801e+01
  -3.0000000e+01  -4.9000000e+01  -2.9082166e+01   5.4954417e+01  -2.3255820e+01  -4.6000000e+01   2.1019845e+01
  -3.0000000e+01  -4.9000000e+01  -3.0895407e+01   5.5473831e+01  -2.4013190e+01  -4.6000000e+01   1.7782462e+01
  -3.0000000e+01  -4.9000000e+01  -3.4696950e+01   5.6263939e+01  -2.4838250e+01  -4.6000000e+01   1.4404312e+01
  -3.0000000e+01  -4.9000000e+01  -3.8002107e+01   5.6887786e+01  -2.5772222e+01  -4.6000000e+01   1.0521503e+01
  -3.0000000e+01  -4.9000000e+01  -3.9227935e+01   5.8188603e+01  -2.6522791e+01  -4.6000000e+01   6.3602733e+00
  -3.0000000e+01  -4.9000000e+01  -4.0617749e+01   5.9266952e+01  -2.7810966e+01  -4.6000000e+01   1.9869330e+00
  -3.0000000e+01  -4.9000000e+01  -4.0272445e+01   6.1345039e+01  -3.0210797e+01  -4.6000000e+01  -2.0259223e+00
  -3.0000000e+01  -4.9000000e+01  -3.9968698e+01   6.3910961e+01  -3.1888226e+01  -4.6000000e+01  -6.3421622e+00
  -3.0000000e+01  -4.9000000e+01  -3.8044868e+01   6.5907437e+01  -3.3605651e+01  -4.6000000e+01  -9.1361020e+00
  -3.0000000e+01  -4.9000000e+01  -3.6802055e+01   6.8694648e+01  -3.4982867e+01  -4.6000000e+01  -1.2063437e+01
  -3.0000000e+01  -4.9000000e+01  -3.9141980e+01   7.0386654e+01  -3.6923233e+01  -4.6000000e+01  -1.5989123e+01
  -3.0000000e+01  -4.9000000e+01  -4.0276159e+01   7.1879018e+01  -3.8073619e+01  -4.6000000e+01  -1.9892568e+01
  -3.0000000e+01  -4.9000000e+01  -4.0612119e+01   7.2241594e+01  -3.9111720e+01  -4.6000000e+01  -2.1412042e+01
  -3.0000000e+01  -4.9000000e+01  -4.0480957e+01   7.1785180e+01  -3.8601973e+01  -4.6000000e+01  -2.1845484e+01
  -3.0000000e+01  -4.9000000e+01  -3.7997397e+01   7.0498786e+01  -3.6873430e+01  -4.6000000e+01  -2.1010591e+01
  -3.0000000e+01  -4.9000000e+01  -3.5297113e+01   6.7286694e+01  -3.4515745e+01  -4.6000000e+01  -1.6850547e+01
  -3.0000000e+01  -4.9000000e+01  -3.2594211e+01   6.4296030e+01  -3.4587732e+01  -4.6000000e+01  -1.0638861e+01
  -3.0000000e+01  -4.9000000e+01  -2.8225740e+01   6.0654983e+01  -3.2850597e+01  -4.6000000e+01  -4.0231209e+00
  -3.0000000e+01  -4.9000000e+01  -2.4066368e+01   5.6042883e+01  -2.9644844e+01  -4.6000000e+01   5.5394799e+00
  -3.0000000e+01  -4.9000000e+01  -2.3031100e+01   5.1577163e+01  -2.6000330e+01  -4.6000000e+01   1.2073778e+01
  -3.0000000e+01  -4.9000000e+01  -2.2803413e+01   4.7075449e+01  -2.2887837e+01  -4.6000000e+01   1.8644509e+01
  -3.0000000e+01  -4.9000000e+01  -1.8912393e+01   4.4004425e+01  -2.0108528e+01  -4.6000000e+01   2.5918918e+01
  -3.0000000e+01  -4.9000000e+01  -1.8748414e+01   4.2887054e+01  -1.6117574e+01  -4.6000000e+01   3.0011094e+01
  -3.0000000e+01  -4.9000000e+01  -1.8829790e+01   4.1402872e+01  -1.2437560e+01  -4.6000000e+01   3.4744284e+01
  -3.0000000e+01  -4.9000000e+01  -1.7780786e+01   4.0551349e+01  -8.7923430e+00  -4.6000000e+01   4.0631223e+01
  -3.0000000e+01  -4.9000000e+01  -1.6916855e+01   4.0582442e+01  -6.5541323e+00  -4.6000000e+01   4.7285530e+01
  -3.0000000e+01  -4.9000000e+01  -1.6509109e+01   3.9952755e+01  -4.6529950e+00  -4.6000000e+01   5.1290714e+01
  -3.0000000e+01  -4.9000000e+01  -1.5268766e+01   3.9556874e+01  -4.2616238e+00  -4.6000000e+01   5.4713744e+01
  -3.0000000e+01  -4.9000000e+01  -1.7149888e+01   3.9615050e+01  -4.2505187e+00  -4.6000000e+01   5.6045019e+01
  -3.0000000e+01  -4.9000000e+01  -1.5764533e+01   4.0108374e+01  -3.4918077e+00  -4.6000000e+01   5.3550657e+01
  -3.0000000e+01  -4.9000000e+01  -1.6201546e+01   4.1748618e+01  -3.8743197e+00  -4.6000000e+01   5.2732292e+01
  -3.0000000e+01  -4.9000000e+01  -1.7391809e+01   4.2607809e+01  -4.8421007e+00  -4.6000000e+01   5.1926182e+01
  -3.0000000e+01  -4.9000000e+01  -1.9258692e+01   4.3474264e+01  -5.6325544e+00  -4.6000000e+01   4.9421061e+01
  -3.0000000e+01  -4.9000000e+01  -1.8961505e+01   4.4243469e+01  -5.6449661e+00  -4.6000000e+01   4.6452125e+01
  -3.0000000e+01  -4.9000000e+01  -1.7953745e+01   4.6143894e+01  -8.6744399e+00  -4.6000000e+01   4.4901414e+01
  -3.0000000e+01  -4.9000000e+01  -1.5943910e+01   4.8374629e+01  -1.1033045e+01  -4.6000000e+01   4.3434265e+01
  -3.0000000e+01  -4.9000000e+01  -1.6117057e+01   5.0184723e+01  -1.2749775e+01  -4.6000000e+01   4.1523353e+01
  -3.0000000e+01  -4.9000000e+01  -1.4142750e+01   5.1684961e+01  -1.4998150e+01  -4.6000000e+01   3.9405172e+01
  -3.0000000e+01  -4.9000000e+01  -1.6138721e+01   5.3641334e+01  -1.6350604e+01  -4.6000000e+01   3.6640405e+01
  -3.0000000e+01  -4.9000000e+01  -1.9985882e+01   5.4322426e+01  -1.7512178e+01  -4.6000000e+01   3.3432034e+01
  -3.0000000e+01  -4.9000000e+01  -2.2632858e+01   5.5627808e+01  -1.8209671e+01  -4.6000000e+01   2.9563802e+01
  -3.0000000e+01  -4.9000000e+01  -2.5242381e+01   5.5154717e+01  -1.9855942e+01  -4.6000000e+01   2.6100929e+01
  -3.0000000e+01  -4.9000000e+01  -2.3696018e+01   5.5827034e+01  -2.1757516e+01  -4.6000000e+01   2.5071784e+01
  -3.0000000e+01  -4.9000000e+01  -2.3897513e+01   5.7779652e+01  -2.2808155e+01  -4.6000000e+01   2.2294839e+01
  -3.0000000e+01  -4.9000000e+01  -2.8055735e+01   5.7090735e+01  -2.3359043e+01  -4.6000000e+01   1.9645671e+01
  -3.0000000e+01  -4.9000000e+01  -3.1171436e+01   5.7365464e+01  -2.4392440e+01  -4.6000000e+01   1.6299418e+01
  -3.0000000e+01  -4.9000000e+01  -3.2911335e+01   5.7739001e+01  -2.4862051e+01  -4.6000000e+01   1.3050368e+01
  -3.0000000e+01  -4.9000000e+01  -3.5889289e+01   5.8499537e+01  -2.6631783e+01  -4.6000000e+01   9.2382724e+00
  -3.0000000e+01  -4.9000000e+01  -3.7844128e+01   5.9753752e+01  -2.7249300e+01  -4.6000000e+01   5.1854685e+00
  -3.0000000e+01  -4.9000000e+01  -3.9355200e+01   6.0963952e+01  -2.8415377e+01  -4.6000000e+01   3.5169763e-01
  -3.0000000e+01  -4.9000000e+01  -4.1195251e+01   6.2266160e+01  -2.9255367e+01  -4.6000000e+01  -5.0044175e+00
  -3.0000000e+01  -4.9000000e+01  -4.1895703e+01   6.5065451e+01  -3.1325784e+01  -4.6000000e+01  -1.0831014e+01
  -3.0000000e+01  -4.9000000e+01  -4.2877041e+01   6.7258247e+01  -3.3020429e+01  -4.6000000e+01  -1.6528576e+01
  -3.0000000e+01  -4.9000000e+01  -4.3361216e+01   6.8560372e+01  -3.5592358e+01  -4.6000000e+01  -2.0256075e+01
  -3.0000000e+01  -4.9000000e+01  -4.3892310e+01   7.0493870e+01  -3.7839996e+01  -4.6000000e+01  -2.3897866e+01
  -3.0000000e+01  -4.9000000e+01  -4.3901489e+01   7.1729768e+01  -3.8491702e+01  -4.6000000e+01  -2.6491056e+01
  -3.0000000e+01  -4.9000000e+01  -4.1918164e+01   7.1506173e+01  -3.7267476e+01  -4.6000000e+01  -2.8909264e+01
  -3.0000000e+01  -4.9000000e+01  -3.7830060e+01   7.0004440e+01  -3.5957475e+01  -4.6000000e+01  -2.6809562e+01
  -3.0000000e+01  -4.9000000e+01  -3.4342049e+01   6.6713597e+01  -3.4683799e+01  -4.6000000e+01  -2.0936249e+01
  -3.0000000e+01  -4.9000000e+01  -2.9843798e+01   6.2887781e+01  -3.1555079e+01  -4.6000000e+01  -1.2630447e+01
  -3.0000000e+01  -4.9000000e+01  -2.5414564e+01   5.8120549e+01  -2.7441093e+01  -4.6000000e+01  -2.6164006e+00
  -3.0000000e+01  -4.9000000e+01  -2.3696848e+01   5.2321963e+01  -2.2380792e+01  -4.6000000e+01   4.6933690e+00
  -3.0000000e+01  -4.9000000e+01  -2.1672057e+01   4.8233613e+01  -1.8606886e+01  -4.6000000e+01   1.3158701e+01
  -3.0000000e+01  -4.9000000e+01  -1.8490859e+01   4.5972868e+01  -1.5224163e+01  -4.6000000e+01   2.1291367e+01
  -3.0000000e+01  -4.9000000e+01  -1.8085766e+01   4.3678769e+01  -1.0618187e+01  -4.6000000e+01   2.9532360e+01
  -3.0000000e+01  -4.9000000e+01  -1.9282622e+01   4.1184913e+01  -7.3567738e+00  -4.6000000e+01   3.8742124e+01
  -3.0000000e+01  -4.9000000e+01  -1.6711643e+01   3.9208734e+01  -3.4019543e+00  -4.6000000e+01   4.7815203e+01
  -3.0000000e+01  -4.9000000e+01  -1.4818928e+01   3.7569523e+01   4.2823542e-01  -4.6000000e+01   5.4651580e+01
  -3.0000000e+01  -4.9000000e+01  -8.9434253e+00   3.8394419e+01   1.9930479e+00  -4.6000000e+01   5.7401207e+01
  -3.0000000e+01  -4.9000000e+01  -7.9513282e+00   4.1796565e+01   4.7947316e-01  -4.6000000e+01   5.6804601e+01
  -3.0000000e+01  -4.9000000e+01  -1.0207220e+01   4.4253940e+01  -1.6551335e+00  -4.6000000e+01   5.3219104e+01
  -3.0000000e+01  -4.9000000e+01  -1.4118075e+01   4.5340641e+01  -3.2826392e+00  -4.6000000e+01   4.9291279e+01
  -3.0000000e+01  -4.9000000e+01  -1.7579001e+01   4.7666744e+01  -5.4489347e+00  -4.6000000e+01   4.6780374e+01
  -3.0000000e+01  -4.9000000e+01  -2.0507574e+01   4.8699446e+01  -8.4508382e+00  -4.6000000e+01   4.1063381e+01
  -3.0000000e+01  -4.9000000e+01  -2.0696354e+01   5.0452425e+01  -9.7139722e+00  -4.6000000e+01   3.5874004e+01
  -3.0000000e+01  -4.9000000e+01  -1.9540915e+01   5.3037869e+01  -1.1478199e+01  -4.6000000e+01   3.4204751e+01
  -3.0000000e+01  -4.9000000e+01  -1.6031992e+01   5.2857911e+01  -1.3567097e+01  -4.6000000e+01   3.3210831e+01
  -3.0000000e+01  -4.9000000e+01  -1.8886395e+01   5.3692968e+01  -1.5887482e+01  -4.6000000e+01   3.0744436e+01
  -3.0000000e+01  -4.9000000e+01  -2.0616350e+01   5.4907630e+01  -1.8843486e+01  -4.6000000e+01   2.8922548e+01
  -3.0000000e+01  -4.9000000e+01  -2.5045525e+01   5.4473407e+01  -2.0230006e+01  -4.6000000e+01   2.5487203e+01
  -3.0000000e+01  -4.9000000e+01  -2.5658305e+01   5.5627061e+01  -2.1441571e+01  -4.6000000e+01   2.2165051e+01
  -3.0000000e+01  -4.9000000e+01  -2.5057474e+01   5.6770730e+01  -2.2874187e+01  -4.6000000e+01   2.0450469e+01
  -3.0000000e+01  -4.9000000e+01  -2.8798455e+01   5.6987961e+01  -2.1681575e+01  -4.6000000e+01   1.5514580e+01
  -3.0000000e+01  -4.9000000e+01  -3.0942255e+01   5.7751084e+01  -2.2379902e+01  -4.6000000e+01   1.2073093e+01
