  -3.5275801e+01  -5.9904253e+01  -3.6843529e+01   7.3516184e+01  -2.8294482e+01  -4.2693151e+01  -1.3305502e+01
  -3.6146011e+01  -6.1269461e+01  -3.8822062e+01   7.5677991e+01  -3.1944677e+01  -4.1333618e+01  -2.0031283e+01
  -3.6957707e+01  -6.4707230e+01  -4.0389523e+01   7.3307389e+01  -3.4510607e+01  -3.6785570e+01  -2.4546908e+01
  -3.4410429e+01  -5.6525947e+01  -3.8209254e+01   6.7715754e+01  -3.0813287e+01  -3.7977223e+01  -2.0838434e+01
  -3.2535662e+01  -5.2430741e+01  -3.5965399e+01   5.9628306e+01  -2.8123233e+01  -3.5817823e+01  -1.5810520e+01
  -3.1205105e+01  -5.3421459e+01  -3.1412580e+01   5.9911729e+01  -2.9965622e+01  -3.7582632e+01  -9.4801790e+00
  -2.9403254e+01  -5.2670055e+01  -2.7541999e+01   5.7399394e+01  -2.8276220e+01  -3.9680886e+01  -2.0923993e+00
  -3.0150085e+01  -5.0887668e+01  -2.2667530e+01   6.3646448e+01  -2.4003848e+01  -5.1719611e+01   9.3802885e+00
  -2.7593457e+01  -4.5329544e+01  -2.1330440e+01   4.9646448e+01  -1.9530000e+01  -4.8499937e+01   1.6526630e+01
  -2.6824385e+01  -4.8624178e+01  -1.7812804e+01   5.1898880e+01  -1.7408111e+01  -5.2757314e+01   2.1489129e+01
  -2.9164113e+01  -4.5976157e+01  -1.3831691e+01   5.3724839e+01  -1.1990164e+01  -5.9766183e+01   3.0503724e+01
  -2.7095436e+01  -4.1690272e+01  -1.3946990e+01   4.8869222e+01  -9.5873876e+00  -6.1354472e+01   4.0725872e+01
  -2.5002520e+01  -3.9355946e+01  -1.3763003e+01   3.9723854e+01  -7.7654202e+00  -5.7004129e+01   5.0467846e+01
  -2.4220705e+01  -4.0506721e+01  -1.2546726e+01   3.6292345e+01  -1.2127094e+01  -5.3279593e+01   5.9387165e+01
  -2.3640792e+01  -4.5650846e+01  -1.0195855e+01   4.0956856e+01  -1.2009994e+01  -5.2624414e+01   6.1753092e+01
  -2.4099534e+01  -4.9568439e+01  -8.3792195e+00   4.3243996e+01  -9.3280535e+00  -4.9193131e+01   6.0559064e+01
  -2.7323120e+01  -5.0025928e+01  -1.0157408e+01   4.2951656e+01  -6.3170585e+00  -4.6778465e+01   5.8332025e+01
  -2.8090421e+01  -5.1809387e+01  -1.1338599e+01   4.7421029e+01  -6.5612517e+00  -4.7366094e+01   5.3548143e+01
  -2.7725159e+01  -5.1868182e+01  -1.4119995e+01   5.4347622e+01  -8.3306988e+00  -5.3186048e+01   4.8102563e+01
  -2.6453905e+01  -4.9799008e+01  -1.6531622e+01   5.3093188e+01  -1.1643268e+01  -5.2167948e+01   4.6440919e+01
  -2.6365265e+01  -5.2010366e+01  -1.7235928e+01   5.4245390e+01  -1.4482023e+01  -4.8534252e+01   4.2570299e+01
  -2.3168137e+01  -5.5120196e+01  -1.9327349e+01   5.4558668e+01  -1.8917897e+01  -4.4675333e+01   3.6391242e+01
  -2.4320334e+01  -5.4846827e+01  -2.0827583e+01   5.5363908e+01  -2.1874102e+01  -4.3934407e+01   3.4838062e+01
  -2.5551141e+01  -4.7808548e+01  -2.3261640e+01   4.4475872e+01  -1.9448368e+01  -3.8260344e+01   3.1669504e+01
  -2.9330227e+01  -5.3162308e+01  -2.3527673e+01   5.8475872e+01  -2.1792167e+01  -4.5453635e+01   2.6426285e+01
  -2.8865863e+01  -5.4713871e+01  -2.6346378e+01   5.8912171e+01  -2.6498473e+01  -4.3913774e+01   2.2394130e+01
  -3.0478801e+01  -5.6136237e+01  -2.7247261e+01   6.4184472e+01  -2.6508058e+01  -4.6471609e+01   1.7420997e+01
  -3.3159008e+01  -5.3100473e+01  -2.6292331e+01   6.6376847e+01  -2.3249049e+01  -4.7678668e+01   1.3062680e+01
  -3.3016544e+01  -5.3293790e+01  -2.8566055e+01   6.2079692e+01  -2.4800474e+01  -4.1364201e+01   6.9058613e+00
  -3.1729938e+01  -4.2472246e+01  -3.5347732e+01   4.9046040e+01  -2.0682188e+01  -3.5662950e+01  -7.0586937e-01
  -3.4728612e+01  -4.0302446e+01  -3.7745658e+01   4.6651942e+01  -1.6432562e+01  -3.2600066e+01  -8.4710435e+00
  -3.4140511e+01  -4.5792506e+01  -4.0070126e+01   5.2244796e+01  -2.2231979e+01  -3.2024542e+01  -1.6323628e+01
  -3.5082714e+01  -5.4677868e+01  -4.1074275e+01   5.9631955e+01  -2.9518853e+01  -3.0245963e+01  -2.4274192e+01
  -4.0091867e+01  -5.9364042e+01  -4.1459144e+01   6.9599040e+01  -2.9848031e+01  -3.4832286e+01  -3.1051599e+01
  -4.0280615e+01  -5.9477832e+01  -4.2264751e+01   6.9063734e+01  -3.2376447e+01  -3.2268879e+01  -3.5238788e+01
  -4.0559382e+01  -6.1028502e+01  -4.3791731e+01   7.0882552e+01  -3.3960457e+01  -3.2269694e+01  -4.0365489e+01
  -3.9550585e+01  -6.0447854e+01  -4.5557544e+01   6.9845043e+01  -3.6183827e+01  -3.1757394e+01  -4.2479222e+01
  -3.8000627e+01  -5.4709995e+01  -4.4756959e+01   6.7924534e+01  -3.1418901e+01  -3.4295686e+01  -3.9661915e+01
  -4.0029368e+01  -6.3006366e+01  -4.4394899e+01   7.2744042e+01  -3.5280748e+01  -3.7172527e+01  -3.2727101e+01
  -3.7773850e+01  -6.2421944e+01  -3.9605896e+01   7.3811844e+01  -3.4595000e+01  -4.0646581e+01  -2.1028391e+01
  -3.4683575e+01  -6.0050395e+01  -3.3686450e+01   7.2152126e+01  -3.3936406e+01  -4.5033743e+01  -7.9169762e+00
  -3.3623745e+01  -5.4491860e+01  -2.9514154e+01   6.1316729e+01  -2.8723649e+01  -4.2695034e+01   8.6632595e-01
  -3.2564961e+01  -5.0379464e+01  -2.5854537e+01   5.8652076e+01  -2.5620057e+01  -4.7435860e+01   8.5156639e+00
  -3.1692227e+01  -4.7485772e+01  -2.3141460e+01   5.2990206e+01  -1.9539708e+01  -4.9489289e+01   1.6089544e+01
  -3.1494385e+01  -4.6789362e+01  -2.1138066e+01   5.8933733e+01  -1.5458812e+01  -6.0811526e+01   2.5894881e+01
  -3.0515370e+01  -4.5413947e+01  -1.8029329e+01   5.4653233e+01  -1.2772059e+01  -6.1388540e+01   3.9128604e+01
  -2.7873562e+01  -4.5340629e+01  -1.5497765e+01   5.1725560e+01  -1.2489451e+01  -6.0604282e+01   4.6662004e+01
  -2.5925634e+01  -4.5598144e+01  -1.2948035e+01   5.3314516e+01  -1.3601090e+01  -6.3775937e+01   5.1659256e+01
  -2.6105594e+01  -4.2902680e+01  -1.4064432e+01   4.6611166e+01  -9.9875270e+00  -6.0951433e+01   5.3781324e+01
  -2.5179099e+01  -3.9558074e+01  -1.5435292e+01   4.6486620e+01  -7.5402025e+00  -6.4047985e+01   5.2877679e+01
  -2.5328452e+01  -3.8155173e+01  -1.5821415e+01   3.7830250e+01  -5.9987415e+00  -5.6738988e+01   5.2234303e+01
  -2.5074730e+01  -4.0568701e+01  -1.4979412e+01   4.0132140e+01  -8.3989611e+00  -5.6593086e+01   5.3024410e+01
  -2.5570804e+01  -4.1369051e+01  -1.3781568e+01   4.1512710e+01  -1.1534035e+01  -5.6838106e+01   5.7790987e+01
  -2.6443767e+01  -4.1088207e+01  -1.4384216e+01   3.7173685e+01  -1.1625127e+01  -5.1832920e+01   5.7922300e+01
  -2.9507792e+01  -4.1094341e+01  -1.6427296e+01   3.5039545e+01  -7.2964337e+00  -4.6459958e+01   5.1606644e+01
  -2.7727455e+01  -4.2104204e+01  -1.7637447e+01   3.9585299e+01  -1.1985282e+01  -4.7958791e+01   4.8607682e+01
  -2.7332494e+01  -4.6626217e+01  -1.7241859e+01   4.4639336e+01  -1.4153077e+01  -4.5669080e+01   4.4506476e+01
  -2.5685144e+01  -4.5256964e+01  -1.9730568e+01   4.0388159e+01  -1.6075122e+01  -4.1063799e+01   4.0546082e+01
  -2.7787768e+01  -4.9381677e+01  -2.0544311e+01   4.6340910e+01  -1.7332564e+01  -4.2080647e+01   3.9015531e+01
  -2.7632841e+01  -4.6575793e+01  -2.2882171e+01   4.3823338e+01  -1.8754242e+01  -4.2166243e+01   3.7904869e+01
  -2.9173869e+01  -4.7214572e+01  -2.3490470e+01   5.3703983e+01  -1.8847905e+01  -5.0467860e+01   3.4412822e+01
  -3.0711089e+01  -5.0573846e+01  -2.2741047e+01   5.6322811e+01  -2.1479930e+01  -4.8333119e+01   3.1972979e+01
  -3.0852098e+01  -4.8867573e+01  -2.4537977e+01   5.7912136e+01  -2.2256250e+01  -4.9799253e+01   2.8199595e+01
  -3.0724886e+01  -5.4683388e+01  -2.4610833e+01   6.5509068e+01  -2.6731872e+01  -5.0732985e+01   2.4429795e+01
  -3.2949842e+01  -5.3543595e+01  -2.5944118e+01   6.1211334e+01  -2.5563651e+01  -4.5341124e+01   2.1012335e+01
  -3.1555659e+01  -5.1820814e+01  -2.7620323e+01   5.8516679e+01  -2.7651284e+01  -4.2052311e+01   1.8013487e+01
  -3.1252418e+01  -4.3364719e+01  -3.3221178e+01   4.6914945e+01  -2.3859599e+01  -3.6360667e+01   1.1332840e+01
  -3.2331990e+01  -4.5862577e+01  -3.3200714e+01   5.2967091e+01  -2.4902268e+01  -3.8627310e+01   6.6675433e+00
  -3.2918599e+01  -4.7199976e+01  -3.4929050e+01   5.6828816e+01  -2.6157641e+01  -4.0023435e+01   1.6197328e+00
  -3.6775966e+01  -5.3234598e+01  -3.5771035e+01   6.8434165e+01  -2.5993028e+01  -4.5542095e+01  -5.5295685e+00
  -3.8802844e+01  -5.7066405e+01  -3.8495660e+01   7.2409001e+01  -2.7867387e+01  -4.4598828e+01  -1.3849332e+01
  -3.9337537e+01  -6.1315479e+01  -3.9002018e+01   7.6731228e+01  -3.3730381e+01  -4.3400864e+01  -1.8834486e+01
  -4.1200479e+01  -6.4035976e+01  -4.1276254e+01   7.7405445e+01  -3.4639875e+01  -4.1036611e+01  -2.6994311e+01
  -4.1316977e+01  -6.2070254e+01  -4.3170258e+01   7.5815980e+01  -3.4896043e+01  -3.9540914e+01  -3.2081723e+01
  -4.2213484e+01  -6.4874565e+01  -4.2214283e+01   8.0561015e+01  -3.5301901e+01  -4.2026748e+01  -3.3890626e+01
  -3.9756990e+01  -5.9266029e+01  -3.8301104e+01   7.8251369e+01  -3.0742507e+01  -4.3912517e+01  -3.3185649e+01
  -3.9144015e+01  -6.0393385e+01  -3.7117857e+01   7.6616696e+01  -2.9882884e+01  -4.5453336e+01  -3.0650034e+01
  -3.6024887e+01  -5.6561699e+01  -3.0451708e+01   7.3303299e+01  -2.9754082e+01  -4.7021288e+01  -2.0143594e+01
  -3.4132505e+01  -5.1419184e+01  -2.4962027e+01   6.8023086e+01  -2.5769547e+01  -5.0199224e+01  -6.3357938e+00
  -3.0785647e+01  -5.0067525e+01  -2.3964862e+01   5.8626650e+01  -2.4279511e+01  -4.7669933e+01   9.9697885e-01
  -3.0629912e+01  -5.0343024e+01  -2.1326141e+01   5.7872155e+01  -2.0623872e+01  -5.1640962e+01   8.8245297e+00
  -2.9642343e+01  -4.9508973e+01  -1.9629495e+01   6.1305755e+01  -1.6914931e+01  -6.0316837e+01   1.8836631e+01
  -2.7084590e+01  -4.7476623e+01  -1.8756022e+01   5.4794870e+01  -1.5449162e+01  -5.8044910e+01   2.6691090e+01
  -2.7238131e+01  -4.6422700e+01  -1.5049249e+01   5.7819539e+01  -1.0892181e+01  -6.3713395e+01   3.7922209e+01
  -2.4849434e+01  -4.5917265e+01  -1.3740141e+01   5.1575953e+01  -1.0706177e+01  -5.8764169e+01   4.5296349e+01
  -2.3779253e+01  -4.3480135e+01  -1.5522046e+01   4.5894971e+01  -8.5513643e+00  -5.8599671e+01   4.9879165e+01
  -2.3510866e+01  -4.1698404e+01  -1.5536491e+01   4.2891067e+01  -4.2371504e+00  -5.7430310e+01   4.6799748e+01
  -2.5450449e+01  -4.0631206e+01  -1.6974811e+01   3.9769304e+01  -8.8126247e-01  -5.4993376e+01   4.8146241e+01
  -2.7382629e+01  -4.3586033e+01  -1.6053237e+01   4.4409466e+01  -1.0066418e+00  -5.3571547e+01   4.5629388e+01
  -2.7906205e+01  -4.6603361e+01  -1.6408290e+01   4.4829640e+01  -3.0873490e+00  -4.9343768e+01   4.3563501e+01
  -2.6552341e+01  -4.8987625e+01  -1.6179038e+01   4.6461757e+01  -1.1170881e+01  -4.6009255e+01   4.5914918e+01
  -2.4866785e+01  -4.8461212e+01  -1.8453828e+01   4.4436170e+01  -1.4142925e+01  -4.2431332e+01   4.0989765e+01
  -2.1269969e+01  -5.1214223e+01  -2.0380721e+01   4.5863646e+01  -2.2530109e+01  -4.0236467e+01   3.9161549e+01
  -2.0116270e+01  -5.0672509e+01  -2.2917108e+01   4.5570069e+01  -2.5342769e+01  -3.8515499e+01   3.4660834e+01
  -2.1677210e+01  -5.5933809e+01  -2.3266806e+01   5.0054303e+01  -2.8144505e+01  -3.6712187e+01   3.1028988e+01
  -2.3206616e+01  -5.6097055e+01  -2.5427112e+01   5.2679796e+01  -2.8309487e+01  -3.7027566e+01   2.5232851e+01
  -2.0822219e+01  -5.1595985e+01  -2.9626254e+01   4.8300731e+01  -3.1404358e+01  -3.6284654e+01   2.1657187e+01
  -2.8171957e+01  -5.6653417e+01  -2.6919558e+01   6.2300731e+01  -2.8288029e+01  -4.2666718e+01   1.6666929e+01
  -2.8717909e+01  -5.1780447e+01  -2.9958192e+01   5.7411965e+01  -2.6012250e+01  -4.0428518e+01   1.1492726e+01
  -2.8919762e+01  -4.8506104e+01  -3.2822396e+01   5.3246151e+01  -2.6135655e+01  -3.6917770e+01   6.4264458e+00
  -3.2699051e+01  -5.0466293e+01  -3.2977016e+01   6.0192442e+01  -2.2749172e+01  -3.9296322e+01  -8.5701171e-01
  -3.2786963e+01  -4.7020928e+01  -3.6845056e+01   5.8074338e+01  -2.0925846e+01  -3.8810556e+01  -8.9657433e+00
  -3.5083345e+01  -4.8833359e+01  -3.7364810e+01   6.4278978e+01  -1.8885981e+01  -4.0238217e+01  -1.7416513e+01
  -3.6108054e+01  -5.1474437e+01  -3.8538282e+01   6.7629483e+01  -2.1588014e+01  -3.8652137e+01  -2.4882202e+01
  -3.9627157e+01  -5.8575642e+01  -3.8126616e+01   7.9479281e+01  -2.8229245e+01  -4.2198530e+01  -2.9627875e+01
  -4.0018234e+01  -6.0152994e+01  -4.2670162e+01   7.3292927e+01  -2.7506526e+01  -3.4737724e+01  -4.1301067e+01
  -4.1206375e+01  -6.2417647e+01  -4.0640898e+01   7.9035083e+01  -3.2581241e+01  -3.6431361e+01  -4.2422933e+01
  -4.1042191e+01  -6.2424999e+01  -3.9536016e+01   8.6743346e+01  -3.5037297e+01  -4.3259151e+01  -4.1822060e+01
  -4.3406132e+01  -6.4038197e+01  -3.6163372e+01   1.0074335e+02  -3.0866752e+01  -5.5946150e+01  -3.9541613e+01
  -4.1956989e+01  -6.0452737e+01  -3.5670669e+01   9.4172725e+01  -2.8095233e+01  -5.5368100e+01  -3.1704729e+01
  -3.8470298e+01  -5.7942742e+01  -3.4389048e+01   8.0172731e+01  -2.8145452e+01  -4.8376396e+01  -2.4699170e+01
  -3.6450775e+01  -5.5108187e+01  -3.0169450e+01   7.0176594e+01  -2.8583945e+01  -4.4906199e+01  -1.6315285e+01
  -3.3151177e+01  -5.1011643e+01  -2.5193725e+01   6.3889880e+01  -2.8050949e+01  -4.7735271e+01  -4.7160593e+00
  -3.1630087e+01  -4.7678423e+01  -2.2591821e+01   5.5796651e+01  -2.2707452e+01  -4.8396189e+01  -1.8501974e-01
  -3.2639055e+01  -4.4763644e+01  -2.1375583e+01   5.9361415e+01  -1.5969364e+01  -6.0884398e+01   1.0427112e+01
  -2.9621120e+01  -4.6658815e+01  -1.8663002e+01   5.9255259e+01  -1.5452097e+01  -6.3955659e+01   1.8487451e+01
  -2.8093487e+01  -4.7896762e+01  -1.4274981e+01   5.8409225e+01  -1.3513488e+01  -6.2002408e+01   2.7268454e+01
  -2.3492615e+01  -4.6579038e+01  -1.3195797e+01   5.2946910e+01  -1.1339736e+01  -6.0667141e+01   3.8795091e+01
  -2.1465343e+01  -3.9196144e+01  -1.5501901e+01   4.1021023e+01  -1.1043919e+01  -5.8789378e+01   4.8361166e+01
  -2.1931514e+01  -4.1867221e+01  -1.2891034e+01   4.3242970e+01  -7.5321753e+00  -5.8564541e+01   4.7587154e+01
  -2.2892075e+01  -3.0704908e+01  -1.6736966e+01   2.9242970e+01   9.2008623e-01  -5.7236764e+01   4.7003773e+01
  -2.4097105e+01  -3.7140289e+01  -1.3106805e+01   3.1671335e+01  -6.3933929e+00  -5.2705365e+01   6.0286803e+01
  -2.4470566e+01  -4.1707273e+01  -1.1377584e+01   3.6405948e+01  -8.2868795e+00  -5.2813843e+01   6.2916088e+01
  -2.5679726e+01  -4.6845075e+01  -8.6933816e+00   3.9426847e+01  -1.0936449e+01  -4.9122899e+01   6.3346110e+01
  -2.7022128e+01  -4.9917400e+01  -8.2860125e+00   4.3605980e+01  -9.3013678e+00  -4.7494872e+01   5.9607454e+01
  -2.7416590e+01  -5.1445047e+01  -9.8867723e+00   4.5946005e+01  -1.3899020e+01  -4.6427303e+01   5.6667010e+01
  -2.7156244e+01  -4.9652187e+01  -1.3938291e+01   4.3131469e+01  -1.8899274e+01  -4.4484325e+01   5.4977810e+01
  -2.5478946e+01  -4.7089687e+01  -1.6614559e+01   4.8973869e+01  -1.4330544e+01  -5.2145477e+01   4.2864680e+01
  -2.4632672e+01  -4.6301691e+01  -1.9059573e+01   4.7670775e+01  -2.2987875e+01  -5.0275571e+01   4.6846950e+01
  -2.5531791e+01  -4.8068324e+01  -2.0827057e+01   5.0441100e+01  -1.7910104e+01  -4.9256951e+01   3.9203085e+01
  -2.3097963e+01  -5.0205723e+01  -2.2255815e+01   4.7372372e+01  -2.2815688e+01  -4.2361096e+01   3.6249257e+01
  -2.1774018e+01  -5.7063406e+01  -2.2511479e+01   4.7871801e+01  -3.0056948e+01  -3.5351832e+01   3.3342698e+01
  -2.2425088e+01  -4.7113325e+01  -2.6430755e+01   3.7206425e+01  -2.6803308e+01  -3.0896068e+01   2.9028287e+01
  -2.6101089e+01  -4.8409894e+01  -2.7940799e+01   5.0470686e+01  -2.6978024e+01  -4.2369000e+01   2.6277267e+01
  -2.9677036e+01  -5.4486359e+01  -2.8002714e+01   5.6559104e+01  -2.8349461e+01  -4.1410490e+01   2.1515161e+01
  -3.1254454e+01  -5.4723830e+01  -2.8248648e+01   6.0348423e+01  -2.6817898e+01  -4.3468440e+01   1.7658028e+01
  -3.1680700e+01  -5.9531985e+01  -2.9663784e+01   6.4930855e+01  -3.0351571e+01  -4.2323612e+01   1.2186502e+01
  -3.3117555e+01  -5.5295508e+01  -3.1925779e+01   6.0113506e+01  -2.7085486e+01  -3.9391860e+01   7.6143371e+00
  -3.4316203e+01  -5.2477411e+01  -3.2526466e+01   5.6792639e+01  -2.5683390e+01  -3.5709788e+01   3.7617937e+00
  -3.4949674e+01  -4.8635262e+01  -3.5955641e+01   5.4068212e+01  -2.3123802e+01  -3.5038146e+01  -2.0507718e+00
  -3.5632324e+01  -4.2595740e+01  -3.9068259e+01   5.4138598e+01  -1.9121385e+01  -3.8202186e+01  -7.9892787e+00
  -3.7221993e+01  -4.8605041e+01  -4.0805670e+01   5.5730685e+01  -2.2670109e+01  -3.2605130e+01  -1.6277079e+01
  -3.7062511e+01  -5.6814641e+01  -4.3220614e+01   5.5873922e+01  -3.1171015e+01  -2.6445819e+01  -2.3855448e+01
  -3.9173846e+01  -6.1200481e+01  -4.2281841e+01   6.1690198e+01  -3.5624396e+01  -2.6629913e+01  -2.7405775e+01
  -4.1233716e+01  -6.6726108e+01  -4.3520385e+01   6.5877938e+01  -3.9417539e+01  -2.5882231e+01  -3.4520396e+01
  -4.1608345e+01  -6.7499552e+01  -4.4897581e+01   6.7678108e+01  -4.0336418e+01  -2.6547609e+01  -4.0698650e+01
  -4.2537837e+01  -6.4660206e+01  -4.5345910e+01   6.4577037e+01  -3.7947754e+01  -2.3516684e+01  -4.3798005e+01
  -4.1182784e+01  -6.4930270e+01  -4.5521458e+01   6.5599258e+01  -4.1759212e+01  -2.5732491e+01  -3.9644803e+01
  -3.9667742e+01  -6.3863920e+01  -4.3867058e+01   6.7621172e+01  -3.7608947e+01  -2.9798348e+01  -3.7562563e+01
  -3.8280114e+01  -6.1321638e+01  -4.1220047e+01   6.9240296e+01  -3.4010183e+01  -3.5424440e+01  -3.1085171e+01
  -3.5599686e+01  -5.7571834e+01  -3.8391079e+01   7.3764986e+01  -3.3329188e+01  -4.6809905e+01  -1.8712171e+01
  -3.2824331e+01  -5.4153007e+01  -3.1598127e+01   6.7783733e+01  -3.2260509e+01  -4.5350517e+01  -6.7306450e+00
  -2.7745361e+01  -5.2385612e+01  -2.6488634e+01   6.1828483e+01  -3.1059023e+01  -4.6535282e+01   7.3806242e-01
  -2.8280827e+01  -4.9562502e+01  -2.2766882e+01   6.2620965e+01  -2.4573367e+01  -5.4712520e+01   8.2500166e+00
  -2.9438022e+01  -4.7120540e+01  -2.2604493e+01   5.7847606e+01  -1.6977119e+01  -5.6430894e+01   1.5256819e+01
  -3.0911236e+01  -4.3171287e+01  -2.0731455e+01   5.3747266e+01  -1.2879020e+01  -6.0584036e+01   2.5695479e+01
  -2.8731032e+01  -4.2451561e+01  -1.8144670e+01   5.1958114e+01  -1.1275348e+01  -6.3039924e+01   3.2501961e+01
  -2.5939413e+01  -4.1208278e+01  -1.4998620e+01   5.8210178e+01  -1.0706867e+01  -7.1976710e+01   4.4923073e+01
  -2.1573951e+01  -4.4302028e+01  -1.1528033e+01   4.4376912e+01  -1.6802784e+01  -5.7976711e+01   5.1853448e+01
  -2.1273563e+01  -4.3103653e+01  -1.0575051e+01   4.1231082e+01  -1.4318255e+01  -5.6008261e+01   5.3553687e+01
  -2.0994677e+01  -3.8584821e+01  -1.2193085e+01   3.6611573e+01  -1.1443725e+01  -5.7474701e+01   5.5400613e+01
  -2.2121597e+01  -3.6923590e+01  -1.3068672e+01   3.5136660e+01  -9.3351584e+00  -5.7748250e+01   5.4766694e+01
  -2.4273307e+01  -4.0757822e+01  -1.3048431e+01   3.9425363e+01  -5.0642854e+00  -5.5990702e+01   5.0442494e+01
  -2.6036565e+01  -4.1509336e+01  -1.6185958e+01   4.4127939e+01  -6.4880814e+00  -5.9049194e+01   4.9488667e+01
  -2.8154443e+01  -4.3665536e+01  -1.6651311e+01   4.6936601e+01  -6.3768302e+00  -5.6295369e+01   4.7773979e+01
  -2.8346433e+01  -4.6399197e+01  -1.6309577e+01   4.2054671e+01  -9.4035948e+00  -4.6649192e+01   4.5630090e+01
  -2.7172840e+01  -4.7931349e+01  -1.7199937e+01   4.7826438e+01  -1.5186983e+01  -4.8416376e+01   4.3880333e+01
  -2.7606218e+01  -4.5897798e+01  -2.0518083e+01   4.7482711e+01  -1.6503616e+01  -4.9224398e+01   3.9933105e+01
  -2.8036114e+01  -4.6691394e+01  -2.1245588e+01   5.1421858e+01  -1.7816703e+01  -5.0162760e+01   3.4756684e+01
  -2.9624208e+01  -4.6572398e+01  -2.2780960e+01   5.2246260e+01  -1.6846117e+01  -4.8732446e+01   2.9899747e+01
  -2.9433270e+01  -5.0387057e+01  -2.2215277e+01   5.6570554e+01  -1.9794497e+01  -4.7396163e+01   2.6593975e+01
  -3.0071511e+01  -5.0100304e+01  -2.3036231e+01   6.1350181e+01  -2.0716435e+01  -4.9841627e+01   2.3081428e+01
  -2.9000831e+01  -5.0135545e+01  -2.5643636e+01   6.0338290e+01  -2.3138686e+01  -4.7567077e+01   1.8720473e+01
  -2.7904821e+01  -4.7781917e+01  -2.7779184e+01   5.2594566e+01  -2.4882928e+01  -4.0191429e+01   1.5802950e+01
  -2.8347460e+01  -4.8139232e+01  -2.9103787e+01   4.9951925e+01  -2.5931756e+01  -3.5114312e+01   1.1771781e+01
  -2.8640180e+01  -5.1506350e+01  -3.0535681e+01   5.5712714e+01  -2.8735415e+01  -3.7162454e+01   7.6761974e+00
  -3.0412124e+01  -5.1556379e+01  -3.2498032e+01   5.5017258e+01  -2.7566798e+01  -3.4567694e+01   1.4531423e+00
  -3.2760476e+01  -5.5904868e+01  -3.2091528e+01   6.5661665e+01  -2.9132763e+01  -3.9870647e+01  -1.5819069e+00
  -3.2578507e+01  -5.5637507e+01  -3.5531541e+01   6.2030562e+01  -3.0398314e+01  -3.6467581e+01  -7.1020773e+00
  -3.4949143e+01  -6.0733190e+01  -3.6250793e+01   7.0681379e+01  -3.1979612e+01  -3.9114938e+01  -1.4205679e+01
  -3.6273630e+01  -5.9830987e+01  -3.7437369e+01   7.0351396e+01  -3.2640392e+01  -3.6693581e+01  -1.9844172e+01
  -3.7402166e+01  -5.9451061e+01  -3.9878210e+01   7.4682249e+01  -3.1504528e+01  -4.0601998e+01  -2.6645858e+01
  -3.8677418e+01  -5.9132123e+01  -4.0147463e+01   7.8223142e+01  -3.2605178e+01  -4.2231537e+01  -3.0143696e+01
  -3.9663728e+01  -6.5579996e+01  -4.2376849e+01   7.6841086e+01  -4.0912817e+01  -3.6458985e+01  -3.3001245e+01
  -3.7499690e+01  -6.2624253e+01  -3.8533468e+01   7.8602871e+01  -3.4216714e+01  -4.1902343e+01  -2.9412167e+01
  -3.4988134e+01  -5.2843802e+01  -3.3260092e+01   7.0776928e+01  -2.3243527e+01  -4.6220690e+01  -1.9286272e+01
  -3.3950965e+01  -4.9844481e+01  -3.0591968e+01   6.2030027e+01  -2.1345098e+01  -4.4776805e+01  -9.5226686e+00
  -2.8103961e+01  -4.9148595e+01  -2.5561458e+01   5.3721345e+01  -2.5233688e+01  -4.3327967e+01   7.9605200e-01
  -3.0327701e+01  -4.4442387e+01  -2.4272800e+01   4.8523268e+01  -1.6335292e+01  -4.8991959e+01   8.1522062e+00
  -3.1792056e+01  -4.7158414e+01  -1.9401726e+01   5.4163720e+01  -1.5297897e+01  -5.6090998e+01   1.9752715e+01
  -3.0066827e+01  -4.9593615e+01  -1.4716769e+01   6.2143345e+01  -1.5007648e+01  -6.4935762e+01   2.8580882e+01
  -2.8077520e+01  -4.2347177e+01  -1.4940179e+01   5.0424577e+01  -1.2660732e+01  -6.2596454e+01   4.1373875e+01
  -2.5606718e+01  -4.5865657e+01  -1.1994626e+01   5.3727125e+01  -1.2208276e+01  -6.4714238e+01   4.6780568e+01
  -2.3763135e+01  -4.1241584e+01  -1.2735111e+01   4.3579961e+01  -1.3193440e+01  -6.0103504e+01   5.2584824e+01
  -2.3463571e+01  -4.0000976e+01  -1.3793319e+01   3.9293244e+01  -9.2115676e+00  -5.8479911e+01   5.1216617e+01
  -2.2493656e+01  -3.5271294e+01  -1.6122361e+01   3.1681855e+01  -6.6014321e+00  -5.5280067e+01   5.1831959e+01
  -2.2239373e+01  -3.4738073e+01  -1.6190257e+01   2.9212964e+01  -3.1724094e+00  -5.2933638e+01   4.7386578e+01
  -2.4708148e+01  -3.6696387e+01  -1.6113805e+01   3.3111952e+01   1.7275338e+00  -5.3751228e+01   3.8490906e+01
  -2.6320628e+01  -3.8142809e+01  -1.6746026e+01   3.9926385e+01   1.9244397e+00  -5.8053324e+01   3.8813453e+01
  -2.8496792e+01  -4.3521135e+01  -1.6141439e+01   4.4281940e+01  -1.1080994e+01  -5.5266630e+01   5.2813453e+01
  -2.7463312e+01  -4.3467993e+01  -1.7026831e+01   4.0806160e+01  -2.3466040e+00  -4.9963623e+01   4.0544092e+01
  -2.5458498e+01  -4.3493067e+01  -1.8588246e+01   3.6929138e+01  -1.6346604e+01  -4.4449333e+01   5.4544091e+01
  -2.4823639e+01  -4.5565976e+01  -1.8592640e+01   4.3077619e+01  -1.6479398e+01  -4.6547185e+01   4.5515841e+01
  -2.5058085e+01  -4.7001684e+01  -2.0705572e+01   4.6799546e+01  -2.0896780e+01  -4.7602864e+01   4.4939228e+01
  -2.2635767e+01  -4.7479696e+01  -2.2906255e+01   4.4627997e+01  -2.2575603e+01  -4.3597293e+01   3.8451070e+01
  -2.0469417e+01  -5.8056392e+01  -2.2391470e+01   5.5115436e+01  -3.0708824e+01  -4.2182626e+01   3.2766136e+01
  -2.2895450e+01  -5.2036843e+01  -2.3896594e+01   4.6369402e+01  -2.7535593e+01  -3.6260776e+01   2.9037789e+01
  -2.4647682e+01  -4.7307641e+01  -2.6740765e+01   4.4326090e+01  -2.5939367e+01  -3.7273899e+01   2.7038097e+01
  -2.7865611e+01  -4.7623785e+01  -2.7965910e+01   5.3018551e+01  -2.3841056e+01  -4.4244783e+01   2.2564851e+01
  -2.9952132e+01  -4.5839254e+01  -2.8930385e+01   4.9521061e+01  -2.1538052e+01  -4.0324772e+01   1.8289895e+01
  -3.3421804e+01  -5.1677218e+01  -2.6437692e+01   6.3521061e+01  -2.1866779e+01  -4.6081453e+01   1.4370824e+01
  -3.5369072e+01  -5.1850502e+01  -2.9259011e+01   6.2470550e+01  -2.1007757e+01  -4.3200194e+01   8.1234962e+00
  -3.3436374e+01  -4.8540241e+01  -3.2571697e+01   5.4573377e+01  -2.3339425e+01  -3.6756551e+01   3.1351172e+00
  -3.4084502e+01  -4.4868845e+01  -3.6168126e+01   5.0323003e+01  -2.2023560e+01  -3.3797563e+01  -3.6204950e+00
  -3.5634219e+01  -4.5159499e+01  -3.9238543e+01   5.1417545e+01  -2.0916281e+01  -3.1885831e+01  -1.3327187e+01
  -3.6329562e+01  -5.3578015e+01  -4.1261911e+01   5.7550903e+01  -2.7538143e+01  -2.9177145e+01  -2.2962070e+01
  -3.8428531e+01  -5.8837177e+01  -4.1666880e+01   6.3078365e+01  -3.3039536e+01  -2.9007476e+01  -2.7660677e+01
  -4.0457735e+01  -6.0805180e+01  -4.0265895e+01   7.1714221e+01  -3.5887271e+01  -3.3490206e+01  -2.9436425e+01
  -4.1017946e+01  -6.5127211e+01  -4.2516926e+01   7.3287524e+01  -4.0977073e+01  -3.2452548e+01  -3.4389657e+01
  -3.9535749e+01  -6.3402588e+01  -4.1506116e+01   7.5141670e+01  -4.0615986e+01  -3.5459154e+01  -3.4197711e+01
  -4.0219345e+01  -6.0992237e+01  -4.0307514e+01   7.6425627e+01  -3.4710570e+01  -4.0331606e+01  -3.1036232e+01
  -4.0232383e+01  -5.9250407e+01  -3.8763515e+01   7.1903989e+01  -2.8434505e+01  -3.9815597e+01  -2.8469637e+01
  -3.7954406e+01  -5.5903092e+01  -3.6894510e+01   7.4149146e+01  -2.9226615e+01  -4.8667499e+01  -2.0973941e+01
  -3.4406198e+01  -5.5015372e+01  -3.1593562e+01   7.0609998e+01  -3.3671140e+01  -4.8904357e+01  -8.8861873e+00
  -3.2618456e+01  -4.9307892e+01  -2.7156139e+01   6.1312521e+01  -2.8456280e+01  -4.8134067e+01   6.1817626e-02
  -2.9947996e+01  -4.2212026e+01  -2.6082899e+01   4.8213566e+01  -2.4691578e+01  -4.7209409e+01   1.0309391e+01
  -3.2175496e+01  -3.8063778e+01  -2.5383890e+01   4.2722790e+01  -1.5634525e+01  -5.1892837e+01   1.9088456e+01
  -3.0591930e+01  -4.5055346e+01  -1.7994657e+01   5.4072748e+01  -1.4954796e+01  -6.0076225e+01   2.8632078e+01
  -2.7395086e+01  -4.7997667e+01  -1.3225942e+01   5.9673794e+01  -1.2571432e+01  -6.5872412e+01   4.1019655e+01
  -2.4428308e+01  -4.6939337e+01  -1.2088247e+01   5.5465843e+01  -1.2565324e+01  -6.4733433e+01   4.6313482e+01
  -2.1842396e+01  -4.1491940e+01  -1.2765337e+01   4.1465843e+01  -1.2996136e+01  -5.8187561e+01   5.0550144e+01
  -2.0092138e+01  -3.2185618e+01  -1.6299124e+01   2.7465843e+01  -7.5049943e+00  -5.7240736e+01   5.1246674e+01
  -2.0887057e+01  -2.7658421e+01  -1.7939141e+01   2.2199553e+01  -3.5911586e+00  -5.6813412e+01   4.8676653e+01
  -2.2745616e+01  -2.9894037e+01  -1.7802134e+01   2.2088383e+01  -5.3848943e-01  -5.2218469e+01   4.7262550e+01
  -2.4339581e+01  -3.3670812e+01  -1.7574771e+01   3.0489572e+01  -1.0056685e+01  -5.4517842e+01   5.9331769e+01
  -2.7457820e+01  -4.2250648e+01  -1.6794099e+01   4.0836310e+01  -1.6743460e+00  -5.4541871e+01   4.5331769e+01
  -2.7964003e+01  -4.5126957e+01  -1.5733130e+01   4.5217424e+01  -5.2729726e+00  -5.2502273e+01   4.1862855e+01
  -2.7855454e+01  -4.6577001e+01  -1.7526557e+01   5.0287063e+01  -1.1275605e+01  -5.4051338e+01   4.3932438e+01
  -2.4252738e+01  -4.6000859e+01  -1.8856742e+01   4.1836320e+01  -1.6410186e+01  -4.4289658e+01   4.1514919e+01
  -2.3756426e+01  -4.4042457e+01  -2.1288081e+01   3.6939762e+01  -1.9941092e+01  -4.0107225e+01   4.1157697e+01
  -2.6053776e+01  -4.5619068e+01  -2.2301776e+01   4.2050722e+01  -1.8992330e+01  -4.2331417e+01   3.6644054e+01
  -2.5981154e+01  -4.5528613e+01  -2.3135987e+01   4.5050993e+01  -2.0349721e+01  -4.4551029e+01   3.5044344e+01
  -2.7394249e+01  -4.5880184e+01  -2.3832102e+01   5.0971590e+01  -1.8844390e+01  -4.8849772e+01   3.1140850e+01
  -2.8873129e+01  -5.0180288e+01  -2.2955850e+01   5.2582142e+01  -2.3022086e+01  -4.4008239e+01   2.9262579e+01
  -2.8813733e+01  -4.8620860e+01  -2.5767585e+01   5.4758322e+01  -2.3600170e+01  -4.7104443e+01   2.6015255e+01
  -2.9453825e+01  -5.0593477e+01  -2.6264135e+01   5.5172550e+01  -2.4565025e+01  -4.3696104e+01   2.1943439e+01
  -2.9342984e+01  -5.2327354e+01  -2.7214118e+01   5.1685869e+01  -2.7239179e+01  -3.7332321e+01   1.9009241e+01
  -2.9298540e+01  -4.2879849e+01  -3.0885844e+01   3.9828295e+01  -2.2108065e+01  -3.2454682e+01   1.5791613e+01
  -3.0671359e+01  -3.8105754e+01  -3.2886605e+01   3.9177417e+01  -1.9326380e+01  -3.4495563e+01   1.2976604e+01
  -3.2151113e+01  -4.0056895e+01  -3.3594547e+01   4.2422918e+01  -1.9922699e+01  -3.4180726e+01   8.9360339e+00
  -3.2367575e+01  -4.0775530e+01  -3.4063359e+01   4.4108705e+01  -2.1245691e+01  -3.3281659e+01   5.5325081e+00
  -3.1720994e+01  -4.6818609e+01  -3.6015363e+01   4.6633151e+01  -2.6148085e+01  -2.9941940e+01  -6.7595231e-01
  -3.4186613e+01  -5.3894228e+01  -3.7212639e+01   5.5377828e+01  -2.9017525e+01  -3.2096719e+01  -6.5339137e+00
  -3.6081186e+01  -6.0148492e+01  -3.8497630e+01   6.3183820e+01  -3.2590505e+01  -3.3923717e+01  -1.1986743e+01
  -3.6400603e+01  -6.3787995e+01  -4.1555185e+01   6.8644567e+01  -3.7729115e+01  -3.6395854e+01  -1.7240809e+01
  -3.7193220e+01  -6.4341778e+01  -4.4088702e+01   7.2054386e+01  -3.9494573e+01  -3.8824027e+01  -2.2144049e+01
  -3.8193126e+01  -5.6307236e+01  -4.1716448e+01   7.0595829e+01  -3.4568352e+01  -3.8417500e+01  -2.4245346e+01
  -3.9294491e+01  -5.9478625e+01  -4.4178092e+01   7.2950141e+01  -3.7052301e+01  -3.8815283e+01  -2.9154326e+01
  -3.8768865e+01  -5.4685138e+01  -4.3462951e+01   7.3657809e+01  -3.2724184e+01  -4.1770659e+01  -2.9678444e+01
  -3.6914857e+01  -5.9649079e+01  -4.2792582e+01   7.0679381e+01  -3.6247467e+01  -3.8026202e+01  -2.5248124e+01
  -3.5095935e+01  -5.7740893e+01  -4.0117428e+01   7.1046452e+01  -3.1658591e+01  -4.3699868e+01  -2.2089655e+01
  -3.2231417e+01  -5.6947421e+01  -3.3150867e+01   6.8946239e+01  -3.4208133e+01  -4.5406581e+01  -1.1845350e+01
  -3.2613479e+01  -5.2765950e+01  -2.6855113e+01   6.3567716e+01  -2.9763527e+01  -4.6110348e+01  -5.4888850e+00
  -2.7793281e+01  -5.1079822e+01  -2.5663896e+01   5.7633035e+01  -3.0421213e+01  -4.5722563e+01   1.8826099e+00
  -2.9758541e+01  -4.6566818e+01  -2.3774240e+01   5.4471764e+01  -2.1138868e+01  -5.3353834e+01   1.2365750e+01
  -2.8773058e+01  -3.9870465e+01  -2.4012026e+01   4.1140884e+01  -1.5526733e+01  -5.4039520e+01   2.0406245e+01
  -2.9061760e+01  -4.2299388e+01  -1.8397319e+01   5.4983203e+01  -1.4049658e+01  -6.8039519e+01   2.7250158e+01
  -2.3930824e+01  -4.0638378e+01  -1.3196123e+01   4.6181881e+01  -1.6083440e+01  -6.4473717e+01   3.9604401e+01
  -2.3095131e+01  -3.8543508e+01  -1.2740459e+01   4.2227981e+01  -1.0773312e+01  -6.4259873e+01   4.5720530e+01
  -1.9096708e+01  -3.8501379e+01  -1.2006314e+01   3.8208941e+01  -1.2520241e+01  -6.1936878e+01   5.3430582e+01
  -1.7062304e+01  -3.7206093e+01  -1.3124083e+01   3.4544514e+01  -1.6142009e+01  -6.1629630e+01   6.0160546e+01
  -1.6992966e+01  -3.5689416e+01  -1.4339101e+01   3.2818255e+01  -1.5234512e+01  -6.1040361e+01   5.8311651e+01
  -2.0299237e+01  -3.5967847e+01  -1.5463939e+01   3.2811270e+01  -1.0430850e+01  -5.8794266e+01   5.6987822e+01
  -2.3285199e+01  -3.9702124e+01  -1.6623375e+01   3.8498609e+01  -8.2380690e+00  -5.8440283e+01   5.3332534e+01
  -2.4619270e+01  -4.2473298e+01  -1.7024816e+01   4.1140296e+01  -8.9367888e+00  -5.6461388e+01   5.0379964e+01
  -2.7258200e+01  -4.1003493e+01  -1.8519266e+01   4.0070984e+01  -9.0691793e+00  -5.3006929e+01   5.1124879e+01
  -2.6102239e+01  -4.2317085e+01  -1.9223115e+01   3.5370411e+01  -1.2232924e+01  -4.5086875e+01   4.7927820e+01
  -2.5909141e+01  -4.7297446e+01  -1.8821252e+01   4.2689746e+01  -1.5384288e+01  -4.5468649e+01   4.4385047e+01
  -2.5584696e+01  -5.0816188e+01  -1.8635934e+01   4.8223565e+01  -2.0431947e+01  -4.5355529e+01   4.2682008e+01
  -2.5448368e+01  -4.7755372e+01  -2.1600369e+01   4.5028669e+01  -2.1877132e+01  -4.3266445e+01   3.8472353e+01
  -2.3333456e+01  -4.5361193e+01  -2.4557052e+01   3.9232921e+01  -2.4321123e+01  -3.8239731e+01   3.4292586e+01
  -2.6122602e+01  -4.5170271e+01  -2.4920537e+01   4.4698134e+01  -2.2461702e+01  -4.1075601e+01   3.0145276e+01
  -2.8734448e+01  -4.9195250e+01  -2.5707556e+01   5.6544847e+01  -2.4960439e+01  -4.7217938e+01   2.7820568e+01
  -2.8410810e+01  -5.0761584e+01  -2.6529354e+01   5.3754265e+01  -2.6863003e+01  -4.1368803e+01   2.1989276e+01
  -3.0287387e+01  -4.7724657e+01  -2.7574858e+01   5.4509618e+01  -2.4156190e+01  -4.2739811e+01   1.8817612e+01
  -3.1273946e+01  -4.6680746e+01  -2.8895217e+01   5.4827283e+01  -2.4105858e+01  -4.1914866e+01   1.4729322e+01
  -3.2225976e+01  -4.3546249e+01  -3.2362785e+01   5.3078396e+01  -2.2293410e+01  -4.1424516e+01   8.9447328e+00
  -3.3393961e+01  -4.5118207e+01  -3.3298501e+01   5.7141968e+01  -2.3111312e+01  -4.1627382e+01   3.5382098e+00
  -3.3327957e+01  -4.7514790e+01  -3.6201152e+01   5.5920354e+01  -2.5761490e+01  -3.7591363e+01  -2.9794633e+00
  -3.5384969e+01  -5.1173612e+01  -3.8675970e+01   5.6870418e+01  -2.6047335e+01  -3.4505009e+01  -1.0326341e+01
  -3.6984544e+01  -6.1827449e+01  -4.0858583e+01   6.1677432e+01  -3.6229484e+01  -2.9486690e+01  -1.8056522e+01
  -3.8567379e+01  -6.7849944e+01  -4.3970532e+01   6.4845297e+01  -3.9695242e+01  -2.7999566e+01  -2.6922282e+01
  -4.0680394e+01  -7.0257442e+01  -4.3865553e+01   6.9243947e+01  -4.3109424e+01  -2.8303736e+01  -3.1850303e+01
  -3.8567628e+01  -6.4468799e+01  -4.5595898e+01   6.6219857e+01  -4.2293338e+01  -2.7236562e+01  -3.7770454e+01
  -3.9687768e+01  -6.4610729e+01  -4.7205598e+01   6.9562784e+01  -4.6885066e+01  -2.8085491e+01  -4.2364345e+01
  -4.1891667e+01  -6.8665817e+01  -4.8829376e+01   7.2332195e+01  -4.6322179e+01  -2.9279914e+01  -4.6155509e+01
  -4.0789245e+01  -6.3769967e+01  -4.4762202e+01   7.7334571e+01  -4.1477027e+01  -3.6322987e+01  -4.1991859e+01
  -3.9296156e+01  -6.0496980e+01  -4.0715124e+01   7.6519065e+01  -3.6813072e+01  -3.8355484e+01  -3.5736262e+01
  -3.7932602e+01  -6.1186032e+01  -4.1221850e+01   7.1908822e+01  -3.7389832e+01  -3.7403677e+01  -2.9170719e+01
  -3.6221928e+01  -5.5937783e+01  -3.7073080e+01   7.3853157e+01  -3.0111674e+01  -4.5308232e+01  -2.4399211e+01
  -3.4377793e+01  -5.3646473e+01  -3.0190920e+01   7.0607416e+01  -2.8862321e+01  -4.6398409e+01  -1.1509834e+01
  -2.9889572e+01  -5.3158235e+01  -2.5474218e+01   6.2372443e+01  -2.7817376e+01  -4.5022765e+01  -1.9520475e+00
  -2.7575705e+01  -4.7730977e+01  -2.2687373e+01   5.6034611e+01  -2.3949877e+01  -4.9198041e+01   8.5213249e+00
  -2.9467121e+01  -4.6096639e+01  -1.9966170e+01   5.9044651e+01  -1.5223305e+01  -5.9693211e+01   1.6107494e+01
  -2.7283812e+01  -4.4473247e+01  -1.8083752e+01   5.2526515e+01  -1.3566091e+01  -5.9242874e+01   2.8517471e+01
  -2.6386641e+01  -4.2709843e+01  -1.5281389e+01   5.2506980e+01  -1.0201433e+01  -6.3609163e+01   3.9579565e+01
  -2.4274430e+01  -4.4522885e+01  -1.2461133e+01   5.4156131e+01  -1.2222827e+01  -6.6293685e+01   4.6223317e+01
  -2.2968645e+01  -4.3043128e+01  -1.2120339e+01   4.7859719e+01  -1.3009309e+01  -6.1618827e+01   5.0482267e+01
  -2.2117358e+01  -4.1497847e+01  -1.3298297e+01   4.1979970e+01  -1.1424952e+01  -5.9619693e+01   5.3763516e+01
  -2.2355308e+01  -3.9393759e+01  -1.4687266e+01   3.5218206e+01  -1.1610155e+01  -5.4859389e+01   5.7236955e+01
  -2.3293699e+01  -3.6088689e+01  -1.5942338e+01   3.1607476e+01  -7.7831672e+00  -5.4197466e+01   5.7013097e+01
  -2.4552907e+01  -3.8852762e+01  -1.5332051e+01   3.0914804e+01  -6.7124525e+00  -4.9198120e+01   5.5743566e+01
  -2.6078013e+01  -4.2018596e+01  -1.4955057e+01   3.7760485e+01  -4.1624954e+00  -5.2137764e+01   5.1660776e+01
  -2.7393717e+01  -4.3118245e+01  -1.6490806e+01   4.1666600e+01  -4.5067471e+00  -5.2092199e+01   4.8307018e+01
  -2.7155777e+01  -4.6218652e+01  -1.6747664e+01   4.5967616e+01  -8.2572318e+00  -5.1293674e+01   4.7035628e+01
  -2.5470944e+01  -4.5439627e+01  -1.7845487e+01   4.5068483e+01  -1.2579022e+01  -4.9038688e+01   4.4917693e+01
  -2.5830495e+01  -4.6120831e+01  -1.9585976e+01   4.5112523e+01  -1.5437941e+01  -4.7122660e+01   4.2731967e+01
  -2.5099003e+01  -4.7954773e+01  -2.0503126e+01   4.8304261e+01  -2.0364871e+01  -4.6890754e+01   4.0183719e+01
  -2.3558493e+01  -5.1568994e+01  -2.1384110e+01   5.1123091e+01  -2.3837555e+01  -4.4717370e+01   3.4978787e+01
  -2.2610157e+01  -5.2853009e+01  -2.3033739e+01   4.7271698e+01  -2.8742125e+01  -3.7313434e+01   3.1904294e+01
  -2.0870679e+01  -4.5217823e+01  -2.7615077e+01   3.4853007e+01  -2.6860777e+01  -2.9277131e+01   2.6085651e+01
  -2.3320131e+01  -4.8052344e+01  -2.8397856e+01   4.3516330e+01  -2.8393699e+01  -3.4209112e+01   2.3112395e+01
  -2.9834042e+01  -5.3545648e+01  -2.8472290e+01   5.7516327e+01  -2.4979888e+01  -4.1715532e+01   1.8057078e+01
  -3.1874644e+01  -5.5343524e+01  -2.7267259e+01   6.0751739e+01  -2.5229939e+01  -4.0829939e+01   1.3247610e+01
  -3.2857181e+01  -5.5032152e+01  -2.9840359e+01   5.9428343e+01  -2.6775689e+01  -3.8378610e+01   8.8740663e+00
  -3.2337940e+01  -5.3454875e+01  -3.2727351e+01   5.3711773e+01  -2.7335439e+01  -3.1767405e+01   2.4021238e+00
  -3.4603426e+01  -5.3205383e+01  -3.4108520e+01   5.6749711e+01  -2.5473863e+01  -3.2955171e+01  -4.6457273e+00
  -3.8416670e+01  -5.2247991e+01  -3.5342309e+01   6.0348127e+01  -2.1176875e+01  -3.4265204e+01  -1.2875706e+01
  -3.7310536e+01  -5.0557718e+01  -3.7835625e+01   5.5224131e+01  -2.2114007e+01  -2.7699230e+01  -2.0347418e+01
  -3.9116599e+01  -5.5550706e+01  -3.8677603e+01   6.0419072e+01  -2.5589540e+01  -2.7050054e+01  -2.6537223e+01
  -3.9544225e+01  -6.1224451e+01  -4.1059068e+01   5.8511017e+01  -3.4623590e+01  -1.9795469e+01  -3.1560923e+01
  -4.1658044e+01  -5.8408516e+01  -4.1221405e+01   6.4210013e+01  -2.9381842e+01  -2.4151361e+01  -4.1434875e+01
  -3.9688043e+01  -5.6400473e+01  -4.2304868e+01   6.5974422e+01  -3.4103698e+01  -2.5799466e+01  -4.4392638e+01
  -3.9487425e+01  -5.8826745e+01  -4.5038235e+01   6.3133475e+01  -3.7233208e+01  -2.2373173e+01  -4.6011252e+01
  -3.8344482e+01  -5.5649965e+01  -4.2184127e+01   6.3704985e+01  -3.5384798e+01  -2.5024036e+01  -4.0365843e+01
  -3.8881913e+01  -5.4971663e+01  -4.0716971e+01   6.4852771e+01  -3.0323712e+01  -2.9517858e+01  -3.4969541e+01
  -3.6663023e+01  -5.6388223e+01  -3.8726685e+01   6.4999363e+01  -3.1558432e+01  -3.3309558e+01  -2.8974019e+01
  -3.4929893e+01  -5.5040800e+01  -3.5138827e+01   6.5466961e+01  -3.2614082e+01  -4.0625137e+01  -1.8799087e+01
  -3.3179589e+01  -5.1364924e+01  -3.0347873e+01   5.5929502e+01  -3.1161432e+01  -3.7575415e+01  -1.3939558e+01
  -3.0080854e+01  -4.7796091e+01  -2.6015700e+01   5.8214220e+01  -2.9493847e+01  -4.9222864e+01  -4.6732684e+00
  -2.6969277e+01  -4.0954616e+01  -2.4311882e+01   4.4214220e+01  -2.3835123e+01  -4.8191290e+01   4.5753134e+00
  -2.7100325e+01  -4.3145256e+01  -2.1201195e+01   5.0183598e+01  -1.9845573e+01  -5.7513975e+01   1.3139592e+01
  -2.9658532e+01  -4.0383099e+01  -1.8248443e+01   5.9146886e+01  -1.4480454e+01  -7.1513975e+01   2.7139592e+01
  -2.6854264e+01  -3.8817369e+01  -1.6000708e+01   5.4475495e+01  -1.3808251e+01  -7.1129132e+01   3.7458006e+01
  -2.3544168e+01  -3.9664637e+01  -1.3262615e+01   5.3518685e+01  -1.4651511e+01  -7.1037039e+01   4.7675170e+01
  -2.0588336e+01  -4.0335250e+01  -1.1378460e+01   4.2994872e+01  -1.5441927e+01  -5.9696442e+01   5.2741807e+01
  -2.0005991e+01  -3.7245441e+01  -1.3031480e+01   3.7357981e+01  -1.3994967e+01  -5.8766845e+01   5.4064788e+01
  -1.9488439e+01  -3.5335198e+01  -1.3770954e+01   3.2484262e+01  -1.5090931e+01  -5.5616515e+01   5.8532822e+01
  -1.9193343e+01  -3.4969875e+01  -1.4284113e+01   3.0826957e+01  -1.3616246e+01  -5.3819346e+01   5.9272466e+01
  -2.1414860e+01  -3.7347158e+01  -1.4099093e+01   3.3116407e+01  -9.8905273e+00  -5.3645287e+01   6.0149698e+01
  -2.1956809e+01  -3.7437566e+01  -1.5636352e+01   3.4353179e+01  -9.8140873e+00  -5.4321679e+01   6.0437212e+01
  -2.4445138e+01  -3.9407084e+01  -1.7867118e+01   4.1672098e+01  -4.6155357e+00  -5.8674795e+01   5.3516573e+01
  -2.6075603e+01  -3.9747648e+01  -1.9144354e+01   3.9323403e+01  -4.6782548e+00  -5.3104229e+01   5.0424942e+01
  -2.6068091e+01  -4.2960894e+01  -1.8964372e+01   4.0687819e+01  -7.7113130e+00  -4.9517000e+01   4.8408473e+01
  -2.6113851e+01  -4.4790601e+01  -1.9307572e+01   3.9999249e+01  -1.0190357e+01  -4.4087865e+01   4.5254705e+01
  -2.5174954e+01  -4.6133749e+01  -1.9256535e+01   4.2509396e+01  -1.5890069e+01  -4.2749264e+01   4.3895434e+01
  -2.5684881e+01  -4.5533563e+01  -2.0967470e+01   4.6506168e+01  -1.8027582e+01  -4.6154430e+01   4.0886724e+01
  -2.6640360e+01  -4.8145401e+01  -2.2043593e+01   5.3502269e+01  -1.8169449e+01  -4.8262020e+01   3.5107444e+01
  -2.8732592e+01  -4.7442744e+01  -2.2751383e+01   5.5007544e+01  -1.8360175e+01  -4.7976676e+01   3.1025703e+01
  -2.8130106e+01  -5.3072245e+01  -2.2789780e+01   6.1404859e+01  -2.2598942e+01  -4.7594910e+01   2.6726454e+01
  -2.9289007e+01  -5.4494543e+01  -2.4809128e+01   6.3448903e+01  -2.3816228e+01  -4.7836631e+01   2.1431115e+01
  -3.0068990e+01  -5.3295738e+01  -2.6551873e+01   5.5773677e+01  -2.3613117e+01  -3.8994555e+01   1.5799822e+01
  -2.8907223e+01  -4.6755859e+01  -2.9763315e+01   4.7189445e+01  -2.2714782e+01  -3.3995094e+01   1.0179741e+01
  -2.9628301e+01  -4.3148918e+01  -3.1893008e+01   4.7726388e+01  -2.1541716e+01  -3.5159123e+01   4.8864711e+00
  -3.1192458e+01  -4.4645248e+01  -3.3449997e+01   5.1999316e+01  -2.1709511e+01  -3.5598944e+01  -2.2434079e+00
  -3.2928376e+01  -4.8478403e+01  -3.4907121e+01   5.5225506e+01  -2.3726040e+01  -3.3744088e+01  -9.4607599e+00
  -3.4534617e+01  -5.9648094e+01  -3.5827499e+01   6.5395068e+01  -3.1683211e+01  -3.3474993e+01  -1.6890805e+01
  -3.6083241e+01  -6.3519316e+01  -4.0136976e+01   6.5882367e+01  -3.5349492e+01  -2.9994836e+01  -2.6208054e+01
  -3.6836820e+01  -6.4264569e+01  -4.2214561e+01   6.4215304e+01  -3.8027494e+01  -2.6914475e+01  -2.9655285e+01
  -3.7852771e+01  -6.0758261e+01  -4.2567932e+01   7.1220219e+01  -3.6418174e+01  -3.3344018e+01  -3.5140381e+01
  -3.6985806e+01  -5.7102998e+01  -4.2315079e+01   7.3893217e+01  -3.4176620e+01  -3.8005022e+01  -3.5326201e+01
  -3.6081482e+01  -5.8620853e+01  -4.0651893e+01   7.2755959e+01  -3.6265462e+01  -3.7095358e+01  -2.8979713e+01
  -3.4266464e+01  -6.1119056e+01  -3.6950785e+01   7.2935490e+01  -3.5300644e+01  -3.9513138e+01  -2.3520721e+01
  -3.2835075e+01  -5.7519526e+01  -3.2913840e+01   7.3023675e+01  -3.2880183e+01  -4.6144836e+01  -1.6872561e+01
  -3.0414169e+01  -5.4105967e+01  -2.7968255e+01   6.3280603e+01  -3.2415677e+01  -4.2890147e+01  -2.8725613e+00
  -2.8240832e+01  -5.2333235e+01  -2.4406887e+01   6.2753125e+01  -2.9909413e+01  -4.8766173e+01   6.9746332e+00
  -2.9075987e+01  -4.4950019e+01  -2.2937082e+01   5.0991245e+01  -2.0256573e+01  -4.8163363e+01   1.5238400e+01
  -2.8238438e+01  -4.3847380e+01  -2.1251288e+01   4.9995776e+01  -1.6309087e+01  -5.2540643e+01   2.3709829e+01
  -2.5273346e+01  -4.6230850e+01  -1.8739804e+01   5.1211608e+01  -1.7426450e+01  -5.4738149e+01   3.4612870e+01
  -2.6516164e+01  -4.6158091e+01  -1.6677442e+01   5.1641831e+01  -1.4107477e+01  -5.8028734e+01   4.4703634e+01
  -2.5821615e+01  -4.5313288e+01  -1.5349820e+01   5.0336607e+01  -1.2198567e+01  -5.9301298e+01   4.8623730e+01
  -2.3636545e+01  -4.4880512e+01  -1.3756254e+01   4.7786270e+01  -1.2969188e+01  -5.9280259e+01   5.3124008e+01
  -2.3351952e+01  -3.9170227e+01  -1.4154376e+01   3.9391227e+01  -1.1419814e+01  -5.7593324e+01   5.7092296e+01
  -2.3357087e+01  -3.3622860e+01  -1.5807586e+01   2.8461914e+01  -1.0110061e+01  -5.3634201e+01   6.3068159e+01
  -2.4389260e+01  -3.8422318e+01  -1.3985592e+01   3.4957470e+01  -9.2251404e+00  -5.3349249e+01   6.0859384e+01
  -2.7145468e+01  -4.4541616e+01  -1.3925134e+01   4.3105823e+01  -9.2393466e+00  -5.4505856e+01   5.7789053e+01
  -2.8200354e+01  -4.4653834e+01  -1.5310882e+01   4.6110612e+01  -1.1075031e+01  -5.3950089e+01   5.4531005e+01
  -2.6108741e+01  -4.3621621e+01  -1.7233773e+01   3.9001625e+01  -1.3300026e+01  -4.5949631e+01   5.0668231e+01
  -2.5314839e+01  -4.4588696e+01  -1.8528382e+01   4.3717241e+01  -1.6140228e+01  -4.7582332e+01   4.6419730e+01
  -2.5362853e+01  -4.7515907e+01  -1.9799614e+01   4.6923694e+01  -1.8990354e+01  -4.6488234e+01   4.1657951e+01
  -2.2551646e+01  -5.0716215e+01  -2.0866716e+01   4.4539418e+01  -2.4095481e+01  -3.9266234e+01   3.7429495e+01
  -2.4256803e+01  -5.1562115e+01  -2.2107288e+01   4.2986128e+01  -2.5282412e+01  -3.5513548e+01   3.6525414e+01
  -2.3534527e+01  -4.6367879e+01  -2.4312765e+01   4.0456583e+01  -2.3936050e+01  -3.7398857e+01   3.3425966e+01
  -2.8378917e+01  -4.7743774e+01  -2.4765649e+01   5.3099057e+01  -2.1501985e+01  -4.7273944e+01   3.1292180e+01
  -3.0302561e+01  -4.8406405e+01  -2.5065491e+01   5.1669150e+01  -2.1455499e+01  -4.4362000e+01   2.9506786e+01
  -2.9976067e+01  -5.2463795e+01  -2.3986515e+01   5.7287317e+01  -2.4533062e+01  -4.6108316e+01   2.8573663e+01
  -3.0710547e+01  -5.3508074e+01  -2.3824969e+01   6.1547926e+01  -2.6463831e+01  -4.8636907e+01   2.7184892e+01
  -3.0309063e+01  -5.0286129e+01  -2.6140485e+01   5.0419509e+01  -2.8303411e+01  -3.9199826e+01   2.4938932e+01
  -3.0601191e+01  -4.7478123e+01  -2.7698974e+01   5.0195202e+01  -2.6622388e+01  -4.0563512e+01   2.3219744e+01
  -3.3423580e+01  -4.2991389e+01  -2.9635405e+01   4.2301604e+01  -2.3428504e+01  -3.5001249e+01   2.1251958e+01
  -3.2838978e+01  -4.0772554e+01  -3.3916513e+01   4.2332428e+01  -2.2401632e+01  -3.5659412e+01   1.2753127e+01
  -3.2853409e+01  -4.2197949e+01  -3.5961521e+01   4.3193690e+01  -2.4543681e+01  -3.4661030e+01   8.4144227e+00
  -3.6014505e+01  -4.5047750e+01  -3.5220634e+01   5.0592436e+01  -2.2787488e+01  -3.7520314e+01   4.8420867e+00
  -3.4199071e+01  -4.8417901e+01  -3.6963358e+01   4.8899442e+01  -2.8507822e+01  -3.1939941e+01   5.9496397e-01
  -3.6621870e+01  -5.8511589e+01  -3.8710964e+01   5.7761040e+01  -3.3930026e+01  -3.2688404e+01  -5.9749416e+00
  -3.8599204e+01  -6.2753965e+01  -3.8306840e+01   6.3850712e+01  -3.6135175e+01  -3.3070691e+01  -1.1044924e+01
  -4.0213471e+01  -6.4097350e+01  -3.9286779e+01   6.5297571e+01  -3.6738746e+01  -3.1226593e+01  -1.6775540e+01
  -4.0901396e+01  -7.1312643e+01  -4.4305309e+01   6.5486291e+01  -4.2577365e+01  -2.8314023e+01  -2.4222081e+01
  -3.8648467e+01  -6.0913491e+01  -4.3879202e+01   6.0738230e+01  -3.7628386e+01  -2.7730801e+01  -2.6214179e+01
  -3.9268510e+01  -6.4295220e+01  -4.4241323e+01   6.5721460e+01  -3.7784369e+01  -3.0973449e+01  -2.9441456e+01
  -3.8810044e+01  -5.9744090e+01  -4.1164143e+01   6.8340911e+01  -3.3146985e+01  -3.7022841e+01  -2.9701274e+01
  -3.6583920e+01  -5.8976681e+01  -3.7365394e+01   7.2938041e+01  -3.4308451e+01  -4.5533951e+01  -2.5490513e+01
  -3.4167124e+01  -5.5388913e+01  -3.2032024e+01   6.7860771e+01  -3.3910260e+01  -4.4849400e+01  -1.9563934e+01
  -3.2143466e+01  -5.3430892e+01  -2.6492271e+01   6.1877270e+01  -3.2698959e+01  -4.3344199e+01  -1.2050173e+01
  -2.8800503e+01  -4.8465496e+01  -2.6747417e+01   5.1505167e+01  -2.7711998e+01  -4.3314352e+01  -6.1402962e+00
  -2.9260450e+01  -4.3237302e+01  -2.4396930e+01   4.7986836e+01  -1.9625013e+01  -4.8682257e+01   3.9466778e+00
  -3.0242819e+01  -3.9765935e+01  -2.4151142e+01   4.8081368e+01  -1.4065407e+01  -5.6166347e+01   1.4377257e+01
  -2.8413244e+01  -4.5354683e+01  -1.8549982e+01   5.8220136e+01  -1.3144313e+01  -6.3305322e+01   2.3401123e+01
  -2.6405268e+01  -4.6383701e+01  -1.5594733e+01   5.5694991e+01  -1.0783064e+01  -6.2249939e+01   3.2536494e+01
  -2.3194026e+01  -4.4850268e+01  -1.3770721e+01   4.9856283e+01  -9.7287740e+00  -5.8340134e+01   3.9677065e+01
  -2.1932974e+01  -4.5470448e+01  -1.3167625e+01   5.0297507e+01  -9.1573763e+00  -5.8550595e+01   4.6357315e+01
  -2.2227623e+01  -4.4537072e+01  -1.4072100e+01   5.0249824e+01  -7.1882660e+00  -6.0295827e+01   5.0041979e+01
  -2.2513802e+01  -4.0574329e+01  -1.4738823e+01   4.1079884e+01  -5.3326531e+00  -5.6357112e+01   5.4012244e+01
  -2.1482735e+01  -3.8058786e+01  -1.5375930e+01   3.8235442e+01  -6.9020566e+00  -5.6264447e+01   5.5559734e+01
  -2.2966613e+01  -3.6361354e+01  -1.6796921e+01   3.4071236e+01  -5.3074344e+00  -5.4547551e+01   5.6659323e+01
  -2.4615910e+01  -4.1698771e+01  -1.5680950e+01   3.8739623e+01  -3.7230635e+00  -5.2044271e+01   5.1970069e+01
  -2.5282075e+01  -4.4608300e+01  -1.5633185e+01   3.9610545e+01  -7.2663414e+00  -4.8070117e+01   5.0505224e+01
  -2.8653563e+01  -4.2528365e+01  -1.8862346e+01   4.1642506e+01  -3.9498660e+00  -5.1676760e+01   4.7023851e+01
  -2.8663396e+01  -4.7629152e+01  -1.7012517e+01   5.0601308e+01  -5.1693611e+00  -5.2995082e+01   4.2702523e+01
  -2.7332483e+01  -4.7866922e+01  -1.7239155e+01   5.5246072e+01  -8.1473480e+00  -5.5038287e+01   4.0870900e+01
  -2.5830675e+01  -4.8167338e+01  -1.8565125e+01   5.0744943e+01  -1.1579742e+01  -4.8388056e+01   3.8656137e+01
  -2.4886630e+01  -4.6387416e+01  -2.0729950e+01   4.3051665e+01  -1.4454116e+01  -4.2402031e+01   3.8596213e+01
  -2.4631088e+01  -4.5946404e+01  -2.1399266e+01   4.5648977e+01  -1.5654988e+01  -4.5445772e+01   3.8098729e+01
  -2.7879054e+01  -4.4213162e+01  -2.2246938e+01   4.8379040e+01  -1.3100863e+01  -4.8697392e+01   3.6225089e+01
  -2.6767357e+01  -4.4985458e+01  -2.4061316e+01   4.3624852e+01  -1.6177876e+01  -4.3121333e+01   3.4325700e+01
  -2.7393792e+01  -4.5430023e+01  -2.4015668e+01   4.7257585e+01  -1.3817296e+01  -4.5589003e+01   3.1519805e+01
  -2.8181246e+01  -4.3859463e+01  -2.4606852e+01   4.9565752e+01  -1.3353441e+01  -4.8122556e+01   3.1581788e+01
  -2.6569347e+01  -4.2308010e+01  -2.5842491e+01   4.5624459e+01  -1.5119470e+01  -4.4961538e+01   2.9109150e+01
  -2.6263577e+01  -4.1966380e+01  -2.6081530e+01   4.3452906e+01  -1.5624826e+01  -4.2350342e+01   2.7121881e+01
  -2.6575196e+01  -3.9555537e+01  -2.8024870e+01   4.0679325e+01  -1.3270796e+01  -4.1271313e+01   2.3927697e+01
  -2.5542741e+01  -4.3466051e+01  -2.7877674e+01   4.2421811e+01  -1.7052262e+01  -3.7975374e+01   2.1353155e+01
  -2.6035760e+01  -4.3131981e+01  -2.9457127e+01   4.3549611e+01  -1.6620630e+01  -3.8886382e+01   1.9491860e+01
  -2.6821373e+01  -4.7556028e+01  -2.9131055e+01   5.2199117e+01  -1.9417429e+01  -4.2815110e+01   1.7242923e+01
  -2.7939891e+01  -4.9015044e+01  -3.0279603e+01   5.0859599e+01  -1.9679658e+01  -3.9343238e+01   1.3412504e+01
  -2.7736529e+01  -5.0169387e+01  -3.0556155e+01   5.2832139e+01  -2.1072660e+01  -3.8262442e+01   1.0507760e+01
  -2.9976117e+01  -4.9630971e+01  -3.1803445e+01   5.7149838e+01  -2.0074201e+01  -4.0927485e+01   7.6054392e+00
  -3.1166972e+01  -5.2586494e+01  -3.2683380e+01   5.9854017e+01  -2.3116739e+01  -3.8989860e+01   3.4602943e+00
  -3.3696933e+01  -5.4428990e+01  -3.1993276e+01   7.0536472e+01  -2.2726665e+01  -4.5254735e+01  -6.2795863e-01
  -3.3219229e+01  -5.6375619e+01  -3.5018169e+01   7.1166252e+01  -2.6311172e+01  -4.3863599e+01  -6.8968580e+00
  -3.5154579e+01  -5.7771710e+01  -3.4987159e+01   7.8315613e+01  -2.7506814e+01  -4.6745847e+01  -1.3845669e+01
  -3.6747147e+01  -6.0006746e+01  -3.6689991e+01   7.9057359e+01  -3.0335605e+01  -4.4084446e+01  -1.8850452e+01
  -3.6395881e+01  -5.8053020e+01  -3.6544747e+01   7.3388219e+01  -2.9320923e+01  -3.9407543e+01  -2.0296808e+01
  -3.4356325e+01  -5.8082305e+01  -3.3843051e+01   7.2278537e+01  -2.6730506e+01  -4.1802125e+01  -2.1608049e+01
  -3.2511358e+01  -6.0276954e+01  -3.2317971e+01   6.9406070e+01  -2.8818867e+01  -4.1687972e+01  -2.0824352e+01
  -3.0374313e+01  -5.9175535e+01  -2.5902860e+01   6.9736140e+01  -2.9518587e+01  -4.6595436e+01  -1.3579837e+01
  -2.8804007e+01  -5.3903424e+01  -2.3423870e+01   6.0753179e+01  -2.5563216e+01  -4.7054631e+01  -4.5825504e+00
  -2.5911081e+01  -4.7021415e+01  -2.3001465e+01   4.6753179e+01  -2.2087537e+01  -4.4293302e+01   3.2906147e+00
  -2.5854363e+01  -4.7499686e+01  -2.0789890e+01   5.2127680e+01  -2.0268884e+01  -5.4373745e+01   1.3400767e+01
  -2.4695241e+01  -5.0644610e+01  -1.6154527e+01   5.1396564e+01  -2.1153597e+01  -5.2848309e+01   2.2801932e+01
  -2.5120361e+01  -4.4717948e+01  -1.6220028e+01   4.5475187e+01  -1.4516570e+01  -5.3817821e+01   2.9675701e+01
  -2.5090438e+01  -4.1523313e+01  -1.5353474e+01   3.8595901e+01  -1.1911119e+01  -5.2290492e+01   4.3675701e+01
  -2.4736652e+01  -3.8427343e+01  -1.5840159e+01   3.2349535e+01  -1.1046903e+01  -5.0430858e+01   5.4756062e+01
  -2.4710691e+01  -4.2427897e+01  -1.3177918e+01   3.4455265e+01  -1.1439613e+01  -4.8511460e+01   5.8743828e+01
  -2.7552716e+01  -4.8065329e+01  -1.0148195e+01   4.2502784e+01  -6.5336669e+00  -4.8785720e+01   5.7857052e+01
  -2.6997175e+01  -4.7262530e+01  -1.0287218e+01   4.0446075e+01  -8.4032523e+00  -4.7863413e+01   5.9611453e+01
  -2.7256896e+01  -5.0587735e+01  -1.0569059e+01   4.6220763e+01  -1.1671188e+01  -4.9008433e+01   5.8181947e+01
  -2.8118412e+01  -4.8499274e+01  -1.3103603e+01   4.5779063e+01  -1.1064728e+01  -4.9345435e+01   5.4352586e+01
  -2.6513943e+01  -4.9330867e+01  -1.4759502e+01   5.0444916e+01  -1.4898521e+01  -5.2338461e+01   5.2190691e+01
  -2.6314008e+01  -4.7315595e+01  -1.6660110e+01   5.1037151e+01  -1.6601614e+01  -5.3013299e+01   5.0162670e+01
  -2.4306127e+01  -4.4303826e+01  -2.0432275e+01   4.3488237e+01  -1.7980543e+01  -4.8048399e+01   4.6792082e+01
  -2.5307907e+01  -4.7908516e+01  -2.0863121e+01   5.2824536e+01  -2.0228059e+01  -5.1802631e+01   4.3581013e+01
  -2.6096898e+01  -4.8549127e+01  -2.1172261e+01   5.5172200e+01  -1.7009901e+01  -5.0806214e+01   3.6965012e+01
  -2.3342908e+01  -5.9334887e+01  -2.0596917e+01   5.7912750e+01  -2.6782131e+01  -4.2361440e+01   3.5159683e+01
  -2.3265468e+01  -5.2738038e+01  -2.3825945e+01   4.4884502e+01  -2.7087357e+01  -3.3184008e+01   2.9637268e+01
  -2.2616477e+01  -5.2612152e+01  -2.7902605e+01   4.5570761e+01  -2.9833586e+01  -3.3575159e+01   2.3906256e+01
  -2.8278825e+01  -5.4171674e+01  -2.7589238e+01   5.7128071e+01  -2.6582676e+01  -4.1510540e+01   1.9541232e+01
  -3.1778559e+01  -5.5339934e+01  -2.7402859e+01   6.5550718e+01  -2.5986769e+01  -4.6783683e+01   1.6334528e+01
  -3.2165256e+01  -5.7853388e+01  -2.7713480e+01   6.6877810e+01  -2.8204949e+01  -4.4402771e+01   1.2299880e+01
  -3.4086417e+01  -5.5973633e+01  -2.9830821e+01   6.9630489e+01  -2.5909142e+01  -4.6554919e+01   6.3755134e+00
  -3.4335254e+01  -5.4279994e+01  -3.2499914e+01   6.5175283e+01  -2.5886293e+01  -4.1774440e+01   4.1583067e-01
  -3.4516789e+01  -5.0787431e+01  -3.6357418e+01   5.9539620e+01  -2.4411815e+01  -3.8169723e+01  -5.7945596e+00
  -3.3899189e+01  -4.5892251e+01  -3.8902817e+01   5.3125312e+01  -2.1703881e+01  -3.3604898e+01  -1.1830071e+01
  -3.4828023e+01  -4.6265271e+01  -4.1221990e+01   5.2982356e+01  -2.2496803e+01  -3.0821690e+01  -1.9042471e+01
  -3.6419317e+01  -5.6925013e+01  -4.2549861e+01   6.0474691e+01  -2.8428506e+01  -2.9659013e+01  -2.7028494e+01
  -3.9808669e+01  -6.0706999e+01  -4.0482713e+01   7.0010675e+01  -3.0403959e+01  -3.3101773e+01  -3.1186053e+01
  -4.1389803e+01  -6.5916225e+01  -4.2856271e+01   7.2833697e+01  -3.4955208e+01  -3.1558976e+01  -3.9389968e+01
  -4.2381591e+01  -7.1964496e+01  -4.7352558e+01   7.2327270e+01  -4.5742561e+01  -2.7915365e+01  -4.4852385e+01
  -4.1742602e+01  -6.8470174e+01  -4.7597404e+01   7.1178336e+01  -4.2976746e+01  -2.8190235e+01  -4.5627301e+01
  -4.0035202e+01  -6.7354153e+01  -4.7453496e+01   6.8714501e+01  -4.5164238e+01  -2.7018324e+01  -4.4514435e+01
  -4.1020548e+01  -6.6867370e+01  -4.5753830e+01   7.2364478e+01  -4.1248675e+01  -3.1754742e+01  -4.1841958e+01
  -4.0125079e+01  -5.9696025e+01  -4.1037560e+01   7.7602874e+01  -3.2646856e+01  -4.2191839e+01  -3.4637209e+01
  -3.9637667e+01  -5.8963494e+01  -3.9651579e+01   7.2573236e+01  -3.1778769e+01  -4.1098092e+01  -2.9275379e+01
  -3.5630788e+01  -5.8302058e+01  -3.7658270e+01   6.9968265e+01  -3.3299344e+01  -4.4078915e+01  -1.9977315e+01
  -3.2854716e+01  -5.5351027e+01  -3.0448835e+01   6.8967604e+01  -3.1824726e+01  -4.7462510e+01  -5.9773155e+00
  -2.8103536e+01  -5.4254369e+01  -2.5925353e+01   6.3080915e+01  -3.1144520e+01  -4.7320989e+01   4.4867478e+00
  -2.7461840e+01  -4.9141371e+01  -2.2788439e+01   5.9074103e+01  -2.2666925e+01  -5.2308098e+01   1.2903833e+01
  -3.0114740e+01  -4.2416073e+01  -2.2351193e+01   5.2232914e+01  -1.2482061e+01  -5.7602584e+01   2.0946750e+01
  -2.8780005e+01  -4.1462166e+01  -2.0652136e+01   4.8849203e+01  -9.2519274e+00  -6.0723372e+01   2.7151404e+01
  -2.5038091e+01  -4.0667754e+01  -1.5329281e+01   4.8423403e+01  -1.2775265e+01  -6.1793879e+01   4.1151404e+01
  -2.3674671e+01  -4.3925344e+01  -1.1949540e+01   4.9143895e+01  -1.6519793e+01  -6.2426734e+01   5.0519934e+01
  -2.1563190e+01  -4.1937701e+01  -1.1549003e+01   4.2179659e+01  -1.7450821e+01  -5.8571489e+01   5.2491363e+01
  -2.1804444e+01  -3.7322121e+01  -1.3340628e+01   3.3935872e+01  -1.3158930e+01  -5.7006660e+01   5.4915330e+01
  -1.9081661e+01  -3.1059026e+01  -1.5284756e+01   2.5718697e+01  -1.5732704e+01  -5.7301871e+01   6.1260156e+01
  -2.1028639e+01  -2.8412640e+01  -1.7733414e+01   2.3661662e+01  -9.5383241e+00  -5.9609651e+01   6.1982373e+01
  -2.1126020e+01  -3.5528129e+01  -1.3377469e+01   3.0108732e+01  -1.2916807e+01  -5.5808239e+01   6.2775773e+01
  -2.3756970e+01  -3.6088437e+01  -1.4229487e+01   3.1291011e+01  -1.0883190e+01  -5.3967952e+01   6.1813761e+01
  -2.6246525e+01  -4.0074284e+01  -1.5135350e+01   3.5678771e+01  -1.0723104e+01  -5.2430070e+01   5.6506465e+01
  -2.8684206e+01  -4.5677684e+01  -1.4490513e+01   4.0258897e+01  -9.3105254e+00  -4.7135013e+01   5.2241596e+01
  -2.5082619e+01  -4.5806902e+01  -1.6791064e+01   4.3654905e+01  -1.7402057e+01  -4.8848520e+01   5.0512602e+01
  -2.5156311e+01  -4.6335141e+01  -1.8032052e+01   4.6522615e+01  -1.7641318e+01  -4.9135082e+01   4.5688655e+01
  -2.5687886e+01  -5.0614032e+01  -1.8610105e+01   5.1681543e+01  -2.1118171e+01  -4.8257960e+01   4.0784890e+01
  -2.4979146e+01  -5.4910797e+01  -1.8763758e+01   5.3547461e+01  -2.6126112e+01  -4.4977966e+01   3.8916178e+01
  -2.4365208e+01  -5.2067008e+01  -2.2259292e+01   4.6188459e+01  -2.3794890e+01  -3.8554019e+01   3.2200666e+01
  -2.8610279e+01  -4.6332364e+01  -2.4959728e+01   4.8036944e+01  -2.1017915e+01  -4.3260228e+01   2.9266908e+01
  -2.9277187e+01  -5.2273244e+01  -2.6414503e+01   6.0749867e+01  -2.5141175e+01  -4.9181580e+01   2.3454771e+01
  -2.7966924e+01  -5.6567575e+01  -2.6758393e+01   5.9642851e+01  -2.9580097e+01  -4.2371817e+01   1.8851832e+01
  -2.9368685e+01  -5.3439319e+01  -2.7439224e+01   5.9599868e+01  -2.8296969e+01  -4.2305876e+01   1.5626370e+01
  -3.0811466e+01  -5.3968179e+01  -2.7743738e+01   5.9627288e+01  -2.8169984e+01  -3.9912888e+01   1.2448157e+01
  -3.3027683e+01  -5.4695769e+01  -2.9513865e+01   5.9139983e+01  -2.7346892e+01  -3.6997229e+01   7.3807990e+00
  -3.3533389e+01  -5.3745886e+01  -3.2287351e+01   6.0898278e+01  -2.6901659e+01  -3.8349464e+01   5.6787499e-01
  -3.4542585e+01  -5.5729919e+01  -3.4227161e+01   6.2460987e+01  -2.8409957e+01  -3.7607360e+01  -4.0374112e+00
  -3.5869991e+01  -5.8575101e+01  -3.6686869e+01   6.3925458e+01  -2.9367538e+01  -3.5943513e+01  -1.1039970e+01
  -3.6258603e+01  -6.2369646e+01  -3.9623997e+01   6.8138364e+01  -3.3393361e+01  -3.6338599e+01  -1.6861338e+01
  -3.7909142e+01  -6.5873637e+01  -4.2404100e+01   6.9295372e+01  -3.6934160e+01  -3.3930631e+01  -2.4274296e+01
  -3.8846116e+01  -6.0781168e+01  -4.1915227e+01   7.1343995e+01  -3.2129561e+01  -3.7061379e+01  -2.8457958e+01
  -3.9490903e+01  -6.1073489e+01  -4.2445221e+01   7.1620796e+01  -3.4454795e+01  -3.5789836e+01  -3.0611631e+01
  -3.8840116e+01  -6.3291347e+01  -4.2288275e+01   7.4824217e+01  -3.7562746e+01  -3.7958888e+01  -3.0268039e+01
  -3.8683881e+01  -6.1163603e+01  -4.1563130e+01   7.4955274e+01  -3.3630100e+01  -4.0486412e+01  -2.7964347e+01
  -3.6717938e+01  -5.8561960e+01  -4.0040582e+01   7.4721969e+01  -3.1074546e+01  -4.4785326e+01  -2.4041208e+01
  -3.3487701e+01  -5.2130005e+01  -3.5604496e+01   6.3570994e+01  -2.7461601e+01  -4.2048191e+01  -1.6618928e+01
  -3.2845314e+01  -5.4707624e+01  -3.0175759e+01   6.6721160e+01  -2.8707079e+01  -4.6484904e+01  -8.8777240e+00
  -2.9152991e+01  -4.9758955e+01  -2.6349007e+01   5.8298465e+01  -2.8360506e+01  -4.5878072e+01   2.8390700e+00
  -2.6450105e+01  -4.4130831e+01  -2.6089485e+01   4.8367507e+01  -2.4073310e+01  -4.6097683e+01   9.8395478e+00
  -3.1199610e+01  -4.4130099e+01  -2.4483185e+01   5.5676950e+01  -1.3734818e+01  -5.8124050e+01   1.7897039e+01
  -3.0922227e+01  -4.0452875e+01  -2.3262386e+01   4.2850288e+01  -9.1557103e+00  -5.2639104e+01   2.7967275e+01
  -2.8374647e+01  -4.1259070e+01  -1.7161706e+01   5.0297809e+01  -1.0962554e+01  -6.2650638e+01   4.1967275e+01
  -2.4319250e+01  -4.4428607e+01  -1.1068723e+01   5.2292018e+01  -1.3873027e+01  -6.4008808e+01   4.9872629e+01
  -2.0464545e+01  -3.8540486e+01  -1.3585715e+01   4.1993670e+01  -1.2165888e+01  -6.3057373e+01   5.3838044e+01
  -1.7843130e+01  -3.2867542e+01  -1.5621082e+01   2.7993670e+01  -1.2086989e+01  -5.8973301e+01   5.8543643e+01
  -1.8557109e+01  -2.8460246e+01  -1.7607070e+01   2.3469479e+01  -9.0967851e+00  -5.8660183e+01   6.1308979e+01
  -2.0283591e+01  -2.9081018e+01  -1.8028507e+01   2.4491705e+01  -7.1639782e+00  -5.6291410e+01   6.0920160e+01
  -2.4330438e+01  -3.7726695e+01  -1.4979874e+01   3.8491705e+01  -5.8513454e+00  -5.8090824e+01   5.7924821e+01
  -2.7797457e+01  -4.0517182e+01  -1.6039595e+01   4.2555511e+01  -4.3411744e+00  -5.7710149e+01   5.2129637e+01
  -2.9101788e+01  -4.1371568e+01  -1.7346594e+01   4.1341804e+01  -4.2224842e+00  -5.2366524e+01   4.9058743e+01
  -2.8065503e+01  -4.6811233e+01  -1.7229391e+01   4.7714462e+01  -8.1191546e+00  -5.2554976e+01   4.4261963e+01
  -2.5942189e+01  -4.6871565e+01  -1.8469089e+01   4.3733456e+01  -1.3951340e+01  -4.6040935e+01   4.2028616e+01
  -2.5741425e+01  -5.0527074e+01  -1.9098731e+01   4.8045097e+01  -1.8641431e+01  -4.5731009e+01   4.0583145e+01
  -2.4911917e+01  -5.0774305e+01  -2.0416124e+01   4.9738312e+01  -2.0866360e+01  -4.5500150e+01   3.6724237e+01
  -2.4545803e+01  -4.8969389e+01  -2.1817236e+01   4.7721833e+01  -2.2036448e+01  -4.3471216e+01   3.4037789e+01
  -2.6835138e+01  -4.5645369e+01  -2.4445434e+01   4.9443313e+01  -2.0299375e+01  -4.7252009e+01   3.1028463e+01
  -2.9267294e+01  -4.8018595e+01  -2.3817294e+01   5.3800120e+01  -1.8706128e+01  -4.6788129e+01   2.5045713e+01
  -2.9823924e+01  -5.3961648e+01  -2.2958743e+01   6.2389515e+01  -2.1982967e+01  -4.8955774e+01   2.1139290e+01
  -3.0824522e+01  -5.4467254e+01  -2.3240555e+01   6.8614475e+01  -2.2179696e+01  -5.2199086e+01   1.7785192e+01
  -3.1638149e+01  -4.6832748e+01  -2.6968688e+01   5.7736572e+01  -1.9970668e+01  -4.6439329e+01   1.4407482e+01
  -2.9769469e+01  -4.2310978e+01  -3.0750937e+01   4.9196995e+01  -2.0762631e+01  -4.0444334e+01   9.6666535e+00
  -3.0139236e+01  -4.0991449e+01  -3.3393168e+01   4.9410220e+01  -1.9954112e+01  -3.9751408e+01   3.9567592e+00
  -3.1456916e+01  -4.3744211e+01  -3.4557300e+01   5.3213723e+01  -2.1817789e+01  -3.8513621e+01  -1.6562850e+00
  -3.3918750e+01  -4.6425053e+01  -3.6113751e+01   5.7694740e+01  -2.0386673e+01  -3.9134017e+01  -8.7934938e+00
  -3.5069732e+01  -5.2634268e+01  -3.6737220e+01   6.6666870e+01  -2.5150600e+01  -4.1293784e+01  -1.5082638e+01
  -3.5781586e+01  -5.7724279e+01  -3.8348429e+01   7.0581798e+01  -3.0624054e+01  -3.9474690e+01  -2.0568339e+01
  -3.7931144e+01  -6.3181145e+01  -4.0126492e+01   7.4972100e+01  -3.4306996e+01  -3.9009571e+01  -2.6322116e+01
  -3.7376263e+01  -6.1348351e+01  -4.1625728e+01   7.3776723e+01  -3.6449302e+01  -3.7822826e+01  -2.9244292e+01
  -3.8372809e+01  -6.2763869e+01  -4.3659249e+01   7.3063893e+01  -4.0830368e+01  -3.4472011e+01  -3.4338181e+01
  -3.9747074e+01  -6.6298621e+01  -4.3727433e+01   7.7414200e+01  -4.2587003e+01  -3.5309072e+01  -3.8900920e+01
  -3.8580671e+01  -5.8810211e+01  -4.0057869e+01   7.4898713e+01  -3.5683059e+01  -3.7247856e+01  -3.4055938e+01
  -3.7521250e+01  -5.8478671e+01  -3.7379412e+01   7.6490479e+01  -3.0076017e+01  -4.2622336e+01  -3.2235451e+01
  -3.5520103e+01  -5.3999146e+01  -3.4961534e+01   7.2212666e+01  -2.7097438e+01  -4.6444730e+01  -2.6606508e+01
  -3.4258755e+01  -5.1324126e+01  -3.0260733e+01   6.4872847e+01  -2.5875627e+01  -4.3821032e+01  -1.7911436e+01
  -3.0853049e+01  -4.9905486e+01  -2.4774142e+01   5.9790559e+01  -2.4813098e+01  -4.4788211e+01  -6.0195226e+00
  -3.1094105e+01  -3.8753823e+01  -2.6119729e+01   4.5899789e+01  -1.4738609e+01  -4.7922120e+01   2.5165778e+00
  -3.0939852e+01  -4.5306559e+01  -2.1073653e+01   5.7078205e+01  -1.2131053e+01  -5.8947390e+01   1.4223016e+01
  -2.9411586e+01  -4.7975229e+01  -1.7776943e+01   5.5507824e+01  -1.3639277e+01  -5.9071826e+01   2.7022071e+01
  -2.5789822e+01  -4.5228394e+01  -1.5277794e+01   4.9535067e+01  -1.3052900e+01  -5.9682278e+01   3.6615491e+01
  -2.5575501e+01  -4.3914116e+01  -1.3087040e+01   4.8459435e+01  -1.2162938e+01  -6.1671814e+01   4.4721897e+01
  -2.3609541e+01  -3.6464752e+01  -1.5050507e+01   3.6226291e+01  -9.3701540e+00  -5.9306666e+01   5.0859974e+01
  -2.2987575e+01  -3.1330909e+01  -1.7023418e+01   2.8231719e+01  -1.5532097e+00  -5.7236093e+01   4.6306539e+01
  -2.2396533e+01  -3.3233777e+01  -1.6386932e+01   3.0571303e+01  -2.6019350e+00  -5.6958724e+01   4.8856086e+01
  -2.4983362e+01  -4.2788949e+01  -1.2906995e+01   4.1492419e+01  -1.7952624e-01  -5.5177960e+01   3.9004789e+01
  -2.6466651e+01  -4.3531397e+01  -1.5126398e+01   4.3390462e+01  -1.4179500e+01  -5.5290125e+01   5.3004789e+01
  -2.7444029e+01  -4.8324422e+01  -1.4159505e+01   4.5485845e+01  -1.1482379e+01  -4.9604453e+01   5.0853965e+01
  -2.4625603e+01  -4.9560654e+01  -1.5812418e+01   4.6115065e+01  -1.7840444e+01  -4.7623484e+01   4.9775453e+01
  -2.4261459e+01  -4.9463453e+01  -1.7119448e+01   4.7600848e+01  -1.8626797e+01  -4.7005156e+01   4.4130483e+01
  -2.3709327e+01  -4.9674539e+01  -1.8718099e+01   5.0467667e+01  -1.7989865e+01  -4.8366989e+01   3.8847559e+01
  -2.3875413e+01  -4.8465631e+01  -2.0815722e+01   5.0339077e+01  -2.0934626e+01  -4.8022708e+01   3.6852367e+01
  -2.4023760e+01  -5.3712918e+01  -2.0386223e+01   4.9540687e+01  -2.3108085e+01  -4.0642891e+01   3.2755939e+01
  -2.3452986e+01  -5.2870199e+01  -2.2444225e+01   4.9695388e+01  -2.6588409e+01  -3.9904942e+01   2.8723212e+01
  -2.3981075e+01  -4.9274198e+01  -2.5478422e+01   5.0303563e+01  -2.5020561e+01  -4.2383985e+01   2.6120353e+01
  -2.8281922e+01  -4.7673567e+01  -2.7440514e+01   5.2610812e+01  -2.0146621e+01  -4.4543279e+01   2.1797207e+01
  -2.9941332e+01  -5.3661773e+01  -2.6326417e+01   5.9444720e+01  -2.3154738e+01  -4.4641502e+01   1.9012553e+01
  -3.1751646e+01  -5.1571272e+01  -2.7444039e+01   6.3205945e+01  -2.1816402e+01  -4.8128632e+01   1.5804389e+01
  -3.1795017e+01  -4.6227433e+01  -3.0425843e+01   5.2367541e+01  -1.9806297e+01  -4.0542054e+01   1.2114527e+01
  -3.3325139e+01  -4.7585603e+01  -3.0421373e+01   5.5104497e+01  -1.8906123e+01  -3.9622894e+01   6.4874369e+00
  -3.2700725e+01  -4.5977626e+01  -3.3054436e+01   5.4035655e+01  -2.0281203e+01  -3.7663967e+01   9.7206175e-01
  -3.4201382e+01  -4.8871183e+01  -3.4079228e+01   5.8899511e+01  -2.1445741e+01  -3.9010485e+01  -3.5672349e+00
  -3.4653813e+01  -5.0203682e+01  -3.6298188e+01   6.1193167e+01  -2.1508258e+01  -3.9820004e+01  -9.5812092e+00
  -3.8384010e+01  -5.5346623e+01  -3.6229459e+01   7.0175055e+01  -2.4319486e+01  -4.1562705e+01  -1.5559797e+01
  -3.7694099e+01  -6.1729166e+01  -3.7970874e+01   7.5387461e+01  -3.2651938e+01  -4.0917255e+01  -1.9581894e+01
  -3.7853777e+01  -6.1128162e+01  -4.0474560e+01   7.5843623e+01  -3.3035697e+01  -4.0716367e+01  -2.5567014e+01
  -3.8222784e+01  -6.1128776e+01  -4.0965345e+01   7.7657214e+01  -3.6572905e+01  -4.0581792e+01  -2.8240770e+01
  -3.8499396e+01  -6.1720141e+01  -4.3202408e+01   7.5955689e+01  -3.7053027e+01  -3.8124010e+01  -3.3857491e+01
  -3.9709153e+01  -6.1444282e+01  -4.2153329e+01   7.9438452e+01  -3.5621285e+01  -4.0045345e+01  -3.6354218e+01
  -3.9272498e+01  -5.8618045e+01  -3.9746464e+01   8.0494905e+01  -3.3831476e+01  -4.3273939e+01  -3.0824283e+01
  -3.7364302e+01  -5.8349612e+01  -3.9367116e+01   7.4140027e+01  -3.1506619e+01  -4.1111064e+01  -2.5619191e+01
  -3.3875625e+01  -5.4698517e+01  -3.5904955e+01   7.1099612e+01  -2.6885166e+01  -4.5562516e+01  -1.8962929e+01
  -3.3012330e+01  -4.9725292e+01  -3.1063692e+01   6.3324262e+01  -2.4187420e+01  -4.5392893e+01  -6.2124390e+00
  -2.9343544e+01  -4.8550770e+01  -2.7848927e+01   5.6169301e+01  -2.5335170e+01  -4.4744610e+01   3.4052652e+00
  -2.8651595e+01  -4.0604527e+01  -2.6730327e+01   4.6076857e+01  -1.9202167e+01  -4.7399069e+01   1.2042869e+01
  -3.3005665e+01  -3.9858583e+01  -2.4949035e+01   5.2733136e+01  -9.9193815e+00  -6.1399069e+01   1.9730651e+01
  -2.9943481e+01  -3.9992110e+01  -2.1666301e+01   4.4945480e+01  -1.1058271e+01  -5.8651435e+01   2.9440164e+01
  -2.7991514e+01  -4.4101244e+01  -1.3992987e+01   5.4650920e+01  -1.2914540e+01  -6.5648559e+01   4.2462452e+01
  -2.5932140e+01  -3.9343007e+01  -1.3438432e+01   4.5489972e+01  -1.2113593e+01  -6.5121762e+01   4.9243006e+01
  -2.1681221e+01  -3.2721601e+01  -1.6914588e+01   3.2153529e+01  -1.3919855e+01  -6.3025200e+01   5.7256459e+01
  -2.0267729e+01  -3.0637376e+01  -1.7688034e+01   2.6622684e+01  -1.2091171e+01  -6.0921222e+01   5.9744329e+01
  -2.1162902e+01  -2.7870585e+01  -1.9077877e+01   2.4458753e+01  -9.0316183e+00  -5.8995078e+01   6.0458974e+01
  -2.3701386e+01  -3.4197989e+01  -1.6896645e+01   3.2446373e+01  -9.5296593e+00  -5.7700055e+01   5.9509132e+01
  -2.5403686e+01  -3.4824793e+01  -1.7965868e+01   2.7230597e+01  -7.0692913e+00  -5.0221101e+01   5.5942056e+01
  -2.7247440e+01  -4.0280600e+01  -1.7042507e+01   3.5472737e+01  -6.8721111e+00  -5.2367452e+01   5.2235816e+01
  -2.9526794e+01  -4.1350750e+01  -1.8004803e+01   4.1422151e+01  -6.0929922e+00  -5.2710450e+01   4.8548775e+01
  -2.7349647e+01  -3.9814641e+01  -2.0773488e+01   3.6568098e+01  -1.1395023e+01  -4.8169176e+01   4.5062363e+01
  -2.5717671e+01  -4.5837187e+01  -1.8332426e+01   4.4050893e+01  -1.7405472e+01  -4.7390952e+01   4.1557027e+01
  -2.5735866e+01  -4.4034903e+01  -2.1040264e+01   4.5515165e+01  -1.9626307e+01  -4.9493018e+01   4.0367082e+01
  -2.5103790e+01  -4.9416537e+01  -2.1193865e+01   4.8237005e+01  -2.2889592e+01  -4.5543788e+01   3.6164736e+01
  -2.3136833e+01  -4.7699807e+01  -2.4253244e+01   4.0785331e+01  -2.4930307e+01  -3.8291315e+01   3.2544173e+01
  -2.3414246e+01  -5.0353193e+01  -2.4396096e+01   4.1317098e+01  -2.9269442e+01  -3.3827622e+01   2.8287750e+01
  -2.4524034e+01  -4.7553281e+01  -2.7063450e+01   4.3541831e+01  -2.8289943e+01  -3.7289141e+01   2.6809770e+01
  -2.8326975e+01  -4.9096299e+01  -2.7526826e+01   5.3092495e+01  -2.3133273e+01  -4.3892744e+01   2.1185041e+01
  -3.1811486e+01  -4.8291153e+01  -2.7639740e+01   5.5897234e+01  -2.0766262e+01  -4.5468768e+01   1.8507269e+01
  -3.3406655e+01  -4.9387777e+01  -2.7262468e+01   6.4020175e+01  -2.0441257e+01  -5.0371400e+01   1.5801634e+01
  -3.4359133e+01  -4.6065534e+01  -3.0811214e+01   5.6707624e+01  -1.8963533e+01  -4.4563791e+01   1.1355755e+01
  -3.3349343e+01  -4.5288124e+01  -3.3611449e+01   5.0382216e+01  -2.0325337e+01  -3.7840060e+01   6.9986850e+00
  -3.2286718e+01  -4.1280815e+01  -3.5778268e+01   4.6773998e+01  -2.0129640e+01  -3.5426157e+01   2.8553556e+00
  -3.2438913e+01  -3.8329577e+01  -3.8897525e+01   4.3068570e+01  -1.9474573e+01  -3.2839186e+01  -1.9662185e+00
  -3.2891418e+01  -4.0444395e+01  -4.1331061e+01   4.2072247e+01  -2.0235755e+01  -2.8559264e+01  -9.5487675e+00
  -3.5176049e+01  -4.5620034e+01  -4.1352591e+01   4.8433617e+01  -2.3217847e+01  -2.8136046e+01  -1.5863849e+01
  -3.5254860e+01  -5.0634184e+01  -4.2784853e+01   5.0091510e+01  -2.7878858e+01  -2.4903764e+01  -2.2213155e+01
  -3.8835247e+01  -5.8136908e+01  -4.2441924e+01   6.0928965e+01  -3.1474014e+01  -2.8717944e+01  -2.8230571e+01
  -4.1111648e+01  -5.9431824e+01  -4.0496782e+01   6.8159214e+01  -3.2715340e+01  -3.1803109e+01  -3.1087450e+01
  -4.0479226e+01  -6.0726952e+01  -4.1649430e+01   7.1938521e+01  -3.5850410e+01  -3.3895682e+01  -3.5527572e+01
  -4.2200086e+01  -6.2606053e+01  -4.3860785e+01   7.2912262e+01  -3.7580235e+01  -3.3096208e+01  -3.9900736e+01
  -4.2712184e+01  -6.3942374e+01  -4.4873519e+01   7.3243745e+01  -3.7345190e+01  -3.3007730e+01  -4.1253956e+01
  -4.1596233e+01  -6.1749176e+01  -4.3670817e+01   7.1598994e+01  -3.6047438e+01  -3.3337402e+01  -3.7707607e+01
  -4.0578815e+01  -6.3038953e+01  -4.3616408e+01   6.8286302e+01  -3.6629681e+01  -3.2949560e+01  -3.1337687e+01
  -3.7571996e+01  -5.9560366e+01  -4.0517969e+01   7.0879493e+01  -3.2940866e+01  -4.0892492e+01  -2.3974131e+01
  -3.5864692e+01  -5.4729774e+01  -3.3996187e+01   6.5603301e+01  -2.7945440e+01  -4.2155491e+01  -1.0733398e+01
  -3.3371163e+01  -4.9067117e+01  -3.0481719e+01   5.9267652e+01  -2.2792406e+01  -4.4557539e+01  -2.2042591e+00
  -3.0894155e+01  -4.7132840e+01  -2.7252335e+01   5.7044042e+01  -1.9286438e+01  -4.8904888e+01   5.6464838e+00
  -2.8021433e+01  -4.7454523e+01  -2.3883232e+01   5.4251057e+01  -1.7915659e+01  -4.8989355e+01   1.4636086e+01
  -2.8303722e+01  -3.9106396e+01  -2.4767800e+01   4.0251057e+01  -1.1299248e+01  -4.7742502e+01   2.6982770e+01
  -2.8543978e+01  -3.8351271e+01  -2.1715587e+01   4.6979922e+01  -8.0934303e+00  -6.0715435e+01   3.5561412e+01
  -2.5430987e+01  -4.1371294e+01  -1.5610523e+01   4.7884389e+01  -1.2723637e+01  -6.1528548e+01   4.6613470e+01
  -2.2577020e+01  -3.9933666e+01  -1.3189992e+01   4.1703436e+01  -1.5447687e+01  -5.9372893e+01   5.1972081e+01
  -2.1981974e+01  -3.6735412e+01  -1.3568389e+01   3.4094039e+01  -1.3856749e+01  -5.7754879e+01   5.5547374e+01
  -1.9970474e+01  -2.9257289e+01  -1.6219660e+01   2.5450951e+01  -1.1488583e+01  -5.7751328e+01   5.6993849e+01
  -2.0071271e+01  -2.6786219e+01  -1.8477888e+01   2.4575727e+01  -7.6054628e+00  -5.9119603e+01   5.6560577e+01
  -2.2572375e+01  -3.4263015e+01  -1.6477543e+01   3.1552558e+01  -4.5037051e+00  -5.6907462e+01   5.1777909e+01
  -2.4263858e+01  -3.6859680e+01  -1.6897900e+01   3.9272396e+01  -5.8884629e+00  -5.8961095e+01   5.0209551e+01
  -2.6803510e+01  -4.0559761e+01  -1.7055533e+01   4.1617574e+01  -6.0762585e+00  -5.4774741e+01   4.9662209e+01
  -2.7272540e+01  -3.7960747e+01  -1.8879438e+01   3.5975824e+01  -6.6814980e+00  -5.0112216e+01   4.7633650e+01
  -2.7773417e+01  -4.3202189e+01  -1.8898190e+01   4.1022541e+01  -8.3611301e+00  -4.8546933e+01   4.4181001e+01
  -2.6279697e+01  -4.1625783e+01  -2.0853983e+01   4.3614817e+01  -1.3861728e+01  -5.0836295e+01   4.3608926e+01
  -2.6677064e+01  -3.8726788e+01  -2.3079120e+01   3.8181582e+01  -1.4628326e+01  -4.6449964e+01   4.1241553e+01
  -2.8005456e+01  -3.8060520e+01  -2.4071490e+01   3.7917119e+01  -1.4095106e+01  -4.5424408e+01   3.8741387e+01
  -2.7568236e+01  -4.7585289e+01  -2.1995951e+01   4.7140617e+01  -2.1309288e+01  -4.3531465e+01   3.5625244e+01
  -2.8451293e+01  -4.8981414e+01  -2.2094976e+01   5.4371259e+01  -1.9736460e+01  -4.7802486e+01   3.0883699e+01
  -2.8715321e+01  -4.9477700e+01  -2.2283628e+01   5.7469182e+01  -2.0659682e+01  -4.8466451e+01   2.8687317e+01
  -2.7750040e+01  -4.6277593e+01  -2.5908737e+01   4.7595656e+01  -2.2150246e+01  -4.0565004e+01   2.5500141e+01
  -2.8370808e+01  -4.9046261e+01  -2.6310797e+01   4.9455245e+01  -2.3986271e+01  -3.8544120e+01   2.2766960e+01
  -2.7523994e+01  -4.2607824e+01  -2.9448657e+01   4.0743592e+01  -2.1173163e+01  -3.4496706e+01   1.9584796e+01
  -2.7667214e+01  -4.3539591e+01  -2.9360966e+01   4.2563466e+01  -2.3435805e+01  -3.3557960e+01   1.7220498e+01
  -2.9405719e+01  -4.2018170e+01  -3.0843830e+01   4.0783546e+01  -2.1903514e+01  -3.1589572e+01   1.4380127e+01
  -2.9858920e+01  -4.5443530e+01  -3.1263050e+01   4.6882991e+01  -2.3865590e+01  -3.3833932e+01   1.0291846e+01
  -3.0871292e+01  -4.4751503e+01  -3.3256325e+01   4.4097850e+01  -2.3137669e+01  -3.0026080e+01   5.7259125e+00
  -3.3866258e+01  -5.2740898e+01  -3.2304883e+01   5.6026475e+01  -2.5525787e+01  -3.3637835e+01   1.3519094e+00
  -3.3248065e+01  -5.7242800e+01  -3.3950994e+01   5.9454012e+01  -3.1278965e+01  -3.2939252e+01  -1.9093170e+00
  -3.4031870e+01  -5.9403851e+01  -3.6534828e+01   6.1655378e+01  -3.3451392e+01  -3.3488153e+01  -6.3912470e+00
  -3.4647530e+01  -6.2606321e+01  -3.8291257e+01   6.8779548e+01  -3.6051352e+01  -3.7138868e+01  -1.1379619e+01
  -3.6394210e+01  -6.0520897e+01  -4.0041513e+01   7.0412211e+01  -3.4501123e+01  -3.8820001e+01  -1.6271028e+01
  -3.7725736e+01  -6.0663624e+01  -4.0906844e+01   7.2383623e+01  -3.4352317e+01  -3.9002122e+01  -2.1643282e+01
  -3.8604928e+01  -5.6951788e+01  -4.0396375e+01   7.4892594e+01  -3.0874479e+01  -4.1618233e+01  -2.5041447e+01
  -3.8841214e+01  -5.7735940e+01  -4.2821141e+01   7.4399903e+01  -3.2064524e+01  -4.0918282e+01  -2.8316375e+01
  -3.7124962e+01  -5.9597005e+01  -4.1965580e+01   7.1519588e+01  -3.2774381e+01  -3.9032265e+01  -2.5927152e+01
  -3.4352737e+01  -5.6528003e+01  -3.7832218e+01   7.0129856e+01  -3.0292807e+01  -4.3207525e+01  -2.2052342e+01
  -3.3783252e+01  -5.3216306e+01  -3.2924771e+01   6.4547235e+01  -2.8399388e+01  -4.3259010e+01  -1.5152945e+01
  -3.1542723e+01  -4.9954193e+01  -2.8377020e+01   5.8625137e+01  -2.8166035e+01  -4.4366754e+01  -8.4641780e+00
  -3.0276281e+01  -4.4029669e+01  -2.7113848e+01   5.1410567e+01  -2.4254192e+01  -4.6783360e+01   9.8706843e-02
  -3.0485725e+01  -4.3137054e+01  -2.4979738e+01   5.2417123e+01  -1.9553644e+01  -5.3298966e+01   9.5978279e+00
  -3.0560559e+01  -3.8605449e+01  -2.3623260e+01   4.7229448e+01  -1.4514427e+01  -5.6114502e+01   1.8079629e+01
  -2.8409353e+01  -4.5293177e+01  -1.8397841e+01   5.0149193e+01  -1.4450742e+01  -5.5009433e+01   2.5911730e+01
  -2.8137437e+01  -4.2272531e+01  -1.8304833e+01   5.1630157e+01  -8.1914618e+00  -6.2209767e+01   3.4523567e+01
  -2.4655271e+01  -4.3082873e+01  -1.5975791e+01   4.8897362e+01  -8.9446974e+00  -5.9454622e+01   4.3399681e+01
  -2.1162219e+01  -4.2819361e+01  -1.4744237e+01   4.4349915e+01  -1.1272657e+01  -5.8766161e+01   4.9567897e+01
  -2.0482167e+01  -3.9901874e+01  -1.3600566e+01   3.9535524e+01  -1.1043424e+01  -5.7123753e+01   5.5483565e+01
  -2.0543806e+01  -3.5868928e+01  -1.4763864e+01   3.2866755e+01  -1.2523833e+01  -5.5564507e+01   6.1146279e+01
  -2.1331035e+01  -3.4648736e+01  -1.5886923e+01   3.0843959e+01  -1.0375398e+01  -5.4961439e+01   6.2907527e+01
  -2.3828520e+01  -3.5113713e+01  -1.6534078e+01   3.3464518e+01  -8.4655459e+00  -5.6648122e+01   6.3210582e+01
  -2.4413026e+01  -3.8272196e+01  -1.5470417e+01   3.2050887e+01  -6.5453161e+00  -5.0548686e+01   5.8598605e+01
  -2.5712515e+01  -4.1086303e+01  -1.5534289e+01   3.7340005e+01  -7.9132864e+00  -5.2442604e+01   5.7112439e+01
  -2.9058908e+01  -4.0545849e+01  -1.7470992e+01   3.6970566e+01  -4.3177202e+00  -4.9904750e+01   5.1993743e+01
  -2.7919614e+01  -3.9537449e+01  -1.9187303e+01   3.6616449e+01  -6.2524425e+00  -4.9080691e+01   4.8147982e+01
  -2.6157296e+01  -4.4698182e+01  -1.8598207e+01   4.2735047e+01  -1.1921445e+01  -4.8527121e+01   4.5274155e+01
  -2.6456797e+01  -4.3723057e+01  -2.0651201e+01   4.1624299e+01  -1.3707859e+01  -4.6502016e+01   4.2122364e+01
  -2.6146252e+01  -4.4574317e+01  -2.1498502e+01   4.0558820e+01  -1.7845821e+01  -4.2897478e+01   4.0713263e+01
  -2.6635909e+01  -4.8556369e+01  -2.1630292e+01   4.6738487e+01  -2.0218888e+01  -4.4544858e+01   3.8778823e+01
  -2.4927265e+01  -4.4296929e+01  -2.3878287e+01   4.0892193e+01  -2.0404272e+01  -4.2016950e+01   3.7123798e+01
  -2.8396519e+01  -4.5201368e+01  -2.3702248e+01   4.8362498e+01  -1.8302008e+01  -4.8019871e+01   3.6096885e+01
  -2.9341238e+01  -4.5277167e+01  -2.5129405e+01   4.3494875e+01  -1.9009744e+01  -4.3718972e+01   3.4207315e+01
  -2.9595585e+01  -4.8078127e+01  -2.3929090e+01   5.3583098e+01  -2.0611006e+01  -5.0152691e+01   3.0430232e+01
  -3.0864290e+01  -4.9872408e+01  -2.2702518e+01   5.9372330e+01  -2.0965816e+01  -5.2030130e+01   2.8689977e+01
  -3.0653710e+01  -4.1922454e+01  -2.6788574e+01   4.5372330e+01  -1.9547950e+01  -4.3503790e+01   2.5686448e+01
  -2.8058565e+01  -3.3588127e+01  -3.2997106e+01   3.1372331e+01  -1.8868736e+01  -3.6123258e+01   2.1405145e+01
  -2.8343127e+01  -3.6088877e+01  -3.2118210e+01   3.2023834e+01  -2.1478305e+01  -3.2113452e+01   1.8657555e+01
  -3.0222864e+01  -3.4708759e+01  -3.4040121e+01   3.2073518e+01  -1.9735046e+01  -3.1601587e+01   1.4805459e+01
  -3.0404654e+01  -3.7768313e+01  -3.5050994e+01   3.7656890e+01  -2.2294560e+01  -3.2299562e+01   9.5591321e+00
  -3.0197320e+01  -3.7302023e+01  -3.6014551e+01   3.6340958e+01  -2.3052781e+01  -2.8460148e+01   4.3708724e+00
  -3.1770837e+01  -4.3158144e+01  -3.6592237e+01   4.3022994e+01  -2.6024069e+01  -2.8274149e+01  -3.6005066e-01
  -3.3551260e+01  -4.8208158e+01  -3.9601917e+01   4.8449066e+01  -2.8012625e+01  -2.8461445e+01  -7.9437353e+00
  -3.6821987e+01  -5.2852927e+01  -4.0978935e+01   5.5281008e+01  -2.8825178e+01  -2.8881198e+01  -1.6773726e+01
  -3.7967412e+01  -5.8296293e+01  -4.2888201e+01   6.1019595e+01  -3.3088919e+01  -2.9904543e+01  -2.3035665e+01
  -3.9973341e+01  -6.0566352e+01  -4.2327426e+01   7.0334459e+01  -3.5108184e+01  -3.5675153e+01  -2.7993651e+01
  -4.0285913e+01  -6.1093531e+01  -4.4153822e+01   6.9218290e+01  -3.5253915e+01  -3.3770443e+01  -3.2914679e+01
  -3.8867424e+01  -5.8254014e+01  -4.2195596e+01   7.1697308e+01  -3.1241256e+01  -3.9313908e+01  -3.1902740e+01
  -3.8173347e+01  -5.5815990e+01  -4.0716479e+01   7.2434079e+01  -2.8235383e+01  -4.4787901e+01  -2.8049055e+01
  -3.7149288e+01  -5.2993481e+01  -3.5675038e+01   6.7606503e+01  -2.8492932e+01  -4.4884675e+01  -1.9538061e+01
  -3.5597115e+01  -4.8110751e+01  -3.2643003e+01   5.7692336e+01  -2.7508964e+01  -4.1224907e+01  -1.2221840e+01
  -3.3964463e+01  -4.6656154e+01  -2.9067725e+01   5.1246480e+01  -2.7857593e+01  -4.0079697e+01  -3.4558734e+00
  -3.3072278e+01  -4.4155905e+01  -2.6187385e+01   4.6931080e+01  -2.5332659e+01  -4.3494566e+01   4.1620097e+00
  -3.0960522e+01  -3.7888002e+01  -2.5487595e+01   3.6219119e+01  -2.1092765e+01  -4.4489909e+01   1.3963464e+01
  -3.0518751e+01  -4.5259640e+01  -1.8110534e+01   5.0219119e+01  -2.0892619e+01  -5.5351238e+01   2.4776754e+01
  -3.0687941e+01  -4.2665096e+01  -1.4835321e+01   5.1022019e+01  -1.6431154e+01  -6.1701648e+01   3.2447976e+01
  -2.8951455e+01  -4.3488565e+01  -1.2710382e+01   5.4963190e+01  -1.4410532e+01  -6.6967935e+01   4.0544770e+01
  -2.7607763e+01  -3.9152743e+01  -1.4139772e+01   4.3050574e+01  -9.6554591e+00  -6.0710820e+01   4.5702315e+01
  -2.5624555e+01  -3.6630460e+01  -1.5202160e+01   3.4936935e+01  -8.3294845e+00  -5.6190329e+01   4.9548458e+01
  -2.4029138e+01  -3.6723712e+01  -1.5956691e+01   2.9981825e+01  -8.5638401e+00  -5.1697048e+01   5.5570664e+01
  -2.4695878e+01  -3.8475795e+01  -1.5048688e+01   3.0616363e+01  -9.9591101e+00  -4.9350537e+01   5.9955916e+01
  -2.6941157e+01  -4.4150405e+01  -1.4316831e+01   3.7058434e+01  -1.1097741e+01  -4.9137915e+01   5.9135266e+01
  -2.8731598e+01  -4.4715331e+01  -1.5729958e+01   4.2290496e+01  -8.5680611e+00  -5.0418030e+01   5.6121580e+01
  -2.7964518e+01  -4.2004780e+01  -1.9311311e+01   3.5938752e+01  -1.0963045e+01  -4.5202692e+01   5.2285004e+01
  -2.8251410e+01  -4.7138513e+01  -1.7572247e+01   4.9938749e+01  -1.2749886e+01  -5.2154491e+01   4.9264986e+01
  -2.6239737e+01  -4.5591313e+01  -2.0160410e+01   4.2611332e+01  -1.6111372e+01  -4.4949679e+01   4.5273196e+01
  -2.4653621e+01  -4.7253398e+01  -2.0902465e+01   4.3870208e+01  -1.8685633e+01  -4.3803436e+01   4.1512750e+01
  -2.3751318e+01  -4.9957644e+01  -2.0976926e+01   4.9882992e+01  -2.1948579e+01  -4.6496064e+01   3.9832587e+01
  -2.5220253e+01  -5.2092055e+01  -2.0933144e+01   5.1871464e+01  -2.3172638e+01  -4.5021194e+01   3.8386492e+01
  -2.2138268e+01  -4.9568147e+01  -2.3821399e+01   4.2606301e+01  -2.5833655e+01  -3.8497050e+01   3.4493120e+01
  -2.5882237e+01  -5.2345584e+01  -2.3842546e+01   5.6606301e+01  -2.3509834e+01  -4.9183012e+01   3.0425377e+01
  -2.9271691e+01  -5.0573628e+01  -2.3267811e+01   5.5807584e+01  -2.0762226e+01  -4.7610458e+01   2.8931154e+01
  -2.7203933e+01  -4.6650700e+01  -2.6072412e+01   5.1341544e+01  -2.3655853e+01  -4.5414751e+01   2.8024371e+01
  -2.9626539e+01  -4.7474421e+01  -2.7555492e+01   5.0339318e+01  -2.1060374e+01  -4.1925880e+01   2.1742626e+01
  -2.8133344e+01  -4.4047049e+01  -3.0536115e+01   3.9036079e+01  -2.3462147e+01  -3.2765913e+01   1.9621093e+01
  -2.8467919e+01  -4.3006088e+01  -3.2098185e+01   3.8240095e+01  -2.3058469e+01  -3.1797109e+01   1.5947005e+01
  -3.1598205e+01  -3.9572383e+01  -3.3781842e+01   3.8589559e+01  -1.9320111e+01  -3.2691672e+01   1.2673816e+01
  -3.2581144e+01  -3.8275532e+01  -3.5701950e+01   4.0527212e+01  -1.9033767e+01  -3.3756237e+01   8.4768455e+00
  -3.2716642e+01  -3.9779104e+01  -3.6287165e+01   4.3084114e+01  -2.0360957e+01  -3.3091801e+01   4.1582575e+00
  -3.3933955e+01  -4.3526009e+01  -3.7375218e+01   4.7330972e+01  -2.2177219e+01  -3.2930851e+01  -8.7066507e-01
  -3.5781567e+01  -5.1870183e+01  -3.8049577e+01   5.4936332e+01  -2.7169536e+01  -3.2480558e+01  -6.5869717e+00
  -3.8865149e+01  -5.7551919e+01  -3.9422279e+01   6.1123150e+01  -2.7882329e+01  -3.2479091e+01  -1.4876925e+01
  -3.9742428e+01  -6.4252516e+01  -4.0871947e+01   6.2265825e+01  -3.3492865e+01  -2.8450418e+01  -2.0183782e+01
  -4.1104001e+01  -6.4537744e+01  -4.1428444e+01   6.0303508e+01  -3.2677997e+01  -2.3680963e+01  -2.6841336e+01
  -4.0681991e+01  -5.9843029e+01  -4.2037460e+01   6.1514011e+01  -3.1862271e+01  -2.6295866e+01  -2.9510160e+01
  -3.9595310e+01  -5.7665481e+01  -4.3108675e+01   6.0518896e+01  -3.2233121e+01  -2.5678229e+01  -3.2670897e+01
  -3.9828119e+01  -5.7815670e+01  -4.3171094e+01   5.9034460e+01  -3.2371028e+01  -2.4387361e+01  -3.1939216e+01
  -3.8680410e+01  -5.7015466e+01  -4.3025907e+01   6.1327931e+01  -3.0108106e+01  -2.9563225e+01  -2.8883450e+01
  -3.6778576e+01  -6.0456814e+01  -4.1939172e+01   6.6694992e+01  -3.1762625e+01  -3.5924217e+01  -2.5698521e+01
  -3.4443997e+01  -5.5145414e+01  -3.5752383e+01   6.8653668e+01  -2.9889921e+01  -4.3655047e+01  -1.6629825e+01
  -3.3716382e+01  -5.2867600e+01  -3.1988958e+01   6.0515312e+01  -3.1182370e+01  -3.8797154e+01  -9.0998724e+00
  -3.2454256e+01  -4.9977396e+01  -2.7066740e+01   6.0121686e+01  -2.9672420e+01  -4.4563572e+01  -1.9123890e+00
  -2.8928079e+01  -4.8253011e+01  -2.4510537e+01   5.3900294e+01  -3.0072621e+01  -4.5364479e+01   7.2303642e+00
  -2.9771001e+01  -4.5759037e+01  -2.2176330e+01   5.4449023e+01  -2.4803308e+01  -5.3437128e+01   1.5386501e+01
  -2.9717443e+01  -4.3544735e+01  -2.1977727e+01   4.9028535e+01  -2.1340378e+01  -5.5196700e+01   2.2826268e+01
  -2.7465058e+01  -4.5892906e+01  -1.7833397e+01   5.0146477e+01  -2.2261355e+01  -5.7210233e+01   2.9559059e+01
  -2.9259250e+01  -4.3796183e+01  -1.6281059e+01   5.5599814e+01  -1.5984504e+01  -6.6047086e+01   3.2919374e+01
  -2.7077311e+01  -4.3296794e+01  -1.4523965e+01   5.8673630e+01  -1.5363171e+01  -7.1194236e+01   3.8486285e+01
  -2.5633168e+01  -4.4496461e+01  -1.3755660e+01   5.7929523e+01  -1.3292401e+01  -7.0434365e+01   4.4847538e+01
  -2.3981476e+01  -4.2909016e+01  -1.3723560e+01   5.1527469e+01  -1.3243536e+01  -6.5569922e+01   5.1735814e+01
  -2.4392424e+01  -4.1799548e+01  -1.4666069e+01   4.5709147e+01  -1.0450420e+01  -6.1678193e+01   5.3263821e+01
  -2.4097462e+01  -4.4157853e+01  -1.4195261e+01   4.5690499e+01  -1.2115069e+01  -5.9527975e+01   5.6161714e+01
  -2.4864584e+01  -4.1324820e+01  -1.5378351e+01   4.3513003e+01  -1.1285040e+01  -5.9744229e+01   5.6595147e+01
  -2.2748768e+01  -4.2915501e+01  -1.5190397e+01   4.5288417e+01  -1.1793498e+01  -5.9472621e+01   5.2378819e+01
  -2.4314975e+01  -4.2799455e+01  -1.5723050e+01   4.3249796e+01  -1.1448116e+01  -5.5023842e+01   5.2165479e+01
  -2.6387888e+01  -4.3146439e+01  -1.6027651e+01   4.5191068e+01  -1.0636388e+01  -5.5435270e+01   5.1612927e+01
  -2.6528294e+01  -4.3385911e+01  -1.8067474e+01   4.7880256e+01  -1.0235693e+01  -5.7317032e+01   4.8645781e+01
  -2.5874712e+01  -4.1912721e+01  -1.9199276e+01   4.0928590e+01  -9.7545050e+00  -5.0435957e+01   4.5200050e+01
  -2.7338281e+01  -4.6010218e+01  -1.7764890e+01   4.7101186e+01  -1.2809659e+01  -5.0414982e+01   4.4609964e+01
  -2.5851771e+01  -4.8313140e+01  -1.7818891e+01   4.4622101e+01  -1.6344888e+01  -4.3256441e+01   4.2610032e+01
  -2.5136312e+01  -4.9278154e+01  -1.9045735e+01   4.5833029e+01  -1.8749736e+01  -4.2097640e+01   4.0369810e+01
  -2.4704604e+01  -5.4971349e+01  -1.8580841e+01   5.3635227e+01  -2.3843562e+01  -4.3505718e+01   3.7439640e+01
  -2.4594357e+01  -5.1883131e+01  -2.0574111e+01   5.1571193e+01  -2.3485194e+01  -4.2698028e+01   3.4802172e+01
  -2.4417886e+01  -4.7482341e+01  -2.4420193e+01   4.4345616e+01  -2.3044845e+01  -3.8601663e+01   3.1447322e+01
  -2.6078748e+01  -4.7792700e+01  -2.5043670e+01   5.3184779e+01  -2.2242112e+01  -4.5932186e+01   2.8446068e+01
  -2.8612350e+01  -4.8603673e+01  -2.6402306e+01   5.2424669e+01  -2.1216056e+01  -4.3998911e+01   2.5543370e+01
  -2.8645297e+01  -5.2654800e+01  -2.5666177e+01   5.7234997e+01  -2.4764561e+01  -4.4914381e+01   2.4227091e+01
  -2.9708510e+01  -5.3550259e+01  -2.5418067e+01   6.2173446e+01  -2.4706997e+01  -4.7038520e+01   2.1243899e+01
  -2.9550450e+01  -4.5658656e+01  -2.8541826e+01   4.9283274e+01  -2.2439134e+01  -4.0487211e+01   1.9116347e+01
  -3.0855957e+01  -4.4026361e+01  -3.0511367e+01   4.9206006e+01  -2.1544599e+01  -4.0512272e+01   1.5660345e+01
  -3.1900746e+01  -4.3320218e+01  -3.1695383e+01   4.6591154e+01  -2.0533878e+01  -3.6911532e+01   1.1969085e+01
  -3.2520374e+01  -4.2640772e+01  -3.4068466e+01   4.6393413e+01  -2.1686393e+01  -3.5495028e+01   7.7533803e+00
  -3.3615495e+01  -4.2081221e+01  -3.4784643e+01   4.9870904e+01  -2.0741597e+01  -3.7337457e+01   3.4342829e+00
  -3.2722060e+01  -4.4790536e+01  -3.7215201e+01   5.1062490e+01  -2.4145526e+01  -3.5526596e+01  -1.7771489e+00
  -3.4870217e+01  -4.7787319e+01  -3.8520254e+01   5.7101144e+01  -2.3871352e+01  -3.7720657e+01  -8.2336287e+00
  -3.6210849e+01  -5.5709322e+01  -4.0816595e+01   6.4791352e+01  -3.0044599e+01  -3.7045986e+01  -1.7336604e+01
  -3.7295823e+01  -5.6652487e+01  -4.2169384e+01   6.9703652e+01  -3.0748654e+01  -3.9602994e+01  -2.4209084e+01
  -4.0531356e+01  -5.9602014e+01  -4.1027711e+01   7.5095064e+01  -3.3029313e+01  -3.9887313e+01  -2.9368153e+01
  -3.9864530e+01  -5.7632081e+01  -4.1173056e+01   7.6820475e+01  -3.5258207e+01  -4.0675988e+01  -3.2994939e+01
  -4.0645187e+01  -5.6212381e+01  -3.9763445e+01   8.1611468e+01  -3.1324731e+01  -4.5460013e+01  -3.3928096e+01
  -3.9907053e+01  -5.8280298e+01  -4.0543085e+01   7.8031713e+01  -2.8974361e+01  -4.3467429e+01  -3.5855814e+01
  -3.7398251e+01  -5.9942690e+01  -3.9026705e+01   7.3180024e+01  -3.0046305e+01  -4.1658373e+01  -2.9981058e+01
  -3.6120925e+01  -5.4972056e+01  -3.2542127e+01   7.1816436e+01  -2.7940468e+01  -4.6624495e+01  -1.8529147e+01
  -3.3026070e+01  -5.2742644e+01  -2.9395038e+01   6.2290459e+01  -2.7210958e+01  -4.3448827e+01  -8.8809212e+00
  -3.0616826e+01  -4.9323458e+01  -2.5398708e+01   5.4660596e+01  -2.5746236e+01  -4.3026554e+01   3.4202059e-01
  -2.8775655e+01  -4.5003257e+01  -2.4040722e+01   5.0952330e+01  -2.1116274e+01  -5.0622185e+01   8.5591558e+00
  -2.8760367e+01  -4.5910815e+01  -2.0372387e+01   5.4434762e+01  -1.8691031e+01  -5.7799007e+01   1.9240479e+01
  -2.8385914e+01  -4.5694299e+01  -1.5889685e+01   5.7000749e+01  -1.6863769e+01  -6.2539264e+01   2.7481361e+01
  -2.7987769e+01  -4.0932812e+01  -1.6561127e+01   4.6688818e+01  -1.0485261e+01  -5.9798256e+01   3.6053565e+01
  -2.7281115e+01  -3.6385283e+01  -1.7246556e+01   3.7237913e+01  -7.4678049e+00  -5.7547759e+01   4.8465537e+01
  -2.5967788e+01  -3.9787051e+01  -1.2574440e+01   4.0097839e+01  -4.6372291e+00  -5.7960169e+01   5.6384893e+01
  -2.5078864e+01  -4.1572392e+01  -1.1604994e+01   3.6569852e+01  -1.9220831e+00  -5.3407889e+01   5.8442749e+01
  -2.4372733e+01  -4.6508513e+01  -9.1242886e+00   3.0970177e+01  -3.7590404e+00  -4.0281051e+01   5.7980694e+01
  -2.6043812e+01  -4.9961214e+01  -9.7306310e+00   4.3404588e+01  -5.4240961e+00  -4.7248020e+01   5.6565264e+01
  -2.6114079e+01  -5.0743240e+01  -1.2306412e+01   5.0108546e+01  -8.0120647e+00  -5.1706682e+01   5.2225898e+01
  -2.6806396e+01  -4.8949767e+01  -1.5712933e+01   4.7445145e+01  -7.6273403e+00  -4.9557892e+01   4.8250380e+01
  -2.7067559e+01  -4.7893062e+01  -1.7140462e+01   5.7584346e+01  -1.0678238e+01  -5.8650359e+01   4.6350048e+01
  -2.7392846e+01  -4.8371689e+01  -2.0421873e+01   5.7428665e+01  -1.2946143e+01  -5.6830192e+01   3.9862211e+01
  -2.6124228e+01  -4.7596298e+01  -2.1857449e+01   5.2768546e+01  -1.4341643e+01  -5.0844839e+01   3.4690392e+01
  -2.4666022e+01  -4.9803289e+01  -2.2227680e+01   5.2306876e+01  -1.8295174e+01  -4.5539981e+01   3.3209964e+01
  -2.0550602e+01  -5.6776694e+01  -2.2751197e+01   4.8858381e+01  -2.7868186e+01  -3.5668626e+01   3.0636685e+01
  -2.1987945e+01  -4.9165748e+01  -2.4782377e+01   4.4584479e+01  -2.4987325e+01  -3.8366193e+01   2.8330982e+01
  -2.6904476e+01  -5.2936110e+01  -2.3374166e+01   5.8584479e+01  -2.4046364e+01  -4.7701977e+01   2.7928595e+01
  -2.9800959e+01  -4.9813047e+01  -2.5137476e+01   5.7843615e+01  -2.0788729e+01  -4.9212028e+01   2.5453540e+01
  -3.0276393e+01  -5.2169477e+01  -2.5793932e+01   6.2473122e+01  -2.2325209e+01  -5.0632411e+01   2.1869939e+01
  -3.0019946e+01  -5.4497380e+01  -2.6878760e+01   5.8934807e+01  -2.4956541e+01  -4.3657206e+01   1.9064400e+01
  -2.8527888e+01  -4.6432468e+01  -3.0310145e+01   4.7328131e+01  -2.1814913e+01  -3.8095459e+01   1.4202974e+01
  -2.9694101e+01  -4.5022951e+01  -3.1621015e+01   4.3655472e+01  -2.0982323e+01  -3.3396735e+01   1.0421242e+01
