  -3.5275801e+01  -5.9904253e+01  -3.6843529e+01   7.3516184e+01  -2.8294482e+01  -4.2693151e+01  -1.3305502e+01
  -3.0000000e+01  -4.9000000e+01  -3.7684526e+01   6.6458105e+01  -2.1000000e+01  -4.2483175e+01  -1.4749890e+01
  -3.0000000e+01  -4.9000000e+01  -3.7796769e+01   6.2206810e+01  -2.1000000e+01  -3.8908786e+01  -1.6136049e+01
  -3.0000000e+01  -4.9000000e+01  -4.0305724e+01   5.7259725e+01  -2.1000000e+01  -3.6655863e+01  -1.7357830e+01
  -3.0000000e+01  -4.9000000e+01  -3.9524236e+01   5.2831167e+01  -2.1000000e+01  -3.4992878e+01  -1.5720677e+01
  -3.0000000e+01  -4.9000000e+01  -3.4856991e+01   4.9665079e+01  -2.1000000e+01  -3.3524441e+01  -1.1057362e+01
  -3.0000000e+01  -4.9000000e+01  -2.9539909e+01   4.7868884e+01  -2.1000000e+01  -3.3966720e+01  -4.4949952e+00
  -3.0000000e+01  -4.9000000e+01  -2.5688074e+01   4.9539866e+01  -2.1000000e+01  -3.8991348e+01   4.6660679e+00
  -3.0000000e+01  -4.9000000e+01  -2.1021807e+01   5.0815321e+01  -2.1000000e+01  -4.4375463e+01   1.2724553e+01
  -3.0000000e+01  -4.9000000e+01  -1.5598920e+01   5.1028604e+01  -2.1000000e+01  -4.8344355e+01   1.9006262e+01
  -3.0000000e+01  -4.9000000e+01  -1.2732741e+01   5.3040582e+01  -2.1000000e+01  -5.3144428e+01   2.6618309e+01
  -3.0000000e+01  -4.9000000e+01  -1.2540054e+01   5.5546802e+01  -2.1000000e+01  -5.7668954e+01   3.4943657e+01
  -3.0000000e+01  -4.9000000e+01  -1.1067011e+01   5.6578045e+01  -2.1000000e+01  -6.1364822e+01   4.3900597e+01
  -3.0000000e+01  -4.9000000e+01  -1.0007085e+01   5.6490311e+01  -2.1000000e+01  -6.3681775e+01   5.3325214e+01
  -3.0000000e+01  -4.9000000e+01  -6.7161510e+00   5.5744383e+01  -2.1000000e+01  -6.3101564e+01   6.0089495e+01
  -3.0000000e+01  -4.9000000e+01  -3.2168846e+00   5.5220879e+01  -2.1000000e+01  -6.0276000e+01   6.1623994e+01
  -3.0000000e+01  -4.9000000e+01  -4.9865514e+00   5.4192350e+01  -2.1000000e+01  -5.7395851e+01   6.0283726e+01
  -3.0000000e+01  -4.9000000e+01  -6.2905169e+00   5.3461957e+01  -2.1000000e+01  -5.4270440e+01   5.6277992e+01
  -3.0000000e+01  -4.9000000e+01  -9.2423466e+00   5.4373838e+01  -2.1000000e+01  -5.3222202e+01   5.1088677e+01
  -3.0000000e+01  -4.9000000e+01  -1.1891128e+01   5.5898080e+01  -2.1000000e+01  -5.3026754e+01   4.8382225e+01
  -3.0000000e+01  -4.9000000e+01  -1.2090729e+01   5.6333209e+01  -2.1000000e+01  -5.0815645e+01   4.4769143e+01
  -3.0000000e+01  -4.9000000e+01  -1.0990112e+01   5.5845640e+01  -2.1000000e+01  -4.7712467e+01   4.0021373e+01
  -3.0000000e+01  -4.9000000e+01  -1.3057919e+01   5.5360424e+01  -2.1000000e+01  -4.5041543e+01   3.7010326e+01
  -3.0000000e+01  -4.9000000e+01  -1.7767833e+01   5.4599558e+01  -2.1000000e+01  -4.4611347e+01   3.3523030e+01
  -3.0000000e+01  -4.9000000e+01  -2.1095966e+01   5.4391076e+01  -2.1000000e+01  -4.3390772e+01   2.7825561e+01
  -3.0000000e+01  -4.9000000e+01  -2.3838653e+01   5.2682369e+01  -2.1000000e+01  -4.1184520e+01   2.3986119e+01
  -3.0000000e+01  -4.9000000e+01  -2.5805433e+01   5.1597688e+01  -2.1000000e+01  -3.9013409e+01   1.9265611e+01
  -3.0000000e+01  -4.9000000e+01  -2.9117236e+01   5.2092618e+01  -2.1000000e+01  -3.8654109e+01   1.4116912e+01
  -3.0000000e+01  -4.9000000e+01  -3.1375037e+01   5.1290232e+01  -2.1000000e+01  -3.6620659e+01   8.5737061e+00
  -3.0000000e+01  -4.9000000e+01  -3.8448769e+01   5.2626740e+01  -2.1000000e+01  -3.8153319e+01   2.1237803e+00
  -3.0000000e+01  -4.9000000e+01  -4.3297591e+01   5.2097552e+01  -2.1000000e+01  -3.8252915e+01  -4.0348351e+00
  -3.0000000e+01  -4.9000000e+01  -4.6010028e+01   5.1642045e+01  -2.1000000e+01  -3.6328120e+01  -1.1219653e+01
  -3.0000000e+01  -4.9000000e+01  -4.5801196e+01   5.0620890e+01  -2.1000000e+01  -3.1987834e+01  -1.7810911e+01
  -3.0000000e+01  -4.9000000e+01  -4.8747290e+01   4.8523014e+01  -2.1000000e+01  -2.9212232e+01  -2.3440525e+01
  -3.0000000e+01  -4.9000000e+01  -5.0594597e+01   4.6598303e+01  -2.1000000e+01  -2.6215786e+01  -2.7955085e+01
  -3.0000000e+01  -4.9000000e+01  -5.1365667e+01   4.4987425e+01  -2.1000000e+01  -2.3066292e+01  -3.2494910e+01
  -3.0000000e+01  -4.9000000e+01  -5.2633383e+01   4.3743481e+01  -2.1000000e+01  -2.1023791e+01  -3.5977021e+01
  -3.0000000e+01  -4.9000000e+01  -5.4569544e+01   4.3004008e+01  -2.1000000e+01  -2.0962342e+01  -3.8067104e+01
  -3.0000000e+01  -4.9000000e+01  -5.2933329e+01   4.1023280e+01  -2.1000000e+01  -1.9927933e+01  -3.4834615e+01
  -3.0000000e+01  -4.9000000e+01  -4.8659495e+01   3.9162215e+01  -2.1000000e+01  -1.9163254e+01  -2.8420151e+01
  -3.0000000e+01  -4.9000000e+01  -4.2750256e+01   3.7366681e+01  -2.1000000e+01  -2.0603456e+01  -2.0174727e+01
  -3.0000000e+01  -4.9000000e+01  -3.7970846e+01   3.6076184e+01  -2.1000000e+01  -2.3463686e+01  -1.0989292e+01
  -3.0000000e+01  -4.9000000e+01  -3.3388823e+01   3.6803102e+01  -2.1000000e+01  -2.7908398e+01  -1.7763127e+00
  -3.0000000e+01  -4.9000000e+01  -2.7860298e+01   3.8847387e+01  -2.1000000e+01  -3.3251332e+01   7.6116378e+00
  -3.0000000e+01  -4.9000000e+01  -2.5522633e+01   4.1046774e+01  -2.1000000e+01  -3.8934207e+01   1.6570438e+01
  -3.0000000e+01  -4.9000000e+01  -2.1612680e+01   4.3136024e+01  -2.1000000e+01  -4.3645957e+01   2.6652547e+01
  -3.0000000e+01  -4.9000000e+01  -1.7431925e+01   4.5281787e+01  -2.1000000e+01  -4.7994921e+01   3.6651045e+01
  -3.0000000e+01  -4.9000000e+01  -1.3975373e+01   4.7590245e+01  -2.1000000e+01  -5.2349004e+01   4.5487321e+01
  -3.0000000e+01  -4.9000000e+01  -1.3226202e+01   5.0292220e+01  -2.1000000e+01  -5.6690786e+01   5.1806140e+01
  -3.0000000e+01  -4.9000000e+01  -1.5323933e+01   5.3652186e+01  -2.1000000e+01  -6.0923908e+01   5.4073734e+01
  -3.0000000e+01  -4.9000000e+01  -1.4541046e+01   5.6361721e+01  -2.1000000e+01  -6.4339510e+01   5.4874170e+01
  -3.0000000e+01  -4.9000000e+01  -1.3192119e+01   5.8427529e+01  -2.1000000e+01  -6.6407355e+01   5.5113992e+01
  -3.0000000e+01  -4.9000000e+01  -1.2301120e+01   6.0444414e+01  -2.1000000e+01  -6.8265125e+01   5.8284188e+01
  -3.0000000e+01  -4.9000000e+01  -1.2134368e+01   6.1536378e+01  -2.1000000e+01  -6.8730331e+01   5.9193980e+01
  -3.0000000e+01  -4.9000000e+01  -1.3463061e+01   6.2805367e+01  -2.1000000e+01  -6.7194659e+01   5.4930159e+01
  -3.0000000e+01  -4.9000000e+01  -1.4125270e+01   6.3922300e+01  -2.1000000e+01  -6.5631174e+01   5.1091382e+01
  -3.0000000e+01  -4.9000000e+01  -1.2849467e+01   6.3101763e+01  -2.1000000e+01  -6.1164111e+01   4.6804450e+01
  -3.0000000e+01  -4.9000000e+01  -1.4222081e+01   6.1946764e+01  -2.1000000e+01  -5.7826945e+01   4.3012313e+01
  -3.0000000e+01  -4.9000000e+01  -1.6009664e+01   5.8890979e+01  -2.1000000e+01  -5.3416937e+01   4.0456406e+01
  -3.0000000e+01  -4.9000000e+01  -1.9549410e+01   5.6278693e+01  -2.1000000e+01  -5.1379982e+01   3.8904549e+01
  -3.0000000e+01  -4.9000000e+01  -2.2388970e+01   5.8226721e+01  -2.1000000e+01  -5.2894649e+01   3.4955130e+01
  -3.0000000e+01  -4.9000000e+01  -2.2748965e+01   5.5097170e+01  -2.1000000e+01  -4.8687339e+01   3.2236866e+01
  -3.0000000e+01  -4.9000000e+01  -2.5660110e+01   5.6133399e+01  -2.1000000e+01  -4.8820171e+01   2.8448403e+01
  -3.0000000e+01  -4.9000000e+01  -2.4877464e+01   5.4907513e+01  -2.1000000e+01  -4.5480020e+01   2.5456492e+01
  -3.0000000e+01  -4.9000000e+01  -2.7502662e+01   5.2709552e+01  -2.1000000e+01  -4.2456382e+01   2.2255543e+01
  -3.0000000e+01  -4.9000000e+01  -2.9822008e+01   5.1979441e+01  -2.1000000e+01  -4.0321977e+01   1.9078595e+01
  -3.0000000e+01  -4.9000000e+01  -3.5957766e+01   5.1984416e+01  -2.1000000e+01  -4.0969006e+01   1.3510702e+01
  -3.0000000e+01  -4.9000000e+01  -3.8049440e+01   5.2183702e+01  -2.1000000e+01  -4.0608524e+01   8.3498100e+00
  -3.0000000e+01  -4.9000000e+01  -4.0700388e+01   5.2449442e+01  -2.1000000e+01  -4.0169870e+01   3.3439273e+00
  -3.0000000e+01  -4.9000000e+01  -4.3445918e+01   5.1645676e+01  -2.1000000e+01  -3.8879558e+01  -2.5017662e+00
  -3.0000000e+01  -4.9000000e+01  -4.6231173e+01   5.0436901e+01  -2.1000000e+01  -3.6197842e+01  -8.4978233e+00
  -3.0000000e+01  -4.9000000e+01  -4.6585715e+01   4.9063303e+01  -2.1000000e+01  -3.2840561e+01  -1.2823672e+01
  -3.0000000e+01  -4.9000000e+01  -4.7871667e+01   4.7374388e+01  -2.1000000e+01  -2.9869522e+01  -1.7606707e+01
  -3.0000000e+01  -4.9000000e+01  -5.0511908e+01   4.5629988e+01  -2.1000000e+01  -2.7379442e+01  -2.2534660e+01
  -3.0000000e+01  -4.9000000e+01  -5.0363969e+01   4.4023347e+01  -2.1000000e+01  -2.4747481e+01  -2.6362680e+01
  -3.0000000e+01  -4.9000000e+01  -4.8657762e+01   4.3090038e+01  -2.1000000e+01  -2.4258797e+01  -2.9925137e+01
  -3.0000000e+01  -4.9000000e+01  -4.6508358e+01   4.1429888e+01  -2.1000000e+01  -2.4380682e+01  -3.0556741e+01
  -3.0000000e+01  -4.9000000e+01  -4.0740532e+01   4.0661212e+01  -2.1000000e+01  -2.5321508e+01  -2.5732187e+01
  -3.0000000e+01  -4.9000000e+01  -3.5062916e+01   4.1270888e+01  -2.1000000e+01  -2.8300810e+01  -1.7290825e+01
  -3.0000000e+01  -4.9000000e+01  -2.9076339e+01   4.2829647e+01  -2.1000000e+01  -3.2613657e+01  -7.7534428e+00
  -3.0000000e+01  -4.9000000e+01  -2.4128705e+01   4.4125037e+01  -2.1000000e+01  -3.7467375e+01   1.8949305e+00
  -3.0000000e+01  -4.9000000e+01  -2.1162001e+01   4.6509813e+01  -2.1000000e+01  -4.2697569e+01   1.1151460e+01
  -3.0000000e+01  -4.9000000e+01  -1.7539994e+01   4.9415241e+01  -2.1000000e+01  -4.7052709e+01   2.0094113e+01
  -3.0000000e+01  -4.9000000e+01  -1.4377899e+01   5.2142163e+01  -2.1000000e+01  -5.1267222e+01   2.9515344e+01
  -3.0000000e+01  -4.9000000e+01  -1.1323502e+01   5.3713726e+01  -2.1000000e+01  -5.4008174e+01   3.8547919e+01
  -3.0000000e+01  -4.9000000e+01  -1.1869042e+01   5.4481411e+01  -2.1000000e+01  -5.7972747e+01   4.6127456e+01
  -3.0000000e+01  -4.9000000e+01  -1.1617405e+01   5.6005385e+01  -2.1000000e+01  -6.0997824e+01   4.8400250e+01
  -3.0000000e+01  -4.9000000e+01  -1.2776048e+01   5.8138909e+01  -2.1000000e+01  -6.3403910e+01   5.0408703e+01
  -3.0000000e+01  -4.9000000e+01  -1.2142818e+01   6.0871421e+01  -2.1000000e+01  -6.3635180e+01   4.8993103e+01
  -3.0000000e+01  -4.9000000e+01  -1.1022765e+01   6.1391959e+01  -2.1000000e+01  -6.1960154e+01   4.6587478e+01
  -3.0000000e+01  -4.9000000e+01  -1.0639939e+01   6.0415467e+01  -2.1000000e+01  -5.8194136e+01   4.7102040e+01
  -3.0000000e+01  -4.9000000e+01  -1.1702086e+01   5.9584072e+01  -2.1000000e+01  -5.4860030e+01   4.3752966e+01
  -3.0000000e+01  -4.9000000e+01  -1.2028092e+01   5.8075363e+01  -2.1000000e+01  -5.1557925e+01   4.1780452e+01
  -3.0000000e+01  -4.9000000e+01  -1.3850702e+01   5.7030978e+01  -2.1000000e+01  -4.8211845e+01   3.8208324e+01
  -3.0000000e+01  -4.9000000e+01  -1.4033008e+01   5.4921849e+01  -2.1000000e+01  -4.4149762e+01   3.4583730e+01
  -3.0000000e+01  -4.9000000e+01  -1.6683723e+01   5.3624779e+01  -2.1000000e+01  -4.0288177e+01   2.9371353e+01
  -3.0000000e+01  -4.9000000e+01  -2.0799519e+01   5.2900972e+01  -2.1000000e+01  -3.8981669e+01   2.5300201e+01
  -3.0000000e+01  -4.9000000e+01  -2.3534577e+01   5.2409267e+01  -2.1000000e+01  -3.7431182e+01   1.9511156e+01
  -3.0000000e+01  -4.9000000e+01  -2.8657729e+01   5.3049700e+01  -2.1000000e+01  -3.7899088e+01   1.3177994e+01
  -3.0000000e+01  -4.9000000e+01  -3.3169973e+01   5.3562009e+01  -2.1000000e+01  -3.8163128e+01   7.8197920e+00
  -3.0000000e+01  -4.9000000e+01  -3.6096721e+01   5.3807575e+01  -2.1000000e+01  -3.6874409e+01   8.3136818e-01
  -3.0000000e+01  -4.9000000e+01  -4.0673805e+01   5.4690717e+01  -2.1000000e+01  -3.7671541e+01  -6.4769237e+00
  -3.0000000e+01  -4.9000000e+01  -4.2858811e+01   5.5828777e+01  -2.1000000e+01  -3.6577191e+01  -1.3861158e+01
  -3.0000000e+01  -4.9000000e+01  -4.4945193e+01   5.5607469e+01  -2.1000000e+01  -3.4327086e+01  -2.0649320e+01
  -3.0000000e+01  -4.9000000e+01  -4.6868286e+01   5.3481825e+01  -2.1000000e+01  -3.1236686e+01  -2.4511729e+01
  -3.0000000e+01  -4.9000000e+01  -4.8208322e+01   5.1812268e+01  -2.1000000e+01  -2.8168012e+01  -3.1030661e+01
  -3.0000000e+01  -4.9000000e+01  -4.8557354e+01   4.9679599e+01  -2.1000000e+01  -2.4903397e+01  -3.4565790e+01
  -3.0000000e+01  -4.9000000e+01  -4.9490752e+01   4.7791137e+01  -2.1000000e+01  -2.2602039e+01  -3.6684377e+01
  -3.0000000e+01  -4.9000000e+01  -5.0132397e+01   4.5322993e+01  -2.1000000e+01  -2.0953701e+01  -3.7346779e+01
  -3.0000000e+01  -4.9000000e+01  -5.0250008e+01   4.3439311e+01  -2.1000000e+01  -2.1114527e+01  -3.4894991e+01
  -3.0000000e+01  -4.9000000e+01  -4.6187815e+01   4.2049174e+01  -2.1000000e+01  -2.2459423e+01  -3.0394354e+01
  -3.0000000e+01  -4.9000000e+01  -4.1207949e+01   3.9857003e+01  -2.1000000e+01  -2.4299864e+01  -2.4172591e+01
  -3.0000000e+01  -4.9000000e+01  -3.4970071e+01   3.9463438e+01  -2.1000000e+01  -2.7929323e+01  -1.5727763e+01
  -3.0000000e+01  -4.9000000e+01  -2.8334948e+01   4.1361399e+01  -2.1000000e+01  -3.3478065e+01  -7.5702571e+00
  -3.0000000e+01  -4.9000000e+01  -2.6385877e+01   4.3369604e+01  -2.1000000e+01  -3.9345591e+01   2.0197259e-01
  -3.0000000e+01  -4.9000000e+01  -2.1533340e+01   4.5355107e+01  -2.1000000e+01  -4.4690282e+01   8.8921238e+00
  -3.0000000e+01  -4.9000000e+01  -1.5054188e+01   4.8888356e+01  -2.1000000e+01  -4.7874098e+01   1.8306481e+01
  -3.0000000e+01  -4.9000000e+01  -1.0591283e+01   5.0668371e+01  -2.1000000e+01  -5.0398424e+01   2.7759222e+01
  -3.0000000e+01  -4.9000000e+01  -1.1562033e+01   5.1821818e+01  -2.1000000e+01  -5.4288843e+01   3.7248085e+01
  -3.0000000e+01  -4.9000000e+01  -9.2476282e+00   5.2964358e+01  -2.1000000e+01  -5.7576153e+01   4.4214704e+01
  -3.0000000e+01  -4.9000000e+01  -1.1450423e+01   5.4561587e+01  -2.1000000e+01  -6.1525155e+01   4.8252952e+01
  -3.0000000e+01  -4.9000000e+01  -1.1316413e+01   5.5874955e+01  -2.1000000e+01  -6.4574517e+01   5.6440785e+01
  -3.0000000e+01  -4.9000000e+01  -9.3371192e+00   5.6410083e+01  -2.1000000e+01  -6.5486653e+01   6.2215829e+01
  -3.0000000e+01  -4.9000000e+01  -5.7949328e+00   5.5765552e+01  -2.1000000e+01  -6.3164730e+01   6.4088897e+01
  -3.0000000e+01  -4.9000000e+01  -3.8251167e+00   5.5312332e+01  -2.1000000e+01  -5.9088170e+01   6.1612599e+01
  -3.0000000e+01  -4.9000000e+01  -4.9943450e+00   5.3803264e+01  -2.1000000e+01  -5.4976880e+01   5.8245174e+01
  -3.0000000e+01  -4.9000000e+01  -9.6947032e+00   5.1967805e+01  -2.1000000e+01  -5.2272512e+01   5.6069482e+01
  -3.0000000e+01  -4.9000000e+01  -1.1912283e+01   5.4365622e+01  -2.1000000e+01  -5.3300337e+01   4.7892134e+01
  -3.0000000e+01  -4.9000000e+01  -1.5333740e+01   5.5880747e+01  -2.1000000e+01  -5.4279823e+01   4.7771469e+01
  -3.0000000e+01  -4.9000000e+01  -1.6472361e+01   5.7318501e+01  -2.1000000e+01  -5.3314037e+01   4.1882031e+01
  -3.0000000e+01  -4.9000000e+01  -1.6113200e+01   5.6411803e+01  -2.1000000e+01  -5.0114522e+01   3.8618561e+01
  -3.0000000e+01  -4.9000000e+01  -1.4216431e+01   5.3363581e+01  -2.1000000e+01  -4.5420398e+01   3.6440858e+01
  -3.0000000e+01  -4.9000000e+01  -1.9452738e+01   5.2195239e+01  -2.1000000e+01  -4.2025899e+01   3.2235448e+01
  -3.0000000e+01  -4.9000000e+01  -2.5231944e+01   5.3031384e+01  -2.1000000e+01  -4.3318280e+01   2.7855157e+01
  -3.0000000e+01  -4.9000000e+01  -2.6777446e+01   5.0896289e+01  -2.1000000e+01  -4.0389595e+01   2.3594339e+01
  -3.0000000e+01  -4.9000000e+01  -2.8425305e+01   4.9867761e+01  -2.1000000e+01  -3.8203594e+01   1.9182588e+01
  -3.0000000e+01  -4.9000000e+01  -2.8856032e+01   4.9058994e+01  -2.1000000e+01  -3.5300732e+01   1.5102300e+01
  -3.0000000e+01  -4.9000000e+01  -3.3752890e+01   4.7844059e+01  -2.1000000e+01  -3.4030027e+01   9.8584028e+00
  -3.0000000e+01  -4.9000000e+01  -3.7088170e+01   4.6666491e+01  -2.1000000e+01  -3.2510305e+01   5.4219410e+00
  -3.0000000e+01  -4.9000000e+01  -4.1966101e+01   4.6315376e+01  -2.1000000e+01  -3.2516839e+01  -5.0710493e-02
  -3.0000000e+01  -4.9000000e+01  -4.7154240e+01   4.7017028e+01  -2.1000000e+01  -3.3747604e+01  -5.3473813e+00
  -3.0000000e+01  -4.9000000e+01  -4.9404933e+01   4.6349351e+01  -2.1000000e+01  -3.1673160e+01  -1.1617856e+01
  -3.0000000e+01  -4.9000000e+01  -4.8856675e+01   4.4437008e+01  -2.1000000e+01  -2.7907062e+01  -1.7241917e+01
  -3.0000000e+01  -4.9000000e+01  -4.8751088e+01   4.2555219e+01  -2.1000000e+01  -2.4215348e+01  -2.0715201e+01
  -3.0000000e+01  -4.9000000e+01  -4.7291117e+01   4.0920852e+01  -2.1000000e+01  -2.0260507e+01  -2.4137285e+01
  -3.0000000e+01  -4.9000000e+01  -4.8148112e+01   3.9559153e+01  -2.1000000e+01  -1.7713069e+01  -2.8655763e+01
  -3.0000000e+01  -4.9000000e+01  -5.0801828e+01   3.7989442e+01  -2.1000000e+01  -1.5599168e+01  -3.2701958e+01
  -3.0000000e+01  -4.9000000e+01  -5.1814430e+01   3.6109893e+01  -2.1000000e+01  -1.4135086e+01  -3.3855530e+01
  -3.0000000e+01  -4.9000000e+01  -5.0382363e+01   3.5434901e+01  -2.1000000e+01  -1.3330783e+01  -3.4458412e+01
  -3.0000000e+01  -4.9000000e+01  -4.9050603e+01   3.4582818e+01  -2.1000000e+01  -1.3895338e+01  -3.2518001e+01
  -3.0000000e+01  -4.9000000e+01  -4.8330559e+01   3.5444765e+01  -2.1000000e+01  -1.8129221e+01  -2.6731559e+01
  -3.0000000e+01  -4.9000000e+01  -4.1915443e+01   3.6147800e+01  -2.1000000e+01  -2.1002166e+01  -1.8564094e+01
  -3.0000000e+01  -4.9000000e+01  -3.2870992e+01   3.6705566e+01  -2.1000000e+01  -2.4353804e+01  -1.0283196e+01
  -3.0000000e+01  -4.9000000e+01  -2.7289094e+01   3.9458733e+01  -2.1000000e+01  -3.0055020e+01  -1.7146976e+00
  -3.0000000e+01  -4.9000000e+01  -2.4943711e+01   4.2302302e+01  -2.1000000e+01  -3.6056443e+01   6.6924295e+00
  -3.0000000e+01  -4.9000000e+01  -2.3547840e+01   4.3706261e+01  -2.1000000e+01  -4.1931958e+01   1.5434307e+01
  -3.0000000e+01  -4.9000000e+01  -1.9824472e+01   4.5608144e+01  -2.1000000e+01  -4.7094660e+01   2.3990783e+01
  -3.0000000e+01  -4.9000000e+01  -1.8732703e+01   4.8606617e+01  -2.1000000e+01  -5.1732226e+01   3.3167556e+01
  -3.0000000e+01  -4.9000000e+01  -1.1967179e+01   4.8220114e+01  -2.1000000e+01  -5.4595232e+01   4.2493734e+01
  -3.0000000e+01  -4.9000000e+01  -8.2446612e+00   4.9626378e+01  -2.1000000e+01  -5.6308059e+01   4.9868511e+01
  -3.0000000e+01  -4.9000000e+01  -9.5330579e+00   5.1148198e+01  -2.1000000e+01  -5.9624243e+01   5.4867547e+01
  -3.0000000e+01  -4.9000000e+01  -1.1057751e+01   5.3151820e+01  -2.1000000e+01  -6.2882296e+01   5.6806830e+01
  -3.0000000e+01  -4.9000000e+01  -1.0865587e+01   5.6243866e+01  -2.1000000e+01  -6.4340180e+01   5.4936629e+01
  -3.0000000e+01  -4.9000000e+01  -1.3159741e+01   5.9452444e+01  -2.1000000e+01  -6.6137736e+01   5.2721429e+01
  -3.0000000e+01  -4.9000000e+01  -1.3633053e+01   6.2414899e+01  -2.1000000e+01  -6.5979746e+01   5.0161885e+01
  -3.0000000e+01  -4.9000000e+01  -1.1859708e+01   6.1042207e+01  -2.1000000e+01  -6.2443960e+01   4.7663816e+01
  -3.0000000e+01  -4.9000000e+01  -1.2949618e+01   6.0423074e+01  -2.1000000e+01  -5.8768537e+01   4.5359561e+01
  -3.0000000e+01  -4.9000000e+01  -1.6844711e+01   6.0045407e+01  -2.1000000e+01  -5.7730453e+01   4.1506880e+01
  -3.0000000e+01  -4.9000000e+01  -1.8552612e+01   6.0750359e+01  -2.1000000e+01  -5.6481694e+01   3.6240068e+01
  -3.0000000e+01  -4.9000000e+01  -2.1051845e+01   6.1110250e+01  -2.1000000e+01  -5.5013414e+01   3.1055513e+01
  -3.0000000e+01  -4.9000000e+01  -2.0478055e+01   5.8888519e+01  -2.1000000e+01  -5.0158272e+01   2.7316210e+01
  -3.0000000e+01  -4.9000000e+01  -2.2712301e+01   5.9522320e+01  -2.1000000e+01  -4.8668371e+01   2.3368631e+01
  -3.0000000e+01  -4.9000000e+01  -2.4760597e+01   5.9455623e+01  -2.1000000e+01  -4.7293452e+01   1.9377721e+01
  -3.0000000e+01  -4.9000000e+01  -2.6624060e+01   5.7961900e+01  -2.1000000e+01  -4.4822227e+01   1.6724066e+01
  -3.0000000e+01  -4.9000000e+01  -2.8376479e+01   5.5724610e+01  -2.1000000e+01  -4.1220079e+01   1.3185582e+01
  -3.0000000e+01  -4.9000000e+01  -2.9940024e+01   5.4335333e+01  -2.1000000e+01  -3.8789823e+01   9.4519126e+00
  -3.0000000e+01  -4.9000000e+01  -3.3240261e+01   5.2841174e+01  -2.1000000e+01  -3.6568581e+01   3.9015821e+00
  -3.0000000e+01  -4.9000000e+01  -3.4711571e+01   5.1537770e+01  -2.1000000e+01  -3.4062996e+01   5.4679431e-01
  -3.0000000e+01  -4.9000000e+01  -3.7706568e+01   4.9927468e+01  -2.1000000e+01  -3.2510941e+01  -3.9968372e+00
  -3.0000000e+01  -4.9000000e+01  -3.8421998e+01   4.9065925e+01  -2.1000000e+01  -2.9838346e+01  -8.8004827e+00
  -3.0000000e+01  -4.9000000e+01  -4.1160966e+01   4.7945779e+01  -2.1000000e+01  -2.7587470e+01  -1.3479642e+01
  -3.0000000e+01  -4.9000000e+01  -4.5061347e+01   4.7056300e+01  -2.1000000e+01  -2.6357498e+01  -1.9774836e+01
  -3.0000000e+01  -4.9000000e+01  -4.8157628e+01   4.6227528e+01  -2.1000000e+01  -2.5150304e+01  -2.4589873e+01
  -3.0000000e+01  -4.9000000e+01  -4.7485942e+01   4.4708832e+01  -2.1000000e+01  -2.2609550e+01  -2.6423377e+01
  -3.0000000e+01  -4.9000000e+01  -4.4493157e+01   4.3654474e+01  -2.1000000e+01  -2.1519957e+01  -2.7198146e+01
  -3.0000000e+01  -4.9000000e+01  -4.0941606e+01   4.4269510e+01  -2.1000000e+01  -2.5494678e+01  -2.3487790e+01
  -3.0000000e+01  -4.9000000e+01  -3.7374173e+01   4.4298999e+01  -2.1000000e+01  -2.9378506e+01  -1.6149373e+01
  -3.0000000e+01  -4.9000000e+01  -2.8732721e+01   4.4527398e+01  -2.1000000e+01  -3.3371184e+01  -6.8607992e+00
  -3.0000000e+01  -4.9000000e+01  -2.5569917e+01   4.5404153e+01  -2.1000000e+01  -3.9428416e+01   1.3469550e+00
  -3.0000000e+01  -4.9000000e+01  -2.1963312e+01   4.6072277e+01  -2.1000000e+01  -4.4053362e+01   1.0872544e+01
  -3.0000000e+01  -4.9000000e+01  -1.6671679e+01   4.8053709e+01  -2.1000000e+01  -4.8553078e+01   2.0536115e+01
  -3.0000000e+01  -4.9000000e+01  -1.5789256e+01   5.0512332e+01  -2.1000000e+01  -5.2997944e+01   3.0450423e+01
  -3.0000000e+01  -4.9000000e+01  -1.1975603e+01   5.2197494e+01  -2.1000000e+01  -5.7103851e+01   3.9510677e+01
  -3.0000000e+01  -4.9000000e+01  -1.1899609e+01   5.4093592e+01  -2.1000000e+01  -6.1001230e+01   4.7680622e+01
  -3.0000000e+01  -4.9000000e+01  -1.1103981e+01   5.5734557e+01  -2.1000000e+01  -6.4556526e+01   5.1587543e+01
  -3.0000000e+01  -4.9000000e+01  -1.2507388e+01   5.8086900e+01  -2.1000000e+01  -6.7409024e+01   5.4042741e+01
  -3.0000000e+01  -4.9000000e+01  -1.1279313e+01   6.0069242e+01  -2.1000000e+01  -6.9366037e+01   5.2886851e+01
  -3.0000000e+01  -4.9000000e+01  -1.0352332e+01   6.2460852e+01  -2.1000000e+01  -7.0732945e+01   4.7855640e+01
  -3.0000000e+01  -4.9000000e+01  -1.0639961e+01   6.5643495e+01  -2.1000000e+01  -7.1764653e+01   4.4955428e+01
  -3.0000000e+01  -4.9000000e+01  -1.2713105e+01   6.5671489e+01  -2.1000000e+01  -7.0951836e+01   5.4379454e+01
  -3.0000000e+01  -4.9000000e+01  -1.0715344e+01   6.6141729e+01  -2.1000000e+01  -6.9161147e+01   4.7543875e+01
  -3.0000000e+01  -4.9000000e+01  -1.3041407e+01   6.3439091e+01  -2.1000000e+01  -6.5250442e+01   5.4132063e+01
  -3.0000000e+01  -4.9000000e+01  -1.3012469e+01   6.2285042e+01  -2.1000000e+01  -6.1492727e+01   4.8732108e+01
  -3.0000000e+01  -4.9000000e+01  -1.5740887e+01   6.0914909e+01  -2.1000000e+01  -5.8425011e+01   4.6526997e+01
  -3.0000000e+01  -4.9000000e+01  -1.6560350e+01   5.9470297e+01  -2.1000000e+01  -5.5337738e+01   4.1679450e+01
  -3.0000000e+01  -4.9000000e+01  -1.3435943e+01   5.7848065e+01  -2.1000000e+01  -5.0475894e+01   3.7333420e+01
  -3.0000000e+01  -4.9000000e+01  -1.6265053e+01   5.6208220e+01  -2.1000000e+01  -4.6276520e+01   3.2636476e+01
  -3.0000000e+01  -4.9000000e+01  -2.1931914e+01   5.4790580e+01  -2.1000000e+01  -4.4613932e+01   2.9005274e+01
  -3.0000000e+01  -4.9000000e+01  -2.6683856e+01   5.6183313e+01  -2.1000000e+01  -4.5983697e+01   2.3606171e+01
  -3.0000000e+01  -4.9000000e+01  -2.9382808e+01   5.5531093e+01  -2.1000000e+01  -4.4994602e+01   1.9063639e+01
  -3.0000000e+01  -4.9000000e+01  -2.9464971e+01   5.5566844e+01  -2.1000000e+01  -4.2700909e+01   1.5043118e+01
  -3.0000000e+01  -4.9000000e+01  -3.3356659e+01   5.3892192e+01  -2.1000000e+01  -4.0476269e+01   9.8954660e+00
  -3.0000000e+01  -4.9000000e+01  -3.6782049e+01   5.2199958e+01  -2.1000000e+01  -3.8361680e+01   4.7652094e+00
  -3.0000000e+01  -4.9000000e+01  -4.1710684e+01   5.0912419e+01  -2.1000000e+01  -3.7382277e+01  -1.0289793e+00
  -3.0000000e+01  -4.9000000e+01  -4.6083545e+01   5.0178695e+01  -2.1000000e+01  -3.5880038e+01  -7.9929697e+00
  -3.0000000e+01  -4.9000000e+01  -4.7415033e+01   4.9247783e+01  -2.1000000e+01  -3.2048013e+01  -1.5682371e+01
  -3.0000000e+01  -4.9000000e+01  -4.8049366e+01   4.7228588e+01  -2.1000000e+01  -2.8438962e+01  -2.0318907e+01
  -3.0000000e+01  -4.9000000e+01  -4.8996268e+01   4.5167563e+01  -2.1000000e+01  -2.5149603e+01  -2.3069348e+01
  -3.0000000e+01  -4.9000000e+01  -4.9145393e+01   4.3091870e+01  -2.1000000e+01  -2.2179717e+01  -2.6092637e+01
  -3.0000000e+01  -4.9000000e+01  -4.9376559e+01   4.1789814e+01  -2.1000000e+01  -2.0598934e+01  -2.8711896e+01
  -3.0000000e+01  -4.9000000e+01  -5.0601605e+01   4.0038984e+01  -2.1000000e+01  -2.0263453e+01  -2.9592582e+01
  -3.0000000e+01  -4.9000000e+01  -4.9278139e+01   3.8463498e+01  -2.1000000e+01  -2.0182665e+01  -2.9303059e+01
  -3.0000000e+01  -4.9000000e+01  -4.8271260e+01   3.8109393e+01  -2.1000000e+01  -2.3335493e+01  -2.6084501e+01
  -3.0000000e+01  -4.9000000e+01  -4.3077797e+01   3.7664061e+01  -2.1000000e+01  -2.5718934e+01  -1.8860579e+01
  -3.0000000e+01  -4.9000000e+01  -3.7069853e+01   3.8754658e+01  -2.1000000e+01  -2.9314821e+01  -1.0493700e+01
  -3.0000000e+01  -4.9000000e+01  -3.2619532e+01   4.0073882e+01  -2.1000000e+01  -3.3996230e+01  -1.3171892e+00
  -3.0000000e+01  -4.9000000e+01  -2.9292905e+01   4.1003057e+01  -2.1000000e+01  -3.9028960e+01   7.2909161e+00
  -3.0000000e+01  -4.9000000e+01  -2.2618203e+01   4.2606743e+01  -2.1000000e+01  -4.2988157e+01   1.6959012e+01
  -3.0000000e+01  -4.9000000e+01  -1.6173007e+01   4.4742875e+01  -2.1000000e+01  -4.6340836e+01   2.7127229e+01
  -3.0000000e+01  -4.9000000e+01  -1.2073326e+01   4.6811897e+01  -2.1000000e+01  -4.9922647e+01   3.6513580e+01
  -3.0000000e+01  -4.9000000e+01  -1.1016466e+01   4.7882013e+01  -2.1000000e+01  -5.3749881e+01   4.4628704e+01
  -3.0000000e+01  -4.9000000e+01  -1.2064736e+01   4.8389862e+01  -2.1000000e+01  -5.8308572e+01   5.0239863e+01
  -3.0000000e+01  -4.9000000e+01  -1.3435904e+01   4.9857027e+01  -2.1000000e+01  -6.2256755e+01   5.2461434e+01
  -3.0000000e+01  -4.9000000e+01  -1.3288936e+01   5.2621497e+01  -2.1000000e+01  -6.4261447e+01   5.2903533e+01
  -3.0000000e+01  -4.9000000e+01  -1.5790081e+01   5.6116196e+01  -2.1000000e+01  -6.5876861e+01   5.8580382e+01
  -3.0000000e+01  -4.9000000e+01  -1.3449007e+01   5.8712602e+01  -2.1000000e+01  -6.5759961e+01   5.1258289e+01
  -3.0000000e+01  -4.9000000e+01  -1.1499604e+01   6.0941285e+01  -2.1000000e+01  -6.3856559e+01   4.6208395e+01
  -3.0000000e+01  -4.9000000e+01  -1.3508227e+01   6.2432930e+01  -2.1000000e+01  -6.2290790e+01   4.5198712e+01
  -3.0000000e+01  -4.9000000e+01  -1.2843681e+01   6.1094680e+01  -2.1000000e+01  -5.9170521e+01   4.3431437e+01
  -3.0000000e+01  -4.9000000e+01  -1.5227687e+01   5.9345745e+01  -2.1000000e+01  -5.6682893e+01   4.2918061e+01
  -3.0000000e+01  -4.9000000e+01  -1.7803548e+01   5.7969936e+01  -2.1000000e+01  -5.4114283e+01   3.8752874e+01
  -3.0000000e+01  -4.9000000e+01  -1.9473020e+01   5.7644927e+01  -2.1000000e+01  -5.2874943e+01   3.6409832e+01
  -3.0000000e+01  -4.9000000e+01  -2.1224492e+01   5.9524414e+01  -2.1000000e+01  -5.3542069e+01   3.2327855e+01
  -3.0000000e+01  -4.9000000e+01  -2.1520110e+01   5.5776219e+01  -2.1000000e+01  -4.8037457e+01   2.9963849e+01
  -3.0000000e+01  -4.9000000e+01  -2.5215257e+01   5.6175895e+01  -2.1000000e+01  -4.8207014e+01   2.6528333e+01
  -3.0000000e+01  -4.9000000e+01  -2.5755621e+01   5.4479920e+01  -2.1000000e+01  -4.4611957e+01   2.2797673e+01
  -3.0000000e+01  -4.9000000e+01  -2.6349502e+01   5.1427704e+01  -2.1000000e+01  -4.0486237e+01   2.0372159e+01
  -3.0000000e+01  -4.9000000e+01  -3.1227907e+01   5.0624952e+01  -2.1000000e+01  -4.0198594e+01   1.7031265e+01
  -3.0000000e+01  -4.9000000e+01  -3.5074108e+01   5.1256082e+01  -2.1000000e+01  -4.1314818e+01   1.4366076e+01
  -3.0000000e+01  -4.9000000e+01  -3.7568721e+01   5.1455987e+01  -2.1000000e+01  -4.1080630e+01   1.0441796e+01
  -3.0000000e+01  -4.9000000e+01  -3.9151072e+01   5.1795923e+01  -2.1000000e+01  -4.0376367e+01   6.7511519e+00
  -3.0000000e+01  -4.9000000e+01  -4.0064246e+01   5.0032888e+01  -2.1000000e+01  -3.7169193e+01   1.7004171e+00
  -3.0000000e+01  -4.9000000e+01  -4.1402703e+01   4.8144424e+01  -2.1000000e+01  -3.3904573e+01  -3.0828273e+00
  -3.0000000e+01  -4.9000000e+01  -4.1884122e+01   4.6430053e+01  -2.1000000e+01  -3.0223289e+01  -6.9621179e+00
  -3.0000000e+01  -4.9000000e+01  -4.2992582e+01   4.4835594e+01  -2.1000000e+01  -2.7034831e+01  -1.0520646e+01
  -3.0000000e+01  -4.9000000e+01  -4.6349839e+01   4.3945677e+01  -2.1000000e+01  -2.5597886e+01  -1.4980044e+01
  -3.0000000e+01  -4.9000000e+01  -5.0596100e+01   4.2671152e+01  -2.1000000e+01  -2.4871827e+01  -1.9329715e+01
  -3.0000000e+01  -4.9000000e+01  -5.3053875e+01   4.1796049e+01  -2.1000000e+01  -2.3819241e+01  -2.3794782e+01
  -3.0000000e+01  -4.9000000e+01  -5.5047386e+01   4.1594815e+01  -2.1000000e+01  -2.3552676e+01  -2.7107030e+01
  -3.0000000e+01  -4.9000000e+01  -5.0876316e+01   4.1254144e+01  -2.1000000e+01  -2.2084304e+01  -2.5869703e+01
  -3.0000000e+01  -4.9000000e+01  -4.6670357e+01   4.1233572e+01  -2.1000000e+01  -2.3723338e+01  -2.3798804e+01
  -3.0000000e+01  -4.9000000e+01  -4.0168535e+01   4.0135991e+01  -2.1000000e+01  -2.5691380e+01  -1.7826619e+01
  -3.0000000e+01  -4.9000000e+01  -3.4719741e+01   3.9857799e+01  -2.1000000e+01  -2.9016013e+01  -1.1242658e+01
  -3.0000000e+01  -4.9000000e+01  -2.9278420e+01   4.1923751e+01  -2.1000000e+01  -3.2309692e+01  -3.5650657e+00
  -3.0000000e+01  -4.9000000e+01  -2.6787179e+01   4.3588675e+01  -2.1000000e+01  -3.8910558e+01   5.2794217e+00
  -3.0000000e+01  -4.9000000e+01  -2.4844805e+01   4.3460474e+01  -2.1000000e+01  -4.5183250e+01   1.2934275e+01
  -3.0000000e+01  -4.9000000e+01  -2.1198208e+01   4.6327427e+01  -2.1000000e+01  -5.0821862e+01   2.0202817e+01
  -3.0000000e+01  -4.9000000e+01  -1.4525743e+01   4.7980680e+01  -2.1000000e+01  -5.5009414e+01   2.9482961e+01
  -3.0000000e+01  -4.9000000e+01  -1.1330286e+01   5.0418615e+01  -2.1000000e+01  -5.8736887e+01   3.8219294e+01
  -3.0000000e+01  -4.9000000e+01  -9.2644876e+00   5.1687365e+01  -2.1000000e+01  -6.1855184e+01   4.6854451e+01
  -3.0000000e+01  -4.9000000e+01  -9.0831613e+00   5.2382018e+01  -2.1000000e+01  -6.5043860e+01   5.5026005e+01
  -3.0000000e+01  -4.9000000e+01  -1.1027155e+01   5.3938203e+01  -2.1000000e+01  -6.7744480e+01   5.8939112e+01
  -3.0000000e+01  -4.9000000e+01  -1.2891528e+01   5.6348345e+01  -2.1000000e+01  -6.9740718e+01   5.9942321e+01
  -3.0000000e+01  -4.9000000e+01  -1.3254753e+01   5.9396923e+01  -2.1000000e+01  -7.0409086e+01   5.7422568e+01
  -3.0000000e+01  -4.9000000e+01  -1.2766259e+01   6.1185055e+01  -2.1000000e+01  -6.9806978e+01   5.4040264e+01
  -3.0000000e+01  -4.9000000e+01  -1.4807647e+01   6.3678420e+01  -2.1000000e+01  -6.8879322e+01   5.3156933e+01
  -3.0000000e+01  -4.9000000e+01  -1.4198148e+01   6.2542309e+01  -2.1000000e+01  -6.5965665e+01   5.0477225e+01
  -3.0000000e+01  -4.9000000e+01  -1.3567904e+01   6.0904375e+01  -2.1000000e+01  -6.1365037e+01   4.6886335e+01
  -3.0000000e+01  -4.9000000e+01  -1.3462939e+01   5.9140038e+01  -2.1000000e+01  -5.6629664e+01   4.4556497e+01
  -3.0000000e+01  -4.9000000e+01  -1.6899195e+01   5.7306191e+01  -2.1000000e+01  -5.3126167e+01   4.0650069e+01
  -3.0000000e+01  -4.9000000e+01  -1.9172580e+01   5.5768507e+01  -2.1000000e+01  -5.0418646e+01   3.6991619e+01
  -3.0000000e+01  -4.9000000e+01  -2.1804192e+01   5.6472407e+01  -2.1000000e+01  -4.8846185e+01   3.1955377e+01
  -3.0000000e+01  -4.9000000e+01  -2.5175421e+01   5.6830102e+01  -2.1000000e+01  -4.7782678e+01   2.8483822e+01
  -3.0000000e+01  -4.9000000e+01  -2.5498969e+01   5.4721370e+01  -2.1000000e+01  -4.4282936e+01   2.3575582e+01
  -3.0000000e+01  -4.9000000e+01  -2.8926254e+01   5.5138308e+01  -2.1000000e+01  -4.3991383e+01   1.9479429e+01
  -3.0000000e+01  -4.9000000e+01  -3.1671641e+01   5.5468800e+01  -2.1000000e+01  -4.3655314e+01   1.5492960e+01
  -3.0000000e+01  -4.9000000e+01  -3.6270983e+01   5.5770530e+01  -2.1000000e+01  -4.4122416e+01   1.0498672e+01
  -3.0000000e+01  -4.9000000e+01  -3.9001995e+01   5.6009437e+01  -2.1000000e+01  -4.3334229e+01   5.4046215e+00
  -3.0000000e+01  -4.9000000e+01  -4.1704605e+01   5.4549746e+01  -2.1000000e+01  -4.1441532e+01  -2.9406450e-01
  -3.0000000e+01  -4.9000000e+01  -4.4360434e+01   5.2127458e+01  -2.1000000e+01  -3.8194313e+01  -6.1365010e+00
  -3.0000000e+01  -4.9000000e+01  -4.3783310e+01   4.9852213e+01  -2.1000000e+01  -3.3440559e+01  -1.0127001e+01
  -3.0000000e+01  -4.9000000e+01  -4.3068082e+01   4.7918522e+01  -2.1000000e+01  -2.8703823e+01  -1.4676498e+01
  -3.0000000e+01  -4.9000000e+01  -4.3611610e+01   4.5731612e+01  -2.1000000e+01  -2.4730979e+01  -1.8661610e+01
  -3.0000000e+01  -4.9000000e+01  -4.6386770e+01   4.4200008e+01  -2.1000000e+01  -2.2204131e+01  -2.4215323e+01
  -3.0000000e+01  -4.9000000e+01  -5.0464168e+01   4.2861919e+01  -2.1000000e+01  -2.0083255e+01  -2.9418998e+01
  -3.0000000e+01  -4.9000000e+01  -5.1730730e+01   4.1706581e+01  -2.1000000e+01  -1.8022243e+01  -3.3744281e+01
  -3.0000000e+01  -4.9000000e+01  -5.2617998e+01   4.0408500e+01  -2.1000000e+01  -1.7295898e+01  -3.6183736e+01
  -3.0000000e+01  -4.9000000e+01  -5.0882459e+01   3.9180552e+01  -2.1000000e+01  -1.6709761e+01  -3.5597676e+01
  -3.0000000e+01  -4.9000000e+01  -4.9890086e+01   3.7891174e+01  -2.1000000e+01  -1.7269476e+01  -3.2220796e+01
  -3.0000000e+01  -4.9000000e+01  -4.6915812e+01   3.8812315e+01  -2.1000000e+01  -2.0017143e+01  -2.9255364e+01
  -3.0000000e+01  -4.9000000e+01  -4.0814553e+01   3.9090495e+01  -2.1000000e+01  -2.2288710e+01  -2.1595527e+01
  -3.0000000e+01  -4.9000000e+01  -3.1918038e+01   3.9430781e+01  -2.1000000e+01  -2.5507114e+01  -1.2717870e+01
  -3.0000000e+01  -4.9000000e+01  -2.6221774e+01   4.1316025e+01  -2.1000000e+01  -3.0489768e+01  -3.1776464e+00
  -3.0000000e+01  -4.9000000e+01  -2.2412751e+01   4.2941937e+01  -2.1000000e+01  -3.6563913e+01   5.3980998e+00
  -3.0000000e+01  -4.9000000e+01  -1.8842477e+01   4.4897897e+01  -2.1000000e+01  -4.1811088e+01   1.5087391e+01
  -3.0000000e+01  -4.9000000e+01  -1.6001995e+01   4.6967256e+01  -2.1000000e+01  -4.6437593e+01   2.4832874e+01
  -3.0000000e+01  -4.9000000e+01  -1.2762957e+01   4.8521658e+01  -2.1000000e+01  -5.1392394e+01   3.4373779e+01
  -3.0000000e+01  -4.9000000e+01  -1.0557622e+01   5.0880753e+01  -2.1000000e+01  -5.5272638e+01   4.3247336e+01
  -3.0000000e+01  -4.9000000e+01  -1.0634426e+01   5.2113515e+01  -2.1000000e+01  -5.9381559e+01   5.0526967e+01
  -3.0000000e+01  -4.9000000e+01  -1.2322178e+01   5.3429559e+01  -2.1000000e+01  -6.2388077e+01   5.6199181e+01
  -3.0000000e+01  -4.9000000e+01  -1.4769403e+01   5.5248121e+01  -2.1000000e+01  -6.5338798e+01   5.8700839e+01
  -3.0000000e+01  -4.9000000e+01  -1.2941403e+01   5.6869834e+01  -2.1000000e+01  -6.5999677e+01   5.8627640e+01
  -3.0000000e+01  -4.9000000e+01  -1.1594295e+01   5.8658651e+01  -2.1000000e+01  -6.6196796e+01   5.5764034e+01
  -3.0000000e+01  -4.9000000e+01  -1.2214419e+01   6.1251617e+01  -2.1000000e+01  -6.5486600e+01   5.2149394e+01
  -3.0000000e+01  -4.9000000e+01  -1.2203406e+01   6.1862682e+01  -2.1000000e+01  -6.3475530e+01   4.9637315e+01
  -3.0000000e+01  -4.9000000e+01  -1.2480566e+01   6.2231756e+01  -2.1000000e+01  -6.1453114e+01   4.7260335e+01
  -3.0000000e+01  -4.9000000e+01  -1.4347127e+01   6.1309907e+01  -2.1000000e+01  -5.9105372e+01   4.4752316e+01
  -3.0000000e+01  -4.9000000e+01  -1.5526951e+01   6.0424952e+01  -2.1000000e+01  -5.6409147e+01   4.1999494e+01
  -3.0000000e+01  -4.9000000e+01  -1.5337110e+01   5.8857139e+01  -2.1000000e+01  -5.2744725e+01   3.7771472e+01
  -3.0000000e+01  -4.9000000e+01  -1.5762670e+01   5.6688091e+01  -2.1000000e+01  -4.8065413e+01   3.4978025e+01
  -3.0000000e+01  -4.9000000e+01  -1.9682977e+01   5.5231265e+01  -2.1000000e+01  -4.4578020e+01   3.0320967e+01
  -3.0000000e+01  -4.9000000e+01  -2.2906098e+01   5.3851306e+01  -2.1000000e+01  -4.2206076e+01   2.6044436e+01
  -3.0000000e+01  -4.9000000e+01  -2.6777409e+01   5.2677500e+01  -2.1000000e+01  -3.9989259e+01   1.9964395e+01
  -3.0000000e+01  -4.9000000e+01  -2.7588774e+01   5.0752614e+01  -2.1000000e+01  -3.6789944e+01   1.5040178e+01
  -3.0000000e+01  -4.9000000e+01  -3.1258759e+01   4.8748157e+01  -2.1000000e+01  -3.4360335e+01   1.0877662e+01
  -3.0000000e+01  -4.9000000e+01  -3.4696641e+01   4.7241423e+01  -2.1000000e+01  -3.1685445e+01   5.1438546e+00
  -3.0000000e+01  -4.9000000e+01  -3.8297924e+01   4.6143423e+01  -2.1000000e+01  -3.0002491e+01  -1.2964423e+00
  -3.0000000e+01  -4.9000000e+01  -4.2535736e+01   4.5064988e+01  -2.1000000e+01  -2.8490003e+01  -7.6452412e+00
  -3.0000000e+01  -4.9000000e+01  -4.5287192e+01   4.4603569e+01  -2.1000000e+01  -2.6185274e+01  -1.4272894e+01
  -3.0000000e+01  -4.9000000e+01  -4.5763593e+01   4.3476213e+01  -2.1000000e+01  -2.3081101e+01  -1.9226546e+01
  -3.0000000e+01  -4.9000000e+01  -4.5703081e+01   4.1591249e+01  -2.1000000e+01  -1.9391469e+01  -2.2427928e+01
  -3.0000000e+01  -4.9000000e+01  -4.8583025e+01   4.0185460e+01  -2.1000000e+01  -1.7137037e+01  -2.8247760e+01
  -3.0000000e+01  -4.9000000e+01  -5.1022996e+01   3.9700292e+01  -2.1000000e+01  -1.5586104e+01  -3.3697506e+01
  -3.0000000e+01  -4.9000000e+01  -5.2472267e+01   3.8935466e+01  -2.1000000e+01  -1.3855548e+01  -3.7748797e+01
  -3.0000000e+01  -4.9000000e+01  -5.2300467e+01   3.7638776e+01  -2.1000000e+01  -1.2651528e+01  -3.8369051e+01
  -3.0000000e+01  -4.9000000e+01  -5.2023922e+01   3.5976874e+01  -2.1000000e+01  -1.2567936e+01  -3.6856338e+01
  -3.0000000e+01  -4.9000000e+01  -4.8395290e+01   3.5435439e+01  -2.1000000e+01  -1.4239999e+01  -3.3417480e+01
  -3.0000000e+01  -4.9000000e+01  -4.5264360e+01   3.4472802e+01  -2.1000000e+01  -1.8198853e+01  -2.7359398e+01
  -3.0000000e+01  -4.9000000e+01  -3.9571225e+01   3.3813309e+01  -2.1000000e+01  -2.1734539e+01  -2.1288721e+01
  -3.0000000e+01  -4.9000000e+01  -3.3984070e+01   3.5656218e+01  -2.1000000e+01  -2.7592290e+01  -1.4101559e+01
  -3.0000000e+01  -4.9000000e+01  -2.8541980e+01   3.7665042e+01  -2.1000000e+01  -3.3157474e+01  -6.1298620e+00
  -3.0000000e+01  -4.9000000e+01  -2.4385549e+01   3.9875671e+01  -2.1000000e+01  -3.8770925e+01   2.1254888e+00
  -3.0000000e+01  -4.9000000e+01  -2.3864007e+01   4.2928547e+01  -2.1000000e+01  -4.3881236e+01   1.1044788e+01
  -3.0000000e+01  -4.9000000e+01  -2.1810044e+01   4.5321487e+01  -2.1000000e+01  -4.9084817e+01   2.0590497e+01
  -3.0000000e+01  -4.9000000e+01  -1.8427197e+01   4.7887126e+01  -2.1000000e+01  -5.3307210e+01   3.0404164e+01
  -3.0000000e+01  -4.9000000e+01  -1.3007790e+01   4.9630285e+01  -2.1000000e+01  -5.5640676e+01   4.0067521e+01
  -3.0000000e+01  -4.9000000e+01  -1.1331952e+01   5.1370760e+01  -2.1000000e+01  -5.8792098e+01   4.8363949e+01
  -3.0000000e+01  -4.9000000e+01  -1.0866197e+01   5.3360742e+01  -2.1000000e+01  -6.1645146e+01   5.5616247e+01
  -3.0000000e+01  -4.9000000e+01  -1.1546319e+01   5.5326416e+01  -2.1000000e+01  -6.4077590e+01   5.9930576e+01
  -3.0000000e+01  -4.9000000e+01  -1.1357723e+01   5.7124062e+01  -2.1000000e+01  -6.6152421e+01   6.2162147e+01
  -3.0000000e+01  -4.9000000e+01  -1.2359659e+01   5.9217110e+01  -2.1000000e+01  -6.7872443e+01   6.3021219e+01
  -3.0000000e+01  -4.9000000e+01  -1.4234295e+01   6.1864591e+01  -2.1000000e+01  -6.9239928e+01   5.8783116e+01
  -3.0000000e+01  -4.9000000e+01  -1.4885312e+01   6.4267790e+01  -2.1000000e+01  -6.9076461e+01   5.4842726e+01
  -3.0000000e+01  -4.9000000e+01  -1.3883787e+01   6.4548401e+01  -2.1000000e+01  -6.7134297e+01   5.1720681e+01
  -3.0000000e+01  -4.9000000e+01  -1.3502299e+01   6.4130828e+01  -2.1000000e+01  -6.3560764e+01   4.8422205e+01
  -3.0000000e+01  -4.9000000e+01  -1.3605353e+01   6.2787277e+01  -2.1000000e+01  -5.9443287e+01   4.6160617e+01
  -3.0000000e+01  -4.9000000e+01  -1.6206516e+01   6.2251511e+01  -2.1000000e+01  -5.7345785e+01   4.2777442e+01
  -3.0000000e+01  -4.9000000e+01  -1.7957170e+01   6.2556199e+01  -2.1000000e+01  -5.4986845e+01   3.7285274e+01
  -3.0000000e+01  -4.9000000e+01  -2.0556807e+01   6.2473784e+01  -2.1000000e+01  -5.3250438e+01   3.2133553e+01
  -3.0000000e+01  -4.9000000e+01  -1.9602426e+01   6.0805036e+01  -2.1000000e+01  -4.9068232e+01   2.8186058e+01
  -3.0000000e+01  -4.9000000e+01  -2.1999261e+01   5.8627548e+01  -2.1000000e+01  -4.6229296e+01   2.3246875e+01
  -3.0000000e+01  -4.9000000e+01  -2.4489450e+01   5.5127659e+01  -2.1000000e+01  -4.1549248e+01   1.7839007e+01
  -3.0000000e+01  -4.9000000e+01  -2.9186426e+01   5.3362856e+01  -2.1000000e+01  -3.9075524e+01   1.1437092e+01
  -3.0000000e+01  -4.9000000e+01  -3.3260152e+01   5.4961275e+01  -2.1000000e+01  -3.9975602e+01   6.2625039e+00
  -3.0000000e+01  -4.9000000e+01  -3.6415685e+01   5.5655498e+01  -2.1000000e+01  -3.9464391e+01  -1.9155054e-01
  -3.0000000e+01  -4.9000000e+01  -3.8911093e+01   5.4023192e+01  -2.1000000e+01  -3.6895112e+01  -6.5738595e+00
  -3.0000000e+01  -4.9000000e+01  -3.7426332e+01   5.2217620e+01  -2.1000000e+01  -3.2573064e+01  -1.0785707e+01
  -3.0000000e+01  -4.9000000e+01  -3.8398943e+01   5.0462406e+01  -2.1000000e+01  -2.8486037e+01  -1.5520007e+01
  -3.0000000e+01  -4.9000000e+01  -4.0401051e+01   4.8141660e+01  -2.1000000e+01  -2.5093854e+01  -1.9327768e+01
  -3.0000000e+01  -4.9000000e+01  -4.5562262e+01   4.6593479e+01  -2.1000000e+01  -2.3308241e+01  -2.4902097e+01
  -3.0000000e+01  -4.9000000e+01  -4.8898081e+01   4.5946129e+01  -2.1000000e+01  -2.2914691e+01  -2.9571973e+01
  -3.0000000e+01  -4.9000000e+01  -4.7106009e+01   4.4582933e+01  -2.1000000e+01  -2.1479679e+01  -2.8318051e+01
  -3.0000000e+01  -4.9000000e+01  -4.1331280e+01   4.2565682e+01  -2.1000000e+01  -2.0806742e+01  -2.5129936e+01
  -3.0000000e+01  -4.9000000e+01  -3.8632239e+01   4.1815606e+01  -2.1000000e+01  -2.3891862e+01  -2.0503916e+01
  -3.0000000e+01  -4.9000000e+01  -3.4104579e+01   4.1101149e+01  -2.1000000e+01  -2.6281856e+01  -1.1819023e+01
  -3.0000000e+01  -4.9000000e+01  -2.8924919e+01   4.2071570e+01  -2.1000000e+01  -3.0142070e+01  -2.5831844e+00
  -3.0000000e+01  -4.9000000e+01  -2.5660561e+01   4.4029058e+01  -2.1000000e+01  -3.5704316e+01   6.7356529e+00
  -3.0000000e+01  -4.9000000e+01  -2.2271963e+01   4.6235481e+01  -2.1000000e+01  -4.0985324e+01   1.5718389e+01
  -3.0000000e+01  -4.9000000e+01  -1.7983845e+01   4.7925973e+01  -2.1000000e+01  -4.4620029e+01   2.5444902e+01
  -3.0000000e+01  -4.9000000e+01  -1.6100821e+01   4.9179590e+01  -2.1000000e+01  -4.8867979e+01   3.5409291e+01
  -3.0000000e+01  -4.9000000e+01  -1.4147152e+01   5.0643672e+01  -2.1000000e+01  -5.3023653e+01   4.3925114e+01
  -3.0000000e+01  -4.9000000e+01  -1.1753393e+01   5.1969981e+01  -2.1000000e+01  -5.6875644e+01   5.0631813e+01
  -3.0000000e+01  -4.9000000e+01  -1.2652399e+01   5.3741896e+01  -2.1000000e+01  -6.0822868e+01   5.5953266e+01
  -3.0000000e+01  -4.9000000e+01  -1.4689849e+01   5.4937096e+01  -2.1000000e+01  -6.5023170e+01   6.1901462e+01
  -3.0000000e+01  -4.9000000e+01  -1.2672156e+01   5.7438894e+01  -2.1000000e+01  -6.6377919e+01   6.2814620e+01
  -3.0000000e+01  -4.9000000e+01  -1.2314984e+01   5.8882528e+01  -2.1000000e+01  -6.6138469e+01   6.0120815e+01
  -3.0000000e+01  -4.9000000e+01  -1.2848210e+01   6.1239896e+01  -2.1000000e+01  -6.4829822e+01   5.6502005e+01
  -3.0000000e+01  -4.9000000e+01  -1.2747111e+01   6.0615689e+01  -2.1000000e+01  -6.2164734e+01   5.3211923e+01
  -3.0000000e+01  -4.9000000e+01  -1.3771691e+01   6.1103437e+01  -2.1000000e+01  -5.9787642e+01   4.8933398e+01
  -3.0000000e+01  -4.9000000e+01  -1.4873818e+01   6.0097290e+01  -2.1000000e+01  -5.6796641e+01   4.4064823e+01
  -3.0000000e+01  -4.9000000e+01  -1.3931170e+01   5.7954185e+01  -2.1000000e+01  -5.2360364e+01   4.0431269e+01
  -3.0000000e+01  -4.9000000e+01  -1.5786686e+01   5.4669850e+01  -2.1000000e+01  -4.7648700e+01   3.8697858e+01
  -3.0000000e+01  -4.9000000e+01  -1.8849865e+01   5.3722697e+01  -2.1000000e+01  -4.6349502e+01   3.5660481e+01
  -3.0000000e+01  -4.9000000e+01  -2.3512918e+01   5.6160340e+01  -2.1000000e+01  -4.8623497e+01   3.1844210e+01
  -3.0000000e+01  -4.9000000e+01  -2.5333599e+01   5.3321551e+01  -2.1000000e+01  -4.6006202e+01   2.9652814e+01
  -3.0000000e+01  -4.9000000e+01  -2.4141211e+01   5.1680905e+01  -2.1000000e+01  -4.3548092e+01   2.8730706e+01
  -3.0000000e+01  -4.9000000e+01  -2.4733117e+01   5.1025803e+01  -2.1000000e+01  -4.2469199e+01   2.7457938e+01
  -3.0000000e+01  -4.9000000e+01  -2.7244243e+01   4.9068443e+01  -2.1000000e+01  -4.0786141e+01   2.5753944e+01
  -3.0000000e+01  -4.9000000e+01  -3.0052745e+01   4.9411143e+01  -2.1000000e+01  -4.1091025e+01   2.3693657e+01
  -3.0000000e+01  -4.9000000e+01  -3.3839561e+01   4.8169226e+01  -2.1000000e+01  -4.0936911e+01   2.1877192e+01
  -3.0000000e+01  -4.9000000e+01  -3.8454949e+01   4.8159540e+01  -2.1000000e+01  -4.1030698e+01   1.5772664e+01
  -3.0000000e+01  -4.9000000e+01  -4.1557488e+01   4.7648860e+01  -2.1000000e+01  -4.0864287e+01   1.0751753e+01
  -3.0000000e+01  -4.9000000e+01  -4.3332155e+01   4.7331277e+01  -2.1000000e+01  -3.9472936e+01   6.5962911e+00
  -3.0000000e+01  -4.9000000e+01  -4.4027383e+01   4.6127818e+01  -2.1000000e+01  -3.6805831e+01   2.7952404e+00
  -3.0000000e+01  -4.9000000e+01  -4.4482632e+01   4.4123633e+01  -2.1000000e+01  -3.3287202e+01  -1.3993810e+00
  -3.0000000e+01  -4.9000000e+01  -4.4256514e+01   4.2524081e+01  -2.1000000e+01  -2.9380635e+01  -5.2242635e+00
  -3.0000000e+01  -4.9000000e+01  -4.5035433e+01   4.0933461e+01  -2.1000000e+01  -2.5755319e+01  -8.9388390e+00
  -3.0000000e+01  -4.9000000e+01  -4.4794387e+01   3.9394796e+01  -2.1000000e+01  -2.2140613e+01  -1.2787769e+01
  -3.0000000e+01  -4.9000000e+01  -4.8994590e+01   3.7972715e+01  -2.1000000e+01  -2.0713595e+01  -1.7908143e+01
  -3.0000000e+01  -4.9000000e+01  -4.8748089e+01   3.7131706e+01  -2.1000000e+01  -1.8850801e+01  -2.1916513e+01
  -3.0000000e+01  -4.9000000e+01  -4.9464105e+01   3.6508920e+01  -2.1000000e+01  -1.9594496e+01  -2.6145161e+01
  -3.0000000e+01  -4.9000000e+01  -4.6469389e+01   3.6592267e+01  -2.1000000e+01  -2.2109208e+01  -2.6632897e+01
  -3.0000000e+01  -4.9000000e+01  -4.1454745e+01   3.6859930e+01  -2.1000000e+01  -2.4236043e+01  -2.3735751e+01
  -3.0000000e+01  -4.9000000e+01  -3.5001116e+01   3.7018678e+01  -2.1000000e+01  -2.6377593e+01  -1.8089463e+01
  -3.0000000e+01  -4.9000000e+01  -3.0533677e+01   3.9687430e+01  -2.1000000e+01  -3.1675630e+01  -1.1036642e+01
  -3.0000000e+01  -4.9000000e+01  -2.6836909e+01   4.2782983e+01  -2.1000000e+01  -3.6895383e+01  -3.1890384e+00
  -3.0000000e+01  -4.9000000e+01  -2.6312067e+01   4.5165926e+01  -2.1000000e+01  -4.2155518e+01   4.7215898e+00
  -3.0000000e+01  -4.9000000e+01  -2.0667066e+01   4.8104304e+01  -2.1000000e+01  -4.6356648e+01   1.3611645e+01
  -3.0000000e+01  -4.9000000e+01  -1.5040156e+01   5.0375973e+01  -2.1000000e+01  -4.9707553e+01   2.2797675e+01
  -3.0000000e+01  -4.9000000e+01  -1.0882142e+01   5.2491861e+01  -2.1000000e+01  -5.2268166e+01   3.1578861e+01
  -3.0000000e+01  -4.9000000e+01  -8.8325899e+00   5.4383536e+01  -2.1000000e+01  -5.4551536e+01   3.9959357e+01
  -3.0000000e+01  -4.9000000e+01  -9.0930539e+00   5.6134530e+01  -2.1000000e+01  -5.7344905e+01   4.6709975e+01
  -3.0000000e+01  -4.9000000e+01  -1.0485274e+01   5.7119961e+01  -2.1000000e+01  -6.0961800e+01   5.2661022e+01
  -3.0000000e+01  -4.9000000e+01  -1.1986118e+01   5.8629621e+01  -2.1000000e+01  -6.4145799e+01   5.6444647e+01
  -3.0000000e+01  -4.9000000e+01  -1.3312692e+01   6.0016430e+01  -2.1000000e+01  -6.7254766e+01   5.8791825e+01
  -3.0000000e+01  -4.9000000e+01  -1.1954666e+01   6.1723115e+01  -2.1000000e+01  -6.7593532e+01   5.6248323e+01
  -3.0000000e+01  -4.9000000e+01  -1.0087118e+01   6.1478959e+01  -2.1000000e+01  -6.4994153e+01   5.3731605e+01
  -3.0000000e+01  -4.9000000e+01  -1.4187678e+01   6.2937220e+01  -2.1000000e+01  -6.5556322e+01   5.0435284e+01
  -3.0000000e+01  -4.9000000e+01  -1.2736210e+01   6.4298748e+01  -2.1000000e+01  -6.4035025e+01   4.6042800e+01
  -3.0000000e+01  -4.9000000e+01  -1.2258513e+01   6.5827946e+01  -2.1000000e+01  -6.2414499e+01   4.3237520e+01
  -3.0000000e+01  -4.9000000e+01  -1.2145889e+01   6.5774921e+01  -2.1000000e+01  -6.0010538e+01   4.0924375e+01
  -3.0000000e+01  -4.9000000e+01  -1.3627159e+01   6.3570000e+01  -2.1000000e+01  -5.7918584e+01   4.0318189e+01
  -3.0000000e+01  -4.9000000e+01  -1.5162408e+01   6.2499156e+01  -2.1000000e+01  -5.6946362e+01   3.9683118e+01
  -3.0000000e+01  -4.9000000e+01  -1.8411892e+01   6.3305901e+01  -2.1000000e+01  -5.7687089e+01   3.7629829e+01
  -3.0000000e+01  -4.9000000e+01  -1.9536575e+01   6.1286491e+01  -2.1000000e+01  -5.5892760e+01   3.5891759e+01
  -3.0000000e+01  -4.9000000e+01  -1.9785784e+01   6.1410141e+01  -2.1000000e+01  -5.4907381e+01   3.3199359e+01
  -3.0000000e+01  -4.9000000e+01  -2.1710095e+01   6.3300168e+01  -2.1000000e+01  -5.5943693e+01   3.2438827e+01
  -3.0000000e+01  -4.9000000e+01  -2.1880080e+01   6.4147985e+01  -2.1000000e+01  -5.6260776e+01   3.0577901e+01
  -3.0000000e+01  -4.9000000e+01  -2.1733817e+01   6.4289761e+01  -2.1000000e+01  -5.5765147e+01   2.8714105e+01
  -3.0000000e+01  -4.9000000e+01  -2.3194337e+01   6.4471737e+01  -2.1000000e+01  -5.5694908e+01   2.6130137e+01
  -3.0000000e+01  -4.9000000e+01  -2.2526956e+01   6.3343988e+01  -2.1000000e+01  -5.2777327e+01   2.3462316e+01
  -3.0000000e+01  -4.9000000e+01  -2.4435132e+01   6.2626360e+01  -2.1000000e+01  -5.1341008e+01   2.1304779e+01
  -3.0000000e+01  -4.9000000e+01  -2.5058967e+01   6.2007401e+01  -2.1000000e+01  -4.9522527e+01   1.8474021e+01
  -3.0000000e+01  -4.9000000e+01  -2.6603406e+01   5.9076302e+01  -2.1000000e+01  -4.6020802e+01   1.4793751e+01
  -3.0000000e+01  -4.9000000e+01  -2.6973743e+01   5.7758765e+01  -2.1000000e+01  -4.2402816e+01   1.1713528e+01
  -3.0000000e+01  -4.9000000e+01  -3.0946710e+01   5.7357556e+01  -2.1000000e+01  -4.1015818e+01   7.8822263e+00
  -3.0000000e+01  -4.9000000e+01  -3.2705147e+01   5.5172445e+01  -2.1000000e+01  -3.7435601e+01   4.3286873e+00
  -3.0000000e+01  -4.9000000e+01  -3.4626239e+01   5.4999360e+01  -2.1000000e+01  -3.5652533e+01   4.1649380e-01
  -3.0000000e+01  -4.9000000e+01  -3.6654980e+01   5.4482220e+01  -2.1000000e+01  -3.4333596e+01  -4.6009137e+00
  -3.0000000e+01  -4.9000000e+01  -3.8582418e+01   5.4168546e+01  -2.1000000e+01  -3.2696219e+01  -1.0017792e+01
  -3.0000000e+01  -4.9000000e+01  -4.0931533e+01   5.2805110e+01  -2.1000000e+01  -3.0599307e+01  -1.4000382e+01
  -3.0000000e+01  -4.9000000e+01  -4.1585390e+01   5.0786328e+01  -2.1000000e+01  -2.8445371e+01  -1.6907267e+01
  -3.0000000e+01  -4.9000000e+01  -3.6966371e+01   4.8930035e+01  -2.1000000e+01  -2.7684110e+01  -1.9689290e+01
  -3.0000000e+01  -4.9000000e+01  -3.2899588e+01   4.6109021e+01  -2.1000000e+01  -2.7395251e+01  -1.9636815e+01
  -3.0000000e+01  -4.9000000e+01  -2.7709929e+01   4.3889411e+01  -2.1000000e+01  -2.8839489e+01  -1.5780082e+01
  -3.0000000e+01  -4.9000000e+01  -2.4625380e+01   4.4194104e+01  -2.1000000e+01  -3.3102249e+01  -8.5456727e+00
  -3.0000000e+01  -4.9000000e+01  -2.1462228e+01   4.5264940e+01  -2.1000000e+01  -3.8010680e+01  -8.0126247e-01
  -3.0000000e+01  -4.9000000e+01  -1.9451872e+01   4.6480253e+01  -2.1000000e+01  -4.3111248e+01   7.3072999e+00
  -3.0000000e+01  -4.9000000e+01  -1.3952613e+01   4.6499089e+01  -2.1000000e+01  -4.5104346e+01   1.6229778e+01
  -3.0000000e+01  -4.9000000e+01  -1.2426057e+01   4.8894317e+01  -2.1000000e+01  -4.8522782e+01   2.4520980e+01
  -3.0000000e+01  -4.9000000e+01  -1.2328710e+01   4.9991776e+01  -2.1000000e+01  -5.2257926e+01   3.4415082e+01
  -3.0000000e+01  -4.9000000e+01  -1.3402576e+01   5.0733892e+01  -2.1000000e+01  -5.5757182e+01   4.4452209e+01
  -3.0000000e+01  -4.9000000e+01  -1.0954822e+01   5.0666943e+01  -2.1000000e+01  -5.7162661e+01   5.3683569e+01
  -3.0000000e+01  -4.9000000e+01  -7.7314392e+00   5.1081094e+01  -2.1000000e+01  -5.5606413e+01   5.7879210e+01
  -3.0000000e+01  -4.9000000e+01  -7.3633068e+00   5.0757813e+01  -2.1000000e+01  -5.5342244e+01   6.0337235e+01
  -3.0000000e+01  -4.9000000e+01  -6.8732688e+00   5.0427776e+01  -2.1000000e+01  -5.3069009e+01   5.9244538e+01
  -3.0000000e+01  -4.9000000e+01  -1.0168140e+01   5.1424015e+01  -2.1000000e+01  -5.2954828e+01   5.6009869e+01
  -3.0000000e+01  -4.9000000e+01  -1.1423763e+01   5.2782492e+01  -2.1000000e+01  -5.2951298e+01   5.3517277e+01
  -3.0000000e+01  -4.9000000e+01  -1.3655333e+01   5.5425725e+01  -2.1000000e+01  -5.3990725e+01   5.1429333e+01
  -3.0000000e+01  -4.9000000e+01  -1.5830668e+01   5.6329571e+01  -2.1000000e+01  -5.4707070e+01   4.8740060e+01
  -3.0000000e+01  -4.9000000e+01  -1.7248376e+01   5.8172077e+01  -2.1000000e+01  -5.4386789e+01   4.5211828e+01
  -3.0000000e+01  -4.9000000e+01  -1.7179851e+01   6.0254258e+01  -2.1000000e+01  -5.3510875e+01   3.9478587e+01
  -3.0000000e+01  -4.9000000e+01  -1.2722877e+01   5.7611444e+01  -2.1000000e+01  -4.8648740e+01   3.7753028e+01
  -3.0000000e+01  -4.9000000e+01  -1.5806360e+01   5.5377001e+01  -2.1000000e+01  -4.4284600e+01   3.3166807e+01
  -3.0000000e+01  -4.9000000e+01  -1.9593383e+01   5.2960336e+01  -2.1000000e+01  -4.0882863e+01   2.8159545e+01
  -3.0000000e+01  -4.9000000e+01  -2.4528324e+01   5.2089894e+01  -2.1000000e+01  -3.9308631e+01   2.1975563e+01
  -3.0000000e+01  -4.9000000e+01  -2.7945740e+01   5.1486850e+01  -2.1000000e+01  -3.8302020e+01   1.7677091e+01
  -3.0000000e+01  -4.9000000e+01  -2.8206364e+01   5.0183718e+01  -2.1000000e+01  -3.5733755e+01   1.4230171e+01
  -3.0000000e+01  -4.9000000e+01  -3.2887750e+01   5.0283707e+01  -2.1000000e+01  -3.5128611e+01   8.5866095e+00
  -3.0000000e+01  -4.9000000e+01  -3.6908682e+01   5.0199371e+01  -2.1000000e+01  -3.4606694e+01   2.6614265e+00
  -3.0000000e+01  -4.9000000e+01  -4.1605842e+01   4.9720311e+01  -2.1000000e+01  -3.4537472e+01  -3.3491609e+00
  -3.0000000e+01  -4.9000000e+01  -4.4922898e+01   4.9759242e+01  -2.1000000e+01  -3.3852389e+01  -9.3369443e+00
  -3.0000000e+01  -4.9000000e+01  -4.8300805e+01   4.9178977e+01  -2.1000000e+01  -3.2441375e+01  -1.5348467e+01
  -3.0000000e+01  -4.9000000e+01  -4.7441805e+01   4.7990934e+01  -2.1000000e+01  -2.8558083e+01  -2.1249585e+01
  -3.0000000e+01  -4.9000000e+01  -4.7333104e+01   4.6313100e+01  -2.1000000e+01  -2.4977686e+01  -2.4940678e+01
  -3.0000000e+01  -4.9000000e+01  -4.6993269e+01   4.4670457e+01  -2.1000000e+01  -2.1547692e+01  -2.8986727e+01
  -3.0000000e+01  -4.9000000e+01  -4.7683434e+01   4.2973657e+01  -2.1000000e+01  -1.8439237e+01  -3.2328236e+01
  -3.0000000e+01  -4.9000000e+01  -4.9729491e+01   4.1109972e+01  -2.1000000e+01  -1.5998638e+01  -3.5283086e+01
  -3.0000000e+01  -4.9000000e+01  -4.9547760e+01   3.9205319e+01  -2.1000000e+01  -1.4387831e+01  -3.6562900e+01
  -3.0000000e+01  -4.9000000e+01  -5.0503652e+01   3.7504280e+01  -2.1000000e+01  -1.3729245e+01  -3.6873895e+01
  -3.0000000e+01  -4.9000000e+01  -5.1926213e+01   3.6775319e+01  -2.1000000e+01  -1.5457837e+01  -3.5939901e+01
  -3.0000000e+01  -4.9000000e+01  -5.1069513e+01   3.5413880e+01  -2.1000000e+01  -1.7179817e+01  -3.3316643e+01
  -3.0000000e+01  -4.9000000e+01  -4.6919029e+01   3.5458479e+01  -2.1000000e+01  -1.9786551e+01  -2.7460563e+01
  -3.0000000e+01  -4.9000000e+01  -4.0262818e+01   3.5895714e+01  -2.1000000e+01  -2.1760437e+01  -1.8812630e+01
  -3.0000000e+01  -4.9000000e+01  -3.2032873e+01   3.6548160e+01  -2.1000000e+01  -2.4089457e+01  -9.6212102e+00
  -3.0000000e+01  -4.9000000e+01  -2.6290556e+01   3.9047026e+01  -2.1000000e+01  -2.8741744e+01  -1.4297090e-01
  -3.0000000e+01  -4.9000000e+01  -2.5285824e+01   4.0148523e+01  -2.1000000e+01  -3.5069848e+01   8.4186346e+00
  -3.0000000e+01  -4.9000000e+01  -2.1917619e+01   4.1139325e+01  -2.1000000e+01  -4.0981522e+01   1.6680579e+01
  -3.0000000e+01  -4.9000000e+01  -1.7740652e+01   4.3585481e+01  -2.1000000e+01  -4.4874701e+01   2.6676877e+01
  -3.0000000e+01  -4.9000000e+01  -1.3921804e+01   4.4635732e+01  -2.1000000e+01  -4.9172574e+01   3.6606797e+01
  -3.0000000e+01  -4.9000000e+01  -1.1504774e+01   4.6234041e+01  -2.1000000e+01  -5.2913093e+01   4.5077328e+01
  -3.0000000e+01  -4.9000000e+01  -1.1977019e+01   4.7586076e+01  -2.1000000e+01  -5.7147233e+01   5.1939082e+01
  -3.0000000e+01  -4.9000000e+01  -1.2992494e+01   4.8720808e+01  -2.1000000e+01  -6.1332774e+01   5.8772346e+01
  -3.0000000e+01  -4.9000000e+01  -1.5075099e+01   5.0032477e+01  -2.1000000e+01  -6.5584142e+01   6.2921554e+01
  -3.0000000e+01  -4.9000000e+01  -1.2328326e+01   5.2788096e+01  -2.1000000e+01  -6.6816078e+01   6.4719845e+01
  -3.0000000e+01  -4.9000000e+01  -1.3154120e+01   5.6157454e+01  -2.1000000e+01  -6.7823535e+01   6.4497807e+01
  -3.0000000e+01  -4.9000000e+01  -1.2980501e+01   5.8703475e+01  -2.1000000e+01  -6.7652731e+01   6.0149000e+01
  -3.0000000e+01  -4.9000000e+01  -1.1620548e+01   5.9558806e+01  -2.1000000e+01  -6.3702962e+01   5.5243886e+01
  -3.0000000e+01  -4.9000000e+01  -1.2333734e+01   5.9593054e+01  -2.1000000e+01  -6.0916249e+01   5.2512955e+01
  -3.0000000e+01  -4.9000000e+01  -1.3458912e+01   5.9634353e+01  -2.1000000e+01  -5.8452171e+01   4.8055109e+01
  -3.0000000e+01  -4.9000000e+01  -1.4073423e+01   5.8439830e+01  -2.1000000e+01  -5.4858602e+01   4.3035718e+01
  -3.0000000e+01  -4.9000000e+01  -1.2907870e+01   5.6029475e+01  -2.1000000e+01  -5.0606112e+01   4.0948302e+01
  -3.0000000e+01  -4.9000000e+01  -1.5435521e+01   5.4311886e+01  -2.1000000e+01  -4.6899453e+01   3.5775340e+01
  -3.0000000e+01  -4.9000000e+01  -2.3367199e+01   5.5169996e+01  -2.1000000e+01  -4.7713978e+01   3.0253194e+01
  -3.0000000e+01  -4.9000000e+01  -2.5496176e+01   5.5234578e+01  -2.1000000e+01  -4.6083931e+01   2.4791587e+01
  -3.0000000e+01  -4.9000000e+01  -2.3754301e+01   5.3597042e+01  -2.1000000e+01  -4.1933119e+01   2.1324566e+01
  -3.0000000e+01  -4.9000000e+01  -2.6562577e+01   5.3044525e+01  -2.1000000e+01  -3.9679666e+01   1.7404249e+01
  -3.0000000e+01  -4.9000000e+01  -2.8401418e+01   5.1668128e+01  -2.1000000e+01  -3.7444220e+01   1.4112753e+01
  -3.0000000e+01  -4.9000000e+01  -3.1744027e+01   4.9613366e+01  -2.1000000e+01  -3.4804759e+01   9.6535622e+00
  -3.0000000e+01  -4.9000000e+01  -3.5622357e+01   4.8742557e+01  -2.1000000e+01  -3.3472592e+01   3.4774227e+00
  -3.0000000e+01  -4.9000000e+01  -3.8153244e+01   4.7414946e+01  -2.1000000e+01  -3.1815852e+01  -1.1286877e+00
  -3.0000000e+01  -4.9000000e+01  -4.0077820e+01   4.5980802e+01  -2.1000000e+01  -2.9339010e+01  -6.3710480e+00
  -3.0000000e+01  -4.9000000e+01  -4.1072826e+01   4.5013672e+01  -2.1000000e+01  -2.6226455e+01  -1.0561264e+01
  -3.0000000e+01  -4.9000000e+01  -4.2351563e+01   4.3740983e+01  -2.1000000e+01  -2.3483349e+01  -1.4853974e+01
  -3.0000000e+01  -4.9000000e+01  -4.6713090e+01   4.2574231e+01  -2.1000000e+01  -2.2424638e+01  -2.0622854e+01
  -3.0000000e+01  -4.9000000e+01  -4.8843008e+01   4.1339226e+01  -2.1000000e+01  -2.0891620e+01  -2.4319396e+01
  -3.0000000e+01  -4.9000000e+01  -4.8279080e+01   4.0326297e+01  -2.1000000e+01  -1.9349059e+01  -2.6027335e+01
  -3.0000000e+01  -4.9000000e+01  -4.8731225e+01   3.9535783e+01  -2.1000000e+01  -1.8938081e+01  -2.6352685e+01
  -3.0000000e+01  -4.9000000e+01  -4.7308778e+01   3.9813796e+01  -2.1000000e+01  -2.0777354e+01  -2.5276389e+01
  -3.0000000e+01  -4.9000000e+01  -4.2961319e+01   4.0843166e+01  -2.1000000e+01  -2.4948955e+01  -2.0926276e+01
  -3.0000000e+01  -4.9000000e+01  -3.6761692e+01   4.0868924e+01  -2.1000000e+01  -2.7537099e+01  -1.4295629e+01
  -3.0000000e+01  -4.9000000e+01  -3.1310472e+01   4.2425507e+01  -2.1000000e+01  -3.1330116e+01  -5.2183633e+00
  -3.0000000e+01  -4.9000000e+01  -2.7842712e+01   4.4755407e+01  -2.1000000e+01  -3.6730818e+01   3.1226258e+00
  -3.0000000e+01  -4.9000000e+01  -2.6876749e+01   4.6941042e+01  -2.1000000e+01  -4.2678538e+01   1.0752870e+01
  -3.0000000e+01  -4.9000000e+01  -2.3732472e+01   4.7885082e+01  -2.1000000e+01  -4.6984061e+01   1.9448602e+01
  -3.0000000e+01  -4.9000000e+01  -1.9967537e+01   4.9017754e+01  -2.1000000e+01  -5.1307963e+01   2.9396486e+01
  -3.0000000e+01  -4.9000000e+01  -1.3403002e+01   5.0052585e+01  -2.1000000e+01  -5.4989401e+01   3.9129354e+01
  -3.0000000e+01  -4.9000000e+01  -1.2949094e+01   5.1458846e+01  -2.1000000e+01  -5.9201017e+01   4.7283636e+01
  -3.0000000e+01  -4.9000000e+01  -1.1947538e+01   5.0568182e+01  -2.1000000e+01  -6.3267566e+01   5.4922981e+01
  -3.0000000e+01  -4.9000000e+01  -1.4249081e+01   5.2009585e+01  -2.1000000e+01  -6.6670663e+01   6.0909199e+01
  -3.0000000e+01  -4.9000000e+01  -1.6533733e+01   5.4893405e+01  -2.1000000e+01  -6.8894782e+01   6.3456570e+01
  -3.0000000e+01  -4.9000000e+01  -1.5657465e+01   5.8880304e+01  -2.1000000e+01  -6.9465888e+01   6.1945160e+01
  -3.0000000e+01  -4.9000000e+01  -1.4602786e+01   6.2188620e+01  -2.1000000e+01  -7.0112779e+01   5.6874778e+01
  -3.0000000e+01  -4.9000000e+01  -1.4748417e+01   6.4877146e+01  -2.1000000e+01  -6.9044647e+01   5.2796495e+01
  -3.0000000e+01  -4.9000000e+01  -1.2847164e+01   6.4778898e+01  -2.1000000e+01  -6.6552327e+01   4.7629589e+01
  -3.0000000e+01  -4.9000000e+01  -1.2621642e+01   6.3524077e+01  -2.1000000e+01  -6.2478654e+01   4.4453694e+01
  -3.0000000e+01  -4.9000000e+01  -1.3205433e+01   6.0883763e+01  -2.1000000e+01  -5.8057354e+01   4.2444664e+01
  -3.0000000e+01  -4.9000000e+01  -1.4479776e+01   5.9082553e+01  -2.1000000e+01  -5.4157439e+01   3.8907975e+01
  -3.0000000e+01  -4.9000000e+01  -1.6271387e+01   5.7896777e+01  -2.1000000e+01  -5.1396615e+01   3.6079242e+01
  -3.0000000e+01  -4.9000000e+01  -2.1345140e+01   5.9006114e+01  -2.1000000e+01  -5.2577013e+01   3.2276098e+01
  -3.0000000e+01  -4.9000000e+01  -2.2236380e+01   5.8982976e+01  -2.1000000e+01  -5.0485072e+01   2.5987953e+01
  -3.0000000e+01  -4.9000000e+01  -2.1426179e+01   5.6812133e+01  -2.1000000e+01  -4.6698214e+01   2.2127366e+01
  -3.0000000e+01  -4.9000000e+01  -2.2943468e+01   5.6792060e+01  -2.1000000e+01  -4.4449131e+01   1.8487835e+01
  -3.0000000e+01  -4.9000000e+01  -2.8531914e+01   5.8173260e+01  -2.1000000e+01  -4.6369438e+01   1.4772593e+01
  -3.0000000e+01  -4.9000000e+01  -3.1680611e+01   5.9224601e+01  -2.1000000e+01  -4.7050994e+01   1.0653098e+01
  -3.0000000e+01  -4.9000000e+01  -3.4872409e+01   6.0529741e+01  -2.1000000e+01  -4.7353315e+01   5.7226610e+00
  -3.0000000e+01  -4.9000000e+01  -3.7731206e+01   6.0090695e+01  -2.1000000e+01  -4.5527444e+01   2.6376101e-01
  -3.0000000e+01  -4.9000000e+01  -4.0506214e+01   5.8927401e+01  -2.1000000e+01  -4.3381908e+01  -5.8778057e+00
  -3.0000000e+01  -4.9000000e+01  -4.2081678e+01   5.7127653e+01  -2.1000000e+01  -3.9982661e+01  -1.1673339e+01
  -3.0000000e+01  -4.9000000e+01  -4.3071660e+01   5.5155157e+01  -2.1000000e+01  -3.6082324e+01  -1.5956793e+01
  -3.0000000e+01  -4.9000000e+01  -4.3460429e+01   5.2737129e+01  -2.1000000e+01  -3.2150120e+01  -1.9426989e+01
  -3.0000000e+01  -4.9000000e+01  -4.6511196e+01   5.0686789e+01  -2.1000000e+01  -2.9657895e+01  -2.3294001e+01
  -3.0000000e+01  -4.9000000e+01  -4.8751978e+01   4.8735367e+01  -2.1000000e+01  -2.7025751e+01  -2.7014543e+01
  -3.0000000e+01  -4.9000000e+01  -4.8157387e+01   4.7201371e+01  -2.1000000e+01  -2.3981024e+01  -3.0149515e+01
  -3.0000000e+01  -4.9000000e+01  -4.9122283e+01   4.5014604e+01  -2.1000000e+01  -2.2578304e+01  -3.1282908e+01
  -3.0000000e+01  -4.9000000e+01  -4.5876866e+01   4.3920422e+01  -2.1000000e+01  -2.2600226e+01  -3.1815001e+01
  -3.0000000e+01  -4.9000000e+01  -4.3386253e+01   4.3701105e+01  -2.1000000e+01  -2.5824403e+01  -2.9806942e+01
  -3.0000000e+01  -4.9000000e+01  -3.8757716e+01   4.3672938e+01  -2.1000000e+01  -2.8103248e+01  -2.3825041e+01
  -3.0000000e+01  -4.9000000e+01  -3.0650643e+01   4.4861779e+01  -2.1000000e+01  -3.1330764e+01  -1.4619311e+01
  -3.0000000e+01  -4.9000000e+01  -2.8643742e+01   4.5952466e+01  -2.1000000e+01  -3.6723865e+01  -7.3804761e+00
  -3.0000000e+01  -4.9000000e+01  -2.3958774e+01   4.7080625e+01  -2.1000000e+01  -4.1572358e+01   1.5758046e+00
  -3.0000000e+01  -4.9000000e+01  -1.9020484e+01   4.7596817e+01  -2.1000000e+01  -4.5141409e+01   1.1981767e+01
  -3.0000000e+01  -4.9000000e+01  -1.4315528e+01   4.8125403e+01  -2.1000000e+01  -4.8828240e+01   2.2193596e+01
  -3.0000000e+01  -4.9000000e+01  -1.2541583e+01   4.9120529e+01  -2.1000000e+01  -5.2768210e+01   3.2211753e+01
  -3.0000000e+01  -4.9000000e+01  -1.3802568e+01   5.0187256e+01  -2.1000000e+01  -5.7331072e+01   4.1361476e+01
  -3.0000000e+01  -4.9000000e+01  -1.3117494e+01   5.1734472e+01  -2.1000000e+01  -6.1219716e+01   4.6515651e+01
  -3.0000000e+01  -4.9000000e+01  -1.2581171e+01   5.4296875e+01  -2.1000000e+01  -6.4032659e+01   5.0526786e+01
  -3.0000000e+01  -4.9000000e+01  -8.0145028e+00   5.7367215e+01  -2.1000000e+01  -6.4118497e+01   4.6113598e+01
  -3.0000000e+01  -4.9000000e+01  -1.2352190e+01   5.9320431e+01  -2.1000000e+01  -6.5331882e+01   5.5539720e+01
  -3.0000000e+01  -4.9000000e+01  -1.0264959e+01   5.9051617e+01  -2.1000000e+01  -6.1684904e+01   5.2814398e+01
  -3.0000000e+01  -4.9000000e+01  -1.0202182e+01   5.8090689e+01  -2.1000000e+01  -5.8335127e+01   5.1518977e+01
  -3.0000000e+01  -4.9000000e+01  -1.1329399e+01   5.7556189e+01  -2.1000000e+01  -5.5271710e+01   4.6945329e+01
  -3.0000000e+01  -4.9000000e+01  -1.2406484e+01   5.7839015e+01  -2.1000000e+01  -5.3559262e+01   4.1997024e+01
  -3.0000000e+01  -4.9000000e+01  -1.5178469e+01   5.7969161e+01  -2.1000000e+01  -5.2419683e+01   3.8837588e+01
  -3.0000000e+01  -4.9000000e+01  -1.3487116e+01   5.5861421e+01  -2.1000000e+01  -4.8445730e+01   3.5263048e+01
  -3.0000000e+01  -4.9000000e+01  -1.5440119e+01   5.4340993e+01  -2.1000000e+01  -4.4968051e+01   3.1615446e+01
  -3.0000000e+01  -4.9000000e+01  -1.9868424e+01   5.5031252e+01  -2.1000000e+01  -4.4446681e+01   2.8154463e+01
  -3.0000000e+01  -4.9000000e+01  -2.5377721e+01   5.6651802e+01  -2.1000000e+01  -4.6344341e+01   2.2736065e+01
  -3.0000000e+01  -4.9000000e+01  -2.5221190e+01   5.4326823e+01  -2.1000000e+01  -4.2767814e+01   1.9751572e+01
  -3.0000000e+01  -4.9000000e+01  -2.8866300e+01   5.5138999e+01  -2.1000000e+01  -4.2845134e+01   1.5984644e+01
  -3.0000000e+01  -4.9000000e+01  -3.2341996e+01   5.4942554e+01  -2.1000000e+01  -4.2782255e+01   1.2566603e+01
  -3.0000000e+01  -4.9000000e+01  -3.3568202e+01   5.4613409e+01  -2.1000000e+01  -4.0846739e+01   7.5343203e+00
  -3.0000000e+01  -4.9000000e+01  -3.6636755e+01   5.4894263e+01  -2.1000000e+01  -3.9714826e+01   2.3364945e+00
  -3.0000000e+01  -4.9000000e+01  -3.8973123e+01   5.3853225e+01  -2.1000000e+01  -3.8172034e+01  -2.2571997e+00
  -3.0000000e+01  -4.9000000e+01  -4.1348199e+01   5.3023042e+01  -2.1000000e+01  -3.6777037e+01  -7.8660102e+00
  -3.0000000e+01  -4.9000000e+01  -4.3800603e+01   5.1211218e+01  -2.1000000e+01  -3.4069217e+01  -1.2136287e+01
  -3.0000000e+01  -4.9000000e+01  -4.2911287e+01   4.9646884e+01  -2.1000000e+01  -3.0121764e+01  -1.4798512e+01
  -3.0000000e+01  -4.9000000e+01  -4.4926278e+01   4.8321173e+01  -2.1000000e+01  -2.7387915e+01  -1.9143882e+01
  -3.0000000e+01  -4.9000000e+01  -4.7071317e+01   4.6783760e+01  -2.1000000e+01  -2.5338800e+01  -2.2415351e+01
  -3.0000000e+01  -4.9000000e+01  -4.8044738e+01   4.5505654e+01  -2.1000000e+01  -2.3131127e+01  -2.6136495e+01
  -3.0000000e+01  -4.9000000e+01  -4.9668709e+01   4.4293742e+01  -2.1000000e+01  -2.1320847e+01  -2.9889171e+01
  -3.0000000e+01  -4.9000000e+01  -5.0488644e+01   4.2864468e+01  -2.1000000e+01  -2.0680960e+01  -3.0116603e+01
  -3.0000000e+01  -4.9000000e+01  -4.7974730e+01   4.1999285e+01  -2.1000000e+01  -2.0908007e+01  -2.7647915e+01
  -3.0000000e+01  -4.9000000e+01  -4.2726544e+01   4.3805682e+01  -2.1000000e+01  -2.4861773e+01  -2.3155786e+01
  -3.0000000e+01  -4.9000000e+01  -3.8618940e+01   4.4348259e+01  -2.1000000e+01  -2.8932361e+01  -1.4655279e+01
  -3.0000000e+01  -4.9000000e+01  -3.2262143e+01   4.4889361e+01  -2.1000000e+01  -3.2948930e+01  -5.0167274e+00
  -3.0000000e+01  -4.9000000e+01  -2.9033532e+01   4.6155225e+01  -2.1000000e+01  -3.8536385e+01   3.5873071e+00
  -3.0000000e+01  -4.9000000e+01  -2.7672258e+01   4.7010381e+01  -2.1000000e+01  -4.4646354e+01   1.0671932e+01
  -3.0000000e+01  -4.9000000e+01  -2.3226222e+01   4.7610529e+01  -2.1000000e+01  -4.9952231e+01   1.9558988e+01
  -3.0000000e+01  -4.9000000e+01  -1.7416656e+01   4.9550000e+01  -2.1000000e+01  -5.3592374e+01   2.9703007e+01
  -3.0000000e+01  -4.9000000e+01  -1.5493369e+01   5.0828830e+01  -2.1000000e+01  -5.8586305e+01   3.9127180e+01
  -3.0000000e+01  -4.9000000e+01  -1.5407382e+01   5.1457385e+01  -2.1000000e+01  -6.3755378e+01   4.8366686e+01
  -3.0000000e+01  -4.9000000e+01  -1.5444595e+01   5.2421908e+01  -2.1000000e+01  -6.8114037e+01   5.6115141e+01
  -3.0000000e+01  -4.9000000e+01  -1.7478471e+01   5.5359286e+01  -2.1000000e+01  -7.0810803e+01   6.0892655e+01
  -3.0000000e+01  -4.9000000e+01  -1.6922252e+01   5.8988518e+01  -2.1000000e+01  -7.2104109e+01   6.1802314e+01
  -3.0000000e+01  -4.9000000e+01  -1.6183889e+01   6.1235173e+01  -2.1000000e+01  -7.2502503e+01   5.9861929e+01
  -3.0000000e+01  -4.9000000e+01  -1.4126015e+01   6.2297735e+01  -2.1000000e+01  -7.1675320e+01   5.5991645e+01
  -3.0000000e+01  -4.9000000e+01  -1.5256300e+01   6.5224381e+01  -2.1000000e+01  -6.9745560e+01   5.1858963e+01
  -3.0000000e+01  -4.9000000e+01  -1.6287104e+01   6.5815230e+01  -2.1000000e+01  -6.8706374e+01   4.8063195e+01
  -3.0000000e+01  -4.9000000e+01  -1.3592316e+01   6.4120490e+01  -2.1000000e+01  -6.4059477e+01   4.3997800e+01
  -3.0000000e+01  -4.9000000e+01  -1.6666866e+01   6.3707045e+01  -2.1000000e+01  -6.2074316e+01   4.1796379e+01
  -3.0000000e+01  -4.9000000e+01  -1.6188611e+01   6.1104794e+01  -2.1000000e+01  -5.7504382e+01   3.8320312e+01
  -3.0000000e+01  -4.9000000e+01  -1.7971519e+01   5.8372371e+01  -2.1000000e+01  -5.3380855e+01   3.5284570e+01
  -3.0000000e+01  -4.9000000e+01  -1.8438976e+01   5.5721022e+01  -2.1000000e+01  -4.8648281e+01   3.1756465e+01
  -3.0000000e+01  -4.9000000e+01  -2.2876970e+01   5.4113310e+01  -2.1000000e+01  -4.5811400e+01   2.8970204e+01
  -3.0000000e+01  -4.9000000e+01  -2.6207200e+01   5.4558849e+01  -2.1000000e+01  -4.5013467e+01   2.2255965e+01
  -3.0000000e+01  -4.9000000e+01  -2.9412402e+01   5.4658098e+01  -2.1000000e+01  -4.5067500e+01   1.8733707e+01
  -3.0000000e+01  -4.9000000e+01  -3.0997118e+01   5.6066169e+01  -2.1000000e+01  -4.5174371e+01   1.5846552e+01
  -3.0000000e+01  -4.9000000e+01  -3.4940303e+01   5.5817034e+01  -2.1000000e+01  -4.4980388e+01   1.2186518e+01
  -3.0000000e+01  -4.9000000e+01  -3.7399428e+01   5.4379341e+01  -2.1000000e+01  -4.3142280e+01   8.2007774e+00
  -3.0000000e+01  -4.9000000e+01  -4.0094231e+01   5.4359931e+01  -2.1000000e+01  -4.2180028e+01   4.2765593e+00
  -3.0000000e+01  -4.9000000e+01  -4.3865100e+01   5.3650827e+01  -2.1000000e+01  -4.1967323e+01   3.0742578e-01
  -3.0000000e+01  -4.9000000e+01  -4.6652761e+01   5.2213820e+01  -2.1000000e+01  -4.0041242e+01  -5.4759391e+00
  -3.0000000e+01  -4.9000000e+01  -4.8598359e+01   5.0582149e+01  -2.1000000e+01  -3.6720611e+01  -1.1212007e+01
  -3.0000000e+01  -4.9000000e+01  -4.9259291e+01   4.8339602e+01  -2.1000000e+01  -3.2659337e+01  -1.6819582e+01
  -3.0000000e+01  -4.9000000e+01  -4.9548445e+01   4.6064846e+01  -2.1000000e+01  -2.8673497e+01  -2.1619365e+01
  -3.0000000e+01  -4.9000000e+01  -5.0670216e+01   4.3993995e+01  -2.1000000e+01  -2.5435205e+01  -2.5024729e+01
  -3.0000000e+01  -4.9000000e+01  -5.1350245e+01   4.2997009e+01  -2.1000000e+01  -2.2966883e+01  -2.9292658e+01
  -3.0000000e+01  -4.9000000e+01  -5.3601170e+01   4.1691558e+01  -2.1000000e+01  -2.0992140e+01  -3.3088074e+01
  -3.0000000e+01  -4.9000000e+01  -5.4469252e+01   4.0386078e+01  -2.1000000e+01  -1.9004082e+01  -3.5616111e+01
  -3.0000000e+01  -4.9000000e+01  -5.4299860e+01   3.8666181e+01  -2.1000000e+01  -1.7518571e+01  -3.5889949e+01
  -3.0000000e+01  -4.9000000e+01  -5.2848314e+01   3.6399057e+01  -2.1000000e+01  -1.6659001e+01  -3.3139095e+01
  -3.0000000e+01  -4.9000000e+01  -4.9963653e+01   3.6281761e+01  -2.1000000e+01  -1.8190779e+01  -2.8922442e+01
  -3.0000000e+01  -4.9000000e+01  -4.4427014e+01   3.5609357e+01  -2.1000000e+01  -1.9941576e+01  -2.1135540e+01
  -3.0000000e+01  -4.9000000e+01  -3.8840401e+01   3.7069368e+01  -2.1000000e+01  -2.3944268e+01  -1.2535350e+01
  -3.0000000e+01  -4.9000000e+01  -3.2667048e+01   3.9972717e+01  -2.1000000e+01  -2.9171247e+01  -4.0915930e+00
  -3.0000000e+01  -4.9000000e+01  -2.5783899e+01   4.3339273e+01  -2.1000000e+01  -3.3476866e+01   5.1125123e+00
  -3.0000000e+01  -4.9000000e+01  -2.4989831e+01   4.4160765e+01  -2.1000000e+01  -3.8107273e+01   1.4524620e+01
  -3.0000000e+01  -4.9000000e+01  -2.3668972e+01   4.4635206e+01  -2.1000000e+01  -4.3759174e+01   2.3298334e+01
  -3.0000000e+01  -4.9000000e+01  -1.8892395e+01   4.5369154e+01  -2.1000000e+01  -4.8424219e+01   3.3113003e+01
  -3.0000000e+01  -4.9000000e+01  -1.4504452e+01   4.6466271e+01  -2.1000000e+01  -5.2697212e+01   4.2415129e+01
  -3.0000000e+01  -4.9000000e+01  -1.3140182e+01   4.7476568e+01  -2.1000000e+01  -5.7168870e+01   5.0475001e+01
  -3.0000000e+01  -4.9000000e+01  -1.4625904e+01   4.9255054e+01  -2.1000000e+01  -6.1282903e+01   5.5948468e+01
  -3.0000000e+01  -4.9000000e+01  -1.7135939e+01   5.1774014e+01  -2.1000000e+01  -6.5009030e+01   5.9025060e+01
  -3.0000000e+01  -4.9000000e+01  -1.5596764e+01   5.4863495e+01  -2.1000000e+01  -6.7003979e+01   5.7508695e+01
  -3.0000000e+01  -4.9000000e+01  -1.5316737e+01   5.9235291e+01  -2.1000000e+01  -6.7974781e+01   5.5007475e+01
  -3.0000000e+01  -4.9000000e+01  -1.4595074e+01   6.2574721e+01  -2.1000000e+01  -6.7853865e+01   5.2897121e+01
  -3.0000000e+01  -4.9000000e+01  -1.5069705e+01   6.4946474e+01  -2.1000000e+01  -6.8574812e+01   5.0769992e+01
  -3.0000000e+01  -4.9000000e+01  -1.4205058e+01   6.4986274e+01  -2.1000000e+01  -6.6530376e+01   4.7208836e+01
  -3.0000000e+01  -4.9000000e+01  -1.6164059e+01   6.5938697e+01  -2.1000000e+01  -6.5436652e+01   4.5617504e+01
  -3.0000000e+01  -4.9000000e+01  -1.8505427e+01   6.6282062e+01  -2.1000000e+01  -6.4980140e+01   4.3416951e+01
  -3.0000000e+01  -4.9000000e+01  -2.0234578e+01   6.6451863e+01  -2.1000000e+01  -6.4472923e+01   4.0869164e+01
  -3.0000000e+01  -4.9000000e+01  -1.8535443e+01   6.3262764e+01  -2.1000000e+01  -5.8378091e+01   3.7415970e+01
  -3.0000000e+01  -4.9000000e+01  -1.9361834e+01   6.1781989e+01  -2.1000000e+01  -5.4296498e+01   3.2287841e+01
  -3.0000000e+01  -4.9000000e+01  -2.0324548e+01   6.0953089e+01  -2.1000000e+01  -5.1478648e+01   2.9402427e+01
  -3.0000000e+01  -4.9000000e+01  -2.3675969e+01   5.8150102e+01  -2.1000000e+01  -4.8532586e+01   2.6546335e+01
  -3.0000000e+01  -4.9000000e+01  -2.4720182e+01   5.4806368e+01  -2.1000000e+01  -4.3906168e+01   2.3747342e+01
  -3.0000000e+01  -4.9000000e+01  -2.7991331e+01   5.4703226e+01  -2.1000000e+01  -4.3673650e+01   2.0857588e+01
  -3.0000000e+01  -4.9000000e+01  -2.8788132e+01   5.4378787e+01  -2.1000000e+01  -4.2128504e+01   1.8346093e+01
  -3.0000000e+01  -4.9000000e+01  -3.1620827e+01   5.3612366e+01  -2.1000000e+01  -4.1270172e+01   1.5723763e+01
  -3.0000000e+01  -4.9000000e+01  -3.2813168e+01   5.3038211e+01  -2.1000000e+01  -3.9780745e+01   1.1449252e+01
  -3.0000000e+01  -4.9000000e+01  -3.5698774e+01   5.1312778e+01  -2.1000000e+01  -3.7567571e+01   7.1931888e+00
  -3.0000000e+01  -4.9000000e+01  -3.6100248e+01   4.9233993e+01  -2.1000000e+01  -3.3874276e+01   3.2554488e+00
  -3.0000000e+01  -4.9000000e+01  -3.5981109e+01   4.7167556e+01  -2.1000000e+01  -3.0232140e+01   8.0625242e-01
  -3.0000000e+01  -4.9000000e+01  -3.7986959e+01   4.5226180e+01  -2.1000000e+01  -2.7866111e+01  -2.4575303e+00
  -3.0000000e+01  -4.9000000e+01  -3.9254930e+01   4.4644453e+01  -2.1000000e+01  -2.5751183e+01  -6.2209496e+00
  -3.0000000e+01  -4.9000000e+01  -4.3208711e+01   4.3844255e+01  -2.1000000e+01  -2.4896242e+01  -1.0667318e+01
  -3.0000000e+01  -4.9000000e+01  -4.5862256e+01   4.3123023e+01  -2.1000000e+01  -2.3894736e+01  -1.5390041e+01
  -3.0000000e+01  -4.9000000e+01  -4.9171636e+01   4.3040125e+01  -2.1000000e+01  -2.3488827e+01  -2.0363965e+01
  -3.0000000e+01  -4.9000000e+01  -5.1334871e+01   4.2759132e+01  -2.1000000e+01  -2.3012756e+01  -2.4223236e+01
  -3.0000000e+01  -4.9000000e+01  -4.8183435e+01   4.2041652e+01  -2.1000000e+01  -2.1829674e+01  -2.4640924e+01
  -3.0000000e+01  -4.9000000e+01  -4.3866810e+01   4.2123150e+01  -2.1000000e+01  -2.4026140e+01  -2.3515668e+01
  -3.0000000e+01  -4.9000000e+01  -4.0209893e+01   4.1418494e+01  -2.1000000e+01  -2.6942582e+01  -1.9105047e+01
  -3.0000000e+01  -4.9000000e+01  -3.4836230e+01   4.1967231e+01  -2.1000000e+01  -3.1426349e+01  -1.3155156e+01
  -3.0000000e+01  -4.9000000e+01  -3.2396574e+01   4.4044935e+01  -2.1000000e+01  -3.6834246e+01  -6.1014459e+00
  -3.0000000e+01  -4.9000000e+01  -2.9138895e+01   4.6398836e+01  -2.1000000e+01  -4.1932498e+01   1.9456383e+00
  -3.0000000e+01  -4.9000000e+01  -2.6430308e+01   4.8713069e+01  -2.1000000e+01  -4.6915678e+01   9.6061851e+00
  -3.0000000e+01  -4.9000000e+01  -1.9194966e+01   5.1007747e+01  -2.1000000e+01  -5.0182792e+01   1.8883629e+01
  -3.0000000e+01  -4.9000000e+01  -1.7791307e+01   5.3663172e+01  -2.1000000e+01  -5.4257687e+01   2.7372291e+01
  -3.0000000e+01  -4.9000000e+01  -1.4044266e+01   5.5924619e+01  -2.1000000e+01  -5.7223155e+01   3.6222365e+01
  -3.0000000e+01  -4.9000000e+01  -1.1462101e+01   5.5975349e+01  -2.1000000e+01  -6.0718116e+01   4.4334713e+01
  -3.0000000e+01  -4.9000000e+01  -9.8777735e+00   5.6987871e+01  -2.1000000e+01  -6.3257118e+01   5.1983040e+01
  -3.0000000e+01  -4.9000000e+01  -1.2282380e+01   5.8037071e+01  -2.1000000e+01  -6.6611434e+01   5.8752509e+01
  -3.0000000e+01  -4.9000000e+01  -1.3882138e+01   5.9356635e+01  -2.1000000e+01  -6.9570885e+01   6.3214761e+01
  -3.0000000e+01  -4.9000000e+01  -1.6271845e+01   6.1458977e+01  -2.1000000e+01  -7.2274768e+01   6.4997893e+01
  -3.0000000e+01  -4.9000000e+01  -1.3390108e+01   6.2612062e+01  -2.1000000e+01  -7.2143954e+01   6.2710322e+01
  -3.0000000e+01  -4.9000000e+01  -1.2674999e+01   6.3998677e+01  -2.1000000e+01  -7.1961078e+01   6.0277174e+01
  -3.0000000e+01  -4.9000000e+01  -1.4624364e+01   6.6009520e+01  -2.1000000e+01  -7.1508301e+01   5.6077920e+01
  -3.0000000e+01  -4.9000000e+01  -1.4587625e+01   6.7022243e+01  -2.1000000e+01  -7.0512076e+01   5.1896532e+01
  -3.0000000e+01  -4.9000000e+01  -1.3149188e+01   6.6150201e+01  -2.1000000e+01  -6.7120076e+01   4.8062884e+01
  -3.0000000e+01  -4.9000000e+01  -1.5190339e+01   6.5389747e+01  -2.1000000e+01  -6.4388110e+01   4.4566606e+01
  -3.0000000e+01  -4.9000000e+01  -1.6624428e+01   6.3059988e+01  -2.1000000e+01  -6.0736033e+01   4.2600847e+01
  -3.0000000e+01  -4.9000000e+01  -1.7355496e+01   5.9889187e+01  -2.1000000e+01  -5.6224327e+01   4.0206210e+01
  -3.0000000e+01  -4.9000000e+01  -1.9346032e+01   5.8846287e+01  -2.1000000e+01  -5.4578990e+01   3.8737045e+01
  -3.0000000e+01  -4.9000000e+01  -2.1877940e+01   5.9233597e+01  -2.1000000e+01  -5.5065903e+01   3.6822514e+01
  -3.0000000e+01  -4.9000000e+01  -2.3715211e+01   5.5747767e+01  -2.1000000e+01  -5.3003649e+01   3.4961775e+01
  -3.0000000e+01  -4.9000000e+01  -2.3516588e+01   5.6191172e+01  -2.1000000e+01  -5.1920130e+01   3.0689412e+01
  -3.0000000e+01  -4.9000000e+01  -2.3416826e+01   5.6543350e+01  -2.1000000e+01  -5.0322765e+01   2.8650084e+01
  -3.0000000e+01  -4.9000000e+01  -2.7359284e+01   5.7055346e+01  -2.1000000e+01  -5.0884229e+01   2.6447815e+01
  -3.0000000e+01  -4.9000000e+01  -3.1948881e+01   5.7197144e+01  -2.1000000e+01  -5.1930991e+01   2.3819542e+01
  -3.0000000e+01  -4.9000000e+01  -3.2379206e+01   5.6527642e+01  -2.1000000e+01  -5.0130554e+01   2.0925752e+01
  -3.0000000e+01  -4.9000000e+01  -3.5330932e+01   5.5867572e+01  -2.1000000e+01  -4.8983749e+01   1.7418438e+01
  -3.0000000e+01  -4.9000000e+01  -3.7776207e+01   5.5474292e+01  -2.1000000e+01  -4.7249065e+01   1.2524137e+01
  -3.0000000e+01  -4.9000000e+01  -3.9584230e+01   5.5131050e+01  -2.1000000e+01  -4.5157409e+01   7.6573557e+00
  -3.0000000e+01  -4.9000000e+01  -4.1493265e+01   5.3408946e+01  -2.1000000e+01  -4.1811096e+01   2.8361096e+00
  -3.0000000e+01  -4.9000000e+01  -4.4816910e+01   5.1350013e+01  -2.1000000e+01  -3.8629033e+01  -3.1928646e+00
  -3.0000000e+01  -4.9000000e+01  -4.7711389e+01   4.9521361e+01  -2.1000000e+01  -3.5070155e+01  -9.6411917e+00
  -3.0000000e+01  -4.9000000e+01  -4.9005551e+01   4.7550415e+01  -2.1000000e+01  -3.1305204e+01  -1.5373215e+01
  -3.0000000e+01  -4.9000000e+01  -5.0262399e+01   4.5737131e+01  -2.1000000e+01  -2.8472756e+01  -2.0264824e+01
  -3.0000000e+01  -4.9000000e+01  -5.1122845e+01   4.4147035e+01  -2.1000000e+01  -2.5473832e+01  -2.4933303e+01
  -3.0000000e+01  -4.9000000e+01  -5.0956281e+01   4.3351806e+01  -2.1000000e+01  -2.4692136e+01  -2.8603752e+01
  -3.0000000e+01  -4.9000000e+01  -5.0564059e+01   4.2957848e+01  -2.1000000e+01  -2.6162223e+01  -2.9191554e+01
  -3.0000000e+01  -4.9000000e+01  -4.7153718e+01   4.1190062e+01  -2.1000000e+01  -2.7782245e+01  -2.5222480e+01
  -3.0000000e+01  -4.9000000e+01  -4.3946305e+01   4.0068327e+01  -2.1000000e+01  -2.9349415e+01  -1.9653075e+01
  -3.0000000e+01  -4.9000000e+01  -3.9128286e+01   3.9117174e+01  -2.1000000e+01  -3.1413700e+01  -1.2272324e+01
  -3.0000000e+01  -4.9000000e+01  -3.4230703e+01   3.8845068e+01  -2.1000000e+01  -3.4928217e+01  -4.2773644e+00
  -3.0000000e+01  -4.9000000e+01  -2.9799092e+01   3.9536423e+01  -2.1000000e+01  -3.8873064e+01   4.3325205e+00
  -3.0000000e+01  -4.9000000e+01  -2.3415563e+01   4.1410489e+01  -2.1000000e+01  -4.2899888e+01   1.4243667e+01
  -3.0000000e+01  -4.9000000e+01  -1.8776713e+01   4.4172303e+01  -2.1000000e+01  -4.7709522e+01   2.3424044e+01
  -3.0000000e+01  -4.9000000e+01  -1.6202034e+01   4.7269009e+01  -2.1000000e+01  -5.2578709e+01   3.2479377e+01
  -3.0000000e+01  -4.9000000e+01  -1.6266744e+01   4.9968272e+01  -2.1000000e+01  -5.7151178e+01   4.0372727e+01
  -3.0000000e+01  -4.9000000e+01  -1.6102720e+01   5.2400795e+01  -2.1000000e+01  -6.1288153e+01   4.6828552e+01
  -3.0000000e+01  -4.9000000e+01  -1.4442565e+01   5.3924619e+01  -2.1000000e+01  -6.3576679e+01   5.3557962e+01
  -3.0000000e+01  -4.9000000e+01  -1.2959899e+01   5.5317656e+01  -2.1000000e+01  -6.4291558e+01   5.9409352e+01
  -3.0000000e+01  -4.9000000e+01  -1.2109608e+01   5.5498015e+01  -2.1000000e+01  -6.3109153e+01   6.0301869e+01
  -3.0000000e+01  -4.9000000e+01  -1.3758808e+01   5.7273924e+01  -2.1000000e+01  -6.1380867e+01   5.7994365e+01
  -3.0000000e+01  -4.9000000e+01  -1.6711636e+01   5.8124831e+01  -2.1000000e+01  -6.0953947e+01   5.4699396e+01
  -3.0000000e+01  -4.9000000e+01  -1.5275418e+01   5.9347588e+01  -2.1000000e+01  -5.9191749e+01   5.0921227e+01
  -3.0000000e+01  -4.9000000e+01  -1.5992557e+01   5.8949460e+01  -2.1000000e+01  -5.7085385e+01   4.7397930e+01
  -3.0000000e+01  -4.9000000e+01  -1.5788712e+01   5.7724453e+01  -2.1000000e+01  -5.4474153e+01   4.3730397e+01
  -3.0000000e+01  -4.9000000e+01  -1.5611643e+01   5.6788658e+01  -2.1000000e+01  -5.1867456e+01   4.1555797e+01
  -3.0000000e+01  -4.9000000e+01  -1.5800699e+01   5.5653677e+01  -2.1000000e+01  -4.9176648e+01   3.9836796e+01
  -3.0000000e+01  -4.9000000e+01  -1.6962574e+01   5.3582555e+01  -2.1000000e+01  -4.7323554e+01   3.7103043e+01
  -3.0000000e+01  -4.9000000e+01  -1.9680241e+01   5.4240245e+01  -2.1000000e+01  -4.7089385e+01   3.2298912e+01
  -3.0000000e+01  -4.9000000e+01  -2.2122374e+01   5.4246474e+01  -2.1000000e+01  -4.6484876e+01   2.9255124e+01
  -3.0000000e+01  -4.9000000e+01  -2.4621501e+01   5.6384799e+01  -2.1000000e+01  -4.7991811e+01   2.8551025e+01
  -3.0000000e+01  -4.9000000e+01  -2.7242318e+01   5.4522689e+01  -2.1000000e+01  -4.5168855e+01   2.2294313e+01
  -3.0000000e+01  -4.9000000e+01  -2.9824428e+01   5.1820514e+01  -2.1000000e+01  -4.2916362e+01   2.0758004e+01
  -3.0000000e+01  -4.9000000e+01  -3.2185525e+01   5.0422011e+01  -2.1000000e+01  -4.1241430e+01   1.7405320e+01
  -3.0000000e+01  -4.9000000e+01  -3.6526904e+01   5.0416045e+01  -2.1000000e+01  -4.1050527e+01   1.3935898e+01
  -3.0000000e+01  -4.9000000e+01  -4.0295514e+01   5.0386252e+01  -2.1000000e+01  -4.0960852e+01   1.0230944e+01
  -3.0000000e+01  -4.9000000e+01  -4.1921567e+01   5.0672955e+01  -2.1000000e+01  -4.0195832e+01   6.1096415e+00
  -3.0000000e+01  -4.9000000e+01  -4.3824130e+01   4.9983705e+01  -2.1000000e+01  -3.8597084e+01   1.2374923e+00
  -3.0000000e+01  -4.9000000e+01  -4.4552156e+01   4.8131198e+01  -2.1000000e+01  -3.5181932e+01  -3.1028505e+00
  -3.0000000e+01  -4.9000000e+01  -4.5213763e+01   4.6483202e+01  -2.1000000e+01  -3.1306223e+01  -8.2850548e+00
  -3.0000000e+01  -4.9000000e+01  -4.4175174e+01   4.4179784e+01  -2.1000000e+01  -2.7118875e+01  -1.1972304e+01
  -3.0000000e+01  -4.9000000e+01  -4.4063861e+01   4.2162831e+01  -2.1000000e+01  -2.2876368e+01  -1.5792006e+01
  -3.0000000e+01  -4.9000000e+01  -4.8134735e+01   4.0079526e+01  -2.1000000e+01  -2.0677772e+01  -2.0498052e+01
  -3.0000000e+01  -4.9000000e+01  -5.0319065e+01   3.8725859e+01  -2.1000000e+01  -1.8700742e+01  -2.4860722e+01
  -3.0000000e+01  -4.9000000e+01  -5.1328552e+01   3.6896077e+01  -2.1000000e+01  -1.6786726e+01  -2.7161004e+01
  -3.0000000e+01  -4.9000000e+01  -5.1181826e+01   3.5647546e+01  -2.1000000e+01  -1.5838489e+01  -2.7623196e+01
  -3.0000000e+01  -4.9000000e+01  -4.7826457e+01   3.6118939e+01  -2.1000000e+01  -1.6505902e+01  -2.6525924e+01
  -3.0000000e+01  -4.9000000e+01  -4.4157169e+01   3.7304303e+01  -2.1000000e+01  -2.0328955e+01  -2.1934040e+01
  -3.0000000e+01  -4.9000000e+01  -4.1006354e+01   3.7040691e+01  -2.1000000e+01  -2.2940283e+01  -1.5599605e+01
  -3.0000000e+01  -4.9000000e+01  -3.5996122e+01   3.7452181e+01  -2.1000000e+01  -2.6833528e+01  -8.9993436e+00
  -3.0000000e+01  -4.9000000e+01  -3.0518370e+01   3.8933871e+01  -2.1000000e+01  -3.1350720e+01  -5.5755313e-01
  -3.0000000e+01  -4.9000000e+01  -2.7179219e+01   4.1161692e+01  -2.1000000e+01  -3.7488335e+01   7.9748209e+00
  -3.0000000e+01  -4.9000000e+01  -2.5026954e+01   4.3221978e+01  -2.1000000e+01  -4.3792477e+01   1.6455011e+01
  -3.0000000e+01  -4.9000000e+01  -1.9436599e+01   4.5715148e+01  -2.1000000e+01  -4.8874808e+01   2.5108342e+01
  -3.0000000e+01  -4.9000000e+01  -1.7695563e+01   5.0035721e+01  -2.1000000e+01  -5.4343935e+01   3.0491518e+01
  -3.0000000e+01  -4.9000000e+01  -1.6337456e+01   5.4026369e+01  -2.1000000e+01  -5.9845798e+01   3.5957423e+01
  -3.0000000e+01  -4.9000000e+01  -1.4175075e+01   5.7313165e+01  -2.1000000e+01  -6.3798187e+01   4.2335405e+01
  -3.0000000e+01  -4.9000000e+01  -1.2921038e+01   5.9957513e+01  -2.1000000e+01  -6.6660352e+01   4.9131799e+01
  -3.0000000e+01  -4.9000000e+01  -1.2042428e+01   6.1968740e+01  -2.1000000e+01  -6.9665782e+01   5.3371019e+01
  -3.0000000e+01  -4.9000000e+01  -1.0698985e+01   6.2267510e+01  -2.1000000e+01  -7.0299252e+01   5.6650182e+01
  -3.0000000e+01  -4.9000000e+01  -1.2421485e+01   6.3964878e+01  -2.1000000e+01  -7.2072039e+01   5.7953333e+01
  -3.0000000e+01  -4.9000000e+01  -1.0708999e+01   6.4781546e+01  -2.1000000e+01  -7.2201515e+01   5.5545425e+01
  -3.0000000e+01  -4.9000000e+01  -1.0826856e+01   6.6332698e+01  -2.1000000e+01  -7.1385344e+01   5.4602254e+01
  -3.0000000e+01  -4.9000000e+01  -1.1772819e+01   6.7342441e+01  -2.1000000e+01  -7.1089841e+01   5.3514892e+01
  -3.0000000e+01  -4.9000000e+01  -1.3577847e+01   6.8250727e+01  -2.1000000e+01  -7.1139170e+01   5.1022444e+01
  -3.0000000e+01  -4.9000000e+01  -1.3286518e+01   6.7818824e+01  -2.1000000e+01  -6.9666952e+01   4.8038354e+01
  -3.0000000e+01  -4.9000000e+01  -1.3025645e+01   6.6433320e+01  -2.1000000e+01  -6.6067732e+01   4.6359742e+01
  -3.0000000e+01  -4.9000000e+01  -1.2075551e+01   6.3823993e+01  -2.1000000e+01  -6.0913575e+01   4.4539638e+01
  -3.0000000e+01  -4.9000000e+01  -1.2927317e+01   6.1389267e+01  -2.1000000e+01  -5.6242303e+01   4.2386947e+01
  -3.0000000e+01  -4.9000000e+01  -1.1726199e+01   5.8734517e+01  -2.1000000e+01  -5.1549178e+01   3.9870121e+01
  -3.0000000e+01  -4.9000000e+01  -1.4354457e+01   5.7352969e+01  -2.1000000e+01  -4.8279396e+01   3.6784347e+01
  -3.0000000e+01  -4.9000000e+01  -1.8720507e+01   5.6216303e+01  -2.1000000e+01  -4.6773807e+01   3.3479889e+01
  -3.0000000e+01  -4.9000000e+01  -2.1691089e+01   5.7941689e+01  -2.1000000e+01  -4.7823665e+01   2.9750052e+01
  -3.0000000e+01  -4.9000000e+01  -2.4779057e+01   5.6168788e+01  -2.1000000e+01  -4.6685812e+01   2.6154643e+01
  -3.0000000e+01  -4.9000000e+01  -2.3836102e+01   5.4174548e+01  -2.1000000e+01  -4.3984164e+01   2.4881746e+01
  -3.0000000e+01  -4.9000000e+01  -2.4639422e+01   5.3958921e+01  -2.1000000e+01  -4.2084087e+01   2.1963416e+01
  -3.0000000e+01  -4.9000000e+01  -2.9031708e+01   5.4234022e+01  -2.1000000e+01  -4.3733002e+01   1.9558526e+01
  -3.0000000e+01  -4.9000000e+01  -3.2453786e+01   5.4876229e+01  -2.1000000e+01  -4.4595726e+01   1.6306849e+01
  -3.0000000e+01  -4.9000000e+01  -3.4466366e+01   5.4122067e+01  -2.1000000e+01  -4.3488794e+01   1.3055607e+01
  -3.0000000e+01  -4.9000000e+01  -3.8104108e+01   5.3371740e+01  -2.1000000e+01  -4.2543135e+01   9.2153940e+00
  -3.0000000e+01  -4.9000000e+01  -4.0671841e+01   5.3038243e+01  -2.1000000e+01  -4.1390638e+01   5.0542192e+00
  -3.0000000e+01  -4.9000000e+01  -4.2685930e+01   5.2623216e+01  -2.1000000e+01  -4.0144490e+01   3.2019985e-01
  -3.0000000e+01  -4.9000000e+01  -4.5215120e+01   5.2030458e+01  -2.1000000e+01  -3.8668596e+01  -5.3962375e+00
  -3.0000000e+01  -4.9000000e+01  -4.6850572e+01   5.1057049e+01  -2.1000000e+01  -3.5191503e+01  -1.1784712e+01
  -3.0000000e+01  -4.9000000e+01  -4.8897111e+01   5.0170140e+01  -2.1000000e+01  -3.2898263e+01  -1.8066084e+01
  -3.0000000e+01  -4.9000000e+01  -5.0491886e+01   4.8472135e+01  -2.1000000e+01  -3.0613933e+01  -2.2666218e+01
  -3.0000000e+01  -4.9000000e+01  -5.2267950e+01   4.7015364e+01  -2.1000000e+01  -2.8156188e+01  -2.7174643e+01
  -3.0000000e+01  -4.9000000e+01  -5.2965014e+01   4.5964335e+01  -2.1000000e+01  -2.6301510e+01  -3.0276078e+01
  -3.0000000e+01  -4.9000000e+01  -5.0731816e+01   4.5110215e+01  -2.1000000e+01  -2.4854567e+01  -3.3086621e+01
  -3.0000000e+01  -4.9000000e+01  -4.6057901e+01   4.3304772e+01  -2.1000000e+01  -2.3659892e+01  -3.1083742e+01
  -3.0000000e+01  -4.9000000e+01  -4.2232713e+01   4.1866850e+01  -2.1000000e+01  -2.5464251e+01  -2.5149346e+01
  -3.0000000e+01  -4.9000000e+01  -3.6640112e+01   4.1415205e+01  -2.1000000e+01  -2.7748115e+01  -1.6786741e+01
  -3.0000000e+01  -4.9000000e+01  -3.0614099e+01   4.2126753e+01  -2.1000000e+01  -3.1586526e+01  -7.4030855e+00
  -3.0000000e+01  -4.9000000e+01  -2.6398337e+01   4.3698136e+01  -2.1000000e+01  -3.7879006e+01   1.0163462e+00
  -3.0000000e+01  -4.9000000e+01  -2.2422491e+01   4.5792773e+01  -2.1000000e+01  -4.3441305e+01   1.0310873e+01
  -3.0000000e+01  -4.9000000e+01  -1.7749071e+01   4.8564721e+01  -2.1000000e+01  -4.8289654e+01   1.9435731e+01
  -3.0000000e+01  -4.9000000e+01  -1.5770694e+01   5.1110722e+01  -2.1000000e+01  -5.3026051e+01   2.8399559e+01
  -3.0000000e+01  -4.9000000e+01  -1.6342745e+01   5.2343269e+01  -2.1000000e+01  -5.7306731e+01   3.7974047e+01
  -3.0000000e+01  -4.9000000e+01  -1.3374776e+01   5.3349100e+01  -2.1000000e+01  -6.0730516e+01   4.7568360e+01
  -3.0000000e+01  -4.9000000e+01  -1.0881639e+01   5.4118022e+01  -2.1000000e+01  -6.2916874e+01   5.5348051e+01
  -3.0000000e+01  -4.9000000e+01  -5.2079093e+00   5.3316121e+01  -2.1000000e+01  -6.0123034e+01   5.8949502e+01
  -3.0000000e+01  -4.9000000e+01  -4.3161838e+00   5.4004872e+01  -2.1000000e+01  -5.7009269e+01   5.8514693e+01
  -3.0000000e+01  -4.9000000e+01  -6.5874724e+00   5.4837800e+01  -2.1000000e+01  -5.5330735e+01   5.5029348e+01
  -3.0000000e+01  -4.9000000e+01  -1.0161327e+01   5.5658278e+01  -2.1000000e+01  -5.5009603e+01   5.1305271e+01
  -3.0000000e+01  -4.9000000e+01  -1.3784184e+01   5.8920177e+01  -2.1000000e+01  -5.6544637e+01   4.8349960e+01
  -3.0000000e+01  -4.9000000e+01  -1.6574204e+01   6.1030156e+01  -2.1000000e+01  -5.7533597e+01   4.2552209e+01
  -3.0000000e+01  -4.9000000e+01  -1.6826750e+01   6.1983825e+01  -2.1000000e+01  -5.6510390e+01   3.7407011e+01
  -3.0000000e+01  -4.9000000e+01  -1.6143963e+01   6.1932734e+01  -2.1000000e+01  -5.3238919e+01   3.5064626e+01
  -3.0000000e+01  -4.9000000e+01  -1.3054897e+01   5.8227615e+01  -2.1000000e+01  -4.8815084e+01   3.3567935e+01
  -3.0000000e+01  -4.9000000e+01  -1.6783074e+01   5.6400282e+01  -2.1000000e+01  -4.6824971e+01   3.0924890e+01
  -3.0000000e+01  -4.9000000e+01  -1.9665480e+01   5.5816403e+01  -2.1000000e+01  -4.5914792e+01   2.8890413e+01
  -3.0000000e+01  -4.9000000e+01  -2.4636129e+01   5.6434481e+01  -2.1000000e+01  -4.7973781e+01   2.5601633e+01
  -3.0000000e+01  -4.9000000e+01  -2.5645124e+01   5.6143264e+01  -2.1000000e+01  -4.6606929e+01   2.2198347e+01
  -3.0000000e+01  -4.9000000e+01  -2.5541480e+01   5.3603050e+01  -2.1000000e+01  -4.2443026e+01   2.0061690e+01
  -3.0000000e+01  -4.9000000e+01  -2.9450112e+01   5.3426160e+01  -2.1000000e+01  -4.2289587e+01   1.5054433e+01
  -3.0000000e+01  -4.9000000e+01  -3.1990762e+01   5.2081717e+01  -2.1000000e+01  -4.0114884e+01   1.1370626e+01
