  -1.0812663e+01  -3.6440297e+01  -2.5533899e+01   4.8550382e+01  -1.3006585e+01  -4.4284908e+01   3.0293806e+01
  -1.1983116e+01  -2.7735634e+01  -2.7276294e+01   3.4550382e+01  -1.1893954e+01  -3.8537341e+01   3.0097382e+01
  -1.2559132e+01  -2.4308097e+01  -2.9219164e+01   3.1040312e+01  -1.1214418e+01  -3.7887145e+01   2.9303579e+01
  -1.2283398e+01  -1.8842369e+01  -3.1435477e+01   2.7925310e+01  -1.1518421e+01  -4.0306439e+01   2.8897062e+01
  -1.3147498e+01  -1.8095934e+01  -3.2172699e+01   2.5759725e+01  -1.1686268e+01  -3.8555468e+01   2.8721857e+01
  -1.1401814e+01  -2.7696595e+01  -3.1033987e+01   3.4705993e+01  -1.3920922e+01  -3.7131596e+01   2.7370236e+01
  -1.1472818e+01  -3.1612248e+01  -3.1304479e+01   4.5776103e+01  -1.4719489e+01  -4.2743302e+01   2.6297532e+01
  -1.4085696e+01  -2.5901187e+01  -3.3544185e+01   3.4273889e+01  -1.0522159e+01  -3.5997745e+01   2.3821637e+01
  -1.2638426e+01  -2.5933212e+01  -3.3970410e+01   3.2749351e+01  -1.2683309e+01  -3.3485427e+01   2.2456192e+01
  -1.2257237e+01  -2.6041510e+01  -3.4043420e+01   3.2888608e+01  -1.4007333e+01  -3.2050849e+01   2.1032295e+01
  -1.0437639e+01  -3.2047959e+01  -3.4072000e+01   4.1536464e+01  -1.5712873e+01  -3.2983858e+01   1.8519020e+01
  -1.0071844e+01  -2.7830952e+01  -3.5199167e+01   3.4308304e+01  -1.6577027e+01  -2.8920481e+01   1.8159164e+01
  -8.3466425e+00  -3.1803287e+01  -3.6831789e+01   4.2610657e+01  -1.7898377e+01  -3.1498062e+01   1.6252500e+01
  -5.9572468e+00  -3.2280923e+01  -4.0322137e+01   4.4326515e+01  -1.9647691e+01  -3.0277937e+01   1.3036753e+01
  -4.8712258e+00  -2.9996421e+01  -4.2795737e+01   4.2432942e+01  -1.8870722e+01  -2.8657509e+01   8.4080717e+00
  -5.8101006e+00  -3.0867796e+01  -4.3056514e+01   4.8136093e+01  -1.8883063e+01  -3.0771329e+01   4.6662067e+00
  -6.9687514e+00  -2.9089791e+01  -4.3590657e+01   4.7884079e+01  -1.7930813e+01  -2.9646914e+01   1.3988440e-01
  -8.5278209e+00  -3.1164085e+01  -4.1632984e+01   5.5148016e+01  -1.7442872e+01  -3.6688885e+01   1.8812990e+00
  -1.3024872e+01  -2.8683131e+01  -3.8392174e+01   5.2429948e+01  -1.3606347e+01  -4.1506825e+01   4.9075280e+00
  -1.3688601e+01  -2.5662049e+01  -3.5749072e+01   3.9507419e+01  -1.4380937e+01  -3.8258549e+01   6.9972031e+00
  -1.4613132e+01  -2.6741855e+01  -3.2302092e+01   4.8498894e+01  -1.6412065e+01  -5.1792055e+01   2.6273485e+00
  -1.3652279e+01  -3.0685278e+01  -2.9433287e+01   5.2977237e+01  -1.8049439e+01  -5.6892510e+01   1.3285377e+00
  -1.2679314e+01  -2.9182001e+01  -2.8317216e+01   4.5613863e+01  -1.6696973e+01  -5.3492939e+01   2.6328022e+00
  -1.2970641e+01  -2.9198137e+01  -2.5267236e+01   4.2530375e+01  -1.5631330e+01  -5.3035059e+01   1.0476647e+01
  -1.1866267e+01  -2.9939696e+01  -2.3673374e+01   4.3861292e+01  -1.4356636e+01  -5.5157742e+01   1.7742645e+01
  -9.8065763e+00  -3.2979838e+01  -2.1048147e+01   5.1252869e+01  -1.4080936e+01  -5.9795211e+01   2.4500468e+01
  -8.1072509e+00  -3.4112293e+01  -1.9612101e+01   4.8904028e+01  -1.1946619e+01  -5.7408870e+01   3.0440500e+01
  -8.7082067e+00  -3.3051659e+01  -1.8489158e+01   4.4550353e+01  -8.8577497e+00  -5.5630176e+01   3.6925953e+01
  -6.8575155e+00  -3.2329688e+01  -1.6534321e+01   4.0180571e+01  -9.6230478e+00  -5.3425845e+01   4.2263751e+01
  -5.8336454e+00  -3.6385300e+01  -1.6405748e+01   4.6333083e+01  -9.4148849e+00  -5.5752031e+01   4.5982777e+01
  -8.7625786e-01  -3.9421868e+01  -1.9062160e+01   4.9679719e+01  -1.3457168e+01  -5.3008479e+01   4.6065974e+01
  -2.0860175e+00  -3.6283875e+01  -2.1692118e+01   5.0415724e+01  -1.2217506e+01  -5.3776614e+01   4.4384181e+01
  -5.8851933e+00  -3.1416752e+01  -2.3145505e+01   4.8492083e+01  -8.3441739e+00  -5.4087265e+01   4.1297580e+01
  -6.8467270e+00  -3.1993320e+01  -2.4093032e+01   5.1509701e+01  -7.1662625e+00  -5.5201849e+01   3.8502421e+01
  -6.6549014e+00  -3.1693430e+01  -2.6089217e+01   5.1567521e+01  -7.1928618e+00  -5.4058379e+01   3.5035483e+01
  -6.4471149e+00  -3.8792286e+01  -2.5673386e+01   6.5567521e+01  -7.7900523e+00  -5.8740964e+01   3.2982082e+01
  -6.6555614e+00  -3.6906284e+01  -2.6722955e+01   5.7952164e+01  -8.0767160e+00  -5.2722674e+01   3.1107457e+01
  -1.0296916e+01  -3.4084321e+01  -2.5858542e+01   5.6662254e+01  -5.7385065e+00  -5.4357835e+01   3.1937035e+01
  -9.5705622e+00  -3.7282703e+01  -2.6143446e+01   5.8646268e+01  -7.0900072e+00  -5.3502502e+01   3.1436681e+01
  -8.4098014e+00  -3.4796320e+01  -2.7084795e+01   5.5848435e+01  -8.4150564e+00  -5.3987763e+01   3.2546787e+01
  -9.8640190e+00  -2.8570081e+01  -2.8072925e+01   4.3953572e+01  -8.0905883e+00  -4.8805880e+01   3.3510917e+01
  -1.1869041e+01  -2.0160773e+01  -3.0010683e+01   2.9953572e+01  -6.0549700e+00  -4.2749416e+01   3.2261897e+01
  -1.1613895e+01  -2.7299829e+01  -2.9065406e+01   4.2116959e+01  -7.9932463e+00  -4.7430236e+01   3.1986892e+01
  -1.2225173e+01  -2.3100882e+01  -2.9676587e+01   3.2885873e+01  -8.1292217e+00  -4.2195266e+01   3.2328659e+01
  -1.1784791e+01  -2.0959736e+01  -3.0193560e+01   2.7686264e+01  -1.0214874e+01  -3.9486213e+01   3.3319206e+01
  -1.1491539e+01  -1.9263209e+01  -3.0850519e+01   2.2487038e+01  -1.1581982e+01  -3.6345569e+01   3.3953929e+01
  -1.1724462e+01  -1.9835512e+01  -3.1490760e+01   2.5835176e+01  -1.1837360e+01  -3.9221370e+01   3.3851414e+01
  -1.0278271e+01  -2.8372408e+01  -3.0262479e+01   3.8025944e+01  -1.4241094e+01  -4.2230546e+01   3.3168082e+01
  -1.0291035e+01  -3.0163548e+01  -3.0366939e+01   4.3056340e+01  -1.4859513e+01  -4.4649593e+01   3.1911497e+01
  -1.1798135e+01  -2.8491462e+01  -3.0542125e+01   4.0261269e+01  -1.4212457e+01  -4.2603685e+01   3.2195115e+01
  -9.8329499e+00  -2.8911778e+01  -3.1893990e+01   4.0666409e+01  -1.6169842e+01  -4.1421681e+01   3.0924828e+01
  -9.5655387e+00  -2.8485378e+01  -3.2548846e+01   3.9667698e+01  -1.7350479e+01  -3.9835092e+01   3.0875092e+01
  -8.1497641e+00  -2.8833508e+01  -3.3274223e+01   3.8606777e+01  -1.9421519e+01  -3.7834586e+01   2.9885747e+01
  -9.5502180e+00  -2.7034237e+01  -3.3692327e+01   3.6088548e+01  -1.8347831e+01  -3.5554903e+01   2.8130326e+01
  -8.4250491e+00  -3.0202873e+01  -3.4875447e+01   4.1654367e+01  -1.8511572e+01  -3.6357515e+01   2.5153004e+01
  -9.6510346e+00  -2.8789361e+01  -3.5408999e+01   4.0927623e+01  -1.7350867e+01  -3.5051170e+01   2.2986194e+01
  -1.0804028e+01  -2.6938662e+01  -3.6443087e+01   3.9814838e+01  -1.5993435e+01  -3.4922260e+01   2.1150872e+01
  -8.6599726e+00  -2.6969739e+01  -3.7401127e+01   3.6906592e+01  -1.8090184e+01  -3.0687904e+01   1.8670854e+01
  -7.0619522e+00  -2.7097323e+01  -4.1190934e+01   3.8921695e+01  -1.7162663e+01  -2.9755925e+01   1.2622520e+01
  -8.9092410e+00  -2.8049179e+01  -3.9898261e+01   4.3826771e+01  -1.6101839e+01  -3.5457679e+01   1.2053598e+01
  -1.2493721e+01  -2.8517279e+01  -3.5998454e+01   4.6442561e+01  -1.5669220e+01  -4.1098727e+01   1.3243550e+01
  -1.2812609e+01  -2.9891691e+01  -3.5435872e+01   5.1200299e+01  -1.5419434e+01  -4.5937796e+01   1.2258339e+01
  -1.3077766e+01  -2.8672916e+01  -3.6067963e+01   4.9567261e+01  -1.4328076e+01  -4.5441149e+01   8.4734313e+00
  -1.2679274e+01  -2.8426708e+01  -3.5233514e+01   5.2385937e+01  -1.4940655e+01  -4.8433798e+01   7.3862473e+00
  -1.1811219e+01  -2.9540905e+01  -3.4045851e+01   5.2856849e+01  -1.5541530e+01  -4.8512109e+01   8.1325622e+00
  -1.0559178e+01  -3.1701960e+01  -3.1527649e+01   5.4641676e+01  -1.6928556e+01  -5.2316139e+01   1.0352680e+01
  -1.1230333e+01  -3.1190476e+01  -2.9035336e+01   5.1271018e+01  -1.6092957e+01  -5.4317639e+01   1.5086502e+01
  -1.0745201e+01  -2.9154089e+01  -2.6524605e+01   4.2535578e+01  -1.4914299e+01  -5.2469380e+01   2.0743384e+01
  -9.7148137e+00  -3.1965401e+01  -2.1906861e+01   4.3965543e+01  -1.5315926e+01  -5.5629654e+01   2.5745992e+01
  -1.2079789e+01  -3.3532623e+01  -1.8825327e+01   4.7159095e+01  -1.0905410e+01  -6.0068612e+01   2.9991052e+01
  -1.1987840e+01  -3.3724751e+01  -1.5890513e+01   4.8717437e+01  -1.0505221e+01  -6.4286927e+01   3.7126078e+01
  -1.0016639e+01  -3.8295501e+01  -1.3899400e+01   4.6137320e+01  -1.0781990e+01  -5.6550178e+01   4.4054397e+01
  -4.8477503e+00  -3.8662725e+01  -1.6245648e+01   4.8961275e+01  -1.2371673e+01  -5.6840139e+01   4.7731011e+01
  -4.0591142e+00  -3.8988583e+01  -1.7745035e+01   5.2479165e+01  -1.1026422e+01  -5.7978530e+01   4.8349239e+01
  -3.2810188e+00  -3.8452919e+01  -1.9638902e+01   5.4159735e+01  -1.1461146e+01  -5.8629641e+01   4.6520011e+01
  -5.1197967e+00  -3.6735842e+01  -2.0801404e+01   5.1901124e+01  -1.0278835e+01  -5.6195378e+01   4.5549979e+01
  -5.3989563e+00  -3.4772717e+01  -2.1965121e+01   4.5932446e+01  -9.8896678e+00  -5.1309009e+01   4.3762382e+01
  -4.8108165e+00  -3.5963190e+01  -2.2486353e+01   4.8463897e+01  -1.1318985e+01  -5.1624575e+01   4.2744623e+01
  -4.9461306e+00  -3.2850422e+01  -2.3863293e+01   4.4668181e+01  -1.0669309e+01  -5.0765475e+01   4.1624203e+01
  -6.1081894e+00  -3.5658525e+01  -2.4001113e+01   4.8531483e+01  -1.0022415e+01  -5.1052725e+01   4.0235746e+01
  -6.9567048e+00  -3.2600425e+01  -2.5235904e+01   4.9360364e+01  -9.4658548e+00  -5.4467390e+01   3.8415047e+01
  -9.6991198e+00  -3.6217486e+01  -2.4861218e+01   6.3360364e+01  -8.8449804e+00  -6.3727016e+01   3.8310080e+01
  -5.3993119e+00  -3.8553641e+01  -2.6499744e+01   5.5387733e+01  -1.2934002e+01  -5.4174945e+01   3.6286467e+01
  -6.3700384e+00  -3.1684354e+01  -2.7206662e+01   4.5927312e+01  -1.2879001e+01  -5.1020114e+01   3.6880517e+01
  -7.2727412e+00  -3.5732246e+01  -2.6389087e+01   5.3502530e+01  -1.3015589e+01  -5.3395431e+01   3.5158291e+01
  -7.7118861e+00  -3.3068299e+01  -2.7696871e+01   5.2403521e+01  -1.2902846e+01  -5.4493781e+01   3.3966640e+01
  -7.5155260e+00  -3.1018596e+01  -2.8462837e+01   4.3397975e+01  -1.4108970e+01  -4.7723850e+01   3.3593495e+01
  -9.3083647e+00  -2.6371340e+01  -2.9083163e+01   3.5898558e+01  -1.3237076e+01  -4.4444832e+01   3.3135192e+01
  -1.0020545e+01  -2.6381625e+01  -2.9445084e+01   3.7991893e+01  -1.3841445e+01  -4.5972631e+01   3.2866622e+01
  -1.0144735e+01  -2.5168835e+01  -2.9696127e+01   3.7109270e+01  -1.4748910e+01  -4.6644368e+01   3.2496623e+01
  -1.0416258e+01  -2.7427080e+01  -2.9251001e+01   3.7724545e+01  -1.5362064e+01  -4.4470569e+01   3.1714753e+01
  -1.0634666e+01  -2.8926385e+01  -2.9764761e+01   4.0945608e+01  -1.5904673e+01  -4.5587201e+01   3.1524952e+01
  -1.0179499e+01  -3.0493959e+01  -3.0048541e+01   4.3975671e+01  -1.6953881e+01  -4.6476258e+01   3.1232505e+01
  -1.2005629e+01  -2.7503621e+01  -3.0838982e+01   3.9991454e+01  -1.5204556e+01  -4.4454208e+01   3.0903177e+01
  -1.3483172e+01  -2.5147526e+01  -3.1954154e+01   3.4701538e+01  -1.4120227e+01  -4.0689857e+01   3.0451383e+01
  -1.2235678e+01  -2.7528173e+01  -3.2359659e+01   3.6691519e+01  -1.5581167e+01  -3.8913319e+01   2.9586880e+01
  -1.1864143e+01  -2.7308520e+01  -3.2857025e+01   3.5067625e+01  -1.6564792e+01  -3.6046572e+01   2.8504509e+01
  -1.1225694e+01  -2.7545172e+01  -3.3450043e+01   3.3548531e+01  -1.7329452e+01  -3.3329741e+01   2.7093868e+01
  -7.2844595e+00  -3.1894285e+01  -3.4700574e+01   3.9646387e+01  -2.1328814e+01  -3.4584677e+01   2.5031946e+01
  -7.1413895e+00  -3.3742581e+01  -3.5339393e+01   4.4563906e+01  -2.2199497e+01  -3.6325073e+01   2.3010900e+01
  -8.9157684e+00  -3.1232287e+01  -3.5703757e+01   3.8927910e+01  -2.0649420e+01  -3.2644894e+01   2.2004011e+01
  -1.2428696e+01  -2.7928606e+01  -3.6518996e+01   3.5596241e+01  -1.6352564e+01  -3.1576048e+01   1.9906662e+01
  -1.3165384e+01  -2.8757759e+01  -3.6089670e+01   4.0758857e+01  -1.6255243e+01  -3.5236096e+01   1.9101673e+01
  -1.3941036e+01  -3.0076121e+01  -3.6853276e+01   5.2067759e+01  -1.4911131e+01  -4.5071304e+01   1.6373037e+01
  -1.2052987e+01  -2.8367176e+01  -3.6895731e+01   4.5791161e+01  -1.7730778e+01  -4.2303964e+01   1.5450576e+01
  -1.2507728e+01  -2.6097100e+01  -3.6334907e+01   4.6367677e+01  -1.7820713e+01  -4.8092910e+01   1.5314281e+01
  -1.2560442e+01  -2.8847304e+01  -3.3634928e+01   5.0055247e+01  -1.7716436e+01  -5.1715901e+01   1.3866793e+01
  -1.2820917e+01  -3.0052749e+01  -3.1815532e+01   5.4001515e+01  -1.8132609e+01  -5.9384214e+01   1.3593170e+01
  -1.0741970e+01  -3.0449592e+01  -3.1016409e+01   4.6788039e+01  -1.8432841e+01  -5.4573392e+01   1.3242040e+01
  -1.1413827e+01  -2.8232336e+01  -2.8965655e+01   3.6613465e+01  -1.6466006e+01  -4.8865380e+01   1.6219175e+01
  -1.1749441e+01  -2.7965882e+01  -2.5320783e+01   3.3953586e+01  -1.5955065e+01  -4.8099528e+01   2.0732309e+01
  -1.1543008e+01  -3.2545384e+01  -2.1411171e+01   4.6560697e+01  -1.3796018e+01  -6.0372532e+01   2.7490091e+01
  -1.3409370e+01  -3.1016789e+01  -1.8875367e+01   4.5796702e+01  -1.0092511e+01  -6.2964270e+01   3.2921813e+01
  -1.5385235e+01  -2.5669807e+01  -1.9614795e+01   3.4721957e+01  -5.4483612e+00  -6.1447841e+01   3.8489726e+01
  -1.3976941e+01  -2.3159681e+01  -1.8866917e+01   2.4655153e+01  -5.9778699e+00  -5.5202816e+01   4.0904991e+01
  -1.3351695e+01  -2.3847503e+01  -1.6499792e+01   3.2007289e+01  -6.2080845e+00  -6.2094970e+01   4.4560010e+01
  -1.0524531e+01  -3.0329379e+01  -1.3650500e+01   3.8610470e+01  -1.1919763e+01  -6.3574818e+01   4.8713781e+01
  -1.1379723e+01  -3.2467289e+01  -1.5830536e+01   4.4515213e+01  -9.5221859e+00  -6.4777121e+01   4.9289798e+01
  -6.7331673e+00  -3.6087776e+01  -1.6594864e+01   4.6318272e+01  -1.4756422e+01  -5.8413690e+01   5.0217168e+01
  -5.3158997e+00  -3.8124027e+01  -1.9703522e+01   5.2076245e+01  -1.4811734e+01  -5.8727222e+01   4.9858795e+01
  -5.0156401e+00  -3.5623691e+01  -2.1810487e+01   4.9933255e+01  -1.3204712e+01  -5.7241658e+01   4.8250173e+01
  -6.7142456e+00  -3.5147475e+01  -2.1930690e+01   5.1488248e+01  -1.2372247e+01  -5.7082164e+01   4.6599173e+01
  -5.9631506e+00  -3.2734713e+01  -2.3284478e+01   4.4390827e+01  -1.2508034e+01  -5.1551530e+01   4.3816381e+01
  -5.8947335e+00  -3.2904452e+01  -2.3856826e+01   4.3846642e+01  -1.3491265e+01  -5.0318557e+01   4.1985681e+01
  -7.1968623e+00  -3.2330830e+01  -2.4863394e+01   3.9741995e+01  -1.2414527e+01  -4.5608068e+01   4.0353725e+01
  -8.0318010e+00  -3.5001469e+01  -2.5618169e+01   5.3741995e+01  -1.1764895e+01  -5.5885886e+01   3.9173531e+01
  -5.8214756e+00  -3.5436742e+01  -2.6533630e+01   4.5543081e+01  -1.4970535e+01  -4.7764006e+01   3.8516021e+01
  -6.0459363e+00  -3.5319871e+01  -2.6492361e+01   4.8857693e+01  -1.5731374e+01  -5.0151555e+01   3.7948429e+01
  -7.5046463e+00  -3.7145858e+01  -2.5550697e+01   5.1867897e+01  -1.5304555e+01  -5.1516811e+01   3.6988719e+01
  -8.7959927e+00  -3.8480757e+01  -2.5675731e+01   5.2405557e+01  -1.4856730e+01  -5.0454039e+01   3.6877351e+01
  -8.2544660e+00  -3.8260220e+01  -2.6027569e+01   5.1511201e+01  -1.5599680e+01  -4.9424878e+01   3.5596161e+01
  -9.0667604e+00  -3.7585874e+01  -2.6169243e+01   5.1730185e+01  -1.5253310e+01  -5.0053277e+01   3.4755942e+01
  -8.9436535e+00  -3.8997472e+01  -2.6223117e+01   4.9394866e+01  -1.5712874e+01  -4.6065399e+01   3.4257805e+01
  -9.4883222e+00  -3.7199477e+01  -2.6288955e+01   4.7085427e+01  -1.5758750e+01  -4.4890621e+01   3.3865523e+01
  -9.5261923e+00  -3.1579401e+01  -2.7311663e+01   3.5189044e+01  -1.6080991e+01  -3.8126556e+01   3.3222154e+01
  -1.0536410e+01  -2.9330929e+01  -2.7951790e+01   3.2634960e+01  -1.6197621e+01  -3.7566692e+01   3.3687226e+01
  -1.2751764e+01  -1.7915157e+01  -3.1394798e+01   2.2381553e+01  -1.2344563e+01  -3.8790968e+01   3.2324601e+01
  -1.2926709e+01  -1.7239991e+01  -3.2250435e+01   2.0097154e+01  -1.3277881e+01  -3.7560371e+01   3.2535909e+01
  -1.2467701e+01  -1.7871984e+01  -3.2746331e+01   2.1725649e+01  -1.2916995e+01  -3.7883255e+01   3.0974953e+01
  -1.1723401e+01  -2.9013644e+01  -3.0022215e+01   3.5725649e+01  -1.5999827e+01  -3.9435075e+01   2.9886526e+01
  -1.0958828e+01  -2.9862367e+01  -3.0696528e+01   3.8782372e+01  -1.7455291e+01  -4.1361610e+01   2.9872238e+01
  -8.6216096e+00  -3.1820453e+01  -3.1441104e+01   4.1416002e+01  -1.9878518e+01  -4.1384002e+01   2.8764866e+01
  -9.1769434e+00  -3.0811507e+01  -3.1698016e+01   3.9582730e+01  -1.9905178e+01  -3.9854161e+01   2.7867685e+01
  -9.5264688e+00  -2.3558045e+01  -3.3397185e+01   2.6601537e+01  -1.9078939e+01  -3.3260290e+01   2.6896519e+01
  -1.1535927e+01  -2.1099463e+01  -3.4493342e+01   2.3694863e+01  -1.6789930e+01  -3.2013985e+01   2.5543909e+01
  -9.7350723e+00  -2.6311809e+01  -3.4526645e+01   2.9804742e+01  -1.8929081e+01  -3.1942731e+01   2.4075461e+01
  -8.7925661e+00  -2.7966832e+01  -3.4723092e+01   3.2115409e+01  -2.0836430e+01  -3.1582488e+01   2.2846123e+01
  -9.5302797e+00  -2.6636433e+01  -3.5931718e+01   3.2453723e+01  -1.9820576e+01  -3.1966538e+01   2.0876294e+01
  -1.4272375e+01  -2.7853717e+01  -3.5429090e+01   4.0736936e+01  -1.4579657e+01  -3.7687958e+01   1.8250341e+01
  -1.6239192e+01  -2.5050268e+01  -3.5782474e+01   4.0063588e+01  -1.3639705e+01  -3.9047842e+01   1.7191821e+01
  -1.6427059e+01  -2.2820100e+01  -3.6566743e+01   3.6895283e+01  -1.3828385e+01  -3.7760664e+01   1.5728621e+01
  -1.7900400e+01  -1.8680746e+01  -3.7899188e+01   2.7980424e+01  -1.2573211e+01  -3.2476553e+01   1.4951190e+01
  -1.7778084e+01  -1.9087078e+01  -3.9470867e+01   3.1293097e+01  -1.1910994e+01  -3.4487683e+01   1.2573819e+01
  -1.9107552e+01  -1.9198148e+01  -3.9924579e+01   3.5785351e+01  -1.0667429e+01  -3.8064488e+01   1.1438149e+01
  -2.0138821e+01  -2.3172240e+01  -3.8960980e+01   4.9785351e+01  -1.0071405e+01  -4.7220069e+01   9.6350923e+00
  -1.9610110e+01  -2.5365033e+01  -3.8717615e+01   5.6574685e+01  -1.0097062e+01  -5.2026256e+01   8.0078982e+00
  -1.9593416e+01  -2.6345064e+01  -3.8594443e+01   5.8234877e+01  -1.0850824e+01  -5.2561335e+01   7.3902358e+00
  -1.8289763e+01  -2.6214095e+01  -3.8468644e+01   5.3626205e+01  -1.2605055e+01  -5.0073046e+01   7.4415493e+00
  -1.5250246e+01  -2.5236719e+01  -3.8346056e+01   4.3131134e+01  -1.5656021e+01  -4.3559767e+01   7.5721284e+00
  -1.4080444e+01  -2.6634046e+01  -3.6501394e+01   4.0724467e+01  -1.5551880e+01  -4.3775454e+01   6.1063600e+00
  -1.2883937e+01  -2.8527511e+01  -3.3168129e+01   4.2741051e+01  -1.8344808e+01  -4.9335655e+01   1.0437408e+01
  -1.1349500e+01  -3.0879016e+01  -2.9292918e+01   4.2738310e+01  -2.0131097e+01  -5.1316027e+01   1.2917215e+01
  -1.2465605e+01  -3.1338236e+01  -2.4239931e+01   4.8147667e+01  -2.1078420e+01  -6.0308447e+01   1.8026630e+01
  -1.4953810e+01  -3.3798346e+01  -2.0378350e+01   5.6824314e+01  -1.6969504e+01  -7.0421221e+01   2.1641947e+01
  -1.6853339e+01  -2.6396191e+01  -1.9439101e+01   4.2824314e+01  -1.1570938e+01  -6.6336438e+01   2.8639852e+01
  -1.5894864e+01  -2.6834852e+01  -1.8333740e+01   4.2021662e+01  -1.0320578e+01  -6.7488646e+01   3.4736678e+01
  -1.5045333e+01  -2.5491795e+01  -1.7781547e+01   3.3122506e+01  -8.1143578e+00  -6.0762114e+01   4.0934787e+01
  -1.2468236e+01  -3.0250817e+01  -1.5432976e+01   3.4965008e+01  -7.8512620e+00  -5.5620262e+01   4.4399767e+01
  -9.1801727e+00  -3.4911290e+01  -1.5052102e+01   4.2447662e+01  -9.5883468e+00  -5.3646604e+01   4.3252557e+01
  -5.4047932e+00  -3.2515213e+01  -1.8753466e+01   3.7941679e+01  -1.0303103e+01  -4.8875472e+01   3.8025526e+01
  -3.4085955e+00  -3.2459523e+01  -2.0596915e+01   4.2933639e+01  -1.2710168e+01  -4.9608079e+01   3.8328091e+01
  -7.1109300e+00  -2.8315827e+01  -2.4045475e+01   4.2584890e+01  -7.6132436e+00  -5.0242514e+01   3.7255931e+01
  -6.5019320e+00  -2.9401487e+01  -2.4776141e+01   4.5521051e+01  -8.2481001e+00  -5.1563518e+01   3.7695293e+01
  -7.0216889e+00  -2.7892631e+01  -2.5097271e+01   4.3820565e+01  -7.2276594e+00  -5.1200762e+01   3.6828253e+01
  -6.0929653e+00  -2.9597258e+01  -2.5166253e+01   4.4673483e+01  -8.2803439e+00  -5.0130444e+01   3.6324988e+01
  -6.6817007e+00  -2.9529231e+01  -2.5377681e+01   4.6230135e+01  -8.0040231e+00  -5.1581846e+01   3.5313585e+01
  -6.2405097e+00  -3.0489555e+01  -2.5902065e+01   4.7819877e+01  -7.8526148e+00  -5.2559017e+01   3.4040398e+01
  -6.7039732e+00  -3.0400230e+01  -2.5886625e+01   4.9970294e+01  -8.0066285e+00  -5.4622891e+01   3.3787597e+01
  -6.1131620e+00  -2.9452433e+01  -2.6901747e+01   4.7730721e+01  -8.8496236e+00  -5.3094019e+01   3.3569415e+01
  -5.8973827e+00  -2.9180338e+01  -2.6800323e+01   4.4965960e+01  -9.8694108e+00  -5.0296551e+01   3.3258857e+01
  -7.2850925e+00  -2.9557890e+01  -2.6327332e+01   4.4908558e+01  -9.5529312e+00  -4.9567709e+01   3.3366368e+01
  -5.6897823e+00  -3.3089415e+01  -2.5852458e+01   4.8624822e+01  -1.1864435e+01  -4.9270631e+01   3.2658035e+01
  -6.7353668e+00  -3.3235834e+01  -2.5919791e+01   4.8674042e+01  -1.1578187e+01  -4.8956297e+01   3.2002822e+01
  -6.5095169e+00  -3.5290747e+01  -2.6475899e+01   5.5515985e+01  -1.2298267e+01  -5.3923593e+01   3.3623534e+01
  -6.0466604e+00  -3.4285417e+01  -2.7528189e+01   4.8508634e+01  -1.2562326e+01  -4.8365555e+01   3.3254994e+01
  -7.0521415e+00  -3.3088374e+01  -2.7636618e+01   4.5854516e+01  -1.2184831e+01  -4.6921569e+01   3.2779984e+01
  -9.1001940e+00  -3.1861498e+01  -2.7010663e+01   4.4304427e+01  -1.0416226e+01  -4.6251710e+01   3.2290456e+01
  -7.7026456e+00  -3.2417651e+01  -2.7606934e+01   4.5530761e+01  -1.1917736e+01  -4.6237958e+01   3.1782187e+01
  -9.5283231e+00  -3.3604081e+01  -2.7507217e+01   5.6982963e+01  -1.0685134e+01  -5.5886815e+01   3.1044263e+01
  -8.7838104e+00  -3.0319981e+01  -2.8575665e+01   4.8475038e+01  -1.1632642e+01  -5.0626151e+01   3.0855865e+01
  -9.2552145e+00  -2.6206816e+01  -2.9135876e+01   3.6595720e+01  -1.0106659e+01  -4.2425644e+01   2.9008303e+01
  -1.0302645e+01  -2.5555250e+01  -2.9265498e+01   3.9614584e+01  -1.0011766e+01  -4.5519687e+01   2.9213032e+01
  -9.6864797e+00  -2.5297287e+01  -3.0071618e+01   3.7109907e+01  -1.0792464e+01  -4.3155661e+01   2.8910801e+01
  -1.0004445e+01  -2.5846626e+01  -3.0665013e+01   3.7630243e+01  -1.0469513e+01  -4.2403037e+01   2.7632540e+01
  -1.0906354e+01  -2.1083675e+01  -3.2005494e+01   2.9142219e+01  -9.1099551e+00  -3.8612842e+01   2.6532110e+01
  -1.1583171e+01  -2.0482919e+01  -3.2123060e+01   3.1110971e+01  -1.0075407e+01  -4.0856483e+01   2.6487644e+01
  -1.2383089e+01  -2.0774275e+01  -3.1841485e+01   3.2596864e+01  -1.0698812e+01  -4.1314587e+01   2.6295458e+01
  -1.1677163e+01  -2.1068279e+01  -3.2324305e+01   3.2462926e+01  -1.1404258e+01  -4.0334493e+01   2.4776699e+01
  -1.2785441e+01  -1.9781752e+01  -3.2407234e+01   3.0522411e+01  -1.1251554e+01  -3.9020579e+01   2.4788754e+01
  -1.2642269e+01  -1.9451849e+01  -3.3528813e+01   2.9386482e+01  -1.0820713e+01  -3.7356869e+01   2.2736604e+01
  -1.0933851e+01  -2.5735299e+01  -3.3130737e+01   3.9966474e+01  -1.3357448e+01  -4.1194039e+01   2.2191532e+01
  -1.0024942e+01  -2.7751207e+01  -3.4138989e+01   4.3637521e+01  -1.4586726e+01  -4.2129804e+01   2.0358777e+01
  -1.1092540e+01  -2.7578717e+01  -3.4841791e+01   4.4342502e+01  -1.3564213e+01  -4.2035783e+01   1.8297288e+01
  -1.1523252e+01  -2.8309919e+01  -3.5152965e+01   5.0783517e+01  -1.3283670e+01  -4.6668164e+01   1.5554562e+01
  -1.3760816e+01  -2.7842837e+01  -3.4968810e+01   5.6527824e+01  -1.1573722e+01  -5.1120905e+01   1.4219144e+01
  -1.4675461e+01  -2.6029884e+01  -3.5858273e+01   5.2962532e+01  -1.0866204e+01  -4.7865154e+01   1.1817213e+01
  -1.4195180e+01  -2.6513834e+01  -3.6687251e+01   5.5202203e+01  -1.1941248e+01  -4.7760073e+01   8.5389789e+00
  -1.5694325e+01  -2.6143773e+01  -3.6612935e+01   5.6151371e+01  -1.1426555e+01  -4.9699717e+01   6.2965313e+00
  -1.6788647e+01  -2.5956184e+01  -3.4727605e+01   5.5011566e+01  -1.3066831e+01  -5.2683425e+01   8.6941383e+00
  -1.6980792e+01  -2.5430124e+01  -3.3484832e+01   5.5081543e+01  -1.2414363e+01  -5.8056504e+01   8.4202639e+00
  -1.4179217e+01  -2.6399888e+01  -3.2220278e+01   5.0888176e+01  -1.3273912e+01  -5.7087046e+01   7.0401693e+00
  -1.3501641e+01  -2.7687148e+01  -2.9288137e+01   4.4723024e+01  -1.5004866e+01  -5.1479007e+01   1.0424382e+01
  -1.1839097e+01  -2.8690570e+01  -2.8054958e+01   4.6934520e+01  -1.5685281e+01  -5.3266098e+01   1.7580629e+01
  -1.0847890e+01  -2.8051771e+01  -2.6339485e+01   4.3466442e+01  -1.5510225e+01  -5.2355538e+01   2.4551544e+01
  -9.6233344e+00  -3.1616974e+01  -2.2601640e+01   4.5314640e+01  -1.4793432e+01  -5.4177533e+01   2.9657021e+01
  -1.0257033e+01  -3.4091291e+01  -1.8520700e+01   4.8632689e+01  -1.2915102e+01  -5.9108133e+01   3.3398743e+01
  -1.1601296e+01  -2.8457498e+01  -1.7157391e+01   4.1236370e+01  -1.0006722e+01  -6.1410100e+01   3.9378041e+01
  -1.2659669e+01  -2.5065675e+01  -1.6514769e+01   3.7468095e+01  -6.2919011e+00  -6.3144288e+01   4.3800577e+01
  -1.0047328e+01  -3.1795937e+01  -1.4122265e+01   4.5757166e+01  -8.2693549e+00  -6.7277197e+01   4.8496045e+01
  -7.7476166e+00  -3.3249659e+01  -1.4549149e+01   4.5443726e+01  -1.0968202e+01  -6.3859554e+01   5.2305728e+01
  -5.8304208e+00  -3.3601109e+01  -1.7411905e+01   4.5186091e+01  -9.1456330e+00  -5.8660293e+01   5.0182670e+01
  -1.6420767e+00  -3.8660204e+01  -1.9235354e+01   5.0916429e+01  -1.5148908e+01  -5.6363567e+01   4.8355461e+01
  -3.4861442e+00  -3.4138148e+01  -2.1142401e+01   4.7117681e+01  -1.2262150e+01  -5.4824430e+01   4.6109960e+01
  -4.9467661e+00  -3.2291939e+01  -2.2077227e+01   4.6803492e+01  -1.1836820e+01  -5.3968022e+01   4.4477651e+01
  -5.8474881e+00  -3.4413846e+01  -2.2715338e+01   5.5688831e+01  -1.0898070e+01  -5.9420791e+01   4.2332259e+01
  -7.0954300e+00  -3.0003283e+01  -2.4316274e+01   4.7580667e+01  -1.0009337e+01  -5.4194749e+01   3.9912705e+01
  -8.4457329e+00  -3.3093709e+01  -2.4093108e+01   5.1141840e+01  -8.5064867e+00  -5.3648693e+01   3.7692316e+01
  -9.6473520e+00  -3.6360828e+01  -2.4179957e+01   6.3825311e+01  -8.2645096e+00  -6.1814793e+01   3.6741213e+01
  -9.2028767e+00  -3.5718933e+01  -2.5055081e+01   5.6062149e+01  -8.9521246e+00  -5.4066389e+01   3.5638332e+01
  -7.8715660e+00  -3.3506009e+01  -2.6621722e+01   5.2077913e+01  -1.0351382e+01  -5.2247989e+01   3.4334807e+01
  -9.6314094e+00  -2.8418795e+01  -2.6974138e+01   4.3571510e+01  -9.4106406e+00  -4.8604243e+01   3.3325169e+01
  -8.4991481e+00  -3.4199615e+01  -2.6636024e+01   5.3622206e+01  -1.1202929e+01  -5.2172167e+01   3.1618270e+01
  -7.5564627e+00  -3.5443502e+01  -2.7703441e+01   5.3320625e+01  -1.3231468e+01  -5.0669848e+01   3.1255058e+01
  -9.9439405e+00  -2.5971094e+01  -2.8887895e+01   4.0533492e+01  -1.1042494e+01  -4.7651458e+01   3.1207392e+01
  -9.7748469e+00  -2.8147764e+01  -2.8794449e+01   4.4492665e+01  -1.1995094e+01  -5.0240875e+01   3.1384145e+01
  -1.1398268e+01  -2.5572208e+01  -2.9589814e+01   4.1315063e+01  -1.0294910e+01  -4.9303498e+01   3.0233162e+01
  -1.1905705e+01  -2.5443694e+01  -2.9057789e+01   3.9773080e+01  -1.0955682e+01  -4.7461370e+01   2.9596688e+01
  -1.2431086e+01  -2.0870705e+01  -3.0326404e+01   3.0491803e+01  -1.1096817e+01  -4.2086017e+01   2.9976004e+01
  -1.2045055e+01  -2.4897333e+01  -3.0481063e+01   3.5606746e+01  -1.2557236e+01  -4.2899259e+01   3.0841207e+01
  -1.0179383e+01  -2.7932174e+01  -3.0738793e+01   3.9386214e+01  -1.6103988e+01  -4.2723319e+01   3.0771178e+01
  -1.1085419e+01  -3.0122152e+01  -3.0621164e+01   4.3513155e+01  -1.6256677e+01  -4.4150404e+01   3.0581663e+01
  -1.1325813e+01  -2.7379101e+01  -3.2439173e+01   3.6999165e+01  -1.5954829e+01  -3.9508678e+01   2.9261710e+01
  -1.0013735e+01  -3.1080661e+01  -3.2284405e+01   4.2343490e+01  -1.8208213e+01  -4.0233590e+01   2.8341993e+01
  -1.0489766e+01  -2.7828650e+01  -3.3170636e+01   3.6908992e+01  -1.7673795e+01  -3.7054458e+01   2.7448199e+01
  -9.3600691e+00  -2.6880925e+01  -3.4485188e+01   3.5353378e+01  -1.9599133e+01  -3.5653241e+01   2.6536905e+01
  -7.8372147e+00  -2.8890566e+01  -3.5244653e+01   3.7733867e+01  -2.1268171e+01  -3.5060294e+01   2.4422235e+01
  -8.5502642e+00  -2.9799629e+01  -3.6413764e+01   4.1472737e+01  -2.0146955e+01  -3.7045844e+01   2.2165665e+01
  -1.2142905e+01  -2.9658533e+01  -3.5473810e+01   4.4525739e+01  -1.7545926e+01  -3.9121353e+01   2.1676826e+01
  -1.1870981e+01  -3.0413405e+01  -3.5258264e+01   4.1384718e+01  -1.9013855e+01  -3.3800289e+01   2.0674307e+01
  -1.1278096e+01  -2.7217132e+01  -3.7633870e+01   3.4510950e+01  -1.8338211e+01  -2.9321233e+01   1.8530367e+01
  -1.3924675e+01  -2.7412610e+01  -3.8529816e+01   4.1509094e+01  -1.4952776e+01  -3.5732839e+01   1.6385050e+01
  -1.4500724e+01  -2.8546292e+01  -3.8781631e+01   5.0180221e+01  -1.4761109e+01  -4.3283797e+01   1.4683037e+01
  -1.6575972e+01  -2.7522141e+01  -3.8493461e+01   5.0520499e+01  -1.3379105e+01  -4.5249416e+01   1.3695551e+01
  -1.6770733e+01  -2.6929193e+01  -3.7098480e+01   4.7239194e+01  -1.4888495e+01  -4.4449174e+01   1.2830127e+01
  -1.8727502e+01  -2.6823195e+01  -3.6149165e+01   5.2777946e+01  -1.2674881e+01  -5.3253660e+01   1.1589694e+01
  -1.4282446e+01  -2.8181462e+01  -3.4776687e+01   5.0636505e+01  -1.7478823e+01  -5.4251432e+01   1.0587728e+01
  -1.4018134e+01  -2.9205438e+01  -3.2805076e+01   5.3430758e+01  -1.7166591e+01  -6.0093587e+01   1.0977206e+01
  -1.2697114e+01  -2.8299580e+01  -3.0474384e+01   4.4729607e+01  -1.8945673e+01  -5.4178628e+01   1.3935426e+01
  -1.1717575e+01  -2.8213062e+01  -2.7774820e+01   3.7773337e+01  -1.7616272e+01  -4.9050621e+01   1.8263375e+01
  -1.0195793e+01  -3.1307027e+01  -2.2544746e+01   4.2650258e+01  -1.9392112e+01  -5.3119988e+01   2.6734304e+01
  -1.2446546e+01  -3.2459488e+01  -1.9786353e+01   5.3850980e+01  -1.4146115e+01  -6.7119988e+01   3.2014473e+01
  -1.3945370e+01  -3.0530075e+01  -1.7496024e+01   4.5797398e+01  -1.0159734e+01  -6.2909420e+01   3.4730181e+01
  -1.4809541e+01  -2.9037099e+01  -1.6711638e+01   4.4275525e+01  -6.9462645e+00  -6.5019480e+01   4.0224649e+01
  -1.3221637e+01  -2.9673071e+01  -1.5097137e+01   3.8354505e+01  -6.0336797e+00  -6.0762567e+01   4.2921114e+01
  -8.6357771e+00  -3.6086344e+01  -1.2049549e+01   5.2354505e+01  -1.2017304e+01  -6.7934096e+01   4.7080494e+01
  -5.7544101e+00  -3.8376990e+01  -1.3024523e+01   4.9421404e+01  -1.0484157e+01  -6.0468864e+01   4.7018149e+01
  -3.9978377e+00  -3.8489001e+01  -1.5403395e+01   5.2409178e+01  -1.2109957e+01  -5.9979529e+01   4.6420180e+01
  -1.7462949e+00  -3.7280871e+01  -1.8252563e+01   4.7302996e+01  -1.3189887e+01  -5.3960042e+01   4.5185160e+01
  -3.7626619e+00  -3.5504121e+01  -2.0022071e+01   4.9077650e+01  -1.0641542e+01  -5.5581313e+01   4.3981707e+01
  -2.5392910e+00  -3.4764814e+01  -2.0796876e+01   4.6524212e+01  -1.2922240e+01  -5.1788399e+01   4.2998743e+01
  -3.0058298e+00  -3.4128875e+01  -2.1778755e+01   4.5409188e+01  -1.2582746e+01  -5.0827592e+01   4.1850709e+01
  -3.4412050e+00  -3.3685092e+01  -2.2598306e+01   4.7463645e+01  -1.2454592e+01  -5.2378875e+01   4.0051788e+01
  -5.9706041e+00  -3.1277245e+01  -2.3821373e+01   4.8715363e+01  -9.6674566e+00  -5.5564330e+01   3.8394325e+01
  -6.7496408e+00  -3.6530728e+01  -2.3515592e+01   6.2715362e+01  -1.0626886e+01  -6.2630057e+01   3.7745862e+01
  -5.1633243e+00  -3.6835535e+01  -2.4818056e+01   5.4194615e+01  -1.2677011e+01  -5.4018972e+01   3.6579773e+01
  -6.4798351e+00  -3.7286296e+01  -2.5440313e+01   5.7749256e+01  -1.1931060e+01  -5.6174765e+01   3.5859388e+01
  -1.0178880e+01  -3.5577656e+01  -2.4590380e+01   5.6305842e+01  -9.1581168e+00  -5.5889711e+01   3.4727936e+01
  -8.8244207e+00  -4.0444933e+01  -2.5090228e+01   6.2737182e+01  -1.1914128e+01  -5.7643127e+01   3.4917619e+01
  -8.7097942e+00  -3.8551085e+01  -2.5625066e+01   6.0273951e+01  -1.3024743e+01  -5.7595694e+01   3.4536738e+01
  -9.8052465e+00  -3.7056170e+01  -2.5730621e+01   5.5965711e+01  -1.3843278e+01  -5.4515457e+01   3.4044919e+01
  -1.0399020e+01  -3.8609132e+01  -2.5704121e+01   5.6984662e+01  -1.5328675e+01  -5.3702933e+01   3.4188708e+01
  -1.0791644e+01  -3.6788029e+01  -2.5999001e+01   5.1803011e+01  -1.5547479e+01  -4.9995245e+01   3.3634255e+01
  -9.6372444e+00  -3.6502483e+01  -2.6261266e+01   4.8729590e+01  -1.7517331e+01  -4.6899252e+01   3.3550851e+01
  -9.3108059e+00  -3.2233885e+01  -2.7471686e+01   3.8349672e+01  -1.8341763e+01  -4.0551274e+01   3.3447972e+01
  -1.0021765e+01  -2.9699781e+01  -2.8453879e+01   3.6815483e+01  -1.7422356e+01  -4.0273984e+01   3.1980760e+01
  -1.2025118e+01  -2.3544338e+01  -3.0384425e+01   3.1691917e+01  -1.5764545e+01  -4.1009919e+01   3.1785083e+01
  -1.3256847e+01  -1.8403532e+01  -3.3203934e+01   2.6606943e+01  -1.4628656e+01  -4.1113909e+01   3.1818626e+01
  -1.3018253e+01  -2.5331134e+01  -3.1488264e+01   3.9413674e+01  -1.6655269e+01  -4.6435430e+01   3.1850566e+01
  -1.3369992e+01  -1.9551175e+01  -3.3879120e+01   2.5413674e+01  -1.5774178e+01  -3.7825795e+01   3.1455980e+01
  -1.2925616e+01  -2.5105138e+01  -3.3307138e+01   3.5266690e+01  -1.7305639e+01  -4.1160870e+01   3.0863740e+01
  -1.3357781e+01  -2.2696691e+01  -3.4405124e+01   3.1950974e+01  -1.7656194e+01  -3.9030336e+01   3.0122553e+01
  -1.2704884e+01  -2.2040800e+01  -3.5397165e+01   2.7392301e+01  -1.7870848e+01  -3.4212238e+01   2.8983946e+01
  -1.4983076e+01  -2.4010475e+01  -3.5445163e+01   3.2517812e+01  -1.5257167e+01  -3.6411359e+01   2.8096805e+01
  -1.5465584e+01  -2.4460973e+01  -3.5724984e+01   3.3268729e+01  -1.4750225e+01  -3.5671532e+01   2.6621040e+01
  -1.5182775e+01  -2.5474294e+01  -3.5871776e+01   3.0553858e+01  -1.5045328e+01  -3.1013717e+01   2.4976774e+01
