   2.2008647e+01   2.7455425e+01  -1.5910092e+02   1.7874406e+01  -2.5804610e+01  -3.1210398e+01   3.9444065e+01
   2.0404555e+01   1.3521066e+01  -1.5867422e+02   1.5931785e+01  -2.5327267e+01  -3.0746036e+01   4.0055468e+01
   1.8800462e+01  -4.1329324e-01  -1.5824751e+02   1.3989165e+01  -2.4849924e+01  -3.0281675e+01   4.0666870e+01
   1.7196369e+01  -1.4347652e+01  -1.5782080e+02   1.2046544e+01  -2.4372581e+01  -2.9817313e+01   4.1278272e+01
   1.3000000e+01  -2.6000000e+01  -1.5382101e+02  -4.5395025e-01  -2.5005500e+01  -3.3000000e+01   3.3833474e+01
   1.3000000e+01  -2.6000000e+01  -1.5088779e+02  -1.2463424e+01  -2.2945846e+01  -3.3000000e+01   2.7843241e+01
   1.3000000e+01  -2.6000000e+01  -1.4846192e+02  -2.2180510e+01  -2.0545641e+01  -3.3000000e+01   2.6128168e+01
   1.3000000e+01  -2.6000000e+01  -1.4765045e+02  -2.5235988e+01  -1.8846828e+01  -3.3000000e+01   2.5498927e+01
   1.3000000e+01  -2.6000000e+01  -1.4725254e+02  -2.5106977e+01  -1.7412398e+01  -3.3000000e+01   2.3747174e+01
   1.3000000e+01  -2.6000000e+01  -1.4717254e+02  -2.4660599e+01  -1.6191061e+01  -3.3000000e+01   2.2131976e+01
   1.3000000e+01  -2.6000000e+01  -1.4703483e+02  -2.3947808e+01  -1.4924676e+01  -3.3000000e+01   2.0557436e+01
   1.3000000e+01  -2.6000000e+01  -1.4682351e+02  -2.1884565e+01  -1.3718173e+01  -3.3000000e+01   1.9444669e+01
   1.3000000e+01  -2.6000000e+01  -1.4712450e+02  -2.0757805e+01  -1.2546634e+01  -3.3000000e+01   1.7019940e+01
   1.3000000e+01  -2.6000000e+01  -1.4698081e+02  -1.9488846e+01  -1.1250310e+01  -3.3000000e+01   1.5332977e+01
   1.3000000e+01  -2.6000000e+01  -1.4691415e+02  -1.8205281e+01  -9.7865730e+00  -3.3000000e+01   1.2933717e+01
   1.3000000e+01  -2.6000000e+01  -1.4723475e+02  -1.6705766e+01  -8.4644603e+00  -3.3000000e+01   1.0606452e+01
   1.3000000e+01  -2.6000000e+01  -1.4729537e+02  -1.5881347e+01  -6.9347119e+00  -3.3000000e+01   7.9869760e+00
   1.3000000e+01  -2.6000000e+01  -1.4694698e+02  -1.5607904e+01  -5.6374225e+00  -3.3000000e+01   5.8212908e+00
   1.3000000e+01  -2.6000000e+01  -1.4675290e+02  -1.5457104e+01  -4.6780621e+00  -3.3000000e+01   4.8378051e+00
   1.3000000e+01  -2.6000000e+01  -1.4665979e+02  -1.6901575e+01  -3.6785132e+00  -3.3000000e+01   4.6310819e+00
   1.3000000e+01  -2.6000000e+01  -1.4650736e+02  -1.9613420e+01  -2.5592883e+00  -3.3000000e+01   2.1336110e+00
   1.3000000e+01  -2.6000000e+01  -1.4738563e+02  -2.1669723e+01  -2.2311263e+00  -3.3000000e+01  -1.2456403e-03
   1.3000000e+01  -2.6000000e+01  -1.4910035e+02  -2.2019824e+01  -3.0647863e+00  -3.3000000e+01  -3.4670261e-02
   1.3000000e+01  -2.6000000e+01  -1.5100329e+02  -2.2433359e+01  -5.2010765e+00  -3.3000000e+01   1.5621834e+00
   1.3000000e+01  -2.6000000e+01  -1.5286617e+02  -2.2807146e+01  -7.6617721e+00  -3.3000000e+01   2.3377369e+00
   1.3000000e+01  -2.6000000e+01  -1.5484805e+02  -2.3197071e+01  -1.0296557e+01  -3.3000000e+01   3.1642208e+00
   1.3000000e+01  -2.6000000e+01  -1.5653422e+02  -2.4737447e+01  -1.2876714e+01  -3.3000000e+01   3.4009783e+00
   1.3000000e+01  -2.6000000e+01  -1.5778469e+02  -2.7244139e+01  -1.5704658e+01  -3.3000000e+01   3.9426387e+00
   1.3000000e+01  -2.6000000e+01  -1.5933144e+02  -2.9002392e+01  -1.8943931e+01  -3.3000000e+01   4.0878712e+00
   1.3000000e+01  -2.6000000e+01  -1.6095515e+02  -2.9820789e+01  -2.2372361e+01  -3.3000000e+01   7.2362065e+00
   1.3000000e+01  -2.6000000e+01  -1.6231637e+02  -2.9713035e+01  -2.6108096e+01  -3.3000000e+01   1.2275595e+01
   1.3000000e+01  -2.6000000e+01  -1.6339389e+02  -2.6738132e+01  -2.9378381e+01  -3.3000000e+01   1.8887665e+01
   1.3000000e+01  -2.6000000e+01  -1.6188653e+02  -2.6565189e+01  -3.0859529e+01  -3.3000000e+01   2.2819756e+01
   1.3000000e+01  -2.6000000e+01  -1.6036023e+02  -2.7563397e+01  -3.1176109e+01  -3.3000000e+01   2.4466277e+01
   1.3000000e+01  -2.6000000e+01  -1.5860246e+02  -2.8624251e+01  -3.1116402e+01  -3.3000000e+01   2.5945613e+01
   1.3000000e+01  -2.6000000e+01  -1.5768375e+02  -2.9951836e+01  -3.0007162e+01  -3.3000000e+01   2.6029787e+01
   1.3000000e+01  -2.6000000e+01  -1.5694546e+02  -3.0732547e+01  -2.8860511e+01  -3.3000000e+01   2.7281106e+01
   1.3000000e+01  -2.6000000e+01  -1.5604884e+02  -3.1416697e+01  -2.7595973e+01  -3.3000000e+01   2.8604580e+01
   1.3000000e+01  -2.6000000e+01  -1.5560170e+02  -3.1577698e+01  -2.6424434e+01  -3.3000000e+01   2.9387261e+01
   1.3000000e+01  -2.6000000e+01  -1.5515456e+02  -3.1738699e+01  -2.5252895e+01  -3.3000000e+01   3.0169942e+01
   1.3000000e+01  -2.6000000e+01  -1.5472147e+02  -3.1490532e+01  -2.4119791e+01  -3.3000000e+01   3.1188608e+01
   1.3000000e+01  -2.6000000e+01  -1.5446536e+02  -3.1422950e+01  -2.3334110e+01  -3.3000000e+01   3.1406880e+01
   1.3000000e+01  -2.6000000e+01  -1.5412940e+02  -3.1469098e+01  -2.2435663e+01  -3.3000000e+01   3.1402517e+01
   1.3000000e+01  -2.6000000e+01  -1.5370436e+02  -3.1243484e+01  -2.1436702e+01  -3.3000000e+01   3.1311618e+01
   1.3000000e+01  -2.6000000e+01  -1.5311658e+02  -3.0694787e+01  -2.0268490e+01  -3.3000000e+01   3.1128960e+01
   1.3000000e+01  -2.6000000e+01  -1.5287280e+02  -2.9987519e+01  -1.8979876e+01  -3.3000000e+01   3.0126771e+01
   1.3000000e+01  -2.6000000e+01  -1.5230898e+02  -2.8889222e+01  -1.7656751e+01  -3.3000000e+01   2.9459546e+01
   1.3000000e+01  -2.6000000e+01  -1.5166326e+02  -2.7941346e+01  -1.6932902e+01  -3.3000000e+01   2.9517066e+01
   1.3000000e+01  -2.6000000e+01  -1.5076285e+02  -2.7087492e+01  -1.6111132e+01  -3.3000000e+01   2.7876868e+01
   1.3000000e+01  -2.6000000e+01  -1.5027469e+02  -2.6245942e+01  -1.5494782e+01  -3.3000000e+01   2.5937114e+01
   1.3000000e+01  -2.6000000e+01  -1.4973570e+02  -2.5266588e+01  -1.4444829e+01  -3.3000000e+01   2.2899001e+01
   1.3000000e+01  -2.6000000e+01  -1.4938234e+02  -2.3889461e+01  -1.3584032e+01  -3.3000000e+01   2.0928175e+01
   1.3000000e+01  -2.6000000e+01  -1.4872936e+02  -2.2153594e+01  -1.2628672e+01  -3.3000000e+01   1.9716275e+01
   1.3000000e+01  -2.6000000e+01  -1.4883773e+02  -2.0552380e+01  -1.1783089e+01  -3.3000000e+01   1.6621581e+01
   1.3000000e+01  -2.6000000e+01  -1.4870792e+02  -1.8842196e+01  -1.0796432e+01  -3.3000000e+01   1.3597404e+01
   1.3000000e+01  -2.6000000e+01  -1.4849944e+02  -1.7167894e+01  -9.8728233e+00  -3.3000000e+01   1.1139254e+01
   1.3000000e+01  -2.6000000e+01  -1.4847557e+02  -1.6136300e+01  -9.0127934e+00  -3.3000000e+01   9.6488126e+00
   1.3000000e+01  -2.6000000e+01  -1.4812834e+02  -1.5391844e+01  -7.7810470e+00  -3.3000000e+01   6.6239354e+00
   1.3000000e+01  -2.6000000e+01  -1.4778149e+02  -1.4430696e+01  -6.6010346e+00  -3.3000000e+01   3.6352446e+00
   1.3000000e+01  -2.6000000e+01  -1.4771577e+02  -1.2577838e+01  -5.7271462e+00  -3.3000000e+01   2.9606557e+00
   1.3000000e+01  -2.6000000e+01  -1.4724062e+02  -1.1682746e+01  -5.0305915e+00  -3.3000000e+01   9.0845056e-01
   1.3000000e+01  -2.6000000e+01  -1.4596444e+02  -1.0556352e+01  -3.8316397e+00  -3.3000000e+01  -1.1412156e+00
   1.3000000e+01  -2.6000000e+01  -1.4544112e+02  -1.0740190e+01  -3.2258029e+00  -3.3000000e+01  -3.0992034e+00
   1.3000000e+01  -2.6000000e+01  -1.4572288e+02  -1.2662459e+01  -1.8022817e+00  -3.3000000e+01  -5.6237016e+00
   1.3000000e+01  -2.6000000e+01  -1.4564259e+02  -1.4091907e+01  -2.5854849e-01  -3.3000000e+01  -7.9242221e+00
   1.3000000e+01  -2.6000000e+01  -1.4619573e+02  -1.5757166e+01   7.1014498e-01  -3.3000000e+01  -1.0154589e+01
   1.3000000e+01  -2.6000000e+01  -1.4719354e+02  -1.6518949e+01  -4.1807368e-01  -3.3000000e+01  -9.8635001e+00
   1.3000000e+01  -2.6000000e+01  -1.4848856e+02  -1.7235520e+01  -1.9217794e+00  -3.3000000e+01  -7.7831714e+00
   1.3000000e+01  -2.6000000e+01  -1.4992290e+02  -1.9180782e+01  -3.4379223e+00  -3.3000000e+01  -6.1673645e+00
   1.3000000e+01  -2.6000000e+01  -1.5094116e+02  -2.2920522e+01  -4.6396602e+00  -3.3000000e+01  -5.1893080e+00
   1.3000000e+01  -2.6000000e+01  -1.5241867e+02  -2.6554020e+01  -6.1264593e+00  -3.3000000e+01  -6.7132038e+00
   1.3000000e+01  -2.6000000e+01  -1.5398354e+02  -2.9018591e+01  -7.7021258e+00  -3.3000000e+01  -7.5078383e+00
   1.3000000e+01  -2.6000000e+01  -1.5511999e+02  -3.1051707e+01  -9.3914832e+00  -3.3000000e+01  -6.6770574e+00
   1.3000000e+01  -2.6000000e+01  -1.5745416e+02  -3.1069187e+01  -1.2419917e+01  -3.3000000e+01  -2.8142197e+00
   1.3000000e+01  -2.6000000e+01  -1.5988528e+02  -2.9848398e+01  -1.6521716e+01  -3.3000000e+01  -2.2437839e-01
   1.3000000e+01  -2.6000000e+01  -1.6245268e+02  -2.6960267e+01  -2.0925920e+01  -3.3000000e+01   3.2199507e+00
   1.3000000e+01  -2.6000000e+01  -1.6442225e+02  -2.2268403e+01  -2.5064100e+01  -3.3000000e+01   9.5583330e+00
   1.3000000e+01  -2.6000000e+01  -1.6308325e+02  -2.1717266e+01  -2.7082649e+01  -3.3000000e+01   1.2968655e+01
   1.3000000e+01  -2.6000000e+01  -1.6051299e+02  -2.2602313e+01  -2.8058377e+01  -3.3000000e+01   1.4848741e+01
   1.3000000e+01  -2.6000000e+01  -1.5845156e+02  -2.3804460e+01  -2.8590613e+01  -3.3000000e+01   1.5296200e+01
   1.3000000e+01  -2.6000000e+01  -1.5649631e+02  -2.4683312e+01  -2.8540231e+01  -3.3000000e+01   1.5136101e+01
   1.3000000e+01  -2.6000000e+01  -1.5523305e+02  -2.5087887e+01  -2.8069801e+01  -3.3000000e+01   1.6499084e+01
   1.3000000e+01  -2.6000000e+01  -1.5426516e+02  -2.5345860e+01  -2.6972807e+01  -3.3000000e+01   1.6809185e+01
   1.3000000e+01  -2.6000000e+01  -1.5407259e+02  -2.5210937e+01  -2.6185404e+01  -3.3000000e+01   1.7114265e+01
   1.3000000e+01  -2.6000000e+01  -1.5370223e+02  -2.5039167e+01  -2.5223597e+01  -3.3000000e+01   1.7140323e+01
   1.3000000e+01  -2.6000000e+01  -1.5363500e+02  -2.4624484e+01  -2.4153259e+01  -3.3000000e+01   1.6599378e+01
   1.3000000e+01  -2.6000000e+01  -1.5387794e+02  -2.4425330e+01  -2.3127595e+01  -3.3000000e+01   1.6077781e+01
   1.3000000e+01  -2.6000000e+01  -1.5417076e+02  -2.4363363e+01  -2.1934929e+01  -3.3000000e+01   1.6543705e+01
   1.3000000e+01  -2.6000000e+01  -1.5471286e+02  -2.4647666e+01  -2.0826185e+01  -3.3000000e+01   1.6804549e+01
   1.3000000e+01  -2.6000000e+01  -1.5543335e+02  -2.4501539e+01  -1.9671490e+01  -3.3000000e+01   1.7358884e+01
   1.3000000e+01  -2.6000000e+01  -1.5615384e+02  -2.4355411e+01  -1.8516795e+01  -3.3000000e+01   1.7913220e+01
   1.3000000e+01  -2.6000000e+01  -1.5686458e+02  -2.5196205e+01  -1.7245229e+01  -3.3000000e+01   1.7382522e+01
   1.3000000e+01  -2.6000000e+01  -1.5725459e+02  -2.4848982e+01  -1.6215409e+01  -3.3000000e+01   1.7239309e+01
   1.3000000e+01  -2.6000000e+01  -1.5764461e+02  -2.4501759e+01  -1.5185588e+01  -3.3000000e+01   1.7096095e+01
   1.3000000e+01  -2.6000000e+01  -1.5778658e+02  -2.3734481e+01  -1.4149352e+01  -3.3000000e+01   1.6992274e+01
   1.3000000e+01  -2.6000000e+01  -1.5751043e+02  -2.2809382e+01  -1.3921940e+01  -3.3000000e+01   1.5517702e+01
   1.3000000e+01  -2.6000000e+01  -1.5655950e+02  -2.1679772e+01  -1.4645174e+01  -3.3000000e+01   1.5119879e+01
   1.3000000e+01  -2.6000000e+01  -1.5591645e+02  -2.0554695e+01  -1.5391822e+01  -3.3000000e+01   1.3153307e+01
   1.3000000e+01  -2.6000000e+01  -1.5499716e+02  -1.9364159e+01  -1.5974832e+01  -3.3000000e+01   1.1189648e+01
   1.3000000e+01  -2.6000000e+01  -1.5419367e+02  -1.8591361e+01  -1.6528023e+01  -3.3000000e+01   9.0647221e+00
   1.3000000e+01  -2.6000000e+01  -1.5320795e+02  -1.7705638e+01  -1.6864633e+01  -3.3000000e+01   7.0075234e+00
   1.3000000e+01  -2.6000000e+01  -1.5192184e+02  -1.7105998e+01  -1.6745510e+01  -3.3000000e+01   4.9424651e+00
   1.3000000e+01  -2.6000000e+01  -1.5052151e+02  -1.6168905e+01  -1.6549527e+01  -3.3000000e+01   3.0789649e+00
   1.3000000e+01  -2.6000000e+01  -1.4998585e+02  -1.5398694e+01  -1.6360908e+01  -3.3000000e+01  -1.7529019e-01
   1.3000000e+01  -2.6000000e+01  -1.5000089e+02  -1.4089487e+01  -1.6015975e+01  -3.3000000e+01  -2.2465735e+00
   1.3000000e+01  -2.6000000e+01  -1.4690132e+02  -1.2974275e+01  -1.3671822e+01  -3.3000000e+01  -4.5994469e+00
   1.3000000e+01  -2.6000000e+01  -1.4571913e+02  -1.1564302e+01  -1.2287297e+01  -3.3000000e+01  -6.7291575e+00
   1.3000000e+01  -2.6000000e+01  -1.4522972e+02  -9.9093948e+00  -1.0936614e+01  -3.3000000e+01  -7.7010816e+00
   1.3000000e+01  -2.6000000e+01  -1.4508437e+02  -8.5688966e+00  -9.7171987e+00  -3.3000000e+01  -8.8770173e+00
   1.3000000e+01  -2.6000000e+01  -1.4479034e+02  -8.6104488e+00  -8.3064042e+00  -3.3000000e+01  -1.0490159e+01
   1.3000000e+01  -2.6000000e+01  -1.4475142e+02  -1.1219247e+01  -6.9083395e+00  -3.3000000e+01  -1.1618099e+01
   1.3000000e+01  -2.6000000e+01  -1.4470509e+02  -1.4299570e+01  -5.6509652e+00  -3.3000000e+01  -1.3914169e+01
   1.3000000e+01  -2.6000000e+01  -1.4505816e+02  -1.7249144e+01  -4.8180849e+00  -3.3000000e+01  -1.5335547e+01
   1.3000000e+01  -2.6000000e+01  -1.4645775e+02  -2.0039062e+01  -4.9250258e+00  -3.3000000e+01  -1.3917182e+01
   1.3000000e+01  -2.6000000e+01  -1.4813502e+02  -2.2507665e+01  -5.3517734e+00  -3.3000000e+01  -1.2319172e+01
   1.3000000e+01  -2.6000000e+01  -1.4936517e+02  -2.4730519e+01  -6.9291002e+00  -3.3000000e+01  -1.0772485e+01
   1.3000000e+01  -2.6000000e+01  -1.5137247e+02  -2.6338269e+01  -9.4307279e+00  -3.3000000e+01  -6.4578097e+00
   1.3000000e+01  -2.6000000e+01  -1.5296020e+02  -2.7843773e+01  -1.2294043e+01  -3.3000000e+01  -6.8319199e-01
   1.3000000e+01  -2.6000000e+01  -1.5461226e+02  -2.8516416e+01  -1.5472879e+01  -3.3000000e+01   5.1315650e+00
   1.3000000e+01  -2.6000000e+01  -1.5654673e+02  -2.8359837e+01  -1.9064711e+01  -3.3000000e+01   9.1682970e+00
   1.3000000e+01  -2.6000000e+01  -1.5843927e+02  -2.7692575e+01  -2.2726876e+01  -3.3000000e+01   1.2520626e+01
   1.3000000e+01  -2.6000000e+01  -1.6053104e+02  -2.5932774e+01  -2.6133191e+01  -3.3000000e+01   1.5737224e+01
   1.3000000e+01  -2.6000000e+01  -1.6048391e+02  -2.5640736e+01  -2.7706230e+01  -3.3000000e+01   1.6547894e+01
   1.3000000e+01  -2.6000000e+01  -1.5898211e+02  -2.6222156e+01  -2.7910180e+01  -3.3000000e+01   1.7111241e+01
   1.3000000e+01  -2.6000000e+01  -1.5777480e+02  -2.7310206e+01  -2.7711939e+01  -3.3000000e+01   1.8709156e+01
   1.3000000e+01  -2.6000000e+01  -1.5657059e+02  -2.7915864e+01  -2.7567858e+01  -3.3000000e+01   2.1109080e+01
   1.3000000e+01  -2.6000000e+01  -1.5517687e+02  -2.8747213e+01  -2.7092438e+01  -3.3000000e+01   2.2358836e+01
   1.3000000e+01  -2.6000000e+01  -1.5411634e+02  -2.9073214e+01  -2.6800509e+01  -3.3000000e+01   2.3849999e+01
   1.3000000e+01  -2.6000000e+01  -1.5321153e+02  -2.9455549e+01  -2.6327632e+01  -3.3000000e+01   2.4379276e+01
   1.3000000e+01  -2.6000000e+01  -1.5264329e+02  -2.9476231e+01  -2.5952447e+01  -3.3000000e+01   2.4991834e+01
   1.3000000e+01  -2.6000000e+01  -1.5191480e+02  -2.9308689e+01  -2.5341002e+01  -3.3000000e+01   2.5411589e+01
   1.3000000e+01  -2.6000000e+01  -1.5101811e+02  -2.9236014e+01  -2.4634890e+01  -3.3000000e+01   2.4784991e+01
   1.3000000e+01  -2.6000000e+01  -1.5002742e+02  -2.8468016e+01  -2.3974150e+01  -3.3000000e+01   2.3835701e+01
   1.3000000e+01  -2.6000000e+01  -1.4928312e+02  -2.7970725e+01  -2.3490696e+01  -3.3000000e+01   2.2747342e+01
   1.3000000e+01  -2.6000000e+01  -1.4923966e+02  -2.6860129e+01  -2.2345554e+01  -3.3000000e+01   2.0833447e+01
   1.3000000e+01  -2.6000000e+01  -1.4942855e+02  -2.5330810e+01  -2.0992387e+01  -3.3000000e+01   1.9755766e+01
   1.3000000e+01  -2.6000000e+01  -1.4943976e+02  -2.5089355e+01  -1.9195168e+01  -3.3000000e+01   1.7672163e+01
   1.3000000e+01  -2.6000000e+01  -1.4957388e+02  -2.3601524e+01  -1.7425212e+01  -3.3000000e+01   1.6256134e+01
   1.3000000e+01  -2.6000000e+01  -1.4967043e+02  -2.2997142e+01  -1.5641492e+01  -3.3000000e+01   1.4328320e+01
   1.3000000e+01  -2.6000000e+01  -1.4972346e+02  -2.1911047e+01  -1.4211390e+01  -3.3000000e+01   1.3344842e+01
   1.3000000e+01  -2.6000000e+01  -1.4939928e+02  -2.0908174e+01  -1.2605427e+01  -3.3000000e+01   1.2221906e+01
   1.3000000e+01  -2.6000000e+01  -1.4878368e+02  -1.9717696e+01  -1.1743197e+01  -3.3000000e+01   1.0545676e+01
   1.3000000e+01  -2.6000000e+01  -1.4846995e+02  -1.8586943e+01  -1.0978701e+01  -3.3000000e+01   8.1455231e+00
   1.3000000e+01  -2.6000000e+01  -1.4840512e+02  -1.6988122e+01  -1.0137448e+01  -3.3000000e+01   5.2777727e+00
   1.3000000e+01  -2.6000000e+01  -1.4800767e+02  -1.5319345e+01  -8.9919833e+00  -3.3000000e+01   3.2882397e+00
   1.3000000e+01  -2.6000000e+01  -1.4771778e+02  -1.4281169e+01  -7.7038462e+00  -3.3000000e+01   5.7634595e-01
   1.3000000e+01  -2.6000000e+01  -1.4728626e+02  -1.2391603e+01  -6.4127210e+00  -3.3000000e+01  -1.6333362e+00
   1.3000000e+01  -2.6000000e+01  -1.4693274e+02  -1.1240882e+01  -5.1548358e+00  -3.3000000e+01  -4.4555305e+00
   1.3000000e+01  -2.6000000e+01  -1.4670345e+02  -8.9792901e+00  -4.1889893e+00  -3.3000000e+01  -5.4901317e+00
   1.3000000e+01  -2.6000000e+01  -1.4625373e+02  -7.0083348e+00  -3.1852267e+00  -3.3000000e+01  -7.9436895e+00
   1.3000000e+01  -2.6000000e+01  -1.4439072e+02  -5.5577365e+00  -1.1917083e+00  -3.3000000e+01  -1.1560759e+01
   1.3000000e+01  -2.6000000e+01  -1.4355340e+02  -3.3805578e+00  -5.9764800e-03  -3.3000000e+01  -1.5606854e+01
   1.3000000e+01  -2.6000000e+01  -1.4277748e+02  -1.9155496e+00   1.1984225e+00  -3.3000000e+01  -2.0040527e+01
   1.3000000e+01  -2.6000000e+01  -1.4198307e+02   3.5937523e-01   2.0355241e+00  -3.3000000e+01  -2.2446101e+01
   1.3000000e+01  -2.6000000e+01  -1.4284860e+02   3.9220711e-01   2.1330199e+00  -3.3000000e+01  -2.1438694e+01
   1.3000000e+01  -2.6000000e+01  -1.4443973e+02  -3.5077556e+00   1.8008259e+00  -3.3000000e+01  -2.0270573e+01
   1.3000000e+01  -2.6000000e+01  -1.4541727e+02  -7.3882640e+00   1.7439630e+00  -3.3000000e+01  -2.0543613e+01
   1.3000000e+01  -2.6000000e+01  -1.4623689e+02  -1.0651037e+01   1.5743754e+00  -3.3000000e+01  -2.0658656e+01
   1.3000000e+01  -2.6000000e+01  -1.4797267e+02  -1.3752373e+01   7.3531105e-01  -3.3000000e+01  -2.0605341e+01
   1.3000000e+01  -2.6000000e+01  -1.4992121e+02  -1.5797146e+01  -1.3049700e+00  -3.3000000e+01  -1.6737853e+01
   1.3000000e+01  -2.6000000e+01  -1.5181722e+02  -1.8162714e+01  -5.3374306e+00  -3.3000000e+01  -1.0149076e+01
   1.3000000e+01  -2.6000000e+01  -1.5348544e+02  -1.9404495e+01  -9.0968495e+00  -3.3000000e+01  -4.0636516e+00
   1.3000000e+01  -2.6000000e+01  -1.5493455e+02  -2.1723001e+01  -1.2668857e+01  -3.3000000e+01   4.5629272e-01
   1.3000000e+01  -2.6000000e+01  -1.5579063e+02  -2.4460307e+01  -1.6092675e+01  -3.3000000e+01   4.7717043e+00
   1.3000000e+01  -2.6000000e+01  -1.5697675e+02  -2.6865392e+01  -1.9700977e+01  -3.3000000e+01   7.2639746e+00
   1.3000000e+01  -2.6000000e+01  -1.5842949e+02  -2.8425400e+01  -2.3327509e+01  -3.3000000e+01   9.5879024e+00
   1.3000000e+01  -2.6000000e+01  -1.5986718e+02  -2.8727644e+01  -2.6682910e+01  -3.3000000e+01   1.1575206e+01
   1.3000000e+01  -2.6000000e+01  -1.6111704e+02  -2.8134810e+01  -3.0105705e+01  -3.3000000e+01   1.5978272e+01
   1.3000000e+01  -2.6000000e+01  -1.6134656e+02  -2.7450088e+01  -3.2718485e+01  -3.3000000e+01   1.9595842e+01
   1.3000000e+01  -2.6000000e+01  -1.5987512e+02  -2.7814185e+01  -3.3888386e+01  -3.3000000e+01   2.2026724e+01
   1.3000000e+01  -2.6000000e+01  -1.5826755e+02  -2.9005013e+01  -3.3759249e+01  -3.3000000e+01   2.4864961e+01
   1.3000000e+01  -2.6000000e+01  -1.5681960e+02  -3.0109617e+01  -3.3300113e+01  -3.3000000e+01   2.6044463e+01
   1.3000000e+01  -2.6000000e+01  -1.5551134e+02  -3.0575710e+01  -3.2736048e+01  -3.3000000e+01   2.7579360e+01
   1.3000000e+01  -2.6000000e+01  -1.5454584e+02  -3.1489064e+01  -3.2260281e+01  -3.3000000e+01   2.9122662e+01
   1.3000000e+01  -2.6000000e+01  -1.5335995e+02  -3.2551537e+01  -3.1489058e+01  -3.3000000e+01   2.9991211e+01
   1.3000000e+01  -2.6000000e+01  -1.5241958e+02  -3.3028744e+01  -3.0772792e+01  -3.3000000e+01   3.1040196e+01
   1.3000000e+01  -2.6000000e+01  -1.5174911e+02  -3.3244634e+01  -3.0243543e+01  -3.3000000e+01   3.2065060e+01
   1.3000000e+01  -2.6000000e+01  -1.5102862e+02  -3.3400232e+01  -2.9600863e+01  -3.3000000e+01   3.2214765e+01
   1.3000000e+01  -2.6000000e+01  -1.5062768e+02  -3.2862225e+01  -2.8889378e+01  -3.3000000e+01   3.1937105e+01
   1.3000000e+01  -2.6000000e+01  -1.5040740e+02  -3.2597669e+01  -2.7773439e+01  -3.3000000e+01   3.0459476e+01
   1.3000000e+01  -2.6000000e+01  -1.5027667e+02  -3.1593973e+01  -2.6530893e+01  -3.3000000e+01   2.9266320e+01
   1.3000000e+01  -2.6000000e+01  -1.5052635e+02  -3.0788097e+01  -2.5501429e+01  -3.3000000e+01   2.8322347e+01
   1.3000000e+01  -2.6000000e+01  -1.5071700e+02  -2.9908579e+01  -2.4120340e+01  -3.3000000e+01   2.7357445e+01
   1.3000000e+01  -2.6000000e+01  -1.5110102e+02  -2.9297778e+01  -2.2761870e+01  -3.3000000e+01   2.6128350e+01
   1.3000000e+01  -2.6000000e+01  -1.5111979e+02  -2.8294770e+01  -2.1170918e+01  -3.3000000e+01   2.4842191e+01
   1.3000000e+01  -2.6000000e+01  -1.5157998e+02  -2.7722192e+01  -1.9892560e+01  -3.3000000e+01   2.3219291e+01
   1.3000000e+01  -2.6000000e+01  -1.5163282e+02  -2.6552421e+01  -1.8729735e+01  -3.3000000e+01   2.2284579e+01
   1.3000000e+01  -2.6000000e+01  -1.5152381e+02  -2.5552053e+01  -1.7475206e+01  -3.3000000e+01   2.0249717e+01
   1.3000000e+01  -2.6000000e+01  -1.5124065e+02  -2.4430893e+01  -1.6202893e+01  -3.3000000e+01   1.8325245e+01
   1.3000000e+01  -2.6000000e+01  -1.5120506e+02  -2.3788924e+01  -1.5048554e+01  -3.3000000e+01   1.6972471e+01
   1.3000000e+01  -2.6000000e+01  -1.5113153e+02  -2.2994399e+01  -1.3910290e+01  -3.3000000e+01   1.5911286e+01
   1.3000000e+01  -2.6000000e+01  -1.5117916e+02  -2.1890996e+01  -1.2934742e+01  -3.3000000e+01   1.5220681e+01
   1.3000000e+01  -2.6000000e+01  -1.5099007e+02  -2.0957988e+01  -1.2154172e+01  -3.3000000e+01   1.2941788e+01
   1.3000000e+01  -2.6000000e+01  -1.5069829e+02  -1.9249845e+01  -1.1371243e+01  -3.3000000e+01   1.1934609e+01
   1.3000000e+01  -2.6000000e+01  -1.5032588e+02  -1.7625834e+01  -1.0416796e+01  -3.3000000e+01   1.0124991e+01
   1.3000000e+01  -2.6000000e+01  -1.5002730e+02  -1.6791621e+01  -9.6582738e+00  -3.3000000e+01   8.2984374e+00
   1.3000000e+01  -2.6000000e+01  -1.4990347e+02  -1.5889474e+01  -9.0080836e+00  -3.3000000e+01   7.4568732e+00
   1.3000000e+01  -2.6000000e+01  -1.4943882e+02  -1.5459431e+01  -8.0465403e+00  -3.3000000e+01   4.7920933e+00
   1.3000000e+01  -2.6000000e+01  -1.4912286e+02  -1.4407318e+01  -7.1865810e+00  -3.3000000e+01   2.7925408e+00
   1.3000000e+01  -2.6000000e+01  -1.4893185e+02  -1.2983074e+01  -6.3587465e+00  -3.3000000e+01   1.1064346e+00
   1.3000000e+01  -2.6000000e+01  -1.4837794e+02  -1.2456995e+01  -5.5148951e+00  -3.3000000e+01   4.8165485e-01
   1.3000000e+01  -2.6000000e+01  -1.4762696e+02  -1.2008220e+01  -4.7604111e+00  -3.3000000e+01  -2.7507579e-01
   1.3000000e+01  -2.6000000e+01  -1.4646867e+02  -1.1405878e+01  -3.7603220e+00  -3.3000000e+01  -2.8153400e+00
   1.3000000e+01  -2.6000000e+01  -1.4599763e+02  -1.0452559e+01  -2.6206551e+00  -3.3000000e+01  -3.8566343e+00
   1.3000000e+01  -2.6000000e+01  -1.4590834e+02  -1.2096850e+01  -1.4252759e+00  -3.3000000e+01  -6.1496941e+00
   1.3000000e+01  -2.6000000e+01  -1.4589863e+02  -1.3265022e+01  -3.8818801e-01  -3.3000000e+01  -7.9975828e+00
   1.3000000e+01  -2.6000000e+01  -1.4623080e+02  -1.4391128e+01   2.9895953e-01  -3.3000000e+01  -7.6870503e+00
   1.3000000e+01  -2.6000000e+01  -1.4796868e+02  -1.6006530e+01  -3.0412378e-01  -3.3000000e+01  -6.3469878e+00
   1.3000000e+01  -2.6000000e+01  -1.4973976e+02  -1.8709154e+01  -1.3652523e+00  -3.3000000e+01  -3.6676428e+00
   1.3000000e+01  -2.6000000e+01  -1.5177780e+02  -2.2045434e+01  -3.3933886e+00  -3.3000000e+01   1.5253085e-01
   1.3000000e+01  -2.6000000e+01  -1.5354558e+02  -2.5312824e+01  -5.1867172e+00  -3.3000000e+01   2.7465565e+00
   1.3000000e+01  -2.6000000e+01  -1.5517863e+02  -2.8252580e+01  -7.2525736e+00  -3.3000000e+01   6.2030974e+00
   1.3000000e+01  -2.6000000e+01  -1.5694718e+02  -3.0675330e+01  -9.6585910e+00  -3.3000000e+01   1.0725059e+01
   1.3000000e+01  -2.6000000e+01  -1.5899798e+02  -3.2650674e+01  -1.2286791e+01  -3.3000000e+01   1.5518699e+01
   1.3000000e+01  -2.6000000e+01  -1.6123521e+02  -3.4189203e+01  -1.4710314e+01  -3.3000000e+01   1.9111705e+01
   1.3000000e+01  -2.6000000e+01  -1.6369934e+02  -3.4463983e+01  -1.6711202e+01  -3.3000000e+01   2.1874320e+01
   1.3000000e+01  -2.6000000e+01  -1.6577057e+02  -3.2484112e+01  -1.8831511e+01  -3.3000000e+01   2.5199411e+01
   1.3000000e+01  -2.6000000e+01  -1.6682616e+02  -3.0564207e+01  -2.1297919e+01  -3.3000000e+01   2.7416063e+01
   1.3000000e+01  -2.6000000e+01  -1.6538555e+02  -3.0280154e+01  -2.2299166e+01  -3.3000000e+01   2.8350194e+01
   1.3000000e+01  -2.6000000e+01  -1.6372109e+02  -3.0491168e+01  -2.3072561e+01  -3.3000000e+01   2.8845468e+01
   1.3000000e+01  -2.6000000e+01  -1.6186350e+02  -3.0746414e+01  -2.3505354e+01  -3.3000000e+01   2.8623783e+01
   1.3000000e+01  -2.6000000e+01  -1.5985599e+02  -3.0939554e+01  -2.3940597e+01  -3.3000000e+01   2.9265844e+01
   1.3000000e+01  -2.6000000e+01  -1.5814840e+02  -3.1306218e+01  -2.4579736e+01  -3.3000000e+01   2.9841927e+01
   1.3000000e+01  -2.6000000e+01  -1.5655429e+02  -3.1440663e+01  -2.4825485e+01  -3.3000000e+01   2.9316591e+01
   1.3000000e+01  -2.6000000e+01  -1.5507670e+02  -3.1041187e+01  -2.5006472e+01  -3.3000000e+01   2.9263116e+01
   1.3000000e+01  -2.6000000e+01  -1.5360766e+02  -3.0475382e+01  -2.4980203e+01  -3.3000000e+01   2.9497385e+01
   1.3000000e+01  -2.6000000e+01  -1.5280742e+02  -3.0438858e+01  -2.4656240e+01  -3.3000000e+01   2.8994851e+01
   1.3000000e+01  -2.6000000e+01  -1.5272682e+02  -2.9704505e+01  -2.3906915e+01  -3.3000000e+01   2.8028866e+01
   1.3000000e+01  -2.6000000e+01  -1.5211525e+02  -2.8833327e+01  -2.2570438e+01  -3.3000000e+01   2.6944929e+01
   1.3000000e+01  -2.6000000e+01  -1.5171643e+02  -2.8408875e+01  -2.1337527e+01  -3.3000000e+01   2.5728326e+01
   1.3000000e+01  -2.6000000e+01  -1.5146787e+02  -2.7708268e+01  -2.0006481e+01  -3.3000000e+01   2.4604668e+01
   1.3000000e+01  -2.6000000e+01  -1.5116141e+02  -2.6650163e+01  -1.8619899e+01  -3.3000000e+01   2.3849197e+01
   1.3000000e+01  -2.6000000e+01  -1.5094020e+02  -2.5890820e+01  -1.7304376e+01  -3.3000000e+01   2.2854610e+01
   1.3000000e+01  -2.6000000e+01  -1.5044650e+02  -2.4971134e+01  -1.5884036e+01  -3.3000000e+01   2.1581205e+01
   1.3000000e+01  -2.6000000e+01  -1.5035244e+02  -2.4275591e+01  -1.4756148e+01  -3.3000000e+01   2.0069667e+01
   1.3000000e+01  -2.6000000e+01  -1.5025838e+02  -2.3580048e+01  -1.3628260e+01  -3.3000000e+01   1.8558129e+01
   1.3000000e+01  -2.6000000e+01  -1.5001189e+02  -2.2359118e+01  -1.2486330e+01  -3.3000000e+01   1.7276495e+01
   1.3000000e+01  -2.6000000e+01  -1.4965704e+02  -2.1314743e+01  -1.1319206e+01  -3.3000000e+01   1.5914284e+01
   1.3000000e+01  -2.6000000e+01  -1.4915236e+02  -2.0202201e+01  -1.0345580e+01  -3.3000000e+01   1.3710740e+01
   1.3000000e+01  -2.6000000e+01  -1.4921541e+02  -1.8675774e+01  -9.6832960e+00  -3.3000000e+01   1.1369655e+01
   1.3000000e+01  -2.6000000e+01  -1.4932118e+02  -1.7317252e+01  -9.0036386e+00  -3.3000000e+01   8.8737173e+00
   1.3000000e+01  -2.6000000e+01  -1.4907610e+02  -1.5827280e+01  -7.9617355e+00  -3.3000000e+01   7.4173579e+00
   1.3000000e+01  -2.6000000e+01  -1.4879745e+02  -1.4794818e+01  -6.5505914e+00  -3.3000000e+01   5.0426688e+00
   1.3000000e+01  -2.6000000e+01  -1.4833883e+02  -1.3907718e+01  -5.2848934e+00  -3.3000000e+01   3.3931555e+00
   1.3000000e+01  -2.6000000e+01  -1.4781515e+02  -1.2748968e+01  -4.1122336e+00  -3.3000000e+01   8.5199281e-01
   1.3000000e+01  -2.6000000e+01  -1.4747418e+02  -1.1513114e+01  -3.0848180e+00  -3.3000000e+01  -1.6411924e+00
   1.3000000e+01  -2.6000000e+01  -1.4656910e+02  -1.0142211e+01  -1.7389855e+00  -3.3000000e+01  -4.1641809e+00
   1.3000000e+01  -2.6000000e+01  -1.4547773e+02  -8.4118884e+00  -2.6234637e-01  -3.3000000e+01  -7.7730309e+00
   1.3000000e+01  -2.6000000e+01  -1.4510356e+02  -7.0532098e+00   5.7978132e-01  -3.3000000e+01  -8.5384034e+00
   1.3000000e+01  -2.6000000e+01  -1.4513468e+02  -8.7109867e+00   1.7428123e+00  -3.3000000e+01  -9.4075667e+00
   1.3000000e+01  -2.6000000e+01  -1.4552837e+02  -1.1276397e+01   2.7734747e+00  -3.3000000e+01  -1.0853241e+01
   1.3000000e+01  -2.6000000e+01  -1.4618118e+02  -1.3344683e+01   3.0806430e+00  -3.3000000e+01  -1.1361966e+01
   1.3000000e+01  -2.6000000e+01  -1.4775069e+02  -1.5999320e+01   2.5298455e+00  -3.3000000e+01  -1.3040950e+01
   1.3000000e+01  -2.6000000e+01  -1.5018690e+02  -1.7593389e+01   9.1737645e-01  -3.3000000e+01  -1.0891356e+01
   1.3000000e+01  -2.6000000e+01  -1.5285135e+02  -1.9886879e+01  -1.5505231e+00  -3.3000000e+01  -6.9671115e+00
   1.3000000e+01  -2.6000000e+01  -1.5491651e+02  -2.2654566e+01  -4.1539603e+00  -3.3000000e+01  -4.3705429e+00
   1.3000000e+01  -2.6000000e+01  -1.5636903e+02  -2.4462954e+01  -6.6062333e+00  -3.3000000e+01  -1.0342399e+00
   1.3000000e+01  -2.6000000e+01  -1.5697683e+02  -2.7366363e+01  -9.2253277e+00  -3.3000000e+01   3.2283473e+00
   1.3000000e+01  -2.6000000e+01  -1.5829052e+02  -2.9559795e+01  -1.2441728e+01  -3.3000000e+01   5.5138864e+00
   1.3000000e+01  -2.6000000e+01  -1.5969392e+02  -3.0085367e+01  -1.5790549e+01  -3.3000000e+01   7.6907294e+00
   1.3000000e+01  -2.6000000e+01  -1.6122023e+02  -2.9950934e+01  -1.9268530e+01  -3.3000000e+01   1.1148114e+01
   1.3000000e+01  -2.6000000e+01  -1.6290173e+02  -2.9552798e+01  -2.2271929e+01  -3.3000000e+01   1.5594790e+01
   1.3000000e+01  -2.6000000e+01  -1.6406651e+02  -2.9405616e+01  -2.4646788e+01  -3.3000000e+01   1.9299681e+01
   1.3000000e+01  -2.6000000e+01  -1.6414476e+02  -2.8948583e+01  -2.6289354e+01  -3.3000000e+01   2.2982338e+01
   1.3000000e+01  -2.6000000e+01  -1.6330824e+02  -2.9424686e+01  -2.6992329e+01  -3.3000000e+01   2.4587539e+01
   1.3000000e+01  -2.6000000e+01  -1.6196602e+02  -2.9598175e+01  -2.7216906e+01  -3.3000000e+01   2.6354678e+01
   1.3000000e+01  -2.6000000e+01  -1.6039962e+02  -3.0187807e+01  -2.7152842e+01  -3.3000000e+01   2.7844741e+01
   1.3000000e+01  -2.6000000e+01  -1.5912036e+02  -3.1054399e+01  -2.7051372e+01  -3.3000000e+01   2.8967336e+01
   1.3000000e+01  -2.6000000e+01  -1.5751350e+02  -3.1699932e+01  -2.6648357e+01  -3.3000000e+01   3.0165818e+01
   1.3000000e+01  -2.6000000e+01  -1.5607925e+02  -3.2199898e+01  -2.6288336e+01  -3.3000000e+01   3.0550316e+01
   1.3000000e+01  -2.6000000e+01  -1.5497389e+02  -3.2677899e+01  -2.5702463e+01  -3.3000000e+01   3.0248602e+01
   1.3000000e+01  -2.6000000e+01  -1.5460598e+02  -3.2232941e+01  -2.4778331e+01  -3.3000000e+01   3.0343951e+01
   1.3000000e+01  -2.6000000e+01  -1.5405691e+02  -3.1724983e+01  -2.3673968e+01  -3.3000000e+01   3.0432808e+01
   1.3000000e+01  -2.6000000e+01  -1.5372698e+02  -3.1571000e+01  -2.2551491e+01  -3.3000000e+01   3.0000041e+01
   1.3000000e+01  -2.6000000e+01  -1.5341935e+02  -3.0769420e+01  -2.1349128e+01  -3.3000000e+01   2.9757495e+01
   1.3000000e+01  -2.6000000e+01  -1.5294152e+02  -3.0551505e+01  -1.9993488e+01  -3.3000000e+01   2.8908120e+01
   1.3000000e+01  -2.6000000e+01  -1.5219241e+02  -2.9461796e+01  -1.8560216e+01  -3.3000000e+01   2.8370772e+01
   1.3000000e+01  -2.6000000e+01  -1.5199632e+02  -2.8689432e+01  -1.7523365e+01  -3.3000000e+01   2.7641866e+01
   1.3000000e+01  -2.6000000e+01  -1.5137405e+02  -2.8033564e+01  -1.6297150e+01  -3.3000000e+01   2.6689633e+01
   1.3000000e+01  -2.6000000e+01  -1.5085528e+02  -2.6771109e+01  -1.5184304e+01  -3.3000000e+01   2.5381421e+01
   1.3000000e+01  -2.6000000e+01  -1.5036220e+02  -2.6065597e+01  -1.3963622e+01  -3.3000000e+01   2.2790415e+01
   1.3000000e+01  -2.6000000e+01  -1.5001010e+02  -2.4496019e+01  -1.2933488e+01  -3.3000000e+01   2.0593800e+01
   1.3000000e+01  -2.6000000e+01  -1.4972424e+02  -2.3448419e+01  -1.1916626e+01  -3.3000000e+01   1.7947710e+01
   1.3000000e+01  -2.6000000e+01  -1.4930925e+02  -2.1826800e+01  -1.0922659e+01  -3.3000000e+01   1.5925320e+01
   1.3000000e+01  -2.6000000e+01  -1.4898967e+02  -2.0228565e+01  -1.0037869e+01  -3.3000000e+01   1.3545175e+01
   1.3000000e+01  -2.6000000e+01  -1.4884210e+02  -1.8554058e+01  -9.3191852e+00  -3.3000000e+01   1.1150892e+01
   1.3000000e+01  -2.6000000e+01  -1.4882978e+02  -1.6913910e+01  -8.6790287e+00  -3.3000000e+01   8.7428410e+00
   1.3000000e+01  -2.6000000e+01  -1.4869008e+02  -1.5535974e+01  -7.9012408e+00  -3.3000000e+01   7.0295547e+00
   1.3000000e+01  -2.6000000e+01  -1.4826763e+02  -1.4400017e+01  -6.9064730e+00  -3.3000000e+01   5.1591640e+00
   1.3000000e+01  -2.6000000e+01  -1.4782763e+02  -1.3499761e+01  -5.7857547e+00  -3.3000000e+01   3.0087246e+00
   1.3000000e+01  -2.6000000e+01  -1.4718004e+02  -1.1878630e+01  -4.6609850e+00  -3.3000000e+01   5.9657931e-01
   1.3000000e+01  -2.6000000e+01  -1.4690613e+02  -1.0769611e+01  -3.7201391e+00  -3.3000000e+01  -2.0543588e+00
   1.3000000e+01  -2.6000000e+01  -1.4536509e+02  -8.7080276e+00  -1.8401492e+00  -3.3000000e+01  -6.0758823e+00
   1.3000000e+01  -2.6000000e+01  -1.4455043e+02  -6.5513046e+00  -5.1699144e-01  -3.3000000e+01  -8.2964808e+00
   1.3000000e+01  -2.6000000e+01  -1.4462531e+02  -5.8662231e+00   2.0361529e-01  -3.3000000e+01  -9.1373227e+00
   1.3000000e+01  -2.6000000e+01  -1.4489702e+02  -7.4171339e+00   6.5345370e-01  -3.3000000e+01  -9.7485772e+00
   1.3000000e+01  -2.6000000e+01  -1.4564811e+02  -1.0213030e+01   1.1495945e+00  -3.3000000e+01  -7.9152111e+00
   1.3000000e+01  -2.6000000e+01  -1.4712015e+02  -1.3698329e+01   8.8692018e-01  -3.3000000e+01  -7.2145990e+00
   1.3000000e+01  -2.6000000e+01  -1.4902270e+02  -1.6803597e+01  -7.8734266e-02  -3.3000000e+01  -7.2698592e+00
   1.3000000e+01  -2.6000000e+01  -1.5125612e+02  -1.8757084e+01  -2.1957999e+00  -3.3000000e+01  -5.6699875e+00
   1.3000000e+01  -2.6000000e+01  -1.5342068e+02  -2.0758497e+01  -4.8314352e+00  -3.3000000e+01  -5.3705675e+00
   1.3000000e+01  -2.6000000e+01  -1.5524963e+02  -2.2974333e+01  -7.5343676e+00  -3.3000000e+01  -4.2231061e+00
   1.3000000e+01  -2.6000000e+01  -1.5628808e+02  -2.5460279e+01  -1.0242224e+01  -3.3000000e+01  -4.3559079e+00
   1.3000000e+01  -2.6000000e+01  -1.5711819e+02  -2.6858094e+01  -1.3421170e+01  -3.3000000e+01  -2.3096457e-01
   1.3000000e+01  -2.6000000e+01  -1.5864920e+02  -2.7879509e+01  -1.7362966e+01  -3.3000000e+01   4.6266922e+00
   1.3000000e+01  -2.6000000e+01  -1.6004736e+02  -2.7961779e+01  -2.1126179e+01  -3.3000000e+01   1.0275668e+01
   1.3000000e+01  -2.6000000e+01  -1.6140815e+02  -2.8486340e+01  -2.4836056e+01  -3.3000000e+01   1.5416108e+01
   1.3000000e+01  -2.6000000e+01  -1.6283105e+02  -2.7891014e+01  -2.7979154e+01  -3.3000000e+01   1.9049837e+01
   1.3000000e+01  -2.6000000e+01  -1.6198660e+02  -2.7960682e+01  -2.9556767e+01  -3.3000000e+01   2.1757564e+01
   1.3000000e+01  -2.6000000e+01  -1.6026470e+02  -2.8440077e+01  -3.0500174e+01  -3.3000000e+01   2.3594795e+01
   1.3000000e+01  -2.6000000e+01  -1.5878913e+02  -2.8908376e+01  -3.0816666e+01  -3.3000000e+01   2.4344745e+01
   1.3000000e+01  -2.6000000e+01  -1.5747162e+02  -2.9218760e+01  -3.1074176e+01  -3.3000000e+01   2.5435544e+01
   1.3000000e+01  -2.6000000e+01  -1.5630213e+02  -3.0112746e+01  -3.1255086e+01  -3.3000000e+01   2.6115410e+01
   1.3000000e+01  -2.6000000e+01  -1.5469939e+02  -3.0538119e+01  -3.1001695e+01  -3.3000000e+01   2.7693923e+01
   1.3000000e+01  -2.6000000e+01  -1.5330329e+02  -3.1370055e+01  -3.0580523e+01  -3.3000000e+01   2.8153173e+01
   1.3000000e+01  -2.6000000e+01  -1.5281922e+02  -3.1202326e+01  -2.9771583e+01  -3.3000000e+01   2.8072034e+01
   1.3000000e+01  -2.6000000e+01  -1.5253590e+02  -3.1243218e+01  -2.8972751e+01  -3.3000000e+01   2.7838505e+01
   1.3000000e+01  -2.6000000e+01  -1.5212596e+02  -3.0905854e+01  -2.8017448e+01  -3.3000000e+01   2.7844678e+01
   1.3000000e+01  -2.6000000e+01  -1.5177761e+02  -3.0381482e+01  -2.7068202e+01  -3.3000000e+01   2.8169888e+01
   1.3000000e+01  -2.6000000e+01  -1.5167533e+02  -3.0448582e+01  -2.6250451e+01  -3.3000000e+01   2.8175778e+01
   1.3000000e+01  -2.6000000e+01  -1.5145234e+02  -3.0066201e+01  -2.4968497e+01  -3.3000000e+01   2.7455278e+01
   1.3000000e+01  -2.6000000e+01  -1.5145426e+02  -2.9752893e+01  -2.3765775e+01  -3.3000000e+01   2.6810388e+01
   1.3000000e+01  -2.6000000e+01  -1.5076660e+02  -2.9218731e+01  -2.2522766e+01  -3.3000000e+01   2.7165862e+01
   1.3000000e+01  -2.6000000e+01  -1.5042135e+02  -2.9311795e+01  -2.1521984e+01  -3.3000000e+01   2.6534624e+01
   1.3000000e+01  -2.6000000e+01  -1.5024682e+02  -2.8617280e+01  -2.0617998e+01  -3.3000000e+01   2.6417493e+01
   1.3000000e+01  -2.6000000e+01  -1.5032223e+02  -2.8019481e+01  -1.9773011e+01  -3.3000000e+01   2.5351086e+01
   1.3000000e+01  -2.6000000e+01  -1.5018631e+02  -2.7048962e+01  -1.8812740e+01  -3.3000000e+01   2.4605388e+01
   1.3000000e+01  -2.6000000e+01  -1.4998496e+02  -2.5662917e+01  -1.7726320e+01  -3.3000000e+01   2.3799695e+01
   1.3000000e+01  -2.6000000e+01  -1.4989232e+02  -2.5104747e+01  -1.6674209e+01  -3.3000000e+01   2.2187544e+01
   1.3000000e+01  -2.6000000e+01  -1.4971671e+02  -2.4071040e+01  -1.5781637e+01  -3.3000000e+01   2.1539391e+01
   1.3000000e+01  -2.6000000e+01  -1.4925996e+02  -2.3264669e+01  -1.4691588e+01  -3.3000000e+01   1.9220274e+01
   1.3000000e+01  -2.6000000e+01  -1.4919658e+02  -2.2138748e+01  -1.3931344e+01  -3.3000000e+01   1.7252846e+01
   1.3000000e+01  -2.6000000e+01  -1.4889126e+02  -2.0864653e+01  -1.2982632e+01  -3.3000000e+01   1.5495224e+01
   1.3000000e+01  -2.6000000e+01  -1.4858594e+02  -1.9590557e+01  -1.2033921e+01  -3.3000000e+01   1.3737602e+01
   1.3000000e+01  -2.6000000e+01  -1.4857890e+02  -1.8147727e+01  -1.1228427e+01  -3.3000000e+01   1.2202386e+01
   1.3000000e+01  -2.6000000e+01  -1.4818740e+02  -1.7113358e+01  -1.0023525e+01  -3.3000000e+01   9.6202835e+00
   1.3000000e+01  -2.6000000e+01  -1.4819378e+02  -1.5883972e+01  -8.9472511e+00  -3.3000000e+01   7.7274065e+00
   1.3000000e+01  -2.6000000e+01  -1.4827739e+02  -1.5729367e+01  -7.6746164e+00  -3.3000000e+01   6.4417632e+00
   1.3000000e+01  -2.6000000e+01  -1.4820909e+02  -1.5019119e+01  -6.3833481e+00  -3.3000000e+01   5.4594398e+00
   1.3000000e+01  -2.6000000e+01  -1.4817572e+02  -1.4426100e+01  -5.1280933e+00  -3.3000000e+01   4.4154144e+00
   1.3000000e+01  -2.6000000e+01  -1.4802062e+02  -1.4547289e+01  -3.9392509e+00  -3.3000000e+01   3.6488966e+00
   1.3000000e+01  -2.6000000e+01  -1.4825308e+02  -1.5544031e+01  -2.8491756e+00  -3.3000000e+01   1.0690505e+00
   1.3000000e+01  -2.6000000e+01  -1.4825916e+02  -1.7179982e+01  -1.5977314e+00  -3.3000000e+01  -2.5860275e+00
   1.3000000e+01  -2.6000000e+01  -1.4857570e+02  -1.8689077e+01  -1.0013865e+00  -3.3000000e+01  -5.0591256e+00
   1.3000000e+01  -2.6000000e+01  -1.4969158e+02  -1.8975631e+01  -1.4365462e+00  -3.3000000e+01  -4.7136708e+00
   1.3000000e+01  -2.6000000e+01  -1.5121992e+02  -1.9127980e+01  -3.0818433e+00  -3.3000000e+01  -2.8031223e+00
   1.3000000e+01  -2.6000000e+01  -1.5310780e+02  -2.0024922e+01  -5.4368216e+00  -3.3000000e+01   6.6241423e-01
   1.3000000e+01  -2.6000000e+01  -1.5542597e+02  -2.2542070e+01  -8.7438531e+00  -3.3000000e+01   4.0888979e+00
   1.3000000e+01  -2.6000000e+01  -1.5699105e+02  -2.6101724e+01  -1.1569234e+01  -3.3000000e+01   7.0476823e+00
   1.3000000e+01  -2.6000000e+01  -1.5816477e+02  -2.9934930e+01  -1.3900164e+01  -3.3000000e+01   8.8277292e+00
   1.3000000e+01  -2.6000000e+01  -1.5901709e+02  -3.2848102e+01  -1.5782145e+01  -3.3000000e+01   1.0110099e+01
   1.3000000e+01  -2.6000000e+01  -1.5969687e+02  -3.4876768e+01  -1.7246735e+01  -3.3000000e+01   1.0241390e+01
   1.3000000e+01  -2.6000000e+01  -1.6058148e+02  -3.4870662e+01  -1.9089520e+01  -3.3000000e+01   9.6104127e+00
   1.3000000e+01  -2.6000000e+01  -1.6292936e+02  -3.2172355e+01  -2.2733015e+01  -3.3000000e+01   9.0906324e+00
   1.3000000e+01  -2.6000000e+01  -1.6517032e+02  -2.8105900e+01  -2.6469950e+01  -3.3000000e+01   1.0588156e+01
   1.3000000e+01  -2.6000000e+01  -1.6648872e+02  -2.4552740e+01  -2.9816163e+01  -3.3000000e+01   1.3162303e+01
   1.3000000e+01  -2.6000000e+01  -1.6518733e+02  -2.4043336e+01  -3.1237569e+01  -3.3000000e+01   1.6515196e+01
   1.3000000e+01  -2.6000000e+01  -1.6290526e+02  -2.5004261e+01  -3.2035456e+01  -3.3000000e+01   1.8673929e+01
   1.3000000e+01  -2.6000000e+01  -1.6136876e+02  -2.6184797e+01  -3.1766161e+01  -3.3000000e+01   1.9361772e+01
   1.3000000e+01  -2.6000000e+01  -1.6021279e+02  -2.7050199e+01  -3.1289337e+01  -3.3000000e+01   2.0859576e+01
   1.3000000e+01  -2.6000000e+01  -1.5924543e+02  -2.7847700e+01  -3.0245502e+01  -3.3000000e+01   2.1171836e+01
   1.3000000e+01  -2.6000000e+01  -1.5858023e+02  -2.8235453e+01  -2.9323956e+01  -3.3000000e+01   2.2145820e+01
   1.3000000e+01  -2.6000000e+01  -1.5791503e+02  -2.8623207e+01  -2.8402411e+01  -3.3000000e+01   2.3119804e+01
   1.3000000e+01  -2.6000000e+01  -1.5724337e+02  -2.9389916e+01  -2.7471223e+01  -3.3000000e+01   2.3954496e+01
   1.3000000e+01  -2.6000000e+01  -1.5658261e+02  -2.9723433e+01  -2.6615937e+01  -3.3000000e+01   2.5204420e+01
   1.3000000e+01  -2.6000000e+01  -1.5567655e+02  -2.9960432e+01  -2.5676455e+01  -3.3000000e+01   2.6009614e+01
   1.3000000e+01  -2.6000000e+01  -1.5519700e+02  -2.9558768e+01  -2.5083974e+01  -3.3000000e+01   2.6636972e+01
   1.3000000e+01  -2.6000000e+01  -1.5441499e+02  -2.9552012e+01  -2.4468613e+01  -3.3000000e+01   2.7136116e+01
   1.3000000e+01  -2.6000000e+01  -1.5402004e+02  -2.9501868e+01  -2.4110301e+01  -3.3000000e+01   2.7379530e+01
   1.3000000e+01  -2.6000000e+01  -1.5343573e+02  -2.9238648e+01  -2.3650686e+01  -3.3000000e+01   2.7668533e+01
   1.3000000e+01  -2.6000000e+01  -1.5293118e+02  -2.9146889e+01  -2.2991996e+01  -3.3000000e+01   2.6333301e+01
   1.3000000e+01  -2.6000000e+01  -1.5259162e+02  -2.8595561e+01  -2.2365584e+01  -3.3000000e+01   2.5492975e+01
   1.3000000e+01  -2.6000000e+01  -1.5243064e+02  -2.8244824e+01  -2.1576950e+01  -3.3000000e+01   2.4384039e+01
   1.3000000e+01  -2.6000000e+01  -1.5197421e+02  -2.7272104e+01  -2.0585573e+01  -3.3000000e+01   2.3740548e+01
   1.3000000e+01  -2.6000000e+01  -1.5185668e+02  -2.6457686e+01  -1.9761210e+01  -3.3000000e+01   2.3176946e+01
   1.3000000e+01  -2.6000000e+01  -1.5164584e+02  -2.6165316e+01  -1.8842045e+01  -3.3000000e+01   2.2779541e+01
   1.3000000e+01  -2.6000000e+01  -1.5093337e+02  -2.5191172e+01  -1.7898812e+01  -3.3000000e+01   2.1856167e+01
   1.3000000e+01  -2.6000000e+01  -1.5037791e+02  -2.4533737e+01  -1.7125825e+01  -3.3000000e+01   2.0023496e+01
   1.3000000e+01  -2.6000000e+01  -1.4995301e+02  -2.3196362e+01  -1.6436294e+01  -3.3000000e+01   1.8815579e+01
   1.3000000e+01  -2.6000000e+01  -1.4963447e+02  -2.2035027e+01  -1.5746034e+01  -3.3000000e+01   1.7388251e+01
   1.3000000e+01  -2.6000000e+01  -1.4940521e+02  -2.0357952e+01  -1.4952130e+01  -3.3000000e+01   1.6136913e+01
   1.3000000e+01  -2.6000000e+01  -1.4963703e+02  -1.9036314e+01  -1.3863679e+01  -3.3000000e+01   1.3916245e+01
   1.3000000e+01  -2.6000000e+01  -1.4946443e+02  -1.8214363e+01  -1.2640597e+01  -3.3000000e+01   1.1912725e+01
   1.3000000e+01  -2.6000000e+01  -1.4907194e+02  -1.7726145e+01  -1.1687908e+01  -3.3000000e+01   1.0218397e+01
   1.3000000e+01  -2.6000000e+01  -1.4871847e+02  -1.6700715e+01  -1.0833997e+01  -3.3000000e+01   8.6745664e+00
   1.3000000e+01  -2.6000000e+01  -1.4837914e+02  -1.5867419e+01  -1.0094543e+01  -3.3000000e+01   7.8431191e+00
   1.3000000e+01  -2.6000000e+01  -1.4841386e+02  -1.5537180e+01  -9.2509430e+00  -3.3000000e+01   6.2923609e+00
   1.3000000e+01  -2.6000000e+01  -1.4826250e+02  -1.4555883e+01  -8.3161169e+00  -3.3000000e+01   4.9588183e+00
   1.3000000e+01  -2.6000000e+01  -1.4826447e+02  -1.4364948e+01  -7.3792781e+00  -3.3000000e+01   4.3771851e+00
   1.3000000e+01  -2.6000000e+01  -1.4778346e+02  -1.4698476e+01  -6.0437330e+00  -3.3000000e+01   3.4871245e+00
   1.3000000e+01  -2.6000000e+01  -1.4771048e+02  -1.6718348e+01  -4.7399437e+00  -3.3000000e+01   1.5357221e+00
   1.3000000e+01  -2.6000000e+01  -1.4776804e+02  -1.9221705e+01  -3.2656819e+00  -3.3000000e+01  -1.5136814e+00
   1.3000000e+01  -2.6000000e+01  -1.4829554e+02  -2.1309585e+01  -2.4380333e+00  -3.3000000e+01  -3.7979636e+00
   1.3000000e+01  -2.6000000e+01  -1.4952171e+02  -2.3020009e+01  -2.7228440e+00  -3.3000000e+01  -4.5802193e+00
   1.3000000e+01  -2.6000000e+01  -1.5095652e+02  -2.3471857e+01  -3.9329513e+00  -3.3000000e+01  -2.6853653e+00
   1.3000000e+01  -2.6000000e+01  -1.5220068e+02  -2.3683164e+01  -5.6345694e+00  -3.3000000e+01   1.8071408e-01
   1.3000000e+01  -2.6000000e+01  -1.5418337e+02  -2.4642123e+01  -8.1060163e+00  -3.3000000e+01   2.0501712e+00
   1.3000000e+01  -2.6000000e+01  -1.5596375e+02  -2.6752972e+01  -1.1096801e+01  -3.3000000e+01   4.8590900e+00
   1.3000000e+01  -2.6000000e+01  -1.5696804e+02  -2.9935218e+01  -1.3742153e+01  -3.3000000e+01   5.8668594e+00
   1.3000000e+01  -2.6000000e+01  -1.5855599e+02  -3.1739659e+01  -1.5929413e+01  -3.3000000e+01   6.5150834e+00
   1.3000000e+01  -2.6000000e+01  -1.5969338e+02  -3.3048485e+01  -1.7821051e+01  -3.3000000e+01   7.5314140e+00
   1.3000000e+01  -2.6000000e+01  -1.6087102e+02  -3.3120161e+01  -1.9684536e+01  -3.3000000e+01   9.9632598e+00
   1.3000000e+01  -2.6000000e+01  -1.6209526e+02  -3.2192280e+01  -2.1704987e+01  -3.3000000e+01   1.3629789e+01
   1.3000000e+01  -2.6000000e+01  -1.6316920e+02  -3.0736566e+01  -2.3907415e+01  -3.3000000e+01   1.8420339e+01
   1.3000000e+01  -2.6000000e+01  -1.6360568e+02  -2.9474815e+01  -2.5720881e+01  -3.3000000e+01   2.3244956e+01
   1.3000000e+01  -2.6000000e+01  -1.6270546e+02  -3.0055848e+01  -2.6667623e+01  -3.3000000e+01   2.6261709e+01
   1.3000000e+01  -2.6000000e+01  -1.6136876e+02  -3.0518245e+01  -2.7154138e+01  -3.3000000e+01   2.7389711e+01
