   2.2008647e+01   2.7455425e+01  -1.5910092e+02   1.7874406e+01  -2.5804610e+01  -3.1210398e+01   3.9444065e+01
   2.2813993e+01   1.3504685e+01  -1.5871051e+02   1.5786549e+01  -2.5348054e+01  -3.0132710e+01   4.0017985e+01
   2.3619339e+01  -4.4605547e-01  -1.5832010e+02   1.3698692e+01  -2.4891498e+01  -2.9055021e+01   4.0591904e+01
   2.4424684e+01  -1.4396796e+01  -1.5792969e+02   1.1610835e+01  -2.4434942e+01  -2.7977333e+01   4.1165823e+01
   1.7028948e+01  -2.6000000e+01  -1.5638811e+02  -7.5620032e-01  -2.0661780e+01  -4.0073664e+01   3.3139058e+01
   1.1645055e+01  -2.6000000e+01  -1.5284629e+02  -1.0280629e+01  -1.6652088e+01  -4.8088373e+01   2.9649075e+01
   8.4513949e+00  -2.6000000e+01  -1.5042722e+02  -1.3563909e+01  -1.5412089e+01  -4.8268169e+01   2.8972008e+01
   5.9164515e+00  -2.6000000e+01  -1.4920333e+02  -1.4331421e+01  -1.5353284e+01  -4.6062434e+01   2.7679588e+01
   4.5086149e+00  -2.6000000e+01  -1.4776140e+02  -1.4890225e+01  -1.5580585e+01  -4.3838649e+01   2.5253426e+01
   3.3574575e+00  -2.6000000e+01  -1.4659522e+02  -1.5704169e+01  -1.5948846e+01  -4.2016364e+01   2.3445517e+01
   2.2606089e+00  -2.6000000e+01  -1.4537505e+02  -1.6384999e+01  -1.6230586e+01  -4.0132220e+01   2.1681724e+01
   1.3776364e+00  -2.6000000e+01  -1.4414093e+02  -1.6260638e+01  -1.6364690e+01  -3.7568816e+01   2.0266743e+01
   1.4636522e-03  -2.6000000e+01  -1.4407104e+02  -1.6661372e+01  -1.5853855e+01  -3.5749668e+01   1.7831047e+01
  -5.2079111e-01  -2.6000000e+01  -1.4348934e+02  -1.7098139e+01  -1.5098012e+01  -3.3881685e+01   1.6088825e+01
  -1.1815538e+00  -2.6000000e+01  -1.4286465e+02  -1.7373574e+01  -1.4248882e+01  -3.2051919e+01   1.3437611e+01
  -1.8376696e+00  -2.6000000e+01  -1.4235499e+02  -1.7531395e+01  -1.3449618e+01  -3.0156424e+01   1.0833188e+01
  -2.5526301e+00  -2.6000000e+01  -1.4198762e+02  -1.8160229e+01  -1.2782171e+01  -2.8719988e+01   8.0568610e+00
  -3.0668283e+00  -2.6000000e+01  -1.4152937e+02  -1.8962790e+01  -1.2155260e+01  -2.7616806e+01   5.7627475e+00
  -3.3241425e+00  -2.6000000e+01  -1.4140553e+02  -1.9785377e+01  -1.1737620e+01  -2.6790953e+01   4.7694044e+00
  -2.7033986e+00  -2.6000000e+01  -1.4129327e+02  -2.1296032e+01  -1.1882895e+01  -2.7061991e+01   4.8072479e+00
  -2.6896307e+00  -2.6000000e+01  -1.4115827e+02  -2.3284832e+01  -1.2153495e+01  -2.8038190e+01   2.3548274e+00
  -2.6734373e+00  -2.6000000e+01  -1.4206047e+02  -2.4706998e+01  -1.3091424e+01  -2.8564257e+01   3.3355565e-01
  -2.2928463e+00  -2.6000000e+01  -1.4360069e+02  -2.4936920e+01  -1.4731790e+01  -2.8482480e+01   4.7033841e-01
  -2.0660384e+00  -2.6000000e+01  -1.4531808e+02  -2.4977425e+01  -1.6714053e+01  -2.8393538e+01   2.1593661e+00
  -1.2081983e+00  -2.6000000e+01  -1.4700163e+02  -2.4820814e+01  -1.9262478e+01  -2.8646263e+01   3.1190964e+00
   2.3376586e-01  -2.6000000e+01  -1.4859639e+02  -2.4496867e+01  -2.2189133e+01  -2.9402570e+01   4.4095847e+00
   5.6212096e-01  -2.6000000e+01  -1.5041213e+02  -2.4732457e+01  -2.5161712e+01  -3.0317309e+01   4.6171898e+00
  -2.1948807e-01  -2.6000000e+01  -1.5193210e+02  -2.5829966e+01  -2.8088838e+01  -3.1307309e+01   5.7041667e+00
  -1.2407443e+00  -2.6000000e+01  -1.5380130e+02  -2.6183741e+01  -3.1582152e+01  -3.1929285e+01   6.2272117e+00
  -1.8547332e+00  -2.6000000e+01  -1.5502779e+02  -2.6001560e+01  -3.4849664e+01  -3.2153365e+01   9.8718513e+00
  -1.8549651e+00  -2.6000000e+01  -1.5604404e+02  -2.5330737e+01  -3.7851067e+01  -3.1938003e+01   1.5113909e+01
  -1.0617695e+00  -2.6000000e+01  -1.5665286e+02  -2.3191055e+01  -3.9457430e+01  -3.0574449e+01   2.1480422e+01
  -1.0604918e+00  -2.6000000e+01  -1.5567141e+02  -2.2928367e+01  -3.9651016e+01  -3.0887999e+01   2.5047755e+01
  -1.7926246e+00  -2.6000000e+01  -1.5447359e+02  -2.3488832e+01  -3.9244835e+01  -3.1607342e+01   2.6818462e+01
  -2.5262059e+00  -2.6000000e+01  -1.5308747e+02  -2.4013766e+01  -3.8583904e+01  -3.2266262e+01   2.8414014e+01
  -3.8383780e+00  -2.6000000e+01  -1.5192701e+02  -2.4804135e+01  -3.7623055e+01  -3.2694595e+01   2.8589717e+01
  -4.6850581e+00  -2.6000000e+01  -1.5128650e+02  -2.5408524e+01  -3.6713787e+01  -3.2667623e+01   2.9807122e+01
  -5.0000152e+00  -2.6000000e+01  -1.5093606e+02  -2.6299418e+01  -3.5119537e+01  -3.2427364e+01   3.0872789e+01
  -5.3544720e+00  -2.6000000e+01  -1.5057897e+02  -2.6863161e+01  -3.3477159e+01  -3.2057501e+01   3.1622521e+01
  -5.6592114e+00  -2.6000000e+01  -1.5058755e+02  -2.7354920e+01  -3.2118008e+01  -3.1724902e+01   3.2330608e+01
  -5.4974081e+00  -2.6000000e+01  -1.4969360e+02  -2.7505729e+01  -3.1081162e+01  -3.1722814e+01   3.3166306e+01
  -5.2914966e+00  -2.6000000e+01  -1.4947096e+02  -2.7540054e+01  -3.0414145e+01  -3.1693412e+01   3.3300510e+01
  -5.1695717e+00  -2.6000000e+01  -1.4896413e+02  -2.7816888e+01  -2.9636832e+01  -3.1859303e+01   3.3184924e+01
  -4.9087098e+00  -2.6000000e+01  -1.4833739e+02  -2.7796631e+01  -2.8795916e+01  -3.1804040e+01   3.3016443e+01
  -4.1638980e+00  -2.6000000e+01  -1.4708530e+02  -2.7586404e+01  -2.8194210e+01  -3.1839445e+01   3.2368421e+01
  -3.4307997e+00  -2.6000000e+01  -1.4599388e+02  -2.7188324e+01  -2.7783064e+01  -3.1816497e+01   3.1593394e+01
  -2.5447901e+00  -2.6000000e+01  -1.4499382e+02  -2.6506266e+01  -2.7412499e+01  -3.1653693e+01   3.0905308e+01
  -1.5153634e+00  -2.6000000e+01  -1.4416782e+02  -2.5852720e+01  -2.7121416e+01  -3.1668286e+01   3.0514805e+01
  -7.2540407e-01  -2.6000000e+01  -1.4288083e+02  -2.5097070e+01  -2.6425438e+01  -3.1802388e+01   2.8904790e+01
  -8.4873296e-01  -2.6000000e+01  -1.4236696e+02  -2.4181688e+01  -2.5799562e+01  -3.1730153e+01   2.6542370e+01
  -1.0146047e+00  -2.6000000e+01  -1.4152481e+02  -2.3501467e+01  -2.4944252e+01  -3.1801207e+01   2.3906055e+01
  -1.2069394e+00  -2.6000000e+01  -1.4123207e+02  -2.2528048e+01  -2.4183199e+01  -3.1356447e+01   2.1824649e+01
  -1.0891239e+00  -2.6000000e+01  -1.4062464e+02  -2.1543296e+01  -2.2883249e+01  -3.0737873e+01   2.0422406e+01
  -1.0049920e+00  -2.6000000e+01  -1.4112229e+02  -2.0579392e+01  -2.1942070e+01  -3.0097779e+01   1.7236080e+01
  -8.5480707e-01  -2.6000000e+01  -1.4123310e+02  -1.9622902e+01  -2.0755374e+01  -2.9463324e+01   1.4069063e+01
  -3.2232484e-01  -2.6000000e+01  -1.4142723e+02  -1.8864090e+01  -1.9554042e+01  -2.8824059e+01   1.1554292e+01
  -1.6746294e-02  -2.6000000e+01  -1.4178731e+02  -1.8628870e+01  -1.8168029e+01  -2.8120356e+01   9.9298984e+00
  -6.9908406e-01  -2.6000000e+01  -1.4192468e+02  -1.8720166e+01  -1.6263158e+01  -2.7248041e+01   6.4841662e+00
  -1.3701962e+00  -2.6000000e+01  -1.4204148e+02  -1.8705646e+01  -1.4358972e+01  -2.6251449e+01   3.1193419e+00
  -1.4922457e+00  -2.6000000e+01  -1.4222551e+02  -1.8361455e+01  -1.2719860e+01  -2.4824388e+01   2.4181121e+00
  -9.6394178e-01  -2.6000000e+01  -1.4235455e+02  -1.8583541e+01  -1.1312385e+01  -2.3864408e+01   2.2158386e-01
  -3.4266478e-01  -2.6000000e+01  -1.4157624e+02  -1.8685686e+01  -9.4002749e+00  -2.2864829e+01  -2.0325794e+00
   1.1778066e-01  -2.6000000e+01  -1.4175650e+02  -1.9355027e+01  -8.2031703e+00  -2.2385456e+01  -4.3141112e+00
   1.6463086e-01  -2.6000000e+01  -1.4207945e+02  -2.0896746e+01  -8.1026043e+00  -2.3398391e+01  -6.3793135e+00
  -3.2174738e-01  -2.6000000e+01  -1.4202767e+02  -2.1750377e+01  -8.1122203e+00  -2.4152600e+01  -8.5805518e+00
  -8.0626893e-01  -2.6000000e+01  -1.4227712e+02  -2.2745867e+01  -8.3850802e+00  -2.5018478e+01  -1.0714502e+01
  -1.1422491e+00  -2.6000000e+01  -1.4341491e+02  -2.3167312e+01  -9.4640580e+00  -2.5036202e+01  -1.0170942e+01
  -1.4153923e+00  -2.6000000e+01  -1.4469762e+02  -2.3609404e+01  -1.0846051e+01  -2.5101071e+01  -7.8569184e+00
  -1.6381740e+00  -2.6000000e+01  -1.4629014e+02  -2.4750591e+01  -1.2594741e+01  -2.5853771e+01  -5.8051524e+00
  -1.9912400e+00  -2.6000000e+01  -1.4783275e+02  -2.6917060e+01  -1.4478020e+01  -2.7555242e+01  -4.1750047e+00
  -1.6921847e+00  -2.6000000e+01  -1.4944572e+02  -2.8461432e+01  -1.7480089e+01  -2.9442515e+01  -5.4576869e+00
  -1.3839953e+00  -2.6000000e+01  -1.5036034e+02  -2.9355358e+01  -2.0610986e+01  -3.1068238e+01  -5.4727176e+00
  -1.3314114e+00  -2.6000000e+01  -1.5097951e+02  -2.9766355e+01  -2.3861559e+01  -3.2260840e+01  -4.4225790e+00
  -1.4571545e+00  -2.6000000e+01  -1.5212726e+02  -2.8871613e+01  -2.7417603e+01  -3.2375619e+01  -3.4725233e-01
  -1.6626497e+00  -2.6000000e+01  -1.5394454e+02  -2.7174118e+01  -3.1507613e+01  -3.1673415e+01   2.3577252e+00
  -1.3319889e+00  -2.6000000e+01  -1.5584887e+02  -2.4953142e+01  -3.4600877e+01  -2.9812372e+01   5.6374607e+00
   2.2959698e-01  -2.6000000e+01  -1.5765478e+02  -2.1874643e+01  -3.6299379e+01  -2.7624383e+01   1.1543842e+01
   1.5065690e-01  -2.6000000e+01  -1.5670436e+02  -2.1422722e+01  -3.6528997e+01  -2.7910022e+01   1.4761824e+01
  -4.8695644e-01  -2.6000000e+01  -1.5500996e+02  -2.1670590e+01  -3.5832298e+01  -2.8579704e+01   1.6481202e+01
  -1.2780044e+00  -2.6000000e+01  -1.5383965e+02  -2.2422072e+01  -3.5138786e+01  -2.9217916e+01   1.7249225e+01
  -1.8131932e+00  -2.6000000e+01  -1.5248451e+02  -2.3161439e+01  -3.4124726e+01  -2.9427811e+01   1.7277821e+01
  -2.0672717e+00  -2.6000000e+01  -1.5150298e+02  -2.3717761e+01  -3.3250046e+01  -2.9295632e+01   1.8476257e+01
  -2.4502405e+00  -2.6000000e+01  -1.5030752e+02  -2.4323819e+01  -3.2263843e+01  -2.9069308e+01   1.8910114e+01
  -2.8260241e+00  -2.6000000e+01  -1.4994444e+02  -2.4598917e+01  -3.1746658e+01  -2.8644417e+01   1.9079224e+01
  -3.0295292e+00  -2.6000000e+01  -1.4943433e+02  -2.4648431e+01  -3.1053020e+01  -2.8219446e+01   1.8807282e+01
  -3.2330344e+00  -2.6000000e+01  -1.4892421e+02  -2.4697945e+01  -3.0359382e+01  -2.7794475e+01   1.8535340e+01
  -3.4709138e+00  -2.6000000e+01  -1.4841527e+02  -2.4923283e+01  -2.9776435e+01  -2.7637902e+01   1.8137769e+01
  -3.1903597e+00  -2.6000000e+01  -1.4814155e+02  -2.4974534e+01  -2.9587318e+01  -2.7677066e+01   1.8399897e+01
  -2.9597527e+00  -2.6000000e+01  -1.4776897e+02  -2.5163406e+01  -2.9402257e+01  -2.7877067e+01   1.8552341e+01
  -2.6422305e+00  -2.6000000e+01  -1.4744304e+02  -2.5062251e+01  -2.9252799e+01  -2.7893088e+01   1.8929908e+01
  -2.3415475e+00  -2.6000000e+01  -1.4728667e+02  -2.5073725e+01  -2.9326786e+01  -2.8145630e+01   1.9385789e+01
  -2.5886813e+00  -2.6000000e+01  -1.4699469e+02  -2.5115670e+01  -2.9431606e+01  -2.8765335e+01   1.8890874e+01
  -1.9296751e+00  -2.6000000e+01  -1.4674946e+02  -2.4574243e+01  -2.9837118e+01  -2.9081929e+01   1.8777349e+01
  -1.2449481e+00  -2.6000000e+01  -1.4637462e+02  -2.3979989e+01  -3.0073704e+01  -2.9283457e+01   1.8555465e+01
  -1.1094981e+00  -2.6000000e+01  -1.4629006e+02  -2.3313276e+01  -2.9912942e+01  -2.9141383e+01   1.7975623e+01
  -1.1749583e+00  -2.6000000e+01  -1.4665396e+02  -2.2600003e+01  -2.9740904e+01  -2.8819915e+01   1.6754507e+01
   2.6963082e-02  -2.6000000e+01  -1.4684545e+02  -2.2047440e+01  -2.9226383e+01  -2.8475447e+01   1.6023731e+01
   7.6916211e-01  -2.6000000e+01  -1.4723479e+02  -2.1500283e+01  -2.8564099e+01  -2.8163914e+01   1.3864181e+01
   1.5437637e+00  -2.6000000e+01  -1.4738154e+02  -2.0884071e+01  -2.7741656e+01  -2.7791123e+01   1.1729732e+01
   2.1621704e+00  -2.6000000e+01  -1.4749822e+02  -2.0563655e+01  -2.6911924e+01  -2.7658852e+01   9.5032100e+00
   1.8819100e+00  -2.6000000e+01  -1.4761482e+02  -2.0285200e+01  -2.5652811e+01  -2.7146725e+01   7.5797207e+00
   1.5811617e+00  -2.6000000e+01  -1.4725074e+02  -2.0157844e+01  -2.4150874e+01  -2.6742471e+01   5.5261039e+00
   1.9917598e+00  -2.6000000e+01  -1.4656468e+02  -1.9917218e+01  -2.2875022e+01  -2.6331904e+01   3.7133879e+00
   1.8310264e+00  -2.6000000e+01  -1.4668056e+02  -1.9534135e+01  -2.1971608e+01  -2.5835644e+01   2.2821274e-01
   1.4665160e+00  -2.6000000e+01  -1.4711788e+02  -1.9016029e+01  -2.0972822e+01  -2.4955371e+01  -2.1032912e+00
   4.4890370e-01  -2.6000000e+01  -1.4453993e+02  -1.8965556e+01  -1.7827148e+01  -2.4066220e+01  -4.6461477e+00
   1.4352805e-01  -2.6000000e+01  -1.4371911e+02  -1.8628833e+01  -1.5771911e+01  -2.2933304e+01  -7.2791060e+00
   2.5297645e-01  -2.6000000e+01  -1.4328024e+02  -1.8221649e+01  -1.4063414e+01  -2.1841428e+01  -8.3533830e+00
   2.1424429e-01  -2.6000000e+01  -1.4311653e+02  -1.7836607e+01  -1.2404144e+01  -2.0724972e+01  -1.0145212e+01
  -1.4620821e-01  -2.6000000e+01  -1.4290734e+02  -1.8466032e+01  -1.1037823e+01  -2.0639999e+01  -1.1205089e+01
  -1.1032523e+00  -2.6000000e+01  -1.4299622e+02  -2.0200967e+01  -1.0636797e+01  -2.1964765e+01  -1.1923712e+01
  -1.9254150e+00  -2.6000000e+01  -1.4316500e+02  -2.1916094e+01  -1.0872579e+01  -2.3528791e+01  -1.4034183e+01
  -2.3875720e+00  -2.6000000e+01  -1.4356856e+02  -2.3491348e+01  -1.1741950e+01  -2.5099118e+01  -1.5030880e+01
  -2.3638105e+00  -2.6000000e+01  -1.4486348e+02  -2.4992693e+01  -1.3242986e+01  -2.6412938e+01  -1.3275868e+01
  -1.5183171e+00  -2.6000000e+01  -1.4607633e+02  -2.6293264e+01  -1.5310180e+01  -2.7635044e+01  -1.1288954e+01
  -1.4753359e+00  -2.6000000e+01  -1.4701278e+02  -2.7186164e+01  -1.7557445e+01  -2.8724940e+01  -9.5518576e+00
  -1.0752658e+00  -2.6000000e+01  -1.4820396e+02  -2.7666495e+01  -2.0389058e+01  -2.9590959e+01  -4.8707542e+00
  -6.1452123e-01  -2.6000000e+01  -1.4869431e+02  -2.7641789e+01  -2.3883196e+01  -3.0727343e+01   1.1232716e+00
  -1.1547445e+00  -2.6000000e+01  -1.4950441e+02  -2.7192890e+01  -2.7192996e+01  -3.0950541e+01   6.8084886e+00
  -2.1428452e+00  -2.6000000e+01  -1.5090574e+02  -2.6340916e+01  -3.0614472e+01  -3.0700817e+01   1.1178105e+01
  -2.9367896e+00  -2.6000000e+01  -1.5220439e+02  -2.5242599e+01  -3.3694770e+01  -3.0085577e+01   1.4865986e+01
  -3.4204217e+00  -2.6000000e+01  -1.5366691e+02  -2.3451178e+01  -3.6278306e+01  -2.9148273e+01   1.8060594e+01
  -4.0064932e+00  -2.6000000e+01  -1.5346295e+02  -2.2730180e+01  -3.7514867e+01  -2.9313569e+01   1.9166580e+01
  -4.0543383e+00  -2.6000000e+01  -1.5192442e+02  -2.3209383e+01  -3.7413305e+01  -2.9805205e+01   2.0222653e+01
  -4.1609447e+00  -2.6000000e+01  -1.5083968e+02  -2.3819728e+01  -3.7513376e+01  -3.0328852e+01   2.1401848e+01
  -3.7748885e+00  -2.6000000e+01  -1.4979805e+02  -2.4301081e+01  -3.7164928e+01  -3.0589754e+01   2.3813855e+01
  -3.8235786e+00  -2.6000000e+01  -1.4871941e+02  -2.4885291e+01  -3.6417284e+01  -3.0927774e+01   2.4779567e+01
  -3.7625946e+00  -2.6000000e+01  -1.4788082e+02  -2.5137421e+01  -3.5675045e+01  -3.0971816e+01   2.5976128e+01
  -4.2267303e+00  -2.6000000e+01  -1.4739952e+02  -2.5479430e+01  -3.4853632e+01  -3.1011926e+01   2.6442208e+01
  -4.5988722e+00  -2.6000000e+01  -1.4698286e+02  -2.5648195e+01  -3.4021717e+01  -3.0922941e+01   2.6987906e+01
  -4.5610361e+00  -2.6000000e+01  -1.4681501e+02  -2.5658560e+01  -3.3289924e+01  -3.0877004e+01   2.7101286e+01
  -4.2304058e+00  -2.6000000e+01  -1.4630893e+02  -2.5729154e+01  -3.2255525e+01  -3.0983630e+01   2.6464509e+01
  -3.6784216e+00  -2.6000000e+01  -1.4541542e+02  -2.5505092e+01  -3.0998638e+01  -3.0942503e+01   2.5491096e+01
  -3.1644786e+00  -2.6000000e+01  -1.4494915e+02  -2.5375496e+01  -3.0083125e+01  -3.1008429e+01   2.4437956e+01
  -2.8728006e+00  -2.6000000e+01  -1.4453265e+02  -2.4835951e+01  -2.9227000e+01  -3.0621294e+01   2.2508688e+01
  -2.0046711e+00  -2.6000000e+01  -1.4378550e+02  -2.3972635e+01  -2.8410603e+01  -3.0392143e+01   2.1378181e+01
  -2.1204511e+00  -2.6000000e+01  -1.4326374e+02  -2.3673764e+01  -2.7629792e+01  -3.0485259e+01   1.9016729e+01
  -1.7919234e+00  -2.6000000e+01  -1.4264173e+02  -2.2667769e+01  -2.6734412e+01  -3.0229140e+01   1.7588114e+01
  -2.2456896e+00  -2.6000000e+01  -1.4234049e+02  -2.2107226e+01  -2.5837237e+01  -3.0187423e+01   1.5454302e+01
  -2.6430097e+00  -2.6000000e+01  -1.4235108e+02  -2.1630117e+01  -2.4618202e+01  -2.9677792e+01   1.4543849e+01
  -2.9142337e+00  -2.6000000e+01  -1.4180870e+02  -2.1222059e+01  -2.3068794e+01  -2.9105441e+01   1.3184174e+01
  -2.7304830e+00  -2.6000000e+01  -1.4174051e+02  -2.1047525e+01  -2.1612685e+01  -2.8249677e+01   1.1274171e+01
  -2.8359396e+00  -2.6000000e+01  -1.4197830e+02  -2.0835043e+01  -2.0287535e+01  -2.7307240e+01   8.7228712e+00
  -2.9961962e+00  -2.6000000e+01  -1.4212546e+02  -2.0532784e+01  -1.8809204e+01  -2.6112942e+01   5.5329730e+00
  -3.0627569e+00  -2.6000000e+01  -1.4211307e+02  -2.0248324e+01  -1.7111973e+01  -2.4766108e+01   3.1592829e+00
  -3.2574537e+00  -2.6000000e+01  -1.4237659e+02  -2.0273724e+01  -1.5611461e+01  -2.3773481e+01   2.1687261e-01
  -2.2477141e+00  -2.6000000e+01  -1.4194678e+02  -1.9886222e+01  -1.4000140e+01  -2.2783691e+01  -1.9668084e+00
  -1.4554484e+00  -2.6000000e+01  -1.4191012e+02  -1.9547043e+01  -1.2580362e+01  -2.1999430e+01  -5.3993213e+00
  -9.5476008e-01  -2.6000000e+01  -1.4190763e+02  -1.8749572e+01  -1.1032426e+01  -2.0617752e+01  -6.7172426e+00
  -3.8494860e-01  -2.6000000e+01  -1.4159067e+02  -1.8035867e+01  -9.5070576e+00  -1.9507480e+01  -9.4203167e+00
  -2.5124100e-02  -2.6000000e+01  -1.4004262e+02  -1.7611817e+01  -7.3844978e+00  -1.8790556e+01  -1.3369072e+01
   2.9323501e-01  -2.6000000e+01  -1.3964711e+02  -1.6728000e+01  -5.8812918e+00  -1.7713026e+01  -1.7249243e+01
  -1.6775325e-01  -2.6000000e+01  -1.3907382e+02  -1.5949310e+01  -4.4288673e+00  -1.6704453e+01  -2.2490281e+01
  -6.6647363e-01  -2.6000000e+01  -1.3853159e+02  -1.5069221e+01  -3.1258816e+00  -1.5174964e+01  -2.5266263e+01
   1.0560728e+00  -2.6000000e+01  -1.3929218e+02  -1.5064284e+01  -3.4152635e+00  -1.5627237e+01  -2.3910130e+01
   1.8502275e+00  -2.6000000e+01  -1.4120907e+02  -1.7289883e+01  -4.1767969e+00  -1.7719401e+01  -2.1944653e+01
   1.3945174e+00  -2.6000000e+01  -1.4272569e+02  -1.9379878e+01  -4.7482217e+00  -1.9696918e+01  -2.1904130e+01
   9.0269750e-01  -2.6000000e+01  -1.4395830e+02  -2.1132510e+01  -5.3150523e+00  -2.1312163e+01  -2.1739248e+01
   5.5801563e-01  -2.6000000e+01  -1.4571940e+02  -2.2905064e+01  -7.2214688e+00  -2.2906428e+01  -2.0783853e+01
   1.7049346e-01  -2.6000000e+01  -1.4744956e+02  -2.3950785e+01  -9.3859029e+00  -2.3532812e+01  -1.6758809e+01
   1.7052929e-02  -2.6000000e+01  -1.4953496e+02  -2.5207689e+01  -1.2332120e+01  -2.4225343e+01  -9.7253260e+00
  -8.5117539e-02  -2.6000000e+01  -1.5092075e+02  -2.5614153e+01  -1.5382061e+01  -2.4616122e+01  -3.5918205e+00
   3.7348608e-01  -2.6000000e+01  -1.5177091e+02  -2.6090398e+01  -1.9429670e+01  -2.6333267e+01   1.4869879e+00
  -5.4157123e-03  -2.6000000e+01  -1.5232828e+02  -2.6658697e+01  -2.3497082e+01  -2.7972869e+01   6.2331407e+00
  -1.2808851e+00  -2.6000000e+01  -1.5335079e+02  -2.7181315e+01  -2.7760189e+01  -2.9014319e+01   9.2603822e+00
  -2.7486329e+00  -2.6000000e+01  -1.5438890e+02  -2.7154803e+01  -3.1812583e+01  -2.9567908e+01   1.1859348e+01
  -2.9671984e+00  -2.6000000e+01  -1.5490507e+02  -2.6223815e+01  -3.5903615e+01  -3.0077868e+01   1.4206302e+01
  -2.7980010e+00  -2.6000000e+01  -1.5529853e+02  -2.4756924e+01  -3.9405661e+01  -3.0241341e+01   1.9047242e+01
  -2.8068773e+00  -2.6000000e+01  -1.5522499e+02  -2.3280305e+01  -4.1679444e+01  -3.0387138e+01   2.2497901e+01
  -3.1148084e+00  -2.6000000e+01  -1.5402089e+02  -2.3109629e+01  -4.1772135e+01  -3.1305474e+01   2.5144029e+01
  -3.7066557e+00  -2.6000000e+01  -1.5285560e+02  -2.3590863e+01  -4.1215544e+01  -3.2200504e+01   2.7850648e+01
  -4.3193374e+00  -2.6000000e+01  -1.5167756e+02  -2.3926469e+01  -4.0509647e+01  -3.2923308e+01   2.9038150e+01
  -4.7839124e+00  -2.6000000e+01  -1.5057204e+02  -2.3985989e+01  -3.9735224e+01  -3.3355312e+01   3.0409666e+01
  -5.5304378e+00  -2.6000000e+01  -1.4982153e+02  -2.4733113e+01  -3.8794639e+01  -3.3697862e+01   3.2257379e+01
  -6.1539200e+00  -2.6000000e+01  -1.4948145e+02  -2.5398807e+01  -3.7690033e+01  -3.3690675e+01   3.2627459e+01
  -6.6840900e+00  -2.6000000e+01  -1.4916692e+02  -2.6159248e+01  -3.6408496e+01  -3.3494091e+01   3.3532351e+01
  -6.5306736e+00  -2.6000000e+01  -1.4908940e+02  -2.6791905e+01  -3.5162653e+01  -3.3194050e+01   3.4311117e+01
  -6.3289308e+00  -2.6000000e+01  -1.4871434e+02  -2.7378720e+01  -3.3756093e+01  -3.2919469e+01   3.4438187e+01
  -6.0733737e+00  -2.6000000e+01  -1.4869804e+02  -2.7693866e+01  -3.2555257e+01  -3.2441655e+01   3.4004914e+01
  -6.1599440e+00  -2.6000000e+01  -1.4823434e+02  -2.7985675e+01  -3.1375575e+01  -3.1977958e+01   3.2506435e+01
  -6.0951384e+00  -2.6000000e+01  -1.4778158e+02  -2.7848325e+01  -3.0246326e+01  -3.1213615e+01   3.1175424e+01
  -5.4706728e+00  -2.6000000e+01  -1.4741577e+02  -2.7694811e+01  -2.9870835e+01  -3.0820763e+01   3.0572595e+01
  -4.8899594e+00  -2.6000000e+01  -1.4660313e+02  -2.7391017e+01  -2.9483319e+01  -3.0507623e+01   2.9261482e+01
  -4.3958633e+00  -2.6000000e+01  -1.4603223e+02  -2.7167037e+01  -2.9286976e+01  -3.0312501e+01   2.7835236e+01
  -3.4910740e+00  -2.6000000e+01  -1.4516157e+02  -2.6430392e+01  -2.8962094e+01  -3.0169931e+01   2.6097544e+01
  -3.4506024e+00  -2.6000000e+01  -1.4497547e+02  -2.5857480e+01  -2.8719001e+01  -3.0215645e+01   2.4389578e+01
  -2.8268317e+00  -2.6000000e+01  -1.4420955e+02  -2.5040949e+01  -2.8225984e+01  -3.0340115e+01   2.3609670e+01
  -2.3694334e+00  -2.6000000e+01  -1.4394098e+02  -2.4078611e+01  -2.7982354e+01  -3.0294647e+01   2.1576595e+01
  -1.8810588e+00  -2.6000000e+01  -1.4317022e+02  -2.3216194e+01  -2.7382217e+01  -3.0336719e+01   1.9510823e+01
  -2.3415096e+00  -2.6000000e+01  -1.4301414e+02  -2.2828311e+01  -2.6440967e+01  -3.0196918e+01   1.8233507e+01
  -2.6832648e+00  -2.6000000e+01  -1.4272920e+02  -2.2344611e+01  -2.5402931e+01  -2.9922516e+01   1.7079781e+01
  -2.9005936e+00  -2.6000000e+01  -1.4290310e+02  -2.1862381e+01  -2.4486429e+01  -2.9370799e+01   1.6300667e+01
  -2.8200585e+00  -2.6000000e+01  -1.4296451e+02  -2.1545019e+01  -2.3394786e+01  -2.8745299e+01   1.3796734e+01
  -1.8958402e+00  -2.6000000e+01  -1.4278498e+02  -2.0914029e+01  -2.2289684e+01  -2.8000116e+01   1.2677008e+01
  -8.1274583e-01  -2.6000000e+01  -1.4257727e+02  -2.0098390e+01  -2.1247387e+01  -2.7515342e+01   1.0533169e+01
   5.0380907e-02  -2.6000000e+01  -1.4272892e+02  -1.9685859e+01  -2.0373956e+01  -2.7362872e+01   8.6121885e+00
   3.6917430e-01  -2.6000000e+01  -1.4265249e+02  -1.9399164e+01  -1.9082730e+01  -2.7131892e+01   7.8108517e+00
   7.2966982e-02  -2.6000000e+01  -1.4277202e+02  -1.9296371e+01  -1.7640636e+01  -2.6815922e+01   4.8680511e+00
  -5.9597372e-01  -2.6000000e+01  -1.4288716e+02  -1.9252507e+01  -1.5884175e+01  -2.5870416e+01   2.9546508e+00
  -5.0401148e-01  -2.6000000e+01  -1.4288867e+02  -1.8904491e+01  -1.4673607e+01  -2.4984470e+01   1.1859983e+00
  -7.0707810e-01  -2.6000000e+01  -1.4277054e+02  -1.9089777e+01  -1.3165487e+01  -2.4137384e+01   1.8349979e-01
  -8.8101356e-01  -2.6000000e+01  -1.4264879e+02  -1.9355500e+01  -1.1655293e+01  -2.3339754e+01  -8.6078896e-01
  -1.2406519e+00  -2.6000000e+01  -1.4213910e+02  -1.9680539e+01  -9.7839368e+00  -2.2454670e+01  -3.7499179e+00
  -1.6697980e+00  -2.6000000e+01  -1.4164801e+02  -1.9835318e+01  -8.1737149e+00  -2.1383575e+01  -5.1202007e+00
  -1.6220975e+00  -2.6000000e+01  -1.4180471e+02  -2.1261948e+01  -8.1350130e+00  -2.1931265e+01  -7.4688730e+00
  -1.5635535e+00  -2.6000000e+01  -1.4193621e+02  -2.2338805e+01  -8.3116929e+00  -2.2460528e+01  -8.7311106e+00
  -1.4689582e+00  -2.6000000e+01  -1.4222033e+02  -2.3165389e+01  -8.6413548e+00  -2.2835487e+01  -8.3429133e+00
  -1.8556794e+00  -2.6000000e+01  -1.4345259e+02  -2.4050538e+01  -9.7301645e+00  -2.3503549e+01  -6.7172925e+00
  -2.2960994e+00  -2.6000000e+01  -1.4523539e+02  -2.5503655e+01  -1.1399841e+01  -2.4645841e+01  -3.6567887e+00
  -2.1378697e+00  -2.6000000e+01  -1.4704435e+02  -2.7244222e+01  -1.3862684e+01  -2.6197959e+01   6.8556488e-01
  -1.5586197e+00  -2.6000000e+01  -1.4802883e+02  -2.8521435e+01  -1.6811013e+01  -2.8229052e+01   3.5389909e+00
  -1.7162880e+00  -2.6000000e+01  -1.4914563e+02  -2.9317375e+01  -2.0011482e+01  -3.0108966e+01   7.5982201e+00
  -2.1704586e+00  -2.6000000e+01  -1.5030036e+02  -2.9784793e+01  -2.3425698e+01  -3.1669847e+01   1.2598823e+01
  -3.9997454e+00  -2.6000000e+01  -1.5126969e+02  -2.9678320e+01  -2.6995000e+01  -3.2708111e+01   1.7584708e+01
  -5.6155337e+00  -2.6000000e+01  -1.5179607e+02  -2.9329035e+01  -3.0849548e+01  -3.3581793e+01   2.1599815e+01
  -6.8876255e+00  -2.6000000e+01  -1.5168276e+02  -2.8232561e+01  -3.4410048e+01  -3.3900770e+01   2.4872982e+01
  -6.3075094e+00  -2.6000000e+01  -1.5199641e+02  -2.5690355e+01  -3.7901958e+01  -3.2954347e+01   2.8000060e+01
  -5.0975528e+00  -2.6000000e+01  -1.5272880e+02  -2.3764176e+01  -4.0087630e+01  -3.2333611e+01   3.0151284e+01
  -4.4313239e+00  -2.6000000e+01  -1.5138502e+02  -2.3284870e+01  -4.1015195e+01  -3.2921922e+01   3.0922238e+01
  -4.4846189e+00  -2.6000000e+01  -1.5024722e+02  -2.3251604e+01  -4.0910199e+01  -3.3354330e+01   3.1225823e+01
  -4.5533270e+00  -2.6000000e+01  -1.4966856e+02  -2.3153412e+01  -4.0517705e+01  -3.3526497e+01   3.0768196e+01
  -4.3372676e+00  -2.6000000e+01  -1.4917962e+02  -2.3765219e+01  -3.9175840e+01  -3.3709250e+01   3.1511717e+01
  -4.2601995e+00  -2.6000000e+01  -1.4930842e+02  -2.4395768e+01  -3.7674777e+01  -3.3604634e+01   3.1821353e+01
  -4.5260104e+00  -2.6000000e+01  -1.4895142e+02  -2.5118914e+01  -3.5635102e+01  -3.3397643e+01   3.1363403e+01
  -4.7021493e+00  -2.6000000e+01  -1.4886293e+02  -2.5522022e+01  -3.3720116e+01  -3.2889977e+01   3.1202216e+01
  -4.7649449e+00  -2.6000000e+01  -1.4863733e+02  -2.5882586e+01  -3.2120820e+01  -3.2399064e+01   3.1494260e+01
  -4.8344671e+00  -2.6000000e+01  -1.4863881e+02  -2.6233499e+01  -3.0921728e+01  -3.2002397e+01   3.0950978e+01
  -4.6426495e+00  -2.6000000e+01  -1.4825665e+02  -2.6219864e+01  -2.9820980e+01  -3.1596936e+01   2.9825822e+01
  -4.4162153e+00  -2.6000000e+01  -1.4740681e+02  -2.6092389e+01  -2.8551588e+01  -3.1184419e+01   2.8551309e+01
  -4.2033128e+00  -2.6000000e+01  -1.4691925e+02  -2.6145084e+01  -2.7646690e+01  -3.0961407e+01   2.7276316e+01
  -3.3431995e+00  -2.6000000e+01  -1.4593504e+02  -2.5871227e+01  -2.7173582e+01  -3.0762999e+01   2.6019163e+01
  -2.1161738e+00  -2.6000000e+01  -1.4483524e+02  -2.5329795e+01  -2.6730847e+01  -3.0726981e+01   2.5431510e+01
  -1.4997176e+00  -2.6000000e+01  -1.4417192e+02  -2.4513966e+01  -2.6254994e+01  -3.0879530e+01   2.3935614e+01
  -8.8537156e-01  -2.6000000e+01  -1.4320656e+02  -2.3653017e+01  -2.5516929e+01  -3.1054440e+01   2.2405070e+01
  -5.8207749e-01  -2.6000000e+01  -1.4283995e+02  -2.2870188e+01  -2.4889124e+01  -3.1196163e+01   2.0792506e+01
  -1.0764604e+00  -2.6000000e+01  -1.4298870e+02  -2.2548483e+01  -2.3648964e+01  -3.0901942e+01   1.9283844e+01
  -1.4563241e+00  -2.6000000e+01  -1.4292670e+02  -2.1914888e+01  -2.2223216e+01  -3.0312103e+01   1.7916360e+01
  -1.8438993e+00  -2.6000000e+01  -1.4265416e+02  -2.1527640e+01  -2.0669610e+01  -2.9883176e+01   1.6455053e+01
  -1.8483540e+00  -2.6000000e+01  -1.4239321e+02  -2.1117247e+01  -1.9294805e+01  -2.9254230e+01   1.4155109e+01
  -1.9874781e+00  -2.6000000e+01  -1.4271899e+02  -2.0578365e+01  -1.8216986e+01  -2.8440512e+01   1.1674747e+01
  -1.7892422e+00  -2.6000000e+01  -1.4321502e+02  -2.0142014e+01  -1.7122162e+01  -2.7370442e+01   8.8279257e+00
  -1.8584872e+00  -2.6000000e+01  -1.4330249e+02  -1.9984821e+01  -1.5580312e+01  -2.6175202e+01   7.2838863e+00
  -2.1533803e+00  -2.6000000e+01  -1.4322630e+02  -2.0013867e+01  -1.3939987e+01  -2.5287472e+01   4.7546370e+00
  -2.2312617e+00  -2.6000000e+01  -1.4295329e+02  -2.0141699e+01  -1.2223301e+01  -2.4419043e+01   2.8355258e+00
  -1.9485326e+00  -2.6000000e+01  -1.4292314e+02  -1.9993453e+01  -1.0733615e+01  -2.3460250e+01   1.0104782e-01
  -1.5766079e+00  -2.6000000e+01  -1.4275094e+02  -1.9816791e+01  -9.2195106e+00  -2.2520467e+01  -2.6034433e+00
  -1.2389197e+00  -2.6000000e+01  -1.4220404e+02  -1.9630798e+01  -7.5237978e+00  -2.1590910e+01  -5.4236107e+00
  -1.3591513e+00  -2.6000000e+01  -1.4126466e+02  -1.8942711e+01  -5.8344333e+00  -2.0340778e+01  -9.4593713e+00
  -1.1551920e+00  -2.6000000e+01  -1.4099452e+02  -1.8656416e+01  -4.7756614e+00  -1.9491307e+01  -1.0271430e+01
  -8.6469668e-01  -2.6000000e+01  -1.4094934e+02  -1.9821305e+01  -4.4370877e+00  -2.0612578e+01  -1.0801241e+01
  -5.9105009e-01  -2.6000000e+01  -1.4135570e+02  -2.1245923e+01  -4.9567852e+00  -2.1941880e+01  -1.2273456e+01
   1.8632148e-02  -2.6000000e+01  -1.4232364e+02  -2.2468408e+01  -5.9973939e+00  -2.2987130e+01  -1.2385514e+01
   3.4048461e-01  -2.6000000e+01  -1.4374180e+02  -2.3886378e+01  -7.6106827e+00  -2.4336271e+01  -1.3632711e+01
   5.7174977e-02  -2.6000000e+01  -1.4592656e+02  -2.4773007e+01  -9.6644630e+00  -2.4777821e+01  -1.1129945e+01
   2.5832687e-02  -2.6000000e+01  -1.4826208e+02  -2.6073426e+01  -1.2429558e+01  -2.5550476e+01  -6.7791420e+00
   1.1573283e-01  -2.6000000e+01  -1.4983227e+02  -2.7187979e+01  -1.5672831e+01  -2.7089831e+01  -3.7513933e+00
   5.3352571e-01  -2.6000000e+01  -1.5060757e+02  -2.7413647e+01  -1.8955742e+01  -2.8692446e+01   2.9434721e-01
  -4.3557517e-01  -2.6000000e+01  -1.5089393e+02  -2.7835868e+01  -2.2405848e+01  -3.0716453e+01   4.9557794e+00
  -1.5186160e+00  -2.6000000e+01  -1.5177488e+02  -2.7828475e+01  -2.6373773e+01  -3.2045005e+01   7.5400593e+00
  -2.2563744e+00  -2.6000000e+01  -1.5275037e+02  -2.6931726e+01  -3.0318916e+01  -3.2347695e+01   1.0061196e+01
  -3.1009823e+00  -2.6000000e+01  -1.5311864e+02  -2.5911931e+01  -3.3871891e+01  -3.2384440e+01   1.4046121e+01
  -3.4147999e+00  -2.6000000e+01  -1.5311674e+02  -2.4756310e+01  -3.7139228e+01  -3.2333644e+01   1.8655833e+01
  -3.5228051e+00  -2.6000000e+01  -1.5321110e+02  -2.3659046e+01  -4.0035626e+01  -3.2309292e+01   2.2407833e+01
  -3.6179541e+00  -2.6000000e+01  -1.5329536e+02  -2.2948986e+01  -4.1399569e+01  -3.2406731e+01   2.5915000e+01
  -4.0169533e+00  -2.6000000e+01  -1.5227202e+02  -2.2863445e+01  -4.1779156e+01  -3.2785584e+01   2.7526926e+01
  -4.2832301e+00  -2.6000000e+01  -1.5108387e+02  -2.2662342e+01  -4.1884813e+01  -3.3051860e+01   2.9222105e+01
  -4.6312701e+00  -2.6000000e+01  -1.4969322e+02  -2.2821676e+01  -4.1792936e+01  -3.3592184e+01   3.0652215e+01
  -4.9405881e+00  -2.6000000e+01  -1.4874628e+02  -2.3311791e+01  -4.0898519e+01  -3.3764588e+01   3.1362678e+01
  -5.0450937e+00  -2.6000000e+01  -1.4837702e+02  -2.4578861e+01  -3.9347984e+01  -3.3697861e+01   3.2679798e+01
  -5.1515845e+00  -2.6000000e+01  -1.4829982e+02  -2.5402658e+01  -3.7636817e+01  -3.3260826e+01   3.2718596e+01
  -5.9942779e+00  -2.6000000e+01  -1.4805541e+02  -2.6359015e+01  -3.5791702e+01  -3.2832800e+01   3.2320735e+01
  -6.6949314e+00  -2.6000000e+01  -1.4791938e+02  -2.6859296e+01  -3.3966782e+01  -3.2022123e+01   3.2237300e+01
  -6.8624372e+00  -2.6000000e+01  -1.4796516e+02  -2.7262822e+01  -3.2586996e+01  -3.1367774e+01   3.2330579e+01
  -6.8915729e+00  -2.6000000e+01  -1.4725676e+02  -2.7571130e+01  -3.1187459e+01  -3.0853827e+01   3.1696526e+01
  -6.0384759e+00  -2.6000000e+01  -1.4667193e+02  -2.7367059e+01  -3.0589406e+01  -3.0759481e+01   3.1396956e+01
  -5.5886668e+00  -2.6000000e+01  -1.4581534e+02  -2.7365407e+01  -2.9747309e+01  -3.0827342e+01   3.0358107e+01
  -4.3839003e+00  -2.6000000e+01  -1.4476421e+02  -2.6622044e+01  -2.9075499e+01  -3.1029078e+01   2.9815246e+01
  -3.6055965e+00  -2.6000000e+01  -1.4399010e+02  -2.5899791e+01  -2.8552486e+01  -3.1366650e+01   2.8867100e+01
  -2.8861108e+00  -2.6000000e+01  -1.4303100e+02  -2.5332654e+01  -2.7861245e+01  -3.1819208e+01   2.7798312e+01
  -2.4228827e+00  -2.6000000e+01  -1.4211128e+02  -2.4340396e+01  -2.6758807e+01  -3.1793461e+01   2.6178523e+01
  -2.7588987e+00  -2.6000000e+01  -1.4178206e+02  -2.3625192e+01  -2.5716115e+01  -3.1668584e+01   2.3606369e+01
  -2.9123829e+00  -2.6000000e+01  -1.4140668e+02  -2.2575612e+01  -2.4553547e+01  -3.1187280e+01   2.1264447e+01
  -3.1700831e+00  -2.6000000e+01  -1.4110512e+02  -2.1937475e+01  -2.3450810e+01  -3.0990924e+01   1.8688712e+01
  -3.2323135e+00  -2.6000000e+01  -1.4084450e+02  -2.1326543e+01  -2.2078175e+01  -3.0244764e+01   1.6832836e+01
  -2.7732893e+00  -2.6000000e+01  -1.4070559e+02  -2.0451114e+01  -2.0991864e+01  -2.9452223e+01   1.4028791e+01
  -2.3153985e+00  -2.6000000e+01  -1.4094329e+02  -1.9690920e+01  -2.0130776e+01  -2.8750302e+01   1.1311169e+01
  -1.7953240e+00  -2.6000000e+01  -1.4109584e+02  -1.8891064e+01  -1.9167678e+01  -2.7957007e+01   8.7278074e+00
  -1.6038023e+00  -2.6000000e+01  -1.4156890e+02  -1.8701447e+01  -1.7725024e+01  -2.7026082e+01   7.1377194e+00
  -1.4177400e+00  -2.6000000e+01  -1.4155235e+02  -1.8707809e+01  -1.5931176e+01  -2.6219233e+01   5.1946777e+00
  -1.6106494e+00  -2.6000000e+01  -1.4156568e+02  -1.8685562e+01  -1.3990243e+01  -2.5233962e+01   2.3931556e+00
  -1.7386426e+00  -2.6000000e+01  -1.4159892e+02  -1.8445404e+01  -1.2053393e+01  -2.4059354e+01  -3.0376368e-01
  -1.8952761e+00  -2.6000000e+01  -1.4190679e+02  -1.8437531e+01  -1.0353508e+01  -2.3051624e+01  -3.0703073e+00
  -1.9008862e+00  -2.6000000e+01  -1.4068287e+02  -1.7903298e+01  -8.0762618e+00  -2.1655206e+01  -7.4412841e+00
  -1.5109662e+00  -2.6000000e+01  -1.4031303e+02  -1.7297211e+01  -6.2789031e+00  -2.0221092e+01  -9.8787666e+00
  -5.0011462e-01  -2.6000000e+01  -1.4055885e+02  -1.7485775e+01  -5.2730318e+00  -1.9609579e+01  -1.0662820e+01
  -3.4971397e-01  -2.6000000e+01  -1.4107214e+02  -1.8761705e+01  -4.8696340e+00  -2.0160659e+01  -1.1028409e+01
  -1.8919364e-01  -2.6000000e+01  -1.4180804e+02  -2.0629863e+01  -5.2210584e+00  -2.1524529e+01  -8.8467917e+00
  -7.7008518e-01  -2.6000000e+01  -1.4325825e+02  -2.2508792e+01  -6.5058193e+00  -2.3244262e+01  -7.8236077e+00
  -1.5973800e+00  -2.6000000e+01  -1.4518853e+02  -2.4070434e+01  -8.5901183e+00  -2.4652164e+01  -7.4765296e+00
  -1.7567124e+00  -2.6000000e+01  -1.4753857e+02  -2.4889760e+01  -1.1318020e+01  -2.5393242e+01  -5.5032707e+00
  -1.5226910e+00  -2.6000000e+01  -1.4958801e+02  -2.5616284e+01  -1.4527675e+01  -2.6267578e+01  -4.8189658e+00
  -5.4804618e-01  -2.6000000e+01  -1.5107510e+02  -2.6463409e+01  -1.8149473e+01  -2.7655222e+01  -3.0878911e+00
   4.9122909e-02  -2.6000000e+01  -1.5192943e+02  -2.7074767e+01  -2.1904836e+01  -2.9333473e+01  -2.8424865e+00
   5.7568088e-01  -2.6000000e+01  -1.5211685e+02  -2.7048296e+01  -2.5439287e+01  -3.0328790e+01   1.5265597e+00
  -1.1755853e+00  -2.6000000e+01  -1.5282054e+02  -2.6583052e+01  -2.9739593e+01  -3.0861842e+01   7.0216556e+00
  -2.6399770e+00  -2.6000000e+01  -1.5323790e+02  -2.5374123e+01  -3.3638025e+01  -3.0702876e+01   1.2913829e+01
  -3.8646596e+00  -2.6000000e+01  -1.5350673e+02  -2.4512560e+01  -3.7318876e+01  -3.0747659e+01   1.8319892e+01
  -3.7946773e+00  -2.6000000e+01  -1.5379540e+02  -2.3168916e+01  -4.0672849e+01  -3.0801408e+01   2.2260436e+01
  -3.6877462e+00  -2.6000000e+01  -1.5255645e+02  -2.2614925e+01  -4.2244195e+01  -3.1331367e+01   2.4906561e+01
  -3.7046605e+00  -2.6000000e+01  -1.5095180e+02  -2.2187438e+01  -4.3192270e+01  -3.1997156e+01   2.6683057e+01
  -3.9799652e+00  -2.6000000e+01  -1.4986604e+02  -2.2167092e+01  -4.3236790e+01  -3.2670858e+01   2.7355890e+01
  -4.0453994e+00  -2.6000000e+01  -1.4910819e+02  -2.2283307e+01  -4.2784633e+01  -3.3136520e+01   2.8548319e+01
  -4.7949976e+00  -2.6000000e+01  -1.4865138e+02  -2.2770207e+01  -4.1786921e+01  -3.3389230e+01   2.8967847e+01
  -5.0815662e+00  -2.6000000e+01  -1.4793376e+02  -2.3429265e+01  -4.0331924e+01  -3.3422691e+01   3.0535025e+01
  -5.5943181e+00  -2.6000000e+01  -1.4764191e+02  -2.4274514e+01  -3.8888644e+01  -3.3364338e+01   3.0813096e+01
  -6.1323556e+00  -2.6000000e+01  -1.4757371e+02  -2.4763197e+01  -3.7473354e+01  -3.2838295e+01   3.0754012e+01
  -6.6881422e+00  -2.6000000e+01  -1.4744624e+02  -2.5326903e+01  -3.6083175e+01  -3.2392372e+01   3.0481431e+01
  -7.0254922e+00  -2.6000000e+01  -1.4740987e+02  -2.5564366e+01  -3.4725474e+01  -3.1662854e+01   3.0389407e+01
  -6.7279796e+00  -2.6000000e+01  -1.4706811e+02  -2.5917218e+01  -3.3736608e+01  -3.1283401e+01   3.0728151e+01
  -6.4396347e+00  -2.6000000e+01  -1.4665623e+02  -2.6237147e+01  -3.3079269e+01  -3.1178910e+01   3.0320528e+01
  -6.1431994e+00  -2.6000000e+01  -1.4579489e+02  -2.6116017e+01  -3.2428756e+01  -3.1173247e+01   2.9541205e+01
  -5.7295873e+00  -2.6000000e+01  -1.4520720e+02  -2.5941363e+01  -3.2086708e+01  -3.1163369e+01   2.8915961e+01
  -4.4187703e+00  -2.6000000e+01  -1.4412080e+02  -2.5656182e+01  -3.1699285e+01  -3.1444932e+01   2.9078801e+01
  -3.9075250e+00  -2.6000000e+01  -1.4362850e+02  -2.5455469e+01  -3.1466213e+01  -3.1840359e+01   2.8182359e+01
  -3.4666655e+00  -2.6000000e+01  -1.4289989e+02  -2.4985312e+01  -3.0896926e+01  -3.2015166e+01   2.8084169e+01
  -3.0070216e+00  -2.6000000e+01  -1.4247825e+02  -2.4327597e+01  -3.0622852e+01  -3.2206440e+01   2.6976982e+01
  -2.4069109e+00  -2.6000000e+01  -1.4188561e+02  -2.3508255e+01  -3.0196500e+01  -3.2210109e+01   2.6073740e+01
  -1.7338057e+00  -2.6000000e+01  -1.4106964e+02  -2.2531127e+01  -2.9584717e+01  -3.2104529e+01   2.5102168e+01
  -2.1914935e+00  -2.6000000e+01  -1.4089567e+02  -2.1868458e+01  -2.8890136e+01  -3.2146820e+01   2.3299201e+01
  -2.0869117e+00  -2.6000000e+01  -1.4068520e+02  -2.1296400e+01  -2.8006968e+01  -3.2011583e+01   2.2833857e+01
  -1.9355583e+00  -2.6000000e+01  -1.4048982e+02  -2.0728235e+01  -2.6896069e+01  -3.1846440e+01   2.0295891e+01
  -1.5842618e+00  -2.6000000e+01  -1.4066083e+02  -2.0164508e+01  -2.5928040e+01  -3.1565866e+01   1.8334184e+01
  -1.2062435e+00  -2.6000000e+01  -1.4042539e+02  -1.9507866e+01  -2.4654777e+01  -3.1157266e+01   1.6486935e+01
  -9.2414107e-01  -2.6000000e+01  -1.4039893e+02  -1.8896459e+01  -2.3445240e+01  -3.0774756e+01   1.4712622e+01
  -6.6750069e-01  -2.6000000e+01  -1.4049009e+02  -1.8146838e+01  -2.2227814e+01  -3.0229354e+01   1.3032826e+01
  -1.0132504e+00  -2.6000000e+01  -1.4057373e+02  -1.7812079e+01  -2.0602477e+01  -2.9591724e+01   1.0020993e+01
  -1.4405066e+00  -2.6000000e+01  -1.4080811e+02  -1.7686832e+01  -1.8897162e+01  -2.8666066e+01   8.1088625e+00
  -2.6294637e+00  -2.6000000e+01  -1.4117882e+02  -1.8349684e+01  -1.7100597e+01  -2.7813021e+01   6.7534974e+00
  -3.7113392e+00  -2.6000000e+01  -1.4160167e+02  -1.8679959e+01  -1.5285879e+01  -2.6631480e+01   5.5595426e+00
  -4.5905309e+00  -2.6000000e+01  -1.4167687e+02  -1.9217274e+01  -1.3382457e+01  -2.5523231e+01   4.2225134e+00
  -4.7836781e+00  -2.6000000e+01  -1.4213283e+02  -2.0299393e+01  -1.2181175e+01  -2.4839307e+01   3.6080134e+00
  -4.7517370e+00  -2.6000000e+01  -1.4225759e+02  -2.1500348e+01  -1.1871372e+01  -2.4934215e+01   7.9443447e-01
  -4.3185807e+00  -2.6000000e+01  -1.4256605e+02  -2.2820174e+01  -1.2375693e+01  -2.5491140e+01  -2.8575291e+00
  -3.8033314e+00  -2.6000000e+01  -1.4319172e+02  -2.3991019e+01  -1.3109267e+01  -2.5984608e+01  -5.1700873e+00
  -3.0888055e+00  -2.6000000e+01  -1.4404484e+02  -2.4298314e+01  -1.3963227e+01  -2.5807773e+01  -4.7026867e+00
  -2.4424188e+00  -2.6000000e+01  -1.4534984e+02  -2.4302320e+01  -1.5202010e+01  -2.5722207e+01  -2.6492917e+00
  -1.4999029e+00  -2.6000000e+01  -1.4691634e+02  -2.4541568e+01  -1.7156546e+01  -2.6355699e+01   1.2217331e+00
  -4.4987276e-01  -2.6000000e+01  -1.4880924e+02  -2.5242655e+01  -2.0625593e+01  -2.8128207e+01   5.1472092e+00
  -3.5129017e-01  -2.6000000e+01  -1.5023590e+02  -2.6379537e+01  -2.4340963e+01  -3.0399633e+01   8.6187174e+00
  -2.0624580e+00  -2.6000000e+01  -1.5114151e+02  -2.7513095e+01  -2.7757365e+01  -3.2408245e+01   1.0780945e+01
  -3.8169295e+00  -2.6000000e+01  -1.5161827e+02  -2.8250207e+01  -3.0939180e+01  -3.3879326e+01   1.2763148e+01
  -5.6495209e+00  -2.6000000e+01  -1.5188431e+02  -2.8385430e+01  -3.4038810e+01  -3.4602613e+01   1.3347141e+01
  -6.5328773e+00  -2.6000000e+01  -1.5242241e+02  -2.7522983e+01  -3.6821064e+01  -3.4100015e+01   1.2845684e+01
  -5.1896158e+00  -2.6000000e+01  -1.5462988e+02  -2.5457579e+01  -3.9660785e+01  -3.2346554e+01   1.2171664e+01
  -3.3616519e+00  -2.6000000e+01  -1.5683956e+02  -2.3078030e+01  -4.1599077e+01  -3.0222676e+01   1.3505295e+01
  -1.4504002e+00  -2.6000000e+01  -1.5878711e+02  -2.1416125e+01  -4.2290638e+01  -2.8561582e+01   1.5884628e+01
  -1.0529806e+00  -2.6000000e+01  -1.5825779e+02  -2.1727893e+01  -4.1591156e+01  -2.8660969e+01   1.9013735e+01
  -1.2807567e+00  -2.6000000e+01  -1.5718246e+02  -2.2498282e+01  -4.0451224e+01  -2.9326934e+01   2.0941196e+01
  -1.8958342e+00  -2.6000000e+01  -1.5591333e+02  -2.3496633e+01  -3.9189519e+01  -3.0012339e+01   2.1955574e+01
  -2.3904048e+00  -2.6000000e+01  -1.5510860e+02  -2.4138587e+01  -3.8144745e+01  -3.0312203e+01   2.3354757e+01
  -3.3328874e+00  -2.6000000e+01  -1.5415865e+02  -2.4681950e+01  -3.7021113e+01  -3.0544400e+01   2.3771226e+01
  -4.0829432e+00  -2.6000000e+01  -1.5355523e+02  -2.5028581e+01  -3.6084362e+01  -3.0564114e+01   2.4794537e+01
  -4.8329990e+00  -2.6000000e+01  -1.5295181e+02  -2.5375212e+01  -3.5147611e+01  -3.0583827e+01   2.5817848e+01
  -5.4973198e+00  -2.6000000e+01  -1.5225015e+02  -2.5906962e+01  -3.4184989e+01  -3.0744287e+01   2.6640301e+01
  -5.5037292e+00  -2.6000000e+01  -1.5198993e+02  -2.6266305e+01  -3.3397244e+01  -3.0730199e+01   2.7738241e+01
  -5.0449411e+00  -2.6000000e+01  -1.5114906e+02  -2.6528671e+01  -3.2285044e+01  -3.0734810e+01   2.8017851e+01
  -4.4760504e+00  -2.6000000e+01  -1.5049824e+02  -2.6541832e+01  -3.1326421e+01  -3.0590770e+01   2.8365511e+01
  -3.7094756e+00  -2.6000000e+01  -1.4989107e+02  -2.6820624e+01  -3.0752236e+01  -3.0795866e+01   2.9030091e+01
  -3.1528785e+00  -2.6000000e+01  -1.4953561e+02  -2.6836055e+01  -3.0398642e+01  -3.0899091e+01   2.8902975e+01
  -2.5727585e+00  -2.6000000e+01  -1.4911885e+02  -2.6679852e+01  -2.9982917e+01  -3.0916765e+01   2.8955950e+01
  -2.5800244e+00  -2.6000000e+01  -1.4846396e+02  -2.6546850e+01  -2.9576861e+01  -3.1162288e+01   2.7715100e+01
  -2.4323783e+00  -2.6000000e+01  -1.4784959e+02  -2.6137757e+01  -2.9152968e+01  -3.1130125e+01   2.6785576e+01
  -2.3116282e+00  -2.6000000e+01  -1.4713245e+02  -2.5859413e+01  -2.8714442e+01  -3.1191478e+01   2.5784048e+01
  -1.5187375e+00  -2.6000000e+01  -1.4641860e+02  -2.5396163e+01  -2.8500738e+01  -3.1029544e+01   2.5395321e+01
  -8.2611710e-01  -2.6000000e+01  -1.4549344e+02  -2.5021485e+01  -2.8180740e+01  -3.1007864e+01   2.4823129e+01
  -3.1772694e-01  -2.6000000e+01  -1.4472009e+02  -2.4786073e+01  -2.7942865e+01  -3.1118931e+01   2.4260863e+01
   1.3487882e-01  -2.6000000e+01  -1.4382876e+02  -2.3970327e+01  -2.7413596e+01  -3.1079640e+01   2.3056715e+01
   2.9896657e-01  -2.6000000e+01  -1.4345989e+02  -2.3146689e+01  -2.6958362e+01  -3.1138677e+01   2.1098212e+01
   6.6537368e-01  -2.6000000e+01  -1.4291881e+02  -2.2245284e+01  -2.6110318e+01  -3.0995805e+01   1.9845846e+01
   9.2079252e-01  -2.6000000e+01  -1.4277984e+02  -2.1279994e+01  -2.5185235e+01  -3.0740115e+01   1.8114282e+01
   8.4805373e-01  -2.6000000e+01  -1.4295567e+02  -2.0180290e+01  -2.4066856e+01  -3.0334573e+01   1.6732790e+01
   6.1220586e-01  -2.6000000e+01  -1.4306895e+02  -1.9361730e+01  -2.2749030e+01  -2.9984671e+01   1.4597285e+01
   3.9348162e-01  -2.6000000e+01  -1.4331378e+02  -1.9288061e+01  -2.1096065e+01  -2.9292895e+01   1.2652949e+01
   1.4838268e-01  -2.6000000e+01  -1.4348477e+02  -1.9409433e+01  -1.9425525e+01  -2.8730596e+01   1.0626377e+01
  -2.5417945e-02  -2.6000000e+01  -1.4371618e+02  -1.9228026e+01  -1.7770306e+01  -2.7839279e+01   8.7315424e+00
  -2.5721457e-02  -2.6000000e+01  -1.4381646e+02  -1.9414205e+01  -1.6216712e+01  -2.7038916e+01   7.8870212e+00
  -6.3253807e-01  -2.6000000e+01  -1.4427514e+02  -1.9739736e+01  -1.4764299e+01  -2.6180573e+01   6.0337908e+00
  -1.1762826e+00  -2.6000000e+01  -1.4457497e+02  -1.9763542e+01  -1.3211656e+01  -2.5041051e+01   4.3290043e+00
  -1.5416157e+00  -2.6000000e+01  -1.4464074e+02  -2.0490337e+01  -1.1815798e+01  -2.4369915e+01   3.9409930e+00
  -2.1590778e+00  -2.6000000e+01  -1.4427219e+02  -2.1333923e+01  -1.0577186e+01  -2.4081096e+01   2.8543575e+00
  -2.5655856e+00  -2.6000000e+01  -1.4425181e+02  -2.2799154e+01  -1.0457174e+01  -2.4830802e+01   7.9999985e-01
  -2.7724155e+00  -2.6000000e+01  -1.4422663e+02  -2.4325334e+01  -1.0977913e+01  -2.6302050e+01  -1.8287324e+00
  -2.7973578e+00  -2.6000000e+01  -1.4481667e+02  -2.5381236e+01  -1.1893066e+01  -2.7349223e+01  -4.0075099e+00
  -2.8249126e+00  -2.6000000e+01  -1.4590588e+02  -2.6344047e+01  -1.3319728e+01  -2.8062078e+01  -4.3380713e+00
  -2.3847322e+00  -2.6000000e+01  -1.4672879e+02  -2.6523337e+01  -1.4971206e+01  -2.8161473e+01  -2.1597580e+00
  -1.7847438e+00  -2.6000000e+01  -1.4748031e+02  -2.6456729e+01  -1.6864903e+01  -2.8184227e+01   8.5586727e-01
  -8.0585206e-01  -2.6000000e+01  -1.4868505e+02  -2.6297456e+01  -1.9908535e+01  -2.9165715e+01   2.9854600e+00
  -4.2084477e-01  -2.6000000e+01  -1.5008018e+02  -2.6611232e+01  -2.3469386e+01  -3.0847734e+01   6.3252044e+00
  -1.8029157e+00  -2.6000000e+01  -1.5107270e+02  -2.7593340e+01  -2.6848426e+01  -3.2379642e+01   7.6867913e+00
  -3.0378481e+00  -2.6000000e+01  -1.5201489e+02  -2.7926748e+01  -3.0079270e+01  -3.3296002e+01   9.2548991e+00
  -4.5488145e+00  -2.6000000e+01  -1.5260268e+02  -2.7887429e+01  -3.3102001e+01  -3.3831303e+01   1.0943891e+01
  -5.2982435e+00  -2.6000000e+01  -1.5271634e+02  -2.7159530e+01  -3.5768520e+01  -3.3749812e+01   1.3663160e+01
  -5.4116407e+00  -2.6000000e+01  -1.5310427e+02  -2.5916658e+01  -3.8120077e+01  -3.2983021e+01   1.7260652e+01
  -4.4972340e+00  -2.6000000e+01  -1.5350144e+02  -2.4850509e+01  -3.9530584e+01  -3.2222743e+01   2.1833972e+01
  -3.7161741e+00  -2.6000000e+01  -1.5403811e+02  -2.4159443e+01  -3.9903853e+01  -3.1931586e+01   2.6372639e+01
  -3.6548238e+00  -2.6000000e+01  -1.5377366e+02  -2.4249276e+01  -3.9748606e+01  -3.2335409e+01   2.8717862e+01
  -3.6967014e+00  -2.6000000e+01  -1.5299230e+02  -2.4346053e+01  -3.9132430e+01  -3.2748660e+01   2.9816720e+01
