   1.1507675e+01  -2.5513710e+01  -1.5671650e+02   1.7874404e+01  -2.5805047e+01  -3.1209936e+01   3.9444019e+01
   1.3000000e+01  -2.6000000e+01  -1.5600000e+02   1.9778606e+01  -2.6328153e+01  -3.3000000e+01   4.0199885e+01
   1.3000000e+01  -2.6000000e+01  -1.5600000e+02   2.0405225e+01  -2.5785476e+01  -3.3000000e+01   3.9418455e+01
   1.3000000e+01  -2.6000000e+01  -1.5600000e+02   2.1174784e+01  -2.4708615e+01  -3.3000000e+01   3.8217486e+01
   1.3000000e+01  -2.6000000e+01  -1.5600000e+02   2.2320575e+01  -2.3636603e+01  -3.3000000e+01   3.7068423e+01
   1.3000000e+01  -2.6000000e+01  -1.5600000e+02   2.2493885e+01  -2.2557812e+01  -3.3000000e+01   3.6749925e+01
   1.3000000e+01  -2.6000000e+01  -1.5600000e+02   2.2667194e+01  -2.1479021e+01  -3.3000000e+01   3.6431427e+01
   1.3000000e+01  -2.6000000e+01  -1.5600000e+02   2.4222490e+01  -2.0097143e+01  -3.3000000e+01   3.5026798e+01
   1.3000000e+01  -2.6000000e+01  -1.5600000e+02   2.5153133e+01  -1.8720531e+01  -3.3000000e+01   3.3542132e+01
   1.3000000e+01  -2.6000000e+01  -1.5600000e+02   2.5564457e+01  -1.7220128e+01  -3.3000000e+01   3.1627239e+01
   1.3000000e+01  -2.6000000e+01  -1.5600000e+02   2.6147519e+01  -1.5695738e+01  -3.3000000e+01   2.9725272e+01
   1.3000000e+01  -2.6000000e+01  -1.5600000e+02   2.8378219e+01  -1.3768047e+01  -3.3000000e+01   2.7944276e+01
   1.3000000e+01  -2.6000000e+01  -1.5600000e+02   2.9368982e+01  -1.1808504e+01  -3.3000000e+01   2.5046229e+01
   1.3000000e+01  -2.6000000e+01  -1.5600000e+02   3.0244513e+01  -1.0009061e+01  -3.3000000e+01   2.3176090e+01
   1.3000000e+01  -2.6000000e+01  -1.5600000e+02   3.1531471e+01  -8.2691819e+00  -3.3000000e+01   2.0812704e+01
   1.3000000e+01  -2.6000000e+01  -1.5600000e+02   3.2918140e+01  -6.5386746e+00  -3.3000000e+01   1.8460929e+01
   1.3000000e+01  -2.6000000e+01  -1.5600000e+02   3.3139315e+01  -5.1313452e+00  -3.3000000e+01   1.6219065e+01
   1.3000000e+01  -2.6000000e+01  -1.5600000e+02   3.2970036e+01  -3.7399416e+00  -3.3000000e+01   1.4008393e+01
   1.3000000e+01  -2.6000000e+01  -1.5600000e+02   3.2597747e+01  -2.7101458e+00  -3.3000000e+01   1.2995268e+01
   1.3000000e+01  -2.6000000e+01  -1.5600000e+02   3.0801472e+01  -2.1603513e+00  -3.3000000e+01   1.2679586e+01
   1.3000000e+01  -2.6000000e+01  -1.5600000e+02   2.7602890e+01  -1.8896760e+00  -3.3000000e+01   1.1110004e+01
   1.3000000e+01  -2.6000000e+01  -1.5600000e+02   2.5486848e+01  -2.7901207e+00  -3.3000000e+01   9.4724288e+00
   1.3000000e+01  -2.6000000e+01  -1.5600000e+02   2.5571403e+01  -5.4922582e+00  -3.3000000e+01   8.7147464e+00
   1.3000000e+01  -2.6000000e+01  -1.5600000e+02   2.5730005e+01  -9.6826815e+00  -3.3000000e+01   9.5980897e+00
   1.3000000e+01  -2.6000000e+01  -1.5600000e+02   2.6158953e+01  -1.4407805e+01  -3.3000000e+01   1.0534622e+01
   1.3000000e+01  -2.6000000e+01  -1.5600000e+02   2.6587901e+01  -1.9132929e+01  -3.3000000e+01   1.1471153e+01
   1.3000000e+01  -2.6000000e+01  -1.5600000e+02   2.5579582e+01  -2.5757616e+01  -3.3000000e+01   1.2469937e+01
   1.3000000e+01  -2.6000000e+01  -1.5600000e+02   2.3630711e+01  -3.1889290e+01  -3.3000000e+01   1.3558127e+01
   1.3000000e+01  -2.6000000e+01  -1.5600000e+02   2.3602654e+01  -3.7632715e+01  -3.3000000e+01   1.3824142e+01
   1.3000000e+01  -2.6000000e+01  -1.5600000e+02   2.3599428e+01  -4.1859897e+01  -3.3000000e+01   1.6297620e+01
   1.3000000e+01  -2.6000000e+01  -1.5600000e+02   2.3892522e+01  -4.5187542e+01  -3.3000000e+01   1.9979774e+01
   1.3000000e+01  -2.6000000e+01  -1.5600000e+02   2.6979132e+01  -4.7168938e+01  -3.3000000e+01   2.4313464e+01
   1.3000000e+01  -2.6000000e+01  -1.5600000e+02   2.6592822e+01  -4.8009574e+01  -3.3000000e+01   2.7776571e+01
   1.3000000e+01  -2.6000000e+01  -1.5600000e+02   2.5202465e+01  -4.8085775e+01  -3.3000000e+01   3.0499866e+01
   1.3000000e+01  -2.6000000e+01  -1.5600000e+02   2.3869742e+01  -4.7424257e+01  -3.3000000e+01   3.2611838e+01
   1.3000000e+01  -2.6000000e+01  -1.5600000e+02   2.2191035e+01  -4.6359801e+01  -3.3000000e+01   3.3751719e+01
   1.3000000e+01  -2.6000000e+01  -1.5600000e+02   2.1160282e+01  -4.5223276e+01  -3.3000000e+01   3.4938646e+01
   1.3000000e+01  -2.6000000e+01  -1.5600000e+02   2.0375492e+01  -4.3595397e+01  -3.3000000e+01   3.6074148e+01
   1.3000000e+01  -2.6000000e+01  -1.5600000e+02   2.0115388e+01  -4.1929763e+01  -3.3000000e+01   3.7161893e+01
   1.3000000e+01  -2.6000000e+01  -1.5600000e+02   2.0120761e+01  -4.0170044e+01  -3.3000000e+01   3.7817730e+01
   1.3000000e+01  -2.6000000e+01  -1.5600000e+02   2.0220251e+01  -3.8045504e+01  -3.3000000e+01   3.8690713e+01
   1.3000000e+01  -2.6000000e+01  -1.5600000e+02   2.0224777e+01  -3.6242260e+01  -3.3000000e+01   3.9016106e+01
   1.3000000e+01  -2.6000000e+01  -1.5600000e+02   1.9989066e+01  -3.4449394e+01  -3.3000000e+01   3.9307264e+01
   1.3000000e+01  -2.6000000e+01  -1.5600000e+02   2.0108692e+01  -3.2501455e+01  -3.3000000e+01   3.9049670e+01
   1.3000000e+01  -2.6000000e+01  -1.5600000e+02   2.0654478e+01  -2.9628764e+01  -3.3000000e+01   3.8551053e+01
   1.3000000e+01  -2.6000000e+01  -1.5600000e+02   2.1169608e+01  -2.7269086e+01  -3.3000000e+01   3.7625297e+01
   1.3000000e+01  -2.6000000e+01  -1.5600000e+02   2.2086588e+01  -2.6103503e+01  -3.3000000e+01   3.7346268e+01
   1.3000000e+01  -2.6000000e+01  -1.5600000e+02   2.2831160e+01  -2.4918430e+01  -3.3000000e+01   3.7066405e+01
   1.3000000e+01  -2.6000000e+01  -1.5600000e+02   2.3786015e+01  -2.3289278e+01  -3.3000000e+01   3.5881025e+01
   1.3000000e+01  -2.6000000e+01  -1.5600000e+02   2.4841748e+01  -2.1344454e+01  -3.3000000e+01   3.3892918e+01
   1.3000000e+01  -2.6000000e+01  -1.5600000e+02   2.5409121e+01  -1.9269579e+01  -3.3000000e+01   3.1499941e+01
   1.3000000e+01  -2.6000000e+01  -1.5600000e+02   2.6441288e+01  -1.7189820e+01  -3.3000000e+01   2.9477605e+01
   1.3000000e+01  -2.6000000e+01  -1.5600000e+02   2.7941307e+01  -1.5145576e+01  -3.3000000e+01   2.7999032e+01
   1.3000000e+01  -2.6000000e+01  -1.5600000e+02   2.9699305e+01  -1.3653795e+01  -3.3000000e+01   2.5163157e+01
   1.3000000e+01  -2.6000000e+01  -1.5600000e+02   3.1330425e+01  -1.2191814e+01  -3.3000000e+01   2.2333992e+01
   1.3000000e+01  -2.6000000e+01  -1.5600000e+02   3.2673969e+01  -1.0889491e+01  -3.3000000e+01   1.9924382e+01
   1.3000000e+01  -2.6000000e+01  -1.5600000e+02   3.3272835e+01  -9.3733096e+00  -3.3000000e+01   1.7840751e+01
   1.3000000e+01  -2.6000000e+01  -1.5600000e+02   3.3738678e+01  -7.5258231e+00  -3.3000000e+01   1.4730370e+01
   1.3000000e+01  -2.6000000e+01  -1.5600000e+02   3.4524717e+01  -5.6956937e+00  -3.3000000e+01   1.1661320e+01
   1.3000000e+01  -2.6000000e+01  -1.5600000e+02   3.6148618e+01  -4.2277506e+00  -3.3000000e+01   1.0613300e+01
   1.3000000e+01  -2.6000000e+01  -1.5600000e+02   3.6677213e+01  -2.8628872e+00  -3.3000000e+01   8.9883682e+00
   1.3000000e+01  -2.6000000e+01  -1.5600000e+02   3.7764597e+01  -5.3636423e-01  -3.3000000e+01   7.1300156e+00
   1.3000000e+01  -2.6000000e+01  -1.5600000e+02   3.6998863e+01   8.6750533e-01  -3.3000000e+01   5.6982912e+00
   1.3000000e+01  -2.6000000e+01  -1.5600000e+02   3.4772256e+01   1.3737010e+00  -3.3000000e+01   3.7365394e+00
   1.3000000e+01  -2.6000000e+01  -1.5600000e+02   3.2979991e+01   1.8617335e+00  -3.3000000e+01   1.8060000e+00
   1.3000000e+01  -2.6000000e+01  -1.5600000e+02   3.0657599e+01   1.6498656e+00  -3.3000000e+01  -5.4863098e-02
   1.3000000e+01  -2.6000000e+01  -1.5600000e+02   2.9857730e+01  -7.3865261e-02  -3.3000000e+01  -4.9247839e-01
   1.3000000e+01  -2.6000000e+01  -1.5600000e+02   2.9444008e+01  -3.0005219e+00  -3.3000000e+01   6.9348084e-01
   1.3000000e+01  -2.6000000e+01  -1.5600000e+02   2.7819302e+01  -6.8505415e+00  -3.3000000e+01   2.2338530e+00
   1.3000000e+01  -2.6000000e+01  -1.5600000e+02   2.4224937e+01  -1.0993950e+01  -3.3000000e+01   3.5473913e+00
   1.3000000e+01  -2.6000000e+01  -1.5600000e+02   2.1954528e+01  -1.6189445e+01  -3.3000000e+01   2.5558995e+00
   1.3000000e+01  -2.6000000e+01  -1.5600000e+02   2.0181081e+01  -2.1064479e+01  -3.3000000e+01   2.0339989e+00
   1.3000000e+01  -2.6000000e+01  -1.5600000e+02   1.9054667e+01  -2.5719919e+01  -3.3000000e+01   2.4400759e+00
   1.3000000e+01  -2.6000000e+01  -1.5600000e+02   2.0432823e+01  -3.1066703e+01  -3.3000000e+01   5.4200868e+00
   1.3000000e+01  -2.6000000e+01  -1.5600000e+02   2.3370325e+01  -3.7232401e+01  -3.3000000e+01   8.2771422e+00
   1.3000000e+01  -2.6000000e+01  -1.5600000e+02   2.6490807e+01  -4.1673071e+01  -3.3000000e+01   1.1627215e+01
   1.3000000e+01  -2.6000000e+01  -1.5600000e+02   3.0949669e+01  -4.4074063e+01  -3.3000000e+01   1.5870755e+01
   1.3000000e+01  -2.6000000e+01  -1.5600000e+02   3.1271114e+01  -4.5187176e+01  -3.3000000e+01   1.9172089e+01
   1.3000000e+01  -2.6000000e+01  -1.5600000e+02   3.0117716e+01  -4.4975104e+01  -3.3000000e+01   2.1710987e+01
   1.3000000e+01  -2.6000000e+01  -1.5600000e+02   2.8327044e+01  -4.4076833e+01  -3.3000000e+01   2.3422036e+01
   1.3000000e+01  -2.6000000e+01  -1.5600000e+02   2.7183095e+01  -4.2379945e+01  -3.3000000e+01   2.4277791e+01
   1.3000000e+01  -2.6000000e+01  -1.5600000e+02   2.6588614e+01  -4.0445941e+01  -3.3000000e+01   2.5433674e+01
   1.3000000e+01  -2.6000000e+01  -1.5600000e+02   2.6124433e+01  -3.8520192e+01  -3.3000000e+01   2.5940634e+01
   1.3000000e+01  -2.6000000e+01  -1.5600000e+02   2.6327672e+01  -3.6713573e+01  -3.3000000e+01   2.6179983e+01
   1.3000000e+01  -2.6000000e+01  -1.5600000e+02   2.6499847e+01  -3.5090182e+01  -3.3000000e+01   2.6116945e+01
   1.3000000e+01  -2.6000000e+01  -1.5600000e+02   2.6756487e+01  -3.3531462e+01  -3.3000000e+01   2.5735571e+01
   1.3000000e+01  -2.6000000e+01  -1.5600000e+02   2.6725490e+01  -3.2005980e+01  -3.3000000e+01   2.5351738e+01
   1.3000000e+01  -2.6000000e+01  -1.5600000e+02   2.6556103e+01  -3.0901410e+01  -3.3000000e+01   2.5618752e+01
   1.3000000e+01  -2.6000000e+01  -1.5600000e+02   2.6169330e+01  -3.0293414e+01  -3.3000000e+01   2.5863132e+01
   1.3000000e+01  -2.6000000e+01  -1.5600000e+02   2.6300900e+01  -2.9799314e+01  -3.3000000e+01   2.6387767e+01
   1.3000000e+01  -2.6000000e+01  -1.5600000e+02   2.6372949e+01  -2.9339818e+01  -3.3000000e+01   2.6890693e+01
   1.3000000e+01  -2.6000000e+01  -1.5600000e+02   2.5765306e+01  -2.9243207e+01  -3.3000000e+01   2.6150941e+01
   1.3000000e+01  -2.6000000e+01  -1.5600000e+02   2.6402292e+01  -2.9119170e+01  -3.3000000e+01   2.5502392e+01
   1.3000000e+01  -2.6000000e+01  -1.5600000e+02   2.6850011e+01  -2.8901230e+01  -3.3000000e+01   2.5165883e+01
   1.3000000e+01  -2.6000000e+01  -1.5600000e+02   2.7626592e+01  -2.8644706e+01  -3.3000000e+01   2.4860038e+01
   1.3000000e+01  -2.6000000e+01  -1.5600000e+02   2.8598151e+01  -2.8337058e+01  -3.3000000e+01   2.3803516e+01
   1.3000000e+01  -2.6000000e+01  -1.5600000e+02   2.9607792e+01  -2.7951887e+01  -3.3000000e+01   2.3260282e+01
   1.3000000e+01  -2.6000000e+01  -1.5600000e+02   3.0631505e+01  -2.7635304e+01  -3.3000000e+01   2.1705554e+01
   1.3000000e+01  -2.6000000e+01  -1.5600000e+02   3.1728815e+01  -2.7013106e+01  -3.3000000e+01   1.9979126e+01
   1.3000000e+01  -2.6000000e+01  -1.5600000e+02   3.2166387e+01  -2.6133576e+01  -3.3000000e+01   1.8097542e+01
   1.3000000e+01  -2.6000000e+01  -1.5600000e+02   3.2754688e+01  -2.5235364e+01  -3.3000000e+01   1.6233859e+01
   1.3000000e+01  -2.6000000e+01  -1.5600000e+02   3.3185852e+01  -2.3394564e+01  -3.3000000e+01   1.4092919e+01
   1.3000000e+01  -2.6000000e+01  -1.5600000e+02   3.3966712e+01  -2.1530668e+01  -3.3000000e+01   1.1991971e+01
   1.3000000e+01  -2.6000000e+01  -1.5600000e+02   3.4794660e+01  -2.0003424e+01  -3.3000000e+01   8.5645594e+00
   1.3000000e+01  -2.6000000e+01  -1.5600000e+02   3.5786009e+01  -1.9115086e+01  -3.3000000e+01   6.2960992e+00
   1.3000000e+01  -2.6000000e+01  -1.5600000e+02   3.6023202e+01  -1.3937123e+01  -3.3000000e+01   4.0550817e+00
   1.3000000e+01  -2.6000000e+01  -1.5600000e+02   3.7261491e+01  -9.8753721e+00  -3.3000000e+01   1.6744187e+00
   1.3000000e+01  -2.6000000e+01  -1.5600000e+02   3.8753795e+01  -7.0030449e+00  -3.3000000e+01   4.5240267e-01
   1.3000000e+01  -2.6000000e+01  -1.5600000e+02   4.0040372e+01  -4.5057096e+00  -3.3000000e+01  -9.9119606e-01
   1.3000000e+01  -2.6000000e+01  -1.5600000e+02   3.9388130e+01  -2.6788350e+00  -3.3000000e+01  -2.0240098e+00
   1.3000000e+01  -2.6000000e+01  -1.5600000e+02   3.6227582e+01  -2.0039819e+00  -3.3000000e+01  -2.7986539e+00
   1.3000000e+01  -2.6000000e+01  -1.5600000e+02   3.2824905e+01  -2.0129775e+00  -3.3000000e+01  -4.3520298e+00
   1.3000000e+01  -2.6000000e+01  -1.5600000e+02   2.9591666e+01  -2.8040256e+00  -3.3000000e+01  -5.5930425e+00
   1.3000000e+01  -2.6000000e+01  -1.5600000e+02   2.6353811e+01  -5.4432544e+00  -3.3000000e+01  -4.5734847e+00
   1.3000000e+01  -2.6000000e+01  -1.5600000e+02   2.4363987e+01  -8.9140223e+00  -3.3000000e+01  -3.2830937e+00
   1.3000000e+01  -2.6000000e+01  -1.5600000e+02   2.2857112e+01  -1.2407123e+01  -3.3000000e+01  -1.9631434e+00
   1.3000000e+01  -2.6000000e+01  -1.5600000e+02   2.2100226e+01  -1.6768389e+01  -3.3000000e+01   1.2217832e+00
   1.3000000e+01  -2.6000000e+01  -1.5600000e+02   2.1707960e+01  -2.0377053e+01  -3.3000000e+01   4.9166916e+00
   1.3000000e+01  -2.6000000e+01  -1.5600000e+02   2.2184606e+01  -2.5185618e+01  -3.3000000e+01   1.0286026e+01
   1.3000000e+01  -2.6000000e+01  -1.5600000e+02   2.3808781e+01  -3.0529987e+01  -3.3000000e+01   1.5091961e+01
   1.3000000e+01  -2.6000000e+01  -1.5600000e+02   2.5623329e+01  -3.5884099e+01  -3.3000000e+01   1.9379282e+01
   1.3000000e+01  -2.6000000e+01  -1.5600000e+02   2.8279746e+01  -3.9716654e+01  -3.3000000e+01   2.2494389e+01
   1.3000000e+01  -2.6000000e+01  -1.5600000e+02   2.8383128e+01  -4.2186924e+01  -3.3000000e+01   2.4329195e+01
   1.3000000e+01  -2.6000000e+01  -1.5600000e+02   2.6742015e+01  -4.2808524e+01  -3.3000000e+01   2.5959888e+01
   1.3000000e+01  -2.6000000e+01  -1.5600000e+02   2.5093902e+01  -4.2520819e+01  -3.3000000e+01   2.7474316e+01
   1.3000000e+01  -2.6000000e+01  -1.5600000e+02   2.4221402e+01  -4.1504941e+01  -3.3000000e+01   2.9466279e+01
   1.3000000e+01  -2.6000000e+01  -1.5600000e+02   2.3238512e+01  -4.0059345e+01  -3.3000000e+01   3.0643527e+01
   1.3000000e+01  -2.6000000e+01  -1.5600000e+02   2.2937631e+01  -3.8597364e+01  -3.3000000e+01   3.1835054e+01
   1.3000000e+01  -2.6000000e+01  -1.5600000e+02   2.2472213e+01  -3.6975569e+01  -3.3000000e+01   3.2503034e+01
   1.3000000e+01  -2.6000000e+01  -1.5600000e+02   2.2375310e+01  -3.5388107e+01  -3.3000000e+01   3.3160544e+01
   1.3000000e+01  -2.6000000e+01  -1.5600000e+02   2.2476936e+01  -3.4090028e+01  -3.3000000e+01   3.3374512e+01
   1.3000000e+01  -2.6000000e+01  -1.5600000e+02   2.2364425e+01  -3.2556498e+01  -3.3000000e+01   3.3019686e+01
   1.3000000e+01  -2.6000000e+01  -1.5600000e+02   2.3045427e+01  -3.0468443e+01  -3.3000000e+01   3.2062780e+01
   1.3000000e+01  -2.6000000e+01  -1.5600000e+02   2.3338704e+01  -2.8397940e+01  -3.3000000e+01   3.1081357e+01
   1.3000000e+01  -2.6000000e+01  -1.5600000e+02   2.4290022e+01  -2.6426723e+01  -3.3000000e+01   2.9273734e+01
   1.3000000e+01  -2.6000000e+01  -1.5600000e+02   2.5720967e+01  -2.4918386e+01  -3.3000000e+01   2.8285150e+01
   1.3000000e+01  -2.6000000e+01  -1.5600000e+02   2.5689743e+01  -2.3075202e+01  -3.3000000e+01   2.6251817e+01
   1.3000000e+01  -2.6000000e+01  -1.5600000e+02   2.7167995e+01  -2.1458134e+01  -3.3000000e+01   2.4959133e+01
   1.3000000e+01  -2.6000000e+01  -1.5600000e+02   2.7473801e+01  -1.9587163e+01  -3.3000000e+01   2.2871479e+01
   1.3000000e+01  -2.6000000e+01  -1.5600000e+02   2.8088767e+01  -1.7384727e+01  -3.3000000e+01   2.1412708e+01
   1.3000000e+01  -2.6000000e+01  -1.5600000e+02   2.9004214e+01  -1.5203002e+01  -3.3000000e+01   1.9984667e+01
   1.3000000e+01  -2.6000000e+01  -1.5600000e+02   2.9807300e+01  -1.3436528e+01  -3.3000000e+01   1.8713897e+01
   1.3000000e+01  -2.6000000e+01  -1.5600000e+02   3.1035951e+01  -1.1945559e+01  -3.3000000e+01   1.6249648e+01
   1.3000000e+01  -2.6000000e+01  -1.5600000e+02   3.2382428e+01  -1.0487041e+01  -3.3000000e+01   1.3783573e+01
   1.3000000e+01  -2.6000000e+01  -1.5600000e+02   3.3617708e+01  -8.9806923e+00  -3.3000000e+01   1.1827962e+01
   1.3000000e+01  -2.6000000e+01  -1.5600000e+02   3.4666073e+01  -7.3270855e+00  -3.3000000e+01   9.0090841e+00
   1.3000000e+01  -2.6000000e+01  -1.5600000e+02   3.6186122e+01  -5.2866553e+00  -3.3000000e+01   6.8949035e+00
   1.3000000e+01  -2.6000000e+01  -1.5600000e+02   3.7299133e+01  -3.4772758e+00  -3.3000000e+01   4.0967874e+00
   1.3000000e+01  -2.6000000e+01  -1.5600000e+02   3.9236280e+01  -1.5597300e+00  -3.3000000e+01   2.6557485e+00
   1.3000000e+01  -2.6000000e+01  -1.5600000e+02   4.1242749e+01   2.8296529e-01  -3.3000000e+01   5.8951211e-01
   1.3000000e+01  -2.6000000e+01  -1.5600000e+02   4.2459047e+01   3.3783418e+00  -3.3000000e+01  -2.0910582e+00
   1.3000000e+01  -2.6000000e+01  -1.5600000e+02   4.4579770e+01   5.9979419e+00  -3.3000000e+01  -5.0260026e+00
   1.3000000e+01  -2.6000000e+01  -1.5600000e+02   4.5800769e+01   8.6528342e+00  -3.3000000e+01  -8.4646083e+00
   1.3000000e+01  -2.6000000e+01  -1.5600000e+02   4.7439504e+01   1.1210089e+01  -3.3000000e+01  -1.0709648e+01
   1.3000000e+01  -2.6000000e+01  -1.5600000e+02   4.7479532e+01   1.2122551e+01  -3.3000000e+01  -1.1302276e+01
   1.3000000e+01  -2.6000000e+01  -1.5600000e+02   4.2974563e+01   1.0927410e+01  -3.3000000e+01  -1.1183104e+01
   1.3000000e+01  -2.6000000e+01  -1.5600000e+02   3.8763946e+01   8.3247648e+00  -3.3000000e+01  -1.1392093e+01
   1.3000000e+01  -2.6000000e+01  -1.5600000e+02   3.5321811e+01   5.6720592e+00  -3.3000000e+01  -1.1515973e+01
   1.3000000e+01  -2.6000000e+01  -1.5600000e+02   3.1977965e+01   1.2162615e+00  -3.3000000e+01  -1.1140422e+01
   1.3000000e+01  -2.6000000e+01  -1.5600000e+02   2.9958155e+01  -3.9809987e+00  -3.3000000e+01  -7.8108827e+00
   1.3000000e+01  -2.6000000e+01  -1.5600000e+02   2.8346406e+01  -9.3183904e+00  -3.3000000e+01  -2.5789396e+00
   1.3000000e+01  -2.6000000e+01  -1.5600000e+02   2.8547087e+01  -1.5153889e+01  -3.3000000e+01   3.1480879e+00
   1.3000000e+01  -2.6000000e+01  -1.5600000e+02   2.7775460e+01  -2.0519328e+01  -3.3000000e+01   7.5608949e+00
   1.3000000e+01  -2.6000000e+01  -1.5600000e+02   2.6106742e+01  -2.5400596e+01  -3.3000000e+01   1.1644657e+01
   1.3000000e+01  -2.6000000e+01  -1.5600000e+02   2.5279616e+01  -3.1608182e+01  -3.3000000e+01   1.5173843e+01
   1.3000000e+01  -2.6000000e+01  -1.5600000e+02   2.5077378e+01  -3.7203268e+01  -3.3000000e+01   1.7834283e+01
   1.3000000e+01  -2.6000000e+01  -1.5600000e+02   2.6137494e+01  -4.2009085e+01  -3.3000000e+01   2.0006364e+01
   1.3000000e+01  -2.6000000e+01  -1.5600000e+02   2.6963047e+01  -4.5472113e+01  -3.3000000e+01   2.3317273e+01
   1.3000000e+01  -2.6000000e+01  -1.5600000e+02   2.7400731e+01  -4.7865348e+01  -3.3000000e+01   2.6376957e+01
   1.3000000e+01  -2.6000000e+01  -1.5600000e+02   2.6125886e+01  -4.8882231e+01  -3.3000000e+01   2.8975326e+01
   1.3000000e+01  -2.6000000e+01  -1.5600000e+02   2.4280361e+01  -4.8834637e+01  -3.3000000e+01   3.1609304e+01
   1.3000000e+01  -2.6000000e+01  -1.5600000e+02   2.2957713e+01  -4.8197734e+01  -3.3000000e+01   3.3388522e+01
   1.3000000e+01  -2.6000000e+01  -1.5600000e+02   2.2366406e+01  -4.6918023e+01  -3.3000000e+01   3.5021025e+01
   1.3000000e+01  -2.6000000e+01  -1.5600000e+02   2.0839489e+01  -4.5624638e+01  -3.3000000e+01   3.6635250e+01
   1.3000000e+01  -2.6000000e+01  -1.5600000e+02   1.9916891e+01  -4.4108289e+01  -3.3000000e+01   3.7560082e+01
   1.3000000e+01  -2.6000000e+01  -1.5600000e+02   1.9497155e+01  -4.2573178e+01  -3.3000000e+01   3.8486472e+01
   1.3000000e+01  -2.6000000e+01  -1.5600000e+02   1.9172368e+01  -4.1027758e+01  -3.3000000e+01   3.9406478e+01
   1.3000000e+01  -2.6000000e+01  -1.5600000e+02   1.8884847e+01  -3.9433348e+01  -3.3000000e+01   3.9813793e+01
   1.3000000e+01  -2.6000000e+01  -1.5600000e+02   1.9103775e+01  -3.7829421e+01  -3.3000000e+01   4.0170149e+01
   1.3000000e+01  -2.6000000e+01  -1.5600000e+02   1.9452759e+01  -3.6094660e+01  -3.3000000e+01   3.9073885e+01
   1.3000000e+01  -2.6000000e+01  -1.5600000e+02   2.0343601e+01  -3.3888216e+01  -3.3000000e+01   3.7669705e+01
   1.3000000e+01  -2.6000000e+01  -1.5600000e+02   2.0928655e+01  -3.1897160e+01  -3.3000000e+01   3.6741621e+01
   1.3000000e+01  -2.6000000e+01  -1.5600000e+02   2.1531889e+01  -3.0032323e+01  -3.3000000e+01   3.5503313e+01
   1.3000000e+01  -2.6000000e+01  -1.5600000e+02   2.2137204e+01  -2.8464730e+01  -3.3000000e+01   3.3865246e+01
   1.3000000e+01  -2.6000000e+01  -1.5600000e+02   2.3258619e+01  -2.7187638e+01  -3.3000000e+01   3.2474267e+01
   1.3000000e+01  -2.6000000e+01  -1.5600000e+02   2.3698003e+01  -2.6146804e+01  -3.3000000e+01   3.0777081e+01
   1.3000000e+01  -2.6000000e+01  -1.5600000e+02   2.4615074e+01  -2.5194160e+01  -3.3000000e+01   3.0163888e+01
   1.3000000e+01  -2.6000000e+01  -1.5600000e+02   2.5707366e+01  -2.4072957e+01  -3.3000000e+01   2.8266714e+01
   1.3000000e+01  -2.6000000e+01  -1.5600000e+02   2.6448212e+01  -2.2643046e+01  -3.3000000e+01   2.6696950e+01
   1.3000000e+01  -2.6000000e+01  -1.5600000e+02   2.6726928e+01  -2.0823652e+01  -3.3000000e+01   2.5110100e+01
   1.3000000e+01  -2.6000000e+01  -1.5600000e+02   2.7092504e+01  -1.9189491e+01  -3.3000000e+01   2.4124336e+01
   1.3000000e+01  -2.6000000e+01  -1.5600000e+02   2.8062953e+01  -1.7868153e+01  -3.3000000e+01   2.3393676e+01
   1.3000000e+01  -2.6000000e+01  -1.5600000e+02   2.9104920e+01  -1.6735335e+01  -3.3000000e+01   2.0907501e+01
   1.3000000e+01  -2.6000000e+01  -1.5600000e+02   3.0864807e+01  -1.5643622e+01  -3.3000000e+01   1.9775548e+01
   1.3000000e+01  -2.6000000e+01  -1.5600000e+02   3.2596751e+01  -1.4495888e+01  -3.3000000e+01   1.8198955e+01
   1.3000000e+01  -2.6000000e+01  -1.5600000e+02   3.2949187e+01  -1.3348167e+01  -3.3000000e+01   1.6558364e+01
   1.3000000e+01  -2.6000000e+01  -1.5600000e+02   3.3514726e+01  -1.1775986e+01  -3.3000000e+01   1.5558236e+01
   1.3000000e+01  -2.6000000e+01  -1.5600000e+02   3.3701956e+01  -1.0097137e+01  -3.3000000e+01   1.3025109e+01
   1.3000000e+01  -2.6000000e+01  -1.5600000e+02   3.4191506e+01  -8.4414555e+00  -3.3000000e+01   1.1354116e+01
   1.3000000e+01  -2.6000000e+01  -1.5600000e+02   3.5746452e+01  -7.1069502e+00  -3.3000000e+01   9.5532245e+00
   1.3000000e+01  -2.6000000e+01  -1.5600000e+02   3.5776229e+01  -5.3556902e+00  -3.3000000e+01   8.6389981e+00
   1.3000000e+01  -2.6000000e+01  -1.5600000e+02   3.6057091e+01  -3.6167051e+00  -3.3000000e+01   7.7542428e+00
   1.3000000e+01  -2.6000000e+01  -1.5600000e+02   3.6451309e+01  -1.5018008e+00  -3.3000000e+01   5.8217992e+00
   1.3000000e+01  -2.6000000e+01  -1.5600000e+02   3.7188554e+01   5.3160824e-01  -3.3000000e+01   4.6442529e+00
   1.3000000e+01  -2.6000000e+01  -1.5600000e+02   3.5140900e+01   1.3910290e+00  -3.3000000e+01   3.0069311e+00
   1.3000000e+01  -2.6000000e+01  -1.5600000e+02   3.3506285e+01   1.7881817e+00  -3.3000000e+01   1.6216403e+00
   1.3000000e+01  -2.6000000e+01  -1.5600000e+02   3.2099976e+01   1.6410053e+00  -3.3000000e+01   1.3055207e+00
   1.3000000e+01  -2.6000000e+01  -1.5600000e+02   3.0512609e+01  -3.2177949e-01  -3.3000000e+01   1.9595765e+00
   1.3000000e+01  -2.6000000e+01  -1.5600000e+02   2.7773110e+01  -4.0722337e+00  -3.3000000e+01   4.4529234e+00
   1.3000000e+01  -2.6000000e+01  -1.5600000e+02   2.4930348e+01  -8.7199939e+00  -3.3000000e+01   7.8865653e+00
   1.3000000e+01  -2.6000000e+01  -1.5600000e+02   2.2592894e+01  -1.3121194e+01  -3.3000000e+01   1.0381347e+01
   1.3000000e+01  -2.6000000e+01  -1.5600000e+02   2.0559669e+01  -1.8305929e+01  -3.3000000e+01   1.3782203e+01
   1.3000000e+01  -2.6000000e+01  -1.5600000e+02   1.9158362e+01  -2.3363563e+01  -3.3000000e+01   1.8045394e+01
   1.3000000e+01  -2.6000000e+01  -1.5600000e+02   1.9070214e+01  -2.8003543e+01  -3.3000000e+01   2.1886101e+01
   1.3000000e+01  -2.6000000e+01  -1.5600000e+02   1.9100090e+01  -3.2407856e+01  -3.3000000e+01   2.5126673e+01
   1.3000000e+01  -2.6000000e+01  -1.5600000e+02   1.9921125e+01  -3.6395035e+01  -3.3000000e+01   2.7812419e+01
   1.3000000e+01  -2.6000000e+01  -1.5600000e+02   2.2939961e+01  -4.0245012e+01  -3.3000000e+01   3.0587497e+01
   1.3000000e+01  -2.6000000e+01  -1.5600000e+02   2.4751747e+01  -4.3146430e+01  -3.3000000e+01   3.3277631e+01
   1.3000000e+01  -2.6000000e+01  -1.5600000e+02   2.4184088e+01  -4.4772588e+01  -3.3000000e+01   3.4944753e+01
   1.3000000e+01  -2.6000000e+01  -1.5600000e+02   2.3429389e+01  -4.5229349e+01  -3.3000000e+01   3.6114726e+01
   1.3000000e+01  -2.6000000e+01  -1.5600000e+02   2.2760596e+01  -4.4937515e+01  -3.3000000e+01   3.6375776e+01
   1.3000000e+01  -2.6000000e+01  -1.5600000e+02   2.1761256e+01  -4.3752440e+01  -3.3000000e+01   3.7040589e+01
   1.3000000e+01  -2.6000000e+01  -1.5600000e+02   2.1111870e+01  -4.2555148e+01  -3.3000000e+01   3.7680504e+01
   1.3000000e+01  -2.6000000e+01  -1.5600000e+02   2.0704065e+01  -4.0924967e+01  -3.3000000e+01   3.7481399e+01
   1.3000000e+01  -2.6000000e+01  -1.5600000e+02   2.0869167e+01  -3.9261349e+01  -3.3000000e+01   3.7333064e+01
   1.3000000e+01  -2.6000000e+01  -1.5600000e+02   2.1297825e+01  -3.7166160e+01  -3.3000000e+01   3.7515479e+01
   1.3000000e+01  -2.6000000e+01  -1.5600000e+02   2.1276304e+01  -3.5224420e+01  -3.3000000e+01   3.7221338e+01
   1.3000000e+01  -2.6000000e+01  -1.5600000e+02   2.1823185e+01  -3.3337457e+01  -3.3000000e+01   3.6435786e+01
   1.3000000e+01  -2.6000000e+01  -1.5600000e+02   2.2543576e+01  -3.0830316e+01  -3.3000000e+01   3.4962961e+01
   1.3000000e+01  -2.6000000e+01  -1.5600000e+02   2.2648754e+01  -2.8433729e+01  -3.3000000e+01   3.3847371e+01
   1.3000000e+01  -2.6000000e+01  -1.5600000e+02   2.3241797e+01  -2.6132086e+01  -3.3000000e+01   3.2551196e+01
   1.3000000e+01  -2.6000000e+01  -1.5600000e+02   2.4074233e+01  -2.4710642e+01  -3.3000000e+01   3.2180699e+01
   1.3000000e+01  -2.6000000e+01  -1.5600000e+02   2.4891649e+01  -2.3248046e+01  -3.3000000e+01   3.1087595e+01
   1.3000000e+01  -2.6000000e+01  -1.5600000e+02   2.5709066e+01  -2.1785450e+01  -3.3000000e+01   2.9994492e+01
   1.3000000e+01  -2.6000000e+01  -1.5600000e+02   2.6311104e+01  -1.9900246e+01  -3.3000000e+01   2.8213948e+01
   1.3000000e+01  -2.6000000e+01  -1.5600000e+02   2.6587891e+01  -1.7742700e+01  -3.3000000e+01   2.6224702e+01
   1.3000000e+01  -2.6000000e+01  -1.5600000e+02   2.7825852e+01  -1.6004796e+01  -3.3000000e+01   2.4815425e+01
   1.3000000e+01  -2.6000000e+01  -1.5600000e+02   2.8519934e+01  -1.3857051e+01  -3.3000000e+01   2.3334186e+01
   1.3000000e+01  -2.6000000e+01  -1.5600000e+02   2.9574890e+01  -1.2274971e+01  -3.3000000e+01   2.1413859e+01
   1.3000000e+01  -2.6000000e+01  -1.5600000e+02   3.1154493e+01  -1.0968918e+01  -3.3000000e+01   1.8604367e+01
   1.3000000e+01  -2.6000000e+01  -1.5600000e+02   3.2262705e+01  -1.0096754e+01  -3.3000000e+01   1.6279184e+01
   1.3000000e+01  -2.6000000e+01  -1.5600000e+02   3.3246602e+01  -8.8814702e+00  -3.3000000e+01   1.5027889e+01
   1.3000000e+01  -2.6000000e+01  -1.5600000e+02   3.4134065e+01  -7.1439675e+00  -3.3000000e+01   1.2743922e+01
   1.3000000e+01  -2.6000000e+01  -1.5600000e+02   3.4544481e+01  -5.2549043e+00  -3.3000000e+01   1.1148378e+01
   1.3000000e+01  -2.6000000e+01  -1.5600000e+02   3.5678464e+01  -3.4199052e+00  -3.3000000e+01   8.7741175e+00
   1.3000000e+01  -2.6000000e+01  -1.5600000e+02   3.6752769e+01  -1.5988724e+00  -3.3000000e+01   6.4142813e+00
   1.3000000e+01  -2.6000000e+01  -1.5600000e+02   3.7891256e+01   2.7838829e-01  -3.3000000e+01   4.0700867e+00
   1.3000000e+01  -2.6000000e+01  -1.5600000e+02   3.9576918e+01   2.8773505e+00  -3.3000000e+01   1.3642650e+00
   1.3000000e+01  -2.6000000e+01  -1.5600000e+02   4.0365367e+01   5.0068016e+00  -3.3000000e+01   1.5294911e-01
   1.3000000e+01  -2.6000000e+01  -1.5600000e+02   3.8293746e+01   6.2074263e+00  -3.3000000e+01  -7.7217679e-01
   1.3000000e+01  -2.6000000e+01  -1.5600000e+02   3.5249937e+01   6.3112504e+00  -3.3000000e+01  -1.7659373e+00
   1.3000000e+01  -2.6000000e+01  -1.5600000e+02   3.2847839e+01   5.2407224e+00  -3.3000000e+01  -2.2742366e+00
   1.3000000e+01  -2.6000000e+01  -1.5600000e+02   3.0088291e+01   2.7025583e+00  -3.3000000e+01  -3.3582408e+00
   1.3000000e+01  -2.6000000e+01  -1.5600000e+02   2.8308971e+01  -1.6674685e+00  -3.3000000e+01  -2.0796878e+00
   1.3000000e+01  -2.6000000e+01  -1.5600000e+02   2.6674027e+01  -7.2872469e+00  -3.3000000e+01   9.7275978e-01
   1.3000000e+01  -2.6000000e+01  -1.5600000e+02   2.5182186e+01  -1.3444448e+01  -3.3000000e+01   3.7273059e+00
   1.3000000e+01  -2.6000000e+01  -1.5600000e+02   2.4655127e+01  -1.8728512e+01  -3.3000000e+01   6.5908615e+00
   1.3000000e+01  -2.6000000e+01  -1.5600000e+02   2.2761506e+01  -2.3204296e+01  -3.3000000e+01   9.8867271e+00
   1.3000000e+01  -2.6000000e+01  -1.5600000e+02   2.2173503e+01  -2.8669317e+01  -3.3000000e+01   1.2713613e+01
   1.3000000e+01  -2.6000000e+01  -1.5600000e+02   2.3289889e+01  -3.4489052e+01  -3.3000000e+01   1.5340677e+01
   1.3000000e+01  -2.6000000e+01  -1.5600000e+02   2.4201470e+01  -3.8957061e+01  -3.3000000e+01   1.8651247e+01
   1.3000000e+01  -2.6000000e+01  -1.5600000e+02   2.5352774e+01  -4.2682966e+01  -3.3000000e+01   2.2653723e+01
   1.3000000e+01  -2.6000000e+01  -1.5600000e+02   2.5834581e+01  -4.5758542e+01  -3.3000000e+01   2.6299084e+01
   1.3000000e+01  -2.6000000e+01  -1.5600000e+02   2.5692596e+01  -4.7491329e+01  -3.3000000e+01   2.9361802e+01
   1.3000000e+01  -2.6000000e+01  -1.5600000e+02   2.4732235e+01  -4.8174345e+01  -3.3000000e+01   3.1645956e+01
   1.3000000e+01  -2.6000000e+01  -1.5600000e+02   2.4040308e+01  -4.7950826e+01  -3.3000000e+01   3.3566312e+01
   1.3000000e+01  -2.6000000e+01  -1.5600000e+02   2.3186049e+01  -4.7056258e+01  -3.3000000e+01   3.5206227e+01
   1.3000000e+01  -2.6000000e+01  -1.5600000e+02   2.1815610e+01  -4.5652786e+01  -3.3000000e+01   3.6535481e+01
   1.3000000e+01  -2.6000000e+01  -1.5600000e+02   2.0579106e+01  -4.4209905e+01  -3.3000000e+01   3.7846259e+01
   1.3000000e+01  -2.6000000e+01  -1.5600000e+02   2.0163699e+01  -4.2495541e+01  -3.3000000e+01   3.8336597e+01
   1.3000000e+01  -2.6000000e+01  -1.5600000e+02   1.9642787e+01  -4.0769456e+01  -3.3000000e+01   3.8378550e+01
   1.3000000e+01  -2.6000000e+01  -1.5600000e+02   1.9767305e+01  -3.9029401e+01  -3.3000000e+01   3.8438444e+01
   1.3000000e+01  -2.6000000e+01  -1.5600000e+02   2.0038834e+01  -3.7254329e+01  -3.3000000e+01   3.8507869e+01
   1.3000000e+01  -2.6000000e+01  -1.5600000e+02   2.0171730e+01  -3.5059081e+01  -3.3000000e+01   3.8085779e+01
   1.3000000e+01  -2.6000000e+01  -1.5600000e+02   2.0774702e+01  -3.2520341e+01  -3.3000000e+01   3.7639257e+01
   1.3000000e+01  -2.6000000e+01  -1.5600000e+02   2.0886337e+01  -3.0161724e+01  -3.3000000e+01   3.6701505e+01
   1.3000000e+01  -2.6000000e+01  -1.5600000e+02   2.1968819e+01  -2.8006279e+01  -3.3000000e+01   3.6052998e+01
   1.3000000e+01  -2.6000000e+01  -1.5600000e+02   2.2559947e+01  -2.5868008e+01  -3.3000000e+01   3.5186677e+01
   1.3000000e+01  -2.6000000e+01  -1.5600000e+02   2.2770695e+01  -2.3736152e+01  -3.3000000e+01   3.4303726e+01
   1.3000000e+01  -2.6000000e+01  -1.5600000e+02   2.3927050e+01  -2.1517555e+01  -3.3000000e+01   3.2891245e+01
   1.3000000e+01  -2.6000000e+01  -1.5600000e+02   2.4642368e+01  -1.9147063e+01  -3.3000000e+01   3.0252808e+01
   1.3000000e+01  -2.6000000e+01  -1.5600000e+02   2.6006083e+01  -1.7240287e+01  -3.3000000e+01   2.8201216e+01
   1.3000000e+01  -2.6000000e+01  -1.5600000e+02   2.6902417e+01  -1.5338298e+01  -3.3000000e+01   2.5408530e+01
   1.3000000e+01  -2.6000000e+01  -1.5600000e+02   2.8059323e+01  -1.3469925e+01  -3.3000000e+01   2.3691148e+01
   1.3000000e+01  -2.6000000e+01  -1.5600000e+02   2.9935974e+01  -1.2115861e+01  -3.3000000e+01   2.1609833e+01
   1.3000000e+01  -2.6000000e+01  -1.5600000e+02   3.1371750e+01  -1.0787959e+01  -3.3000000e+01   1.9467658e+01
   1.3000000e+01  -2.6000000e+01  -1.5600000e+02   3.2767744e+01  -9.7182173e+00  -3.3000000e+01   1.7080818e+01
   1.3000000e+01  -2.6000000e+01  -1.5600000e+02   3.3640869e+01  -8.3092889e+00  -3.3000000e+01   1.5107917e+01
   1.3000000e+01  -2.6000000e+01  -1.5600000e+02   3.4513995e+01  -6.9003605e+00  -3.3000000e+01   1.3135016e+01
   1.3000000e+01  -2.6000000e+01  -1.5600000e+02   3.5373956e+01  -4.8450569e+00  -3.3000000e+01   1.0866419e+01
   1.3000000e+01  -2.6000000e+01  -1.5600000e+02   3.6754163e+01  -2.7896810e+00  -3.3000000e+01   8.4116413e+00
   1.3000000e+01  -2.6000000e+01  -1.5600000e+02   3.7501666e+01  -1.2245356e+00  -3.3000000e+01   6.0405033e+00
   1.3000000e+01  -2.6000000e+01  -1.5600000e+02   3.9531746e+01   1.6264938e+00  -3.3000000e+01   2.9559626e+00
   1.3000000e+01  -2.6000000e+01  -1.5600000e+02   4.1324997e+01   4.4789637e+00  -3.3000000e+01   6.1274020e-01
   1.3000000e+01  -2.6000000e+01  -1.5600000e+02   4.1665101e+01   6.0277923e+00  -3.3000000e+01  -5.3584567e-01
   1.3000000e+01  -2.6000000e+01  -1.5600000e+02   3.9589323e+01   6.6285699e+00  -3.3000000e+01  -1.2524120e+00
   1.3000000e+01  -2.6000000e+01  -1.5600000e+02   3.6307428e+01   6.1010720e+00  -3.3000000e+01  -2.0442938e-01
   1.3000000e+01  -2.6000000e+01  -1.5600000e+02   3.2589826e+01   3.8759592e+00  -3.3000000e+01   6.8867481e-01
   1.3000000e+01  -2.6000000e+01  -1.5600000e+02   2.9635581e+01   7.0011205e-02  -3.3000000e+01   1.1586781e+00
   1.3000000e+01  -2.6000000e+01  -1.5600000e+02   2.8396982e+01  -5.9625450e+00  -3.3000000e+01   2.5474410e+00
   1.3000000e+01  -2.6000000e+01  -1.5600000e+02   2.7426608e+01  -1.2554522e+01  -3.3000000e+01   3.3929914e+00
   1.3000000e+01  -2.6000000e+01  -1.5600000e+02   2.6213093e+01  -1.8930974e+01  -3.3000000e+01   4.6285096e+00
   1.3000000e+01  -2.6000000e+01  -1.5600000e+02   2.5017628e+01  -2.4114707e+01  -3.3000000e+01   4.9295201e+00
   1.3000000e+01  -2.6000000e+01  -1.5600000e+02   2.4376624e+01  -2.8688605e+01  -3.3000000e+01   7.8110707e+00
   1.3000000e+01  -2.6000000e+01  -1.5600000e+02   2.4923542e+01  -3.3733206e+01  -3.3000000e+01   1.1882338e+01
   1.3000000e+01  -2.6000000e+01  -1.5600000e+02   2.6191281e+01  -3.8629993e+01  -3.3000000e+01   1.7306934e+01
   1.3000000e+01  -2.6000000e+01  -1.5600000e+02   2.6840820e+01  -4.3017945e+01  -3.3000000e+01   2.2096878e+01
   1.3000000e+01  -2.6000000e+01  -1.5600000e+02   2.8097949e+01  -4.6287411e+01  -3.3000000e+01   2.5648535e+01
   1.3000000e+01  -2.6000000e+01  -1.5600000e+02   2.7483966e+01  -4.8106068e+01  -3.3000000e+01   2.8773017e+01
   1.3000000e+01  -2.6000000e+01  -1.5600000e+02   2.6642531e+01  -4.8709305e+01  -3.3000000e+01   3.0777316e+01
   1.3000000e+01  -2.6000000e+01  -1.5600000e+02   2.5178039e+01  -4.8223460e+01  -3.3000000e+01   3.2250782e+01
   1.3000000e+01  -2.6000000e+01  -1.5600000e+02   2.4291704e+01  -4.7238676e+01  -3.3000000e+01   3.3490402e+01
   1.3000000e+01  -2.6000000e+01  -1.5600000e+02   2.3008844e+01  -4.5996040e+01  -3.3000000e+01   3.4329232e+01
   1.3000000e+01  -2.6000000e+01  -1.5600000e+02   2.2179565e+01  -4.4390335e+01  -3.3000000e+01   3.5632188e+01
   1.3000000e+01  -2.6000000e+01  -1.5600000e+02   2.1227872e+01  -4.2605592e+01  -3.3000000e+01   3.6240541e+01
   1.3000000e+01  -2.6000000e+01  -1.5600000e+02   2.1213628e+01  -4.0885449e+01  -3.3000000e+01   3.6447540e+01
   1.3000000e+01  -2.6000000e+01  -1.5600000e+02   2.1126004e+01  -3.9234840e+01  -3.3000000e+01   3.6259559e+01
   1.3000000e+01  -2.6000000e+01  -1.5600000e+02   2.1372718e+01  -3.7595601e+01  -3.3000000e+01   3.6117023e+01
   1.3000000e+01  -2.6000000e+01  -1.5600000e+02   2.1738120e+01  -3.5994418e+01  -3.3000000e+01   3.6368444e+01
   1.3000000e+01  -2.6000000e+01  -1.5600000e+02   2.1488029e+01  -3.4418536e+01  -3.3000000e+01   3.6312776e+01
   1.3000000e+01  -2.6000000e+01  -1.5600000e+02   2.1990388e+01  -3.2562908e+01  -3.3000000e+01   3.5524929e+01
   1.3000000e+01  -2.6000000e+01  -1.5600000e+02   2.2016957e+01  -3.0641882e+01  -3.3000000e+01   3.4863259e+01
   1.3000000e+01  -2.6000000e+01  -1.5600000e+02   2.2286493e+01  -2.9429030e+01  -3.3000000e+01   3.5063361e+01
   1.3000000e+01  -2.6000000e+01  -1.5600000e+02   2.2176960e+01  -2.7982819e+01  -3.3000000e+01   3.4496985e+01
   1.3000000e+01  -2.6000000e+01  -1.5600000e+02   2.2693958e+01  -2.6569236e+01  -3.3000000e+01   3.4390251e+01
   1.3000000e+01  -2.6000000e+01  -1.5600000e+02   2.3444602e+01  -2.5575603e+01  -3.3000000e+01   3.3416682e+01
   1.3000000e+01  -2.6000000e+01  -1.5600000e+02   2.4137405e+01  -2.4457650e+01  -3.3000000e+01   3.2775811e+01
   1.3000000e+01  -2.6000000e+01  -1.5600000e+02   2.5741193e+01  -2.3310192e+01  -3.3000000e+01   3.2110096e+01
   1.3000000e+01  -2.6000000e+01  -1.5600000e+02   2.6107652e+01  -2.1708632e+01  -3.3000000e+01   3.0397914e+01
   1.3000000e+01  -2.6000000e+01  -1.5600000e+02   2.6729984e+01  -2.0205842e+01  -3.3000000e+01   2.9540146e+01
   1.3000000e+01  -2.6000000e+01  -1.5600000e+02   2.7565725e+01  -1.8671419e+01  -3.3000000e+01   2.7465799e+01
   1.3000000e+01  -2.6000000e+01  -1.5600000e+02   2.8375423e+01  -1.7296954e+01  -3.3000000e+01   2.5803600e+01
   1.3000000e+01  -2.6000000e+01  -1.5600000e+02   2.9353606e+01  -1.5894397e+01  -3.3000000e+01   2.4151220e+01
   1.3000000e+01  -2.6000000e+01  -1.5600000e+02   3.0598933e+01  -1.4452160e+01  -3.3000000e+01   2.2495693e+01
   1.3000000e+01  -2.6000000e+01  -1.5600000e+02   3.1926888e+01  -1.2977407e+01  -3.3000000e+01   2.0823062e+01
   1.3000000e+01  -2.6000000e+01  -1.5600000e+02   3.2702782e+01  -1.0951190e+01  -3.3000000e+01   1.8051196e+01
   1.3000000e+01  -2.6000000e+01  -1.5600000e+02   3.3460390e+01  -9.0488247e+00  -3.3000000e+01   1.5891682e+01
   1.3000000e+01  -2.6000000e+01  -1.5600000e+02   3.3093815e+01  -7.5309215e+00  -3.3000000e+01   1.4469670e+01
   1.3000000e+01  -2.6000000e+01  -1.5600000e+02   3.3531386e+01  -6.2015852e+00  -3.3000000e+01   1.3465403e+01
   1.3000000e+01  -2.6000000e+01  -1.5600000e+02   3.3818314e+01  -4.8714281e+00  -3.3000000e+01   1.2459206e+01
   1.3000000e+01  -2.6000000e+01  -1.5600000e+02   3.3334547e+01  -3.8205097e+00  -3.3000000e+01   1.1800218e+01
   1.3000000e+01  -2.6000000e+01  -1.5600000e+02   3.2295262e+01  -3.3105427e+00  -3.3000000e+01   9.7032341e+00
   1.3000000e+01  -2.6000000e+01  -1.5600000e+02   3.0300813e+01  -3.2724763e+00  -3.3000000e+01   6.8570010e+00
   1.3000000e+01  -2.6000000e+01  -1.5600000e+02   2.8293195e+01  -4.0191670e+00  -3.3000000e+01   4.4752683e+00
   1.3000000e+01  -2.6000000e+01  -1.5600000e+02   2.8033649e+01  -5.7773234e+00  -3.3000000e+01   4.1416931e+00
   1.3000000e+01  -2.6000000e+01  -1.5600000e+02   2.8457244e+01  -9.1185245e+00  -3.3000000e+01   5.4630690e+00
   1.3000000e+01  -2.6000000e+01  -1.5600000e+02   2.8170744e+01  -1.3017119e+01  -3.3000000e+01   8.5082424e+00
   1.3000000e+01  -2.6000000e+01  -1.5600000e+02   2.6592097e+01  -1.8170603e+01  -3.3000000e+01   1.1686998e+01
   1.3000000e+01  -2.6000000e+01  -1.5600000e+02   2.4100767e+01  -2.3373518e+01  -3.3000000e+01   1.4794924e+01
   1.3000000e+01  -2.6000000e+01  -1.5600000e+02   2.1464630e+01  -2.9302848e+01  -3.3000000e+01   1.7141963e+01
   1.3000000e+01  -2.6000000e+01  -1.5600000e+02   1.9557189e+01  -3.3888565e+01  -3.3000000e+01   1.8549170e+01
   1.3000000e+01  -2.6000000e+01  -1.5600000e+02   1.8507737e+01  -3.7337816e+01  -3.3000000e+01   1.8797532e+01
   1.3000000e+01  -2.6000000e+01  -1.5600000e+02   1.9009833e+01  -4.0658976e+01  -3.3000000e+01   1.8545164e+01
   1.3000000e+01  -2.6000000e+01  -1.5600000e+02   2.2308698e+01  -4.4517234e+01  -3.3000000e+01   1.8849333e+01
   1.3000000e+01  -2.6000000e+01  -1.5600000e+02   2.6177498e+01  -4.7351269e+01  -3.3000000e+01   2.0267856e+01
   1.3000000e+01  -2.6000000e+01  -1.5600000e+02   2.8846146e+01  -4.9316695e+01  -3.3000000e+01   2.2216714e+01
   1.3000000e+01  -2.6000000e+01  -1.5600000e+02   2.9042921e+01  -5.0398133e+01  -3.3000000e+01   2.4458388e+01
   1.3000000e+01  -2.6000000e+01  -1.5600000e+02   2.7826986e+01  -5.0683177e+01  -3.3000000e+01   2.6395784e+01
   1.3000000e+01  -2.6000000e+01  -1.5600000e+02   2.6193050e+01  -5.0314841e+01  -3.3000000e+01   2.7844459e+01
   1.3000000e+01  -2.6000000e+01  -1.5600000e+02   2.5177206e+01  -4.9840439e+01  -3.3000000e+01   2.9315279e+01
   1.3000000e+01  -2.6000000e+01  -1.5600000e+02   2.4408979e+01  -4.8652610e+01  -3.3000000e+01   3.0054140e+01
   1.3000000e+01  -2.6000000e+01  -1.5600000e+02   2.3784654e+01  -4.7400095e+01  -3.3000000e+01   3.0840091e+01
   1.3000000e+01  -2.6000000e+01  -1.5600000e+02   2.3325068e+01  -4.6073323e+01  -3.3000000e+01   3.1651131e+01
   1.3000000e+01  -2.6000000e+01  -1.5600000e+02   2.2393915e+01  -4.4264480e+01  -3.3000000e+01   3.2490438e+01
   1.3000000e+01  -2.6000000e+01  -1.5600000e+02   2.1945560e+01  -4.2463469e+01  -3.3000000e+01   3.3369791e+01
   1.3000000e+01  -2.6000000e+01  -1.5600000e+02   2.1835513e+01  -4.0627626e+01  -3.3000000e+01   3.4228212e+01
   1.3000000e+01  -2.6000000e+01  -1.5600000e+02   2.2483204e+01  -3.8534832e+01  -3.3000000e+01   3.4532663e+01
   1.3000000e+01  -2.6000000e+01  -1.5600000e+02   2.2128301e+01  -3.6471586e+01  -3.3000000e+01   3.5175940e+01
   1.3000000e+01  -2.6000000e+01  -1.5600000e+02   2.2354605e+01  -3.4823797e+01  -3.3000000e+01   3.5226996e+01
   1.3000000e+01  -2.6000000e+01  -1.5600000e+02   2.2397081e+01  -3.3632175e+01  -3.3000000e+01   3.5476531e+01
   1.3000000e+01  -2.6000000e+01  -1.5600000e+02   2.2647488e+01  -3.2255488e+01  -3.3000000e+01   3.4301894e+01
   1.3000000e+01  -2.6000000e+01  -1.5600000e+02   2.2710620e+01  -3.0739674e+01  -3.3000000e+01   3.3645545e+01
   1.3000000e+01  -2.6000000e+01  -1.5600000e+02   2.3180918e+01  -2.9262958e+01  -3.3000000e+01   3.2401329e+01
   1.3000000e+01  -2.6000000e+01  -1.5600000e+02   2.3993931e+01  -2.8038305e+01  -3.3000000e+01   3.1907129e+01
   1.3000000e+01  -2.6000000e+01  -1.5600000e+02   2.4806944e+01  -2.6813651e+01  -3.3000000e+01   3.1412929e+01
   1.3000000e+01  -2.6000000e+01  -1.5600000e+02   2.4813312e+01  -2.5498341e+01  -3.3000000e+01   3.1186206e+01
   1.3000000e+01  -2.6000000e+01  -1.5600000e+02   2.5785384e+01  -2.4210674e+01  -3.3000000e+01   3.0302341e+01
   1.3000000e+01  -2.6000000e+01  -1.5600000e+02   2.6404228e+01  -2.2819853e+01  -3.3000000e+01   2.8710688e+01
   1.3000000e+01  -2.6000000e+01  -1.5600000e+02   2.7388461e+01  -2.1326450e+01  -3.3000000e+01   2.7553808e+01
   1.3000000e+01  -2.6000000e+01  -1.5600000e+02   2.8598119e+01  -1.9756851e+01  -3.3000000e+01   2.5945332e+01
   1.3000000e+01  -2.6000000e+01  -1.5600000e+02   3.0367011e+01  -1.8186738e+01  -3.3000000e+01   2.4363130e+01
   1.3000000e+01  -2.6000000e+01  -1.5600000e+02   3.1479401e+01  -1.6755082e+01  -3.3000000e+01   2.2140790e+01
   1.3000000e+01  -2.6000000e+01  -1.5600000e+02   3.1817866e+01  -1.4831250e+01  -3.3000000e+01   1.9892901e+01
   1.3000000e+01  -2.6000000e+01  -1.5600000e+02   3.1927519e+01  -1.3072853e+01  -3.3000000e+01   1.7947516e+01
   1.3000000e+01  -2.6000000e+01  -1.5600000e+02   3.2870124e+01  -1.1658333e+01  -3.3000000e+01   1.6189198e+01
   1.3000000e+01  -2.6000000e+01  -1.5600000e+02   3.3317416e+01  -1.0121515e+01  -3.3000000e+01   1.5366370e+01
   1.3000000e+01  -2.6000000e+01  -1.5600000e+02   3.3580634e+01  -9.1093284e+00  -3.3000000e+01   1.4073803e+01
   1.3000000e+01  -2.6000000e+01  -1.5600000e+02   3.4520468e+01  -8.0753539e+00  -3.3000000e+01   1.2799689e+01
   1.3000000e+01  -2.6000000e+01  -1.5600000e+02   3.4158900e+01  -6.9305443e+00  -3.3000000e+01   1.2186951e+01
   1.3000000e+01  -2.6000000e+01  -1.5600000e+02   3.3533688e+01  -5.4557339e+00  -3.3000000e+01   1.1286379e+01
   1.3000000e+01  -2.6000000e+01  -1.5600000e+02   3.1248644e+01  -4.8589955e+00  -3.3000000e+01   9.6606364e+00
   1.3000000e+01  -2.6000000e+01  -1.5600000e+02   2.8309365e+01  -4.7855110e+00  -3.3000000e+01   7.1660845e+00
   1.3000000e+01  -2.6000000e+01  -1.5600000e+02   2.5984440e+01  -5.6967842e+00  -3.3000000e+01   5.1259614e+00
   1.3000000e+01  -2.6000000e+01  -1.5600000e+02   2.4111325e+01  -7.9785446e+00  -3.3000000e+01   4.2398364e+00
   1.3000000e+01  -2.6000000e+01  -1.5600000e+02   2.4036915e+01  -1.1000345e+01  -3.3000000e+01   5.5711386e+00
   1.3000000e+01  -2.6000000e+01  -1.5600000e+02   2.4456890e+01  -1.4333752e+01  -3.3000000e+01   8.1260715e+00
   1.3000000e+01  -2.6000000e+01  -1.5600000e+02   2.4750366e+01  -1.8346931e+01  -3.3000000e+01   9.9080885e+00
   1.3000000e+01  -2.6000000e+01  -1.5600000e+02   2.3726967e+01  -2.3392732e+01  -3.3000000e+01   1.2331325e+01
   1.3000000e+01  -2.6000000e+01  -1.5600000e+02   2.1153396e+01  -2.8898183e+01  -3.3000000e+01   1.4245337e+01
   1.3000000e+01  -2.6000000e+01  -1.5600000e+02   2.0644922e+01  -3.3148077e+01  -3.3000000e+01   1.5213603e+01
   1.3000000e+01  -2.6000000e+01  -1.5600000e+02   2.0050983e+01  -3.7347126e+01  -3.3000000e+01   1.6213992e+01
   1.3000000e+01  -2.6000000e+01  -1.5600000e+02   2.0274871e+01  -4.0747951e+01  -3.3000000e+01   1.8449348e+01
   1.3000000e+01  -2.6000000e+01  -1.5600000e+02   2.1354467e+01  -4.3327041e+01  -3.3000000e+01   2.1546513e+01
   1.3000000e+01  -2.6000000e+01  -1.5600000e+02   2.2694164e+01  -4.5201824e+01  -3.3000000e+01   2.5237071e+01
   1.3000000e+01  -2.6000000e+01  -1.5600000e+02   2.3610077e+01  -4.6431840e+01  -3.3000000e+01   2.8940806e+01
   1.3000000e+01  -2.6000000e+01  -1.5600000e+02   2.3269929e+01  -4.7115445e+01  -3.3000000e+01   3.1750353e+01
   1.3000000e+01  -2.6000000e+01  -1.5600000e+02   2.2768790e+01  -4.7125320e+01  -3.3000000e+01   3.3697863e+01
