   2.2008647e+01   2.7455425e+01  -1.5910092e+02   1.7874406e+01  -2.5804610e+01  -3.1210398e+01   3.9444065e+01
   1.9224294e+01   1.3455447e+01  -1.5600000e+02   7.3801389e+00  -2.5224033e+01  -3.3000000e+01   3.8139049e+01
   1.6148225e+01  -5.4448379e-01  -1.5289911e+02  -3.0482979e+00  -2.4666715e+01  -3.4789586e+01   3.6512315e+01
   1.3072157e+01  -1.4544415e+01  -1.4979821e+02  -1.3476735e+01  -2.4109396e+01  -3.6579172e+01   3.4885581e+01
   9.9838851e+00  -2.6000000e+01  -1.5600000e+02  -2.3882065e+01  -2.3533424e+01  -3.3000000e+01   3.3241252e+01
   7.9618311e+00  -2.6000000e+01  -1.5600000e+02  -2.6699318e+01  -1.5894651e+01  -3.3000000e+01   3.0629185e+01
   7.1527763e+00  -2.6000000e+01  -1.5600000e+02  -2.7113321e+01  -1.0853510e+01  -3.3000000e+01   2.9202101e+01
   6.4240392e+00  -2.6000000e+01  -1.5600000e+02  -2.5942379e+01  -8.1333599e+00  -3.3000000e+01   2.7527623e+01
   6.3485136e+00  -2.6000000e+01  -1.5600000e+02  -2.4735397e+01  -6.1641648e+00  -3.3000000e+01   2.5005974e+01
   6.2580990e+00  -2.6000000e+01  -1.5600000e+02  -2.3989448e+01  -4.5809000e+00  -3.3000000e+01   2.3040675e+01
   6.1449142e+00  -2.6000000e+01  -1.5600000e+02  -2.3137050e+01  -3.0473709e+00  -3.3000000e+01   2.1220685e+01
   6.0246603e+00  -2.6000000e+01  -1.5600000e+02  -2.1053136e+01  -1.4264827e+00  -3.3000000e+01   2.0026313e+01
   5.2521977e+00  -2.6000000e+01  -1.5600000e+02  -1.9950892e+01  -2.0617824e-01  -3.3000000e+01   1.7627644e+01
   4.7972352e+00  -2.6000000e+01  -1.5600000e+02  -1.8760070e+01   1.5314727e+00  -3.3000000e+01   1.5983544e+01
   4.6905051e+00  -2.6000000e+01  -1.5600000e+02  -1.7422557e+01   3.2132168e+00  -3.3000000e+01   1.3574770e+01
   5.4039377e+00  -2.6000000e+01  -1.5600000e+02  -1.5894293e+01   4.6089573e+00  -3.3000000e+01   1.1231830e+01
   5.4059040e+00  -2.6000000e+01  -1.5600000e+02  -1.5153852e+01   6.1099530e+00  -3.3000000e+01   8.7863987e+00
   5.1864903e+00  -2.6000000e+01  -1.5600000e+02  -1.4834675e+01   7.7780282e+00  -3.3000000e+01   6.5789017e+00
   4.8700934e+00  -2.6000000e+01  -1.5600000e+02  -1.4765753e+01   8.9216943e+00  -3.3000000e+01   5.5712487e+00
   5.9208546e+00  -2.6000000e+01  -1.5600000e+02  -1.5997344e+01   9.9596790e+00  -3.3000000e+01   5.3861221e+00
   5.7874345e+00  -2.6000000e+01  -1.5600000e+02  -1.8680496e+01   1.0904456e+01  -3.3000000e+01   2.8666629e+00
   5.0595200e+00  -2.6000000e+01  -1.5600000e+02  -2.0912534e+01   9.6798429e+00  -3.3000000e+01   8.5590612e-01
   4.9848183e+00  -2.6000000e+01  -1.5600000e+02  -2.1437625e+01   6.4300002e+00  -3.3000000e+01   5.9248052e-01
   3.7993875e+00  -2.6000000e+01  -1.5600000e+02  -2.1925016e+01   1.5145575e+00  -3.3000000e+01   2.0625024e+00
   3.9224558e+00  -2.6000000e+01  -1.5600000e+02  -2.2303092e+01  -3.7269726e+00  -3.3000000e+01   3.0009204e+00
   4.4154347e+00  -2.6000000e+01  -1.5600000e+02  -2.2673478e+01  -9.2695552e+00  -3.3000000e+01   4.0766355e+00
   3.9183717e+00  -2.6000000e+01  -1.5600000e+02  -2.3876062e+01  -1.4807614e+01  -3.3000000e+01   4.4074947e+00
   2.3566168e+00  -2.6000000e+01  -1.5600000e+02  -2.5786272e+01  -2.0275343e+01  -3.3000000e+01   5.3684642e+00
   7.8627627e-01  -2.6000000e+01  -1.5600000e+02  -2.6611546e+01  -2.6440256e+01  -3.3000000e+01   6.0668524e+00
  -4.7864178e-01  -2.6000000e+01  -1.5600000e+02  -2.6323195e+01  -3.1991604e+01  -3.3000000e+01   9.8261107e+00
  -9.6437141e-01  -2.6000000e+01  -1.5600000e+02  -2.5110642e+01  -3.6942390e+01  -3.3000000e+01   1.5208088e+01
  -2.6773021e-01  -2.6000000e+01  -1.5600000e+02  -2.1670748e+01  -3.9654636e+01  -3.3000000e+01   2.1549632e+01
  -5.4634629e-01  -2.6000000e+01  -1.5600000e+02  -2.1557564e+01  -3.9185855e+01  -3.3000000e+01   2.5227097e+01
  -1.4909557e+00  -2.6000000e+01  -1.5600000e+02  -2.2700482e+01  -3.7670104e+01  -3.3000000e+01   2.6799252e+01
  -2.3618228e+00  -2.6000000e+01  -1.5600000e+02  -2.3917429e+01  -3.5568909e+01  -3.3000000e+01   2.8055312e+01
  -3.5371112e+00  -2.6000000e+01  -1.5600000e+02  -2.5515630e+01  -3.3184083e+01  -3.3000000e+01   2.8347414e+01
  -4.1235174e+00  -2.6000000e+01  -1.5600000e+02  -2.6501856e+01  -3.1043867e+01  -3.3000000e+01   2.9590510e+01
  -4.6323645e+00  -2.6000000e+01  -1.5600000e+02  -2.7296397e+01  -2.8879131e+01  -3.3000000e+01   3.0827812e+01
  -5.0334614e+00  -2.6000000e+01  -1.5600000e+02  -2.7612348e+01  -2.6769782e+01  -3.3000000e+01   3.1398147e+01
  -5.1609549e+00  -2.6000000e+01  -1.5600000e+02  -2.7790786e+01  -2.5295868e+01  -3.3000000e+01   3.2112655e+01
  -4.8512345e+00  -2.6000000e+01  -1.5600000e+02  -2.8043247e+01  -2.3449440e+01  -3.3000000e+01   3.2916095e+01
  -4.5335855e+00  -2.6000000e+01  -1.5600000e+02  -2.8181619e+01  -2.2216517e+01  -3.3000000e+01   3.3016594e+01
  -4.2090860e+00  -2.6000000e+01  -1.5600000e+02  -2.8543960e+01  -2.0958997e+01  -3.3000000e+01   3.2904043e+01
  -3.4375177e+00  -2.6000000e+01  -1.5600000e+02  -2.8601356e+01  -1.9482947e+01  -3.3000000e+01   3.2501001e+01
  -1.8902847e+00  -2.6000000e+01  -1.5600000e+02  -2.8517729e+01  -1.7602258e+01  -3.3000000e+01   3.2073715e+01
  -2.5477732e-01  -2.6000000e+01  -1.5600000e+02  -2.8423406e+01  -1.5752195e+01  -3.3000000e+01   3.1139803e+01
   1.3645544e+00  -2.6000000e+01  -1.5600000e+02  -2.7664643e+01  -1.3875617e+01  -3.3000000e+01   3.0514730e+01
   2.5951814e+00  -2.6000000e+01  -1.5600000e+02  -2.6962147e+01  -1.2178505e+01  -3.3000000e+01   3.0284357e+01
   3.7684766e+00  -2.6000000e+01  -1.5600000e+02  -2.6213811e+01  -1.0156509e+01  -3.3000000e+01   2.8589031e+01
   4.4492543e+00  -2.6000000e+01  -1.5600000e+02  -2.5249691e+01  -8.4225259e+00  -3.3000000e+01   2.6344856e+01
   5.2824883e+00  -2.6000000e+01  -1.5600000e+02  -2.4487837e+01  -6.4361825e+00  -3.3000000e+01   2.3510585e+01
   5.4458292e+00  -2.6000000e+01  -1.5600000e+02  -2.3332514e+01  -4.8953634e+00  -3.3000000e+01   2.1740401e+01
   5.5855390e+00  -2.6000000e+01  -1.5600000e+02  -2.1602651e+01  -2.9136205e+00  -3.3000000e+01   2.0464138e+01
   5.9210194e+00  -2.6000000e+01  -1.5600000e+02  -1.9940150e+01  -1.8327089e+00  -3.3000000e+01   1.7337502e+01
   6.3264531e+00  -2.6000000e+01  -1.5600000e+02  -1.8184938e+01  -5.5465681e-01  -3.3000000e+01   1.4317346e+01
   6.9126535e+00  -2.6000000e+01  -1.5600000e+02  -1.6499490e+01   9.6374036e-01  -3.3000000e+01   1.1795483e+01
   7.1342706e+00  -2.6000000e+01  -1.5600000e+02  -1.5365615e+01   1.9743711e+00  -3.3000000e+01   1.0262603e+01
   6.0207939e+00  -2.6000000e+01  -1.5600000e+02  -1.4603010e+01   3.8124175e+00  -3.3000000e+01   7.1679959e+00
   4.9493798e+00  -2.6000000e+01  -1.5600000e+02  -1.3666580e+01   5.6718762e+00  -3.3000000e+01   4.1541404e+00
   5.1148537e+00  -2.6000000e+01  -1.5600000e+02  -1.1820502e+01   7.0914160e+00  -3.3000000e+01   3.5983423e+00
   5.3589332e+00  -2.6000000e+01  -1.5600000e+02  -1.0867148e+01   8.5839844e+00  -3.3000000e+01   1.6856260e+00
   5.8856234e+00  -2.6000000e+01  -1.5600000e+02  -9.4907512e+00   1.1687107e+01  -3.3000000e+01  -1.6224818e-01
   6.3450656e+00  -2.6000000e+01  -1.5600000e+02  -9.3507875e+00   1.3339030e+01  -3.3000000e+01  -2.3049135e+00
   7.7413525e+00  -2.6000000e+01  -1.5600000e+02  -1.1103424e+01   1.4649582e+01  -3.3000000e+01  -4.7093414e+00
   7.7697802e+00  -2.6000000e+01  -1.5600000e+02  -1.2468114e+01   1.6114396e+01  -3.3000000e+01  -6.8809404e+00
   7.2344325e+00  -2.6000000e+01  -1.5600000e+02  -1.4473796e+01   1.6081964e+01  -3.3000000e+01  -9.0383443e+00
   5.9907598e+00  -2.6000000e+01  -1.5600000e+02  -1.5502591e+01   1.3336623e+01  -3.3000000e+01  -9.0008596e+00
   4.6869485e+00  -2.6000000e+01  -1.5600000e+02  -1.6532261e+01   9.5730551e+00  -3.3000000e+01  -7.1389987e+00
   3.8889042e+00  -2.6000000e+01  -1.5600000e+02  -1.8703539e+01   5.1690701e+00  -3.3000000e+01  -5.5755091e+00
   2.9760376e+00  -2.6000000e+01  -1.5600000e+02  -2.2573898e+01   9.7551301e-01  -3.3000000e+01  -4.4046852e+00
   3.0119125e+00  -2.6000000e+01  -1.5600000e+02  -2.6055207e+01  -4.0945292e+00  -3.3000000e+01  -5.8488494e+00
   3.0293925e+00  -2.6000000e+01  -1.5600000e+02  -2.8573322e+01  -8.7175989e+00  -3.3000000e+01  -6.2101123e+00
   2.5487634e+00  -2.6000000e+01  -1.5600000e+02  -3.0289128e+01  -1.3232978e+01  -3.3000000e+01  -5.2335235e+00
   1.8494587e+00  -2.6000000e+01  -1.5600000e+02  -2.9832143e+01  -1.8867481e+01  -3.3000000e+01  -9.8671935e-01
   1.1970354e+00  -2.6000000e+01  -1.5600000e+02  -2.7782775e+01  -2.5717708e+01  -3.3000000e+01   2.0854257e+00
   1.1493805e+00  -2.6000000e+01  -1.5600000e+02  -2.4011170e+01  -3.1992337e+01  -3.3000000e+01   5.9399410e+00
   2.2545525e+00  -2.6000000e+01  -1.5600000e+02  -1.8748473e+01  -3.6696755e+01  -3.3000000e+01   1.2276265e+01
   1.4816957e+00  -2.6000000e+01  -1.5600000e+02  -1.7782653e+01  -3.7077229e+01  -3.3000000e+01   1.5381599e+01
   3.9781041e-01  -2.6000000e+01  -1.5600000e+02  -1.8498609e+01  -3.4828055e+01  -3.3000000e+01   1.6790667e+01
  -7.3830364e-01  -2.6000000e+01  -1.5600000e+02  -1.9988953e+01  -3.2485454e+01  -3.3000000e+01   1.7376644e+01
  -1.3771606e+00  -2.6000000e+01  -1.5600000e+02  -2.1187926e+01  -2.9817308e+01  -3.3000000e+01   1.7286270e+01
  -1.4981576e+00  -2.6000000e+01  -1.5600000e+02  -2.1821304e+01  -2.7701551e+01  -3.3000000e+01   1.8404045e+01
  -1.3997943e+00  -2.6000000e+01  -1.5600000e+02  -2.2577840e+01  -2.5325617e+01  -3.3000000e+01   1.8730444e+01
  -1.2320035e+00  -2.6000000e+01  -1.5600000e+02  -2.2674506e+01  -2.3906662e+01  -3.3000000e+01   1.8889513e+01
  -1.0591174e+00  -2.6000000e+01  -1.5600000e+02  -2.2562433e+01  -2.2490148e+01  -3.3000000e+01   1.8662662e+01
  -8.3657825e-01  -2.6000000e+01  -1.5600000e+02  -2.2519562e+01  -2.1101374e+01  -3.3000000e+01   1.8240347e+01
  -1.3765880e-02  -2.6000000e+01  -1.5600000e+02  -2.2593861e+01  -2.0059443e+01  -3.3000000e+01   1.7807507e+01
   9.1074441e-01  -2.6000000e+01  -1.5600000e+02  -2.2777577e+01  -1.9244419e+01  -3.3000000e+01   1.8008720e+01
   1.7609668e+00  -2.6000000e+01  -1.5600000e+02  -2.3254104e+01  -1.8564694e+01  -3.3000000e+01   1.8063269e+01
   2.7744877e+00  -2.6000000e+01  -1.5600000e+02  -2.3348760e+01  -1.8264041e+01  -3.3000000e+01   1.8582632e+01
   3.7457677e+00  -2.6000000e+01  -1.5600000e+02  -2.3551134e+01  -1.8053008e+01  -3.3000000e+01   1.9042044e+01
   3.7388754e+00  -2.6000000e+01  -1.5600000e+02  -2.4112681e+01  -1.7907496e+01  -3.3000000e+01   1.8229178e+01
   4.4211620e+00  -2.6000000e+01  -1.5600000e+02  -2.3896752e+01  -1.7753285e+01  -3.3000000e+01   1.8019442e+01
   5.1430153e+00  -2.6000000e+01  -1.5600000e+02  -2.3522218e+01  -1.7495706e+01  -3.3000000e+01   1.7777026e+01
   5.4763328e+00  -2.6000000e+01  -1.5600000e+02  -2.2849171e+01  -1.6825525e+01  -3.3000000e+01   1.7373734e+01
   4.7333979e+00  -2.6000000e+01  -1.5600000e+02  -2.1833751e+01  -1.6633331e+01  -3.3000000e+01   1.6141527e+01
   4.7525969e+00  -2.6000000e+01  -1.5600000e+02  -2.0652411e+01  -1.6150598e+01  -3.3000000e+01   1.5668953e+01
   4.6983022e+00  -2.6000000e+01  -1.5600000e+02  -1.9575932e+01  -1.5742465e+01  -3.3000000e+01   1.3764712e+01
   4.9578492e+00  -2.6000000e+01  -1.5600000e+02  -1.8484213e+01  -1.4985005e+01  -3.3000000e+01   1.1787707e+01
   5.1497749e+00  -2.6000000e+01  -1.5600000e+02  -1.7744525e+01  -1.4208672e+01  -3.3000000e+01   9.6868347e+00
   5.1110376e+00  -2.6000000e+01  -1.5600000e+02  -1.6958604e+01  -1.3015581e+01  -3.3000000e+01   7.7228800e+00
   4.9128680e+00  -2.6000000e+01  -1.5600000e+02  -1.6314585e+01  -1.1118499e+01  -3.3000000e+01   5.7375959e+00
   4.9446193e+00  -2.6000000e+01  -1.5600000e+02  -1.5499568e+01  -8.9254751e+00  -3.3000000e+01   3.9679683e+00
   4.6848608e+00  -2.6000000e+01  -1.5600000e+02  -1.4688013e+01  -7.5467793e+00  -3.3000000e+01   6.9537641e-01
   4.0252637e+00  -2.6000000e+01  -1.5600000e+02  -1.3406117e+01  -6.6888494e+00  -3.3000000e+01  -1.4685957e+00
   3.3348829e+00  -2.6000000e+01  -1.5600000e+02  -1.2329983e+01  -5.5928288e-01  -3.3000000e+01  -3.7312836e+00
   3.2515572e+00  -2.6000000e+01  -1.5600000e+02  -1.0854345e+01   3.7130444e+00  -3.3000000e+01  -5.8570506e+00
   3.6585922e+00  -2.6000000e+01  -1.5600000e+02  -9.0957416e+00   6.7292201e+00  -3.3000000e+01  -6.7321127e+00
   3.9384144e+00  -2.6000000e+01  -1.5600000e+02  -7.5433633e+00   8.8397634e+00  -3.3000000e+01  -8.1260191e+00
   3.8723049e+00  -2.6000000e+01  -1.5600000e+02  -7.7104470e+00   1.0775231e+01  -3.3000000e+01  -9.2287878e+00
   3.6920836e+00  -2.6000000e+01  -1.5600000e+02  -1.0274425e+01   1.1838112e+01  -3.3000000e+01  -1.0438931e+01
   3.3512673e+00  -2.6000000e+01  -1.5600000e+02  -1.3376552e+01   1.2297686e+01  -3.3000000e+01  -1.2794128e+01
   3.0172730e+00  -2.6000000e+01  -1.5600000e+02  -1.6409835e+01   1.1607107e+01  -3.3000000e+01  -1.4262938e+01
   2.9981622e+00  -2.6000000e+01  -1.5600000e+02  -1.9331545e+01   8.5765715e+00  -3.3000000e+01  -1.2997016e+01
   3.4076591e+00  -2.6000000e+01  -1.5600000e+02  -2.1903857e+01   4.5270693e+00  -3.3000000e+01  -1.1497809e+01
   3.0928979e+00  -2.6000000e+01  -1.5600000e+02  -2.4181810e+01   2.3915094e-01  -3.3000000e+01  -9.8182098e+00
   3.2460107e+00  -2.6000000e+01  -1.5600000e+02  -2.5756006e+01  -5.1972439e+00  -3.3000000e+01  -5.3463660e+00
   2.9853509e+00  -2.6000000e+01  -1.5600000e+02  -2.7028009e+01  -1.0607995e+01  -3.3000000e+01   5.5344261e-01
   1.6912037e+00  -2.6000000e+01  -1.5600000e+02  -2.7171892e+01  -1.5987589e+01  -3.3000000e+01   6.4410830e+00
   4.9841802e-02  -2.6000000e+01  -1.5600000e+02  -2.6295149e+01  -2.1589049e+01  -3.3000000e+01   1.0939331e+01
  -1.2182036e+00  -2.6000000e+01  -1.5600000e+02  -2.4680916e+01  -2.6989509e+01  -3.3000000e+01   1.4791331e+01
  -2.0324153e+00  -2.6000000e+01  -1.5600000e+02  -2.2040390e+01  -3.1648682e+01  -3.3000000e+01   1.8323735e+01
  -2.8294202e+00  -2.6000000e+01  -1.5600000e+02  -2.1203389e+01  -3.3544065e+01  -3.3000000e+01   1.9377387e+01
  -2.8514391e+00  -2.6000000e+01  -1.5600000e+02  -2.2053001e+01  -3.2388109e+01  -3.3000000e+01   1.9976555e+01
  -2.8756978e+00  -2.6000000e+01  -1.5600000e+02  -2.3327193e+01  -3.1104697e+01  -3.3000000e+01   2.1149526e+01
  -2.5925102e+00  -2.6000000e+01  -1.5600000e+02  -2.4251071e+01  -2.9426010e+01  -3.3000000e+01   2.3414494e+01
  -2.6323604e+00  -2.6000000e+01  -1.5600000e+02  -2.5349331e+01  -2.7275561e+01  -3.3000000e+01   2.4416386e+01
  -2.7241452e+00  -2.6000000e+01  -1.5600000e+02  -2.5844416e+01  -2.5490631e+01  -3.3000000e+01   2.5717034e+01
  -3.1192243e+00  -2.6000000e+01  -1.5600000e+02  -2.6355675e+01  -2.3789167e+01  -3.3000000e+01   2.6207732e+01
  -3.2054525e+00  -2.6000000e+01  -1.5600000e+02  -2.6534192e+01  -2.2499518e+01  -3.3000000e+01   2.6684964e+01
  -2.9551964e+00  -2.6000000e+01  -1.5600000e+02  -2.6512106e+01  -2.1220548e+01  -3.3000000e+01   2.6806077e+01
  -2.8031923e+00  -2.6000000e+01  -1.5600000e+02  -2.6670888e+01  -1.9554396e+01  -3.3000000e+01   2.6249457e+01
  -2.3053079e+00  -2.6000000e+01  -1.5600000e+02  -2.6305626e+01  -1.7395964e+01  -3.3000000e+01   2.5201433e+01
  -1.6798695e+00  -2.6000000e+01  -1.5600000e+02  -2.6088199e+01  -1.5752729e+01  -3.3000000e+01   2.4094403e+01
  -2.7858790e-01  -2.6000000e+01  -1.5600000e+02  -2.5434565e+01  -1.4133710e+01  -3.3000000e+01   2.2149472e+01
   2.1293204e+00  -2.6000000e+01  -1.5600000e+02  -2.4346987e+01  -1.2415489e+01  -3.3000000e+01   2.1021074e+01
   3.5946625e+00  -2.6000000e+01  -1.5600000e+02  -2.4168969e+01  -1.0569159e+01  -3.3000000e+01   1.8573500e+01
   4.9995826e+00  -2.6000000e+01  -1.5600000e+02  -2.2883286e+01  -8.8190580e+00  -3.3000000e+01   1.7117983e+01
   4.9025142e+00  -2.6000000e+01  -1.5600000e+02  -2.2279042e+01  -7.1470501e+00  -3.3000000e+01   1.5035527e+01
   4.0645531e+00  -2.6000000e+01  -1.5600000e+02  -2.1372763e+01  -5.6789240e+00  -3.3000000e+01   1.4310104e+01
   3.7117251e+00  -2.6000000e+01  -1.5600000e+02  -2.0339883e+01  -3.6041865e+00  -3.3000000e+01   1.2962378e+01
   3.3101063e+00  -2.6000000e+01  -1.5600000e+02  -1.9244296e+01  -1.7841353e+00  -3.3000000e+01   1.1504488e+01
   2.9073252e+00  -2.6000000e+01  -1.5600000e+02  -1.8037697e+01  -3.4621289e-01  -3.3000000e+01   9.0340383e+00
   2.8584288e+00  -2.6000000e+01  -1.5600000e+02  -1.6438367e+01   1.1886325e+00  -3.3000000e+01   6.0303506e+00
   2.9058313e+00  -2.6000000e+01  -1.5600000e+02  -1.4773384e+01   3.1728596e+00  -3.3000000e+01   3.9728228e+00
   3.0181484e+00  -2.6000000e+01  -1.5600000e+02  -1.3583125e+01   4.9072322e+00  -3.3000000e+01   1.1149432e+00
   4.4703728e+00  -2.6000000e+01  -1.5600000e+02  -1.1753186e+01   7.1257606e+00  -3.3000000e+01  -7.4579830e-01
   5.4270904e+00  -2.6000000e+01  -1.5600000e+02  -1.0261870e+01   9.1079619e+00  -3.3000000e+01  -3.8194979e+00
   5.8539835e+00  -2.6000000e+01  -1.5600000e+02  -7.9328834e+00   1.0896352e+01  -3.3000000e+01  -4.6948463e+00
   6.8489536e+00  -2.6000000e+01  -1.5600000e+02  -5.7137379e+00   1.2939763e+01  -3.3000000e+01  -7.0066332e+00
   8.3411830e+00  -2.6000000e+01  -1.5600000e+02  -3.6460067e+00   1.7515045e+01  -3.3000000e+01  -1.0021408e+01
   9.5973749e+00  -2.6000000e+01  -1.5600000e+02  -8.7040130e-01   2.1014861e+01  -3.3000000e+01  -1.3477730e+01
   9.7014661e+00  -2.6000000e+01  -1.5600000e+02   1.1171176e+00   2.4340990e+01  -3.3000000e+01  -1.7610738e+01
   9.7643317e+00  -2.6000000e+01  -1.5600000e+02   3.8744276e+00   2.7659904e+01  -3.3000000e+01  -1.9456747e+01
   1.1868983e+01  -2.6000000e+01  -1.5600000e+02   4.4289217e+00   2.7345799e+01  -3.3000000e+01  -1.8862933e+01
   1.1753502e+01  -2.6000000e+01  -1.5600000e+02   1.6191410e-01   2.4541631e+01  -3.3000000e+01  -1.8778528e+01
   1.0256032e+01  -2.6000000e+01  -1.5600000e+02  -4.3776667e+00   2.2434304e+01  -3.3000000e+01  -1.9635139e+01
   8.6385810e+00  -2.6000000e+01  -1.5600000e+02  -8.2706309e+00   2.0190841e+01  -3.3000000e+01  -2.0218058e+01
   7.4303292e+00  -2.6000000e+01  -1.5600000e+02  -1.2269820e+01   1.5445121e+01  -3.3000000e+01  -2.0215481e+01
   6.1763406e+00  -2.6000000e+01  -1.5600000e+02  -1.4884517e+01   9.3377802e+00  -3.3000000e+01  -1.6548268e+01
   4.9119706e+00  -2.6000000e+01  -1.5600000e+02  -1.7628290e+01   1.7249709e+00  -3.3000000e+01  -9.7570298e+00
   3.8165491e+00  -2.6000000e+01  -1.5600000e+02  -1.8945755e+01  -5.0159870e+00  -3.3000000e+01  -3.4481063e+00
   3.4052898e+00  -2.6000000e+01  -1.5600000e+02  -2.1020968e+01  -1.1371254e+01  -3.3000000e+01   1.4466402e+00
   2.1514681e+00  -2.6000000e+01  -1.5600000e+02  -2.3224857e+01  -1.6988175e+01  -3.3000000e+01   6.2505434e+00
   5.2350094e-01  -2.6000000e+01  -1.5600000e+02  -2.4776121e+01  -2.2775559e+01  -3.3000000e+01   9.2045299e+00
  -1.3150662e+00  -2.6000000e+01  -1.5600000e+02  -2.5254778e+01  -2.8318463e+01  -3.3000000e+01   1.1867138e+01
  -1.9997402e+00  -2.6000000e+01  -1.5600000e+02  -2.4555742e+01  -3.3544685e+01  -3.3000000e+01   1.4281491e+01
  -2.2233160e+00  -2.6000000e+01  -1.5600000e+02  -2.3066711e+01  -3.7847498e+01  -3.3000000e+01   1.9147694e+01
  -2.3687122e+00  -2.6000000e+01  -1.5600000e+02  -2.1756594e+01  -4.0198109e+01  -3.3000000e+01   2.2740518e+01
  -2.8235768e+00  -2.6000000e+01  -1.5600000e+02  -2.2240682e+01  -3.9556762e+01  -3.3000000e+01   2.5025797e+01
  -3.4647953e+00  -2.6000000e+01  -1.5600000e+02  -2.3589963e+01  -3.7760640e+01  -3.3000000e+01   2.7453992e+01
  -4.0776304e+00  -2.6000000e+01  -1.5600000e+02  -2.4912173e+01  -3.5717755e+01  -3.3000000e+01   2.8624719e+01
  -4.4659785e+00  -2.6000000e+01  -1.5600000e+02  -2.5748132e+01  -3.3537676e+01  -3.3000000e+01   3.0043605e+01
  -5.1066061e+00  -2.6000000e+01  -1.5600000e+02  -2.7049589e+01  -3.1423086e+01  -3.3000000e+01   3.1716214e+01
  -5.8147388e+00  -2.6000000e+01  -1.5600000e+02  -2.8007585e+01  -2.9504889e+01  -3.3000000e+01   3.2291490e+01
  -6.4322260e+00  -2.6000000e+01  -1.5600000e+02  -2.8625538e+01  -2.7660404e+01  -3.3000000e+01   3.3164245e+01
  -6.5448886e+00  -2.6000000e+01  -1.5600000e+02  -2.8981698e+01  -2.6292471e+01  -3.3000000e+01   3.4148171e+01
  -6.4598607e+00  -2.6000000e+01  -1.5600000e+02  -2.9283473e+01  -2.4677822e+01  -3.3000000e+01   3.4234186e+01
  -6.1267119e+00  -2.6000000e+01  -1.5600000e+02  -2.9166773e+01  -2.3196003e+01  -3.3000000e+01   3.3829768e+01
  -5.8154136e+00  -2.6000000e+01  -1.5600000e+02  -2.9210509e+01  -2.1825834e+01  -3.3000000e+01   3.2336143e+01
  -4.9111973e+00  -2.6000000e+01  -1.5600000e+02  -2.8578917e+01  -2.0288020e+01  -3.3000000e+01   3.0890026e+01
  -3.7986082e+00  -2.6000000e+01  -1.5600000e+02  -2.8164540e+01  -1.9235999e+01  -3.3000000e+01   3.0188224e+01
  -2.2441101e+00  -2.6000000e+01  -1.5600000e+02  -2.7754708e+01  -1.7940023e+01  -3.3000000e+01   2.8851279e+01
  -8.3153371e-01  -2.6000000e+01  -1.5600000e+02  -2.7477086e+01  -1.6737687e+01  -3.3000000e+01   2.7359758e+01
   6.5158069e-01  -2.6000000e+01  -1.5600000e+02  -2.6709374e+01  -1.5423111e+01  -3.3000000e+01   2.5912603e+01
   1.1717960e+00  -2.6000000e+01  -1.5600000e+02  -2.6227343e+01  -1.4507187e+01  -3.3000000e+01   2.3994525e+01
   2.0334047e+00  -2.6000000e+01  -1.5600000e+02  -2.5424384e+01  -1.3311515e+01  -3.3000000e+01   2.3215272e+01
   3.0264396e+00  -2.6000000e+01  -1.5600000e+02  -2.4522049e+01  -1.2008042e+01  -3.3000000e+01   2.1089988e+01
   3.8515408e+00  -2.6000000e+01  -1.5600000e+02  -2.3644917e+01  -1.0345733e+01  -3.3000000e+01   1.9204362e+01
   3.8972357e+00  -2.6000000e+01  -1.5600000e+02  -2.3082743e+01  -8.9187068e+00  -3.3000000e+01   1.7871830e+01
   4.0244694e+00  -2.6000000e+01  -1.5600000e+02  -2.2381634e+01  -7.5119392e+00  -3.3000000e+01   1.6773832e+01
   3.9009178e+00  -2.6000000e+01  -1.5600000e+02  -2.1423047e+01  -6.4310681e+00  -3.3000000e+01   1.6184819e+01
   3.7418397e+00  -2.6000000e+01  -1.5600000e+02  -2.0425624e+01  -5.2646657e+00  -3.3000000e+01   1.3780991e+01
   5.1590778e+00  -2.6000000e+01  -1.5600000e+02  -1.8731663e+01  -3.9880135e+00  -3.3000000e+01   1.2645556e+01
   6.7261276e+00  -2.6000000e+01  -1.5600000e+02  -1.7055229e+01  -2.4455599e+00  -3.3000000e+01   1.0694700e+01
   7.0391827e+00  -2.6000000e+01  -1.5600000e+02  -1.6243479e+01  -1.1837579e+00  -3.3000000e+01   9.0496260e+00
   7.3724655e+00  -2.6000000e+01  -1.5600000e+02  -1.5374346e+01   1.1528715e-01  -3.3000000e+01   8.1875729e+00
   7.1178150e+00  -2.6000000e+01  -1.5600000e+02  -1.4822178e+01   1.6648278e+00  -3.3000000e+01   5.3969681e+00
   6.2785294e+00  -2.6000000e+01  -1.5600000e+02  -1.3912612e+01   3.3360571e+00  -3.3000000e+01   3.7009820e+00
   7.0488564e+00  -2.6000000e+01  -1.5600000e+02  -1.2485720e+01   4.5529923e+00  -3.3000000e+01   2.1127976e+00
   6.1160715e+00  -2.6000000e+01  -1.5600000e+02  -1.1821965e+01   6.1784988e+00  -3.3000000e+01   1.3701757e+00
   5.1765470e+00  -2.6000000e+01  -1.5600000e+02  -1.1228570e+01   8.0577382e+00  -3.3000000e+01   5.1305716e-01
   4.1366683e+00  -2.6000000e+01  -1.5600000e+02  -1.0612180e+01   1.0992826e+01  -3.3000000e+01  -1.9667725e+00
   4.6022019e+00  -2.6000000e+01  -1.5600000e+02  -9.4958652e+00   1.3311112e+01  -3.3000000e+01  -2.9389523e+00
   5.5892427e+00  -2.6000000e+01  -1.5600000e+02  -1.0885048e+01   1.4618590e+01  -3.3000000e+01  -5.3347007e+00
   6.2506419e+00  -2.6000000e+01  -1.5600000e+02  -1.2056850e+01   1.5689247e+01  -3.3000000e+01  -6.8367895e+00
   6.6421229e+00  -2.6000000e+01  -1.5600000e+02  -1.3048734e+01   1.5677324e+01  -3.3000000e+01  -6.8007872e+00
   5.9151241e+00  -2.6000000e+01  -1.5600000e+02  -1.5036659e+01   1.2549836e+01  -3.3000000e+01  -5.6894908e+00
   4.6136157e+00  -2.6000000e+01  -1.5600000e+02  -1.8106708e+01   8.1715915e+00  -3.3000000e+01  -3.1645495e+00
   3.9437012e+00  -2.6000000e+01  -1.5600000e+02  -2.1650104e+01   2.5195884e+00  -3.3000000e+01   6.0015572e-01
   4.3112615e+00  -2.6000000e+01  -1.5600000e+02  -2.5011563e+01  -2.5486225e+00  -3.3000000e+01   3.2382869e+00
   3.1779749e+00  -2.6000000e+01  -1.5600000e+02  -2.7802578e+01  -7.7849768e+00  -3.3000000e+01   7.0137626e+00
   1.7786030e+00  -2.6000000e+01  -1.5600000e+02  -2.9941111e+01  -1.3099192e+01  -3.3000000e+01   1.1991854e+01
  -6.3324565e-01  -2.6000000e+01  -1.5600000e+02  -3.0991244e+01  -1.8712140e+01  -3.3000000e+01   1.6981874e+01
  -2.8777345e+00  -2.6000000e+01  -1.5600000e+02  -3.1502698e+01  -2.3909146e+01  -3.3000000e+01   2.1042606e+01
  -4.5114164e+00  -2.6000000e+01  -1.5600000e+02  -3.0731393e+01  -2.8300417e+01  -3.3000000e+01   2.4171557e+01
  -4.0411815e+00  -2.6000000e+01  -1.5600000e+02  -2.7866601e+01  -3.2181302e+01  -3.3000000e+01   2.7465295e+01
  -3.5503011e+00  -2.6000000e+01  -1.5600000e+02  -2.5173366e+01  -3.5296030e+01  -3.3000000e+01   2.9915518e+01
  -3.2967020e+00  -2.6000000e+01  -1.5600000e+02  -2.4955814e+01  -3.5393785e+01  -3.3000000e+01   3.0478732e+01
  -3.1743074e+00  -2.6000000e+01  -1.5600000e+02  -2.5405174e+01  -3.4259645e+01  -3.3000000e+01   3.0662779e+01
  -3.2970972e+00  -2.6000000e+01  -1.5600000e+02  -2.5811488e+01  -3.2798968e+01  -3.3000000e+01   3.0267011e+01
  -3.5831898e+00  -2.6000000e+01  -1.5600000e+02  -2.6525385e+01  -3.0639763e+01  -3.3000000e+01   3.0994729e+01
  -4.0417447e+00  -2.6000000e+01  -1.5600000e+02  -2.7105826e+01  -2.8921402e+01  -3.3000000e+01   3.1574414e+01
  -4.6447063e+00  -2.6000000e+01  -1.5600000e+02  -2.7466490e+01  -2.6707501e+01  -3.3000000e+01   3.1137464e+01
  -4.9569498e+00  -2.6000000e+01  -1.5600000e+02  -2.7416639e+01  -2.4784228e+01  -3.3000000e+01   3.1186893e+01
  -4.6169087e+00  -2.6000000e+01  -1.5600000e+02  -2.7285495e+01  -2.2877610e+01  -3.3000000e+01   3.1322359e+01
  -4.3123126e+00  -2.6000000e+01  -1.5600000e+02  -2.7357312e+01  -2.1490298e+01  -3.3000000e+01   3.0779969e+01
  -3.5215493e+00  -2.6000000e+01  -1.5600000e+02  -2.6995757e+01  -2.0138804e+01  -3.3000000e+01   2.9648342e+01
  -2.4953708e+00  -2.6000000e+01  -1.5600000e+02  -2.6664484e+01  -1.8103279e+01  -3.3000000e+01   2.8149514e+01
  -1.5456229e+00  -2.6000000e+01  -1.5600000e+02  -2.6625622e+01  -1.6325033e+01  -3.3000000e+01   2.6901524e+01
   2.3465831e-01  -2.6000000e+01  -1.5600000e+02  -2.6270232e+01  -1.4582027e+01  -3.3000000e+01   2.5642432e+01
   2.2633407e+00  -2.6000000e+01  -1.5600000e+02  -2.5637117e+01  -1.2758596e+01  -3.3000000e+01   2.4995503e+01
   3.1738325e+00  -2.6000000e+01  -1.5600000e+02  -2.4872176e+01  -1.0907853e+01  -3.3000000e+01   2.3541294e+01
   4.0843243e+00  -2.6000000e+01  -1.5600000e+02  -2.4107235e+01  -9.0571110e+00  -3.3000000e+01   2.2087086e+01
   4.7572867e+00  -2.6000000e+01  -1.5600000e+02  -2.3394187e+01  -7.5044904e+00  -3.3000000e+01   2.0477308e+01
   4.0492242e+00  -2.6000000e+01  -1.5600000e+02  -2.2778914e+01  -6.2451409e+00  -3.3000000e+01   1.9121538e+01
   3.7573820e+00  -2.6000000e+01  -1.5600000e+02  -2.1640834e+01  -4.5679525e+00  -3.3000000e+01   1.7892628e+01
   3.4784439e+00  -2.6000000e+01  -1.5600000e+02  -2.0711325e+01  -2.7923251e+00  -3.3000000e+01   1.6569114e+01
   3.6414646e+00  -2.6000000e+01  -1.5600000e+02  -1.9592621e+01  -1.0051121e+00  -3.3000000e+01   1.4360798e+01
   3.6533267e+00  -2.6000000e+01  -1.5600000e+02  -1.8135548e+01   1.2072492e-01  -3.3000000e+01   1.1904375e+01
   3.9788229e+00  -2.6000000e+01  -1.5600000e+02  -1.6679403e+01   9.7189591e-01  -3.3000000e+01   9.3385191e+00
   4.0702756e+00  -2.6000000e+01  -1.5600000e+02  -1.5250056e+01   2.6441282e+00  -3.3000000e+01   7.8804147e+00
   4.0585429e+00  -2.6000000e+01  -1.5600000e+02  -1.4228644e+01   4.5130726e+00  -3.3000000e+01   5.6019247e+00
   3.9616131e+00  -2.6000000e+01  -1.5600000e+02  -1.3350695e+01   6.5311672e+00  -3.3000000e+01   3.9613568e+00
   4.0317281e+00  -2.6000000e+01  -1.5600000e+02  -1.2140848e+01   8.4586520e+00  -3.3000000e+01   1.4794855e+00
   4.8867331e+00  -2.6000000e+01  -1.5600000e+02  -1.0741877e+01   1.0362545e+01  -3.3000000e+01  -8.4941820e-01
   5.2502094e+00  -2.6000000e+01  -1.5600000e+02  -9.1217842e+00   1.3130803e+01  -3.3000000e+01  -3.5990463e+00
   5.7346781e+00  -2.6000000e+01  -1.5600000e+02  -7.0527726e+00   1.6510212e+01  -3.3000000e+01  -6.6300611e+00
   6.4456604e+00  -2.6000000e+01  -1.5600000e+02  -5.4228899e+00   1.8522393e+01  -3.3000000e+01  -7.2580191e+00
   7.9406881e+00  -2.6000000e+01  -1.5600000e+02  -6.7453843e+00   1.9768696e+01  -3.3000000e+01  -8.0966313e+00
   9.4432845e+00  -2.6000000e+01  -1.5600000e+02  -9.0014301e+00   2.0160918e+01  -3.3000000e+01  -9.7455787e+00
   9.7824561e+00  -2.6000000e+01  -1.5600000e+02  -1.1173941e+01   1.9583289e+01  -3.3000000e+01  -1.0353827e+01
   9.7741175e+00  -2.6000000e+01  -1.5600000e+02  -1.4229072e+01   1.6747033e+01  -3.3000000e+01  -1.2346219e+01
   8.8796868e+00  -2.6000000e+01  -1.5600000e+02  -1.6507872e+01   1.1441414e+01  -3.3000000e+01  -1.0536967e+01
   8.1688752e+00  -2.6000000e+01  -1.5600000e+02  -1.9359093e+01   4.6370015e+00  -3.3000000e+01  -6.7820732e+00
   7.2305803e+00  -2.6000000e+01  -1.5600000e+02  -2.2517555e+01  -1.9222671e+00  -3.3000000e+01  -3.8963129e+00
   6.2267011e+00  -2.6000000e+01  -1.5600000e+02  -2.4378514e+01  -7.6692779e+00  -3.3000000e+01  -3.2842657e-01
   3.7694822e+00  -2.6000000e+01  -1.5600000e+02  -2.6837000e+01  -1.2869994e+01  -3.3000000e+01   4.2170418e+00
   1.6562427e+00  -2.6000000e+01  -1.5600000e+02  -2.8260309e+01  -1.8481362e+01  -3.3000000e+01   6.9160182e+00
   1.6867001e-01  -2.6000000e+01  -1.5600000e+02  -2.7850439e+01  -2.4001946e+01  -3.3000000e+01   9.5216510e+00
  -1.3398053e+00  -2.6000000e+01  -1.5600000e+02  -2.6848346e+01  -2.8831635e+01  -3.3000000e+01   1.3650519e+01
  -1.9101766e+00  -2.6000000e+01  -1.5600000e+02  -2.5617172e+01  -3.2702163e+01  -3.3000000e+01   1.8266528e+01
  -2.2401997e+00  -2.6000000e+01  -1.5600000e+02  -2.4526997e+01  -3.5999170e+01  -3.3000000e+01   2.2073895e+01
  -2.6417565e+00  -2.6000000e+01  -1.5600000e+02  -2.3745548e+01  -3.7741169e+01  -3.3000000e+01   2.5526204e+01
  -3.0430577e+00  -2.6000000e+01  -1.5600000e+02  -2.4069887e+01  -3.7367819e+01  -3.3000000e+01   2.7130802e+01
  -3.2108660e+00  -2.6000000e+01  -1.5600000e+02  -2.4441052e+01  -3.6102072e+01  -3.3000000e+01   2.8702725e+01
  -3.3160467e+00  -2.6000000e+01  -1.5600000e+02  -2.5271681e+01  -3.4303432e+01  -3.3000000e+01   2.9966090e+01
  -3.5478451e+00  -2.6000000e+01  -1.5600000e+02  -2.6428454e+01  -3.2453354e+01  -3.3000000e+01   3.0921039e+01
  -3.9465957e+00  -2.6000000e+01  -1.5600000e+02  -2.7465010e+01  -3.0039646e+01  -3.3000000e+01   3.2054848e+01
  -4.4536350e+00  -2.6000000e+01  -1.5600000e+02  -2.8041221e+01  -2.7761909e+01  -3.3000000e+01   3.2334177e+01
  -5.3325217e+00  -2.6000000e+01  -1.5600000e+02  -2.8639826e+01  -2.5803537e+01  -3.3000000e+01   3.2073619e+01
  -5.9369193e+00  -2.6000000e+01  -1.5600000e+02  -2.8580101e+01  -2.3812762e+01  -3.3000000e+01   3.2149742e+01
  -5.7479820e+00  -2.6000000e+01  -1.5600000e+02  -2.8328487e+01  -2.2325858e+01  -3.3000000e+01   3.2106517e+01
  -5.1529028e+00  -2.6000000e+01  -1.5600000e+02  -2.8389899e+01  -2.0524496e+01  -3.3000000e+01   3.1345098e+01
  -3.8738438e+00  -2.6000000e+01  -1.5600000e+02  -2.8074590e+01  -1.9141994e+01  -3.3000000e+01   3.1050267e+01
  -3.0548230e+00  -2.6000000e+01  -1.5600000e+02  -2.8190338e+01  -1.7187846e+01  -3.3000000e+01   2.9972325e+01
  -1.4666043e+00  -2.6000000e+01  -1.5600000e+02  -2.7548982e+01  -1.5105192e+01  -3.3000000e+01   2.9346670e+01
   4.3961687e-02  -2.6000000e+01  -1.5600000e+02  -2.7229566e+01  -1.3203568e+01  -3.3000000e+01   2.8508401e+01
   1.0860659e+00  -2.6000000e+01  -1.5600000e+02  -2.6858143e+01  -1.1230226e+01  -3.3000000e+01   2.7375556e+01
   2.1558910e+00  -2.6000000e+01  -1.5600000e+02  -2.5887199e+01  -9.0787640e+00  -3.3000000e+01   2.5906514e+01
   2.5561840e+00  -2.6000000e+01  -1.5600000e+02  -2.5131108e+01  -7.1742082e+00  -3.3000000e+01   2.3305767e+01
   3.0337860e+00  -2.6000000e+01  -1.5600000e+02  -2.3704465e+01  -5.3454177e+00  -3.3000000e+01   2.1105529e+01
   3.1861711e+00  -2.6000000e+01  -1.5600000e+02  -2.2650688e+01  -3.6254337e+00  -3.3000000e+01   1.8311387e+01
   3.3687865e+00  -2.6000000e+01  -1.5600000e+02  -2.1291033e+01  -1.8464251e+00  -3.3000000e+01   1.6606612e+01
   4.4330158e+00  -2.6000000e+01  -1.5600000e+02  -1.9446222e+01  -2.7323544e-01  -3.3000000e+01   1.4049615e+01
   5.2158645e+00  -2.6000000e+01  -1.5600000e+02  -1.7812275e+01   7.6825303e-01  -3.3000000e+01   1.1632327e+01
   5.9987131e+00  -2.6000000e+01  -1.5600000e+02  -1.6178328e+01   1.8097415e+00  -3.3000000e+01   9.2150400e+00
   5.9236180e+00  -2.6000000e+01  -1.5600000e+02  -1.4887814e+01   3.0548557e+00  -3.3000000e+01   7.7199137e+00
   5.8819027e+00  -2.6000000e+01  -1.5600000e+02  -1.3720910e+01   4.7663172e+00  -3.3000000e+01   5.8173153e+00
   5.7993110e+00  -2.6000000e+01  -1.5600000e+02  -1.2568492e+01   6.8061307e+00  -3.3000000e+01   3.4857823e+00
   5.6871561e+00  -2.6000000e+01  -1.5600000e+02  -1.0966060e+01   9.0797724e+00  -3.3000000e+01   1.1575531e+00
   5.3797164e+00  -2.6000000e+01  -1.5600000e+02  -9.7955164e+00   1.0745849e+01  -3.3000000e+01  -1.4253876e+00
   5.9385653e+00  -2.6000000e+01  -1.5600000e+02  -7.4218420e+00   1.4831341e+01  -3.3000000e+01  -5.0687318e+00
   6.3881372e+00  -2.6000000e+01  -1.5600000e+02  -4.8475645e+00   1.8156766e+01  -3.3000000e+01  -7.0194582e+00
   7.7602583e+00  -2.6000000e+01  -1.5600000e+02  -3.7872305e+00   1.9386982e+01  -3.3000000e+01  -7.7688130e+00
   7.8653998e+00  -2.6000000e+01  -1.5600000e+02  -5.3302103e+00   1.9464427e+01  -3.3000000e+01  -8.4503752e+00
   8.6679803e+00  -2.6000000e+01  -1.5600000e+02  -8.1482870e+00   1.8833525e+01  -3.3000000e+01  -6.8158121e+00
   7.7827113e+00  -2.6000000e+01  -1.5600000e+02  -1.2114636e+01   1.5985747e+01  -3.3000000e+01  -6.5213339e+00
   6.4610929e+00  -2.6000000e+01  -1.5600000e+02  -1.5811280e+01   1.1588427e+01  -3.3000000e+01  -6.8735882e+00
   5.2342583e+00  -2.6000000e+01  -1.5600000e+02  -1.8188193e+01   5.4975275e+00  -3.3000000e+01  -5.4168551e+00
   4.4729394e+00  -2.6000000e+01  -1.5600000e+02  -2.0357635e+01  -1.2224781e+00  -3.3000000e+01  -4.8414358e+00
   4.5867571e+00  -2.6000000e+01  -1.5600000e+02  -2.2624000e+01  -7.4356505e+00  -3.3000000e+01  -3.3875076e+00
   4.0684566e+00  -2.6000000e+01  -1.5600000e+02  -2.4855176e+01  -1.3099695e+01  -3.3000000e+01  -3.2141026e+00
   3.5204375e+00  -2.6000000e+01  -1.5600000e+02  -2.5802644e+01  -1.8023703e+01  -3.3000000e+01   1.1285913e+00
   1.0574054e+00  -2.6000000e+01  -1.5600000e+02  -2.6075129e+01  -2.3723527e+01  -3.3000000e+01   6.7280885e+00
  -9.2920921e-01  -2.6000000e+01  -1.5600000e+02  -2.5006288e+01  -2.8571721e+01  -3.3000000e+01   1.2843002e+01
  -2.5302352e+00  -2.6000000e+01  -1.5600000e+02  -2.4070283e+01  -3.3197107e+01  -3.3000000e+01   1.8177212e+01
  -2.5554251e+00  -2.6000000e+01  -1.5600000e+02  -2.2777858e+01  -3.7163018e+01  -3.3000000e+01   2.2155519e+01
  -2.6130004e+00  -2.6000000e+01  -1.5600000e+02  -2.2668836e+01  -3.8050809e+01  -3.3000000e+01   2.4676202e+01
  -2.8200914e+00  -2.6000000e+01  -1.5600000e+02  -2.2982992e+01  -3.7474949e+01  -3.3000000e+01   2.6054964e+01
  -2.9898719e+00  -2.6000000e+01  -1.5600000e+02  -2.3858675e+01  -3.5950904e+01  -3.3000000e+01   2.6745510e+01
  -3.0498392e+00  -2.6000000e+01  -1.5600000e+02  -2.4522158e+01  -3.4340362e+01  -3.3000000e+01   2.7688951e+01
  -3.7906329e+00  -2.6000000e+01  -1.5600000e+02  -2.5572669e+01  -3.2556423e+01  -3.3000000e+01   2.8341710e+01
  -4.3267914e+00  -2.6000000e+01  -1.5600000e+02  -2.6365282e+01  -3.0410189e+01  -3.3000000e+01   3.0003153e+01
  -5.0773458e+00  -2.6000000e+01  -1.5600000e+02  -2.7260262e+01  -2.8296848e+01  -3.3000000e+01   3.0427680e+01
  -5.4371876e+00  -2.6000000e+01  -1.5600000e+02  -2.7389151e+01  -2.6687123e+01  -3.3000000e+01   3.0368617e+01
  -5.5891839e+00  -2.6000000e+01  -1.5600000e+02  -2.7497473e+01  -2.5283625e+01  -3.3000000e+01   2.9950423e+01
  -5.5742176e+00  -2.6000000e+01  -1.5600000e+02  -2.7278217e+01  -2.3888242e+01  -3.3000000e+01   2.9882863e+01
  -5.1117210e+00  -2.6000000e+01  -1.5600000e+02  -2.7240516e+01  -2.2590830e+01  -3.3000000e+01   3.0207313e+01
  -4.5841256e+00  -2.6000000e+01  -1.5600000e+02  -2.7553711e+01  -2.1383793e+01  -3.3000000e+01   2.9938947e+01
  -3.7384916e+00  -2.6000000e+01  -1.5600000e+02  -2.7461404e+01  -1.9908026e+01  -3.3000000e+01   2.9134090e+01
  -2.2535583e+00  -2.6000000e+01  -1.5600000e+02  -2.7555796e+01  -1.8696373e+01  -3.3000000e+01   2.8461542e+01
  -8.8255209e-01  -2.6000000e+01  -1.5600000e+02  -2.7439279e+01  -1.6788182e+01  -3.3000000e+01   2.8480169e+01
  -3.8115414e-01  -2.6000000e+01  -1.5600000e+02  -2.7559959e+01  -1.5423615e+01  -3.3000000e+01   2.7633761e+01
   4.5696640e-01  -2.6000000e+01  -1.5600000e+02  -2.7223816e+01  -1.4083317e+01  -3.3000000e+01   2.7591872e+01
   1.7218491e+00  -2.6000000e+01  -1.5600000e+02  -2.6753363e+01  -1.3066078e+01  -3.3000000e+01   2.6373370e+01
   3.2198823e+00  -2.6000000e+01  -1.5600000e+02  -2.6130831e+01  -1.1835978e+01  -3.3000000e+01   2.5733545e+01
   5.0416102e+00  -2.6000000e+01  -1.5600000e+02  -2.4866023e+01  -1.0217272e+01  -3.3000000e+01   2.4455182e+01
   4.6950805e+00  -2.6000000e+01  -1.5600000e+02  -2.4263528e+01  -8.9629987e+00  -3.3000000e+01   2.2803380e+01
   4.7934111e+00  -2.6000000e+01  -1.5600000e+02  -2.3445741e+01  -7.5797139e+00  -3.3000000e+01   2.2351970e+01
   5.0408553e+00  -2.6000000e+01  -1.5600000e+02  -2.2541584e+01  -6.0584572e+00  -3.3000000e+01   1.9892978e+01
   5.4570522e+00  -2.6000000e+01  -1.5600000e+02  -2.1519500e+01  -4.8358549e+00  -3.3000000e+01   1.8113710e+01
   6.1527486e+00  -2.6000000e+01  -1.5600000e+02  -2.0405479e+01  -3.2761178e+00  -3.3000000e+01   1.6495466e+01
   6.3661779e+00  -2.6000000e+01  -1.5600000e+02  -1.9020555e+01  -1.9165398e+00  -3.3000000e+01   1.4756545e+01
   6.6376786e+00  -2.6000000e+01  -1.5600000e+02  -1.7539796e+01  -5.5859107e-01  -3.3000000e+01   1.3106160e+01
   6.6726342e+00  -2.6000000e+01  -1.5600000e+02  -1.6445885e+01   1.1682676e+00  -3.3000000e+01   1.0316790e+01
   6.5752128e+00  -2.6000000e+01  -1.5600000e+02  -1.5277289e+01   2.5086903e+00  -3.3000000e+01   8.4466253e+00
   5.5990396e+00  -2.6000000e+01  -1.5600000e+02  -1.5135447e+01   3.9337763e+00  -3.3000000e+01   7.2549721e+00
   4.5450777e+00  -2.6000000e+01  -1.5600000e+02  -1.4444367e+01   5.3212020e+00  -3.3000000e+01   6.3044326e+00
   3.6180608e+00  -2.6000000e+01  -1.5600000e+02  -1.3915140e+01   6.9560423e+00  -3.3000000e+01   5.1212347e+00
   2.8680889e+00  -2.6000000e+01  -1.5600000e+02  -1.4063884e+01   8.1020125e+00  -3.3000000e+01   4.3864026e+00
   3.4954317e+00  -2.6000000e+01  -1.5600000e+02  -1.5056358e+01   8.8909497e+00  -3.3000000e+01   1.6754678e+00
   4.2845647e+00  -2.6000000e+01  -1.5600000e+02  -1.6665974e+01   9.5057041e+00  -3.3000000e+01  -1.9211799e+00
   4.1658879e+00  -2.6000000e+01  -1.5600000e+02  -1.8265249e+01   9.1509154e+00  -3.3000000e+01  -4.4076238e+00
   4.2347978e+00  -2.6000000e+01  -1.5600000e+02  -1.8555534e+01   7.2050447e+00  -3.3000000e+01  -4.1500297e+00
   3.6884843e+00  -2.6000000e+01  -1.5600000e+02  -1.8786580e+01   3.4738954e+00  -3.3000000e+01  -2.2891669e+00
   3.7870531e+00  -2.6000000e+01  -1.5600000e+02  -1.9709813e+01  -1.4186326e+00  -3.3000000e+01   1.2551337e+00
   4.0633143e+00  -2.6000000e+01  -1.5600000e+02  -2.2054618e+01  -7.8261282e+00  -3.3000000e+01   4.6998135e+00
   3.5069883e+00  -2.6000000e+01  -1.5600000e+02  -2.5387150e+01  -1.3848380e+01  -3.3000000e+01   8.1557261e+00
   1.0602163e+00  -2.6000000e+01  -1.5600000e+02  -2.8422274e+01  -1.9102304e+01  -3.3000000e+01   1.0245943e+01
  -1.4324623e+00  -2.6000000e+01  -1.5600000e+02  -3.0473185e+01  -2.3651819e+01  -3.3000000e+01   1.2091301e+01
  -3.8068214e+00  -2.6000000e+01  -1.5600000e+02  -3.1339163e+01  -2.7536861e+01  -3.3000000e+01   1.2655094e+01
  -4.9654578e+00  -2.6000000e+01  -1.5600000e+02  -3.0285880e+01  -3.1048970e+01  -3.3000000e+01   1.2363769e+01
  -3.8332358e+00  -2.6000000e+01  -1.5600000e+02  -2.6698956e+01  -3.6118386e+01  -3.3000000e+01   1.2292784e+01
  -2.0570930e+00  -2.6000000e+01  -1.5600000e+02  -2.2270437e+01  -4.0559794e+01  -3.3000000e+01   1.4042891e+01
  -1.1188025e-01  -2.6000000e+01  -1.5600000e+02  -1.8588852e+01  -4.4090498e+01  -3.3000000e+01   1.6659130e+01
  -1.7523560e-01  -2.6000000e+01  -1.5600000e+02  -1.8168360e+01  -4.3970438e+01  -3.3000000e+01   1.9574023e+01
  -7.1335662e-01  -2.6000000e+01  -1.5600000e+02  -1.9256473e+01  -4.2159446e+01  -3.3000000e+01   2.1279296e+01
  -1.5852173e+00  -2.6000000e+01  -1.5600000e+02  -2.0865116e+01  -3.9820532e+01  -3.3000000e+01   2.2012504e+01
  -2.1513134e+00  -2.6000000e+01  -1.5600000e+02  -2.2037486e+01  -3.7567326e+01  -3.3000000e+01   2.3379851e+01
  -3.0407690e+00  -2.6000000e+01  -1.5600000e+02  -2.3055742e+01  -3.5292762e+01  -3.3000000e+01   2.3704628e+01
  -3.6272914e+00  -2.6000000e+01  -1.5600000e+02  -2.3741885e+01  -3.3313918e+01  -3.3000000e+01   2.4781787e+01
  -4.0752434e+00  -2.6000000e+01  -1.5600000e+02  -2.4410177e+01  -3.1579358e+01  -3.3000000e+01   2.5626033e+01
  -4.4682862e+00  -2.6000000e+01  -1.5600000e+02  -2.5203097e+01  -2.9800823e+01  -3.3000000e+01   2.6344131e+01
  -4.5121141e+00  -2.6000000e+01  -1.5600000e+02  -2.5707689e+01  -2.8306311e+01  -3.3000000e+01   2.7532551e+01
  -4.2345804e+00  -2.6000000e+01  -1.5600000e+02  -2.6091643e+01  -2.6354581e+01  -3.3000000e+01   2.7907005e+01
  -3.5485536e+00  -2.6000000e+01  -1.5600000e+02  -2.6027111e+01  -2.4802781e+01  -3.3000000e+01   2.8106749e+01
  -2.8073092e+00  -2.6000000e+01  -1.5600000e+02  -2.6496712e+01  -2.3319623e+01  -3.3000000e+01   2.8792192e+01
  -2.1504728e+00  -2.6000000e+01  -1.5600000e+02  -2.6554174e+01  -2.2180268e+01  -3.3000000e+01   2.8669120e+01
  -1.6614480e+00  -2.6000000e+01  -1.5600000e+02  -2.6612998e+01  -2.1223192e+01  -3.3000000e+01   2.8976457e+01
  -1.3107788e+00  -2.6000000e+01  -1.5600000e+02  -2.6749612e+01  -1.9991090e+01  -3.3000000e+01   2.7630637e+01
  -5.6970641e-01  -2.6000000e+01  -1.5600000e+02  -2.6650851e+01  -1.8825681e+01  -3.3000000e+01   2.6911632e+01
   3.4379111e-01  -2.6000000e+01  -1.5600000e+02  -2.6514057e+01  -1.7446411e+01  -3.3000000e+01   2.5596735e+01
   1.8733411e+00  -2.6000000e+01  -1.5600000e+02  -2.5925640e+01  -1.6194167e+01  -3.3000000e+01   2.5104203e+01
   3.3676773e+00  -2.6000000e+01  -1.5600000e+02  -2.5465349e+01  -1.4834402e+01  -3.3000000e+01   2.4433055e+01
   4.2408258e+00  -2.6000000e+01  -1.5600000e+02  -2.5321945e+01  -1.3426764e+01  -3.3000000e+01   2.4059262e+01
   4.9220076e+00  -2.6000000e+01  -1.5600000e+02  -2.4448506e+01  -1.1661547e+01  -3.3000000e+01   2.2819147e+01
   5.1960155e+00  -2.6000000e+01  -1.5600000e+02  -2.3678480e+01  -1.0179533e+01  -3.3000000e+01   2.0776156e+01
   5.8348836e+00  -2.6000000e+01  -1.5600000e+02  -2.2544044e+01  -8.5830195e+00  -3.3000000e+01   1.9662806e+01
   6.4587976e+00  -2.6000000e+01  -1.5600000e+02  -2.1288859e+01  -7.1546381e+00  -3.3000000e+01   1.7959944e+01
   7.0517552e+00  -2.6000000e+01  -1.5600000e+02  -1.9613682e+01  -5.7617506e+00  -3.3000000e+01   1.6531465e+01
   7.1609064e+00  -2.6000000e+01  -1.5600000e+02  -1.8383936e+01  -4.7557047e+00  -3.3000000e+01   1.4460653e+01
   6.6904137e+00  -2.6000000e+01  -1.5600000e+02  -1.7537898e+01  -3.1794617e+00  -3.3000000e+01   1.2646300e+01
   5.8602576e+00  -2.6000000e+01  -1.5600000e+02  -1.7030671e+01  -1.8918836e+00  -3.3000000e+01   1.0856303e+01
   5.1069504e+00  -2.6000000e+01  -1.5600000e+02  -1.5967731e+01  -3.4691679e-01  -3.3000000e+01   9.1417965e+00
   4.6575864e+00  -2.6000000e+01  -1.5600000e+02  -1.5231312e+01   1.1872594e+00  -3.3000000e+01   8.4515946e+00
   3.9902137e+00  -2.6000000e+01  -1.5600000e+02  -1.4791172e+01   2.2176994e+00  -3.3000000e+01   6.8774251e+00
   3.4180152e+00  -2.6000000e+01  -1.5600000e+02  -1.3813250e+01   3.5496260e+00  -3.3000000e+01   5.4166453e+00
   2.9963818e+00  -2.6000000e+01  -1.5600000e+02  -1.3723665e+01   4.6219682e+00  -3.3000000e+01   4.9811794e+00
   2.6939010e+00  -2.6000000e+01  -1.5600000e+02  -1.4159840e+01   6.5091250e+00  -3.3000000e+01   4.0872633e+00
   2.7998875e+00  -2.6000000e+01  -1.5600000e+02  -1.6090153e+01   7.3894802e+00  -3.3000000e+01   1.9801176e+00
   3.1412906e+00  -2.6000000e+01  -1.5600000e+02  -1.8699113e+01   8.0018900e+00  -3.3000000e+01  -9.1558114e-01
   3.1239271e+00  -2.6000000e+01  -1.5600000e+02  -2.0828237e+01   7.4308443e+00  -3.3000000e+01  -3.1431687e+00
   2.6209506e+00  -2.6000000e+01  -1.5600000e+02  -2.2647239e+01   4.8156480e+00  -3.3000000e+01  -3.9431691e+00
   2.5877503e+00  -2.6000000e+01  -1.5600000e+02  -2.3129483e+01   1.4078481e+00  -3.3000000e+01  -2.0564778e+00
   2.6363173e+00  -2.6000000e+01  -1.5600000e+02  -2.3258869e+01  -2.1576497e+00  -3.3000000e+01   8.1473279e-01
   3.1853946e+00  -2.6000000e+01  -1.5600000e+02  -2.4174112e+01  -7.1252007e+00  -3.3000000e+01   3.0648521e+00
   2.8859921e+00  -2.6000000e+01  -1.5600000e+02  -2.5978162e+01  -1.2807396e+01  -3.3000000e+01   6.0029070e+00
   8.0877596e-01  -2.6000000e+01  -1.5600000e+02  -2.8484524e+01  -1.8050005e+01  -3.3000000e+01   7.3399603e+00
  -9.6043958e-01  -2.6000000e+01  -1.5600000e+02  -2.9558903e+01  -2.2901348e+01  -3.3000000e+01   8.6158573e+00
  -2.9759287e+00  -2.6000000e+01  -1.5600000e+02  -2.9951460e+01  -2.7326099e+01  -3.3000000e+01   1.0422732e+01
  -4.0363509e+00  -2.6000000e+01  -1.5600000e+02  -2.9191973e+01  -3.0661484e+01  -3.3000000e+01   1.3168166e+01
  -4.3151611e+00  -2.6000000e+01  -1.5600000e+02  -2.7501223e+01  -3.3423210e+01  -3.3000000e+01   1.6961620e+01
  -3.7052845e+00  -2.6000000e+01  -1.5600000e+02  -2.5632251e+01  -3.5499177e+01  -3.3000000e+01   2.1608044e+01
  -3.1287770e+00  -2.6000000e+01  -1.5600000e+02  -2.4308750e+01  -3.6798823e+01  -3.3000000e+01   2.6173332e+01
  -3.3346770e+00  -2.6000000e+01  -1.5600000e+02  -2.4429255e+01  -3.6818506e+01  -3.3000000e+01   2.8499114e+01
  -3.5682127e+00  -2.6000000e+01  -1.5600000e+02  -2.4882057e+01  -3.5709525e+01  -3.3000000e+01   2.9463894e+01
