   2.2008647e+01   2.7455425e+01  -1.5910092e+02   1.7874406e+01  -2.5804610e+01  -3.1210398e+01   3.9444065e+01
   1.3000000e+01   2.4021670e+01  -1.5600000e+02   1.6211064e+01  -1.9194032e+01  -3.3000000e+01   4.0305474e+01
   1.3000000e+01   2.2747764e+01  -1.5600000e+02   1.5274362e+01  -1.7463852e+01  -3.3000000e+01   3.9199738e+01
   1.3000000e+01   2.3088242e+01  -1.5600000e+02   1.5890156e+01  -1.5956805e+01  -3.3000000e+01   3.8105166e+01
   1.3000000e+01   2.1321737e+01  -1.5600000e+02   1.5102695e+01  -1.4637141e+01  -3.3000000e+01   3.6651180e+01
   1.3000000e+01   2.1084465e+01  -1.5600000e+02   1.4617618e+01  -1.2789331e+01  -3.3000000e+01   3.6346452e+01
   1.3000000e+01   2.0022358e+01  -1.5600000e+02   1.3601395e+01  -1.0796707e+01  -3.3000000e+01   3.5554015e+01
   1.3000000e+01   1.9088515e+01  -1.5600000e+02   1.4394905e+01  -9.8636890e+00  -3.3000000e+01   3.3430535e+01
   1.3000000e+01   1.7651137e+01  -1.5600000e+02   1.4092945e+01  -8.4370947e+00  -3.3000000e+01   3.0735554e+01
   1.3000000e+01   1.6958891e+01  -1.5600000e+02   1.3901227e+01  -7.0778629e+00  -3.3000000e+01   2.8766767e+01
   1.3000000e+01   1.6838279e+01  -1.5600000e+02   1.4332168e+01  -5.5136734e+00  -3.3000000e+01   2.6982626e+01
   1.3000000e+01   1.6992729e+01  -1.5600000e+02   1.6711597e+01  -3.5985590e+00  -3.3000000e+01   2.5523822e+01
   1.3000000e+01   2.0225916e+01  -1.5600000e+02   2.0525287e+01  -2.0103072e+00  -3.3000000e+01   2.3287691e+01
   1.3000000e+01   2.1452595e+01  -1.5600000e+02   2.2766886e+01   5.3100269e-02  -3.3000000e+01   2.1730372e+01
   1.3000000e+01   2.2685504e+01  -1.5600000e+02   2.5098350e+01   2.2145460e+00  -3.3000000e+01   1.9109372e+01
   1.3000000e+01   2.3662811e+01  -1.5600000e+02   2.7416075e+01   4.2352707e+00  -3.3000000e+01   1.6756473e+01
   1.3000000e+01   2.4651696e+01  -1.5600000e+02   2.8675927e+01   5.8680406e+00  -3.3000000e+01   1.4445741e+01
   1.3000000e+01   2.5561319e+01  -1.5600000e+02   2.9386005e+01   7.4209674e+00  -3.3000000e+01   1.2421660e+01
   1.3000000e+01   2.6441887e+01  -1.5600000e+02   2.9925758e+01   8.4334473e+00  -3.3000000e+01   1.1877388e+01
   1.3000000e+01   2.5439728e+01  -1.5600000e+02   2.7308723e+01   7.9476869e+00  -3.3000000e+01   1.2009131e+01
   1.3000000e+01   2.6509765e+01  -1.5600000e+02   2.4875998e+01   7.2709132e+00  -3.3000000e+01   9.5010626e+00
   1.3000000e+01   2.7654977e+01  -1.5600000e+02   2.3741012e+01   4.7407709e+00  -3.3000000e+01   7.8797492e+00
   1.3000000e+01   2.5872285e+01  -1.5600000e+02   2.2430343e+01   3.7966907e-01  -3.3000000e+01   8.1020980e+00
   1.3000000e+01   2.4278938e+01  -1.5600000e+02   2.1122488e+01  -4.4205824e+00  -3.3000000e+01   1.0301215e+01
   1.3000000e+01   2.1632497e+01  -1.5600000e+02   1.9226075e+01  -1.0027290e+01  -3.3000000e+01   1.1116433e+01
   1.3000000e+01   1.9040425e+01  -1.5600000e+02   1.7397154e+01  -1.5989454e+01  -3.3000000e+01   1.1899571e+01
   1.3000000e+01   1.9714955e+01  -1.5600000e+02   1.7429992e+01  -2.1982466e+01  -3.3000000e+01   1.2432680e+01
   1.3000000e+01   2.1557298e+01  -1.5600000e+02   1.7567422e+01  -2.7491069e+01  -3.3000000e+01   1.3848065e+01
   1.3000000e+01   2.1668224e+01  -1.5600000e+02   1.7757505e+01  -3.4172067e+01  -3.3000000e+01   1.4002335e+01
   1.3000000e+01   2.0675567e+01  -1.5600000e+02   1.7207043e+01  -3.9249299e+01  -3.3000000e+01   1.8395721e+01
   1.3000000e+01   1.8275962e+01  -1.5600000e+02   1.6218850e+01  -4.3346947e+01  -3.3000000e+01   2.3636815e+01
   1.3000000e+01   1.8231929e+01  -1.5600000e+02   2.0709511e+01  -4.4752228e+01  -3.3000000e+01   3.0157769e+01
   1.3000000e+01   1.8051209e+01  -1.5600000e+02   2.0048402e+01  -4.3161519e+01  -3.3000000e+01   3.2628488e+01
   1.3000000e+01   2.1684452e+01  -1.5600000e+02   2.1661540e+01  -4.0586030e+01  -3.3000000e+01   3.4239987e+01
   1.3000000e+01   2.3490247e+01  -1.5600000e+02   2.1871571e+01  -3.8022931e+01  -3.3000000e+01   3.5474280e+01
   1.3000000e+01   2.7876641e+01  -1.5600000e+02   2.3984616e+01  -3.4814699e+01  -3.3000000e+01   3.6180713e+01
   1.3000000e+01   2.9036526e+01  -1.5600000e+02   2.4145347e+01  -3.2572749e+01  -3.3000000e+01   3.7584521e+01
   1.3000000e+01   2.9080524e+01  -1.5600000e+02   2.3385320e+01  -3.0648438e+01  -3.3000000e+01   3.8392740e+01
   1.3000000e+01   2.8161875e+01  -1.5600000e+02   2.1991622e+01  -2.8744743e+01  -3.3000000e+01   3.8529151e+01
   1.3000000e+01   2.6343727e+01  -1.5600000e+02   2.0037693e+01  -2.7800107e+01  -3.3000000e+01   3.8912864e+01
   1.3000000e+01   2.4613791e+01  -1.5600000e+02   1.7840874e+01  -2.6072924e+01  -3.3000000e+01   3.9604006e+01
   1.3000000e+01   2.3491567e+01  -1.5600000e+02   1.6644844e+01  -2.5237030e+01  -3.3000000e+01   3.9387978e+01
   1.3000000e+01   2.5007666e+01  -1.5600000e+02   1.7625330e+01  -2.3577622e+01  -3.3000000e+01   3.9509537e+01
   1.3000000e+01   2.4617532e+01  -1.5600000e+02   1.7285934e+01  -2.2170554e+01  -3.3000000e+01   3.9118724e+01
   1.3000000e+01   2.3169619e+01  -1.5600000e+02   1.6057540e+01  -2.0331011e+01  -3.3000000e+01   3.8562614e+01
   1.3000000e+01   2.2428391e+01  -1.5600000e+02   1.5518158e+01  -1.8481370e+01  -3.3000000e+01   3.7526879e+01
   1.3000000e+01   1.9291958e+01  -1.5600000e+02   1.3508670e+01  -1.7068217e+01  -3.3000000e+01   3.6496624e+01
   1.3000000e+01   1.7624948e+01  -1.5600000e+02   1.2513760e+01  -1.5367653e+01  -3.3000000e+01   3.6123928e+01
   1.3000000e+01   1.7363141e+01  -1.5600000e+02   1.2756812e+01  -1.3188161e+01  -3.3000000e+01   3.4217856e+01
   1.3000000e+01   1.8780961e+01  -1.5600000e+02   1.4806823e+01  -1.1191759e+01  -3.3000000e+01   3.2099295e+01
   1.3000000e+01   1.9589216e+01  -1.5600000e+02   1.6065442e+01  -8.7722921e+00  -3.3000000e+01   2.9267643e+01
   1.3000000e+01   2.0155263e+01  -1.5600000e+02   1.7656525e+01  -6.9422741e+00  -3.3000000e+01   2.7716337e+01
   1.3000000e+01   1.9079332e+01  -1.5600000e+02   1.8329662e+01  -4.8190270e+00  -3.3000000e+01   2.6326692e+01
   1.3000000e+01   1.9018350e+01  -1.5600000e+02   1.9988679e+01  -3.9418338e+00  -3.3000000e+01   2.2670313e+01
   1.3000000e+01   1.8620391e+01  -1.5600000e+02   2.1158096e+01  -2.6739219e+00  -3.3000000e+01   1.9563745e+01
   1.3000000e+01   1.7865977e+01  -1.5600000e+02   2.2000705e+01  -1.2896727e+00  -3.3000000e+01   1.7077340e+01
   1.3000000e+01   1.9232965e+01  -1.5600000e+02   2.3977756e+01   2.7486656e-01  -3.3000000e+01   1.5895473e+01
   1.3000000e+01   2.2620991e+01  -1.5600000e+02   2.7508874e+01   2.9083452e+00  -3.3000000e+01   1.2774497e+01
   1.3000000e+01   2.4078479e+01  -1.5600000e+02   2.9683594e+01   5.1041560e+00  -3.3000000e+01   9.7418227e+00
   1.3000000e+01   2.4186965e+01  -1.5600000e+02   3.1594917e+01   6.8757444e+00  -3.3000000e+01   9.5005450e+00
   1.3000000e+01   2.3601585e+01  -1.5600000e+02   3.1735299e+01   8.2846280e+00  -3.3000000e+01   7.3371829e+00
   1.3000000e+01   2.1572041e+01  -1.5600000e+02   3.1066621e+01   1.1184335e+01  -3.3000000e+01   4.8094082e+00
   1.3000000e+01   2.2241378e+01  -1.5600000e+02   3.0946815e+01   1.2270633e+01  -3.3000000e+01   3.3727250e+00
   1.3000000e+01   2.4032724e+01  -1.5600000e+02   3.0050272e+01   1.1661487e+01  -3.3000000e+01   1.1089589e+00
   1.3000000e+01   2.4214803e+01  -1.5600000e+02   2.8491543e+01   1.1398423e+01  -3.3000000e+01  -9.2722218e-01
   1.3000000e+01   2.4601451e+01  -1.5600000e+02   2.6480325e+01   1.0214457e+01  -3.3000000e+01  -2.6120645e+00
   1.3000000e+01   2.4744028e+01  -1.5600000e+02   2.5931270e+01   7.1292851e+00  -3.3000000e+01  -1.4820399e+00
   1.3000000e+01   2.4236636e+01  -1.5600000e+02   2.4992223e+01   3.4697920e+00  -3.3000000e+01   1.1910912e+00
   1.3000000e+01   2.4357751e+01  -1.5600000e+02   2.3406714e+01  -1.1975794e+00  -3.3000000e+01   3.2601938e+00
   1.3000000e+01   2.5461050e+01  -1.5600000e+02   2.0839845e+01  -6.3567680e+00  -3.3000000e+01   4.8715494e+00
   1.3000000e+01   2.4673949e+01  -1.5600000e+02   1.7609886e+01  -1.3206267e+01  -3.3000000e+01   2.9320490e+00
   1.3000000e+01   2.5434729e+01  -1.5600000e+02   1.6305326e+01  -1.8822629e+01  -3.3000000e+01   3.3225277e+00
   1.3000000e+01   2.6088001e+01  -1.5600000e+02   1.5827228e+01  -2.3566875e+01  -3.3000000e+01   4.8416508e+00
   1.3000000e+01   2.4141818e+01  -1.5600000e+02   1.5447554e+01  -2.8450905e+01  -3.3000000e+01   9.3789081e+00
   1.3000000e+01   2.1320013e+01  -1.5600000e+02   1.6373799e+01  -3.4795802e+01  -3.3000000e+01   1.0934140e+01
   1.3000000e+01   2.0726233e+01  -1.5600000e+02   2.0977273e+01  -3.9376235e+01  -3.3000000e+01   1.4167833e+01
   1.3000000e+01   1.8796842e+01  -1.5600000e+02   2.5807592e+01  -4.2130181e+01  -3.3000000e+01   2.0706543e+01
   1.3000000e+01   2.0225266e+01  -1.5600000e+02   2.6936658e+01  -4.0280971e+01  -3.3000000e+01   2.3265721e+01
   1.3000000e+01   2.1339370e+01  -1.5600000e+02   2.6181896e+01  -3.6936935e+01  -3.3000000e+01   2.4446304e+01
   1.3000000e+01   2.3735396e+01  -1.5600000e+02   2.6260204e+01  -3.4191166e+01  -3.3000000e+01   2.5130234e+01
   1.3000000e+01   2.5046584e+01  -1.5600000e+02   2.5958060e+01  -3.1300171e+01  -3.3000000e+01   2.4998561e+01
   1.3000000e+01   2.4043323e+01  -1.5600000e+02   2.4192821e+01  -2.9517959e+01  -3.3000000e+01   2.6121769e+01
   1.3000000e+01   2.8025365e+01  -1.5600000e+02   2.6983562e+01  -2.6315326e+01  -3.3000000e+01   2.6885492e+01
   1.3000000e+01   2.7231808e+01  -1.5600000e+02   2.6595313e+01  -2.5308123e+01  -3.3000000e+01   2.6607676e+01
   1.3000000e+01   2.6600882e+01  -1.5600000e+02   2.6057110e+01  -2.4175053e+01  -3.3000000e+01   2.6181742e+01
   1.3000000e+01   2.6812976e+01  -1.5600000e+02   2.6261907e+01  -2.2644256e+01  -3.3000000e+01   2.5659733e+01
   1.3000000e+01   2.6821569e+01  -1.5600000e+02   2.6020494e+01  -2.1530347e+01  -3.3000000e+01   2.5444488e+01
   1.3000000e+01   2.5922926e+01  -1.5600000e+02   2.4933976e+01  -2.0898118e+01  -3.3000000e+01   2.5846181e+01
   1.3000000e+01   2.6790764e+01  -1.5600000e+02   2.5216818e+01  -2.0284323e+01  -3.3000000e+01   2.6269580e+01
   1.3000000e+01   2.6351619e+01  -1.5600000e+02   2.4840690e+01  -1.9940964e+01  -3.3000000e+01   2.6917735e+01
   1.3000000e+01   2.5336803e+01  -1.5600000e+02   2.3835654e+01  -2.0037288e+01  -3.3000000e+01   2.7220114e+01
   1.3000000e+01   2.6007426e+01  -1.5600000e+02   2.3671779e+01  -1.9879910e+01  -3.3000000e+01   2.6226502e+01
   1.3000000e+01   2.3890617e+01  -1.5600000e+02   2.2204639e+01  -2.0091427e+01  -3.3000000e+01   2.5638087e+01
   1.3000000e+01   2.4528861e+01  -1.5600000e+02   2.3177992e+01  -1.9665895e+01  -3.3000000e+01   2.5236938e+01
   1.3000000e+01   2.4479293e+01  -1.5600000e+02   2.3957972e+01  -1.8982643e+01  -3.3000000e+01   2.5040588e+01
   1.3000000e+01   2.4012379e+01  -1.5600000e+02   2.4641851e+01  -1.9009949e+01  -3.3000000e+01   2.3449142e+01
   1.3000000e+01   2.2005826e+01  -1.5600000e+02   2.4082676e+01  -1.8930663e+01  -3.3000000e+01   2.2465233e+01
   1.3000000e+01   2.2107459e+01  -1.5600000e+02   2.5243288e+01  -1.8637377e+01  -3.3000000e+01   2.0217284e+01
   1.3000000e+01   2.0470915e+01  -1.5600000e+02   2.4688721e+01  -1.7967933e+01  -3.3000000e+01   1.8049291e+01
   1.3000000e+01   2.1778724e+01  -1.5600000e+02   2.6297459e+01  -1.6704342e+01  -3.3000000e+01   1.6227095e+01
   1.3000000e+01   2.2979690e+01  -1.5600000e+02   2.8037185e+01  -1.5226980e+01  -3.3000000e+01   1.4424176e+01
   1.3000000e+01   2.3518479e+01  -1.5600000e+02   2.8754176e+01  -1.2986238e+01  -3.3000000e+01   1.2497502e+01
   1.3000000e+01   2.1434225e+01  -1.5600000e+02   2.7337532e+01  -1.1197350e+01  -3.3000000e+01   1.0447924e+01
   1.3000000e+01   2.2012234e+01  -1.5600000e+02   2.8481407e+01  -9.9862627e+00  -3.3000000e+01   6.9346521e+00
   1.3000000e+01   2.3118451e+01  -1.5600000e+02   3.0708714e+01  -8.9937832e+00  -3.3000000e+01   4.8864372e+00
   1.3000000e+01   2.4482353e+01  -1.5600000e+02   3.1898429e+01  -1.4912304e+00  -3.3000000e+01   2.5394014e+00
   1.3000000e+01   2.3822019e+01  -1.5600000e+02   3.2503792e+01   2.3568529e+00  -3.3000000e+01   1.8023271e-01
   1.3000000e+01   2.1908598e+01  -1.5600000e+02   3.2286194e+01   4.7984114e+00  -3.3000000e+01  -7.6881659e-01
   1.3000000e+01   2.1894215e+01  -1.5600000e+02   3.3605423e+01   7.1661168e+00  -3.3000000e+01  -2.4175623e+00
   1.3000000e+01   2.2116512e+01  -1.5600000e+02   3.3119917e+01   8.6782134e+00  -3.3000000e+01  -3.2420440e+00
   1.3000000e+01   2.4098243e+01  -1.5600000e+02   3.1521280e+01   8.5030752e+00  -3.3000000e+01  -3.6183291e+00
   1.3000000e+01   2.5693831e+01  -1.5600000e+02   2.9403079e+01   7.4125042e+00  -3.3000000e+01  -5.6368936e+00
   1.3000000e+01   2.5825377e+01  -1.5600000e+02   2.6268726e+01   5.0279992e+00  -3.3000000e+01  -6.5497876e+00
   1.3000000e+01   2.5919531e+01  -1.5600000e+02   2.3351199e+01   6.2160338e-01  -3.3000000e+01  -3.8089088e+00
   1.3000000e+01   2.4754931e+01  -1.5600000e+02   2.0292536e+01  -4.5158293e+00  -3.3000000e+01  -1.9185513e+00
   1.3000000e+01   2.3533588e+01  -1.5600000e+02   1.7495280e+01  -9.0006210e+00  -3.3000000e+01  -3.3545154e-01
   1.3000000e+01   2.1948718e+01  -1.5600000e+02   1.5043043e+01  -1.4142253e+01  -3.3000000e+01   4.9996590e+00
   1.3000000e+01   1.7829405e+01  -1.5600000e+02   1.0715589e+01  -1.8829080e+01  -3.3000000e+01   1.0660052e+01
   1.3000000e+01   1.8257676e+01  -1.5600000e+02   1.1577026e+01  -2.3227669e+01  -3.3000000e+01   1.6340522e+01
   1.3000000e+01   1.9151727e+01  -1.5600000e+02   1.4405848e+01  -2.8342723e+01  -3.3000000e+01   1.9739758e+01
   1.3000000e+01   2.0391931e+01  -1.5600000e+02   1.8163792e+01  -3.3251002e+01  -3.3000000e+01   2.2848704e+01
   1.3000000e+01   2.1587641e+01  -1.5600000e+02   2.3174007e+01  -3.7372219e+01  -3.3000000e+01   2.5856266e+01
   1.3000000e+01   2.2407873e+01  -1.5600000e+02   2.4380754e+01  -3.7778884e+01  -3.3000000e+01   2.6317011e+01
   1.3000000e+01   2.5098965e+01  -1.5600000e+02   2.5167518e+01  -3.4828344e+01  -3.3000000e+01   2.7793057e+01
   1.3000000e+01   2.6805835e+01  -1.5600000e+02   2.5216532e+01  -3.3053617e+01  -3.3000000e+01   2.9410399e+01
   1.3000000e+01   2.2641938e+01  -1.5600000e+02   2.0238938e+01  -3.2110699e+01  -3.3000000e+01   3.0916178e+01
   1.3000000e+01   2.0656965e+01  -1.5600000e+02   1.6805831e+01  -3.0318129e+01  -3.3000000e+01   3.1395996e+01
   1.3000000e+01   1.8867807e+01  -1.5600000e+02   1.4503727e+01  -2.8880939e+01  -3.3000000e+01   3.2333959e+01
   1.3000000e+01   2.0143311e+01  -1.5600000e+02   1.5032072e+01  -2.7069109e+01  -3.3000000e+01   3.2781694e+01
   1.3000000e+01   1.8917562e+01  -1.5600000e+02   1.3705422e+01  -2.6077673e+01  -3.3000000e+01   3.3049958e+01
   1.3000000e+01   1.8829281e+01  -1.5600000e+02   1.3736901e+01  -2.4936913e+01  -3.3000000e+01   3.3038970e+01
   1.3000000e+01   1.8398180e+01  -1.5600000e+02   1.3109333e+01  -2.3196643e+01  -3.3000000e+01   3.2199695e+01
   1.3000000e+01   1.8112433e+01  -1.5600000e+02   1.3241498e+01  -2.0892242e+01  -3.3000000e+01   3.0976384e+01
   1.3000000e+01   1.8443219e+01  -1.5600000e+02   1.3711007e+01  -1.9202989e+01  -3.3000000e+01   2.9960736e+01
   1.3000000e+01   2.2200807e+01  -1.5600000e+02   1.7842372e+01  -1.7001417e+01  -3.3000000e+01   2.8660092e+01
   1.3000000e+01   1.9828749e+01  -1.5600000e+02   1.7220167e+01  -1.5433832e+01  -3.3000000e+01   2.7219805e+01
   1.3000000e+01   2.2528790e+01  -1.5600000e+02   1.9316844e+01  -1.3201131e+01  -3.3000000e+01   2.5318381e+01
   1.3000000e+01   2.0559458e+01  -1.5600000e+02   1.9011482e+01  -1.1375203e+01  -3.3000000e+01   2.3664298e+01
   1.3000000e+01   2.2178892e+01  -1.5600000e+02   2.0616179e+01  -9.5494605e+00  -3.3000000e+01   2.1728798e+01
   1.3000000e+01   2.2886416e+01  -1.5600000e+02   2.2163083e+01  -7.8273791e+00  -3.3000000e+01   2.0994165e+01
   1.3000000e+01   2.2763984e+01  -1.5600000e+02   2.2797072e+01  -5.4984318e+00  -3.3000000e+01   1.9559331e+01
   1.3000000e+01   2.2646925e+01  -1.5600000e+02   2.3573422e+01  -3.4832127e+00  -3.3000000e+01   1.8067403e+01
   1.3000000e+01   2.3838879e+01  -1.5600000e+02   2.5831148e+01  -1.7825805e+00  -3.3000000e+01   1.5183768e+01
   1.3000000e+01   2.5677804e+01  -1.5600000e+02   2.9053490e+01   1.1441576e-01  -3.3000000e+01   1.2105726e+01
   1.3000000e+01   2.7101307e+01  -1.5600000e+02   3.1775153e+01   2.6645184e+00  -3.3000000e+01   1.0241952e+01
   1.3000000e+01   2.7526670e+01  -1.5600000e+02   3.3258117e+01   4.5782995e+00  -3.3000000e+01   7.0065035e+00
   1.3000000e+01   2.5348113e+01  -1.5600000e+02   3.2840986e+01   6.6043576e+00  -3.3000000e+01   5.0255480e+00
   1.3000000e+01   2.4721125e+01  -1.5600000e+02   3.3316990e+01   8.3731287e+00  -3.3000000e+01   1.6332551e+00
   1.3000000e+01   2.4464302e+01  -1.5600000e+02   3.5207708e+01   1.0644887e+01  -3.3000000e+01   8.5548948e-01
   1.3000000e+01   2.3335712e+01  -1.5600000e+02   3.6206558e+01   1.2838017e+01  -3.3000000e+01  -1.9453006e+00
   1.3000000e+01   2.2003100e+01  -1.5600000e+02   3.6403037e+01   1.7616169e+01  -3.3000000e+01  -6.0510132e+00
   1.3000000e+01   1.9943905e+01  -1.5600000e+02   3.7087977e+01   2.0649726e+01  -3.3000000e+01  -1.0365241e+01
   1.3000000e+01   2.0176762e+01  -1.5600000e+02   3.8728219e+01   2.3941321e+01  -3.3000000e+01  -1.4810692e+01
   1.3000000e+01   1.9160701e+01  -1.5600000e+02   4.0357994e+01   2.7243756e+01  -3.3000000e+01  -1.6554100e+01
   1.3000000e+01   1.6906100e+01  -1.5600000e+02   3.8290146e+01   2.5709938e+01  -3.3000000e+01  -1.5048053e+01
   1.3000000e+01   1.8911248e+01  -1.5600000e+02   3.4701048e+01   2.0507363e+01  -3.3000000e+01  -1.2844524e+01
   1.3000000e+01   2.1518723e+01  -1.5600000e+02   3.2260892e+01   1.5874409e+01  -3.3000000e+01  -1.2587143e+01
   1.3000000e+01   2.2532116e+01  -1.5600000e+02   2.9529569e+01   1.1733971e+01  -3.3000000e+01  -1.2248062e+01
   1.3000000e+01   2.3413752e+01  -1.5600000e+02   2.6781095e+01   5.7752620e+00  -3.3000000e+01  -1.1050057e+01
   1.3000000e+01   2.4173040e+01  -1.5600000e+02   2.5563994e+01   2.5162192e-01  -3.3000000e+01  -5.8153537e+00
   1.3000000e+01   2.2362612e+01  -1.5600000e+02   2.2325379e+01  -6.3705156e+00  -3.3000000e+01   1.9113714e+00
   1.3000000e+01   2.0761229e+01  -1.5600000e+02   2.0818077e+01  -1.1847161e+01  -3.3000000e+01   7.7786034e+00
   1.3000000e+01   1.9003291e+01  -1.5600000e+02   1.8159793e+01  -1.7870470e+01  -3.3000000e+01   1.1672824e+01
   1.3000000e+01   1.7440398e+01  -1.5600000e+02   1.5190145e+01  -2.3314262e+01  -3.3000000e+01   1.5523845e+01
   1.3000000e+01   1.9440497e+01  -1.5600000e+02   1.6228727e+01  -2.9254286e+01  -3.3000000e+01   1.7808859e+01
   1.3000000e+01   2.1757858e+01  -1.5600000e+02   1.8699802e+01  -3.4866688e+01  -3.3000000e+01   2.0228375e+01
   1.3000000e+01   1.9586551e+01  -1.5600000e+02   1.7973426e+01  -4.0311822e+01  -3.3000000e+01   2.1888017e+01
   1.3000000e+01   1.7631474e+01  -1.5600000e+02   1.7804013e+01  -4.4288202e+01  -3.3000000e+01   2.7033781e+01
   1.3000000e+01   1.7749765e+01  -1.5600000e+02   1.9396601e+01  -4.5683632e+01  -3.3000000e+01   3.0034576e+01
   1.3000000e+01   1.8403157e+01  -1.5600000e+02   1.8665628e+01  -4.3779120e+01  -3.3000000e+01   3.2149890e+01
   1.3000000e+01   2.0439062e+01  -1.5600000e+02   1.8643271e+01  -4.1232761e+01  -3.3000000e+01   3.4794367e+01
   1.3000000e+01   2.0968378e+01  -1.5600000e+02   1.7654363e+01  -3.9144613e+01  -3.3000000e+01   3.5453331e+01
   1.3000000e+01   2.1543768e+01  -1.5600000e+02   1.7266049e+01  -3.6768272e+01  -3.3000000e+01   3.6823357e+01
   1.3000000e+01   2.3310242e+01  -1.5600000e+02   1.7238062e+01  -3.4322835e+01  -3.3000000e+01   3.8804222e+01
   1.3000000e+01   2.3381661e+01  -1.5600000e+02   1.6358485e+01  -3.2794742e+01  -3.3000000e+01   3.8918486e+01
   1.3000000e+01   2.4413375e+01  -1.5600000e+02   1.6601645e+01  -3.0939232e+01  -3.3000000e+01   3.9860021e+01
   1.3000000e+01   2.2265364e+01  -1.5600000e+02   1.4190515e+01  -2.9852709e+01  -3.3000000e+01   4.0385752e+01
   1.3000000e+01   2.0498700e+01  -1.5600000e+02   1.2008882e+01  -2.8444801e+01  -3.3000000e+01   4.0101902e+01
   1.3000000e+01   2.0398005e+01  -1.5600000e+02   1.2160300e+01  -2.6992166e+01  -3.3000000e+01   3.9660261e+01
   1.3000000e+01   2.4918432e+01  -1.5600000e+02   1.6421259e+01  -2.4771877e+01  -3.3000000e+01   3.8587708e+01
   1.3000000e+01   2.5021674e+01  -1.5600000e+02   1.7570699e+01  -2.2964499e+01  -3.3000000e+01   3.7256423e+01
   1.3000000e+01   2.5403281e+01  -1.5600000e+02   1.8456338e+01  -2.1951976e+01  -3.3000000e+01   3.6757539e+01
   1.3000000e+01   2.5070455e+01  -1.5600000e+02   1.8692036e+01  -2.0591864e+01  -3.3000000e+01   3.5522576e+01
   1.3000000e+01   2.4817101e+01  -1.5600000e+02   1.8939254e+01  -1.9352033e+01  -3.3000000e+01   3.3881120e+01
   1.3000000e+01   2.2201972e+01  -1.5600000e+02   1.7380751e+01  -1.8274871e+01  -3.3000000e+01   3.1964269e+01
   1.3000000e+01   2.3915805e+01  -1.5600000e+02   1.9143637e+01  -1.7135915e+01  -3.3000000e+01   3.0600207e+01
   1.3000000e+01   2.1028584e+01  -1.5600000e+02   1.7337911e+01  -1.6129788e+01  -3.3000000e+01   2.9622271e+01
   1.3000000e+01   2.1529783e+01  -1.5600000e+02   1.8588831e+01  -1.4856307e+01  -3.3000000e+01   2.7349518e+01
   1.3000000e+01   2.0304070e+01  -1.5600000e+02   1.8187189e+01  -1.3149585e+01  -3.3000000e+01   2.5419468e+01
   1.3000000e+01   2.2621776e+01  -1.5600000e+02   2.0520547e+01  -1.1269160e+01  -3.3000000e+01   2.4522133e+01
   1.3000000e+01   2.2712785e+01  -1.5600000e+02   2.1019025e+01  -9.6699132e+00  -3.3000000e+01   2.3757530e+01
   1.3000000e+01   2.3965395e+01  -1.5600000e+02   2.3239854e+01  -8.1961569e+00  -3.3000000e+01   2.3147969e+01
   1.3000000e+01   2.3974213e+01  -1.5600000e+02   2.4285602e+01  -7.0528655e+00  -3.3000000e+01   2.0199817e+01
   1.3000000e+01   2.2340393e+01  -1.5600000e+02   2.4505025e+01  -5.7468970e+00  -3.3000000e+01   1.8883828e+01
   1.3000000e+01   2.0568439e+01  -1.5600000e+02   2.4439577e+01  -4.5233564e+00  -3.3000000e+01   1.6540816e+01
   1.3000000e+01   1.9811666e+01  -1.5600000e+02   2.4122981e+01  -3.3351128e+00  -3.3000000e+01   1.5006360e+01
   1.3000000e+01   2.0321733e+01  -1.5600000e+02   2.5098903e+01  -1.7037514e+00  -3.3000000e+01   1.4462046e+01
   1.3000000e+01   2.2259911e+01  -1.5600000e+02   2.7107950e+01   2.1249225e-01  -3.3000000e+01   1.1522540e+01
   1.3000000e+01   2.4974164e+01  -1.5600000e+02   3.0293642e+01   2.7135725e+00  -3.3000000e+01   1.0081063e+01
   1.3000000e+01   2.4113868e+01  -1.5600000e+02   3.0993365e+01   3.8691714e+00  -3.3000000e+01   8.1768270e+00
   1.3000000e+01   2.4924243e+01  -1.5600000e+02   3.1963934e+01   6.0163616e+00  -3.3000000e+01   7.7200050e+00
   1.3000000e+01   2.5015752e+01  -1.5600000e+02   3.2426196e+01   7.8848421e+00  -3.3000000e+01   6.8514529e+00
   1.3000000e+01   2.6407857e+01  -1.5600000e+02   3.4079163e+01   1.1063018e+01  -3.3000000e+01   3.8266296e+00
   1.3000000e+01   2.6866978e+01  -1.5600000e+02   3.5378667e+01   1.3604704e+01  -3.3000000e+01   2.8729290e+00
   1.3000000e+01   2.7381440e+01  -1.5600000e+02   3.3674363e+01   1.3156867e+01  -3.3000000e+01   7.1895662e-01
   1.3000000e+01   2.7329566e+01  -1.5600000e+02   3.1976422e+01   1.2455328e+01  -3.3000000e+01  -4.4840801e-01
   1.3000000e+01   2.7027736e+01  -1.5600000e+02   3.0394698e+01   1.1181936e+01  -3.3000000e+01   2.7201058e-01
   1.3000000e+01   2.6874041e+01  -1.5600000e+02   2.8475466e+01   7.4633317e+00  -3.3000000e+01   2.2007160e+00
   1.3000000e+01   2.7185566e+01  -1.5600000e+02   2.6041821e+01   2.3907375e+00  -3.3000000e+01   6.0588088e+00
   1.3000000e+01   2.6101602e+01  -1.5600000e+02   2.2183436e+01  -3.8902061e+00  -3.3000000e+01   1.0588214e+01
   1.3000000e+01   2.4891625e+01  -1.5600000e+02   1.8318865e+01  -9.5644647e+00  -3.3000000e+01   1.3279102e+01
   1.3000000e+01   2.3715120e+01  -1.5600000e+02   1.5291569e+01  -1.5272600e+01  -3.3000000e+01   1.6998466e+01
   1.3000000e+01   2.3324230e+01  -1.5600000e+02   1.3480935e+01  -2.0724630e+01  -3.3000000e+01   2.2131325e+01
   1.3000000e+01   2.4603755e+01  -1.5600000e+02   1.4139473e+01  -2.6122424e+01  -3.3000000e+01   2.7192954e+01
   1.3000000e+01   2.4973507e+01  -1.5600000e+02   1.4345759e+01  -3.1038659e+01  -3.3000000e+01   3.0514768e+01
   1.3000000e+01   2.4575613e+01  -1.5600000e+02   1.5228734e+01  -3.5157808e+01  -3.3000000e+01   3.2656463e+01
   1.3000000e+01   2.0670383e+01  -1.5600000e+02   1.5777173e+01  -3.9086731e+01  -3.3000000e+01   3.4761351e+01
   1.3000000e+01   1.9369016e+01  -1.5600000e+02   1.7745410e+01  -4.1668544e+01  -3.3000000e+01   3.6520641e+01
   1.3000000e+01   1.8714261e+01  -1.5600000e+02   1.6403421e+01  -4.0277411e+01  -3.3000000e+01   3.6661977e+01
   1.3000000e+01   2.0685225e+01  -1.5600000e+02   1.7315294e+01  -3.7987718e+01  -3.3000000e+01   3.7236147e+01
   1.3000000e+01   2.0029210e+01  -1.5600000e+02   1.6322660e+01  -3.6571114e+01  -3.3000000e+01   3.6414906e+01
   1.3000000e+01   1.9707983e+01  -1.5600000e+02   1.4875490e+01  -3.4068788e+01  -3.3000000e+01   3.7184177e+01
   1.3000000e+01   1.9668632e+01  -1.5600000e+02   1.4221674e+01  -3.2602491e+01  -3.3000000e+01   3.7598346e+01
   1.3000000e+01   2.1798365e+01  -1.5600000e+02   1.5631302e+01  -2.9836604e+01  -3.3000000e+01   3.7188386e+01
   1.3000000e+01   2.1517427e+01  -1.5600000e+02   1.5361734e+01  -2.7918786e+01  -3.3000000e+01   3.7294876e+01
   1.3000000e+01   2.1139676e+01  -1.5600000e+02   1.5177396e+01  -2.5994439e+01  -3.3000000e+01   3.7369283e+01
   1.3000000e+01   2.2543808e+01  -1.5600000e+02   1.6480229e+01  -2.4558169e+01  -3.3000000e+01   3.6940321e+01
   1.3000000e+01   2.2566050e+01  -1.5600000e+02   1.7072564e+01  -2.3172915e+01  -3.3000000e+01   3.5825610e+01
   1.3000000e+01   2.4358960e+01  -1.5600000e+02   1.9074482e+01  -2.0423246e+01  -3.3000000e+01   3.4571078e+01
   1.3000000e+01   2.4681676e+01  -1.5600000e+02   1.9465822e+01  -1.8629268e+01  -3.3000000e+01   3.3665571e+01
   1.3000000e+01   2.4240791e+01  -1.5600000e+02   1.9350229e+01  -1.6817789e+01  -3.3000000e+01   3.2465846e+01
   1.3000000e+01   2.0843842e+01  -1.5600000e+02   1.6884911e+01  -1.5306931e+01  -3.3000000e+01   3.1523773e+01
   1.3000000e+01   1.9107523e+01  -1.5600000e+02   1.5777727e+01  -1.3768791e+01  -3.3000000e+01   2.9810131e+01
   1.3000000e+01   1.8128530e+01  -1.5600000e+02   1.5425900e+01  -1.1754036e+01  -3.3000000e+01   2.8212135e+01
   1.3000000e+01   1.9235186e+01  -1.5600000e+02   1.6933357e+01  -1.0045819e+01  -3.3000000e+01   2.6568270e+01
   1.3000000e+01   2.0788522e+01  -1.5600000e+02   1.8799391e+01  -8.3789437e+00  -3.3000000e+01   2.5288028e+01
   1.3000000e+01   2.2028943e+01  -1.5600000e+02   2.1044704e+01  -6.4303091e+00  -3.3000000e+01   2.4065276e+01
   1.3000000e+01   2.3171227e+01  -1.5600000e+02   2.2825530e+01  -4.0176578e+00  -3.3000000e+01   2.2813321e+01
   1.3000000e+01   2.2911842e+01  -1.5600000e+02   2.3566165e+01  -2.2349104e+00  -3.3000000e+01   2.0406947e+01
   1.3000000e+01   2.3324460e+01  -1.5600000e+02   2.5492242e+01  -1.1252121e+00  -3.3000000e+01   1.7598863e+01
   1.3000000e+01   2.3848016e+01  -1.5600000e+02   2.7324714e+01  -1.9544093e-01  -3.3000000e+01   1.5135552e+01
   1.3000000e+01   2.6001162e+01  -1.5600000e+02   3.0383370e+01   2.0959760e+00  -3.3000000e+01   1.4065400e+01
   1.3000000e+01   2.6557701e+01  -1.5600000e+02   3.1779404e+01   4.2539313e+00  -3.3000000e+01   1.1431931e+01
   1.3000000e+01   2.6702233e+01  -1.5600000e+02   3.2412882e+01   6.4640326e+00  -3.3000000e+01   9.9683507e+00
   1.3000000e+01   2.6049029e+01  -1.5600000e+02   3.2966137e+01   8.2858200e+00  -3.3000000e+01   7.0619942e+00
   1.3000000e+01   2.4927392e+01  -1.5600000e+02   3.3020342e+01   9.9895388e+00  -3.3000000e+01   4.5281128e+00
   1.3000000e+01   2.5921931e+01  -1.5600000e+02   3.5050613e+01   1.3174793e+01  -3.3000000e+01   1.5099414e+00
   1.3000000e+01   2.5854467e+01  -1.5600000e+02   3.6887310e+01   1.6929085e+01  -3.3000000e+01  -2.2942311e+00
   1.3000000e+01   2.4444893e+01  -1.5600000e+02   3.6744146e+01   1.8538503e+01  -3.3000000e+01  -2.3672503e+00
   1.3000000e+01   2.4094660e+01  -1.5600000e+02   3.4048447e+01   1.8350096e+01  -3.3000000e+01  -2.8093842e+00
   1.3000000e+01   2.5074234e+01  -1.5600000e+02   3.1678346e+01   1.6633381e+01  -3.3000000e+01  -3.8788312e+00
   1.3000000e+01   2.4505154e+01  -1.5600000e+02   2.8895803e+01   1.3367182e+01  -3.3000000e+01  -3.8105236e+00
   1.3000000e+01   2.5751457e+01  -1.5600000e+02   2.6904953e+01   8.4135540e+00  -3.3000000e+01  -4.9389410e+00
   1.3000000e+01   2.7757986e+01  -1.5600000e+02   2.7129902e+01   2.6320266e+00  -3.3000000e+01  -9.3678204e-01
   1.3000000e+01   2.7900841e+01  -1.5600000e+02   2.5615929e+01  -4.2682983e+00  -3.3000000e+01   4.1830867e+00
   1.3000000e+01   2.5986045e+01  -1.5600000e+02   2.2073282e+01  -1.0922188e+01  -3.3000000e+01   6.7333220e+00
   1.3000000e+01   2.2590529e+01  -1.5600000e+02   1.8263833e+01  -1.6491674e+01  -3.3000000e+01   9.8598101e+00
   1.3000000e+01   2.0526437e+01  -1.5600000e+02   1.4187976e+01  -2.0881615e+01  -3.3000000e+01   1.3996971e+01
   1.3000000e+01   2.1361792e+01  -1.5600000e+02   1.4144884e+01  -2.6253303e+01  -3.3000000e+01   1.6110881e+01
   1.3000000e+01   2.1599354e+01  -1.5600000e+02   1.5775256e+01  -3.1476203e+01  -3.3000000e+01   1.8060512e+01
   1.3000000e+01   2.1106305e+01  -1.5600000e+02   1.6528347e+01  -3.5543333e+01  -3.3000000e+01   2.2261192e+01
   1.3000000e+01   2.0734996e+01  -1.5600000e+02   1.7713401e+01  -3.9048782e+01  -3.3000000e+01   2.7113951e+01
   1.3000000e+01   2.1358016e+01  -1.5600000e+02   1.9903374e+01  -4.1936556e+01  -3.3000000e+01   3.0487866e+01
   1.3000000e+01   2.0608802e+01  -1.5600000e+02   2.0022541e+01  -4.2816908e+01  -3.3000000e+01   3.3333441e+01
   1.3000000e+01   2.2114860e+01  -1.5600000e+02   2.0532346e+01  -4.1159222e+01  -3.3000000e+01   3.4558599e+01
   1.3000000e+01   2.1376161e+01  -1.5600000e+02   1.9237503e+01  -3.9689026e+01  -3.3000000e+01   3.5861791e+01
   1.3000000e+01   2.0946724e+01  -1.5600000e+02   1.7573086e+01  -3.7693893e+01  -3.3000000e+01   3.6876683e+01
   1.3000000e+01   2.2560972e+01  -1.5600000e+02   1.7665078e+01  -3.5308664e+01  -3.3000000e+01   3.7952753e+01
   1.3000000e+01   2.2987908e+01  -1.5600000e+02   1.6863973e+01  -3.2927866e+01  -3.3000000e+01   3.9109910e+01
   1.3000000e+01   2.1651547e+01  -1.5600000e+02   1.5045867e+01  -3.1187202e+01  -3.3000000e+01   3.8790709e+01
   1.3000000e+01   2.6550003e+01  -1.5600000e+02   1.8741131e+01  -2.8279343e+01  -3.3000000e+01   3.9092240e+01
   1.3000000e+01   2.9459801e+01  -1.5600000e+02   2.1800902e+01  -2.5617148e+01  -3.3000000e+01   3.9431926e+01
   1.3000000e+01   2.6973452e+01  -1.5600000e+02   1.9822968e+01  -2.4605205e+01  -3.3000000e+01   3.9125476e+01
   1.3000000e+01   2.7901067e+01  -1.5600000e+02   2.0423429e+01  -2.2517675e+01  -3.3000000e+01   3.8451922e+01
   1.3000000e+01   2.4536651e+01  -1.5600000e+02   1.7841369e+01  -2.1679462e+01  -3.3000000e+01   3.7578037e+01
   1.3000000e+01   2.6564062e+01  -1.5600000e+02   1.9375076e+01  -1.9225281e+01  -3.3000000e+01   3.6708283e+01
   1.3000000e+01   2.1612044e+01  -1.5600000e+02   1.5701880e+01  -1.7863907e+01  -3.3000000e+01   3.5448855e+01
   1.3000000e+01   2.0667964e+01  -1.5600000e+02   1.4944154e+01  -1.6256021e+01  -3.3000000e+01   3.4537832e+01
   1.3000000e+01   2.0081194e+01  -1.5600000e+02   1.4454026e+01  -1.4092149e+01  -3.3000000e+01   3.3541389e+01
   1.3000000e+01   1.9742748e+01  -1.5600000e+02   1.5117004e+01  -1.1740459e+01  -3.3000000e+01   3.1769436e+01
   1.3000000e+01   2.1895763e+01  -1.5600000e+02   1.7548862e+01  -9.3259555e+00  -3.3000000e+01   2.9194124e+01
   1.3000000e+01   2.1774849e+01  -1.5600000e+02   1.8919385e+01  -7.4839427e+00  -3.3000000e+01   2.7007877e+01
   1.3000000e+01   2.3161897e+01  -1.5600000e+02   2.1015668e+01  -5.4838476e+00  -3.3000000e+01   2.4134093e+01
   1.3000000e+01   2.3524841e+01  -1.5600000e+02   2.2512729e+01  -3.2384473e+00  -3.3000000e+01   2.2769395e+01
   1.3000000e+01   2.1382219e+01  -1.5600000e+02   2.2356658e+01  -1.9520737e+00  -3.3000000e+01   1.9766513e+01
   1.3000000e+01   2.0829294e+01  -1.5600000e+02   2.3336475e+01  -1.0908931e+00  -3.3000000e+01   1.7230968e+01
   1.3000000e+01   2.1250907e+01  -1.5600000e+02   2.5117949e+01   1.6817252e-01  -3.3000000e+01   1.4962865e+01
   1.3000000e+01   2.3187295e+01  -1.5600000e+02   2.8006030e+01   2.0953565e+00  -3.3000000e+01   1.3673954e+01
   1.3000000e+01   2.4127190e+01  -1.5600000e+02   2.9798432e+01   4.2556837e+00  -3.3000000e+01   1.1698841e+01
   1.3000000e+01   2.5014471e+01  -1.5600000e+02   3.1525287e+01   6.7145021e+00  -3.3000000e+01   9.2044693e+00
   1.3000000e+01   2.4314772e+01  -1.5600000e+02   3.2348872e+01   8.8422644e+00  -3.3000000e+01   6.4576398e+00
   1.3000000e+01   2.5186768e+01  -1.5600000e+02   3.4013624e+01   1.0571613e+01  -3.3000000e+01   3.8087551e+00
   1.3000000e+01   2.4810415e+01  -1.5600000e+02   3.5795910e+01   1.5208985e+01  -3.3000000e+01  -7.5082355e-01
   1.3000000e+01   2.3501495e+01  -1.5600000e+02   3.6841283e+01   1.8289414e+01  -3.3000000e+01  -2.8139014e+00
   1.3000000e+01   2.2359290e+01  -1.5600000e+02   3.6269463e+01   1.8864353e+01  -3.3000000e+01  -3.1804221e+00
   1.3000000e+01   2.3190196e+01  -1.5600000e+02   3.4685445e+01   1.8012447e+01  -3.3000000e+01  -3.0818178e+00
   1.3000000e+01   2.3554431e+01  -1.5600000e+02   3.1504871e+01   1.5625026e+01  -3.3000000e+01  -2.7088940e-02
   1.3000000e+01   2.5553705e+01  -1.5600000e+02   2.9139367e+01   1.1203680e+01  -3.3000000e+01   1.3738821e+00
   1.3000000e+01   2.7847072e+01  -1.5600000e+02   2.8112247e+01   5.5610015e+00  -3.3000000e+01   1.8948766e+00
   1.3000000e+01   2.6933810e+01  -1.5600000e+02   2.6339328e+01  -1.3860856e+00  -3.3000000e+01   3.8300890e+00
   1.3000000e+01   2.5324532e+01  -1.5600000e+02   2.3897968e+01  -8.6436088e+00  -3.3000000e+01   4.2871891e+00
   1.3000000e+01   2.3765170e+01  -1.5600000e+02   2.1153458e+01  -1.5649210e+01  -3.3000000e+01   6.0017594e+00
   1.3000000e+01   2.0757969e+01  -1.5600000e+02   1.6975718e+01  -2.1981096e+01  -3.3000000e+01   5.4954220e+00
   1.3000000e+01   1.8887304e+01  -1.5600000e+02   1.4522111e+01  -2.6224395e+01  -3.3000000e+01   1.0624463e+01
   1.3000000e+01   1.9478246e+01  -1.5600000e+02   1.4994976e+01  -3.0982106e+01  -3.3000000e+01   1.6426365e+01
   1.3000000e+01   2.1984410e+01  -1.5600000e+02   1.8890684e+01  -3.4699209e+01  -3.3000000e+01   2.2935767e+01
   1.3000000e+01   2.2208070e+01  -1.5600000e+02   2.0651233e+01  -3.9221080e+01  -3.3000000e+01   2.7421091e+01
   1.3000000e+01   2.0204204e+01  -1.5600000e+02   2.0956550e+01  -4.3277388e+01  -3.3000000e+01   3.0185330e+01
   1.3000000e+01   1.9995112e+01  -1.5600000e+02   2.0276111e+01  -4.2720601e+01  -3.3000000e+01   3.2177584e+01
   1.3000000e+01   1.8433078e+01  -1.5600000e+02   1.7926221e+01  -4.1708609e+01  -3.3000000e+01   3.2919625e+01
   1.3000000e+01   1.9499184e+01  -1.5600000e+02   1.7610078e+01  -3.9611280e+01  -3.3000000e+01   3.3602732e+01
   1.3000000e+01   1.9379679e+01  -1.5600000e+02   1.6749760e+01  -3.7948596e+01  -3.3000000e+01   3.4433750e+01
   1.3000000e+01   2.0654519e+01  -1.5600000e+02   1.6591414e+01  -3.6000223e+01  -3.3000000e+01   3.5079870e+01
   1.3000000e+01   1.9957480e+01  -1.5600000e+02   1.4838720e+01  -3.3755020e+01  -3.3000000e+01   3.6687669e+01
   1.3000000e+01   2.1921729e+01  -1.5600000e+02   1.5653526e+01  -3.1495249e+01  -3.3000000e+01   3.6986658e+01
   1.3000000e+01   2.4554071e+01  -1.5600000e+02   1.8242095e+01  -2.9543583e+01  -3.3000000e+01   3.7104294e+01
   1.3000000e+01   2.5226026e+01  -1.5600000e+02   1.8824616e+01  -2.8011675e+01  -3.3000000e+01   3.6592686e+01
   1.3000000e+01   2.4142189e+01  -1.5600000e+02   1.7947781e+01  -2.6952422e+01  -3.3000000e+01   3.6643904e+01
   1.3000000e+01   2.2653684e+01  -1.5600000e+02   1.6658544e+01  -2.5757954e+01  -3.3000000e+01   3.6653183e+01
   1.3000000e+01   2.2675478e+01  -1.5600000e+02   1.6207927e+01  -2.4572915e+01  -3.3000000e+01   3.6435693e+01
   1.3000000e+01   2.2716917e+01  -1.5600000e+02   1.6476449e+01  -2.2866885e+01  -3.3000000e+01   3.5459086e+01
   1.3000000e+01   2.2748897e+01  -1.5600000e+02   1.6492957e+01  -2.1696740e+01  -3.3000000e+01   3.4890212e+01
   1.3000000e+01   1.9045064e+01  -1.5600000e+02   1.3230060e+01  -2.0170325e+01  -3.3000000e+01   3.4732562e+01
   1.3000000e+01   1.9582578e+01  -1.5600000e+02   1.3293012e+01  -1.8833186e+01  -3.3000000e+01   3.3989730e+01
   1.3000000e+01   1.9568394e+01  -1.5600000e+02   1.3719230e+01  -1.7435624e+01  -3.3000000e+01   3.4028093e+01
   1.3000000e+01   1.8844589e+01  -1.5600000e+02   1.3630342e+01  -1.6576142e+01  -3.3000000e+01   3.2417319e+01
   1.3000000e+01   1.8854659e+01  -1.5600000e+02   1.4247919e+01  -1.5152940e+01  -3.3000000e+01   3.1890106e+01
   1.3000000e+01   1.7998715e+01  -1.5600000e+02   1.4847306e+01  -1.3399363e+01  -3.3000000e+01   3.0409379e+01
   1.3000000e+01   1.9176847e+01  -1.5600000e+02   1.6183005e+01  -1.1719631e+01  -3.3000000e+01   2.8875253e+01
   1.3000000e+01   1.9077093e+01  -1.5600000e+02   1.6893503e+01  -1.0292594e+01  -3.3000000e+01   2.8485458e+01
   1.3000000e+01   1.8974893e+01  -1.5600000e+02   1.7640156e+01  -8.7966455e+00  -3.3000000e+01   2.5500176e+01
   1.3000000e+01   1.8706888e+01  -1.5600000e+02   1.8269808e+01  -7.5722964e+00  -3.3000000e+01   2.3905645e+01
   1.3000000e+01   1.9484815e+01  -1.5600000e+02   1.9803187e+01  -5.6959045e+00  -3.3000000e+01   2.2402742e+01
   1.3000000e+01   1.9241168e+01  -1.5600000e+02   2.0895552e+01  -4.0648078e+00  -3.3000000e+01   2.0536034e+01
   1.3000000e+01   1.9333737e+01  -1.5600000e+02   2.2294708e+01  -2.6091242e+00  -3.3000000e+01   1.8901799e+01
   1.3000000e+01   2.0467928e+01  -1.5600000e+02   2.4148109e+01  -5.0287573e-01  -3.3000000e+01   1.5963525e+01
   1.3000000e+01   2.1622859e+01  -1.5600000e+02   2.6127607e+01   1.3502520e+00  -3.3000000e+01   1.4347639e+01
   1.3000000e+01   2.4993331e+01  -1.5600000e+02   2.8995138e+01   3.3685417e+00  -3.3000000e+01   1.3474080e+01
   1.3000000e+01   2.6925073e+01  -1.5600000e+02   3.1448790e+01   5.2260803e+00  -3.3000000e+01   1.2681454e+01
   1.3000000e+01   2.8909387e+01  -1.5600000e+02   3.3646703e+01   7.4742063e+00  -3.3000000e+01   1.1576967e+01
   1.3000000e+01   2.9867930e+01  -1.5600000e+02   3.4154135e+01   8.3744776e+00  -3.3000000e+01   1.1103032e+01
   1.3000000e+01   2.9364702e+01  -1.5600000e+02   3.2439075e+01   7.8543862e+00  -3.3000000e+01   7.9837414e+00
   1.3000000e+01   2.9354786e+01  -1.5600000e+02   3.0412942e+01   6.6652809e+00  -3.3000000e+01   4.2240974e+00
   1.3000000e+01   2.9263482e+01  -1.5600000e+02   2.8466207e+01   4.5935094e+00  -3.3000000e+01   2.4007353e+00
   1.3000000e+01   2.8151236e+01  -1.5600000e+02   2.7301947e+01   2.0097771e+00  -3.3000000e+01   3.7462570e+00
   1.3000000e+01   2.5668131e+01  -1.5600000e+02   2.5374337e+01  -1.7965573e+00  -3.3000000e+01   5.9997895e+00
   1.3000000e+01   2.2531973e+01  -1.5600000e+02   2.2146326e+01  -7.0100904e+00  -3.3000000e+01   1.0146688e+01
   1.3000000e+01   2.1071705e+01  -1.5600000e+02   1.9089467e+01  -1.4135700e+01  -3.3000000e+01   1.4034989e+01
   1.3000000e+01   2.0031069e+01  -1.5600000e+02   1.5511876e+01  -2.1094091e+01  -3.3000000e+01   1.7323707e+01
   1.3000000e+01   2.3340226e+01  -1.5600000e+02   1.5608180e+01  -2.6303505e+01  -3.3000000e+01   1.9703544e+01
   1.3000000e+01   2.5596362e+01  -1.5600000e+02   1.5991083e+01  -3.0524397e+01  -3.3000000e+01   2.1204440e+01
   1.3000000e+01   2.8259045e+01  -1.5600000e+02   1.7743245e+01  -3.3515137e+01  -3.3000000e+01   2.1257681e+01
   1.3000000e+01   2.8671107e+01  -1.5600000e+02   1.9799862e+01  -3.6429197e+01  -3.3000000e+01   2.0230939e+01
   1.3000000e+01   2.2918352e+01  -1.5600000e+02   1.9591924e+01  -4.2726468e+01  -3.3000000e+01   1.8893562e+01
   1.3000000e+01   2.1139103e+01  -1.5600000e+02   2.3749568e+01  -4.6739686e+01  -3.3000000e+01   2.0897759e+01
   1.3000000e+01   1.9969363e+01  -1.5600000e+02   2.7171130e+01  -4.8894095e+01  -3.3000000e+01   2.3667629e+01
   1.3000000e+01   2.1783268e+01  -1.5600000e+02   2.8462118e+01  -4.7064684e+01  -3.3000000e+01   2.7172612e+01
   1.3000000e+01   2.2423363e+01  -1.5600000e+02   2.7132624e+01  -4.4582232e+01  -3.3000000e+01   2.8792707e+01
   1.3000000e+01   2.6065488e+01  -1.5600000e+02   2.8214662e+01  -4.1351146e+01  -3.3000000e+01   3.0168550e+01
   1.3000000e+01   2.8220629e+01  -1.5600000e+02   2.8993855e+01  -3.8703778e+01  -3.3000000e+01   3.1917880e+01
   1.3000000e+01   3.0411366e+01  -1.5600000e+02   2.9899496e+01  -3.6085453e+01  -3.3000000e+01   3.1969468e+01
   1.3000000e+01   3.0471194e+01  -1.5600000e+02   2.9066067e+01  -3.4156193e+01  -3.3000000e+01   3.2950232e+01
   1.3000000e+01   2.9970475e+01  -1.5600000e+02   2.7735524e+01  -3.2746237e+01  -3.3000000e+01   3.3577409e+01
   1.3000000e+01   2.8122632e+01  -1.5600000e+02   2.4738207e+01  -3.1540116e+01  -3.3000000e+01   3.3966787e+01
   1.3000000e+01   2.5998845e+01  -1.5600000e+02   2.1969300e+01  -3.0707971e+01  -3.3000000e+01   3.4804976e+01
   1.3000000e+01   2.4192426e+01  -1.5600000e+02   1.9595723e+01  -2.8999463e+01  -3.3000000e+01   3.4748439e+01
   1.3000000e+01   2.3168634e+01  -1.5600000e+02   1.8827283e+01  -2.7570771e+01  -3.3000000e+01   3.4682787e+01
   1.3000000e+01   2.1638282e+01  -1.5600000e+02   1.6732786e+01  -2.6289928e+01  -3.3000000e+01   3.5313769e+01
   1.3000000e+01   2.2177397e+01  -1.5600000e+02   1.7352588e+01  -2.5260452e+01  -3.3000000e+01   3.5154247e+01
   1.3000000e+01   2.0718564e+01  -1.5600000e+02   1.6036629e+01  -2.4599323e+01  -3.3000000e+01   3.5181858e+01
   1.3000000e+01   2.3234365e+01  -1.5600000e+02   1.8176991e+01  -2.3022653e+01  -3.3000000e+01   3.3970931e+01
   1.3000000e+01   2.3306274e+01  -1.5600000e+02   1.8434094e+01  -2.1689627e+01  -3.3000000e+01   3.3445410e+01
   1.3000000e+01   2.4353820e+01  -1.5600000e+02   1.9604763e+01  -2.0032559e+01  -3.3000000e+01   3.2204004e+01
   1.3000000e+01   2.3442852e+01  -1.5600000e+02   1.9455052e+01  -1.8802505e+01  -3.3000000e+01   3.1722602e+01
   1.3000000e+01   2.2775546e+01  -1.5600000e+02   1.9225455e+01  -1.7322232e+01  -3.3000000e+01   3.1144796e+01
   1.3000000e+01   2.2505209e+01  -1.5600000e+02   1.8793858e+01  -1.5923124e+01  -3.3000000e+01   3.1068047e+01
   1.3000000e+01   1.9718740e+01  -1.5600000e+02   1.7174793e+01  -1.4494023e+01  -3.3000000e+01   2.9218102e+01
   1.3000000e+01   1.8314587e+01  -1.5600000e+02   1.6357711e+01  -1.3252608e+01  -3.3000000e+01   2.6867637e+01
   1.3000000e+01   1.7406856e+01  -1.5600000e+02   1.6491604e+01  -1.1624150e+01  -3.3000000e+01   2.5713373e+01
   1.3000000e+01   1.7189014e+01  -1.5600000e+02   1.7417709e+01  -1.0086728e+01  -3.3000000e+01   2.3772140e+01
   1.3000000e+01   1.7650723e+01  -1.5600000e+02   1.9431763e+01  -8.4850297e+00  -3.3000000e+01   2.2399759e+01
   1.3000000e+01   1.8491236e+01  -1.5600000e+02   2.1356738e+01  -7.2552794e+00  -3.3000000e+01   2.0159977e+01
   1.3000000e+01   2.0055586e+01  -1.5600000e+02   2.3350201e+01  -5.2461882e+00  -3.3000000e+01   1.8450179e+01
   1.3000000e+01   2.1780171e+01  -1.5600000e+02   2.5116459e+01  -3.2996832e+00  -3.3000000e+01   1.6857448e+01
   1.3000000e+01   2.2597413e+01  -1.5600000e+02   2.6883076e+01  -1.6840512e+00  -3.3000000e+01   1.5132703e+01
   1.3000000e+01   2.2726818e+01  -1.5600000e+02   2.7493323e+01  -4.1240434e-03  -3.3000000e+01   1.4620013e+01
   1.3000000e+01   2.5601570e+01  -1.5600000e+02   3.0399614e+01   1.6654370e+00  -3.3000000e+01   1.3175941e+01
   1.3000000e+01   2.6661253e+01  -1.5600000e+02   3.2371739e+01   3.3144783e+00  -3.3000000e+01   1.1636045e+01
   1.3000000e+01   2.7602160e+01  -1.5600000e+02   3.2994436e+01   4.6096653e+00  -3.3000000e+01   1.1560045e+01
   1.3000000e+01   2.8698801e+01  -1.5600000e+02   3.3235815e+01   6.4761137e+00  -3.3000000e+01   1.0562356e+01
   1.3000000e+01   2.9323864e+01  -1.5600000e+02   3.1414908e+01   6.0402155e+00  -3.3000000e+01   8.5014831e+00
   1.3000000e+01   2.8906216e+01  -1.5600000e+02   2.7991698e+01   4.5625867e+00  -3.3000000e+01   5.5848848e+00
   1.3000000e+01   2.8670860e+01  -1.5600000e+02   2.5479154e+01   2.0617783e+00  -3.3000000e+01   3.8347743e+00
   1.3000000e+01   2.8971140e+01  -1.5600000e+02   2.4032534e+01  -1.5684404e+00  -3.3000000e+01   3.9807615e+00
   1.3000000e+01   2.7017202e+01  -1.5600000e+02   2.2200350e+01  -5.0077459e+00  -3.3000000e+01   6.6461279e+00
   1.3000000e+01   2.4751919e+01  -1.5600000e+02   2.0569671e+01  -8.3721874e+00  -3.3000000e+01   9.6860979e+00
   1.3000000e+01   2.1590767e+01  -1.5600000e+02   1.7571619e+01  -1.3953009e+01  -3.3000000e+01   1.1586518e+01
   1.3000000e+01   2.0285050e+01  -1.5600000e+02   1.5200517e+01  -2.0333185e+01  -3.3000000e+01   1.4615201e+01
   1.3000000e+01   2.4320703e+01  -1.5600000e+02   1.6376425e+01  -2.5113239e+01  -3.3000000e+01   1.6639616e+01
   1.3000000e+01   2.8490381e+01  -1.5600000e+02   1.9962677e+01  -2.9737250e+01  -3.3000000e+01   1.8185889e+01
   1.3000000e+01   2.8723177e+01  -1.5600000e+02   2.0077944e+01  -3.3623492e+01  -3.3000000e+01   1.9626682e+01
   1.3000000e+01   2.6608808e+01  -1.5600000e+02   1.8866980e+01  -3.6401663e+01  -3.3000000e+01   2.2006216e+01
   1.3000000e+01   2.4555666e+01  -1.5600000e+02   1.8886788e+01  -3.8673999e+01  -3.3000000e+01   2.5498731e+01
   1.3000000e+01   2.1867809e+01  -1.5600000e+02   1.8692002e+01  -4.0615892e+01  -3.3000000e+01   2.9664847e+01
   1.3000000e+01   2.1441784e+01  -1.5600000e+02   1.9932642e+01  -4.1506729e+01  -3.3000000e+01   3.4119384e+01
   1.3000000e+01   2.1555107e+01  -1.5600000e+02   1.9600967e+01  -4.0872901e+01  -3.3000000e+01   3.5663233e+01
   1.3000000e+01   2.0798380e+01  -1.5600000e+02   1.8168641e+01  -3.9582696e+01  -3.3000000e+01   3.6058287e+01
