   2.2008647e+01   2.7455425e+01  -1.5910092e+02   1.7874406e+01  -2.5804610e+01  -3.1210398e+01   3.9444065e+01
   1.8704850e+01   2.5916883e+01  -1.5750392e+02   1.6503111e+01  -2.4093996e+01  -3.1263430e+01   4.0171129e+01
   1.5310915e+01   2.4365710e+01  -1.5586779e+02   1.5139249e+01  -2.2333547e+01  -3.1379664e+01   4.0846735e+01
   1.3000000e+01   2.3324663e+01  -1.5424398e+02   1.5978965e+01  -1.7983813e+01  -3.3000000e+01   3.8335286e+01
   1.3000000e+01   2.1620348e+01  -1.5271898e+02   1.5179118e+01  -1.7540757e+01  -3.3000000e+01   3.6692901e+01
   1.3000000e+01   2.1543353e+01  -1.5134217e+02   1.4692430e+01  -1.6909966e+01  -3.3000000e+01   3.6392206e+01
   1.3000000e+01   2.0604288e+01  -1.4980551e+02   1.3639507e+01  -1.6175237e+01  -3.3000000e+01   3.5477335e+01
   1.3000000e+01   1.9511101e+01  -1.5011643e+02   1.4242852e+01  -1.5413980e+01  -3.3000000e+01   3.3415274e+01
   1.3000000e+01   1.7993592e+01  -1.4961097e+02   1.3764246e+01  -1.4629355e+01  -3.3000000e+01   3.0661134e+01
   1.3000000e+01   1.7294480e+01  -1.4959083e+02   1.3483253e+01  -1.3463665e+01  -3.3000000e+01   2.8703010e+01
   1.3000000e+01   1.7143616e+01  -1.4940457e+02   1.3693753e+01  -1.2016251e+01  -3.3000000e+01   2.7020670e+01
   1.3000000e+01   1.7342624e+01  -1.4946405e+02   1.6024777e+01  -1.0114147e+01  -3.3000000e+01   2.5471966e+01
   1.3000000e+01   2.0528627e+01  -1.5070400e+02   1.9855767e+01  -7.3592529e+00  -3.3000000e+01   2.3221283e+01
   1.3000000e+01   2.1785417e+01  -1.5073516e+02   2.1982988e+01  -5.0271553e+00  -3.3000000e+01   2.1640879e+01
   1.3000000e+01   2.3168770e+01  -1.5060353e+02   2.4277564e+01  -2.8657964e+00  -3.3000000e+01   1.8995033e+01
   1.3000000e+01   2.4367472e+01  -1.5032175e+02   2.6544452e+01  -8.5480552e-01  -3.3000000e+01   1.6676382e+01
   1.3000000e+01   2.5418739e+01  -1.5023009e+02   2.7717239e+01   6.2247621e-01  -3.3000000e+01   1.4353104e+01
   1.3000000e+01   2.6398640e+01  -1.4965824e+02   2.8244123e+01   1.6897771e+00  -3.3000000e+01   1.2240416e+01
   1.3000000e+01   2.7260321e+01  -1.4969346e+02   2.8677463e+01   2.4783606e+00  -3.3000000e+01   1.1741722e+01
   1.3000000e+01   2.6040527e+01  -1.4990553e+02   2.5965809e+01   1.6005408e+00  -3.3000000e+01   1.1906647e+01
   1.3000000e+01   2.6967753e+01  -1.5011325e+02   2.3547564e+01   7.1106556e-01  -3.3000000e+01   9.3779401e+00
   1.3000000e+01   2.7953990e+01  -1.5077253e+02   2.2631162e+01  -1.3277674e+00  -3.3000000e+01   7.8038761e+00
   1.3000000e+01   2.6001285e+01  -1.5173371e+02   2.1642770e+01  -4.8363169e+00  -3.3000000e+01   8.0977291e+00
   1.3000000e+01   2.4220552e+01  -1.5262087e+02   2.0547443e+01  -8.4535528e+00  -3.3000000e+01   1.0314141e+01
   1.3000000e+01   2.1575554e+01  -1.5323585e+02   1.8945565e+01  -1.3421227e+01  -3.3000000e+01   1.1151891e+01
   1.3000000e+01   1.8986425e+01  -1.5401384e+02   1.7336236e+01  -1.8531548e+01  -3.3000000e+01   1.1950066e+01
   1.3000000e+01   1.9580016e+01  -1.5566969e+02   1.7355004e+01  -2.2631378e+01  -3.3000000e+01   1.2409641e+01
   1.3000000e+01   2.1521472e+01  -1.5695765e+02   1.7469307e+01  -2.6521519e+01  -3.3000000e+01   1.3749972e+01
   1.3000000e+01   2.1848164e+01  -1.5747358e+02   1.7691229e+01  -3.2516060e+01  -3.3000000e+01   1.3898071e+01
   1.3000000e+01   2.0847883e+01  -1.5771861e+02   1.6963747e+01  -3.7315213e+01  -3.3000000e+01   1.8280219e+01
   1.3000000e+01   1.8559390e+01  -1.5899161e+02   1.5726716e+01  -4.0314768e+01  -3.3000000e+01   2.3477117e+01
   1.3000000e+01   1.9366600e+01  -1.6175665e+02   2.0671223e+01  -3.9754236e+01  -3.3000000e+01   3.0085543e+01
   1.3000000e+01   1.8821919e+01  -1.6185865e+02   1.9538035e+01  -3.7842010e+01  -3.3000000e+01   3.2468978e+01
   1.3000000e+01   2.3041137e+01  -1.6227661e+02   2.1980749e+01  -3.5081163e+01  -3.3000000e+01   3.4129876e+01
   1.3000000e+01   2.4337122e+01  -1.6174362e+02   2.1874514e+01  -3.3078559e+01  -3.3000000e+01   3.5355726e+01
   1.3000000e+01   2.9051944e+01  -1.6235577e+02   2.4548351e+01  -2.9615128e+01  -3.3000000e+01   3.6094735e+01
   1.3000000e+01   2.9521575e+01  -1.6217011e+02   2.4099641e+01  -2.7654069e+01  -3.3000000e+01   3.7507642e+01
   1.3000000e+01   2.9548385e+01  -1.6265121e+02   2.3377343e+01  -2.5222533e+01  -3.3000000e+01   3.8359035e+01
   1.3000000e+01   2.8116002e+01  -1.6197775e+02   2.1581745e+01  -2.3868561e+01  -3.3000000e+01   3.8445245e+01
   1.3000000e+01   2.6157356e+01  -1.6130648e+02   1.9546333e+01  -2.3287010e+01  -3.3000000e+01   3.8865382e+01
   1.3000000e+01   2.4507651e+01  -1.5949717e+02   1.7581304e+01  -2.2966373e+01  -3.3000000e+01   3.9584483e+01
   1.3000000e+01   2.3577568e+01  -1.5923658e+02   1.6645157e+01  -2.2342134e+01  -3.3000000e+01   3.9380172e+01
   1.3000000e+01   2.5190327e+01  -1.5908817e+02   1.7808349e+01  -2.0833414e+01  -3.3000000e+01   3.9515151e+01
   1.3000000e+01   2.4768228e+01  -1.5813718e+02   1.7445897e+01  -2.0159808e+01  -3.3000000e+01   3.9138826e+01
   1.3000000e+01   2.3309333e+01  -1.5628467e+02   1.6182984e+01  -1.9860438e+01  -3.3000000e+01   3.8592630e+01
   1.3000000e+01   2.2559897e+01  -1.5503851e+02   1.5585174e+01  -1.9101799e+01  -3.3000000e+01   3.7554128e+01
   1.3000000e+01   1.9358236e+01  -1.5364974e+02   1.3463070e+01  -1.9111710e+01  -3.3000000e+01   3.6500183e+01
   1.3000000e+01   1.7644821e+01  -1.5273463e+02   1.2359732e+01  -1.8450471e+01  -3.3000000e+01   3.6111673e+01
   1.3000000e+01   1.7466106e+01  -1.5150590e+02   1.2541631e+01  -1.7421149e+01  -3.3000000e+01   3.4200588e+01
   1.3000000e+01   1.8962703e+01  -1.5138337e+02   1.4594501e+01  -1.5612215e+01  -3.3000000e+01   3.2051813e+01
   1.3000000e+01   2.0069944e+01  -1.5088874e+02   1.6034606e+01  -1.3559951e+01  -3.3000000e+01   2.9134211e+01
   1.3000000e+01   2.0784159e+01  -1.5080576e+02   1.7596892e+01  -1.1764145e+01  -3.3000000e+01   2.7729828e+01
   1.3000000e+01   1.9518986e+01  -1.5064081e+02   1.7988574e+01  -9.8937111e+00  -3.3000000e+01   2.6199353e+01
   1.3000000e+01   1.9407513e+01  -1.5107499e+02   1.9573945e+01  -8.8661171e+00  -3.3000000e+01   2.2617035e+01
   1.3000000e+01   1.9033515e+01  -1.5050753e+02   2.0624759e+01  -8.1237291e+00  -3.3000000e+01   1.9448392e+01
   1.3000000e+01   1.8270116e+01  -1.5033547e+02   2.1343706e+01  -7.1116122e+00  -3.3000000e+01   1.6974583e+01
   1.3000000e+01   1.9609783e+01  -1.5088467e+02   2.3261948e+01  -4.9972756e+00  -3.3000000e+01   1.5825737e+01
   1.3000000e+01   2.3001019e+01  -1.5136951e+02   2.6716744e+01  -1.7123771e+00  -3.3000000e+01   1.2682145e+01
   1.3000000e+01   2.4663328e+01  -1.5095642e+02   2.8825891e+01   2.9963898e-01  -3.3000000e+01   9.6474946e+00
   1.3000000e+01   2.4818844e+01  -1.5094068e+02   3.0647311e+01   2.1096894e+00  -3.3000000e+01   9.3916820e+00
   1.3000000e+01   2.4165447e+01  -1.5070327e+02   3.0577866e+01   3.1524337e+00  -3.3000000e+01   7.1857390e+00
   1.3000000e+01   2.2255573e+01  -1.4944864e+02   2.9456991e+01   4.5590185e+00  -3.3000000e+01   4.5220474e+00
   1.3000000e+01   2.2942153e+01  -1.4878572e+02   2.9053015e+01   4.6108049e+00  -3.3000000e+01   3.0634973e+00
   1.3000000e+01   2.4521512e+01  -1.4941421e+02   2.8222984e+01   3.8050035e+00  -3.3000000e+01   7.9509386e-01
   1.3000000e+01   2.4776985e+01  -1.4934969e+02   2.6745092e+01   2.9235797e+00  -3.3000000e+01  -1.1635013e+00
   1.3000000e+01   2.5116913e+01  -1.4944281e+02   2.4827718e+01   1.7324264e+00  -3.3000000e+01  -2.7748347e+00
   1.3000000e+01   2.4995716e+01  -1.5023524e+02   2.4501845e+01  -3.0980707e-01  -3.3000000e+01  -1.5569226e+00
   1.3000000e+01   2.4277282e+01  -1.5124371e+02   2.3850392e+01  -2.5799163e+00  -3.3000000e+01   1.1803815e+00
   1.3000000e+01   2.4201001e+01  -1.5260023e+02   2.2632188e+01  -5.6014516e+00  -3.3000000e+01   3.1830471e+00
   1.3000000e+01   2.5171840e+01  -1.5387394e+02   2.0291643e+01  -9.2842854e+00  -3.3000000e+01   4.8638582e+00
   1.3000000e+01   2.4543345e+01  -1.5449578e+02   1.7447075e+01  -1.5461074e+01  -3.3000000e+01   2.9205200e+00
   1.3000000e+01   2.5422364e+01  -1.5447452e+02   1.6344650e+01  -2.0976250e+01  -3.3000000e+01   3.3742252e+00
   1.3000000e+01   2.6063935e+01  -1.5440276e+02   1.5955686e+01  -2.5798795e+01  -3.3000000e+01   4.9203524e+00
   1.3000000e+01   2.4114609e+01  -1.5415306e+02   1.5717335e+01  -3.0896912e+01  -3.3000000e+01   9.5078905e+00
   1.3000000e+01   2.1353650e+01  -1.5544714e+02   1.6610503e+01  -3.5683933e+01  -3.3000000e+01   1.0945375e+01
   1.3000000e+01   2.1167342e+01  -1.5899219e+02   2.0866786e+01  -3.6393262e+01  -3.3000000e+01   1.3869829e+01
   1.3000000e+01   1.9447270e+01  -1.6209444e+02   2.5143816e+01  -3.6663541e+01  -3.3000000e+01   2.0382058e+01
   1.3000000e+01   2.0773424e+01  -1.6222066e+02   2.6126212e+01  -3.4655791e+01  -3.3000000e+01   2.2896944e+01
   1.3000000e+01   2.1723018e+01  -1.6162259e+02   2.5502554e+01  -3.1874103e+01  -3.3000000e+01   2.4170932e+01
   1.3000000e+01   2.4379757e+01  -1.6161181e+02   2.6104524e+01  -2.9347101e+01  -3.3000000e+01   2.4896615e+01
   1.3000000e+01   2.5411619e+01  -1.6060984e+02   2.5811892e+01  -2.7368395e+01  -3.3000000e+01   2.4786187e+01
   1.3000000e+01   2.4092755e+01  -1.5957897e+02   2.3892674e+01  -2.6416731e+01  -3.3000000e+01   2.5972520e+01
   1.3000000e+01   2.8070324e+01  -1.5948735e+02   2.6850039e+01  -2.3479400e+01  -3.3000000e+01   2.6761026e+01
   1.3000000e+01   2.7079963e+01  -1.5905633e+02   2.6297515e+01  -2.2806187e+01  -3.3000000e+01   2.6474049e+01
   1.3000000e+01   2.6299104e+01  -1.5860581e+02   2.5630084e+01  -2.2021912e+01  -3.3000000e+01   2.6072236e+01
   1.3000000e+01   2.6571845e+01  -1.5829035e+02   2.5967780e+01  -2.0744972e+01  -3.3000000e+01   2.5554572e+01
   1.3000000e+01   2.6651342e+01  -1.5758194e+02   2.5836250e+01  -2.0197425e+01  -3.3000000e+01   2.5367565e+01
   1.3000000e+01   2.5773776e+01  -1.5708964e+02   2.4801882e+01  -2.0011621e+01  -3.3000000e+01   2.5758334e+01
   1.3000000e+01   2.6665040e+01  -1.5699085e+02   2.5035692e+01  -1.9421662e+01  -3.3000000e+01   2.6335519e+01
   1.3000000e+01   2.6300461e+01  -1.5644032e+02   2.4811076e+01  -1.9515020e+01  -3.3000000e+01   2.6837770e+01
   1.3000000e+01   2.5348984e+01  -1.5593360e+02   2.3829649e+01  -2.0004092e+01  -3.3000000e+01   2.7205515e+01
   1.3000000e+01   2.6002231e+01  -1.5601648e+02   2.3657681e+01  -1.9855989e+01  -3.3000000e+01   2.6237199e+01
   1.3000000e+01   2.4022141e+01  -1.5493183e+02   2.2310735e+01  -2.0881322e+01  -3.3000000e+01   2.5684271e+01
   1.3000000e+01   2.4588086e+01  -1.5518731e+02   2.3194368e+01  -2.0317349e+01  -3.3000000e+01   2.5314279e+01
   1.3000000e+01   2.4732256e+01  -1.5521313e+02   2.4226200e+01  -1.9572535e+01  -3.3000000e+01   2.5028642e+01
   1.3000000e+01   2.4117108e+01  -1.5577722e+02   2.4762601e+01  -1.9235872e+01  -3.3000000e+01   2.3454796e+01
   1.3000000e+01   2.2060886e+01  -1.5583875e+02   2.4147190e+01  -1.9083749e+01  -3.3000000e+01   2.2459999e+01
   1.3000000e+01   2.2075933e+01  -1.5653594e+02   2.5227124e+01  -1.8176279e+01  -3.3000000e+01   2.0199180e+01
   1.3000000e+01   2.0556299e+01  -1.5578033e+02   2.4775014e+01  -1.8128095e+01  -3.3000000e+01   1.8048289e+01
   1.3000000e+01   2.1720801e+01  -1.5624000e+02   2.6265836e+01  -1.6457814e+01  -3.3000000e+01   1.6169423e+01
   1.3000000e+01   2.2827263e+01  -1.5651576e+02   2.7904219e+01  -1.4707595e+01  -3.3000000e+01   1.4379824e+01
   1.3000000e+01   2.3676240e+01  -1.5574647e+02   2.8824531e+01  -1.3108719e+01  -3.3000000e+01   1.2643972e+01
   1.3000000e+01   2.1625982e+01  -1.5446239e+02   2.7369593e+01  -1.2623594e+01  -3.3000000e+01   1.0512472e+01
   1.3000000e+01   2.2155625e+01  -1.5450404e+02   2.8464559e+01  -1.1531023e+01  -3.3000000e+01   6.9780661e+00
   1.3000000e+01   2.3102350e+01  -1.5523354e+02   3.0607615e+01  -9.8583402e+00  -3.3000000e+01   4.8927383e+00
   1.3000000e+01   2.4875873e+01  -1.5278547e+02   3.1608406e+01  -4.4828830e+00  -3.3000000e+01   2.5150416e+00
   1.3000000e+01   2.4374992e+01  -1.5177730e+02   3.2006244e+01  -2.0839969e+00  -3.3000000e+01   1.1028821e-01
   1.3000000e+01   2.2478903e+01  -1.5091615e+02   3.1473829e+01  -8.6494122e-01  -3.3000000e+01  -8.8313522e-01
   1.3000000e+01   2.2549745e+01  -1.5050694e+02   3.2606336e+01   1.0523956e+00  -3.3000000e+01  -2.5806548e+00
   1.3000000e+01   2.2816756e+01  -1.5002795e+02   3.1919472e+01   1.8883530e+00  -3.3000000e+01  -3.4333713e+00
   1.3000000e+01   2.4865108e+01  -1.5016189e+02   3.0427285e+01   1.4949529e+00  -3.3000000e+01  -3.7727803e+00
   1.3000000e+01   2.6248617e+01  -1.5034967e+02   2.8267100e+01   1.5167326e-01  -3.3000000e+01  -5.7589960e+00
   1.3000000e+01   2.6114845e+01  -1.5073532e+02   2.5169817e+01  -2.1904933e+00  -3.3000000e+01  -6.6077440e+00
   1.3000000e+01   2.5803745e+01  -1.5211320e+02   2.2422164e+01  -4.9974472e+00  -3.3000000e+01  -3.7917576e+00
   1.3000000e+01   2.4535600e+01  -1.5301895e+02   1.9667357e+01  -8.9577709e+00  -3.3000000e+01  -1.9094292e+00
   1.3000000e+01   2.3329868e+01  -1.5320197e+02   1.7100894e+01  -1.2994874e+01  -3.3000000e+01  -3.9268266e-01
   1.3000000e+01   2.1925065e+01  -1.5295814e+02   1.4953421e+01  -1.8262999e+01  -3.3000000e+01   5.1101024e+00
   1.3000000e+01   1.7495790e+01  -1.5197323e+02   1.0505793e+01  -2.4084978e+01  -3.3000000e+01   1.0846082e+01
   1.3000000e+01   1.8003341e+01  -1.5281649e+02   1.1622054e+01  -2.7316791e+01  -3.3000000e+01   1.6439087e+01
   1.3000000e+01   1.8971117e+01  -1.5460986e+02   1.4449255e+01  -3.0107063e+01  -3.3000000e+01   1.9759972e+01
   1.3000000e+01   2.0351377e+01  -1.5668421e+02   1.8053843e+01  -3.2724174e+01  -3.3000000e+01   2.2785971e+01
   1.3000000e+01   2.1679079e+01  -1.5880442e+02   2.2804933e+01  -3.5021447e+01  -3.3000000e+01   2.5648207e+01
   1.3000000e+01   2.2405351e+01  -1.5923330e+02   2.3772180e+01  -3.5046547e+01  -3.3000000e+01   2.6057397e+01
   1.3000000e+01   2.5072376e+01  -1.5923286e+02   2.4637235e+01  -3.2144884e+01  -3.3000000e+01   2.7598839e+01
   1.3000000e+01   2.6788889e+01  -1.5940771e+02   2.4751923e+01  -3.0292239e+01  -3.3000000e+01   2.9259461e+01
   1.3000000e+01   2.2537760e+01  -1.5823135e+02   1.9811798e+01  -3.0077546e+01  -3.3000000e+01   3.0822600e+01
   1.3000000e+01   2.0596682e+01  -1.5750661e+02   1.6546845e+01  -2.8860164e+01  -3.3000000e+01   3.1353807e+01
   1.3000000e+01   1.8844418e+01  -1.5682609e+02   1.4397066e+01  -2.8075849e+01  -3.3000000e+01   3.2305658e+01
   1.3000000e+01   2.0157806e+01  -1.5695681e+02   1.4971190e+01  -2.6147901e+01  -3.3000000e+01   3.2770867e+01
   1.3000000e+01   1.8929022e+01  -1.5625553e+02   1.3695053e+01  -2.5785411e+01  -3.3000000e+01   3.3045746e+01
   1.3000000e+01   1.8809135e+01  -1.5617197e+02   1.3699602e+01  -2.4746858e+01  -3.3000000e+01   3.3039338e+01
   1.3000000e+01   1.8372953e+01  -1.5552097e+02   1.3093862e+01  -2.3642122e+01  -3.3000000e+01   3.2203363e+01
   1.3000000e+01   1.8003977e+01  -1.5433830e+02   1.3144522e+01  -2.2496678e+01  -3.3000000e+01   3.0979895e+01
   1.3000000e+01   1.8285006e+01  -1.5389792e+02   1.3556179e+01  -2.1306717e+01  -3.3000000e+01   2.9942847e+01
   1.3000000e+01   2.2130441e+01  -1.5433158e+02   1.7722212e+01  -1.8699372e+01  -3.3000000e+01   2.8666970e+01
   1.3000000e+01   1.9968567e+01  -1.5297282e+02   1.7194951e+01  -1.8260351e+01  -3.3000000e+01   2.7297878e+01
   1.3000000e+01   2.2751778e+01  -1.5300546e+02   1.9323200e+01  -1.6022072e+01  -3.3000000e+01   2.5371398e+01
   1.3000000e+01   2.0952571e+01  -1.5192394e+02   1.9021946e+01  -1.5224675e+01  -3.3000000e+01   2.3786471e+01
   1.3000000e+01   2.2594310e+01  -1.5202642e+02   2.0590231e+01  -1.3366212e+01  -3.3000000e+01   2.1831509e+01
   1.3000000e+01   2.3181855e+01  -1.5269736e+02   2.2050736e+01  -1.1064234e+01  -3.3000000e+01   2.1009205e+01
   1.3000000e+01   2.3223604e+01  -1.5186284e+02   2.2616844e+01  -9.3354406e+00  -3.3000000e+01   1.9582997e+01
   1.3000000e+01   2.3111258e+01  -1.5160213e+02   2.3320327e+01  -7.6575542e+00  -3.3000000e+01   1.7951782e+01
   1.3000000e+01   2.4290795e+01  -1.5173643e+02   2.5449405e+01  -5.8439063e+00  -3.3000000e+01   1.5145631e+01
   1.3000000e+01   2.6102301e+01  -1.5213868e+02   2.8603683e+01  -3.5432102e+00  -3.3000000e+01   1.2068541e+01
   1.3000000e+01   2.7760819e+01  -1.5212510e+02   3.1401243e+01  -8.4038892e-01  -3.3000000e+01   1.0214450e+01
   1.3000000e+01   2.8135803e+01  -1.5213642e+02   3.2742906e+01   1.0034664e+00  -3.3000000e+01   6.9398624e+00
   1.3000000e+01   2.6038480e+01  -1.5117925e+02   3.2039091e+01   1.9945526e+00  -3.3000000e+01   4.9088894e+00
   1.3000000e+01   2.5474949e+01  -1.5061066e+02   3.2307949e+01   2.9599171e+00  -3.3000000e+01   1.4648231e+00
   1.3000000e+01   2.5377696e+01  -1.4997373e+02   3.3981107e+01   4.6426832e+00  -3.3000000e+01   6.3743731e-01
   1.3000000e+01   2.4465773e+01  -1.4890710e+02   3.4665415e+01   5.6187730e+00  -3.3000000e+01  -2.2690539e+00
   1.3000000e+01   2.3699495e+01  -1.4682491e+02   3.4258527e+01   7.7623588e+00  -3.3000000e+01  -6.8031458e+00
   1.3000000e+01   2.1712486e+01  -1.4569387e+02   3.4306925e+01   8.2026386e+00  -3.3000000e+01  -1.1336254e+01
   1.3000000e+01   2.2374041e+01  -1.4434740e+02   3.5543267e+01   9.4693720e+00  -3.3000000e+01  -1.6362248e+01
   1.3000000e+01   2.1607506e+01  -1.4337836e+02   3.6526759e+01   1.0680688e+01  -3.3000000e+01  -1.8307741e+01
   1.3000000e+01   1.8463782e+01  -1.4438983e+02   3.4035089e+01   8.9618811e+00  -3.3000000e+01  -1.5929062e+01
   1.3000000e+01   1.9254588e+01  -1.4686354e+02   3.0870727e+01   6.6659675e+00  -3.3000000e+01  -1.3021107e+01
   1.3000000e+01   2.1433901e+01  -1.4883538e+02   2.9309316e+01   4.8326237e+00  -3.3000000e+01  -1.2677540e+01
   1.3000000e+01   2.2314543e+01  -1.4984991e+02   2.7259685e+01   2.2266240e+00  -3.3000000e+01  -1.2446422e+01
   1.3000000e+01   2.3038524e+01  -1.5153292e+02   2.5182534e+01  -1.2117878e+00  -3.3000000e+01  -1.1020227e+01
   1.3000000e+01   2.3821118e+01  -1.5258877e+02   2.4501280e+01  -4.7049904e+00  -3.3000000e+01  -5.7555744e+00
   1.3000000e+01   2.1883487e+01  -1.5359254e+02   2.1544504e+01  -9.7364129e+00  -3.3000000e+01   1.9873620e+00
   1.3000000e+01   2.0472979e+01  -1.5385538e+02   2.0394556e+01  -1.4559147e+01  -3.3000000e+01   7.8338985e+00
   1.3000000e+01   1.8887229e+01  -1.5379115e+02   1.8064399e+01  -2.0543263e+01  -3.3000000e+01   1.1758943e+01
   1.3000000e+01   1.7255303e+01  -1.5401797e+02   1.5140150e+01  -2.5714296e+01  -3.3000000e+01   1.5634759e+01
   1.3000000e+01   1.9293649e+01  -1.5535560e+02   1.6195850e+01  -3.0132790e+01  -3.3000000e+01   1.7816976e+01
   1.3000000e+01   2.1734711e+01  -1.5665775e+02   1.8561851e+01  -3.4261025e+01  -3.3000000e+01   2.0182727e+01
   1.3000000e+01   1.9583216e+01  -1.5624394e+02   1.7893214e+01  -4.0022051e+01  -3.3000000e+01   2.1868046e+01
   1.3000000e+01   1.7635113e+01  -1.5733683e+02   1.7449623e+01  -4.3054927e+01  -3.3000000e+01   2.6916644e+01
   1.3000000e+01   1.8083976e+01  -1.5936062e+02   1.8931700e+01  -4.2756150e+01  -3.3000000e+01   2.9805890e+01
   1.3000000e+01   1.8696011e+01  -1.5948644e+02   1.8131914e+01  -4.0622020e+01  -3.3000000e+01   3.1982435e+01
   1.3000000e+01   2.0966030e+01  -1.5999591e+02   1.8373608e+01  -3.7605410e+01  -3.3000000e+01   3.4720208e+01
   1.3000000e+01   2.1279558e+01  -1.5961660e+02   1.7309349e+01  -3.5830727e+01  -3.3000000e+01   3.5354852e+01
   1.3000000e+01   2.1770140e+01  -1.5905028e+02   1.7016308e+01  -3.3967121e+01  -3.3000000e+01   3.6771591e+01
   1.3000000e+01   2.3752657e+01  -1.5961919e+02   1.7261875e+01  -3.1080272e+01  -3.3000000e+01   3.8817377e+01
   1.3000000e+01   2.3847031e+01  -1.5982749e+02   1.6444108e+01  -2.9324108e+01  -3.3000000e+01   3.8921315e+01
   1.3000000e+01   2.5018025e+01  -1.5958381e+02   1.6935137e+01  -2.7643712e+01  -3.3000000e+01   3.9915103e+01
   1.3000000e+01   2.2634494e+01  -1.5875360e+02   1.4353821e+01  -2.7222180e+01  -3.3000000e+01   4.0430981e+01
   1.3000000e+01   2.0787437e+01  -1.5801380e+02   1.2166044e+01  -2.6452624e+01  -3.3000000e+01   4.0140679e+01
   1.3000000e+01   2.0701970e+01  -1.5825326e+02   1.2360707e+01  -2.4777096e+01  -3.3000000e+01   3.9706018e+01
   1.3000000e+01   2.5342538e+01  -1.5861579e+02   1.6829203e+01  -2.2387457e+01  -3.3000000e+01   3.8614458e+01
   1.3000000e+01   2.5190725e+01  -1.5763194e+02   1.7735398e+01  -2.1415113e+01  -3.3000000e+01   3.7264081e+01
   1.3000000e+01   2.5372570e+01  -1.5719122e+02   1.8413034e+01  -2.0849003e+01  -3.3000000e+01   3.6758797e+01
   1.3000000e+01   2.5067715e+01  -1.5653183e+02   1.8679414e+01  -2.0041034e+01  -3.3000000e+01   3.5522228e+01
   1.3000000e+01   2.4826272e+01  -1.5610844e+02   1.8959495e+01  -1.9309988e+01  -3.3000000e+01   3.3897346e+01
   1.3000000e+01   2.2302190e+01  -1.5462983e+02   1.7480729e+01  -1.9429316e+01  -3.3000000e+01   3.1901329e+01
   1.3000000e+01   2.3961185e+01  -1.5502640e+02   1.9142529e+01  -1.7996637e+01  -3.3000000e+01   3.0617435e+01
   1.3000000e+01   2.1180183e+01  -1.5338783e+02   1.7367859e+01  -1.8398295e+01  -3.3000000e+01   2.9662155e+01
   1.3000000e+01   2.1732137e+01  -1.5320896e+02   1.8639257e+01  -1.7446409e+01  -3.3000000e+01   2.7395147e+01
   1.3000000e+01   2.0537956e+01  -1.5240608e+02   1.8180402e+01  -1.6514557e+01  -3.3000000e+01   2.5463346e+01
   1.3000000e+01   2.2822354e+01  -1.5310536e+02   2.0468282e+01  -1.4088789e+01  -3.3000000e+01   2.4543284e+01
   1.3000000e+01   2.2990049e+01  -1.5273092e+02   2.0945999e+01  -1.2674393e+01  -3.3000000e+01   2.3760114e+01
   1.3000000e+01   2.4141058e+01  -1.5340421e+02   2.3093729e+01  -1.0648014e+01  -3.3000000e+01   2.3127999e+01
   1.3000000e+01   2.4214817e+01  -1.5329065e+02   2.4146559e+01  -9.5699830e+00  -3.3000000e+01   2.0206779e+01
   1.3000000e+01   2.2678036e+01  -1.5250861e+02   2.4302976e+01  -9.0736543e+00  -3.3000000e+01   1.8911508e+01
   1.3000000e+01   2.1107326e+01  -1.5166910e+02   2.4254308e+01  -8.6455232e+00  -3.3000000e+01   1.6564063e+01
   1.3000000e+01   2.0194308e+01  -1.5123603e+02   2.3667474e+01  -8.1647223e+00  -3.3000000e+01   1.5029609e+01
   1.3000000e+01   2.0771555e+01  -1.5117425e+02   2.4603242e+01  -6.5765153e+00  -3.3000000e+01   1.4458292e+01
   1.3000000e+01   2.2656482e+01  -1.5164791e+02   2.6540502e+01  -4.1994217e+00  -3.3000000e+01   1.1480195e+01
   1.3000000e+01   2.5343638e+01  -1.5208838e+02   2.9652863e+01  -1.1065207e+00  -3.3000000e+01   1.0014456e+01
   1.3000000e+01   2.4699691e+01  -1.5144096e+02   3.0313767e+01  -4.8241278e-01  -3.3000000e+01   8.1204891e+00
   1.3000000e+01   2.5416866e+01  -1.5137061e+02   3.1064259e+01   1.6149717e+00  -3.3000000e+01   7.6187902e+00
   1.3000000e+01   2.5506474e+01  -1.5111619e+02   3.1351104e+01   3.1996359e+00  -3.3000000e+01   6.7141174e+00
   1.3000000e+01   2.7070376e+01  -1.5057005e+02   3.2793243e+01   5.8510671e+00  -3.3000000e+01   3.5862296e+00
   1.3000000e+01   2.7868719e+01  -1.4958243e+02   3.3848795e+01   7.5993464e+00  -3.3000000e+01   2.5675349e+00
   1.3000000e+01   2.8281819e+01  -1.4964806e+02   3.2100524e+01   6.3761864e+00  -3.3000000e+01   4.7692075e-01
   1.3000000e+01   2.8192397e+01  -1.4975169e+02   3.0474260e+01   5.0742345e+00  -3.3000000e+01  -6.2746930e-01
   1.3000000e+01   2.7717871e+01  -1.5004971e+02   2.8934000e+01   3.7882118e+00  -3.3000000e+01   1.7302051e-01
   1.3000000e+01   2.7319462e+01  -1.5111033e+02   2.7346255e+01   1.6126420e+00  -3.3000000e+01   2.2154264e+00
   1.3000000e+01   2.7244599e+01  -1.5292954e+02   2.5303952e+01  -1.4110512e+00  -3.3000000e+01   6.0984748e+00
   1.3000000e+01   2.6088909e+01  -1.5372122e+02   2.1779244e+01  -6.7448576e+00  -3.3000000e+01   1.0620425e+01
   1.3000000e+01   2.4872725e+01  -1.5337356e+02   1.8015748e+01  -1.2603908e+01  -3.3000000e+01   1.3356984e+01
   1.3000000e+01   2.3647325e+01  -1.5371983e+02   1.5164655e+01  -1.8040194e+01  -3.3000000e+01   1.7052822e+01
   1.3000000e+01   2.3270358e+01  -1.5393327e+02   1.3516100e+01  -2.3224074e+01  -3.3000000e+01   2.2183373e+01
   1.3000000e+01   2.4660558e+01  -1.5402249e+02   1.4396310e+01  -2.8329532e+01  -3.3000000e+01   2.7276090e+01
   1.3000000e+01   2.5107024e+01  -1.5370677e+02   1.4831872e+01  -3.3424353e+01  -3.3000000e+01   3.0632541e+01
   1.3000000e+01   2.4823145e+01  -1.5419249e+02   1.5874083e+01  -3.6976928e+01  -3.3000000e+01   3.2765620e+01
   1.3000000e+01   2.0748640e+01  -1.5529450e+02   1.6054751e+01  -3.9850318e+01  -3.3000000e+01   3.4806788e+01
   1.3000000e+01   1.9408828e+01  -1.5805481e+02   1.7460256e+01  -4.0100932e+01  -3.3000000e+01   3.6395224e+01
   1.3000000e+01   1.8755672e+01  -1.5789210e+02   1.6087374e+01  -3.8590627e+01  -3.3000000e+01   3.6570389e+01
   1.3000000e+01   2.0729577e+01  -1.5806971e+02   1.7022598e+01  -3.6157739e+01  -3.3000000e+01   3.7140378e+01
   1.3000000e+01   2.0073778e+01  -1.5854582e+02   1.5986497e+01  -3.4296792e+01  -3.3000000e+01   3.6322080e+01
   1.3000000e+01   2.0050269e+01  -1.5887523e+02   1.4866489e+01  -3.1371097e+01  -3.3000000e+01   3.7179797e+01
   1.3000000e+01   2.0270065e+01  -1.5962744e+02   1.4467753e+01  -2.9175538e+01  -3.3000000e+01   3.7629661e+01
   1.3000000e+01   2.2833099e+01  -1.5997609e+02   1.6448464e+01  -2.6153291e+01  -3.3000000e+01   3.7238108e+01
   1.3000000e+01   2.2072205e+01  -1.5923651e+02   1.5764966e+01  -2.4916216e+01  -3.3000000e+01   3.7322245e+01
   1.3000000e+01   2.1400879e+01  -1.5821306e+02   1.5365132e+01  -2.3905702e+01  -3.3000000e+01   3.7361990e+01
   1.3000000e+01   2.2840851e+01  -1.5849494e+02   1.6734796e+01  -2.2258996e+01  -3.3000000e+01   3.6951546e+01
   1.3000000e+01   2.2757202e+01  -1.5794658e+02   1.7257393e+01  -2.1351431e+01  -3.3000000e+01   3.5832706e+01
   1.3000000e+01   2.4428496e+01  -1.5720781e+02   1.9158253e+01  -1.9232733e+01  -3.3000000e+01   3.4569029e+01
   1.3000000e+01   2.4723244e+01  -1.5677465e+02   1.9525098e+01  -1.7867115e+01  -3.3000000e+01   3.3665408e+01
   1.3000000e+01   2.4390428e+01  -1.5560883e+02   1.9527364e+01  -1.7035127e+01  -3.3000000e+01   3.2384679e+01
   1.3000000e+01   2.1048857e+01  -1.5374997e+02   1.6961176e+01  -1.7235243e+01  -3.3000000e+01   3.1562422e+01
   1.3000000e+01   1.9293212e+01  -1.5295457e+02   1.5765438e+01  -1.6611475e+01  -3.3000000e+01   2.9829108e+01
   1.3000000e+01   1.8353470e+01  -1.5193836e+02   1.5301782e+01  -1.5593460e+01  -3.3000000e+01   2.8257356e+01
   1.3000000e+01   1.9477358e+01  -1.5206156e+02   1.6753121e+01  -1.3870133e+01  -3.3000000e+01   2.6649984e+01
   1.3000000e+01   2.0822942e+01  -1.5291213e+02   1.8493558e+01  -1.1488383e+01  -3.3000000e+01   2.5242284e+01
   1.3000000e+01   2.2245730e+01  -1.5293099e+02   2.0781518e+01  -9.3184258e+00  -3.3000000e+01   2.4139048e+01
   1.3000000e+01   2.3397172e+01  -1.5291974e+02   2.2558335e+01  -6.8469747e+00  -3.3000000e+01   2.2683091e+01
   1.3000000e+01   2.3304122e+01  -1.5204524e+02   2.3185490e+01  -5.8437089e+00  -3.3000000e+01   2.0386760e+01
   1.3000000e+01   2.3651351e+01  -1.5231497e+02   2.5041724e+01  -4.5628558e+00  -3.3000000e+01   1.7570035e+01
   1.3000000e+01   2.4101496e+01  -1.5270252e+02   2.6820714e+01  -3.3154236e+00  -3.3000000e+01   1.5129057e+01
   1.3000000e+01   2.6275201e+01  -1.5295641e+02   2.9868194e+01  -7.2516128e-01  -3.3000000e+01   1.4027818e+01
   1.3000000e+01   2.6913279e+01  -1.5280751e+02   3.1211457e+01   1.3214299e+00  -3.3000000e+01   1.1379714e+01
   1.3000000e+01   2.7142772e+01  -1.5233422e+02   3.1701451e+01   3.1354225e+00  -3.3000000e+01   9.8780261e+00
   1.3000000e+01   2.6540837e+01  -1.5192405e+02   3.2099448e+01   4.4317143e+00  -3.3000000e+01   6.9351854e+00
   1.3000000e+01   2.5585547e+01  -1.5103963e+02   3.1939954e+01   5.2121159e+00  -3.3000000e+01   4.3354952e+00
   1.3000000e+01   2.6901403e+01  -1.4991885e+02   3.3673757e+01   7.2711690e+00  -3.3000000e+01   1.2003361e+00
   1.3000000e+01   2.7542609e+01  -1.4833843e+02   3.5322515e+01   9.5660443e+00  -3.3000000e+01  -2.9325359e+00
   1.3000000e+01   2.5869770e+01  -1.4798733e+02   3.4572308e+01   1.0265009e+01  -3.3000000e+01  -2.9006540e+00
   1.3000000e+01   2.5224189e+01  -1.4807533e+02   3.1618416e+01   9.3466217e+00  -3.3000000e+01  -3.2198401e+00
   1.3000000e+01   2.6015752e+01  -1.4837047e+02   2.9368636e+01   7.2468609e+00  -3.3000000e+01  -4.1582338e+00
   1.3000000e+01   2.4997849e+01  -1.4949230e+02   2.6905626e+01   4.3754555e+00  -3.3000000e+01  -3.9294072e+00
   1.3000000e+01   2.5979379e+01  -1.5065399e+02   2.5426095e+01   8.3941560e-01  -3.3000000e+01  -4.9471443e+00
   1.3000000e+01   2.7773971e+01  -1.5236906e+02   2.6226243e+01  -2.4149356e+00  -3.3000000e+01  -8.8390660e-01
   1.3000000e+01   2.7796778e+01  -1.5369554e+02   2.5141039e+01  -7.4716813e+00  -3.3000000e+01   4.2380073e+00
   1.3000000e+01   2.5930590e+01  -1.5393854e+02   2.1855496e+01  -1.3565748e+01  -3.3000000e+01   6.8111918e+00
   1.3000000e+01   2.2579552e+01  -1.5345064e+02   1.8221094e+01  -1.9606749e+01  -3.3000000e+01   9.9916203e+00
   1.3000000e+01   2.0338638e+01  -1.5267152e+02   1.4161183e+01  -2.4949381e+01  -3.3000000e+01   1.4153769e+01
   1.3000000e+01   2.1239608e+01  -1.5342460e+02   1.4351388e+01  -2.9476687e+01  -3.3000000e+01   1.6224156e+01
   1.3000000e+01   2.1553098e+01  -1.5427908e+02   1.6091029e+01  -3.3643639e+01  -3.3000000e+01   1.8143104e+01
   1.3000000e+01   2.1114522e+01  -1.5463461e+02   1.6853898e+01  -3.7068497e+01  -3.3000000e+01   2.2357699e+01
   1.3000000e+01   2.0773883e+01  -1.5524861e+02   1.7950734e+01  -3.9853387e+01  -3.3000000e+01   2.7177242e+01
   1.3000000e+01   2.1321304e+01  -1.5712952e+02   1.9630528e+01  -4.1029770e+01  -3.3000000e+01   3.0402611e+01
   1.3000000e+01   2.0596424e+01  -1.5863923e+02   1.9426711e+01  -4.0604150e+01  -3.3000000e+01   3.3170119e+01
   1.3000000e+01   2.2142720e+01  -1.5918731e+02   1.9935009e+01  -3.8523457e+01  -3.3000000e+01   3.4362794e+01
   1.3000000e+01   2.1300661e+01  -1.5900423e+02   1.8561551e+01  -3.7050205e+01  -3.3000000e+01   3.5733101e+01
   1.3000000e+01   2.0832813e+01  -1.5835294e+02   1.7031657e+01  -3.5576371e+01  -3.3000000e+01   3.6755232e+01
   1.3000000e+01   2.2621180e+01  -1.5893798e+02   1.7337689e+01  -3.2757760e+01  -3.3000000e+01   3.7873358e+01
   1.3000000e+01   2.3265545e+01  -1.5974164e+02   1.6772682e+01  -2.9633443e+01  -3.3000000e+01   3.9090091e+01
   1.3000000e+01   2.1931464e+01  -1.5944529e+02   1.5017631e+01  -2.7975395e+01  -3.3000000e+01   3.8791245e+01
   1.3000000e+01   2.7574326e+01  -1.6050512e+02   1.9634533e+01  -2.4267660e+01  -3.3000000e+01   3.9166581e+01
   1.3000000e+01   3.0177692e+01  -1.6063706e+02   2.2532087e+01  -2.1719175e+01  -3.3000000e+01   3.9457077e+01
   1.3000000e+01   2.7097573e+01  -1.5961788e+02   1.9887861e+01  -2.1428498e+01  -3.3000000e+01   3.9128857e+01
   1.3000000e+01   2.7938297e+01  -1.5885012e+02   2.0473510e+01  -2.0010550e+01  -3.3000000e+01   3.8445992e+01
   1.3000000e+01   2.4569258e+01  -1.5739834e+02   1.7875458e+01  -2.0349116e+01  -3.3000000e+01   3.7580394e+01
   1.3000000e+01   2.6525977e+01  -1.5733796e+02   1.9369059e+01  -1.7985679e+01  -3.3000000e+01   3.6695977e+01
   1.3000000e+01   2.1649719e+01  -1.5466451e+02   1.5671918e+01  -1.8869853e+01  -3.3000000e+01   3.5458929e+01
   1.3000000e+01   2.0775607e+01  -1.5366444e+02   1.4877342e+01  -1.8310748e+01  -3.3000000e+01   3.4657014e+01
   1.3000000e+01   2.0158281e+01  -1.5305312e+02   1.4362622e+01  -1.6874387e+01  -3.3000000e+01   3.3500150e+01
   1.3000000e+01   1.9921793e+01  -1.5234041e+02   1.4964436e+01  -1.5089662e+01  -3.3000000e+01   3.1776908e+01
   1.3000000e+01   2.2098671e+01  -1.5243653e+02   1.7348997e+01  -1.2654950e+01  -3.3000000e+01   2.9191885e+01
   1.3000000e+01   2.2008751e+01  -1.5213686e+02   1.8635754e+01  -1.1044884e+01  -3.3000000e+01   2.7008411e+01
   1.3000000e+01   2.3422519e+01  -1.5224050e+02   2.0668617e+01  -8.9225742e+00  -3.3000000e+01   2.4144686e+01
   1.3000000e+01   2.3879074e+01  -1.5175124e+02   2.2085339e+01  -7.1005141e+00  -3.3000000e+01   2.2755619e+01
   1.3000000e+01   2.1870262e+01  -1.5062744e+02   2.1812938e+01  -7.0407805e+00  -3.3000000e+01   1.9747967e+01
   1.3000000e+01   2.1281506e+01  -1.5064692e+02   2.2724433e+01  -6.3685107e+00  -3.3000000e+01   1.7188115e+01
   1.3000000e+01   2.1776936e+01  -1.5061218e+02   2.4473778e+01  -5.1190890e+00  -3.3000000e+01   1.4911889e+01
   1.3000000e+01   2.3487110e+01  -1.5156499e+02   2.7219756e+01  -2.2876024e+00  -3.3000000e+01   1.3603888e+01
   1.3000000e+01   2.4565203e+01  -1.5150085e+02   2.8988110e+01  -4.3939743e-02  -3.3000000e+01   1.1610926e+01
   1.3000000e+01   2.5612459e+01  -1.5130225e+02   3.0659112e+01   2.3227823e+00  -3.3000000e+01   9.0782890e+00
   1.3000000e+01   2.4968632e+01  -1.5074198e+02   3.1249375e+01   3.7545523e+00  -3.3000000e+01   6.2853226e+00
   1.3000000e+01   2.5913135e+01  -1.5040365e+02   3.2766331e+01   5.1023360e+00  -3.3000000e+01   3.5745242e+00
   1.3000000e+01   2.6178747e+01  -1.4845916e+02   3.4133445e+01   7.8424995e+00  -3.3000000e+01  -1.2715348e+00
   1.3000000e+01   2.4839907e+01  -1.4801393e+02   3.4670794e+01   9.7929723e+00  -3.3000000e+01  -3.3970097e+00
   1.3000000e+01   2.3539012e+01  -1.4777743e+02   3.3751287e+01   9.6605181e+00  -3.3000000e+01  -3.6657101e+00
   1.3000000e+01   2.3940804e+01  -1.4818777e+02   3.1979895e+01   9.0009263e+00  -3.3000000e+01  -3.3859478e+00
   1.3000000e+01   2.4164659e+01  -1.4867104e+02   2.9039933e+01   6.6943634e+00  -3.3000000e+01  -1.4811439e-01
   1.3000000e+01   2.5835584e+01  -1.4996038e+02   2.7233989e+01   3.6876604e+00  -3.3000000e+01   1.3368741e+00
   1.3000000e+01   2.7908166e+01  -1.5158650e+02   2.6889448e+01  -3.6162125e-02  -3.3000000e+01   1.9023295e+00
   1.3000000e+01   2.6693911e+01  -1.5339481e+02   2.5594094e+01  -4.9413978e+00  -3.3000000e+01   3.8411947e+00
   1.3000000e+01   2.5142198e+01  -1.5434358e+02   2.3562300e+01  -1.0955165e+01  -3.3000000e+01   4.2965242e+00
   1.3000000e+01   2.3571443e+01  -1.5470867e+02   2.0956124e+01  -1.7416019e+01  -3.3000000e+01   6.0047897e+00
   1.3000000e+01   2.0607473e+01  -1.5429238e+02   1.6936582e+01  -2.4243752e+01  -3.3000000e+01   5.5713431e+00
   1.3000000e+01   1.8711363e+01  -1.5353703e+02   1.4621220e+01  -2.9345609e+01  -3.3000000e+01   1.0785240e+01
   1.3000000e+01   1.9366231e+01  -1.5328709e+02   1.5363606e+01  -3.4209352e+01  -3.3000000e+01   1.6642547e+01
   1.3000000e+01   2.2034301e+01  -1.5438075e+02   1.9311538e+01  -3.6477092e+01  -3.3000000e+01   2.3073000e+01
   1.3000000e+01   2.2228235e+01  -1.5582841e+02   2.0761197e+01  -3.9500714e+01  -3.3000000e+01   2.7426485e+01
   1.3000000e+01   2.0185865e+01  -1.5666917e+02   2.0805804e+01  -4.2777721e+01  -3.3000000e+01   3.0109220e+01
   1.3000000e+01   1.9944920e+01  -1.5682315e+02   2.0027946e+01  -4.2034796e+01  -3.3000000e+01   3.2101085e+01
   1.3000000e+01   1.8413595e+01  -1.5648614e+02   1.7808897e+01  -4.1306534e+01  -3.3000000e+01   3.2869634e+01
   1.3000000e+01   1.9515931e+01  -1.5704229e+02   1.7432971e+01  -3.8710177e+01  -3.3000000e+01   3.3541141e+01
   1.3000000e+01   1.9440203e+01  -1.5735346e+02   1.6600505e+01  -3.6746894e+01  -3.3000000e+01   3.4344471e+01
   1.3000000e+01   2.0784297e+01  -1.5802332e+02   1.6420395e+01  -3.4185034e+01  -3.3000000e+01   3.5019218e+01
   1.3000000e+01   2.0093795e+01  -1.5760971e+02   1.4765473e+01  -3.2250860e+01  -3.3000000e+01   3.6672355e+01
   1.3000000e+01   2.2248670e+01  -1.5819305e+02   1.5786163e+01  -2.9519412e+01  -3.3000000e+01   3.6985535e+01
   1.3000000e+01   2.4836971e+01  -1.5867339e+02   1.8361691e+01  -2.7244351e+01  -3.3000000e+01   3.7087149e+01
   1.3000000e+01   2.5372816e+01  -1.5856278e+02   1.8826221e+01  -2.5779389e+01  -3.3000000e+01   3.6557636e+01
   1.3000000e+01   2.4203286e+01  -1.5793397e+02   1.7891771e+01  -2.5178152e+01  -3.3000000e+01   3.6634919e+01
   1.3000000e+01   2.2759266e+01  -1.5683778e+02   1.6718660e+01  -2.4922272e+01  -3.3000000e+01   3.6670654e+01
   1.3000000e+01   2.2687539e+01  -1.5637161e+02   1.6193460e+01  -2.4178994e+01  -3.3000000e+01   3.6445756e+01
   1.3000000e+01   2.2742165e+01  -1.5543123e+02   1.6511003e+01  -2.3335825e+01  -3.3000000e+01   3.5462097e+01
   1.3000000e+01   2.2860330e+01  -1.5477889e+02   1.6588372e+01  -2.2703097e+01  -3.3000000e+01   3.4952004e+01
   1.3000000e+01   1.9032044e+01  -1.5297412e+02   1.3203091e+01  -2.2934449e+01  -3.3000000e+01   3.4744576e+01
   1.3000000e+01   1.9570012e+01  -1.5309763e+02   1.3259294e+01  -2.1715338e+01  -3.3000000e+01   3.3997032e+01
   1.3000000e+01   1.9606840e+01  -1.5282899e+02   1.3647719e+01  -2.0401025e+01  -3.3000000e+01   3.4055600e+01
   1.3000000e+01   1.9013516e+01  -1.5195074e+02   1.3671667e+01  -2.0456113e+01  -3.3000000e+01   3.2448249e+01
   1.3000000e+01   1.9062108e+01  -1.5136322e+02   1.4243695e+01  -1.9570627e+01  -3.3000000e+01   3.1922288e+01
   1.3000000e+01   1.8536637e+01  -1.5043513e+02   1.5059365e+01  -1.8629478e+01  -3.3000000e+01   3.0452413e+01
   1.3000000e+01   1.9617188e+01  -1.5066988e+02   1.6210788e+01  -1.6848062e+01  -3.3000000e+01   2.8957100e+01
   1.3000000e+01   1.9402260e+01  -1.5069507e+02   1.6775473e+01  -1.5578334e+01  -3.3000000e+01   2.8484017e+01
   1.3000000e+01   1.9269367e+01  -1.5059828e+02   1.7385510e+01  -1.4155990e+01  -3.3000000e+01   2.5492709e+01
   1.3000000e+01   1.9014570e+01  -1.5061784e+02   1.7957757e+01  -1.3002651e+01  -3.3000000e+01   2.3898599e+01
   1.3000000e+01   1.9938344e+01  -1.5025870e+02   1.9437022e+01  -1.1356840e+01  -3.3000000e+01   2.2443324e+01
   1.3000000e+01   1.9716597e+01  -1.5019304e+02   2.0447403e+01  -9.8247719e+00  -3.3000000e+01   2.0532667e+01
   1.3000000e+01   1.9803095e+01  -1.5022907e+02   2.1714835e+01  -8.4262569e+00  -3.3000000e+01   1.8923842e+01
   1.3000000e+01   2.1021658e+01  -1.5024525e+02   2.3521711e+01  -6.2311969e+00  -3.3000000e+01   1.5912896e+01
   1.3000000e+01   2.2214216e+01  -1.5045156e+02   2.5426560e+01  -4.0903298e+00  -3.3000000e+01   1.4292095e+01
   1.3000000e+01   2.5520866e+01  -1.5128876e+02   2.8266914e+01  -1.1097945e+00  -3.3000000e+01   1.3404672e+01
   1.3000000e+01   2.7365735e+01  -1.5199711e+02   3.0745381e+01   1.5404589e+00  -3.3000000e+01   1.2501109e+01
   1.3000000e+01   2.9476092e+01  -1.5190584e+02   3.2865529e+01   3.9299031e+00  -3.3000000e+01   1.1471969e+01
   1.3000000e+01   3.0330716e+01  -1.5228386e+02   3.3338853e+01   5.0300950e+00  -3.3000000e+01   1.1015337e+01
   1.3000000e+01   2.9994152e+01  -1.5165507e+02   3.1616893e+01   3.7246982e+00  -3.3000000e+01   7.8894416e+00
   1.3000000e+01   2.9951593e+01  -1.5172966e+02   2.9668366e+01   2.0269341e+00  -3.3000000e+01   4.1380211e+00
   1.3000000e+01   2.9664589e+01  -1.5226182e+02   2.7804424e+01   1.4756369e-01  -3.3000000e+01   2.3643508e+00
   1.3000000e+01   2.8386321e+01  -1.5274877e+02   2.6731802e+01  -1.8866501e+00  -3.3000000e+01   3.7395731e+00
   1.3000000e+01   2.5760943e+01  -1.5314229e+02   2.4904956e+01  -5.1731895e+00  -3.3000000e+01   6.0173271e+00
   1.3000000e+01   2.2583584e+01  -1.5339742e+02   2.1856552e+01  -1.0082421e+01  -3.3000000e+01   1.0201892e+01
   1.3000000e+01   2.0972637e+01  -1.5416888e+02   1.8928464e+01  -1.6449271e+01  -3.3000000e+01   1.4085967e+01
   1.3000000e+01   1.9906764e+01  -1.5449765e+02   1.5482809e+01  -2.2965438e+01  -3.3000000e+01   1.7313142e+01
   1.3000000e+01   2.3329617e+01  -1.5461442e+02   1.5765731e+01  -2.7941771e+01  -3.3000000e+01   1.9737207e+01
   1.3000000e+01   2.5658529e+01  -1.5500985e+02   1.6231274e+01  -3.1678880e+01  -3.3000000e+01   2.1252618e+01
   1.3000000e+01   2.8217071e+01  -1.5563144e+02   1.7776621e+01  -3.3951874e+01  -3.3000000e+01   2.1271024e+01
   1.3000000e+01   2.8856360e+01  -1.5737428e+02   1.9744556e+01  -3.5055222e+01  -3.3000000e+01   2.0140608e+01
   1.3000000e+01   2.2710535e+01  -1.5954891e+02   1.8531108e+01  -3.9280980e+01  -3.3000000e+01   1.8385040e+01
   1.3000000e+01   2.2038672e+01  -1.6302243e+02   2.3058100e+01  -4.0494223e+01  -3.3000000e+01   2.0063705e+01
   1.3000000e+01   2.2394093e+01  -1.6664511e+02   2.7230749e+01  -4.0186771e+01  -3.3000000e+01   2.2676108e+01
   1.3000000e+01   2.3906904e+01  -1.6602672e+02   2.8083765e+01  -3.8590727e+01  -3.3000000e+01   2.6738500e+01
   1.3000000e+01   2.3379329e+01  -1.6496419e+02   2.5820581e+01  -3.6919769e+01  -3.3000000e+01   2.8349034e+01
   1.3000000e+01   2.7617711e+01  -1.6486502e+02   2.8107438e+01  -3.4099037e+01  -3.3000000e+01   2.9822937e+01
   1.3000000e+01   2.8993235e+01  -1.6425257e+02   2.8428472e+01  -3.2293021e+01  -3.3000000e+01   3.1606685e+01
   1.3000000e+01   3.0694253e+01  -1.6378324e+02   2.9120982e+01  -3.0321839e+01  -3.3000000e+01   3.1557108e+01
   1.3000000e+01   3.0067370e+01  -1.6312181e+02   2.7705368e+01  -2.8979260e+01  -3.3000000e+01   3.2619443e+01
   1.3000000e+01   2.9315287e+01  -1.6233721e+02   2.6283114e+01  -2.8076132e+01  -3.3000000e+01   3.3277158e+01
   1.3000000e+01   2.7290306e+01  -1.6189545e+02   2.3171447e+01  -2.6950408e+01  -3.3000000e+01   3.3731407e+01
   1.3000000e+01   2.5274244e+01  -1.6134773e+02   2.0629860e+01  -2.6327714e+01  -3.3000000e+01   3.4638197e+01
   1.3000000e+01   2.3932006e+01  -1.6018673e+02   1.8960601e+01  -2.5361420e+01  -3.3000000e+01   3.4647982e+01
   1.3000000e+01   2.3123741e+01  -1.5904380e+02   1.8562498e+01  -2.4862731e+01  -3.3000000e+01   3.4650423e+01
   1.3000000e+01   2.1766152e+01  -1.5814574e+02   1.6736349e+01  -2.4252832e+01  -3.3000000e+01   3.5306791e+01
   1.3000000e+01   2.2307334e+01  -1.5808283e+02   1.7410725e+01  -2.3352727e+01  -3.3000000e+01   3.5144663e+01
   1.3000000e+01   2.0859395e+01  -1.5757013e+02   1.6130910e+01  -2.3087614e+01  -3.3000000e+01   3.5179603e+01
   1.3000000e+01   2.3346892e+01  -1.5728513e+02   1.8250519e+01  -2.1751625e+01  -3.3000000e+01   3.3988853e+01
   1.3000000e+01   2.3363922e+01  -1.5694345e+02   1.8484030e+01  -2.0761584e+01  -3.3000000e+01   3.3443886e+01
   1.3000000e+01   2.4397901e+01  -1.5628717e+02   1.9630326e+01  -1.9649916e+01  -3.3000000e+01   3.2223273e+01
   1.3000000e+01   2.3527886e+01  -1.5522088e+02   1.9515908e+01  -1.9389063e+01  -3.3000000e+01   3.1735895e+01
   1.3000000e+01   2.2904526e+01  -1.5401103e+02   1.9264607e+01  -1.8973600e+01  -3.3000000e+01   3.1182343e+01
   1.3000000e+01   2.2763591e+01  -1.5324976e+02   1.8863176e+01  -1.8229107e+01  -3.3000000e+01   3.1186003e+01
   1.3000000e+01   1.9913597e+01  -1.5224375e+02   1.7156813e+01  -1.7931983e+01  -3.3000000e+01   2.9269782e+01
   1.3000000e+01   1.8468700e+01  -1.5193507e+02   1.6270080e+01  -1.7204600e+01  -3.3000000e+01   2.6877965e+01
   1.3000000e+01   1.7589494e+01  -1.5157824e+02   1.6355589e+01  -1.6079798e+01  -3.3000000e+01   2.5725658e+01
   1.3000000e+01   1.7447069e+01  -1.5150315e+02   1.7257075e+01  -1.4558367e+01  -3.3000000e+01   2.3788389e+01
   1.3000000e+01   1.7986232e+01  -1.5170035e+02   1.9310533e+01  -1.2926482e+01  -3.3000000e+01   2.2387762e+01
   1.3000000e+01   1.8856633e+01  -1.5208242e+02   2.1246888e+01  -1.1310971e+01  -3.3000000e+01   2.0164754e+01
   1.3000000e+01   2.0265805e+01  -1.5255040e+02   2.3034308e+01  -8.7474235e+00  -3.3000000e+01   1.8428963e+01
   1.3000000e+01   2.1869918e+01  -1.5285898e+02   2.4622249e+01  -6.2730588e+00  -3.3000000e+01   1.6836793e+01
   1.3000000e+01   2.2806365e+01  -1.5284723e+02   2.6445923e+01  -4.7393462e+00  -3.3000000e+01   1.5116760e+01
   1.3000000e+01   2.2940358e+01  -1.5266361e+02   2.6961752e+01  -3.2083305e+00  -3.3000000e+01   1.4581230e+01
   1.3000000e+01   2.5740786e+01  -1.5347307e+02   2.9898655e+01  -7.8717016e-01  -3.3000000e+01   1.3138067e+01
   1.3000000e+01   2.6961472e+01  -1.5322347e+02   3.1896184e+01   7.9200516e-01  -3.3000000e+01   1.1605001e+01
   1.3000000e+01   2.7880427e+01  -1.5342548e+02   3.2510791e+01   2.3063605e+00  -3.3000000e+01   1.1514283e+01
   1.3000000e+01   2.9089987e+01  -1.5307229e+02   3.2719040e+01   3.9144949e+00  -3.3000000e+01   1.0437330e+01
   1.3000000e+01   2.9794559e+01  -1.5279170e+02   3.0875317e+01   2.9190277e+00  -3.3000000e+01   8.4511030e+00
   1.3000000e+01   2.9251619e+01  -1.5287235e+02   2.7428233e+01   1.0889761e+00  -3.3000000e+01   5.5473610e+00
   1.3000000e+01   2.8880794e+01  -1.5312429e+02   2.4968276e+01  -1.4403534e+00  -3.3000000e+01   3.8132768e+00
   1.3000000e+01   2.9022084e+01  -1.5393485e+02   2.3668494e+01  -4.2092292e+00  -3.3000000e+01   3.9774491e+00
   1.3000000e+01   2.7074246e+01  -1.5373862e+02   2.1904907e+01  -7.7099809e+00  -3.3000000e+01   6.6664033e+00
   1.3000000e+01   2.4787500e+01  -1.5363602e+02   2.0340457e+01  -1.1206602e+01  -3.3000000e+01   9.7357216e+00
   1.3000000e+01   2.1642165e+01  -1.5344455e+02   1.7523234e+01  -1.7050062e+01  -3.3000000e+01   1.1668714e+01
   1.3000000e+01   2.0242236e+01  -1.5380946e+02   1.5268378e+01  -2.3114782e+01  -3.3000000e+01   1.4690601e+01
   1.3000000e+01   2.4264424e+01  -1.5487276e+02   1.6474888e+01  -2.6590526e+01  -3.3000000e+01   1.6645726e+01
   1.3000000e+01   2.8462724e+01  -1.5597150e+02   1.9980894e+01  -2.9912448e+01  -3.3000000e+01   1.8160827e+01
   1.3000000e+01   2.8716938e+01  -1.5610241e+02   2.0055451e+01  -3.3532924e+01  -3.3000000e+01   1.9624441e+01
   1.3000000e+01   2.6644135e+01  -1.5647722e+02   1.8803567e+01  -3.5896746e+01  -3.3000000e+01   2.1976387e+01
   1.3000000e+01   2.4492926e+01  -1.5807359e+02   1.8368036e+01  -3.6674746e+01  -3.3000000e+01   2.5365572e+01
   1.3000000e+01   2.1864259e+01  -1.5963443e+02   1.7887767e+01  -3.7271857e+01  -3.3000000e+01   2.9507360e+01
   1.3000000e+01   2.1849049e+01  -1.6135989e+02   1.9297628e+01  -3.6885075e+01  -3.3000000e+01   3.4029278e+01
   1.3000000e+01   2.2094663e+01  -1.6155098e+02   1.9103549e+01  -3.5985912e+01  -3.3000000e+01   3.5534274e+01
   1.3000000e+01   2.1096514e+01  -1.6102395e+02   1.7542306e+01  -3.4991925e+01  -3.3000000e+01   3.5924716e+01
