   2.2008647e+01   2.7455425e+01  -1.5910092e+02   1.7874406e+01  -2.5804610e+01  -3.1210398e+01   3.9444065e+01
   1.9660974e+01   1.3455438e+01  -1.5600000e+02   9.2174615e+00  -2.5363472e+01  -3.6298901e+01   3.8463501e+01
   1.6429239e+01  -5.4439931e-01  -1.5289914e+02   9.0263015e-01  -2.4758651e+01  -4.1327401e+01   3.6496866e+01
   1.3197505e+01  -1.4544237e+01  -1.4979829e+02  -7.4122012e+00  -2.4153831e+01  -4.6355901e+01   3.4530231e+01
   9.9601087e+00  -2.6000000e+01  -1.5600000e+02  -1.5687477e+01  -2.3523714e+01  -5.1353643e+01   3.2562528e+01
   8.9259390e+00  -2.6000000e+01  -1.5600000e+02  -1.4882698e+01  -1.5805115e+01  -4.8243448e+01   3.1097065e+01
   8.0710795e+00  -2.6000000e+01  -1.5600000e+02  -1.5705409e+01  -1.0797101e+01  -4.6538473e+01   2.9878969e+01
   7.3301559e+00  -2.6000000e+01  -1.5600000e+02  -1.5978963e+01  -8.0875649e+00  -4.4469448e+01   2.8118012e+01
   7.4739190e+00  -2.6000000e+01  -1.5600000e+02  -1.6194435e+01  -6.0616806e+00  -4.2805841e+01   2.5544889e+01
   7.3265076e+00  -2.6000000e+01  -1.5600000e+02  -1.6619191e+01  -4.5841538e+00  -4.1428565e+01   2.3523220e+01
   6.9663482e+00  -2.6000000e+01  -1.5600000e+02  -1.6922994e+01  -3.1216133e+00  -4.0162049e+01   2.1755783e+01
   6.6904665e+00  -2.6000000e+01  -1.5600000e+02  -1.6367925e+01  -1.3836275e+00  -3.8155422e+01   2.0328592e+01
   5.5684120e+00  -2.6000000e+01  -1.5600000e+02  -1.6627051e+01  -8.0056800e-02  -3.6606344e+01   1.7816278e+01
   4.9763498e+00  -2.6000000e+01  -1.5600000e+02  -1.6880647e+01   1.5909299e+00  -3.4888365e+01   1.6059035e+01
   4.8040400e+00  -2.6000000e+01  -1.5600000e+02  -1.7004509e+01   3.2446783e+00  -3.3143145e+01   1.3427813e+01
   5.5349855e+00  -2.6000000e+01  -1.5600000e+02  -1.6953845e+01   4.6396499e+00  -3.1377941e+01   1.0926791e+01
   5.4932307e+00  -2.6000000e+01  -1.5600000e+02  -1.7385707e+01   6.1625510e+00  -3.0059772e+01   8.3018169e+00
   5.2641274e+00  -2.6000000e+01  -1.5600000e+02  -1.8052676e+01   7.8456353e+00  -2.8960872e+01   5.9972202e+00
   4.9115401e+00  -2.6000000e+01  -1.5600000e+02  -1.8828245e+01   8.9946104e+00  -2.8053239e+01   4.9436838e+00
   5.8892053e+00  -2.6000000e+01  -1.5600000e+02  -2.0098384e+01   1.0019133e+01  -2.8234532e+01   4.8768694e+00
   5.5903958e+00  -2.6000000e+01  -1.5600000e+02  -2.2149487e+01   1.0849566e+01  -2.9170671e+01   2.5662058e+00
   4.8206263e+00  -2.6000000e+01  -1.5600000e+02  -2.3717950e+01   9.6521071e+00  -2.9931216e+01   6.5033484e-01
   4.7665515e+00  -2.6000000e+01  -1.5600000e+02  -2.4099620e+01   6.4069310e+00  -3.0035070e+01   4.0140525e-01
   3.7669996e+00  -2.6000000e+01  -1.5600000e+02  -2.4417134e+01   1.5393783e+00  -3.0227909e+01   1.9679385e+00
   3.8035166e+00  -2.6000000e+01  -1.5600000e+02  -2.4417860e+01  -3.7288384e+00  -3.0643636e+01   2.8523212e+00
   4.5055704e+00  -2.6000000e+01  -1.5600000e+02  -2.4112000e+01  -9.1571884e+00  -3.1516996e+01   4.0859585e+00
   4.0193106e+00  -2.6000000e+01  -1.5600000e+02  -2.4481057e+01  -1.4776062e+01  -3.2438759e+01   4.4087108e+00
   2.4834694e+00  -2.6000000e+01  -1.5600000e+02  -2.5652756e+01  -2.0215432e+01  -3.3325975e+01   5.4951192e+00
   9.5083783e-01  -2.6000000e+01  -1.5600000e+02  -2.6022320e+01  -2.6338866e+01  -3.3869903e+01   6.1915854e+00
  -3.1609832e-01  -2.6000000e+01  -1.5600000e+02  -2.5677353e+01  -3.1892809e+01  -3.3878714e+01   9.9095125e+00
  -9.1020638e-01  -2.6000000e+01  -1.5600000e+02  -2.4814589e+01  -3.6800749e+01  -3.3347231e+01   1.5210480e+01
  -5.9154087e-01  -2.6000000e+01  -1.5600000e+02  -2.2475953e+01  -3.9664039e+01  -3.1573290e+01   2.1451914e+01
  -7.7424709e-01  -2.6000000e+01  -1.5600000e+02  -2.2436225e+01  -3.9212838e+01  -3.1797518e+01   2.5163776e+01
  -1.5201765e+00  -2.6000000e+01  -1.5600000e+02  -2.3156651e+01  -3.7648199e+01  -3.2552982e+01   2.6799788e+01
  -2.2221502e+00  -2.6000000e+01  -1.5600000e+02  -2.3836183e+01  -3.5540463e+01  -3.3226301e+01   2.8150998e+01
  -3.3228687e+00  -2.6000000e+01  -1.5600000e+02  -2.4936951e+01  -3.3101994e+01  -3.3876801e+01   2.8385595e+01
  -3.9475390e+00  -2.6000000e+01  -1.5600000e+02  -2.5759324e+01  -3.1004163e+01  -3.3993582e+01   2.9652202e+01
  -4.5219748e+00  -2.6000000e+01  -1.5600000e+02  -2.6489379e+01  -2.8880272e+01  -3.3959317e+01   3.0895898e+01
  -5.0080175e+00  -2.6000000e+01  -1.5600000e+02  -2.6948839e+01  -2.6785555e+01  -3.3761248e+01   3.1446227e+01
  -5.1818532e+00  -2.6000000e+01  -1.5600000e+02  -2.7305757e+01  -2.5308693e+01  -3.3556638e+01   3.2163390e+01
  -4.8574576e+00  -2.6000000e+01  -1.5600000e+02  -2.7636024e+01  -2.3420668e+01  -3.3514552e+01   3.2968738e+01
  -4.5285938e+00  -2.6000000e+01  -1.5600000e+02  -2.7807428e+01  -2.2184631e+01  -3.3468378e+01   3.3041159e+01
  -4.0910220e+00  -2.6000000e+01  -1.5600000e+02  -2.8111408e+01  -2.0877806e+01  -3.3507311e+01   3.2862055e+01
  -3.2877795e+00  -2.6000000e+01  -1.5600000e+02  -2.8180449e+01  -1.9442028e+01  -3.3559452e+01   3.2507078e+01
  -1.7864374e+00  -2.6000000e+01  -1.5600000e+02  -2.8036050e+01  -1.7547190e+01  -3.3651893e+01   3.2114776e+01
  -1.0267980e-01  -2.6000000e+01  -1.5600000e+02  -2.7699278e+01  -1.5717977e+01  -3.3829129e+01   3.1157626e+01
   1.2763170e+00  -2.6000000e+01  -1.5600000e+02  -2.6865338e+01  -1.3931621e+01  -3.4032081e+01   3.0654619e+01
   2.6384255e+00  -2.6000000e+01  -1.5600000e+02  -2.5937478e+01  -1.2145054e+01  -3.4161589e+01   3.0262008e+01
   3.8952866e+00  -2.6000000e+01  -1.5600000e+02  -2.5057844e+01  -1.0140481e+01  -3.4407786e+01   2.8653357e+01
   4.7023932e+00  -2.6000000e+01  -1.5600000e+02  -2.4017699e+01  -8.4068911e+00  -3.4411806e+01   2.6400513e+01
   5.5368568e+00  -2.6000000e+01  -1.5600000e+02  -2.3256931e+01  -6.4240774e+00  -3.4402163e+01   2.3560503e+01
   5.6998589e+00  -2.6000000e+01  -1.5600000e+02  -2.2411752e+01  -4.9134571e+00  -3.3965985e+01   2.1784680e+01
   5.7909368e+00  -2.6000000e+01  -1.5600000e+02  -2.1291425e+01  -2.9218276e+00  -3.3207524e+01   2.0419874e+01
   6.0289247e+00  -2.6000000e+01  -1.5600000e+02  -2.0220750e+01  -1.8476184e+00  -3.2516587e+01   1.7234992e+01
   6.3929383e+00  -2.6000000e+01  -1.5600000e+02  -1.9138803e+01  -4.8996141e-01  -3.1818265e+01   1.4150711e+01
   6.9116001e+00  -2.6000000e+01  -1.5600000e+02  -1.8104242e+01   9.7519031e-01  -3.0990429e+01   1.1570780e+01
   7.0970051e+00  -2.6000000e+01  -1.5600000e+02  -1.7666382e+01   1.9683458e+00  -3.0157160e+01   9.9460116e+00
   5.9591340e+00  -2.6000000e+01  -1.5600000e+02  -1.7811329e+01   3.8143611e+00  -2.9026108e+01   6.6512447e+00
   4.8530737e+00  -2.6000000e+01  -1.5600000e+02  -1.7870168e+01   5.6883257e+00  -2.7801874e+01   3.4136154e+00
   4.9803913e+00  -2.6000000e+01  -1.5600000e+02  -1.7429386e+01   7.1692920e+00  -2.6150139e+01   2.6994043e+00
   5.1777045e+00  -2.6000000e+01  -1.5600000e+02  -1.7537413e+01   8.7279790e+00  -2.4972569e+01   6.6833844e-01
   5.7003608e+00  -2.6000000e+01  -1.5600000e+02  -1.7343220e+01   1.1906836e+01  -2.3638443e+01  -1.3091862e+00
   6.0971052e+00  -2.6000000e+01  -1.5600000e+02  -1.7882798e+01   1.3621349e+01  -2.2940612e+01  -3.4988735e+00
   7.4775161e+00  -2.6000000e+01  -1.5600000e+02  -1.9300054e+01   1.4905412e+01  -2.3632602e+01  -5.7338276e+00
   7.4945699e+00  -2.6000000e+01  -1.5600000e+02  -2.0203010e+01   1.6343428e+01  -2.4236969e+01  -7.7904109e+00
   6.9320124e+00  -2.6000000e+01  -1.5600000e+02  -2.1465071e+01   1.6255915e+01  -2.5107783e+01  -9.8434024e+00
   5.7188857e+00  -2.6000000e+01  -1.5600000e+02  -2.2229858e+01   1.3483686e+01  -2.5284812e+01  -9.8147785e+00
   4.4136702e+00  -2.6000000e+01  -1.5600000e+02  -2.3004903e+01   9.6676445e+00  -2.5590944e+01  -7.9031887e+00
   3.5540869e+00  -2.6000000e+01  -1.5600000e+02  -2.4421438e+01   5.1819290e+00  -2.6576433e+01  -6.1554779e+00
   2.6339390e+00  -2.6000000e+01  -1.5600000e+02  -2.6787876e+01   8.6918213e-01  -2.8455857e+01  -4.6533681e+00
   2.7293678e+00  -2.6000000e+01  -1.5600000e+02  -2.8488261e+01  -4.2076278e+00  -3.0572834e+01  -5.8281326e+00
   2.8751532e+00  -2.6000000e+01  -1.5600000e+02  -2.9432645e+01  -8.7821635e+00  -3.2371627e+01  -5.9446375e+00
   2.5478086e+00  -2.6000000e+01  -1.5600000e+02  -2.9895388e+01  -1.3194150e+01  -3.3727921e+01  -4.9202440e+00
   1.9739860e+00  -2.6000000e+01  -1.5600000e+02  -2.9056266e+01  -1.8756128e+01  -3.4048869e+01  -7.5982254e-01
   1.2578148e+00  -2.6000000e+01  -1.5600000e+02  -2.7360866e+01  -2.5661999e+01  -3.3444358e+01   2.1155886e+00
   7.3195997e-01  -2.6000000e+01  -1.5600000e+02  -2.4821069e+01  -3.2002076e+01  -3.1512844e+01   5.6479690e+00
   1.2812590e+00  -2.6000000e+01  -1.5600000e+02  -2.1397336e+01  -3.6984706e+01  -2.8735218e+01   1.1843651e+01
   6.7464168e-01  -2.6000000e+01  -1.5600000e+02  -2.0915471e+01  -3.7309518e+01  -2.8670711e+01   1.5033724e+01
  -1.4696718e-01  -2.6000000e+01  -1.5600000e+02  -2.1397052e+01  -3.4949439e+01  -2.9285478e+01   1.6542066e+01
  -1.0636201e+00  -2.6000000e+01  -1.5600000e+02  -2.2381968e+01  -3.2518863e+01  -3.0031031e+01   1.7174456e+01
  -1.4741470e+00  -2.6000000e+01  -1.5600000e+02  -2.3361875e+01  -3.0014019e+01  -3.0297799e+01   1.7080858e+01
  -1.5965920e+00  -2.6000000e+01  -1.5600000e+02  -2.4047255e+01  -2.7853145e+01  -3.0244236e+01   1.8150913e+01
  -1.5940537e+00  -2.6000000e+01  -1.5600000e+02  -2.4825738e+01  -2.5437021e+01  -3.0189795e+01   1.8486942e+01
  -1.5423116e+00  -2.6000000e+01  -1.5600000e+02  -2.5136817e+01  -2.4002066e+01  -2.9894140e+01   1.8635549e+01
  -1.4632270e+00  -2.6000000e+01  -1.5600000e+02  -2.5275528e+01  -2.2586289e+01  -2.9659746e+01   1.8363074e+01
  -1.1497837e+00  -2.6000000e+01  -1.5600000e+02  -2.5180403e+01  -2.1178024e+01  -2.9549600e+01   1.7836750e+01
  -3.9190846e-01  -2.6000000e+01  -1.5600000e+02  -2.5216493e+01  -2.0147964e+01  -2.9836784e+01   1.7542607e+01
   5.4285537e-01  -2.6000000e+01  -1.5600000e+02  -2.5175407e+01  -1.9305662e+01  -3.0144673e+01   1.7819165e+01
   1.4353531e+00  -2.6000000e+01  -1.5600000e+02  -2.5314904e+01  -1.8556325e+01  -3.0613141e+01   1.7984515e+01
   2.4909509e+00  -2.6000000e+01  -1.5600000e+02  -2.5133861e+01  -1.8284129e+01  -3.0930731e+01   1.8505376e+01
   3.5224930e+00  -2.6000000e+01  -1.5600000e+02  -2.5019927e+01  -1.8060692e+01  -3.1377034e+01   1.8984452e+01
   3.6580599e+00  -2.6000000e+01  -1.5600000e+02  -2.5005951e+01  -1.7887903e+01  -3.2129947e+01   1.8224589e+01
   4.3463857e+00  -2.6000000e+01  -1.5600000e+02  -2.4431437e+01  -1.7738780e+01  -3.2498234e+01   1.8061439e+01
   5.0690862e+00  -2.6000000e+01  -1.5600000e+02  -2.3773522e+01  -1.7513559e+01  -3.2720380e+01   1.7851913e+01
   5.4232140e+00  -2.6000000e+01  -1.5600000e+02  -2.3092959e+01  -1.6825284e+01  -3.2671003e+01   1.7364726e+01
   4.6930819e+00  -2.6000000e+01  -1.5600000e+02  -2.2314422e+01  -1.6686885e+01  -3.2323124e+01   1.6033062e+01
   4.5827338e+00  -2.6000000e+01  -1.5600000e+02  -2.1549870e+01  -1.6198435e+01  -3.1794565e+01   1.5519256e+01
   4.4491541e+00  -2.6000000e+01  -1.5600000e+02  -2.0883251e+01  -1.5790076e+01  -3.1313082e+01   1.3579461e+01
   4.6419730e+00  -2.6000000e+01  -1.5600000e+02  -2.0237126e+01  -1.5026577e+01  -3.0808905e+01   1.1572779e+01
   4.7971968e+00  -2.6000000e+01  -1.5600000e+02  -1.9805855e+01  -1.4256414e+01  -3.0469718e+01   9.4869071e+00
   4.7310208e+00  -2.6000000e+01  -1.5600000e+02  -1.9443234e+01  -1.3054110e+01  -2.9932186e+01   7.4205408e+00
   4.5119335e+00  -2.6000000e+01  -1.5600000e+02  -1.9279627e+01  -1.1158344e+01  -2.9377476e+01   5.3426580e+00
   4.4996912e+00  -2.6000000e+01  -1.5600000e+02  -1.9025082e+01  -8.9687291e+00  -2.8766336e+01   3.5187415e+00
   4.2160949e+00  -2.6000000e+01  -1.5600000e+02  -1.8734625e+01  -7.5989025e+00  -2.8146874e+01   1.6011965e-01
   3.5299756e+00  -2.6000000e+01  -1.5600000e+02  -1.8290212e+01  -6.7436109e+00  -2.7117721e+01  -2.1464712e+00
   2.8490176e+00  -2.6000000e+01  -1.5600000e+02  -1.8071650e+01  -5.6468735e-01  -2.6144148e+01  -4.5774465e+00
   2.3655728e+00  -2.6000000e+01  -1.5600000e+02  -1.7663940e+01   3.7711248e+00  -2.4895060e+01  -6.9459237e+00
   2.8546357e+00  -2.6000000e+01  -1.5600000e+02  -1.7156692e+01   6.8938165e+00  -2.3544814e+01  -7.8642156e+00
   3.2367389e+00  -2.6000000e+01  -1.5600000e+02  -1.6724778e+01   9.0534363e+00  -2.2204760e+01  -9.4183332e+00
   3.3572163e+00  -2.6000000e+01  -1.5600000e+02  -1.7290143e+01   1.0919538e+01  -2.1827555e+01  -1.0608913e+01
   3.1170099e+00  -2.6000000e+01  -1.5600000e+02  -1.9111943e+01   1.2004694e+01  -2.2960895e+01  -1.1534727e+01
   2.7497328e+00  -2.6000000e+01  -1.5600000e+02  -2.1031650e+01   1.2368963e+01  -2.4437363e+01  -1.3653391e+01
   2.4440159e+00  -2.6000000e+01  -1.5600000e+02  -2.2794460e+01   1.1576015e+01  -2.5967197e+01  -1.4885590e+01
   2.5150758e+00  -2.6000000e+01  -1.5600000e+02  -2.4519665e+01   8.4765839e+00  -2.7316817e+01  -1.3432450e+01
   3.0094747e+00  -2.6000000e+01  -1.5600000e+02  -2.6016327e+01   4.3803641e+00  -2.8520981e+01  -1.1792642e+01
   2.7898362e+00  -2.6000000e+01  -1.5600000e+02  -2.7191581e+01   1.6997443e-01  -2.9780866e+01  -9.9366130e+00
   3.0285402e+00  -2.6000000e+01  -1.5600000e+02  -2.7810068e+01  -5.2765038e+00  -3.0855034e+01  -5.3539361e+00
   2.8174487e+00  -2.6000000e+01  -1.5600000e+02  -2.7932555e+01  -1.0669549e+01  -3.2148351e+01   6.3014093e-01
   1.5435578e+00  -2.6000000e+01  -1.5600000e+02  -2.7645787e+01  -1.6036214e+01  -3.2500252e+01   6.4886472e+00
  -1.9825142e-01  -2.6000000e+01  -1.5600000e+02  -2.6828519e+01  -2.1783433e+01  -3.2256299e+01   1.0961907e+01
  -1.6278690e+00  -2.6000000e+01  -1.5600000e+02  -2.5654232e+01  -2.7106926e+01  -3.1588199e+01   1.4728062e+01
  -2.6124015e+00  -2.6000000e+01  -1.5600000e+02  -2.3749475e+01  -3.1779101e+01  -3.0497209e+01   1.8125221e+01
  -3.2692651e+00  -2.6000000e+01  -1.5600000e+02  -2.2995686e+01  -3.3626935e+01  -3.0615985e+01   1.9228878e+01
  -3.1439358e+00  -2.6000000e+01  -1.5600000e+02  -2.3508097e+01  -3.2422593e+01  -3.1181582e+01   1.9890104e+01
  -3.0322739e+00  -2.6000000e+01  -1.5600000e+02  -2.4360933e+01  -3.1122517e+01  -3.1795411e+01   2.1114398e+01
  -2.6712174e+00  -2.6000000e+01  -1.5600000e+02  -2.4986175e+01  -2.9439716e+01  -3.2178341e+01   2.3400639e+01
  -2.6250076e+00  -2.6000000e+01  -1.5600000e+02  -2.5686318e+01  -2.7255213e+01  -3.2696256e+01   2.4425754e+01
  -2.6779034e+00  -2.6000000e+01  -1.5600000e+02  -2.5983426e+01  -2.5471825e+01  -3.2903693e+01   2.5733475e+01
  -3.0537562e+00  -2.6000000e+01  -1.5600000e+02  -2.6315678e+01  -2.3771542e+01  -3.3086342e+01   2.6202903e+01
  -3.1694607e+00  -2.6000000e+01  -1.5600000e+02  -2.6434540e+01  -2.2488800e+01  -3.3165416e+01   2.6712043e+01
  -2.9541565e+00  -2.6000000e+01  -1.5600000e+02  -2.6369347e+01  -2.1203679e+01  -3.3193919e+01   2.6817782e+01
  -2.7945751e+00  -2.6000000e+01  -1.5600000e+02  -2.6404206e+01  -1.9541212e+01  -3.3347274e+01   2.6279428e+01
  -2.3235586e+00  -2.6000000e+01  -1.5600000e+02  -2.6073755e+01  -1.7388487e+01  -3.3278312e+01   2.5222011e+01
  -1.6973838e+00  -2.6000000e+01  -1.5600000e+02  -2.5832933e+01  -1.5752030e+01  -3.3314482e+01   2.4125790e+01
  -3.6257613e-01  -2.6000000e+01  -1.5600000e+02  -2.5359429e+01  -1.4134293e+01  -3.2996202e+01   2.2128351e+01
   2.2186836e+00  -2.6000000e+01  -1.5600000e+02  -2.4306519e+01  -1.2371400e+01  -3.3005966e+01   2.0904690e+01
   3.7116288e+00  -2.6000000e+01  -1.5600000e+02  -2.3895338e+01  -1.0552247e+01  -3.3306963e+01   1.8485357e+01
   5.0926000e+00  -2.6000000e+01  -1.5600000e+02  -2.2751688e+01  -8.8233814e+00  -3.3156849e+01   1.7111996e+01
   5.0521531e+00  -2.6000000e+01  -1.5600000e+02  -2.2087649e+01  -7.1363273e+00  -3.3174039e+01   1.4944170e+01
   3.8613963e+00  -2.6000000e+01  -1.5600000e+02  -2.1621128e+01  -5.5568501e+00  -3.2530702e+01   1.4133282e+01
   3.7469301e+00  -2.6000000e+01  -1.5600000e+02  -2.1244113e+01  -3.6894852e+00  -3.1762335e+01   1.2693732e+01
   3.2565767e+00  -2.6000000e+01  -1.5600000e+02  -2.0957761e+01  -1.7888691e+00  -3.0717259e+01   1.1055606e+01
   2.7882489e+00  -2.6000000e+01  -1.5600000e+02  -2.0685934e+01  -3.5523180e-01  -2.9656068e+01   8.5605480e+00
   2.6745777e+00  -2.6000000e+01  -1.5600000e+02  -2.0247335e+01   1.2197743e+00  -2.8232368e+01   5.3665355e+00
   2.6846285e+00  -2.6000000e+01  -1.5600000e+02  -1.9885660e+01   3.2419158e+00  -2.6704036e+01   3.1168718e+00
   2.7727132e+00  -2.6000000e+01  -1.5600000e+02  -1.9792048e+01   4.9877462e+00  -2.5499472e+01   1.2111029e-01
   4.1987180e+00  -2.6000000e+01  -1.5600000e+02  -1.9130589e+01   7.2561775e+00  -2.4175012e+01  -1.8699586e+00
   5.1573720e+00  -2.6000000e+01  -1.5600000e+02  -1.8581343e+01   9.3035099e+00  -2.3090041e+01  -5.1045145e+00
   5.7504332e+00  -2.6000000e+01  -1.5600000e+02  -1.7596512e+01   1.1300649e+01  -2.1411639e+01  -6.2369713e+00
   6.6972474e+00  -2.6000000e+01  -1.5600000e+02  -1.6677285e+01   1.3234114e+01  -1.9962266e+01  -8.7325041e+00
   8.2863807e+00  -2.6000000e+01  -1.5600000e+02  -1.5768408e+01   1.8039075e+01  -1.8628157e+01  -1.1939563e+01
   9.6614714e+00  -2.6000000e+01  -1.5600000e+02  -1.4358988e+01   2.1789667e+01  -1.6995907e+01  -1.5639709e+01
   9.9789187e+00  -2.6000000e+01  -1.5600000e+02  -1.3427397e+01   2.5390212e+01  -1.5533515e+01  -2.0097268e+01
   1.0321642e+01  -2.6000000e+01  -1.5600000e+02  -1.2286513e+01   2.9013337e+01  -1.3516782e+01  -2.2209884e+01
   1.2381739e+01  -2.6000000e+01  -1.5600000e+02  -1.1987370e+01   2.8666680e+01  -1.3617699e+01  -2.1569938e+01
   1.1852995e+01  -2.6000000e+01  -1.5600000e+02  -1.4687918e+01   2.5455151e+01  -1.5955520e+01  -2.0709536e+01
   1.0058933e+01  -2.6000000e+01  -1.5600000e+02  -1.7395091e+01   2.3100846e+01  -1.8285778e+01  -2.1175804e+01
   8.1934379e+00  -2.6000000e+01  -1.5600000e+02  -1.9673512e+01   2.0655196e+01  -2.0207284e+01  -2.1469952e+01
   6.9399594e+00  -2.6000000e+01  -1.5600000e+02  -2.1957672e+01   1.5685639e+01  -2.2183087e+01  -2.1247247e+01
   5.7279076e+00  -2.6000000e+01  -1.5600000e+02  -2.3512039e+01   9.4417678e+00  -2.3246594e+01  -1.7513693e+01
   4.4874051e+00  -2.6000000e+01  -1.5600000e+02  -2.5188478e+01   1.7332456e+00  -2.4392139e+01  -1.0569139e+01
   3.3564398e+00  -2.6000000e+01  -1.5600000e+02  -2.5777500e+01  -5.0931429e+00  -2.5153355e+01  -4.2156163e+00
   3.0044208e+00  -2.6000000e+01  -1.5600000e+02  -2.6399143e+01  -1.1484000e+01  -2.6936310e+01   9.1729387e-01
   1.8221061e+00  -2.6000000e+01  -1.5600000e+02  -2.7068246e+01  -1.7074763e+01  -2.8700845e+01   5.9857813e+00
   2.6502381e-01  -2.6000000e+01  -1.5600000e+02  -2.7471635e+01  -2.2867547e+01  -2.9953659e+01   9.0639090e+00
  -1.5234158e+00  -2.6000000e+01  -1.5600000e+02  -2.7317571e+01  -2.8384378e+01  -3.0602976e+01   1.1790779e+01
  -2.1089579e+00  -2.6000000e+01  -1.5600000e+02  -2.6234278e+01  -3.3600982e+01  -3.1079442e+01   1.4204784e+01
  -2.3549674e+00  -2.6000000e+01  -1.5600000e+02  -2.4596374e+01  -3.7893498e+01  -3.1135797e+01   1.9061408e+01
  -2.5206308e+00  -2.6000000e+01  -1.5600000e+02  -2.3153863e+01  -4.0243309e+01  -3.1226030e+01   2.2657776e+01
  -2.8316542e+00  -2.6000000e+01  -1.5600000e+02  -2.3013887e+01  -3.9541372e+01  -3.2218273e+01   2.5013812e+01
  -3.3010292e+00  -2.6000000e+01  -1.5600000e+02  -2.3522351e+01  -3.7679566e+01  -3.3388159e+01   2.7504054e+01
  -3.8080690e+00  -2.6000000e+01  -1.5600000e+02  -2.4043844e+01  -3.5601972e+01  -3.4401830e+01   2.8732877e+01
  -4.1633736e+00  -2.6000000e+01  -1.5600000e+02  -2.4245397e+01  -3.3436714e+01  -3.5069307e+01   3.0137640e+01
  -4.9059843e+00  -2.6000000e+01  -1.5600000e+02  -2.5315823e+01  -3.1276748e+01  -3.5299953e+01   3.1844012e+01
  -5.6688418e+00  -2.6000000e+01  -1.5600000e+02  -2.6197918e+01  -2.9414095e+01  -3.5280669e+01   3.2417401e+01
  -6.3731091e+00  -2.6000000e+01  -1.5600000e+02  -2.6970888e+01  -2.7754501e+01  -3.5049587e+01   3.3338267e+01
  -6.4169148e+00  -2.6000000e+01  -1.5600000e+02  -2.7557437e+01  -2.6324489e+01  -3.4724156e+01   3.4226286e+01
  -6.3495012e+00  -2.6000000e+01  -1.5600000e+02  -2.8100532e+01  -2.4692495e+01  -3.4451399e+01   3.4310238e+01
  -6.0864156e+00  -2.6000000e+01  -1.5600000e+02  -2.8327732e+01  -2.3195466e+01  -3.3944105e+01   3.3871227e+01
  -5.8234393e+00  -2.6000000e+01  -1.5600000e+02  -2.8669222e+01  -2.1822134e+01  -3.3569929e+01   3.2353058e+01
  -4.8570442e+00  -2.6000000e+01  -1.5600000e+02  -2.8437729e+01  -2.0274058e+01  -3.3120156e+01   3.0890948e+01
  -3.7477539e+00  -2.6000000e+01  -1.5600000e+02  -2.8350554e+01  -1.9230623e+01  -3.2875218e+01   3.0143671e+01
  -2.2592007e+00  -2.6000000e+01  -1.5600000e+02  -2.8072467e+01  -1.7951726e+01  -3.2671298e+01   2.8802738e+01
  -8.5633510e-01  -2.6000000e+01  -1.5600000e+02  -2.7851903e+01  -1.6730441e+01  -3.2570758e+01   2.7363186e+01
   6.1288744e-01  -2.6000000e+01  -1.5600000e+02  -2.7041263e+01  -1.5351624e+01  -3.2561602e+01   2.5629599e+01
   1.2378431e+00  -2.6000000e+01  -1.5600000e+02  -2.6467923e+01  -1.4546879e+01  -3.2773094e+01   2.3994642e+01
   2.0988741e+00  -2.6000000e+01  -1.5600000e+02  -2.5539986e+01  -1.3281402e+01  -3.2980406e+01   2.3262953e+01
   3.0618322e+00  -2.6000000e+01  -1.5600000e+02  -2.4509694e+01  -1.1992838e+01  -3.3037450e+01   2.1109722e+01
   3.9134703e+00  -2.6000000e+01  -1.5600000e+02  -2.3503872e+01  -1.0353431e+01  -3.3102543e+01   1.9214195e+01
   3.9396449e+00  -2.6000000e+01  -1.5600000e+02  -2.2991617e+01  -8.9423719e+00  -3.3083636e+01   1.7905693e+01
   4.1496249e+00  -2.6000000e+01  -1.5600000e+02  -2.2581000e+01  -7.5539081e+00  -3.2864507e+01   1.6913998e+01
   3.9171749e+00  -2.6000000e+01  -1.5600000e+02  -2.2064535e+01  -6.5279105e+00  -3.2120801e+01   1.6131381e+01
   3.6777043e+00  -2.6000000e+01  -1.5600000e+02  -2.1646032e+01  -5.2820551e+00  -3.1412274e+01   1.3597194e+01
   5.0456066e+00  -2.6000000e+01  -1.5600000e+02  -2.0662775e+01  -3.9913264e+00  -3.0585431e+01   1.2362679e+01
   6.5540536e+00  -2.6000000e+01  -1.5600000e+02  -1.9562021e+01  -2.4395657e+00  -2.9977828e+01   1.0349368e+01
   6.8332960e+00  -2.6000000e+01  -1.5600000e+02  -1.9008581e+01  -1.1830263e+00  -2.9724497e+01   8.7142542e+00
   7.1479530e+00  -2.6000000e+01  -1.5600000e+02  -1.8474722e+01   1.3546555e-01  -2.9313687e+01   7.8045964e+00
   6.9232513e+00  -2.6000000e+01  -1.5600000e+02  -1.8233342e+01   1.6914784e+00  -2.8899843e+01   4.9178574e+00
   5.8478856e+00  -2.6000000e+01  -1.5600000e+02  -1.8315582e+01   3.3205718e+00  -2.7602249e+01   2.9624167e+00
   6.6733315e+00  -2.6000000e+01  -1.5600000e+02  -1.7962910e+01   4.5306743e+00  -2.6473378e+01   1.3605470e+00
   5.7919853e+00  -2.6000000e+01  -1.5600000e+02  -1.8177101e+01   6.2875878e+00  -2.5387859e+01   4.6307020e-01
   4.9125796e+00  -2.6000000e+01  -1.5600000e+02  -1.8471860e+01   8.0874018e+00  -2.4364235e+01  -4.8583879e-01
   3.9571942e+00  -2.6000000e+01  -1.5600000e+02  -1.8772616e+01   1.1172651e+01  -2.3198501e+01  -3.1976666e+00
   4.5113715e+00  -2.6000000e+01  -1.5600000e+02  -1.8788763e+01   1.3625487e+01  -2.1840682e+01  -4.3915310e+00
   5.4120152e+00  -2.6000000e+01  -1.5600000e+02  -2.0285243e+01   1.4920645e+01  -2.2054928e+01  -6.6677083e+00
   5.9879563e+00  -2.6000000e+01  -1.5600000e+02  -2.1354912e+01   1.5989379e+01  -2.2352237e+01  -7.9935411e+00
   6.2432046e+00  -2.6000000e+01  -1.5600000e+02  -2.2188361e+01   1.6058449e+01  -2.2655376e+01  -7.7659262e+00
   5.5194269e+00  -2.6000000e+01  -1.5600000e+02  -2.3354676e+01   1.2738682e+01  -2.3602698e+01  -6.5789707e+00
   4.2358602e+00  -2.6000000e+01  -1.5600000e+02  -2.5172884e+01   8.2314424e+00  -2.5104488e+01  -3.8314856e+00
   3.5495931e+00  -2.6000000e+01  -1.5600000e+02  -2.7165379e+01   2.4942539e+00  -2.6971086e+01   2.1523191e-01
   4.0643880e+00  -2.6000000e+01  -1.5600000e+02  -2.8504067e+01  -2.5389516e+00  -2.9481728e+01   3.2413346e+00
   3.0587806e+00  -2.6000000e+01  -1.5600000e+02  -2.9346012e+01  -7.7723550e+00  -3.1645690e+01   7.1792954e+00
   1.8383205e+00  -2.6000000e+01  -1.5600000e+02  -2.9887302e+01  -1.3033625e+01  -3.3418561e+01   1.2207710e+01
  -4.6829200e-01  -2.6000000e+01  -1.5600000e+02  -2.9897169e+01  -1.8585584e+01  -3.4621407e+01   1.7238694e+01
  -2.6190698e+00  -2.6000000e+01  -1.5600000e+02  -2.9617966e+01  -2.3725022e+01  -3.5591661e+01   2.1323944e+01
  -4.2408010e+00  -2.6000000e+01  -1.5600000e+02  -2.8525201e+01  -2.8111664e+01  -3.5939537e+01   2.4421646e+01
  -3.9352731e+00  -2.6000000e+01  -1.5600000e+02  -2.6071597e+01  -3.2023073e+01  -3.5061243e+01   2.7485059e+01
  -3.5507744e+00  -2.6000000e+01  -1.5600000e+02  -2.3915309e+01  -3.5252294e+01  -3.4329936e+01   2.9914934e+01
  -3.1597702e+00  -2.6000000e+01  -1.5600000e+02  -2.3523825e+01  -3.5324634e+01  -3.4871587e+01   3.0566128e+01
  -2.8875059e+00  -2.6000000e+01  -1.5600000e+02  -2.3557864e+01  -3.4173505e+01  -3.5521165e+01   3.0791526e+01
  -2.9262801e+00  -2.6000000e+01  -1.5600000e+02  -2.3576225e+01  -3.2679583e+01  -3.5914127e+01   3.0399253e+01
  -3.1775468e+00  -2.6000000e+01  -1.5600000e+02  -2.4042746e+01  -3.0573632e+01  -3.6213116e+01   3.1192252e+01
  -3.8977249e+00  -2.6000000e+01  -1.5600000e+02  -2.4761058e+01  -2.8876581e+01  -3.5794322e+01   3.1765679e+01
  -4.6413679e+00  -2.6000000e+01  -1.5600000e+02  -2.5477971e+01  -2.6699759e+01  -3.5321053e+01   3.1275717e+01
  -5.0150043e+00  -2.6000000e+01  -1.5600000e+02  -2.5955882e+01  -2.4796818e+01  -3.4659536e+01   3.1303361e+01
  -4.6265180e+00  -2.6000000e+01  -1.5600000e+02  -2.6309105e+01  -2.2861339e+01  -3.4100020e+01   3.1400169e+01
  -4.3007354e+00  -2.6000000e+01  -1.5600000e+02  -2.6715466e+01  -2.1474900e+01  -3.3714601e+01   3.0806248e+01
  -3.5353098e+00  -2.6000000e+01  -1.5600000e+02  -2.6696172e+01  -2.0137955e+01  -3.3301217e+01   2.9625400e+01
  -2.5140451e+00  -2.6000000e+01  -1.5600000e+02  -2.6626744e+01  -1.8091615e+01  -3.3049143e+01   2.8125593e+01
  -1.5640113e+00  -2.6000000e+01  -1.5600000e+02  -2.6636229e+01  -1.6342946e+01  -3.2919498e+01   2.6988117e+01
   1.9294395e-01  -2.6000000e+01  -1.5600000e+02  -2.6409801e+01  -1.4564199e+01  -3.2806096e+01   2.5609283e+01
   2.2271402e+00  -2.6000000e+01  -1.5600000e+02  -2.5852418e+01  -1.2761423e+01  -3.2820127e+01   2.5050363e+01
   2.9910932e+00  -2.6000000e+01  -1.5600000e+02  -2.4845560e+01  -1.0946445e+01  -3.3193501e+01   2.3729151e+01
   3.9553667e+00  -2.6000000e+01  -1.5600000e+02  -2.3726021e+01  -8.9853585e+00  -3.3525807e+01   2.2189846e+01
   4.7220002e+00  -2.6000000e+01  -1.5600000e+02  -2.2788692e+01  -7.5016408e+00  -3.3734765e+01   2.0567923e+01
   3.9589376e+00  -2.6000000e+01  -1.5600000e+02  -2.2321274e+01  -6.2680922e+00  -3.3475763e+01   1.9157272e+01
   3.6488849e+00  -2.6000000e+01  -1.5600000e+02  -2.1652991e+01  -4.5538000e+00  -3.2854481e+01   1.7846930e+01
   3.3525923e+00  -2.6000000e+01  -1.5600000e+02  -2.1153573e+01  -2.7924141e+00  -3.2321484e+01   1.6469536e+01
   3.5015767e+00  -2.6000000e+01  -1.5600000e+02  -2.0660846e+01  -9.9124919e-01  -3.1563303e+01   1.4137623e+01
   3.5230894e+00  -2.6000000e+01  -1.5600000e+02  -2.0023361e+01   1.2887321e-01  -3.0559239e+01   1.1565795e+01
   3.8591424e+00  -2.6000000e+01  -1.5600000e+02  -1.9572067e+01   9.5512622e-01  -2.9358629e+01   8.8363328e+00
   3.7972912e+00  -2.6000000e+01  -1.5600000e+02  -1.9383982e+01   2.5503174e+00  -2.7939449e+01   7.3393091e+00
   3.7769022e+00  -2.6000000e+01  -1.5600000e+02  -1.9379224e+01   4.5911520e+00  -2.6826981e+01   4.9276737e+00
   3.6920362e+00  -2.6000000e+01  -1.5600000e+02  -1.9434753e+01   6.6034677e+00  -2.5710746e+01   3.1177808e+00
   3.8028550e+00  -2.6000000e+01  -1.5600000e+02  -1.9238519e+01   8.6394243e+00  -2.4504338e+01   4.4570047e-01
   4.6679052e+00  -2.6000000e+01  -1.5600000e+02  -1.8826705e+01   1.0492572e+01  -2.3368128e+01  -2.0389629e+00
   5.1435108e+00  -2.6000000e+01  -1.5600000e+02  -1.8275001e+01   1.3412549e+01  -2.2045438e+01  -5.0124764e+00
   5.7574930e+00  -2.6000000e+01  -1.5600000e+02  -1.7450185e+01   1.6951175e+01  -2.0460365e+01  -8.3298866e+00
   6.4866779e+00  -2.6000000e+01  -1.5600000e+02  -1.6936405e+01   1.9067930e+01  -1.9252073e+01  -9.0806683e+00
   7.8379128e+00  -2.6000000e+01  -1.5600000e+02  -1.7921548e+01   2.0299806e+01  -2.0038458e+01  -9.6556748e+00
   9.1758607e+00  -2.6000000e+01  -1.5600000e+02  -1.9349191e+01   2.0611838e+01  -2.1207579e+01  -1.1044264e+01
   9.5261144e+00  -2.6000000e+01  -1.5600000e+02  -2.0700488e+01   1.9941743e+01  -2.2241068e+01  -1.1482312e+01
   9.4378065e+00  -2.6000000e+01  -1.5600000e+02  -2.2442098e+01   1.6972362e+01  -2.3834726e+01  -1.3272366e+01
   8.5801617e+00  -2.6000000e+01  -1.5600000e+02  -2.3842847e+01   1.1576288e+01  -2.4725594e+01  -1.1365707e+01
   7.8640145e+00  -2.6000000e+01  -1.5600000e+02  -2.5609020e+01   4.6755967e+00  -2.6035054e+01  -7.4036083e+00
   6.9278437e+00  -2.6000000e+01  -1.5600000e+02  -2.7006495e+01  -2.0815404e+00  -2.8119767e+01  -4.3350274e+00
   6.0389594e+00  -2.6000000e+01  -1.5600000e+02  -2.7279786e+01  -7.7602245e+00  -3.0063994e+01  -2.7958477e-01
   3.6985813e+00  -2.6000000e+01  -1.5600000e+02  -2.7782505e+01  -1.2867549e+01  -3.2283512e+01   4.4178643e+00
   1.6988312e+00  -2.6000000e+01  -1.5600000e+02  -2.7841167e+01  -1.8421238e+01  -3.3748274e+01   7.1310772e+00
   2.6513630e-01  -2.6000000e+01  -1.5600000e+02  -2.6999156e+01  -2.3963668e+01  -3.4077511e+01   9.6350797e+00
  -1.2162857e+00  -2.6000000e+01  -1.5600000e+02  -2.5969835e+01  -2.8788590e+01  -3.4084657e+01   1.3738002e+01
  -1.8292463e+00  -2.6000000e+01  -1.5600000e+02  -2.4827178e+01  -3.2648890e+01  -3.4011210e+01   1.8379083e+01
  -2.1932140e+00  -2.6000000e+01  -1.5600000e+02  -2.3762290e+01  -3.5943416e+01  -3.3984534e+01   2.2155747e+01
  -2.5350174e+00  -2.6000000e+01  -1.5600000e+02  -2.2963438e+01  -3.7664051e+01  -3.4020147e+01   2.5672541e+01
  -2.9955737e+00  -2.6000000e+01  -1.5600000e+02  -2.2871009e+01  -3.7389141e+01  -3.4448289e+01   2.7128380e+01
  -3.0546466e+00  -2.6000000e+01  -1.5600000e+02  -2.2992205e+01  -3.6009416e+01  -3.4969864e+01   2.8827073e+01
  -3.0400069e+00  -2.6000000e+01  -1.5600000e+02  -2.3363627e+01  -3.4190977e+01  -3.5628607e+01   3.0137808e+01
  -3.1470895e+00  -2.6000000e+01  -1.5600000e+02  -2.4036214e+01  -3.2159704e+01  -3.6139635e+01   3.0996001e+01
  -3.6847654e+00  -2.6000000e+01  -1.5600000e+02  -2.5111619e+01  -2.9882558e+01  -3.6041455e+01   3.2354467e+01
  -4.3232543e+00  -2.6000000e+01  -1.5600000e+02  -2.5874322e+01  -2.7734731e+01  -3.5615380e+01   3.2525741e+01
  -5.2357957e+00  -2.6000000e+01  -1.5600000e+02  -2.6796284e+01  -2.5774980e+01  -3.5187951e+01   3.2191157e+01
  -5.7609660e+00  -2.6000000e+01  -1.5600000e+02  -2.7313083e+01  -2.3945477e+01  -3.4427788e+01   3.2214468e+01
  -5.6117763e+00  -2.6000000e+01  -1.5600000e+02  -2.7637238e+01  -2.2365102e+01  -3.3721509e+01   3.2097491e+01
  -5.1165673e+00  -2.6000000e+01  -1.5600000e+02  -2.8074242e+01  -2.0556675e+01  -3.3309854e+01   3.1319707e+01
  -3.6771789e+00  -2.6000000e+01  -1.5600000e+02  -2.7869444e+01  -1.9087991e+01  -3.3241697e+01   3.0969168e+01
  -2.8356152e+00  -2.6000000e+01  -1.5600000e+02  -2.7918606e+01  -1.7135300e+01  -3.3351492e+01   2.9915910e+01
  -1.3259157e+00  -2.6000000e+01  -1.5600000e+02  -2.7246773e+01  -1.5071635e+01  -3.3510956e+01   2.9494892e+01
   1.1919536e-01  -2.6000000e+01  -1.5600000e+02  -2.6560293e+01  -1.3299377e+01  -3.3845727e+01   2.8564074e+01
   1.2317913e+00  -2.6000000e+01  -1.5600000e+02  -2.5926750e+01  -1.1218677e+01  -3.4211682e+01   2.7490270e+01
   2.3125784e+00  -2.6000000e+01  -1.5600000e+02  -2.4896017e+01  -9.0699643e+00  -3.4192675e+01   2.5995705e+01
   2.7377851e+00  -2.6000000e+01  -1.5600000e+02  -2.4136587e+01  -7.1740751e+00  -3.4131162e+01   2.3342164e+01
   3.2824042e+00  -2.6000000e+01  -1.5600000e+02  -2.3120062e+01  -5.4954637e+00  -3.3620044e+01   2.1173819e+01
   3.4099172e+00  -2.6000000e+01  -1.5600000e+02  -2.2431301e+01  -3.6176802e+00  -3.3108977e+01   1.8240229e+01
   3.5204931e+00  -2.6000000e+01  -1.5600000e+02  -2.1729218e+01  -1.8809591e+00  -3.2281408e+01   1.6460105e+01
   4.3216265e+00  -2.6000000e+01  -1.5600000e+02  -2.0675711e+01  -3.1620103e-01  -3.1413187e+01   1.3746423e+01
   5.0100415e+00  -2.6000000e+01  -1.5600000e+02  -1.9717859e+01   7.8939793e-01  -3.0619493e+01   1.1292220e+01
   5.6984566e+00  -2.6000000e+01  -1.5600000e+02  -1.8760006e+01   1.8949969e+00  -2.9825800e+01   8.8380173e+00
   5.3515533e+00  -2.6000000e+01  -1.5600000e+02  -1.8469746e+01   3.0955366e+00  -2.8518603e+01   7.0413197e+00
   5.2516964e+00  -2.6000000e+01  -1.5600000e+02  -1.8346285e+01   4.8700149e+00  -2.7376988e+01   5.0599965e+00
   5.2559830e+00  -2.6000000e+01  -1.5600000e+02  -1.8218417e+01   6.9697746e+00  -2.6180947e+01   2.6008741e+00
   5.2674550e+00  -2.6000000e+01  -1.5600000e+02  -1.7794589e+01   9.2757625e+00  -2.4825987e+01   1.1957478e-01
   5.0778998e+00  -2.6000000e+01  -1.5600000e+02  -1.7650379e+01   1.0975321e+01  -2.3618289e+01  -2.6075765e+00
   5.8218763e+00  -2.6000000e+01  -1.5600000e+02  -1.6757416e+01   1.5197012e+01  -2.1767524e+01  -6.5729145e+00
   6.4449483e+00  -2.6000000e+01  -1.5600000e+02  -1.5815047e+01   1.8676381e+01  -1.9869232e+01  -8.7333383e+00
   7.7145170e+00  -2.6000000e+01  -1.5600000e+02  -1.5727691e+01   1.9974181e+01  -1.8907529e+01  -9.5386272e+00
   7.6516173e+00  -2.6000000e+01  -1.5600000e+02  -1.7034544e+01   2.0002922e+01  -1.9382986e+01  -1.0076626e+01
   8.2654579e+00  -2.6000000e+01  -1.5600000e+02  -1.9022784e+01   1.9298016e+01  -2.0687068e+01  -8.1244569e+00
   7.2653664e+00  -2.6000000e+01  -1.5600000e+02  -2.1322869e+01   1.6241115e+01  -2.2763890e+01  -7.4840114e+00
   5.9495122e+00  -2.6000000e+01  -1.5600000e+02  -2.3407309e+01   1.1685344e+01  -2.4614611e+01  -7.5725579e+00
   4.7690837e+00  -2.6000000e+01  -1.5600000e+02  -2.4649198e+01   5.5008414e+00  -2.5801041e+01  -5.9727998e+00
   4.0338224e+00  -2.6000000e+01  -1.5600000e+02  -2.5675898e+01  -1.2896399e+00  -2.7079590e+01  -5.2633713e+00
   4.2260792e+00  -2.6000000e+01  -1.5600000e+02  -2.6555579e+01  -7.5509798e+00  -2.8758645e+01  -3.5484849e+00
   3.8364046e+00  -2.6000000e+01  -1.5600000e+02  -2.7154663e+01  -1.3182335e+01  -3.0648896e+01  -3.1831315e+00
   3.4022615e+00  -2.6000000e+01  -1.5600000e+02  -2.7065753e+01  -1.8070933e+01  -3.1727286e+01   1.1930385e+00
   9.8835333e-01  -2.6000000e+01  -1.5600000e+02  -2.6682519e+01  -2.3786170e+01  -3.2371284e+01   6.7345097e+00
  -1.0694113e+00  -2.6000000e+01  -1.5600000e+02  -2.5578108e+01  -2.8600717e+01  -3.2269449e+01   1.2788077e+01
  -2.7088212e+00  -2.6000000e+01  -1.5600000e+02  -2.4648048e+01  -3.3232221e+01  -3.2221991e+01   1.8106564e+01
  -2.6387761e+00  -2.6000000e+01  -1.5600000e+02  -2.3337627e+01  -3.7177534e+01  -3.2327234e+01   2.2122947e+01
  -2.5863666e+00  -2.6000000e+01  -1.5600000e+02  -2.2830493e+01  -3.8025245e+01  -3.2934646e+01   2.4693423e+01
  -2.6703004e+00  -2.6000000e+01  -1.5600000e+02  -2.2574386e+01  -3.7417624e+01  -3.3785084e+01   2.6123964e+01
  -2.7097521e+00  -2.6000000e+01  -1.5600000e+02  -2.2702329e+01  -3.5844669e+01  -3.4783770e+01   2.6883091e+01
  -2.7072134e+00  -2.6000000e+01  -1.5600000e+02  -2.2862250e+01  -3.4197684e+01  -3.5466862e+01   2.8014870e+01
  -3.5346190e+00  -2.6000000e+01  -1.5600000e+02  -2.3482284e+01  -3.2503945e+01  -3.5802127e+01   2.8628892e+01
  -4.0998142e+00  -2.6000000e+01  -1.5600000e+02  -2.4139956e+01  -3.0359283e+01  -3.5825695e+01   3.0231233e+01
  -4.8617391e+00  -2.6000000e+01  -1.5600000e+02  -2.4993436e+01  -2.8247095e+01  -3.5796244e+01   3.0581811e+01
  -5.2915297e+00  -2.6000000e+01  -1.5600000e+02  -2.5465289e+01  -2.6679782e+01  -3.5259154e+01   3.0470348e+01
  -5.4901064e+00  -2.6000000e+01  -1.5600000e+02  -2.5966496e+01  -2.5277334e+01  -3.4787072e+01   3.0018116e+01
  -5.4732096e+00  -2.6000000e+01  -1.5600000e+02  -2.6315490e+01  -2.3973968e+01  -3.4169608e+01   3.0032241e+01
  -4.9736414e+00  -2.6000000e+01  -1.5600000e+02  -2.6584853e+01  -2.2570825e+01  -3.3786880e+01   3.0291710e+01
  -4.4552342e+00  -2.6000000e+01  -1.5600000e+02  -2.6970036e+01  -2.1365391e+01  -3.3757447e+01   2.9980911e+01
  -3.6167966e+00  -2.6000000e+01  -1.5600000e+02  -2.6870872e+01  -1.9859415e+01  -3.3791592e+01   2.9136015e+01
  -2.1621008e+00  -2.6000000e+01  -1.5600000e+02  -2.6790599e+01  -1.8665897e+01  -3.3995670e+01   2.8548834e+01
  -7.6862188e-01  -2.6000000e+01  -1.5600000e+02  -2.6489329e+01  -1.6740302e+01  -3.4260799e+01   2.8605507e+01
  -3.6820111e-01  -2.6000000e+01  -1.5600000e+02  -2.6269521e+01  -1.5355138e+01  -3.4701648e+01   2.7875384e+01
   5.0447570e-01  -2.6000000e+01  -1.5600000e+02  -2.5730448e+01  -1.4043021e+01  -3.4890589e+01   2.7814504e+01
   1.8149078e+00  -2.6000000e+01  -1.5600000e+02  -2.5031425e+01  -1.3013697e+01  -3.5160330e+01   2.6552106e+01
   3.3725443e+00  -2.6000000e+01  -1.5600000e+02  -2.4267856e+01  -1.1798292e+01  -3.5256961e+01   2.5920336e+01
   5.2102520e+00  -2.6000000e+01  -1.5600000e+02  -2.3050698e+01  -1.0181125e+01  -3.5177724e+01   2.4612657e+01
   4.9197677e+00  -2.6000000e+01  -1.5600000e+02  -2.2273031e+01  -8.9726326e+00  -3.5360222e+01   2.2914609e+01
   5.0082962e+00  -2.6000000e+01  -1.5600000e+02  -2.1493182e+01  -7.5732417e+00  -3.5255491e+01   2.2482730e+01
   5.2322191e+00  -2.6000000e+01  -1.5600000e+02  -2.0709622e+01  -6.0490072e+00  -3.5098995e+01   2.0014239e+01
   5.6237713e+00  -2.6000000e+01  -1.5600000e+02  -1.9944351e+01  -4.8393429e+00  -3.4761793e+01   1.8214865e+01
   6.2925498e+00  -2.6000000e+01  -1.5600000e+02  -1.9211566e+01  -3.2615472e+00  -3.4273477e+01   1.6552237e+01
   6.5123131e+00  -2.6000000e+01  -1.5600000e+02  -1.8342954e+01  -1.9370150e+00  -3.3671078e+01   1.4761905e+01
   6.7579808e+00  -2.6000000e+01  -1.5600000e+02  -1.7418893e+01  -6.0013594e-01  -3.2984307e+01   1.3020094e+01
   6.7730639e+00  -2.6000000e+01  -1.5600000e+02  -1.6892301e+01   1.1855317e+00  -3.2264238e+01   1.0118322e+01
   6.6478906e+00  -2.6000000e+01  -1.5600000e+02  -1.6576253e+01   2.4839794e+00  -3.1234638e+01   8.1560108e+00
   5.3674352e+00  -2.6000000e+01  -1.5600000e+02  -1.7342315e+01   3.9310117e+00  -3.0130791e+01   6.7138883e+00
   4.0807757e+00  -2.6000000e+01  -1.5600000e+02  -1.7785515e+01   5.3700126e+00  -2.8712615e+01   5.4590813e+00
   3.1813103e+00  -2.6000000e+01  -1.5600000e+02  -1.8471443e+01   7.1426534e+00  -2.7325752e+01   4.2466235e+00
   2.4773501e+00  -2.6000000e+01  -1.5600000e+02  -1.9580625e+01   8.2417229e+00  -2.6334266e+01   3.4722529e+00
   3.1608484e+00  -2.6000000e+01  -1.5600000e+02  -2.0774093e+01   9.0351625e+00  -2.6301191e+01   8.2957513e-01
   3.9701652e+00  -2.6000000e+01  -1.5600000e+02  -2.2179056e+01   9.5708201e+00  -2.6688505e+01  -2.6408692e+00
   3.8650906e+00  -2.6000000e+01  -1.5600000e+02  -2.3402328e+01   9.1832277e+00  -2.7161890e+01  -5.0088910e+00
   3.9569401e+00  -2.6000000e+01  -1.5600000e+02  -2.3769909e+01   7.2298873e+00  -2.7019205e+01  -4.7655646e+00
   3.3954100e+00  -2.6000000e+01  -1.5600000e+02  -2.3902875e+01   3.4711700e+00  -2.7136156e+01  -2.8399461e+00
   3.4551206e+00  -2.6000000e+01  -1.5600000e+02  -2.4209139e+01  -1.4342004e+00  -2.7962969e+01   8.8365160e-01
   3.7529620e+00  -2.6000000e+01  -1.5600000e+02  -2.5219591e+01  -7.8503187e+00  -2.9661230e+01   4.6167130e+00
   3.5895985e+00  -2.6000000e+01  -1.5600000e+02  -2.6660871e+01  -1.3735973e+01  -3.1954789e+01   8.1979610e+00
   1.3522944e+00  -2.6000000e+01  -1.5600000e+02  -2.7936524e+01  -1.8921279e+01  -3.4066494e+01   1.0481319e+01
  -1.0112218e+00  -2.6000000e+01  -1.5600000e+02  -2.8680187e+01  -2.3385613e+01  -3.5541640e+01   1.2404049e+01
  -3.2904014e+00  -2.6000000e+01  -1.5600000e+02  -2.8870093e+01  -2.7221472e+01  -3.6302427e+01   1.2950515e+01
  -4.5289750e+00  -2.6000000e+01  -1.5600000e+02  -2.8084923e+01  -3.0829796e+01  -3.5741776e+01   1.2524821e+01
  -3.8161126e+00  -2.6000000e+01  -1.5600000e+02  -2.5775930e+01  -3.6135436e+01  -3.3779344e+01   1.2218958e+01
  -2.5484906e+00  -2.6000000e+01  -1.5600000e+02  -2.2984728e+01  -4.0819171e+01  -3.1268252e+01   1.3773747e+01
  -9.8703252e-01  -2.6000000e+01  -1.5600000e+02  -2.0856879e+01  -4.4441819e+01  -2.9086163e+01   1.6292423e+01
  -8.9592274e-01  -2.6000000e+01  -1.5600000e+02  -2.1027825e+01  -4.4250144e+01  -2.8814778e+01   1.9278371e+01
  -1.1765061e+00  -2.6000000e+01  -1.5600000e+02  -2.1978771e+01  -4.2304957e+01  -2.9420334e+01   2.1076826e+01
  -1.8321649e+00  -2.6000000e+01  -1.5600000e+02  -2.3183895e+01  -3.9870793e+01  -3.0114390e+01   2.1857664e+01
  -2.3238208e+00  -2.6000000e+01  -1.5600000e+02  -2.4076134e+01  -3.7625200e+01  -3.0480486e+01   2.3235871e+01
  -3.1738127e+00  -2.6000000e+01  -1.5600000e+02  -2.4827586e+01  -3.5336813e+01  -3.0833345e+01   2.3572293e+01
  -3.7735010e+00  -2.6000000e+01  -1.5600000e+02  -2.5357931e+01  -3.3368305e+01  -3.1002143e+01   2.4659754e+01
  -4.1566784e+00  -2.6000000e+01  -1.5600000e+02  -2.5797190e+01  -3.1638207e+01  -3.1233963e+01   2.5508636e+01
  -4.5422727e+00  -2.6000000e+01  -1.5600000e+02  -2.6363898e+01  -2.9886819e+01  -3.1555580e+01   2.6277385e+01
  -4.6173401e+00  -2.6000000e+01  -1.5600000e+02  -2.6766363e+01  -2.8347907e+01  -3.1689637e+01   2.7461813e+01
  -4.3854972e+00  -2.6000000e+01  -1.5600000e+02  -2.7063153e+01  -2.6373040e+01  -3.1808747e+01   2.7831878e+01
  -3.6918571e+00  -2.6000000e+01  -1.5600000e+02  -2.6965918e+01  -2.4857844e+01  -3.1854751e+01   2.8037641e+01
  -2.9031467e+00  -2.6000000e+01  -1.5600000e+02  -2.7208625e+01  -2.3332632e+01  -3.2189440e+01   2.8763451e+01
  -2.2020579e+00  -2.6000000e+01  -1.5600000e+02  -2.7102524e+01  -2.2137018e+01  -3.2311093e+01   2.8657043e+01
  -1.6669539e+00  -2.6000000e+01  -1.5600000e+02  -2.6992094e+01  -2.1202929e+01  -3.2598910e+01   2.8989014e+01
  -1.2819382e+00  -2.6000000e+01  -1.5600000e+02  -2.6857632e+01  -1.9967618e+01  -3.2953340e+01   2.7653620e+01
  -5.6277014e-01  -2.6000000e+01  -1.5600000e+02  -2.6617194e+01  -1.8815091e+01  -3.3062305e+01   2.6930417e+01
   4.0946278e-01  -2.6000000e+01  -1.5600000e+02  -2.6336575e+01  -1.7426216e+01  -3.3110180e+01   2.5596800e+01
   1.8671082e+00  -2.6000000e+01  -1.5600000e+02  -2.5885753e+01  -1.6190930e+01  -3.3009809e+01   2.5089975e+01
   3.3496522e+00  -2.6000000e+01  -1.5600000e+02  -2.5356595e+01  -1.4727003e+01  -3.3083163e+01   2.4380773e+01
   4.3203490e+00  -2.6000000e+01  -1.5600000e+02  -2.5053384e+01  -1.3430212e+01  -3.3365829e+01   2.4081727e+01
   5.0330199e+00  -2.6000000e+01  -1.5600000e+02  -2.4125224e+01  -1.1642559e+01  -3.3445623e+01   2.2848689e+01
   5.3328195e+00  -2.6000000e+01  -1.5600000e+02  -2.3195207e+01  -1.0169418e+01  -3.3620566e+01   2.0821402e+01
   5.9266117e+00  -2.6000000e+01  -1.5600000e+02  -2.2110839e+01  -8.5814796e+00  -3.3479842e+01   1.9685641e+01
   6.5135102e+00  -2.6000000e+01  -1.5600000e+02  -2.1017278e+01  -7.1583674e+00  -3.3263082e+01   1.7951970e+01
   6.9822461e+00  -2.6000000e+01  -1.5600000e+02  -1.9740191e+01  -5.8546061e+00  -3.2832147e+01   1.6591974e+01
   7.0899303e+00  -2.6000000e+01  -1.5600000e+02  -1.8784885e+01  -4.7528837e+00  -3.2433507e+01   1.4379170e+01
   6.3147475e+00  -2.6000000e+01  -1.5600000e+02  -1.8589645e+01  -3.3079948e+00  -3.1641147e+01   1.2491886e+01
   5.5290148e+00  -2.6000000e+01  -1.5600000e+02  -1.8598496e+01  -1.8574454e+00  -3.0982431e+01   1.0541213e+01
   4.7546265e+00  -2.6000000e+01  -1.5600000e+02  -1.8319839e+01  -3.8832560e-01  -2.9997922e+01   8.7200978e+00
   4.3051522e+00  -2.6000000e+01  -1.5600000e+02  -1.8443629e+01   1.2765968e+00  -2.9055715e+01   7.9602644e+00
   3.6722249e+00  -2.6000000e+01  -1.5600000e+02  -1.8788394e+01   2.2573544e+00  -2.8130614e+01   6.3108928e+00
   3.1423644e+00  -2.6000000e+01  -1.5600000e+02  -1.8856430e+01   3.6134607e+00  -2.6876189e+01   4.6795278e+00
   2.7302313e+00  -2.6000000e+01  -1.5600000e+02  -1.9563778e+01   4.6978712e+00  -2.5991405e+01   4.1505585e+00
   2.4314149e+00  -2.6000000e+01  -1.5600000e+02  -2.0530906e+01   6.6130990e+00  -2.5470788e+01   3.2447827e+00
   2.6298279e+00  -2.6000000e+01  -1.5600000e+02  -2.2073339e+01   7.5386112e+00  -2.6049970e+01   1.1259816e+00
   2.9628338e+00  -2.6000000e+01  -1.5600000e+02  -2.3849753e+01   8.0449521e+00  -2.7242514e+01  -1.5033390e+00
   2.8828829e+00  -2.6000000e+01  -1.5600000e+02  -2.5063255e+01   7.4181530e+00  -2.8329676e+01  -3.5208097e+00
   2.3979552e+00  -2.6000000e+01  -1.5600000e+02  -2.6167429e+01   4.7819609e+00  -2.9091092e+01  -4.2301160e+00
   2.3559501e+00  -2.6000000e+01  -1.5600000e+02  -2.6431849e+01   1.3607567e+00  -2.9278411e+01  -2.3427225e+00
   2.3906001e+00  -2.6000000e+01  -1.5600000e+02  -2.6458256e+01  -2.2368126e+00  -2.9364150e+01   5.3208093e-01
   3.1308463e+00  -2.6000000e+01  -1.5600000e+02  -2.6321360e+01  -7.1207463e+00  -3.0601777e+01   2.6931541e+00
   2.9843037e+00  -2.6000000e+01  -1.5600000e+02  -2.6649461e+01  -1.2737034e+01  -3.2499534e+01   6.0208116e+00
   9.0274441e-01  -2.6000000e+01  -1.5600000e+02  -2.7989688e+01  -1.7921594e+01  -3.3910119e+01   7.6288722e+00
  -8.3146245e-01  -2.6000000e+01  -1.5600000e+02  -2.8400452e+01  -2.2738183e+01  -3.4624877e+01   8.8779199e+00
  -2.7433593e+00  -2.6000000e+01  -1.5600000e+02  -2.8395431e+01  -2.7149190e+01  -3.5072611e+01   1.0659925e+01
  -3.8159649e+00  -2.6000000e+01  -1.5600000e+02  -2.7668944e+01  -3.0495285e+01  -3.4985905e+01   1.3396098e+01
  -4.2348160e+00  -2.6000000e+01  -1.5600000e+02  -2.6433591e+01  -3.3386474e+01  -3.4208097e+01   1.7068772e+01
  -3.8176116e+00  -2.6000000e+01  -1.5600000e+02  -2.5186092e+01  -3.5553860e+01  -3.3322947e+01   2.1653845e+01
  -3.3014234e+00  -2.6000000e+01  -1.5600000e+02  -2.4303476e+01  -3.6847566e+01  -3.2806077e+01   2.6148980e+01
  -3.3843947e+00  -2.6000000e+01  -1.5600000e+02  -2.4345854e+01  -3.6835405e+01  -3.3132336e+01   2.8515142e+01
  -3.5045659e+00  -2.6000000e+01  -1.5600000e+02  -2.4515325e+01  -3.5699581e+01  -3.3584037e+01   2.9511067e+01
