   4.4382729e+01   6.1845521e+01  -1.4296417e+02   6.0864898e+01   2.3233747e+01  -3.1194073e+01  -6.2581902e+00
   3.0456493e+01   5.9917466e+01  -1.4189777e+02   5.7755480e+01   2.1234256e+01  -2.7950292e+01  -1.0987628e+01
   1.6530257e+01   5.7989410e+01  -1.4083138e+02   5.4646061e+01   1.9234765e+01  -2.4706511e+01  -1.5717065e+01
   1.2000000e+01   4.5742629e+01  -1.2868336e+02   4.4875372e+01   3.1080253e+01  -3.2921718e+01  -1.4212633e+01
   1.2000000e+01   3.6734628e+01  -1.2164624e+02   3.8223464e+01   3.6154280e+01  -3.1748954e+01  -1.9674502e+01
   1.2000000e+01   3.2117539e+01  -1.2078181e+02   3.4520395e+01   3.5538123e+01  -2.7241148e+01  -2.4599614e+01
   1.2000000e+01   3.0404373e+01  -1.1855037e+02   3.1598637e+01   3.5121596e+01  -2.2355608e+01  -3.0117258e+01
   1.2000000e+01   3.0690715e+01  -1.1609025e+02   2.9002478e+01   3.5143788e+01  -1.7363737e+01  -3.4828161e+01
   1.2000000e+01   3.1278561e+01  -1.1412776e+02   2.6181294e+01   3.5100833e+01  -1.2643330e+01  -3.9759057e+01
   1.2000000e+01   2.8152820e+01  -1.1373745e+02   2.3423962e+01   3.4851212e+01  -8.8111243e+00  -4.3721428e+01
   1.2000000e+01   2.7482650e+01  -1.1337084e+02   2.1294233e+01   3.4689081e+01  -5.0731242e+00  -4.7030338e+01
   1.2000000e+01   2.7999232e+01  -1.1174611e+02   1.9715812e+01   3.5238593e+01  -2.0252332e+00  -5.0273114e+01
   1.2000000e+01   2.8181116e+01  -1.1089407e+02   1.8343309e+01   3.5783853e+01   2.3671880e-01  -5.2867621e+01
   1.2000000e+01   2.9145901e+01  -1.0926919e+02   1.7720890e+01   3.6786896e+01   2.3848294e+00  -5.5618840e+01
   1.2000000e+01   2.9937416e+01  -1.0738355e+02   1.6960898e+01   3.7886820e+01   4.3572276e+00  -5.8311438e+01
   1.2000000e+01   2.9827664e+01  -1.0668882e+02   1.6261919e+01   3.8258405e+01   5.9817276e+00  -6.1614487e+01
   1.2000000e+01   2.9292363e+01  -1.0643168e+02   1.5648729e+01   3.8382060e+01   7.3568510e+00  -6.3874447e+01
   1.2000000e+01   2.8881028e+01  -1.0603372e+02   1.4857143e+01   3.8589047e+01   8.5224364e+00  -6.5219870e+01
   1.2000000e+01   2.8295483e+01  -1.0538122e+02   1.4115501e+01   3.8847999e+01   9.6861722e+00  -6.6450688e+01
   1.2000000e+01   2.8636891e+01  -1.0467623e+02   1.3322773e+01   3.9367971e+01   1.0542326e+01  -6.7164974e+01
   1.2000000e+01   3.0339867e+01  -1.0332117e+02   1.2667925e+01   4.0444949e+01   1.1249046e+01  -6.6748971e+01
   1.2000000e+01   3.0978846e+01  -1.0294621e+02   1.1731836e+01   4.1488695e+01   1.1832301e+01  -6.6827512e+01
   1.2000000e+01   3.2074306e+01  -1.0226724e+02   1.0942985e+01   4.2677319e+01   1.2604797e+01  -6.6537534e+01
   1.2000000e+01   2.9593783e+01  -1.0285012e+02   1.0098205e+01   4.3587936e+01   1.3287887e+01  -6.7044111e+01
   1.2000000e+01   2.8720760e+01  -1.0349020e+02   9.7769764e+00   4.4429106e+01   1.4333124e+01  -6.6902010e+01
   1.2000000e+01   3.1138388e+01  -1.0333812e+02   9.1505111e+00   4.5569971e+01   1.4940488e+01  -6.5980710e+01
   1.2000000e+01   3.1387110e+01  -1.0282569e+02   8.6822664e+00   4.6377045e+01   1.5057577e+01  -6.6258448e+01
   1.2000000e+01   3.2221037e+01  -1.0616893e+02   6.8497891e+00   4.6750064e+01   1.4239684e+01  -6.2381137e+01
   1.2000000e+01   3.4671317e+01  -1.0967186e+02   5.0576440e+00   4.7052750e+01   1.3172553e+01  -5.5893249e+01
   1.2000000e+01   3.7286998e+01  -1.1501477e+02   3.1800626e+00   4.6847419e+01   1.1938579e+01  -4.7966051e+01
   1.2000000e+01   3.4481214e+01  -1.2259892e+02  -3.8713912e-03   4.3871995e+01   9.2314591e+00  -3.9819206e+01
   1.2000000e+01   3.2812045e+01  -1.2959170e+02  -3.0487655e+00   4.0816506e+01   6.7566912e+00  -3.0247714e+01
   1.2000000e+01   3.0684286e+01  -1.3586303e+02  -5.5459277e+00   3.7620179e+01   4.6723281e+00  -1.9635201e+01
   1.2000000e+01   2.9136014e+01  -1.4258253e+02  -7.9273279e+00   3.2847225e+01   8.5690614e-01  -9.2544323e+00
   1.2000000e+01   2.4887854e+01  -1.4792506e+02  -1.1539162e+01   2.9241924e+01  -4.6754999e+00   1.4751093e+00
   1.2000000e+01   2.0368090e+01  -1.5236724e+02  -1.5726233e+01   2.6173915e+01  -1.1588340e+01   1.1561315e+01
   1.2000000e+01   1.4224635e+01  -1.5419310e+02  -1.9437158e+01   2.4295071e+01  -1.7996411e+01   2.1267429e+01
   1.2000000e+01   6.5678956e+00  -1.5731943e+02  -2.1167760e+01   2.4204832e+01  -2.3442969e+01   2.6796471e+01
   1.2000000e+01   6.3901418e+00  -1.5873650e+02  -2.0836883e+01   2.1165355e+01  -2.7909370e+01   3.5166860e+01
   1.2000000e+01   1.2016721e+01  -1.6217529e+02  -1.7673914e+01   2.1146040e+01  -3.1421817e+01   4.3457848e+01
   1.2000000e+01   1.3686404e+01  -1.6344050e+02  -1.4856671e+01   1.6419714e+01  -3.3307436e+01   4.5828195e+01
   1.2000000e+01   1.6406452e+01  -1.6330565e+02  -1.1566980e+01   1.5879667e+01  -3.5164694e+01   5.1936717e+01
   1.2000000e+01   1.0793307e+01  -1.6331202e+02  -1.2147280e+01   1.4779223e+01  -3.9690662e+01   5.2769207e+01
   1.2000000e+01   1.5693138e+01  -1.6304679e+02  -7.1730729e+00   1.4920816e+01  -3.9110273e+01   5.1865935e+01
   1.2000000e+01   1.5162087e+01  -1.6241809e+02  -3.9617678e+00   1.5347263e+01  -3.9779740e+01   5.2574019e+01
   1.2000000e+01   1.7834594e+01  -1.6209634e+02  -1.2240424e+00   1.6663345e+01  -3.9358986e+01   5.2849340e+01
   1.2000000e+01   1.6275805e+01  -1.6039353e+02  -1.6232568e+00   1.6678867e+01  -4.0272885e+01   5.1468357e+01
   1.2000000e+01   1.7211660e+01  -1.6048053e+02  -1.0352146e+00   1.8545743e+01  -3.9664276e+01   5.1016883e+01
   1.2000000e+01   1.6995876e+01  -1.6004802e+02  -9.5591469e-01   1.9860350e+01  -3.8863810e+01   5.1019093e+01
   1.2000000e+01   1.7617380e+01  -1.6074065e+02  -7.9344058e-01   2.0658220e+01  -3.7900197e+01   4.9439164e+01
   1.2000000e+01   1.9055066e+01  -1.5988419e+02   1.6067162e+00   2.1139393e+01  -3.6634046e+01   4.8459419e+01
   1.2000000e+01   2.2652318e+01  -1.5874834e+02   4.0088495e+00   2.0901363e+01  -3.5178173e+01   4.6694651e+01
   1.2000000e+01   2.4069554e+01  -1.5866258e+02   5.7039961e+00   2.3239981e+01  -3.6770920e+01   4.3665578e+01
   1.2000000e+01   2.5456504e+01  -1.5970589e+02   7.4995871e+00   2.5479786e+01  -3.6646886e+01   4.5341784e+01
   1.2000000e+01   2.9455496e+01  -1.6085315e+02   1.1081654e+01   2.6269136e+01  -3.4575871e+01   4.5366441e+01
   1.2000000e+01   3.1844500e+01  -1.5889373e+02   1.3310675e+01   2.5928406e+01  -3.3810154e+01   4.3736296e+01
   1.2000000e+01   3.7231324e+01  -1.5788693e+02   1.5764242e+01   2.6718804e+01  -3.2417659e+01   4.2397975e+01
   1.2000000e+01   4.2668997e+01  -1.5735358e+02   1.7476948e+01   2.7927361e+01  -3.1085628e+01   4.1977331e+01
   1.2000000e+01   3.6820289e+01  -1.5537540e+02   1.6611826e+01   2.7114201e+01  -3.2499834e+01   4.1315435e+01
   1.2000000e+01   2.5014978e+01  -1.5153866e+02   1.4136006e+01   2.2284073e+01  -3.7736405e+01   4.0852444e+01
   1.2000000e+01   1.6953526e+01  -1.5200393e+02   1.2010487e+01   1.8060911e+01  -4.2736572e+01   3.9636813e+01
   1.2000000e+01   1.6709401e+01  -1.5101545e+02   1.2311465e+01   1.6609896e+01  -4.4076795e+01   3.8846227e+01
   1.2000000e+01   1.3902449e+01  -1.4956454e+02   1.2280898e+01   1.5603409e+01  -4.5608006e+01   3.8741150e+01
   1.2000000e+01   1.7530141e+01  -1.4931351e+02   1.3791012e+01   1.5905255e+01  -4.4295178e+01   3.7725864e+01
   1.2000000e+01   1.9588045e+01  -1.4966032e+02   1.3957823e+01   1.7469109e+01  -4.3050264e+01   3.7865678e+01
   1.2000000e+01   2.4650026e+01  -1.4974206e+02   1.5015207e+01   1.9329270e+01  -4.0449875e+01   3.6904425e+01
   1.2000000e+01   2.6781166e+01  -1.4980176e+02   1.5942060e+01   2.0509843e+01  -3.8169203e+01   3.5203233e+01
   1.2000000e+01   3.0156995e+01  -1.4956951e+02   1.6545588e+01   2.2067612e+01  -3.5885967e+01   3.4038491e+01
   1.2000000e+01   3.0568441e+01  -1.4903551e+02   1.6208809e+01   2.2950366e+01  -3.4258588e+01   3.2228604e+01
   1.2000000e+01   2.7629792e+01  -1.4821007e+02   1.5223141e+01   2.2667261e+01  -3.3482106e+01   3.0709188e+01
   1.2000000e+01   2.6030994e+01  -1.4744024e+02   1.4634610e+01   2.1929045e+01  -3.2639972e+01   2.9006779e+01
   1.2000000e+01   2.8922248e+01  -1.4731845e+02   1.5685927e+01   2.2074691e+01  -3.1335418e+01   2.7546039e+01
   1.2000000e+01   3.2159091e+01  -1.4672397e+02   1.6570539e+01   2.3020560e+01  -2.9897333e+01   2.6626540e+01
   1.2000000e+01   3.2037011e+01  -1.4611624e+02   1.7023429e+01   2.3680634e+01  -2.9052020e+01   2.5238190e+01
   1.2000000e+01   3.2351601e+01  -1.4569660e+02   1.7223800e+01   2.3966756e+01  -2.8414520e+01   2.2848627e+01
   1.2000000e+01   3.2168313e+01  -1.4492472e+02   1.7892740e+01   2.4312063e+01  -2.7409884e+01   2.0726057e+01
   1.2000000e+01   3.3683695e+01  -1.4434541e+02   1.8372743e+01   2.4931734e+01  -2.6511582e+01   1.8838389e+01
   1.2000000e+01   3.4708921e+01  -1.4319284e+02   1.8839203e+01   2.6280696e+01  -2.5552975e+01   1.7110904e+01
   1.2000000e+01   3.4279058e+01  -1.4291183e+02   1.9276602e+01   2.6837509e+01  -2.4571971e+01   1.5381261e+01
   1.2000000e+01   3.3641067e+01  -1.4227022e+02   1.9411155e+01   2.7645039e+01  -2.3848939e+01   1.3458831e+01
   1.2000000e+01   2.9391515e+01  -1.4106278e+02   1.8413751e+01   2.6155887e+01  -2.4457357e+01   1.1418487e+01
   1.2000000e+01   2.9200310e+01  -1.4015210e+02   1.8459660e+01   2.5276842e+01  -2.4119653e+01   8.8929016e+00
   1.2000000e+01   3.0374804e+01  -1.3880219e+02   1.8990513e+01   2.5569306e+01  -2.2919874e+01   5.9058168e+00
   1.2000000e+01   3.1943567e+01  -1.3755503e+02   1.9367201e+01   2.6127274e+01  -2.1025315e+01   2.1267956e+00
   1.2000000e+01   3.1027384e+01  -1.3612813e+02   1.9073438e+01   2.6412306e+01  -1.9706354e+01  -9.3381203e-01
   1.2000000e+01   3.2098498e+01  -1.3451517e+02   1.8883747e+01   2.7398257e+01  -1.7709385e+01  -3.6531834e+00
   1.2000000e+01   3.3318704e+01  -1.3307471e+02   1.8492928e+01   2.8366139e+01  -1.5885383e+01  -6.4997906e+00
   1.2000000e+01   3.1124020e+01  -1.3190579e+02   1.7696641e+01   2.8262880e+01  -1.4301574e+01  -1.0244477e+01
   1.2000000e+01   2.8490597e+01  -1.3087972e+02   1.6519351e+01   2.7477039e+01  -1.2918077e+01  -1.2901347e+01
   1.2000000e+01   3.0550321e+01  -1.2914408e+02   1.6123316e+01   2.7872753e+01  -1.0549071e+01  -1.6128655e+01
   1.2000000e+01   3.0736240e+01  -1.2728966e+02   1.5584980e+01   2.8865290e+01  -8.2851980e+00  -1.9664464e+01
   1.2000000e+01   2.9264916e+01  -1.2699692e+02   1.4907235e+01   2.8698526e+01  -6.3121747e+00  -2.2412100e+01
   1.2000000e+01   3.1468784e+01  -1.2588314e+02   1.4983810e+01   3.0031415e+01  -4.0519877e+00  -2.4942602e+01
   1.2000000e+01   3.0744556e+01  -1.2466115e+02   1.4857727e+01   3.1060315e+01  -2.5623470e+00  -2.7938676e+01
   1.2000000e+01   3.0782922e+01  -1.2385941e+02   1.4623643e+01   3.1952042e+01  -1.2345576e+00  -3.0227837e+01
   1.2000000e+01   2.9939069e+01  -1.2362833e+02   1.3916024e+01   3.2570760e+01  -1.4409809e-01  -3.1472575e+01
   1.2000000e+01   2.9897583e+01  -1.2298186e+02   1.3772934e+01   3.2886431e+01   1.3539122e+00  -3.3999430e+01
   1.2000000e+01   2.8538658e+01  -1.2271775e+02   1.3624277e+01   3.2832904e+01   2.2198785e+00  -3.6224464e+01
   1.2000000e+01   2.6573735e+01  -1.2221680e+02   1.4230601e+01   3.1918365e+01   2.3980955e+00  -3.8927543e+01
   1.2000000e+01   2.6341517e+01  -1.2134737e+02   1.4333940e+01   3.1599660e+01   2.3439740e+00  -4.0393511e+01
   1.2000000e+01   2.7362406e+01  -1.2075527e+02   1.4875721e+01   3.1966009e+01   2.6703009e+00  -4.1879128e+01
   1.2000000e+01   2.3832562e+01  -1.2073729e+02   1.5511920e+01   3.1147267e+01   1.9512945e+00  -4.3851088e+01
   1.2000000e+01   2.1511141e+01  -1.2141884e+02   1.6117730e+01   2.9768932e+01   1.1766828e+00  -4.5863716e+01
   1.2000000e+01   2.0366835e+01  -1.2144013e+02   1.6657001e+01   2.8833413e+01   8.0715741e-01  -4.8213784e+01
   1.2000000e+01   1.8692300e+01  -1.2152576e+02   1.6545626e+01   2.8127440e+01   1.0254067e+00  -4.9906943e+01
   1.2000000e+01   1.6660105e+01  -1.2182082e+02   1.6409518e+01   2.7574419e+01   1.0248439e+00  -5.0861422e+01
   1.2000000e+01   1.5090901e+01  -1.2268609e+02   1.5992047e+01   2.6889443e+01   7.6949622e-01  -5.2041040e+01
   1.2000000e+01   1.4050888e+01  -1.2291058e+02   1.5833733e+01   2.6157450e+01   5.8627716e-01  -5.2757188e+01
   1.2000000e+01   1.5068910e+01  -1.2225320e+02   1.4995256e+01   2.5701922e+01   3.3165734e-01  -5.1893159e+01
   1.2000000e+01   1.8165746e+01  -1.2251590e+02   1.2554934e+01   2.5633310e+01  -4.7252436e-02  -4.7354443e+01
   1.2000000e+01   1.9850899e+01  -1.2460253e+02   9.2286118e+00   2.5347196e+01  -1.9885291e+00  -3.9632535e+01
   1.2000000e+01   2.2104630e+01  -1.2849906e+02   6.1555664e+00   2.5303312e+01  -3.7631980e+00  -3.0002966e+01
   1.2000000e+01   2.4048699e+01  -1.3178131e+02   3.2683839e+00   2.5671701e+01  -5.5315553e+00  -1.9979282e+01
   1.2000000e+01   2.4448333e+01  -1.3667083e+02   1.6207326e+00   2.4868436e+01  -8.5758240e+00  -1.0435294e+01
   1.2000000e+01   2.4623593e+01  -1.4144698e+02   5.0280526e-01   2.3599826e+01  -1.2077928e+01  -1.0861332e+00
   1.2000000e+01   2.7178472e+01  -1.4592824e+02   2.8098251e-01   2.2678426e+01  -1.5460024e+01   7.5122443e+00
   1.2000000e+01   2.1925979e+01  -1.4942921e+02  -1.9693513e+00   2.1751809e+01  -2.1395089e+01   1.7619887e+01
   1.2000000e+01   1.6401300e+01  -1.5243560e+02  -5.1316224e+00   1.9710957e+01  -2.7982931e+01   2.6352182e+01
   1.2000000e+01   1.2360199e+01  -1.5451292e+02  -6.9171065e+00   1.7501099e+01  -3.3966268e+01   3.2495515e+01
   1.2000000e+01   8.8317423e+00  -1.5513195e+02  -8.8245924e+00   1.5293152e+01  -3.8778230e+01   3.7315531e+01
   1.2000000e+01   1.0407075e+01  -1.5861324e+02  -7.9912997e+00   1.5372587e+01  -3.9552629e+01   3.9800258e+01
   1.2000000e+01   1.0759930e+01  -1.5943169e+02  -6.7748982e+00   1.4410189e+01  -3.9127653e+01   4.5066816e+01
   1.2000000e+01   1.2532585e+01  -1.5864620e+02  -4.5862410e+00   1.3595003e+01  -3.9504129e+01   4.6205662e+01
   1.2000000e+01   1.4883680e+01  -1.5762682e+02  -1.4542611e+00   1.3653795e+01  -3.9276441e+01   4.6700132e+01
   1.2000000e+01   1.6661357e+01  -1.5858925e+02  -3.1544911e-01   1.6307205e+01  -3.8040972e+01   4.6264973e+01
   1.2000000e+01   1.9511034e+01  -1.5819357e+02   2.0241972e+00   1.6572331e+01  -3.7030060e+01   4.5226423e+01
   1.2000000e+01   1.6674116e+01  -1.5600848e+02   2.7023063e+00   1.5400642e+01  -3.8953859e+01   4.3148330e+01
   1.2000000e+01   1.8996375e+01  -1.5557973e+02   4.9104563e+00   1.5199107e+01  -3.9521408e+01   4.2339100e+01
   1.2000000e+01   1.9149994e+01  -1.5473901e+02   7.1003005e+00   1.5074054e+01  -4.0401895e+01   4.0635672e+01
   1.2000000e+01   1.7891199e+01  -1.5283028e+02   7.9059022e+00   1.4575131e+01  -4.1624408e+01   3.9974641e+01
   1.2000000e+01   2.0637637e+01  -1.5259988e+02   8.8752641e+00   1.5148963e+01  -4.0635183e+01   3.9271085e+01
   1.2000000e+01   2.2185436e+01  -1.5315203e+02   1.0280631e+01   1.5621266e+01  -4.0079253e+01   3.8888479e+01
   1.2000000e+01   1.8651670e+01  -1.5202236e+02   1.0704774e+01   1.4592778e+01  -4.1751756e+01   3.7896977e+01
   1.2000000e+01   1.6900250e+01  -1.5108670e+02   1.1377385e+01   1.3564214e+01  -4.3192147e+01   3.7067671e+01
   1.2000000e+01   1.4207939e+01  -1.4992022e+02   1.2003625e+01   1.2620469e+01  -4.4976423e+01   3.6255726e+01
   1.2000000e+01   1.7541733e+01  -1.4922981e+02   1.3203850e+01   1.3652584e+01  -4.4902711e+01   3.5474714e+01
   1.2000000e+01   2.0060100e+01  -1.4866645e+02   1.4919922e+01   1.4662184e+01  -4.4432054e+01   3.3959802e+01
   1.2000000e+01   1.7483057e+01  -1.4745045e+02   1.5441067e+01   1.5124668e+01  -4.5219052e+01   3.4144096e+01
   1.2000000e+01   2.3363534e+01  -1.4869550e+02   1.7021534e+01   1.6640400e+01  -4.2506740e+01   3.2717398e+01
   1.2000000e+01   2.8299984e+01  -1.4887996e+02   1.8473422e+01   1.8873761e+01  -3.9905490e+01   3.1004978e+01
   1.2000000e+01   3.1861385e+01  -1.4870529e+02   1.9344594e+01   2.0586065e+01  -3.7576237e+01   2.8906481e+01
   1.2000000e+01   3.5982728e+01  -1.4813645e+02   1.9703471e+01   2.2855127e+01  -3.4980967e+01   2.8924728e+01
   1.2000000e+01   3.5587132e+01  -1.4748134e+02   1.8960514e+01   2.3907612e+01  -3.3330254e+01   2.8267799e+01
   1.2000000e+01   3.6734934e+01  -1.4681120e+02   1.8660120e+01   2.4831168e+01  -3.1440221e+01   2.6875728e+01
   1.2000000e+01   3.4750260e+01  -1.4630071e+02   1.8199552e+01   2.4527217e+01  -3.0716899e+01   2.5435125e+01
   1.2000000e+01   3.6318012e+01  -1.4622037e+02   1.8322985e+01   2.4799963e+01  -2.9005989e+01   2.4486305e+01
   1.2000000e+01   3.4701315e+01  -1.4552052e+02   1.7765749e+01   2.4911721e+01  -2.8130219e+01   2.2439451e+01
   1.2000000e+01   3.7932077e+01  -1.4564674e+02   1.8039788e+01   2.5891511e+01  -2.6007517e+01   2.0927552e+01
   1.2000000e+01   3.6826451e+01  -1.4485942e+02   1.7910314e+01   2.6741457e+01  -2.4430520e+01   1.9376186e+01
   1.2000000e+01   3.5979882e+01  -1.4379687e+02   1.7355457e+01   2.7105151e+01  -2.3395457e+01   1.6530509e+01
   1.2000000e+01   3.6330860e+01  -1.4249959e+02   1.6772077e+01   2.7427477e+01  -2.1999933e+01   1.4728608e+01
   1.2000000e+01   3.6255324e+01  -1.4199538e+02   1.6799212e+01   2.6695999e+01  -2.0551549e+01   1.2273575e+01
   1.2000000e+01   3.5031195e+01  -1.4121166e+02   1.6214385e+01   2.5974373e+01  -1.9980678e+01   1.0693291e+01
   1.2000000e+01   3.3043865e+01  -1.4055347e+02   1.5639631e+01   2.4767254e+01  -1.9614939e+01   8.8646314e+00
   1.2000000e+01   3.3024324e+01  -1.4034530e+02   1.5454564e+01   2.4067895e+01  -1.9001084e+01   7.8713229e+00
   1.2000000e+01   3.1232583e+01  -1.3934643e+02   1.5471773e+01   2.3314271e+01  -1.8641676e+01   5.2086786e+00
   1.2000000e+01   2.8783237e+01  -1.3806509e+02   1.5042867e+01   2.2208329e+01  -1.8811471e+01   3.3918667e+00
   1.2000000e+01   2.5898599e+01  -1.3719957e+02   1.4584286e+01   2.0866499e+01  -1.9362003e+01   2.4537510e+00
   1.2000000e+01   2.4898710e+01  -1.3630557e+02   1.4542517e+01   2.0275878e+01  -1.9397764e+01   2.7894405e-01
   1.2000000e+01   2.6096773e+01  -1.3545994e+02   1.5045288e+01   2.0535711e+01  -1.8433300e+01  -1.9092984e+00
   1.2000000e+01   2.5095478e+01  -1.3494389e+02   1.5148245e+01   2.0481990e+01  -1.7910787e+01  -3.7600681e+00
   1.2000000e+01   2.3956054e+01  -1.3409272e+02   1.5126205e+01   1.9708436e+01  -1.7608299e+01  -6.0406389e+00
   1.2000000e+01   2.2767338e+01  -1.3307719e+02   1.5147980e+01   1.9218641e+01  -1.7421874e+01  -7.2382487e+00
   1.2000000e+01   2.6104853e+01  -1.3198732e+02   1.6008551e+01   2.0132449e+01  -1.5653587e+01  -1.0282891e+01
   1.2000000e+01   2.5384028e+01  -1.3104385e+02   1.6332960e+01   2.1008199e+01  -1.4631879e+01  -1.2625655e+01
   1.2000000e+01   2.6299858e+01  -1.3051260e+02   1.6623229e+01   2.1404716e+01  -1.3340049e+01  -1.5697585e+01
   1.2000000e+01   2.4188635e+01  -1.3002303e+02   1.6688963e+01   2.1258573e+01  -1.3110881e+01  -1.7013966e+01
   1.2000000e+01   2.4411219e+01  -1.2922106e+02   1.7089634e+01   2.1472854e+01  -1.2529921e+01  -1.9539267e+01
   1.2000000e+01   2.3865852e+01  -1.2881628e+02   1.7718331e+01   2.1702900e+01  -1.1857166e+01  -2.0593174e+01
   1.2000000e+01   2.4222833e+01  -1.2795061e+02   1.8364360e+01   2.2315021e+01  -1.0996258e+01  -2.3531404e+01
   1.2000000e+01   2.0043127e+01  -1.2732602e+02   1.9134634e+01   2.0502897e+01  -1.2073018e+01  -2.5851871e+01
   1.2000000e+01   1.8231376e+01  -1.2633332e+02   2.0284480e+01   1.9398333e+01  -1.2479003e+01  -2.9632067e+01
   1.2000000e+01   1.7110581e+01  -1.2600190e+02   2.1019178e+01   1.9053401e+01  -1.2304593e+01  -3.3070441e+01
   1.2000000e+01   1.6480547e+01  -1.2475909e+02   2.2032677e+01   1.9320244e+01  -1.1541706e+01  -3.7011617e+01
   1.2000000e+01   1.7971103e+01  -1.2431279e+02   2.3147096e+01   1.9528784e+01  -1.0380919e+01  -4.0658451e+01
   1.2000000e+01   1.9687593e+01  -1.2267365e+02   2.3985014e+01   2.0667122e+01  -8.9984846e+00  -4.4281377e+01
   1.2000000e+01   2.0443270e+01  -1.2117865e+02   2.4863563e+01   2.1886695e+01  -7.4266613e+00  -4.7282863e+01
   1.2000000e+01   2.0698329e+01  -1.2042251e+02   2.5113418e+01   2.2687427e+01  -6.1778642e+00  -4.9797794e+01
   1.2000000e+01   2.2033356e+01  -1.1923902e+02   2.5279135e+01   2.3856631e+01  -4.9269794e+00  -5.1916227e+01
   1.2000000e+01   2.1694338e+01  -1.1861872e+02   2.5061596e+01   2.4768622e+01  -4.1320164e+00  -5.3472060e+01
   1.2000000e+01   2.4404937e+01  -1.1693614e+02   2.3665039e+01   2.7820257e+01  -3.4995509e+00  -5.0471296e+01
   1.2000000e+01   2.4952121e+01  -1.1799618e+02   2.2102373e+01   2.9252669e+01  -4.0351046e+00  -4.6245411e+01
   1.2000000e+01   2.6851663e+01  -1.2240630e+02   1.9833597e+01   2.8366912e+01  -5.5768750e+00  -4.0676156e+01
   1.2000000e+01   2.6967401e+01  -1.2680163e+02   1.6318611e+01   2.7202973e+01  -8.1862214e+00  -3.3105543e+01
   1.2000000e+01   2.4978433e+01  -1.3099667e+02   1.2060534e+01   2.6024068e+01  -1.2116850e+01  -2.6349982e+01
   1.2000000e+01   1.9236096e+01  -1.3418698e+02   7.4961728e+00   2.3618370e+01  -1.7068237e+01  -1.7817310e+01
   1.2000000e+01   2.2811862e+01  -1.3819154e+02   4.0236757e+00   2.2655816e+01  -1.8978439e+01  -8.0304315e+00
   1.2000000e+01   2.2526622e+01  -1.4143511e+02   1.5518367e+00   2.2661096e+01  -2.1501023e+01   2.0328573e+00
   1.2000000e+01   1.8819905e+01  -1.4595712e+02  -2.0417397e+00   2.1816483e+01  -2.5930640e+01   1.3171570e+01
   1.2000000e+01   1.6203093e+01  -1.5164656e+02  -6.5449992e+00   2.0568004e+01  -3.1235449e+01   2.4585566e+01
   1.2000000e+01   1.7792149e+01  -1.5751931e+02  -6.8226195e+00   2.1471361e+01  -3.3840712e+01   3.5736921e+01
   1.2000000e+01   1.5179750e+01  -1.6193589e+02  -6.0799762e+00   2.3924211e+01  -3.7838642e+01   4.3116479e+01
   1.2000000e+01   1.1346909e+01  -1.6283093e+02  -6.5230078e+00   2.2006208e+01  -4.1409024e+01   4.7101762e+01
   1.2000000e+01   7.9207756e+00  -1.6191489e+02  -7.2249988e+00   1.6827352e+01  -4.3430493e+01   4.7707741e+01
   1.2000000e+01   1.0124854e+01  -1.6215342e+02  -4.3198240e+00   1.1880766e+01  -4.3615700e+01   5.1100432e+01
   1.2000000e+01   6.9660608e+00  -1.6078476e+02  -4.5652077e+00   1.0829896e+01  -4.5688691e+01   5.8389940e+01
   1.2000000e+01   8.0576693e+00  -1.5998335e+02  -5.4723533e+00   1.0900996e+01  -4.4052038e+01   5.8201644e+01
   1.2000000e+01   1.0416188e+01  -1.6003497e+02  -3.0629028e+00   1.1009315e+01  -4.3715084e+01   5.5330701e+01
   1.2000000e+01   1.3822007e+01  -1.6055535e+02  -1.6948254e+00   1.2476260e+01  -4.1508120e+01   5.2046436e+01
   1.2000000e+01   1.8159402e+01  -1.6134045e+02   1.5077300e+00   1.4457241e+01  -3.9636884e+01   5.0089874e+01
   1.2000000e+01   2.0240567e+01  -1.6057551e+02   4.4538977e+00   1.6739780e+01  -3.8934274e+01   4.8055694e+01
   1.2000000e+01   2.0230707e+01  -1.5941167e+02   7.4653227e+00   1.8102479e+01  -4.0151542e+01   4.3722226e+01
   1.2000000e+01   2.6993451e+01  -1.6004111e+02   1.1542645e+01   1.9842173e+01  -3.9510316e+01   4.1820669e+01
   1.2000000e+01   2.4377242e+01  -1.5742562e+02   1.2188690e+01   2.1460786e+01  -4.1544112e+01   4.2969941e+01
   1.2000000e+01   2.7676498e+01  -1.5756544e+02   1.5263851e+01   2.3383126e+01  -4.1016059e+01   4.2679574e+01
   1.2000000e+01   2.8019208e+01  -1.5670055e+02   1.5334998e+01   2.3014968e+01  -4.3759740e+01   3.7959690e+01
   1.2000000e+01   3.5952000e+01  -1.5647181e+02   2.0457184e+01   2.4890631e+01  -3.8385991e+01   3.8570037e+01
   1.2000000e+01   4.2826809e+01  -1.5566321e+02   2.3534119e+01   2.8676619e+01  -3.5061904e+01   3.7701487e+01
   1.2000000e+01   4.7295910e+01  -1.5422386e+02   2.4113072e+01   3.0974324e+01  -3.2547848e+01   3.6975684e+01
   1.2000000e+01   4.6033309e+01  -1.5337124e+02   2.4438592e+01   3.1732368e+01  -3.1228225e+01   3.4000831e+01
   1.2000000e+01   4.0426325e+01  -1.5144517e+02   2.2655548e+01   3.0860117e+01  -3.2567717e+01   3.2265121e+01
   1.2000000e+01   3.5534780e+01  -1.5033845e+02   2.0985167e+01   2.8904516e+01  -3.3713471e+01   3.0335542e+01
   1.2000000e+01   3.3582498e+01  -1.4924208e+02   2.0410961e+01   2.7559724e+01  -3.3836581e+01   2.9661449e+01
   1.2000000e+01   3.3374147e+01  -1.4814000e+02   2.0245778e+01   2.7189536e+01  -3.3440401e+01   2.8142411e+01
   1.2000000e+01   3.4137922e+01  -1.4710738e+02   1.9978663e+01   2.7546318e+01  -3.2734892e+01   2.7448350e+01
   1.2000000e+01   3.5149590e+01  -1.4641466e+02   2.0104815e+01   2.7903736e+01  -3.1325464e+01   2.5322945e+01
   1.2000000e+01   3.8231167e+01  -1.4602897e+02   2.0610838e+01   2.8941175e+01  -2.9117120e+01   2.3502111e+01
   1.2000000e+01   3.3585201e+01  -1.4465613e+02   1.9474265e+01   2.7858545e+01  -2.9406952e+01   2.0746129e+01
   1.2000000e+01   3.5281061e+01  -1.4361783e+02   1.9410955e+01   2.7527658e+01  -2.7895577e+01   1.7768517e+01
   1.2000000e+01   3.3540068e+01  -1.4249292e+02   1.8826203e+01   2.7149604e+01  -2.7094864e+01   1.5609679e+01
   1.2000000e+01   3.1648067e+01  -1.4141303e+02   1.7908146e+01   2.6188407e+01  -2.6662749e+01   1.3199907e+01
   1.2000000e+01   3.1486353e+01  -1.4041754e+02   1.7196873e+01   2.5765817e+01  -2.5758900e+01   1.1380182e+01
   1.2000000e+01   2.9583584e+01  -1.3895562e+02   1.6119221e+01   2.5400572e+01  -2.5327653e+01   9.2698242e+00
   1.2000000e+01   3.0316847e+01  -1.3790118e+02   1.5407908e+01   2.5326057e+01  -2.4029382e+01   7.6938536e+00
   1.2000000e+01   3.1367684e+01  -1.3722413e+02   1.5545474e+01   2.5528913e+01  -2.2245895e+01   5.1320909e+00
   1.2000000e+01   3.3041175e+01  -1.3568362e+02   1.5249532e+01   2.6947874e+01  -2.0248239e+01   2.6180111e+00
   1.2000000e+01   3.5581492e+01  -1.3468201e+02   1.5168078e+01   2.8590495e+01  -1.7783264e+01   2.6890341e-01
   1.2000000e+01   3.7260501e+01  -1.3353247e+02   1.5472894e+01   3.0412328e+01  -1.5097408e+01  -2.5846324e+00
   1.2000000e+01   3.5705435e+01  -1.3244031e+02   1.4978060e+01   3.1674964e+01  -1.3480036e+01  -5.1446973e+00
   1.2000000e+01   3.5738661e+01  -1.3154245e+02   1.4874100e+01   3.2083507e+01  -1.2083400e+01  -7.8792357e+00
   1.2000000e+01   3.3664038e+01  -1.3061031e+02   1.4674231e+01   3.1605672e+01  -1.1244080e+01  -1.1063393e+01
   1.2000000e+01   3.2190019e+01  -1.2919460e+02   1.4356071e+01   3.1103180e+01  -1.0702010e+01  -1.4019060e+01
   1.2000000e+01   2.9885829e+01  -1.2817639e+02   1.4145311e+01   3.0258784e+01  -1.0308093e+01  -1.7083327e+01
   1.2000000e+01   2.7157512e+01  -1.2747042e+02   1.3757375e+01   2.9093267e+01  -1.0151905e+01  -1.9692989e+01
   1.2000000e+01   2.6815630e+01  -1.2610238e+02   1.3585828e+01   2.8403331e+01  -9.2471113e+00  -2.2668162e+01
   1.2000000e+01   2.4388552e+01  -1.2503077e+02   1.3341575e+01   2.7177608e+01  -8.7145185e+00  -2.6377629e+01
   1.2000000e+01   2.4771054e+01  -1.2311987e+02   1.3396967e+01   2.7055100e+01  -7.5474482e+00  -2.9275752e+01
   1.2000000e+01   2.4691476e+01  -1.2181531e+02   1.3558621e+01   2.7063853e+01  -6.2031526e+00  -3.1479430e+01
   1.2000000e+01   2.4215710e+01  -1.2076519e+02   1.3720891e+01   2.6955807e+01  -5.3769355e+00  -3.3780194e+01
   1.2000000e+01   2.3941194e+01  -1.1996166e+02   1.4023975e+01   2.6704438e+01  -4.4149965e+00  -3.6042180e+01
   1.2000000e+01   2.5000754e+01  -1.1854407e+02   1.3928259e+01   2.7279656e+01  -3.7492879e+00  -3.7220280e+01
   1.2000000e+01   2.4530710e+01  -1.1776366e+02   1.3869633e+01   2.7412036e+01  -3.3742602e+00  -3.8416282e+01
   1.2000000e+01   2.4108040e+01  -1.1636473e+02   1.4223130e+01   2.7404048e+01  -2.9226579e+00  -4.0955756e+01
   1.2000000e+01   2.3804014e+01  -1.1538333e+02   1.4502102e+01   2.7257234e+01  -2.4460899e+00  -4.2832069e+01
   1.2000000e+01   2.3120628e+01  -1.1507678e+02   1.4465337e+01   2.7124317e+01  -2.3315411e+00  -4.4127074e+01
   1.2000000e+01   2.4723827e+01  -1.1430340e+02   1.4693903e+01   2.7797836e+01  -1.7667142e+00  -4.5329590e+01
   1.2000000e+01   2.5263309e+01  -1.1336322e+02   1.4861129e+01   2.8716279e+01  -1.1823411e+00  -4.6645698e+01
   1.2000000e+01   2.5149261e+01  -1.1302205e+02   1.3754190e+01   2.9627015e+01  -1.6047422e+00  -4.4593198e+01
   1.2000000e+01   2.7427096e+01  -1.1475124e+02   1.0610920e+01   3.1051097e+01  -3.4382751e+00  -4.0201383e+01
   1.2000000e+01   2.9546186e+01  -1.1921926e+02   7.2163178e+00   3.1971324e+01  -5.4813672e+00  -3.4498903e+01
   1.2000000e+01   2.8146508e+01  -1.2401282e+02   3.6252826e+00   3.2672853e+01  -8.2043684e+00  -2.7679665e+01
   1.2000000e+01   2.5317760e+01  -1.3001640e+02   7.6924637e-01   3.1637281e+01  -1.0989737e+01  -1.9580623e+01
   1.2000000e+01   2.3413820e+01  -1.3605897e+02  -1.0446654e+00   2.8962402e+01  -1.4513910e+01  -1.0637010e+01
   1.2000000e+01   2.0502984e+01  -1.4081787e+02  -3.4391085e+00   2.7429416e+01  -1.8914832e+01  -5.8768431e-01
   1.2000000e+01   1.3367335e+01  -1.4536466e+02  -7.0502285e+00   2.4878565e+01  -2.5127909e+01   9.2203090e+00
   1.2000000e+01   9.1671756e+00  -1.4896612e+02  -9.6425254e+00   2.2413297e+01  -3.1651558e+01   1.7408144e+01
   1.2000000e+01   8.1900278e+00  -1.5139128e+02  -1.0435235e+01   2.0318741e+01  -3.6567351e+01   2.3121605e+01
   1.2000000e+01   6.1394896e+00  -1.5577488e+02  -1.0925985e+01   1.8121661e+01  -4.0734970e+01   3.1829471e+01
   1.2000000e+01   2.2981409e+00  -1.5867835e+02  -1.3946386e+01   2.0794945e+01  -4.4657917e+01   4.0239426e+01
   1.2000000e+01   4.8106295e+00  -1.6302920e+02  -1.2852798e+01   2.2560498e+01  -4.4708069e+01   4.7503936e+01
   1.2000000e+01   9.4178213e+00  -1.6632172e+02  -9.0458164e+00   2.4306166e+01  -4.4437576e+01   4.8785434e+01
   1.2000000e+01   7.5664440e+00  -1.6651004e+02  -7.8437885e+00   2.3767574e+01  -4.5702367e+01   4.8158280e+01
   1.2000000e+01   7.6281640e+00  -1.6656625e+02  -6.5365763e+00   2.2685102e+01  -4.6502879e+01   4.8470042e+01
   1.2000000e+01   5.4615899e+00  -1.6402981e+02  -7.9678220e+00   1.7171689e+01  -4.4325968e+01   4.6643380e+01
   1.2000000e+01   6.3209741e+00  -1.6149488e+02  -8.6366207e+00   2.1627314e+01  -4.2188486e+01   5.8108345e+01
   1.2000000e+01   1.0430792e+01  -1.6153011e+02  -6.8704486e+00   2.4120232e+01  -3.9733660e+01   5.8317808e+01
   1.2000000e+01   1.1821364e+01  -1.6101860e+02  -5.5791678e+00   2.4392346e+01  -3.8240675e+01   5.5014922e+01
   1.2000000e+01   1.3657691e+01  -1.5687794e+02  -2.7794786e+00   2.4007954e+01  -3.7149602e+01   4.9010954e+01
   1.2000000e+01   2.2578559e+01  -1.5674263e+02   1.0579318e+00   2.4741322e+01  -3.4386267e+01   4.4943797e+01
   1.2000000e+01   2.3214644e+01  -1.5392227e+02   4.7478824e+00   2.5971612e+01  -3.4397645e+01   4.5520891e+01
   1.2000000e+01   2.0611939e+01  -1.5179947e+02   5.7597009e+00   2.5780354e+01  -3.6485040e+01   4.3082412e+01
   1.2000000e+01   2.1726172e+01  -1.5010213e+02   7.7026380e+00   2.5567228e+01  -3.6688618e+01   4.1483322e+01
   1.2000000e+01   2.7368397e+01  -1.4927300e+02   9.1761353e+00   2.6929109e+01  -3.5129042e+01   3.8329846e+01
   1.2000000e+01   3.4156420e+01  -1.4895803e+02   1.0045434e+01   3.0257251e+01  -3.2260175e+01   3.6418099e+01
   1.2000000e+01   2.7936025e+01  -1.4670997e+02   1.0588796e+01   3.0129751e+01  -3.2239305e+01   3.4456542e+01
   1.2000000e+01   2.5509103e+01  -1.4564791e+02   1.0606798e+01   2.8946301e+01  -3.2187416e+01   3.1599824e+01
   1.2000000e+01   3.2571272e+01  -1.4575758e+02   1.2009987e+01   3.1093384e+01  -2.9364150e+01   2.8655246e+01
   1.2000000e+01   3.0373992e+01  -1.4405740e+02   1.2537094e+01   3.0770145e+01  -2.8124642e+01   2.5596757e+01
   1.2000000e+01   2.3809610e+01  -1.4130221e+02   1.2578326e+01   2.8133043e+01  -2.9117806e+01   2.1370114e+01
   1.2000000e+01   2.0658518e+01  -1.3950293e+02   1.2018060e+01   2.5844529e+01  -3.0384424e+01   1.8001754e+01
   1.2000000e+01   1.6265331e+01  -1.3723715e+02   1.1422069e+01   2.3628355e+01  -3.1544729e+01   1.5286058e+01
   1.2000000e+01   1.4385820e+01  -1.3580972e+02   1.1052016e+01   2.1448248e+01  -3.2287875e+01   1.2998913e+01
   1.2000000e+01   1.3205210e+01  -1.3486055e+02   1.1071274e+01   1.9950696e+01  -3.2437896e+01   1.1734696e+01
   1.2000000e+01   1.6095020e+01  -1.3404352e+02   1.1507742e+01   2.0837265e+01  -3.0752210e+01   9.9870832e+00
   1.2000000e+01   1.7202852e+01  -1.3318221e+02   1.1944900e+01   2.1438789e+01  -2.9176282e+01   6.9271876e+00
   1.2000000e+01   1.7542597e+01  -1.3214389e+02   1.2038150e+01   2.1962004e+01  -2.7474191e+01   4.4048851e+00
   1.2000000e+01   1.7861266e+01  -1.3087379e+02   1.2086045e+01   2.2652849e+01  -2.5751159e+01   1.8894067e+00
   1.2000000e+01   2.2162633e+01  -1.3085823e+02   1.3215702e+01   2.4088620e+01  -2.3108614e+01  -3.1283016e-01
   1.2000000e+01   2.1214773e+01  -1.2969919e+02   1.3609197e+01   2.4836070e+01  -2.1869568e+01  -2.5452178e+00
   1.2000000e+01   2.1827292e+01  -1.2835372e+02   1.3939892e+01   2.5569814e+01  -2.0401922e+01  -5.6498012e+00
   1.2000000e+01   2.2361228e+01  -1.2717526e+02   1.4505286e+01   2.6196253e+01  -1.8765446e+01  -8.6105164e+00
   1.2000000e+01   2.0926957e+01  -1.2582150e+02   1.5098184e+01   2.6212856e+01  -1.7627000e+01  -1.2869582e+01
   1.2000000e+01   2.1114520e+01  -1.2473274e+02   1.5487526e+01   2.6114744e+01  -1.6416125e+01  -1.6007710e+01
   1.2000000e+01   2.0425232e+01  -1.2335375e+02   1.5971296e+01   2.5925099e+01  -1.5336606e+01  -1.9762499e+01
   1.2000000e+01   2.1739974e+01  -1.2193748e+02   1.6293786e+01   2.6071161e+01  -1.3868351e+01  -2.3339042e+01
   1.2000000e+01   2.4017630e+01  -1.1939071e+02   1.6692936e+01   2.7446856e+01  -1.1622417e+01  -2.7581181e+01
   1.2000000e+01   2.4250752e+01  -1.1764433e+02   1.6844570e+01   2.8430090e+01  -9.7007679e+00  -3.1305559e+01
   1.2000000e+01   2.2034396e+01  -1.1695349e+02   1.6539886e+01   2.8130320e+01  -8.4439357e+00  -3.5374673e+01
   1.2000000e+01   2.3274240e+01  -1.1544450e+02   1.6368756e+01   2.8905428e+01  -6.7737822e+00  -3.7968640e+01
   1.2000000e+01   2.3656390e+01  -1.1436316e+02   1.6283197e+01   2.9514213e+01  -5.4235535e+00  -4.0857937e+01
   1.2000000e+01   2.3809083e+01  -1.1343226e+02   1.5901580e+01   3.0057913e+01  -4.5822631e+00  -4.2985624e+01
   1.2000000e+01   2.2921705e+01  -1.1297643e+02   1.4371362e+01   3.0629087e+01  -4.5336419e+00  -4.2667191e+01
   1.2000000e+01   2.1858447e+01  -1.1320997e+02   1.3507286e+01   3.0730834e+01  -4.3248760e+00  -4.1770014e+01
   1.2000000e+01   2.3087075e+01  -1.1406682e+02   1.2305907e+01   3.0951156e+01  -4.2245538e+00  -4.0424178e+01
   1.2000000e+01   2.7157377e+01  -1.1708180e+02   1.0274233e+01   3.2341775e+01  -4.5162134e+00  -3.6913463e+01
   1.2000000e+01   2.8574328e+01  -1.2281102e+02   7.5231520e+00   3.1825481e+01  -6.2613632e+00  -3.1628806e+01
   1.2000000e+01   2.6771861e+01  -1.2776154e+02   4.3891900e+00   3.0704706e+01  -8.7944939e+00  -2.4377445e+01
   1.2000000e+01   2.4970756e+01  -1.3318578e+02   1.8695176e+00   2.8225614e+01  -1.1296741e+01  -1.6240156e+01
   1.2000000e+01   2.6462299e+01  -1.3750388e+02   3.0006739e-01   2.5956453e+01  -1.3495297e+01  -7.6222721e+00
   1.2000000e+01   2.4262386e+01  -1.4101862e+02  -2.1820323e+00   2.4256392e+01  -1.7041502e+01   1.9689634e+00
   1.2000000e+01   2.2923291e+01  -1.4510712e+02  -5.0084262e+00   2.5078914e+01  -2.1768077e+01   1.2457680e+01
   1.2000000e+01   2.0660876e+01  -1.5023634e+02  -7.0002550e+00   2.3497313e+01  -2.7750614e+01   1.9669920e+01
   1.2000000e+01   1.5364251e+01  -1.5256610e+02  -8.9004404e+00   2.0732538e+01  -3.4109574e+01   2.2134231e+01
   1.2000000e+01   1.0238754e+01  -1.5368482e+02  -8.8710877e+00   1.7973884e+01  -3.8860376e+01   2.3840525e+01
   1.2000000e+01   6.7736278e+00  -1.5414790e+02  -8.3888783e+00   1.5547156e+01  -4.3036156e+01   2.6849695e+01
   1.2000000e+01   9.7973371e+00  -1.5461187e+02  -5.5032084e+00   1.4628297e+01  -4.4486625e+01   3.2804866e+01
