   4.4382729e+01   6.1845521e+01  -1.4296417e+02   6.0864898e+01   2.3233747e+01  -3.1194073e+01  -6.2581902e+00
   4.2824352e+01   4.7845521e+01  -1.4059192e+02   6.0634846e+01   1.9988390e+01  -4.5194073e+01  -9.6286802e+00
   3.6937476e+01   3.3845811e+01  -1.4048356e+02   6.8256736e+01   1.6515409e+01  -5.9192148e+01  -9.5874843e+00
   3.1050601e+01   1.9846101e+01  -1.4037520e+02   7.5878626e+01   1.3042428e+01  -7.3190222e+01  -9.5462884e+00
   2.5163725e+01   5.8463908e+00  -1.4026685e+02   8.3500516e+01   9.5694475e+00  -8.7188297e+01  -9.5050925e+00
   1.9276850e+01  -8.1533193e+00  -1.4015849e+02   9.1122406e+01   6.0964668e+00  -1.0118637e+02  -9.4638966e+00
   1.8232517e+01  -2.2153223e+01  -1.3655135e+02   9.1605422e+01   7.8077446e+00  -1.1518227e+02  -1.3647678e+01
   1.8388841e+01  -3.5274089e+01  -1.3710344e+02   8.1053590e+01   1.1988541e+01  -1.0118227e+02  -2.2619513e+01
   2.0149932e+01  -3.5000000e+01  -1.3924125e+02   7.0923537e+01   1.7565416e+01  -8.7182667e+01  -3.0432594e+01
   2.1911022e+01  -3.4725911e+01  -1.4137907e+02   6.0793483e+01   2.3142291e+01  -7.3183060e+01  -3.8245675e+01
   2.3672112e+01  -3.4451822e+01  -1.4351689e+02   5.0663430e+01   2.8719165e+01  -5.9183454e+01  -4.6058756e+01
   2.5428262e+01  -3.5000000e+01  -1.4555539e+02   4.0657420e+01   3.4282109e+01  -5.1000000e+01  -5.3792260e+01
   2.0713710e+01  -3.5000000e+01  -1.4060293e+02   4.3723278e+01   3.3516083e+01  -5.1000000e+01  -4.8954109e+01
   1.5530430e+01  -3.5000000e+01  -1.3826575e+02   4.2459596e+01   3.2673303e+01  -5.1000000e+01  -4.7756231e+01
   9.0995048e+00  -3.5000000e+01  -1.3538275e+02   4.1107625e+01   3.1537526e+01  -5.1000000e+01  -4.7815194e+01
   1.8828671e+00  -3.5000000e+01  -1.3198748e+02   3.9500404e+01   2.9910806e+01  -5.1000000e+01  -4.9247003e+01
  -5.9236477e+00  -3.5000000e+01  -1.2806275e+02   3.8822524e+01   2.7476858e+01  -5.1000000e+01  -5.1098603e+01
  -1.4538478e+01  -3.5000000e+01  -1.2363759e+02   3.8975592e+01   2.4297400e+01  -5.1000000e+01  -5.2677676e+01
  -2.3473779e+01  -3.5000000e+01  -1.1851398e+02   4.0546376e+01   2.0294179e+01  -5.1000000e+01  -5.4058561e+01
  -3.3078890e+01  -3.5000000e+01  -1.1183989e+02   4.3290121e+01   1.5080367e+01  -5.1000000e+01  -5.5000979e+01
  -4.3370988e+01  -3.5000000e+01  -1.0392777e+02   4.8123761e+01   9.5289748e+00  -5.1000000e+01  -5.4546241e+01
  -5.3633762e+01  -3.5000000e+01  -9.3870411e+01   5.4750809e+01   4.2608322e+00  -5.1000000e+01  -5.3056951e+01
  -6.2288127e+01  -3.5000000e+01  -8.3359384e+01   6.3220809e+01   1.2773831e+00  -5.1000000e+01  -5.0932005e+01
  -6.4991800e+01  -3.5000000e+01  -7.2691853e+01   7.2687286e+01  -1.6982158e+00  -5.1000000e+01  -4.9458866e+01
  -6.6606167e+01  -3.5000000e+01  -6.3817793e+01   8.2637587e+01  -4.3457168e+00  -5.1000000e+01  -4.9529409e+01
  -6.9395037e+01  -3.5000000e+01  -5.7014454e+01   9.2116230e+01  -4.0806561e+00  -5.1000000e+01  -5.3204358e+01
  -7.0535422e+01  -3.5000000e+01  -5.2283939e+01   9.9145349e+01  -4.7392985e+00  -5.1000000e+01  -5.7239015e+01
  -7.3361390e+01  -3.5000000e+01  -4.9746571e+01   1.0023730e+02  -4.6309844e+00  -5.1000000e+01  -5.6150951e+01
  -7.6955409e+01  -3.5000000e+01  -4.9102649e+01   9.8646275e+01  -2.6749489e+00  -5.1000000e+01  -5.2481957e+01
  -8.1575876e+01  -3.5000000e+01  -4.9146065e+01   9.6135542e+01  -9.0878421e-01  -5.1000000e+01  -4.7418303e+01
  -8.4986165e+01  -3.5000000e+01  -4.8311490e+01   9.3960275e+01  -3.5337513e+00  -5.1000000e+01  -4.0371768e+01
  -8.7538294e+01  -3.5000000e+01  -4.8107350e+01   9.1752696e+01  -5.8001215e+00  -5.1000000e+01  -3.2056470e+01
  -8.8485008e+01  -3.5000000e+01  -4.9597622e+01   8.9074094e+01  -7.8263277e+00  -5.1000000e+01  -2.2714463e+01
  -8.6645155e+01  -3.5000000e+01  -5.1957777e+01   8.7263795e+01  -1.4486285e+01  -5.1000000e+01  -1.2564247e+01
  -8.3930321e+01  -3.5000000e+01  -5.3526350e+01   8.4241147e+01  -2.2106281e+01  -5.1000000e+01  -2.0594385e+00
  -8.1733307e+01  -3.5000000e+01  -5.6363661e+01   7.8922633e+01  -2.9420756e+01  -5.1000000e+01   7.6188559e+00
  -7.2448306e+01  -3.5000000e+01  -5.8578826e+01   7.2819167e+01  -3.7864003e+01  -5.1000000e+01   1.7631574e+01
  -5.9099080e+01  -3.5000000e+01  -6.0068784e+01   6.6233606e+01  -4.6278515e+01  -5.1000000e+01   2.6256340e+01
  -5.8384271e+01  -3.5000000e+01  -6.7452528e+01   5.8030152e+01  -5.3852700e+01  -5.1000000e+01   3.4634600e+01
  -6.1657024e+01  -3.5000000e+01  -7.2414824e+01   4.9265739e+01  -5.4687630e+01  -5.1000000e+01   4.0996620e+01
  -6.0830610e+01  -3.5000000e+01  -7.5470755e+01   4.0845430e+01  -5.4740280e+01  -5.1000000e+01   4.6423680e+01
  -6.0078912e+01  -3.5000000e+01  -7.7433139e+01   3.2226032e+01  -5.3022926e+01  -5.1000000e+01   5.2010800e+01
  -5.7939653e+01  -3.5000000e+01  -8.2904081e+01   2.3313294e+01  -5.2300731e+01  -5.1000000e+01   5.3955916e+01
  -5.7134176e+01  -3.5000000e+01  -8.4186661e+01   1.5785749e+01  -5.1106882e+01  -5.1000000e+01   5.4297948e+01
  -5.4597546e+01  -3.5000000e+01  -8.8759168e+01   9.5346564e+00  -4.9896947e+01  -5.1000000e+01   5.4591539e+01
  -5.3842530e+01  -3.5000000e+01  -9.0881157e+01   4.5511538e+00  -4.7909514e+01  -5.1000000e+01   5.4654512e+01
  -5.1716510e+01  -3.5000000e+01  -9.0986862e+01   5.7964949e-01  -4.6061503e+01  -5.1000000e+01   5.3862820e+01
  -5.1126817e+01  -3.5000000e+01  -9.2455121e+01  -2.4541717e+00  -4.3728962e+01  -5.1000000e+01   5.3063411e+01
  -4.9846414e+01  -3.5000000e+01  -9.3887083e+01  -4.8017158e+00  -4.1311300e+01  -5.1000000e+01   5.2819223e+01
  -4.8974783e+01  -3.5000000e+01  -9.6958073e+01  -6.3481739e+00  -3.9691501e+01  -5.1000000e+01   5.1037059e+01
  -4.9580345e+01  -3.5000000e+01  -9.7272558e+01  -5.3588154e+00  -3.7705971e+01  -5.1000000e+01   5.0358124e+01
  -5.5921520e+01  -3.5000000e+01  -8.8179147e+01   6.9190914e-02  -3.6897114e+01  -5.1000000e+01   5.1233912e+01
  -5.6624901e+01  -3.5000000e+01  -9.1217826e+01   1.0966678e+00  -3.4408815e+01  -5.1000000e+01   4.7940468e+01
  -5.7589970e+01  -3.5000000e+01  -9.1951760e+01   1.1436837e+00  -3.1424193e+01  -5.1000000e+01   4.7686625e+01
  -6.2315225e+01  -3.5000000e+01  -9.0697835e+01   4.9012840e+00  -3.0144367e+01  -5.1000000e+01   4.8363653e+01
  -6.7383092e+01  -3.5000000e+01  -8.2511367e+01   1.2037262e+01  -2.8707663e+01  -5.1000000e+01   4.9064461e+01
  -7.2829309e+01  -3.5000000e+01  -8.1523504e+01   1.8055959e+01  -2.5572076e+01  -5.1000000e+01   4.7688555e+01
  -7.9139982e+01  -3.5000000e+01  -7.4059928e+01   2.5156026e+01  -2.1658664e+01  -5.1000000e+01   4.7898922e+01
  -7.5861989e+01  -3.5000000e+01  -7.3888435e+01   3.0443493e+01  -2.0501616e+01  -5.1000000e+01   4.6839875e+01
  -6.6407479e+01  -3.5000000e+01  -7.8461181e+01   3.0590057e+01  -2.4410564e+01  -5.1000000e+01   4.5281702e+01
  -6.1031376e+01  -3.5000000e+01  -8.3339039e+01   2.7114958e+01  -2.8390685e+01  -5.1000000e+01   4.3427783e+01
  -5.8316888e+01  -3.5000000e+01  -8.4521958e+01   2.3748141e+01  -3.1241878e+01  -5.1000000e+01   4.2381538e+01
  -5.4417922e+01  -3.5000000e+01  -8.6143629e+01   2.1013561e+01  -3.3643760e+01  -5.1000000e+01   4.1764289e+01
  -5.5679116e+01  -3.5000000e+01  -8.4947240e+01   2.0900563e+01  -3.4086850e+01  -5.1000000e+01   4.1360849e+01
  -5.6268172e+01  -3.5000000e+01  -8.9525818e+01   1.8509682e+01  -3.3355600e+01  -5.1000000e+01   3.9997320e+01
  -5.9921593e+01  -3.5000000e+01  -8.7964197e+01   1.8650971e+01  -3.1430240e+01  -5.1000000e+01   3.9451142e+01
  -6.3374195e+01  -3.5000000e+01  -8.2170302e+01   2.3611374e+01  -2.9649880e+01  -5.1000000e+01   3.9479944e+01
  -6.7770429e+01  -3.5000000e+01  -7.9753407e+01   2.8367217e+01  -2.6730660e+01  -5.1000000e+01   3.8382216e+01
  -6.9909962e+01  -3.5000000e+01  -7.5236822e+01   3.3539582e+01  -2.4334382e+01  -5.1000000e+01   3.7561511e+01
  -6.8732277e+01  -3.5000000e+01  -6.9251863e+01   3.9825343e+01  -2.3969945e+01  -5.1000000e+01   3.7407388e+01
  -6.8772280e+01  -3.5000000e+01  -6.8260295e+01   4.5095863e+01  -2.3923828e+01  -5.1000000e+01   3.5240582e+01
  -7.1787943e+01  -3.5000000e+01  -6.9465139e+01   4.8445473e+01  -2.2506537e+01  -5.1000000e+01   3.2553873e+01
  -7.4971332e+01  -3.5000000e+01  -6.8329902e+01   5.1206299e+01  -2.0019570e+01  -5.1000000e+01   3.0941482e+01
  -7.6265146e+01  -3.5000000e+01  -6.8170452e+01   5.3237982e+01  -1.8009515e+01  -5.1000000e+01   2.9056101e+01
  -7.7179139e+01  -3.5000000e+01  -6.7649760e+01   5.4969964e+01  -1.6707029e+01  -5.1000000e+01   2.6599721e+01
  -7.8320971e+01  -3.5000000e+01  -6.8545481e+01   5.5981100e+01  -1.4944476e+01  -5.1000000e+01   2.4028766e+01
  -7.9913262e+01  -3.5000000e+01  -6.8125020e+01   5.6966280e+01  -1.3075498e+01  -5.1000000e+01   2.1850909e+01
  -8.0918029e+01  -3.5000000e+01  -6.7474911e+01   5.7809806e+01  -1.0823347e+01  -5.1000000e+01   1.9606460e+01
  -8.1229197e+01  -3.5000000e+01  -6.7072908e+01   5.9200246e+01  -9.1701248e+00  -5.1000000e+01   1.7945856e+01
  -8.1935478e+01  -3.5000000e+01  -6.6766840e+01   6.0289782e+01  -7.6759888e+00  -5.1000000e+01   1.5858804e+01
  -7.9565821e+01  -3.5000000e+01  -6.5931383e+01   6.1319090e+01  -8.2627159e+00  -5.1000000e+01   1.4334011e+01
  -7.9655657e+01  -3.5000000e+01  -6.6697993e+01   6.1966611e+01  -8.5600556e+00  -5.1000000e+01   1.1427720e+01
  -7.9738875e+01  -3.5000000e+01  -6.6600690e+01   6.2657693e+01  -7.7612425e+00  -5.1000000e+01   8.5690881e+00
  -8.1038033e+01  -3.5000000e+01  -6.6006354e+01   6.4508013e+01  -6.1907609e+00  -5.1000000e+01   4.8852919e+00
  -8.0908047e+01  -3.5000000e+01  -6.5260501e+01   6.6117964e+01  -4.8882936e+00  -5.1000000e+01   1.8215998e+00
  -8.1633514e+01  -3.5000000e+01  -6.4999012e+01   6.7341085e+01  -2.6814890e+00  -5.1000000e+01  -1.5629636e+00
  -8.2189054e+01  -3.5000000e+01  -6.3678864e+01   6.9315147e+01  -1.1271980e+00  -5.1000000e+01  -4.3732490e+00
  -8.0125293e+01  -3.5000000e+01  -6.1184265e+01   7.2741904e+01  -2.3484409e+00  -5.1000000e+01  -6.8775932e+00
  -7.7774067e+01  -3.5000000e+01  -5.9236152e+01   7.5984029e+01  -4.6170706e+00  -5.1000000e+01  -9.2084827e+00
  -7.9529779e+01  -3.5000000e+01  -5.8614816e+01   7.8437129e+01  -2.9300264e+00  -5.1000000e+01  -1.3224442e+01
  -7.9604200e+01  -3.5000000e+01  -5.7141238e+01   8.1138348e+01  -1.3530947e+00  -5.1000000e+01  -1.6718729e+01
  -7.8306590e+01  -3.5000000e+01  -5.5853470e+01   8.4404513e+01  -2.6285062e+00  -5.1000000e+01  -1.9058789e+01
  -7.9173897e+01  -3.5000000e+01  -5.6425548e+01   8.5912361e+01  -1.5582940e+00  -5.1000000e+01  -2.2772822e+01
  -7.8477434e+01  -3.5000000e+01  -5.5509887e+01   8.7714214e+01  -1.1836328e+00  -5.1000000e+01  -2.5571031e+01
  -7.8263274e+01  -3.5000000e+01  -5.4836924e+01   8.9590772e+01  -9.9449047e-01  -5.1000000e+01  -2.8357230e+01
  -7.7276704e+01  -3.5000000e+01  -5.4064514e+01   9.1054695e+01  -1.8775164e+00  -5.1000000e+01  -2.9974315e+01
  -7.7194343e+01  -3.5000000e+01  -5.3905560e+01   9.2792631e+01  -2.7583689e+00  -5.1000000e+01  -3.2352490e+01
  -7.6581053e+01  -3.5000000e+01  -5.3558223e+01   9.4297511e+01  -3.4950398e+00  -5.1000000e+01  -3.4761781e+01
  -7.5580243e+01  -3.5000000e+01  -5.3974567e+01   9.4829578e+01  -4.6436180e+00  -5.1000000e+01  -3.6876141e+01
  -7.5461116e+01  -3.5000000e+01  -5.3585881e+01   9.5446982e+01  -4.7141012e+00  -5.1000000e+01  -3.8688208e+01
  -7.5800802e+01  -3.5000000e+01  -5.3962695e+01   9.6255430e+01  -4.4402681e+00  -5.1000000e+01  -4.1141186e+01
  -7.4990610e+01  -3.5000000e+01  -5.2826115e+01   9.7398652e+01  -4.8650775e+00  -5.1000000e+01  -4.1881325e+01
  -7.4736020e+01  -3.5000000e+01  -5.2073445e+01   9.8886616e+01  -6.2257945e+00  -5.1000000e+01  -4.3078885e+01
  -7.3311989e+01  -3.5000000e+01  -5.1273214e+01   1.0077147e+02  -9.1081750e+00  -5.1000000e+01  -4.4836450e+01
  -7.2517506e+01  -3.5000000e+01  -4.9761291e+01   1.0317325e+02  -1.2193419e+01  -5.1000000e+01  -4.5431901e+01
  -7.1351597e+01  -3.5000000e+01  -4.8898955e+01   1.0466635e+02  -1.5245189e+01  -5.1000000e+01  -4.6048355e+01
  -7.0789840e+01  -3.5000000e+01  -4.7431095e+01   1.0640456e+02  -1.8493154e+01  -5.1000000e+01  -4.6011226e+01
  -7.0411952e+01  -3.5000000e+01  -4.6069845e+01   1.0805954e+02  -2.0848282e+01  -5.1000000e+01  -4.6381652e+01
  -7.1413297e+01  -3.5000000e+01  -4.4486038e+01   1.0918939e+02  -2.1604723e+01  -5.1000000e+01  -4.6140743e+01
  -7.3368443e+01  -3.5000000e+01  -4.2694555e+01   1.0935265e+02  -2.0456682e+01  -5.1000000e+01  -4.3890267e+01
  -7.6519860e+01  -3.5000000e+01  -4.1371392e+01   1.0766612e+02  -1.8886866e+01  -5.1000000e+01  -3.8725412e+01
  -7.9666897e+01  -3.5000000e+01  -4.1775921e+01   1.0498943e+02  -1.6720791e+01  -5.1000000e+01  -3.1773086e+01
  -8.1693435e+01  -3.5000000e+01  -4.2529989e+01   1.0120295e+02  -1.5140685e+01  -5.1000000e+01  -2.3698204e+01
  -8.2549514e+01  -3.5000000e+01  -4.5119982e+01   9.7591599e+01  -1.7491033e+01  -5.1000000e+01  -1.4948886e+01
  -8.3623872e+01  -3.5000000e+01  -4.7715777e+01   9.4022077e+01  -2.0098772e+01  -5.1000000e+01  -5.9101848e+00
  -8.4703519e+01  -3.5000000e+01  -5.0617304e+01   8.9896721e+01  -2.2813643e+01  -5.1000000e+01   2.5544628e+00
  -7.9913178e+01  -3.5000000e+01  -5.3482012e+01   8.4906756e+01  -2.7784461e+01  -5.1000000e+01   1.2229132e+01
  -7.1371120e+01  -3.5000000e+01  -5.7357732e+01   7.8804838e+01  -3.5364966e+01  -5.1000000e+01   2.1637170e+01
  -6.3255745e+01  -3.5000000e+01  -6.0972066e+01   7.1415231e+01  -4.3464786e+01  -5.1000000e+01   3.0237411e+01
  -5.9691022e+01  -3.5000000e+01  -6.5240402e+01   6.3288177e+01  -5.0220059e+01  -5.1000000e+01   3.6962338e+01
  -6.1605387e+01  -3.5000000e+01  -7.1880441e+01   5.5206967e+01  -5.3264220e+01  -5.1000000e+01   4.0520591e+01
  -6.0339727e+01  -3.5000000e+01  -7.7238318e+01   4.6869700e+01  -5.3347933e+01  -5.1000000e+01   4.4810556e+01
  -5.7509088e+01  -3.5000000e+01  -7.9957652e+01   3.8092911e+01  -5.1444189e+01  -5.1000000e+01   4.6490047e+01
  -5.6583337e+01  -3.5000000e+01  -8.0936393e+01   3.0361434e+01  -4.9241681e+01  -5.1000000e+01   4.8001272e+01
  -5.6413213e+01  -3.5000000e+01  -8.5194139e+01   2.2935616e+01  -4.6027744e+01  -5.1000000e+01   4.7697342e+01
  -5.7304627e+01  -3.5000000e+01  -8.6333524e+01   1.7936660e+01  -4.3192315e+01  -5.1000000e+01   4.7723141e+01
  -5.4466525e+01  -3.5000000e+01  -8.8310308e+01   1.4148583e+01  -4.1966029e+01  -5.1000000e+01   4.6467493e+01
  -5.5428021e+01  -3.5000000e+01  -8.6726768e+01   1.3128234e+01  -4.1089601e+01  -5.1000000e+01   4.6429218e+01
  -5.5478195e+01  -3.5000000e+01  -8.6676409e+01   1.3805706e+01  -4.0342412e+01  -5.1000000e+01   4.5335479e+01
  -5.4650545e+01  -3.5000000e+01  -8.5461726e+01   1.4847945e+01  -4.0435932e+01  -5.1000000e+01   4.4945903e+01
  -5.6289575e+01  -3.5000000e+01  -8.6422534e+01   1.5354281e+01  -3.9207080e+01  -5.1000000e+01   4.3730117e+01
  -5.6460735e+01  -3.5000000e+01  -9.0670376e+01   1.4649420e+01  -3.7647007e+01  -5.1000000e+01   4.2068945e+01
  -5.4665784e+01  -3.5000000e+01  -8.7295415e+01   1.6289973e+01  -3.8432082e+01  -5.1000000e+01   4.2047270e+01
  -5.3617845e+01  -3.5000000e+01  -8.5098772e+01   1.8255666e+01  -3.9497320e+01  -5.1000000e+01   4.2222141e+01
  -5.1563057e+01  -3.5000000e+01  -8.4771661e+01   1.9659820e+01  -4.0641707e+01  -5.1000000e+01   4.1546060e+01
  -5.3850033e+01  -3.5000000e+01  -8.5132706e+01   1.9656373e+01  -3.9110822e+01  -5.1000000e+01   4.0129315e+01
  -5.5739163e+01  -3.5000000e+01  -8.6525541e+01   2.0070267e+01  -3.7065182e+01  -5.1000000e+01   3.8022354e+01
  -5.2900007e+01  -3.5000000e+01  -8.9365985e+01   1.8369125e+01  -3.5718768e+01  -5.1000000e+01   3.7107347e+01
  -5.7764645e+01  -3.5000000e+01  -8.7771599e+01   1.9895011e+01  -3.3758703e+01  -5.1000000e+01   3.6434325e+01
  -6.2975152e+01  -3.5000000e+01  -8.4941623e+01   2.3416586e+01  -3.0804688e+01  -5.1000000e+01   3.5010179e+01
  -6.7809750e+01  -3.5000000e+01  -8.1764156e+01   2.7558113e+01  -2.7202620e+01  -5.1000000e+01   3.3622039e+01
  -7.3129735e+01  -3.5000000e+01  -7.8589187e+01   3.1933127e+01  -2.2820044e+01  -5.1000000e+01   3.3335126e+01
  -7.5371995e+01  -3.5000000e+01  -7.6711145e+01   3.6075860e+01  -1.9447660e+01  -5.1000000e+01   3.2390814e+01
  -7.7995557e+01  -3.5000000e+01  -7.4371089e+01   3.9776690e+01  -1.6158937e+01  -5.1000000e+01   3.1117359e+01
  -7.8543512e+01  -3.5000000e+01  -7.2598083e+01   4.3419122e+01  -1.3854364e+01  -5.1000000e+01   2.9603530e+01
  -8.0517288e+01  -3.5000000e+01  -7.1024019e+01   4.7012070e+01  -1.2002904e+01  -5.1000000e+01   2.8121737e+01
  -8.0682188e+01  -3.5000000e+01  -6.8484959e+01   5.0652808e+01  -1.0603116e+01  -5.1000000e+01   2.6697681e+01
  -8.3463266e+01  -3.5000000e+01  -6.7225745e+01   5.3959414e+01  -8.2970455e+00  -5.1000000e+01   2.4498050e+01
  -8.3661325e+01  -3.5000000e+01  -6.5113515e+01   5.7416206e+01  -6.5886587e+00  -5.1000000e+01   2.3091452e+01
  -8.3158733e+01  -3.5000000e+01  -6.3276390e+01   6.0161157e+01  -5.3061181e+00  -5.1000000e+01   2.0075957e+01
  -8.3449427e+01  -3.5000000e+01  -6.1327000e+01   6.2694627e+01  -3.9258353e+00  -5.1000000e+01   1.7871325e+01
  -8.4609978e+01  -3.5000000e+01  -6.1774384e+01   6.5477215e+01  -3.3115942e+00  -5.1000000e+01   1.5327831e+01
  -8.5102233e+01  -3.5000000e+01  -6.1224269e+01   6.7289652e+01  -2.6455057e+00  -5.1000000e+01   1.3665237e+01
  -8.4378056e+01  -3.5000000e+01  -6.0175696e+01   6.9392588e+01  -3.1052434e+00  -5.1000000e+01   1.2317342e+01
  -8.4510557e+01  -3.5000000e+01  -6.0183616e+01   7.1046008e+01  -3.2739249e+00  -5.1000000e+01   1.0610265e+01
  -8.4391732e+01  -3.5000000e+01  -5.9711829e+01   7.2376945e+01  -3.3393521e+00  -5.1000000e+01   8.6860005e+00
  -8.2992855e+01  -3.5000000e+01  -5.9087297e+01   7.3563394e+01  -3.5876789e+00  -5.1000000e+01   6.9030357e+00
  -8.1923466e+01  -3.5000000e+01  -5.8769167e+01   7.4458865e+01  -4.1459038e+00  -5.1000000e+01   6.0015949e+00
  -8.0425542e+01  -3.5000000e+01  -5.8426968e+01   7.5175976e+01  -5.3530853e+00  -5.1000000e+01   3.9766320e+00
  -8.0504659e+01  -3.5000000e+01  -5.8561491e+01   7.6012250e+01  -5.6815986e+00  -5.1000000e+01   1.4541081e+00
  -7.9539809e+01  -3.5000000e+01  -5.8356155e+01   7.6771425e+01  -6.1880631e+00  -5.1000000e+01  -1.7201420e-01
  -7.8918671e+01  -3.5000000e+01  -5.8088999e+01   7.7467437e+01  -6.8098813e+00  -5.1000000e+01  -1.8682321e+00
  -7.8415696e+01  -3.5000000e+01  -5.8440064e+01   7.7662237e+01  -6.4768764e+00  -5.1000000e+01  -3.6320238e+00
  -7.9373905e+01  -3.5000000e+01  -5.8831038e+01   7.8498850e+01  -5.4791864e+00  -5.1000000e+01  -7.0411179e+00
  -7.8648826e+01  -3.5000000e+01  -5.8443443e+01   7.9421798e+01  -4.8274391e+00  -5.1000000e+01  -9.2990060e+00
  -7.8962785e+01  -3.5000000e+01  -5.8074202e+01   8.1182208e+01  -4.9044037e+00  -5.1000000e+01  -1.2241787e+01
  -7.8369403e+01  -3.5000000e+01  -5.7937234e+01   8.1921009e+01  -4.5615822e+00  -5.1000000e+01  -1.3924726e+01
  -7.8204974e+01  -3.5000000e+01  -5.7722505e+01   8.2877926e+01  -4.3684838e+00  -5.1000000e+01  -1.6553342e+01
  -7.7499766e+01  -3.5000000e+01  -5.7897379e+01   8.4103758e+01  -4.5803559e+00  -5.1000000e+01  -1.7998616e+01
  -7.7660562e+01  -3.5000000e+01  -5.7635676e+01   8.5314691e+01  -4.2503739e+00  -5.1000000e+01  -2.1046343e+01
  -7.6072415e+01  -3.5000000e+01  -5.7479139e+01   8.6290487e+01  -5.3425737e+00  -5.1000000e+01  -2.2394446e+01
  -7.4898254e+01  -3.5000000e+01  -5.7554103e+01   8.7269470e+01  -6.5793149e+00  -5.1000000e+01  -2.5403789e+01
  -7.3987586e+01  -3.5000000e+01  -5.7653873e+01   8.8330571e+01  -8.0021459e+00  -5.1000000e+01  -2.8414113e+01
  -7.3022582e+01  -3.5000000e+01  -5.7552956e+01   8.9846077e+01  -9.2335631e+00  -5.1000000e+01  -3.2214636e+01
  -7.3297411e+01  -3.5000000e+01  -5.7979043e+01   9.1706463e+01  -1.0789373e+01  -5.1000000e+01  -3.5831314e+01
  -7.3341136e+01  -3.5000000e+01  -5.7780856e+01   9.3667247e+01  -1.1289554e+01  -5.1000000e+01  -4.0019893e+01
  -7.3028167e+01  -3.5000000e+01  -5.7406856e+01   9.5812272e+01  -1.1298687e+01  -5.1000000e+01  -4.3464010e+01
  -7.2722308e+01  -3.5000000e+01  -5.6477782e+01   9.8091428e+01  -1.1611569e+01  -5.1000000e+01  -4.6048496e+01
  -7.2686083e+01  -3.5000000e+01  -5.5895447e+01   1.0005824e+02  -1.1998642e+01  -5.1000000e+01  -4.9054223e+01
  -7.2322205e+01  -3.5000000e+01  -5.4918964e+01   1.0156145e+02  -1.2409147e+01  -5.1000000e+01  -5.1051152e+01
  -7.2817320e+01  -3.5000000e+01  -5.4577664e+01   1.0112821e+02  -1.0112308e+01  -5.1000000e+01  -5.2255589e+01
  -7.4007828e+01  -3.5000000e+01  -5.3896249e+01   1.0023684e+02  -8.3179903e+00  -5.1000000e+01  -5.0495155e+01
  -7.8126220e+01  -3.5000000e+01  -5.3492167e+01   9.9258566e+01  -7.8924869e+00  -5.1000000e+01  -4.6111414e+01
  -8.1738183e+01  -3.5000000e+01  -5.2473320e+01   9.7253240e+01  -8.0823396e+00  -5.1000000e+01  -4.0025121e+01
  -8.2601085e+01  -3.5000000e+01  -5.1007387e+01   9.4858007e+01  -1.2954124e+01  -5.1000000e+01  -3.2582265e+01
  -8.1368421e+01  -3.5000000e+01  -4.9538507e+01   9.2664240e+01  -1.8953130e+01  -5.1000000e+01  -2.3454924e+01
  -8.5641845e+01  -3.5000000e+01  -5.0109133e+01   8.9478587e+01  -2.0457383e+01  -5.1000000e+01  -1.4534082e+01
  -8.3733821e+01  -3.5000000e+01  -5.1377326e+01   8.5532922e+01  -2.3281308e+01  -5.1000000e+01  -5.0677956e+00
  -8.1841606e+01  -3.5000000e+01  -5.3658738e+01   8.0897101e+01  -2.6472196e+01  -5.1000000e+01   4.9609051e+00
  -8.2144661e+01  -3.5000000e+01  -5.7258631e+01   7.5787638e+01  -2.9470033e+01  -5.1000000e+01   1.4823662e+01
  -8.1659226e+01  -3.5000000e+01  -6.2487026e+01   7.0220648e+01  -3.2215577e+01  -5.1000000e+01   2.4639667e+01
  -7.7073327e+01  -3.5000000e+01  -6.7375686e+01   6.2887150e+01  -3.4875502e+01  -5.1000000e+01   3.3443674e+01
  -7.3989440e+01  -3.5000000e+01  -7.1543642e+01   5.5411766e+01  -3.7108574e+01  -5.1000000e+01   4.1108685e+01
  -6.8963149e+01  -3.5000000e+01  -7.6068196e+01   4.7845608e+01  -3.9957602e+01  -5.1000000e+01   4.6736899e+01
  -6.3561641e+01  -3.5000000e+01  -8.0575870e+01   3.9957441e+01  -4.2546792e+01  -5.1000000e+01   5.1277363e+01
  -5.7853104e+01  -3.5000000e+01  -8.4691409e+01   3.1149929e+01  -4.3497916e+01  -5.1000000e+01   5.6787081e+01
  -5.4192831e+01  -3.5000000e+01  -8.7579422e+01   2.1999127e+01  -4.4398142e+01  -5.1000000e+01   5.8310758e+01
  -5.1853864e+01  -3.5000000e+01  -9.2125839e+01   1.3589877e+01  -4.5149296e+01  -5.1000000e+01   5.6609632e+01
  -4.9143173e+01  -3.5000000e+01  -9.7404643e+01   5.5153245e+00  -4.4666988e+01  -5.1000000e+01   5.3197681e+01
  -4.6163417e+01  -3.5000000e+01  -1.0230574e+02  -1.5265452e+00  -4.3277017e+01  -5.1000000e+01   5.0070311e+01
  -4.3151955e+01  -3.5000000e+01  -1.0583700e+02  -6.6168988e+00  -4.0501801e+01  -5.1000000e+01   4.7340471e+01
  -3.8651073e+01  -3.5000000e+01  -1.0959552e+02  -1.0221131e+01  -3.7225029e+01  -5.1000000e+01   4.2795539e+01
  -4.1431968e+01  -3.5000000e+01  -1.1010984e+02  -1.1523124e+01  -3.5257768e+01  -5.1000000e+01   4.0255359e+01
  -4.0309693e+01  -3.5000000e+01  -1.0860495e+02  -1.1644577e+01  -3.2117897e+01  -5.1000000e+01   4.0772518e+01
  -4.4118140e+01  -3.5000000e+01  -1.0672666e+02  -9.7649009e+00  -3.0160267e+01  -5.1000000e+01   4.1151696e+01
  -5.1446038e+01  -3.5000000e+01  -9.8554550e+01  -6.1282430e+00  -3.0406575e+01  -5.1000000e+01   4.0109054e+01
  -6.0146293e+01  -3.5000000e+01  -9.4611417e+01   1.4950153e+00  -2.9770037e+01  -5.1000000e+01   4.1545863e+01
  -6.7918733e+01  -3.5000000e+01  -9.1248440e+01   8.2873301e+00  -2.6270090e+01  -5.1000000e+01   4.1069813e+01
  -7.6569814e+01  -3.5000000e+01  -8.2305701e+01   1.6015056e+01  -2.1586299e+01  -5.1000000e+01   4.1738325e+01
  -7.9246319e+01  -3.5000000e+01  -8.2351747e+01   2.3101842e+01  -1.7648561e+01  -5.1000000e+01   3.9026696e+01
  -7.7750927e+01  -3.5000000e+01  -7.9821716e+01   2.8314019e+01  -1.5543972e+01  -5.1000000e+01   3.6989349e+01
  -7.6238795e+01  -3.5000000e+01  -7.7142507e+01   3.3297039e+01  -1.5851531e+01  -5.1000000e+01   3.5084495e+01
  -7.6239580e+01  -3.5000000e+01  -7.7120144e+01   3.6753467e+01  -1.5401602e+01  -5.1000000e+01   3.3110097e+01
  -7.6396576e+01  -3.5000000e+01  -7.5426920e+01   3.9343503e+01  -1.4725794e+01  -5.1000000e+01   3.1320145e+01
  -7.6887536e+01  -3.5000000e+01  -7.2194295e+01   4.2398329e+01  -1.4029725e+01  -5.1000000e+01   3.0618293e+01
  -7.8529996e+01  -3.5000000e+01  -7.0621466e+01   4.5994820e+01  -1.3073525e+01  -5.1000000e+01   2.8629397e+01
  -8.0931390e+01  -3.5000000e+01  -6.8989552e+01   4.9649500e+01  -1.1426369e+01  -5.1000000e+01   2.6404589e+01
  -7.9200640e+01  -3.5000000e+01  -6.7263639e+01   5.2668894e+01  -1.1876641e+01  -5.1000000e+01   2.4441466e+01
  -8.1575006e+01  -3.5000000e+01  -6.7019753e+01   5.5160268e+01  -1.0583111e+01  -5.1000000e+01   2.1178774e+01
  -8.1161746e+01  -3.5000000e+01  -6.5716562e+01   5.7533645e+01  -9.8860487e+00  -5.1000000e+01   1.9377930e+01
  -8.0334250e+01  -3.5000000e+01  -6.4189624e+01   6.0025345e+01  -1.0654947e+01  -5.1000000e+01   1.7372843e+01
  -8.0597338e+01  -3.5000000e+01  -6.3013063e+01   6.2266354e+01  -1.0722078e+01  -5.1000000e+01   1.5291075e+01
  -7.9518670e+01  -3.5000000e+01  -6.1538726e+01   6.3648237e+01  -1.0856648e+01  -5.1000000e+01   1.3572625e+01
  -7.9820093e+01  -3.5000000e+01  -6.0443872e+01   6.5284795e+01  -1.0276702e+01  -5.1000000e+01   1.1530978e+01
  -8.0564421e+01  -3.5000000e+01  -6.0495212e+01   6.6841384e+01  -9.1510728e+00  -5.1000000e+01   8.7255387e+00
  -8.1060157e+01  -3.5000000e+01  -5.9224310e+01   6.8129396e+01  -7.1258342e+00  -5.1000000e+01   5.7294659e+00
  -8.2653825e+01  -3.5000000e+01  -5.8745008e+01   6.9786716e+01  -4.7278749e+00  -5.1000000e+01   2.7287835e+00
  -8.3831896e+01  -3.5000000e+01  -5.8611272e+01   7.1637923e+01  -2.2025859e+00  -5.1000000e+01  -3.2282006e-01
  -8.2103757e+01  -3.5000000e+01  -5.7588376e+01   7.3111716e+01  -1.7540148e+00  -5.1000000e+01  -2.8260760e+00
  -8.2350381e+01  -3.5000000e+01  -5.8262702e+01   7.4049314e+01  -1.4212756e+00  -5.1000000e+01  -6.1259696e+00
  -8.1875485e+01  -3.5000000e+01  -5.7851217e+01   7.5431345e+01  -1.7863402e+00  -5.1000000e+01  -8.3031468e+00
  -8.1439630e+01  -3.5000000e+01  -5.7300705e+01   7.6633294e+01  -1.5444876e+00  -5.1000000e+01  -1.1308641e+01
  -8.0165985e+01  -3.5000000e+01  -5.6584408e+01   7.8235162e+01  -2.2395651e+00  -5.1000000e+01  -1.3819840e+01
  -7.8639278e+01  -3.5000000e+01  -5.5560999e+01   8.0040032e+01  -3.9278477e+00  -5.1000000e+01  -1.5834267e+01
  -7.7664540e+01  -3.5000000e+01  -5.4590452e+01   8.2202123e+01  -5.1403876e+00  -5.1000000e+01  -1.8889430e+01
  -7.6211278e+01  -3.5000000e+01  -5.3576019e+01   8.4315151e+01  -7.3696280e+00  -5.1000000e+01  -2.1584819e+01
  -7.5759434e+01  -3.5000000e+01  -5.3143649e+01   8.6048379e+01  -7.4780300e+00  -5.1000000e+01  -2.5364966e+01
  -7.5070804e+01  -3.5000000e+01  -5.2732924e+01   8.8099619e+01  -7.9129529e+00  -5.1000000e+01  -2.7611015e+01
  -7.4534803e+01  -3.5000000e+01  -5.2698152e+01   8.9227508e+01  -8.6149015e+00  -5.1000000e+01  -2.9923057e+01
  -7.4130192e+01  -3.5000000e+01  -5.2484510e+01   9.0830928e+01  -9.6348971e+00  -5.1000000e+01  -3.1367851e+01
  -7.4026078e+01  -3.5000000e+01  -5.2359032e+01   9.1342204e+01  -9.3399969e+00  -5.1000000e+01  -3.3598754e+01
  -7.4269386e+01  -3.5000000e+01  -5.1701620e+01   9.1941342e+01  -8.6666431e+00  -5.1000000e+01  -3.4594131e+01
  -7.3711086e+01  -3.5000000e+01  -5.1601598e+01   9.2522627e+01  -8.0115895e+00  -5.1000000e+01  -3.6957078e+01
  -7.4042416e+01  -3.5000000e+01  -5.1174215e+01   9.3487845e+01  -7.1229841e+00  -5.1000000e+01  -3.8630453e+01
  -7.4070225e+01  -3.5000000e+01  -5.0592024e+01   9.4341569e+01  -6.6562645e+00  -5.1000000e+01  -4.0028923e+01
  -7.4554238e+01  -3.5000000e+01  -5.0813469e+01   9.5238554e+01  -5.8915401e+00  -5.1000000e+01  -4.2258905e+01
  -7.4686058e+01  -3.5000000e+01  -5.0558713e+01   9.5912952e+01  -4.7099532e+00  -5.1000000e+01  -4.4062068e+01
  -7.4863573e+01  -3.5000000e+01  -4.9396262e+01   9.5478592e+01  -3.2682025e+00  -5.1000000e+01  -4.3109895e+01
  -7.8137584e+01  -3.5000000e+01  -4.8177398e+01   9.3068669e+01  -2.7161747e+00  -5.1000000e+01  -3.9902752e+01
  -8.1881738e+01  -3.5000000e+01  -4.7870114e+01   9.0218773e+01  -5.5295928e+00  -5.1000000e+01  -3.4512349e+01
  -8.3714653e+01  -3.5000000e+01  -4.6850778e+01   8.6809711e+01  -8.9212812e+00  -5.1000000e+01  -2.7792138e+01
  -8.4846917e+01  -3.5000000e+01  -4.7419604e+01   8.4244346e+01  -1.2974852e+01  -5.1000000e+01  -1.9884998e+01
  -8.5209522e+01  -3.5000000e+01  -4.9555024e+01   8.2080640e+01  -1.8004768e+01  -5.1000000e+01  -1.1056026e+01
  -8.2523875e+01  -3.5000000e+01  -5.0887636e+01   7.8847417e+01  -2.3699770e+01  -5.1000000e+01  -1.4510712e+00
  -7.8010708e+01  -3.5000000e+01  -5.3087205e+01   7.5385987e+01  -3.0775467e+01  -5.1000000e+01   8.2258076e+00
  -7.5870279e+01  -3.5000000e+01  -5.6344266e+01   7.1050288e+01  -3.7435064e+01  -5.1000000e+01   1.6820282e+01
  -6.8863898e+01  -3.5000000e+01  -5.9185933e+01   6.4851797e+01  -4.4449116e+01  -5.1000000e+01   2.4635005e+01
  -6.4579980e+01  -3.5000000e+01  -6.6770619e+01   5.8038824e+01  -5.0896374e+01  -5.1000000e+01   3.2382181e+01
  -6.5516309e+01  -3.5000000e+01  -7.1458178e+01   5.0197756e+01  -5.4025223e+01  -5.1000000e+01   3.8949723e+01
  -6.4703213e+01  -3.5000000e+01  -7.5504303e+01   4.1925907e+01  -5.3635908e+01  -5.1000000e+01   4.5286050e+01
  -6.4156944e+01  -3.5000000e+01  -7.9575897e+01   3.3739113e+01  -5.2573310e+01  -5.1000000e+01   4.8281445e+01
  -6.1612527e+01  -3.5000000e+01  -8.4635907e+01   2.5502297e+01  -5.1557379e+01  -5.1000000e+01   4.8940266e+01
  -5.7291050e+01  -3.5000000e+01  -8.9793569e+01   1.6838403e+01  -5.0710196e+01  -5.1000000e+01   4.9067805e+01
  -5.0883123e+01  -3.5000000e+01  -9.6585710e+01   8.5348070e+00  -5.0648445e+01  -5.1000000e+01   4.7661993e+01
  -4.4123338e+01  -3.5000000e+01  -9.8125719e+01  -5.8848422e-01  -4.6662165e+01  -5.1000000e+01   5.4217665e+01
  -3.9534024e+01  -3.5000000e+01  -1.0039186e+02  -8.8906249e+00  -4.3092386e+01  -5.1000000e+01   5.5557034e+01
  -3.6238883e+01  -3.5000000e+01  -1.0320464e+02  -1.4854928e+01  -3.9260306e+01  -5.1000000e+01   5.3610446e+01
  -3.6872155e+01  -3.5000000e+01  -1.0195075e+02  -1.4936300e+01  -3.5156317e+01  -5.1000000e+01   4.9341862e+01
  -4.5524908e+01  -3.5000000e+01  -9.5690214e+01  -1.1526893e+01  -3.3804548e+01  -5.1000000e+01   4.7131222e+01
  -4.9062883e+01  -3.5000000e+01  -9.1902377e+01  -6.2146529e+00  -3.1676683e+01  -5.1000000e+01   4.8216997e+01
  -4.9001943e+01  -3.5000000e+01  -9.0465584e+01  -1.7845426e+00  -3.1459436e+01  -5.1000000e+01   4.6362428e+01
  -5.1401383e+01  -3.5000000e+01  -8.8798537e+01   2.9203647e+00  -3.1214670e+01  -5.1000000e+01   4.5038511e+01
  -5.6957896e+01  -3.5000000e+01  -8.6806763e+01   6.9488367e+00  -2.9538942e+01  -5.1000000e+01   4.2100959e+01
  -6.4350659e+01  -3.5000000e+01  -8.2548422e+01   1.0707488e+01  -2.6211362e+01  -5.1000000e+01   4.0721640e+01
  -6.1469325e+01  -3.5000000e+01  -8.3683739e+01   1.5100511e+01  -2.4405872e+01  -5.1000000e+01   3.8467772e+01
  -6.1496246e+01  -3.5000000e+01  -8.2277545e+01   1.9212528e+01  -2.4429326e+01  -5.1000000e+01   3.6188641e+01
  -6.8342816e+01  -3.5000000e+01  -7.9841058e+01   2.3063308e+01  -2.0808842e+01  -5.1000000e+01   3.3255098e+01
  -6.9314795e+01  -3.5000000e+01  -7.7180457e+01   2.8968110e+01  -1.8848531e+01  -5.1000000e+01   3.0654602e+01
  -6.5840990e+01  -3.5000000e+01  -7.6801116e+01   3.3804888e+01  -1.9955739e+01  -5.1000000e+01   2.6717003e+01
  -6.4854163e+01  -3.5000000e+01  -7.5953310e+01   3.6411786e+01  -2.1197291e+01  -5.1000000e+01   2.3564468e+01
  -6.2294192e+01  -3.5000000e+01  -7.4427287e+01   3.8582635e+01  -2.2775371e+01  -5.1000000e+01   2.1207235e+01
  -6.1393394e+01  -3.5000000e+01  -7.3918883e+01   4.0249121e+01  -2.4321178e+01  -5.1000000e+01   1.8854818e+01
  -6.0630509e+01  -3.5000000e+01  -7.3495090e+01   4.1871914e+01  -2.5608644e+01  -5.1000000e+01   1.7466606e+01
  -6.2530391e+01  -3.5000000e+01  -7.0908201e+01   4.4474339e+01  -2.3904323e+01  -5.1000000e+01   1.5815686e+01
  -6.4411158e+01  -3.5000000e+01  -6.9403689e+01   4.7728055e+01  -2.2735834e+01  -5.1000000e+01   1.3136338e+01
  -6.5300063e+01  -3.5000000e+01  -6.6789244e+01   5.1451776e+01  -2.1320654e+01  -5.1000000e+01   1.0832647e+01
  -6.6639785e+01  -3.5000000e+01  -6.4393897e+01   5.5231806e+01  -1.9807929e+01  -5.1000000e+01   8.2800691e+00
  -7.0268937e+01  -3.5000000e+01  -6.4884375e+01   5.8646841e+01  -1.7116233e+01  -5.1000000e+01   4.6638475e+00
  -7.0397142e+01  -3.5000000e+01  -6.3746314e+01   6.0885994e+01  -1.4987625e+01  -5.1000000e+01   2.1814746e+00
  -7.0914787e+01  -3.5000000e+01  -6.2442466e+01   6.3129617e+01  -1.2997027e+01  -5.1000000e+01  -1.0991648e+00
  -7.1500192e+01  -3.5000000e+01  -6.2296516e+01   6.5203072e+01  -1.1509430e+01  -5.1000000e+01  -4.4044346e+00
  -7.1472283e+01  -3.5000000e+01  -6.1746245e+01   6.7043595e+01  -9.8823713e+00  -5.1000000e+01  -7.9655588e+00
  -7.2197772e+01  -3.5000000e+01  -6.1440630e+01   6.9004835e+01  -8.5659758e+00  -5.1000000e+01  -1.1486478e+01
  -7.1992926e+01  -3.5000000e+01  -6.0915096e+01   7.1151122e+01  -7.8769162e+00  -5.1000000e+01  -1.5064751e+01
  -7.2651029e+01  -3.5000000e+01  -5.9981909e+01   7.3847004e+01  -6.8131085e+00  -5.1000000e+01  -1.9036918e+01
  -7.3611094e+01  -3.5000000e+01  -5.8450836e+01   7.7412111e+01  -4.8550175e+00  -5.1000000e+01  -2.3514981e+01
  -7.3323314e+01  -3.5000000e+01  -5.6912892e+01   8.0752903e+01  -4.1443348e+00  -5.1000000e+01  -2.6972156e+01
  -7.2127028e+01  -3.5000000e+01  -5.5089951e+01   8.3683619e+01  -5.6841600e+00  -5.1000000e+01  -2.9933215e+01
  -7.2091715e+01  -3.5000000e+01  -5.4467763e+01   8.6240092e+01  -5.6205469e+00  -5.1000000e+01  -3.4154592e+01
  -7.2846599e+01  -3.5000000e+01  -5.3329937e+01   8.8565268e+01  -5.2337154e+00  -5.1000000e+01  -3.6764518e+01
  -7.3206955e+01  -3.5000000e+01  -5.2216149e+01   9.0247011e+01  -4.7552685e+00  -5.1000000e+01  -3.8936886e+01
  -7.2939081e+01  -3.5000000e+01  -5.0303845e+01   9.0720141e+01  -4.5119586e+00  -5.1000000e+01  -3.9083037e+01
  -7.2931315e+01  -3.5000000e+01  -4.9422896e+01   9.0903812e+01  -4.0453991e+00  -5.1000000e+01  -3.8646947e+01
  -7.4295494e+01  -3.5000000e+01  -4.8846190e+01   9.1201797e+01  -3.9883699e+00  -5.1000000e+01  -3.8071602e+01
  -7.7792374e+01  -3.5000000e+01  -4.8914742e+01   9.0354183e+01  -4.4860908e+00  -5.1000000e+01  -3.5390065e+01
  -8.1818461e+01  -3.5000000e+01  -4.8215602e+01   8.9251589e+01  -7.3262594e+00  -5.1000000e+01  -2.9853997e+01
  -8.3792259e+01  -3.5000000e+01  -4.6782571e+01   8.7738562e+01  -1.0093606e+01  -5.1000000e+01  -2.2594561e+01
  -8.5416386e+01  -3.5000000e+01  -4.6748339e+01   8.7332189e+01  -1.3807172e+01  -5.1000000e+01  -1.4193726e+01
  -8.6877860e+01  -3.5000000e+01  -4.7625322e+01   8.5615566e+01  -1.5547863e+01  -5.1000000e+01  -6.0987770e+00
  -8.6099996e+01  -3.5000000e+01  -4.7945910e+01   8.3291664e+01  -1.8252975e+01  -5.1000000e+01   3.1022536e+00
  -8.6720650e+01  -3.5000000e+01  -4.8811143e+01   7.8361226e+01  -1.9641472e+01  -5.1000000e+01   1.1958782e+01
  -8.7965858e+01  -3.5000000e+01  -5.1833902e+01   7.4575640e+01  -2.3447899e+01  -5.1000000e+01   1.9066266e+01
  -8.3625445e+01  -3.5000000e+01  -5.4201692e+01   7.0910137e+01  -3.0374169e+01  -5.1000000e+01   2.5296509e+01
  -7.5007537e+01  -3.5000000e+01  -5.7745549e+01   6.7463997e+01  -3.8801763e+01  -5.1000000e+01   3.0869487e+01
  -6.5307562e+01  -3.5000000e+01  -6.0611859e+01   6.1593615e+01  -4.7291025e+01  -5.1000000e+01   3.5995961e+01
  -5.9307497e+01  -3.5000000e+01  -6.5523658e+01   5.4046573e+01  -5.4153153e+01  -5.1000000e+01   3.9783839e+01
