   4.4378823e+01   6.1837309e+01  -1.4297027e+02   6.0863561e+01   2.3228359e+01  -3.1210248e+01  -6.2377484e+00
   4.5131071e+01   5.9907060e+01  -1.4190359e+02   5.7751856e+01   2.1227209e+01  -2.7967850e+01  -1.0964308e+01
   4.7278978e+01   6.1951847e+01  -1.4113378e+02   6.4446419e+01   2.0628041e+01  -3.1867871e+01  -1.5762912e+01
   4.9175742e+01   6.3631072e+01  -1.4011981e+02   6.4993087e+01   1.9157128e+01  -2.9995433e+01  -2.1229021e+01
   5.1437083e+01   6.1309638e+01  -1.4492449e+02   7.7947971e+01   1.5728378e+01  -3.9164459e+01  -2.3243766e+01
   5.0436946e+01   5.8903960e+01  -1.4408879e+02   7.5526956e+01   1.5880039e+01  -3.6740427e+01  -2.5847584e+01
   5.1210128e+01   6.3170787e+01  -1.3916574e+02   7.2262216e+01   2.0111765e+01  -3.1345936e+01  -3.2528797e+01
   5.2837380e+01   6.8263064e+01  -1.3553373e+02   6.9019144e+01   2.3484890e+01  -2.5537070e+01  -3.7397052e+01
   5.1945888e+01   6.7561227e+01  -1.3153307e+02   5.7128970e+01   2.4266894e+01  -1.4809928e+01  -4.2382023e+01
   4.9205227e+01   5.7858932e+01  -1.3245203e+02   5.4209538e+01   2.1411555e+01  -1.4331329e+01  -4.3173746e+01
   4.9457364e+01   6.0067986e+01  -1.3069029e+02   5.4335055e+01   2.3293867e+01  -1.2970962e+01  -4.6869791e+01
   4.9453604e+01   6.2840387e+01  -1.2702376e+02   4.9135558e+01   2.6997241e+01  -8.0360587e+00  -4.9480612e+01
   5.1334624e+01   6.5629550e+01  -1.2644017e+02   5.5460991e+01   2.6855872e+01  -1.3521737e+01  -5.1329474e+01
   5.4738819e+01   7.2095586e+01  -1.2496057e+02   5.9305182e+01   3.1040129e+01  -1.4021388e+01  -5.5451123e+01
   5.9890747e+01   8.0052998e+01  -1.2185980e+02   5.9853690e+01   3.2138691e+01  -1.3585303e+01  -5.8976976e+01
   6.4870232e+01   8.4497785e+01  -1.2055028e+02   6.0517003e+01   2.2546760e+01  -1.3827374e+01  -6.3364385e+01
   6.3803877e+01   8.2079701e+01  -1.2156621e+02   6.2974425e+01   2.1367442e+01  -1.5560141e+01  -6.4029692e+01
   6.5211164e+01   8.3283596e+01  -1.2131411e+02   6.4312868e+01   1.9731489e+01  -1.6728726e+01  -6.4532307e+01
   6.5116301e+01   8.2984048e+01  -1.2055868e+02   6.3204290e+01   2.2626681e+01  -1.5606751e+01  -6.5619333e+01
   7.1368147e+01   9.0972593e+01  -1.2133709e+02   7.1186249e+01   2.0487495e+01  -2.0785086e+01  -6.7880601e+01
   7.0256891e+01   9.2082520e+01  -1.2176627e+02   7.3138275e+01   3.4356824e+01  -2.1444859e+01  -6.6802069e+01
   7.4758423e+01   9.7267676e+01  -1.2158809e+02   7.1710771e+01   2.9550298e+01  -1.9411232e+01  -6.9036981e+01
   7.5360972e+01   9.9494582e+01  -1.2277850e+02   7.0678082e+01   3.6868750e+01  -1.6401111e+01  -6.8642409e+01
   7.3243482e+01   9.1862765e+01  -1.2416808e+02   7.5909795e+01   2.8710454e+01  -2.1566023e+01  -6.9673541e+01
   7.1798070e+01   9.0116371e+01  -1.2462044e+02   7.7325026e+01   3.0660907e+01  -2.2680804e+01  -6.8244382e+01
   7.6167815e+01   1.0021320e+02  -1.2391865e+02   7.7589341e+01   3.6300512e+01  -2.2406479e+01  -6.7752026e+01
   7.6395074e+01   9.9828176e+01  -1.2101738e+02   6.5788576e+01   2.7149911e+01  -1.5837435e+01  -6.5470377e+01
   6.4687180e+01   8.5828177e+01  -1.2905942e+02   7.7086910e+01   2.7175314e+01  -2.9837429e+01  -5.1470378e+01
   5.3268015e+01   7.1828177e+01  -1.3553797e+02   7.0590538e+01   3.0053728e+01  -2.9261729e+01  -3.7470378e+01
   4.4790699e+01   5.8880503e+01  -1.4157412e+02   5.6590538e+01   2.8520572e+01  -2.4968065e+01  -2.3470378e+01
   4.2497348e+01   4.4880503e+01  -1.4573763e+02   4.2590538e+01   2.0243757e+01  -2.6330038e+01  -1.2609523e+01
   4.0643535e+01   4.0810639e+01  -1.5005360e+02   3.1391587e+01   1.9056619e+01  -2.3330959e+01  -1.7947972e+00
   3.7819159e+01   3.8557154e+01  -1.5169646e+02   2.9959747e+01   1.7175961e+01  -2.9875170e+01   8.8863597e+00
   3.6437613e+01   3.7817592e+01  -1.5641739e+02   3.8668247e+01   1.4247065e+01  -4.3875170e+01   1.6832866e+01
   3.4207210e+01   3.2074443e+01  -1.5784225e+02   3.7913819e+01   1.3934360e+01  -5.5131548e+01   2.5744276e+01
   2.8490188e+01   2.5517543e+01  -1.5660777e+02   2.3913819e+01   1.5604471e+01  -5.2822005e+01   2.5461285e+01
   2.7187571e+01   1.8697609e+01  -1.5549823e+02   1.2528620e+01   1.4169709e+01  -5.1791626e+01   3.2833679e+01
   2.2792892e+01   1.1020618e+01  -1.5566904e+02   1.8532249e+01   1.5744376e+01  -6.4606207e+01   3.3856390e+01
   1.9489879e+01   9.1683689e+00  -1.5873284e+02   4.5322495e+00   1.6703662e+01  -5.2677473e+01   3.8773696e+01
   1.8018158e+01   1.4050776e+01  -1.6456139e+02  -4.3883976e+00   1.9723728e+01  -4.3217709e+01   4.6221594e+01
   2.0850527e+01   1.6299958e+01  -1.6395719e+02  -8.0819861e-01   9.1460498e+00  -4.5633869e+01   4.7511853e+01
   1.9676166e+01   1.8046030e+01  -1.6651031e+02   3.7442502e+00   1.2661182e+01  -4.9023270e+01   5.4370943e+01
   1.7905830e+01   1.1273606e+01  -1.6372102e+02  -6.0991437e+00   1.0888730e+01  -4.5932457e+01   5.3563412e+01
   1.9377096e+01   1.8217411e+01  -1.6583465e+02   7.4080177e+00   1.1963928e+01  -5.0617844e+01   5.2902982e+01
   1.7260395e+01   1.6382102e+01  -1.6466903e+02   2.8099956e+00   1.3893801e+01  -4.4682459e+01   5.3319906e+01
   1.7772987e+01   1.9599802e+01  -1.6416343e+02   4.7178965e+00   1.4257176e+01  -4.2739010e+01   5.3584855e+01
   1.8055908e+01   1.7655581e+01  -1.6197953e+02   1.0547756e+00   1.3480906e+01  -4.0881805e+01   5.1987434e+01
   1.6993614e+01   1.8452089e+01  -1.6250648e+02   8.2199189e-01   1.6728032e+01  -3.9186533e+01   5.1576888e+01
   1.7293286e+01   1.8298460e+01  -1.6189060e+02   2.3351783e-01   1.7521275e+01  -3.7640106e+01   5.1615373e+01
   1.5670156e+01   1.8555800e+01  -1.6195127e+02  -2.4417730e-01   1.8953389e+01  -3.6704596e+01   4.9764969e+01
   1.6817166e+01   2.0724126e+01  -1.6140178e+02   6.1007865e+00   1.8629707e+01  -3.8708950e+01   4.9057921e+01
   2.0773615e+01   2.5765080e+01  -1.6136310e+02   1.4844191e+01   1.5016190e+01  -4.1487806e+01   4.7546731e+01
   2.1389109e+01   2.7845523e+01  -1.6230615e+02   2.1480517e+01   1.7988535e+01  -4.8079529e+01   4.5225943e+01
   2.0858936e+01   2.8321423e+01  -1.6373804e+02   1.7698804e+01   2.0316055e+01  -4.2407628e+01   4.7212574e+01
   2.1037581e+01   3.2650801e+01  -1.6559098e+02   2.4458546e+01   2.0612376e+01  -4.2359123e+01   4.6900571e+01
   2.4918658e+01   3.6489267e+01  -1.6441617e+02   3.8458546e+01   1.6059094e+01  -5.1952576e+01   4.5255650e+01
   2.6207628e+01   4.4054978e+01  -1.6616719e+02   4.8351350e+01   1.6712740e+01  -5.4737278e+01   4.4646663e+01
   2.8293672e+01   4.9274295e+01  -1.6791755e+02   6.2351350e+01   1.5772372e+01  -6.3859584e+01   4.4387804e+01
   2.8733249e+01   4.2156130e+01  -1.6346558e+02   5.2161236e+01   1.3252354e+01  -6.0631465e+01   4.3918286e+01
   2.5472616e+01   2.8156130e+01  -1.5096971e+02   4.4989436e+01   7.0768284e+00  -6.9341825e+01   4.2420808e+01
   2.0508476e+01   2.0568025e+01  -1.5350995e+02   3.0989436e+01   1.1743661e+01  -5.9418200e+01   4.0841934e+01
   2.3504027e+01   2.3096191e+01  -1.5361526e+02   2.9936140e+01   9.5681662e+00  -5.5859886e+01   4.0468155e+01
   2.3474372e+01   2.0145403e+01  -1.5178783e+02   2.8675176e+01   8.8289960e+00  -5.6494932e+01   4.0273530e+01
   2.6336646e+01   2.6606363e+01  -1.5394415e+02   3.7187015e+01   8.6432912e+00  -5.8230542e+01   3.9602671e+01
   2.5969397e+01   2.7492398e+01  -1.5467433e+02   2.7094808e+01   1.0444918e+01  -4.7103784e+01   3.9889484e+01
   2.8446582e+01   3.4408659e+01  -1.5725947e+02   3.5466541e+01   1.1016779e+01  -4.8528664e+01   3.9167087e+01
   2.8960146e+01   3.5333741e+01  -1.5753752e+02   4.1955252e+01   1.0585976e+01  -5.2725431e+01   3.7286626e+01
   3.0462110e+01   3.9451929e+01  -1.5906799e+02   4.2648038e+01   1.1088948e+01  -4.8609610e+01   3.6312414e+01
   3.2146953e+01   3.9558906e+01  -1.5839240e+02   4.3650666e+01   9.6358701e+00  -4.8861610e+01   3.4469311e+01
   3.5743263e+01   3.8985989e+01  -1.5787556e+02   5.7650666e+01   5.6411316e+00  -6.1796799e+01   3.3200860e+01
   3.5893025e+01   4.0248550e+01  -1.5759011e+02   6.9417632e+01   5.9004459e+00  -7.1349162e+01   3.1417526e+01
   3.3657392e+01   4.4143351e+01  -1.5958049e+02   7.6389096e+01   9.7480302e+00  -7.4014951e+01   3.0527579e+01
   3.4526197e+01   4.7000476e+01  -1.6085071e+02   7.4725287e+01   9.9204944e+00  -6.8682244e+01   2.9917390e+01
   3.4965235e+01   4.6296717e+01  -1.6016196e+02   7.2304306e+01   9.7102376e+00  -6.6339860e+01   2.8836233e+01
   3.4652161e+01   4.6370628e+01  -1.5871377e+02   6.8732372e+01   9.9498628e+00  -6.2619243e+01   2.5946217e+01
   3.4720667e+01   4.8527782e+01  -1.5974186e+02   7.8591049e+01   1.1596202e+01  -6.8706341e+01   2.4420693e+01
   3.5270420e+01   5.0296089e+01  -1.5992796e+02   7.6795116e+01   1.1851744e+01  -6.4402935e+01   2.2408710e+01
   3.4859303e+01   4.9562961e+01  -1.5856091e+02   6.7451279e+01   1.3353870e+01  -5.4918897e+01   2.0972294e+01
   3.5569071e+01   4.9120696e+01  -1.5875698e+02   7.0367209e+01   1.2654037e+01  -5.6528829e+01   1.9357020e+01
   3.5564749e+01   4.7723973e+01  -1.5690899e+02   6.2966953e+01   1.2851727e+01  -4.9711835e+01   1.7156641e+01
   3.6666075e+01   4.3024638e+01  -1.5397145e+02   6.1257450e+01   9.7381400e+00  -5.1765989e+01   1.5145201e+01
   3.5107882e+01   4.5124656e+01  -1.5327945e+02   6.3219445e+01   1.2586631e+01  -5.1395788e+01   1.2460013e+01
   3.5552202e+01   4.7096676e+01  -1.5266507e+02   6.3254634e+01   1.3219073e+01  -4.8379918e+01   9.3453913e+00
   3.6740383e+01   4.8411971e+01  -1.5268160e+02   5.8628047e+01   1.2510226e+01  -4.0471218e+01   5.2360067e+00
   3.6772595e+01   4.6846633e+01  -1.5004984e+02   5.5613645e+01   1.2291542e+01  -3.8397859e+01   2.3242111e+00
   3.6194030e+01   4.8504973e+01  -1.4863599e+02   5.2286946e+01   1.4889742e+01  -3.2661871e+01  -3.0240771e-01
   3.8214883e+01   5.0714953e+01  -1.4933566e+02   5.6404805e+01   1.4367961e+01  -3.3384649e+01  -3.1173896e+00
   4.0444364e+01   4.8467556e+01  -1.4864597e+02   5.8603226e+01   1.1175719e+01  -3.5062912e+01  -6.8463511e+00
   4.1219699e+01   4.6874073e+01  -1.4733434e+02   6.0103876e+01   9.9505673e+00  -3.6418583e+01  -9.2423064e+00
   4.0851854e+01   5.1330195e+01  -1.4684895e+02   5.7402706e+01   1.3837654e+01  -2.8690264e+01  -1.3300483e+01
   4.1883486e+01   5.1117508e+01  -1.4618402e+02   5.5897961e+01   1.3945539e+01  -2.5340126e+01  -1.6492425e+01
   4.1715823e+01   4.8754856e+01  -1.4531868e+02   5.7224979e+01   1.2512044e+01  -2.7258125e+01  -1.8562644e+01
   3.9901586e+01   5.3083925e+01  -1.4285156e+02   5.6284579e+01   1.8394009e+01  -2.3504997e+01  -2.1389221e+01
   4.2418275e+01   5.3781524e+01  -1.4375167e+02   6.5615877e+01   1.6786099e+01  -3.0325074e+01  -2.3627674e+01
   4.1951114e+01   5.3678145e+01  -1.4288324e+02   6.3719539e+01   1.8584799e+01  -2.7634906e+01  -2.5748334e+01
   4.1552407e+01   5.1325749e+01  -1.4222637e+02   5.9457487e+01   1.8166251e+01  -2.4595300e+01  -2.6177701e+01
   4.1612539e+01   5.2302572e+01  -1.4043484e+02   5.6546668e+01   1.8589648e+01  -2.0296892e+01  -2.9866827e+01
   4.0782885e+01   5.0013538e+01  -1.3960764e+02   5.7180260e+01   1.8505908e+01  -2.2166279e+01  -3.0995572e+01
   4.1128454e+01   4.9840574e+01  -1.3747568e+02   6.0928182e+01   1.7135523e+01  -2.6267386e+01  -3.3481180e+01
   4.1891202e+01   5.0860113e+01  -1.3791970e+02   6.0933522e+01   1.8348274e+01  -2.4601027e+01  -3.4710526e+01
   4.1197043e+01   5.1954773e+01  -1.3762237e+02   6.1055338e+01   2.1198927e+01  -2.3215895e+01  -3.6732255e+01
   4.3314473e+01   4.6752409e+01  -1.4126053e+02   7.0176503e+01   1.5300476e+01  -3.2450820e+01  -3.6706178e+01
   4.3152552e+01   4.4787178e+01  -1.4110918e+02   6.9553717e+01   1.3607590e+01  -3.2381422e+01  -3.8837949e+01
   4.4402597e+01   4.7244186e+01  -1.4135300e+02   7.7662020e+01   1.3573950e+01  -3.7350652e+01  -4.2544062e+01
   4.3457781e+01   4.2854587e+01  -1.4129262e+02   6.9399912e+01   1.2150337e+01  -3.0535532e+01  -4.3559953e+01
   4.1926618e+01   3.9384409e+01  -1.4092829e+02   6.8095251e+01   1.3205548e+01  -3.1324765e+01  -4.3042867e+01
   4.3127728e+01   3.8692227e+01  -1.4275106e+02   7.1938216e+01   1.0468505e+01  -3.4742818e+01  -4.3941513e+01
   4.4857371e+01   4.0183379e+01  -1.4501649e+02   8.1120331e+01   9.0929931e+00  -4.1932415e+01  -4.3723376e+01
   4.6270080e+01   4.3211812e+01  -1.4436004e+02   7.6630569e+01   8.1807018e+00  -3.8216127e+01  -4.0830321e+01
   4.6439441e+01   4.4186120e+01  -1.4682167e+02   6.8659451e+01   8.7902027e+00  -3.4180884e+01  -3.1286307e+01
   4.6259040e+01   4.3666105e+01  -1.4929074e+02   6.7065164e+01   8.6408445e+00  -4.1101486e+01  -1.8381685e+01
   4.2605634e+01   4.1154552e+01  -1.5084529e+02   5.3125846e+01   1.0995396e+01  -3.6547628e+01  -5.9013466e+00
   4.1838501e+01   4.2639366e+01  -1.5454427e+02   5.8339828e+01   1.2596574e+01  -4.5597219e+01   4.3015559e+00
   3.9550092e+01   4.1553310e+01  -1.5696689e+02   6.7531852e+01   1.2806926e+01  -5.9597219e+01   9.0134833e+00
   3.7884642e+01   4.0105035e+01  -1.5980127e+02   6.7391257e+01   1.1990527e+01  -6.4957319e+01   1.5754576e+01
   3.4668655e+01   4.1222767e+01  -1.6160139e+02   6.2906295e+01   1.3000991e+01  -6.4721924e+01   2.0361856e+01
   3.1221996e+01   3.0670646e+01  -1.5990186e+02   5.5242510e+01   1.3219865e+01  -7.3716532e+01   3.1200371e+01
   2.7166423e+01   2.2482236e+01  -1.5811772e+02   4.1242510e+01   1.2726909e+01  -7.2239916e+01   3.5357794e+01
   2.4690690e+01   1.7685768e+01  -1.5736480e+02   3.2905290e+01   1.1031889e+01  -7.2177071e+01   3.8004664e+01
   2.1681162e+01   1.2885690e+01  -1.5676809e+02   1.8905290e+01   1.0889651e+01  -6.4334033e+01   4.0099931e+01
   1.6137925e+01   1.2157169e+01  -1.6072485e+02   4.9052901e+00   1.5365776e+01  -5.0476550e+01   4.0727965e+01
   1.5576242e+01   1.1930504e+01  -1.6031488e+02  -5.3920280e+00   1.3007834e+01  -3.9051367e+01   4.5806736e+01
   1.5432984e+01   1.3801083e+01  -1.5938498e+02  -5.2707398e-01   1.1913880e+01  -4.2269101e+01   4.6742638e+01
   1.8669401e+01   1.7514209e+01  -1.5942261e+02   8.1684435e+00   1.0408735e+01  -4.5969856e+01   4.7579239e+01
   1.5565211e+01   1.7707986e+01  -1.6040119e+02   1.2578483e+00   1.5585377e+01  -3.7680711e+01   4.6644170e+01
   1.8662679e+01   2.1988216e+01  -1.6043735e+02   9.9666191e+00   1.3273376e+01  -4.1671700e+01   4.5909447e+01
   2.1152667e+01   2.0233599e+01  -1.5734395e+02   1.5047832e+01   9.3034416e+00  -4.8119444e+01   4.4050375e+01
   2.3265946e+01   2.4346112e+01  -1.5915944e+02   2.5299897e+01   9.1796115e+00  -5.4227752e+01   4.3748066e+01
   2.3038171e+01   2.4598985e+01  -1.5826938e+02   3.0008244e+01   9.3659850e+00  -5.7740665e+01   4.1907897e+01
   2.9489492e+01   2.6992784e+01  -1.5681085e+02   3.6479021e+01   3.3482026e+00  -6.1632270e+01   4.1808546e+01
   2.6345448e+01   2.7551368e+01  -1.5752536e+02   2.5217636e+01   7.6189390e+00  -4.8851643e+01   4.1004762e+01
   2.7019817e+01   3.0737718e+01  -1.5911297e+02   3.3972372e+01   7.7255143e+00  -5.4383763e+01   4.0936389e+01
   2.7636576e+01   2.6892687e+01  -1.5679055e+02   4.3847734e+01   5.4775170e+00  -6.7008007e+01   3.9510484e+01
   2.8143163e+01   2.6788591e+01  -1.5577898e+02   4.9341243e+01   4.5539627e+00  -7.2118327e+01   3.8820361e+01
   2.8758861e+01   2.5527836e+01  -1.5516622e+02   5.7316743e+01   3.7934391e+00  -8.0331092e+01   3.8255556e+01
   3.1525686e+01   3.1699269e+01  -1.5787026e+02   5.7982044e+01   4.8057649e+00  -7.5123648e+01   3.8061647e+01
   3.3255776e+01   3.7349013e+01  -1.6039114e+02   7.1982043e+01   5.5835378e+00  -8.3106095e+01   3.6884621e+01
   3.5844240e+01   3.8616637e+01  -1.6060326e+02   8.5982043e+01   4.1928603e+00  -9.4617495e+01   3.7496504e+01
   3.3771624e+01   4.1913522e+01  -1.6279201e+02   7.6874337e+01   7.5830761e+00  -8.0617495e+01   3.5720749e+01
   3.5693157e+01   4.8137054e+01  -1.6614002e+02   9.0874332e+01   7.2455106e+00  -8.7080196e+01   3.3765153e+01
   3.6924068e+01   5.1895980e+01  -1.6753635e+02   9.6034239e+01   6.7588090e+00  -8.7956568e+01   3.1963860e+01
   3.8067249e+01   5.8069813e+01  -1.7095963e+02   1.1003424e+02   7.5572435e+00  -9.4722419e+01   3.2903515e+01
   3.8665902e+01   5.8826463e+01  -1.7142405e+02   1.2403424e+02   7.6676014e+00  -1.0683238e+02   3.1798148e+01
   4.0100547e+01   5.9031127e+01  -1.7149885e+02   1.1116742e+02   6.6536104e+00  -9.2832375e+01   3.0877450e+01
   4.0308195e+01   5.3812688e+01  -1.6753693e+02   9.7167424e+01   5.2825367e+00  -8.4239462e+01   2.9664566e+01
   3.8296218e+01   5.3084946e+01  -1.6619629e+02   8.3396100e+01   7.4757402e+00  -7.0239462e+01   2.8380134e+01
   3.9980826e+01   5.0090906e+01  -1.6486927e+02   8.1124877e+01   5.2314618e+00  -6.9672351e+01   2.6588272e+01
   3.7963599e+01   5.5031466e+01  -1.6696132e+02   8.8017691e+01   8.9194031e+00  -7.0839890e+01   2.5208207e+01
   4.0232370e+01   5.4083332e+01  -1.6809198e+02   9.6202566e+01   7.1261902e+00  -7.6736188e+01   2.3835638e+01
   4.0046057e+01   5.3051863e+01  -1.6443155e+02   8.8986911e+01   7.4146814e+00  -7.0923813e+01   2.0374724e+01
   4.1709227e+01   5.6157905e+01  -1.6614001e+02   1.0088553e+02   7.2473937e+00  -7.7832046e+01   1.8906859e+01
   4.0394802e+01   5.6365250e+01  -1.6520718e+02   1.0054525e+02   8.0133176e+00  -7.6966506e+01   1.6573569e+01
   4.1515019e+01   5.5769471e+01  -1.6541563e+02   1.0179872e+02   6.5498330e+00  -7.7950732e+01   1.5611028e+01
   4.1729969e+01   5.1299585e+01  -1.6233330e+02   8.7798718e+01   4.8010779e+00  -6.7834015e+01   1.3928823e+01
   3.9891143e+01   5.1448264e+01  -1.6156670e+02   8.4715553e+01   6.9378579e+00  -6.4327352e+01   1.2838764e+01
   4.1200182e+01   4.9442991e+01  -1.5982691e+02   8.0685107e+01   4.6733610e+00  -6.1050529e+01   9.9153505e+00
   4.2194474e+01   4.8743879e+01  -1.5904406e+02   8.5578323e+01   3.6202890e+00  -6.5554313e+01   8.4318025e+00
   4.3088911e+01   4.8219696e+01  -1.6002008e+02   9.4481179e+01   3.2028360e+00  -7.3336812e+01   8.0933059e+00
   4.2677306e+01   4.8821915e+01  -1.5895023e+02   9.6419828e+01   4.7385464e+00  -7.3683957e+01   5.3613899e+00
   4.1500850e+01   4.8371395e+01  -1.5672673e+02   8.3263202e+01   6.1179909e+00  -6.0683905e+01   2.9385251e+00
   4.2650439e+01   4.9348325e+01  -1.5813382e+02   9.7263202e+01   5.5486810e+00  -7.2161839e+01   1.5389442e+00
   4.4067375e+01   4.9753594e+01  -1.5805634e+02   9.9648417e+01   3.7641312e+00  -7.3119824e+01  -7.4448877e-01
   4.4370958e+01   5.1118507e+01  -1.5850998e+02   1.0748287e+02   5.0609404e+00  -7.8544364e+01  -1.7175073e+00
   4.3525771e+01   5.5005651e+01  -1.5746001e+02   1.0256841e+02   8.0266382e+00  -6.9291340e+01  -5.8232128e+00
   4.4043455e+01   5.2861765e+01  -1.5633622e+02   1.0269419e+02   7.5302550e+00  -7.0171567e+01  -7.5850795e+00
   4.4360960e+01   5.4173626e+01  -1.5647051e+02   1.0331622e+02   7.6141041e+00  -6.8130433e+01  -1.1191168e+01
   4.4819802e+01   5.2977875e+01  -1.5670890e+02   1.0937404e+02   7.5082233e+00  -7.4310589e+01  -1.1501083e+01
   4.4014108e+01   5.2024148e+01  -1.5330155e+02   9.5374041e+01   8.5530139e+00  -6.1470168e+01  -1.4355169e+01
   4.2365940e+01   4.9358726e+01  -1.5087336e+02   8.9031899e+01   9.7269377e+00  -5.7063769e+01  -1.4855897e+01
   4.2016386e+01   4.8905390e+01  -1.4825048e+02   7.6649226e+01   1.0337069e+01  -4.4222440e+01  -1.9023667e+01
   4.3370904e+01   4.5351159e+01  -1.4802295e+02   8.9075156e+01   6.6365121e+00  -5.8222439e+01  -2.0483912e+01
   4.2676896e+01   4.4359521e+01  -1.4559672e+02   8.2492738e+01   7.5951465e+00  -5.0988506e+01  -2.4872043e+01
   4.1293731e+01   4.1638704e+01  -1.4392880e+02   7.6213289e+01   8.3134805e+00  -4.5406536e+01  -2.8694412e+01
   4.0969217e+01   4.1274998e+01  -1.4201601e+02   7.2318679e+01   9.7294499e+00  -3.9894814e+01  -3.3236253e+01
   3.9812931e+01   4.3273662e+01  -1.4014539e+02   7.0405503e+01   1.1626179e+01  -3.6207122e+01  -3.7541030e+01
   3.9884249e+01   4.5649331e+01  -1.3788564e+02   6.8442544e+01   1.3871345e+01  -3.2141263e+01  -4.1628018e+01
   3.9978409e+01   4.6173787e+01  -1.3672525e+02   6.7632651e+01   1.5444402e+01  -2.9443085e+01  -4.4123741e+01
   4.0985414e+01   4.6666724e+01  -1.3705232e+02   7.0057020e+01   1.4697059e+01  -3.0050502e+01  -4.6130741e+01
   4.1485213e+01   5.0106735e+01  -1.3550905e+02   7.2280776e+01   1.8069182e+01  -3.0131631e+01  -4.8525593e+01
   4.0465655e+01   4.7171181e+01  -1.3438385e+02   6.7009796e+01   1.7475759e+01  -2.6852310e+01  -4.8890373e+01
   4.0768666e+01   5.2703892e+01  -1.3241566e+02   6.3505638e+01   2.5075748e+01  -2.3699938e+01  -4.3506147e+01
   3.9932596e+01   4.9141994e+01  -1.3444854e+02   6.1687179e+01   2.1969577e+01  -2.6436748e+01  -3.7139123e+01
   3.9277607e+01   4.8256160e+01  -1.4002323e+02   6.2494039e+01   1.7521882e+01  -3.2174470e+01  -2.8941701e+01
   3.7462818e+01   4.3480263e+01  -1.4285396e+02   5.2060857e+01   1.4828053e+01  -3.1699519e+01  -1.9549242e+01
   3.9590249e+01   4.1469208e+01  -1.4760523e+02   5.8198416e+01   1.2113404e+01  -4.5699519e+01  -1.1078339e+01
   4.1328786e+01   3.6286345e+01  -1.4743285e+02   5.9252550e+01   7.0002261e+00  -5.9383533e+01   5.5868531e-02
   3.8231593e+01   4.1168999e+01  -1.5236116e+02   4.5252550e+01   1.1361215e+01  -4.6375640e+01   7.9858399e+00
   3.5789923e+01   3.5455617e+01  -1.5421941e+02   3.9994629e+01   1.3123082e+01  -4.9979861e+01   1.7789856e+01
   3.0710161e+01   2.6687785e+01  -1.5414229e+02   2.6344568e+01   1.4138885e+01  -5.1455895e+01   2.9122754e+01
   2.4378390e+01   2.1193292e+01  -1.5708001e+02   1.2344569e+01   1.6910085e+01  -4.8383619e+01   3.4956013e+01
   1.9260936e+01   2.0765851e+01  -1.6168508e+02   3.2826530e+00   2.0689089e+01  -4.1295563e+01   4.1007668e+01
   1.5084466e+01   1.5648006e+01  -1.6396252e+02  -2.2138951e-01   2.4153952e+01  -4.3006159e+01   4.4426829e+01
   1.4239596e+01   1.1638250e+01  -1.6285682e+02  -4.3264309e+00   2.0444353e+01  -4.3639323e+01   4.7664322e+01
   1.5458555e+01   8.9693460e+00  -1.6064566e+02  -5.9963785e+00   1.2775883e+01  -4.4163504e+01   4.8092741e+01
   1.4779985e+01   1.1488157e+01  -1.6152196e+02  -7.4650899e-01   8.7080989e+00  -4.6317620e+01   5.1606157e+01
   1.3089402e+01   7.2422564e+00  -1.6065162e+02  -3.5736675e+00   9.7999619e+00  -4.6706013e+01   5.8807892e+01
   1.4510520e+01   8.9959417e+00  -1.6005963e+02  -6.4156047e+00   9.1363795e+00  -4.1936846e+01   5.8347569e+01
   1.4168974e+01   1.1486375e+01  -1.6022734e+02  -8.4171605e-01   9.6472005e+00  -4.4915547e+01   5.5469931e+01
   1.4766975e+01   1.5288287e+01  -1.6104511e+02  -9.6001368e-01   1.1036960e+01  -4.0434515e+01   5.2160700e+01
   1.5479277e+01   2.0366415e+01  -1.6218950e+02   4.9638334e+00   1.2676312e+01  -4.0647493e+01   5.0485069e+01
   1.7055977e+01   2.2893607e+01  -1.6172554e+02   1.0271963e+01   1.3833265e+01  -4.1921063e+01   4.8667398e+01
   1.8811601e+01   2.4070249e+01  -1.6080431e+02   1.7813931e+01   1.3748268e+01  -4.6998511e+01   4.4603427e+01
   1.9972871e+01   3.3529106e+01  -1.6316131e+02   2.8907662e+01   1.5626706e+01  -5.0151196e+01   4.3300295e+01
   2.2471445e+01   2.8923619e+01  -1.5983874e+02   2.5788030e+01   1.4297919e+01  -5.0761757e+01   4.4713163e+01
   2.2645905e+01   3.4645599e+01  -1.6227603e+02   3.7504233e+01   1.7777073e+01  -5.5240844e+01   4.4317572e+01
   2.4340340e+01   3.4781912e+01  -1.6064554e+02   4.3623528e+01   1.4763176e+01  -6.5033502e+01   3.8992034e+01
   2.6063712e+01   4.6384446e+01  -1.6539593e+02   5.5672127e+01   1.7532736e+01  -5.8505312e+01   4.0662456e+01
   2.8330960e+01   5.5260401e+01  -1.6760341e+02   6.9672126e+01   1.8859581e+01  -6.3562615e+01   4.0340788e+01
   3.3529065e+01   5.8963365e+01  -1.7034276e+02   8.2611791e+01   1.4510450e+01  -7.0907458e+01   3.9837580e+01
   3.3208981e+01   5.5866942e+01  -1.6785306e+02   6.8611791e+01   1.4463845e+01  -5.9571574e+01   3.6879196e+01
   3.4372026e+01   4.8540639e+01  -1.6322862e+02   6.1626561e+01   1.2040723e+01  -6.0029031e+01   3.5678220e+01
   3.5106151e+01   4.5397455e+01  -1.6108833e+02   6.1766103e+01   1.0115282e+01  -6.2021469e+01   3.3365045e+01
   3.3483426e+01   4.5768121e+01  -1.6054057e+02   6.3339334e+01   1.2617863e+01  -6.1837511e+01   3.2767708e+01
   3.4274813e+01   4.7208004e+01  -1.6049706e+02   6.7726148e+01   1.2747262e+01  -6.3931200e+01   3.1306112e+01
   3.5596474e+01   4.9370293e+01  -1.6174504e+02   7.7647646e+01   1.2947379e+01  -7.0495977e+01   3.0717430e+01
   3.5951075e+01   5.0223130e+01  -1.6146973e+02   7.3972155e+01   1.2856317e+01  -6.4898002e+01   2.8380890e+01
   3.5286200e+01   5.3810900e+01  -1.6246666e+02   8.0861443e+01   1.4981487e+01  -6.7312022e+01   2.6335582e+01
   3.9360279e+01   5.0463231e+01  -1.6172875e+02   8.9485102e+01   9.1195926e+00  -7.8093413e+01   2.4146223e+01
   3.8407173e+01   5.3225304e+01  -1.6113680e+02   7.8766507e+01   1.1045961e+01  -6.4139148e+01   2.1419505e+01
   3.9041303e+01   5.0311043e+01  -1.5927182e+02   7.6614261e+01   9.7226947e+00  -6.3880311e+01   1.9736967e+01
   4.1082696e+01   5.1266516e+01  -1.5981725e+02   8.7649995e+01   8.0161417e+00  -7.2734708e+01   1.7457743e+01
   4.1065155e+01   5.1048521e+01  -1.5973812e+02   8.3342812e+01   8.6926892e+00  -6.7341914e+01   1.5693831e+01
   4.2502757e+01   5.0091697e+01  -1.5780039e+02   8.3446733e+01   7.3280734e+00  -6.8575456e+01   1.4090344e+01
   4.2073643e+01   4.9904218e+01  -1.5669374e+02   7.3026379e+01   8.2052838e+00  -5.7498868e+01   1.2253645e+01
   4.1176785e+01   5.2009262e+01  -1.5682213e+02   7.8127160e+01   1.0170095e+01  -5.9669675e+01   9.6522474e+00
   4.1687035e+01   5.2670544e+01  -1.5472423e+02   6.7933917e+01   1.0998395e+01  -4.8132818e+01   6.4128273e+00
   4.1349380e+01   5.5296588e+01  -1.5470910e+02   6.7925305e+01   1.3280991e+01  -4.4953924e+01   4.2272250e+00
   4.0587792e+01   5.6585540e+01  -1.5332170e+02   6.6532954e+01   1.5852111e+01  -4.1137514e+01   1.1180613e+00
   4.2220100e+01   5.5966426e+01  -1.5249865e+02   7.4535190e+01   1.5013776e+01  -4.8550186e+01  -5.4561093e-01
   4.1204344e+01   5.6992789e+01  -1.4998846e+02   7.2409659e+01   1.6973693e+01  -4.6197589e+01  -3.4949883e+00
   4.3088704e+01   5.5447473e+01  -1.5004723e+02   7.4427344e+01   1.4245875e+01  -4.7550030e+01  -6.0348405e+00
   4.4131488e+01   5.5423297e+01  -1.4930618e+02   7.4101132e+01   1.4042915e+01  -4.6002151e+01  -8.9793949e+00
   4.5097618e+01   5.3976326e+01  -1.4930178e+02   7.8530252e+01   1.3002804e+01  -4.9591373e+01  -1.1656795e+01
   4.6619782e+01   5.2752777e+01  -1.5008113e+02   8.5083730e+01   1.1150459e+01  -5.4946022e+01  -1.3818865e+01
   4.6827665e+01   5.3774208e+01  -1.4707414e+02   7.6324391e+01   1.1371174e+01  -4.5184888e+01  -1.8053956e+01
   4.7581173e+01   5.1675648e+01  -1.4503847e+02   7.6560060e+01   9.0438134e+00  -4.6677647e+01  -2.1559620e+01
   4.7567804e+01   5.4655367e+01  -1.4325619e+02   7.3528544e+01   1.2673538e+01  -4.0559169e+01  -2.5244535e+01
   4.7952065e+01   5.5001223e+01  -1.4228257e+02   7.4860158e+01   1.2629882e+01  -4.0969858e+01  -2.6133600e+01
   4.8224488e+01   5.5593953e+01  -1.4054941e+02   7.5792819e+01   1.2917469e+01  -4.1811464e+01  -2.8035268e+01
   4.9212947e+01   5.7160074e+01  -1.4015902e+02   7.8736924e+01   1.2478478e+01  -4.2776988e+01  -2.9676933e+01
   4.9180878e+01   5.9016017e+01  -1.3883791e+02   7.6659869e+01   1.5522439e+01  -4.0111177e+01  -3.0612488e+01
   4.9596004e+01   5.7163276e+01  -1.3860079e+02   7.2729243e+01   1.3952613e+01  -3.7025857e+01  -3.0956753e+01
   5.0338509e+01   5.8952996e+01  -1.3465901e+02   6.8790141e+01   1.4294379e+01  -3.3266099e+01  -3.5148295e+01
   5.0518040e+01   5.7875437e+01  -1.3504811e+02   6.6845917e+01   1.4410288e+01  -3.0468126e+01  -3.6208718e+01
   5.0553970e+01   5.6612610e+01  -1.3586668e+02   6.8968167e+01   1.4536676e+01  -3.2355239e+01  -3.6768710e+01
   5.0755614e+01   6.1096273e+01  -1.3472838e+02   6.9601010e+01   1.8992086e+01  -3.0690489e+01  -3.8884450e+01
   5.0360735e+01   6.0523555e+01  -1.3276174e+02   6.3572088e+01   1.9646358e+01  -2.5589429e+01  -4.0239088e+01
   5.1650960e+01   6.0377991e+01  -1.3478763e+02   6.7216758e+01   1.8830385e+01  -3.0736743e+01  -3.4571526e+01
   5.0766907e+01   6.0237323e+01  -1.4043857e+02   6.9804647e+01   2.1587152e+01  -3.6517763e+01  -2.5905480e+01
   4.7718935e+01   5.5904023e+01  -1.4382693e+02   6.1880422e+01   2.1025102e+01  -3.7215223e+01  -1.7660003e+01
   4.6819435e+01   4.9198670e+01  -1.4719667e+02   5.6352589e+01   1.9090521e+01  -4.1917886e+01  -8.6415819e+00
   4.4057253e+01   4.1318227e+01  -1.4997035e+02   4.7507574e+01   1.7748431e+01  -4.3395394e+01   2.6435589e-02
   4.1400631e+01   3.9955894e+01  -1.5278016e+02   5.4340881e+01   1.5655352e+01  -5.7395394e+01   8.2160172e+00
   4.0231380e+01   3.5504212e+01  -1.5695710e+02   5.9934442e+01   1.5870447e+01  -7.1395394e+01   2.0003021e+01
   3.5471904e+01   2.4114485e+01  -1.5272377e+02   4.5934442e+01   1.3550363e+01  -7.4157863e+01   2.4225043e+01
   3.0955829e+01   1.8794867e+01  -1.5259286e+02   3.1934442e+01   1.3816464e+01  -6.8801329e+01   2.5811245e+01
   2.8906019e+01   1.7188514e+01  -1.5333913e+02   2.4808216e+01   1.2099191e+01  -6.6994892e+01   2.9156258e+01
   1.9749114e+01   9.0987215e+00  -1.5938473e+02   1.0808216e+01   1.8500225e+01  -5.9766540e+01   3.5272780e+01
   1.8868736e+01   4.4997848e+00  -1.6119428e+02  -3.1917838e+00   2.1333325e+01  -5.3001862e+01   4.2487236e+01
   1.9572864e+01   8.0454689e+00  -1.6567751e+02  -8.0139478e+00   2.1595307e+01  -4.5316313e+01   4.9640737e+01
   1.8076754e+01   1.2773148e+01  -1.6803833e+02  -1.7236763e+00   2.2516273e+01  -4.7914276e+01   5.0112184e+01
   1.6556243e+01   8.8809525e+00  -1.6592170e+02  -5.1463167e+00   2.0451013e+01  -4.7254902e+01   4.8783292e+01
   1.4855055e+01   8.6893594e+00  -1.6590062e+02  -4.7266738e+00   2.0120072e+01  -4.7564096e+01   4.8917037e+01
   1.3932864e+01   5.9620914e+00  -1.6187271e+02  -1.0542218e+01   1.3154575e+01  -4.1515743e+01   4.6573524e+01
   1.3979181e+01   7.7525380e+00  -1.6205935e+02  -8.5138364e+00   2.1572854e+01  -4.1013977e+01   5.9990463e+01
   1.4867007e+01   1.2359499e+01  -1.6195686e+02  -5.8051234e+00   2.2775028e+01  -3.8517740e+01   5.8729707e+01
   1.4551239e+01   1.2976571e+01  -1.6108011e+02  -4.8910459e+00   2.2553317e+01  -3.7560607e+01   5.5180513e+01
   2.0517361e+01   1.8101426e+01  -1.5662911e+02   5.0522409e+00   1.7280030e+01  -4.0677370e+01   4.9414773e+01
   2.7295411e+01   3.1899191e+01  -1.6169779e+02   1.9052241e+01   1.5267983e+01  -4.0319379e+01   4.6294978e+01
   3.1544136e+01   3.2304112e+01  -1.6033204e+02   3.3052241e+01   1.2930154e+01  -5.2356937e+01   4.8808413e+01
   3.3853375e+01   3.2479358e+01  -1.5793772e+02   4.7052241e+01   1.0805694e+01  -6.6356937e+01   4.5762338e+01
   3.6031771e+01   3.7213624e+01  -1.6052732e+02   6.1052241e+01   1.1165526e+01  -7.2713942e+01   4.4687609e+01
   3.8575716e+01   4.7418734e+01  -1.6533216e+02   7.5052241e+01   1.1947197e+01  -7.5789494e+01   4.2071023e+01
   3.9735486e+01   5.5123565e+01  -1.7106985e+02   8.9052241e+01   1.4754400e+01  -8.0076839e+01   4.1416892e+01
   4.0818058e+01   4.8338431e+01  -1.6482642e+02   9.7678398e+01   1.2401349e+01  -9.4076839e+01   3.8263107e+01
   4.3125438e+01   5.0169835e+01  -1.6698976e+02   1.1167840e+02   1.0424331e+01  -1.0274725e+02   3.5268949e+01
   4.1596086e+01   6.0456596e+01  -1.7203667e+02   1.0973631e+02   1.5439734e+01  -8.8747248e+01   3.3002129e+01
   4.3545072e+01   5.2896524e+01  -1.6612446e+02   1.0305119e+02   1.0879597e+01  -8.8721751e+01   2.9310470e+01
   4.4255765e+01   4.6976986e+01  -1.5888297e+02   1.0122533e+02   8.2260401e+00  -9.2508517e+01   2.4503636e+01
   4.4355145e+01   4.5129875e+01  -1.5564911e+02   8.7225327e+01   7.4079781e+00  -8.1049746e+01   2.2204310e+01
   4.4879660e+01   3.9760746e+01  -1.5023808e+02   7.4250415e+01   4.5724538e+00  -7.3163028e+01   1.9753185e+01
   4.5339504e+01   4.0455263e+01  -1.5025209e+02   7.6968956e+01   4.5133970e+00  -7.4567745e+01   1.7660630e+01
   4.5525767e+01   4.0169731e+01  -1.5112630e+02   8.0927379e+01   4.8142626e+00  -7.6929317e+01   1.6698825e+01
   4.5740831e+01   4.4411186e+01  -1.5244982e+02   8.1958289e+01   7.2336386e+00  -7.2513102e+01   1.4895414e+01
   4.7044817e+01   4.6889383e+01  -1.5379379e+02   9.2666731e+01   7.2378709e+00  -7.9058533e+01   1.1289222e+01
   4.8016842e+01   4.6570464e+01  -1.5300652e+02   8.8249384e+01   6.5306653e+00  -7.3063537e+01   8.8313023e+00
   4.8525185e+01   4.7083387e+01  -1.5185186e+02   8.2946657e+01   7.1318658e+00  -6.6026844e+01   6.4379480e+00
   4.5285196e+01   5.2134779e+01  -1.5273166e+02   8.6881611e+01   1.3232925e+01  -6.5018631e+01   4.3227050e+00
   4.7481761e+01   5.1288232e+01  -1.5241773e+02   9.3507499e+01   1.1047058e+01  -7.0452248e+01   2.1457436e+00
   4.7899792e+01   5.2557226e+01  -1.5057851e+02   8.9075282e+01   1.1754808e+01  -6.4261267e+01  -1.1923495e+00
   4.7151090e+01   5.3015062e+01  -1.4959620e+02   9.0140829e+01   1.4004340e+01  -6.3683720e+01  -3.8252425e+00
   4.9198234e+01   5.2796554e+01  -1.4884465e+02   9.1978877e+01   1.1615603e+01  -6.3652524e+01  -8.2504663e+00
   4.9067683e+01   5.3796592e+01  -1.4801634e+02   8.7882077e+01   1.2848128e+01  -5.7515492e+01  -1.1112492e+01
   5.0002803e+01   5.3967076e+01  -1.4705360e+02   9.1514219e+01   1.2284746e+01  -5.9654761e+01  -1.4804629e+01
   5.0541483e+01   5.7211008e+01  -1.4586777e+02   9.0419555e+01   1.3926694e+01  -5.5382699e+01  -1.9061647e+01
   5.2940164e+01   6.3712354e+01  -1.4582261e+02   9.6630115e+01   1.7163198e+01  -5.4940579e+01  -2.4052917e+01
   5.3296201e+01   6.3043265e+01  -1.4244416e+02   9.2046559e+01   1.6989269e+01  -5.1536015e+01  -2.7131302e+01
   5.4439672e+01   5.9719399e+01  -1.4230987e+02   9.4054102e+01   1.2915452e+01  -5.3834854e+01  -3.0564466e+01
   5.3782279e+01   6.3520036e+01  -1.3949276e+02   8.8154070e+01   1.9570158e+01  -4.6102044e+01  -3.3606601e+01
   5.4855339e+01   6.3769562e+01  -1.4004307e+02   8.7981000e+01   1.8319883e+01  -4.4861195e+01  -3.4948836e+01
   5.5925021e+01   6.4891178e+01  -1.4020548e+02   9.0644930e+01   1.8548015e+01  -4.6685116e+01  -3.6288147e+01
   5.6906402e+01   6.3251414e+01  -1.4300840e+02   9.6806746e+01   1.7610508e+01  -5.3349128e+01  -3.2999516e+01
   5.5849274e+01   6.0191485e+01  -1.4110132e+02   8.6239179e+01   1.7139089e+01  -4.6395394e+01  -3.1326156e+01
   5.5505755e+01   6.2233453e+01  -1.4203565e+02   8.5344981e+01   1.8562761e+01  -4.5557099e+01  -2.9771027e+01
   5.0919065e+01   6.1253909e+01  -1.4468363e+02   8.0089361e+01   2.2605525e+01  -4.4192557e+01  -2.3600195e+01
   4.8328806e+01   5.3472895e+01  -1.5127889e+02   7.8308597e+01   1.7335658e+01  -5.1934347e+01  -1.4001256e+01
   4.8982213e+01   4.8295368e+01  -1.5496656e+02   7.5762081e+01   1.2589021e+01  -5.8911799e+01  -3.6465647e+00
   4.7486815e+01   4.4711227e+01  -1.5616325e+02   7.0040083e+01   9.3542822e+00  -6.1250740e+01   3.1756120e+00
   4.4896204e+01   4.6970637e+01  -1.5887209e+02   6.8667316e+01   9.0289005e+00  -6.3298262e+01   1.0911296e+01
   4.4320961e+01   4.1829237e+01  -1.5969178e+02   6.6365431e+01   7.1611408e+00  -7.1378276e+01   2.1376509e+01
   3.8918252e+01   3.7721462e+01  -1.6063178e+02   5.2365432e+01   1.4088320e+01  -6.8047530e+01   3.0588834e+01
   3.3931370e+01   3.1485358e+01  -1.5872418e+02   3.8365433e+01   1.4150963e+01  -6.5082763e+01   2.8417234e+01
   3.4099326e+01   2.5380291e+01  -1.5705458e+02   4.1184070e+01   9.9454783e+00  -7.8099156e+01   2.7739189e+01
   3.0757614e+01   1.9191963e+01  -1.5637346e+02   3.8970498e+01   9.6478259e+00  -8.0897667e+01   2.7862801e+01
   2.8433490e+01   1.5196613e+01  -1.5503386e+02   3.2926099e+01   7.3867953e+00  -7.9691958e+01   3.0956124e+01
   2.4401416e+01   1.5517907e+01  -1.5828795e+02   2.4080254e+01   1.1879490e+01  -6.8986570e+01   3.6922991e+01
