   4.4382729e+01   6.1845521e+01  -1.4296417e+02   6.0864898e+01   2.3233747e+01  -3.1194073e+01  -6.2581902e+00
   3.0382729e+01   4.7845521e+01  -1.4161148e+02   5.7820920e+01   1.5821842e+01  -4.5194062e+01  -1.0868719e+01
   1.6382857e+01   3.3845588e+01  -1.2867577e+02   5.7848677e+01   8.4145871e+00  -5.9190538e+01  -1.0715063e+01
   2.3829862e+00   1.9845655e+01  -1.1574007e+02   5.7876434e+01   1.0073318e+00  -7.3187014e+01  -1.0561406e+01
  -1.1616770e+01   5.8457487e+00  -1.0460286e+02   5.9747790e+01  -6.3997831e+00  -8.7183241e+01  -1.0002565e+01
  -2.5615853e+01  -8.1541192e+00  -9.7661621e+01   7.1289088e+01  -1.3806370e+01  -1.0117851e+02  -6.3651904e+00
  -3.9613774e+01  -2.2153954e+01  -9.2057091e+01   8.3118485e+01  -2.1212159e+01  -1.1517234e+02  -3.4291868e+00
  -2.5613774e+01  -3.5015123e+01  -8.6564067e+01   9.4445337e+01  -7.2121592e+00  -1.0117234e+02  -6.8497103e-01
  -1.1614022e+01  -3.5000000e+01  -9.8263801e+01   8.1828724e+01   6.7877378e+00  -8.7172710e+01  -1.2190926e+01
   2.3857311e+00  -3.4984877e+01  -1.0996353e+02   6.9212111e+01   2.0787635e+01  -7.3173082e+01  -2.3696882e+01
   1.6385212e+01  -3.4969756e+01  -1.2321581e+02   5.6606857e+01   3.4786360e+01  -5.9173173e+01  -3.5473361e+01
   1.2000000e+01  -3.5000000e+01  -1.3607877e+02   4.4116174e+01   2.0786360e+01  -5.1000000e+01  -4.7144697e+01
   1.2000000e+01  -3.5000000e+01  -1.3088453e+02   3.9620820e+01   1.4000000e+01  -5.1000000e+01  -5.1216066e+01
   1.2000000e+01  -3.5000000e+01  -1.3057723e+02   3.8619199e+01   1.4000000e+01  -5.1000000e+01  -4.9861257e+01
   1.2000000e+01  -3.5000000e+01  -1.3077175e+02   3.8590657e+01   1.4000000e+01  -5.1000000e+01  -4.8471358e+01
   1.2000000e+01  -3.5000000e+01  -1.3092348e+02   3.8490807e+01   1.4000000e+01  -5.1000000e+01  -4.8669120e+01
   1.2000000e+01  -3.5000000e+01  -1.3086655e+02   3.8636823e+01   1.4000000e+01  -5.1000000e+01  -4.8781329e+01
   1.2000000e+01  -3.5000000e+01  -1.3100365e+02   3.8929778e+01   1.4000000e+01  -5.1000000e+01  -4.8830742e+01
   1.2000000e+01  -3.5000000e+01  -1.3074979e+02   3.9588936e+01   1.4000000e+01  -5.1000000e+01  -4.8699462e+01
   1.2000000e+01  -3.5000000e+01  -1.3080852e+02   3.9869856e+01   1.4000000e+01  -5.1000000e+01  -4.8726543e+01
   1.2000000e+01  -3.5000000e+01  -1.3050923e+02   4.0541599e+01   1.4000000e+01  -5.1000000e+01  -4.8437617e+01
   1.2000000e+01  -3.5000000e+01  -1.3056802e+02   4.0389350e+01   1.4000000e+01  -5.1000000e+01  -4.8412218e+01
   1.2000000e+01  -3.5000000e+01  -1.3022045e+02   4.0365073e+01   1.4000000e+01  -5.1000000e+01  -4.8170839e+01
   1.2000000e+01  -3.5000000e+01  -1.3027671e+02   4.0489903e+01   1.4000000e+01  -5.1000000e+01  -4.7733656e+01
   1.2000000e+01  -3.5000000e+01  -1.3060431e+02   4.0656557e+01   1.4000000e+01  -5.1000000e+01  -4.7168860e+01
   1.2000000e+01  -3.5000000e+01  -1.3087619e+02   3.9736979e+01   1.4000000e+01  -5.1000000e+01  -4.6851434e+01
   1.2000000e+01  -3.5000000e+01  -1.2987199e+02   3.9287845e+01   1.4000000e+01  -5.1000000e+01  -4.6645353e+01
   1.2000000e+01  -3.5000000e+01  -1.2917822e+02   3.5491935e+01   1.4000000e+01  -5.1000000e+01  -4.5292713e+01
   1.2000000e+01  -3.5000000e+01  -1.2836941e+02   3.0863856e+01   1.4000000e+01  -5.1000000e+01  -4.2532083e+01
   1.2000000e+01  -3.5000000e+01  -1.2796484e+02   2.5028454e+01   1.4000000e+01  -5.1000000e+01  -3.9044964e+01
   1.2000000e+01  -3.5000000e+01  -1.2764856e+02   1.7957572e+01   1.4000000e+01  -5.1000000e+01  -3.4400715e+01
   1.2000000e+01  -3.5000000e+01  -1.2899602e+02   1.0691740e+01   1.4000000e+01  -5.1000000e+01  -2.8528254e+01
   1.2000000e+01  -3.5000000e+01  -1.3186153e+02   4.4575769e+00   1.4000000e+01  -5.1000000e+01  -2.1370925e+01
   1.2000000e+01  -3.5000000e+01  -1.3679515e+02  -2.0923736e+00   1.4000000e+01  -5.1000000e+01  -1.4491240e+01
   1.2000000e+01  -3.5000000e+01  -1.4035786e+02  -8.6629024e+00   1.4000000e+01  -5.1000000e+01  -6.4043483e+00
   1.2000000e+01  -3.5000000e+01  -1.4287600e+02  -1.5496334e+01   1.4000000e+01  -5.1000000e+01   8.7597605e-01
   1.2000000e+01  -3.5000000e+01  -1.4787552e+02  -2.0110249e+01   1.4000000e+01  -5.1000000e+01   8.6070052e+00
   1.2000000e+01  -3.5000000e+01  -1.5924184e+02  -2.1481077e+01   1.4000000e+01  -5.1000000e+01   1.3884918e+01
   1.2000000e+01  -3.5000000e+01  -1.5815933e+02  -2.5384008e+01   1.4000000e+01  -5.1000000e+01   2.1672351e+01
   1.2000000e+01  -3.5000000e+01  -1.5872701e+02  -3.0160405e+01   1.4000000e+01  -5.1000000e+01   2.9307924e+01
   1.2000000e+01  -3.5000000e+01  -1.6384206e+02  -3.2350708e+01   1.4000000e+01  -5.1000000e+01   3.3532965e+01
   1.2000000e+01  -3.5000000e+01  -1.6833510e+02  -3.3304323e+01   1.4000000e+01  -5.1000000e+01   3.9041882e+01
   1.2000000e+01  -3.5000000e+01  -1.6581393e+02  -3.5416708e+01   1.4000000e+01  -5.1000000e+01   4.3338014e+01
   1.2000000e+01  -3.5000000e+01  -1.6834646e+02  -3.4694590e+01   1.4000000e+01  -5.1000000e+01   4.4072993e+01
   1.2000000e+01  -3.5000000e+01  -1.6799910e+02  -3.3505623e+01   1.4000000e+01  -5.1000000e+01   4.5632468e+01
   1.2000000e+01  -3.5000000e+01  -1.6776928e+02  -3.2855311e+01   1.4000000e+01  -5.1000000e+01   4.6409889e+01
   1.2000000e+01  -3.5000000e+01  -1.6768607e+02  -3.2322504e+01   1.4000000e+01  -5.1000000e+01   4.6155906e+01
   1.2000000e+01  -3.5000000e+01  -1.6673081e+02  -3.1824067e+01   1.4000000e+01  -5.1000000e+01   4.5940134e+01
   1.2000000e+01  -3.5000000e+01  -1.6548261e+02  -3.1094207e+01   1.4000000e+01  -5.1000000e+01   4.6037572e+01
   1.2000000e+01  -3.5000000e+01  -1.6397009e+02  -3.1132490e+01   1.4000000e+01  -5.1000000e+01   4.4881133e+01
   1.2000000e+01  -3.5000000e+01  -1.6291847e+02  -2.9669862e+01   1.4000000e+01  -5.1000000e+01   4.4305418e+01
   1.2000000e+01  -3.5000000e+01  -1.6791295e+02  -2.8490244e+01   1.4000000e+01  -5.1000000e+01   4.3458617e+01
   1.2000000e+01  -3.5000000e+01  -1.6304366e+02  -2.8988774e+01   1.4000000e+01  -5.1000000e+01   4.0380507e+01
   1.2000000e+01  -3.5000000e+01  -1.6124872e+02  -2.8493110e+01   1.4000000e+01  -5.1000000e+01   4.0019642e+01
   1.2000000e+01  -3.5000000e+01  -1.6203232e+02  -2.8041507e+01   1.4000000e+01  -5.1000000e+01   3.9488341e+01
   1.2000000e+01  -3.5000000e+01  -1.6603611e+02  -2.7149858e+01   1.4000000e+01  -5.1000000e+01   3.8901067e+01
   1.2000000e+01  -3.5000000e+01  -1.6472772e+02  -2.7291499e+01   1.4000000e+01  -5.1000000e+01   3.8059246e+01
   1.2000000e+01  -3.5000000e+01  -1.6921866e+02  -2.8052550e+01   1.4000000e+01  -5.1000000e+01   3.7646873e+01
   1.2000000e+01  -3.5000000e+01  -1.6719612e+02  -2.6911558e+01   1.4000000e+01  -5.1000000e+01   3.7884740e+01
   1.2000000e+01  -3.5000000e+01  -1.6166037e+02  -2.2985349e+01   1.4000000e+01  -5.1000000e+01   3.7914720e+01
   1.2000000e+01  -3.5000000e+01  -1.5847910e+02  -2.1283984e+01   1.4000000e+01  -5.1000000e+01   3.6316428e+01
   1.2000000e+01  -3.5000000e+01  -1.5735579e+02  -2.0453221e+01   1.4000000e+01  -5.1000000e+01   3.5054111e+01
   1.2000000e+01  -3.5000000e+01  -1.5597864e+02  -1.9044481e+01   1.4000000e+01  -5.1000000e+01   3.4490156e+01
   1.2000000e+01  -3.5000000e+01  -1.5606592e+02  -1.8778795e+01   1.4000000e+01  -5.1000000e+01   3.3296173e+01
   1.2000000e+01  -3.5000000e+01  -1.5291638e+02  -1.9049358e+01   1.4000000e+01  -5.1000000e+01   3.2560982e+01
   1.2000000e+01  -3.5000000e+01  -1.5297034e+02  -1.9485001e+01   1.4000000e+01  -5.1000000e+01   3.1362075e+01
   1.2000000e+01  -3.5000000e+01  -1.5566308e+02  -1.9143542e+01   1.4000000e+01  -5.1000000e+01   3.0267927e+01
   1.2000000e+01  -3.5000000e+01  -1.5529254e+02  -1.9039149e+01   1.4000000e+01  -5.1000000e+01   2.9229318e+01
   1.2000000e+01  -3.5000000e+01  -1.5575777e+02  -1.8490559e+01   1.4000000e+01  -5.1000000e+01   2.8202640e+01
   1.2000000e+01  -3.5000000e+01  -1.5676192e+02  -1.6901689e+01   1.4000000e+01  -5.1000000e+01   2.7716723e+01
   1.2000000e+01  -3.5000000e+01  -1.5572908e+02  -1.5196840e+01   1.4000000e+01  -5.1000000e+01   2.7153743e+01
   1.2000000e+01  -3.5000000e+01  -1.5499933e+02  -1.4793246e+01   1.4000000e+01  -5.1000000e+01   2.5657758e+01
   1.2000000e+01  -3.5000000e+01  -1.5426959e+02  -1.4389652e+01   1.4000000e+01  -5.1000000e+01   2.4161772e+01
   1.2000000e+01  -3.5000000e+01  -1.5227581e+02  -1.3457656e+01   1.4000000e+01  -5.1000000e+01   2.2835054e+01
   1.2000000e+01  -3.5000000e+01  -1.5114591e+02  -1.3056512e+01   1.4000000e+01  -5.1000000e+01   2.0654927e+01
   1.2000000e+01  -3.5000000e+01  -1.4924443e+02  -1.1334902e+01   1.4000000e+01  -5.1000000e+01   1.8902849e+01
   1.2000000e+01  -3.5000000e+01  -1.4826256e+02  -1.0486630e+01   1.4000000e+01  -5.1000000e+01   1.6434664e+01
   1.2000000e+01  -3.5000000e+01  -1.4718737e+02  -9.1062791e+00   1.4000000e+01  -5.1000000e+01   1.4415981e+01
   1.2000000e+01  -3.5000000e+01  -1.4667358e+02  -7.4551123e+00   1.4000000e+01  -5.1000000e+01   1.2765181e+01
   1.2000000e+01  -3.5000000e+01  -1.4539627e+02  -5.7649274e+00   1.4000000e+01  -5.1000000e+01   1.1162898e+01
   1.2000000e+01  -3.5000000e+01  -1.4460120e+02  -3.6177312e+00   1.4000000e+01  -5.1000000e+01   9.5804819e+00
   1.2000000e+01  -3.5000000e+01  -1.4421076e+02  -2.3706375e+00   1.4000000e+01  -5.1000000e+01   7.3983449e+00
   1.2000000e+01  -3.5000000e+01  -1.4402188e+02  -1.1988744e+00   1.4000000e+01  -5.1000000e+01   5.0435662e+00
   1.2000000e+01  -3.5000000e+01  -1.4337290e+02   2.2988053e-02   1.4000000e+01  -5.1000000e+01   2.2462957e+00
   1.2000000e+01  -3.5000000e+01  -1.4238908e+02   2.1451828e+00   1.4000000e+01  -5.1000000e+01  -1.6264488e-01
   1.2000000e+01  -3.5000000e+01  -1.4168579e+02   4.0313686e+00   1.4000000e+01  -5.1000000e+01  -2.6836733e+00
   1.2000000e+01  -3.5000000e+01  -1.4129801e+02   5.4389268e+00   1.4000000e+01  -5.1000000e+01  -5.3908650e+00
   1.2000000e+01  -3.5000000e+01  -1.4079593e+02   7.6128614e+00   1.4000000e+01  -5.1000000e+01  -7.6482989e+00
   1.2000000e+01  -3.5000000e+01  -1.4050489e+02   1.0028071e+01   1.4000000e+01  -5.1000000e+01  -9.7086674e+00
   1.2000000e+01  -3.5000000e+01  -1.3985522e+02   1.1382727e+01   1.4000000e+01  -5.1000000e+01  -1.2397618e+01
   1.2000000e+01  -3.5000000e+01  -1.3895389e+02   1.3386955e+01   1.4000000e+01  -5.1000000e+01  -1.4763904e+01
   1.2000000e+01  -3.5000000e+01  -1.3897374e+02   1.5317111e+01   1.4000000e+01  -5.1000000e+01  -1.7102726e+01
   1.2000000e+01  -3.5000000e+01  -1.3899526e+02   1.6749883e+01   1.4000000e+01  -5.1000000e+01  -1.9435579e+01
   1.2000000e+01  -3.5000000e+01  -1.3832849e+02   1.8821649e+01   1.4000000e+01  -5.1000000e+01  -2.1297412e+01
   1.2000000e+01  -3.5000000e+01  -1.3799030e+02   2.0219794e+01   1.4000000e+01  -5.1000000e+01  -2.3349474e+01
   1.2000000e+01  -3.5000000e+01  -1.3790524e+02   2.1072593e+01   1.4000000e+01  -5.1000000e+01  -2.4164286e+01
   1.2000000e+01  -3.5000000e+01  -1.3741739e+02   2.1979523e+01   1.4000000e+01  -5.1000000e+01  -2.5461082e+01
   1.2000000e+01  -3.5000000e+01  -1.3717768e+02   2.3258734e+01   1.4000000e+01  -5.1000000e+01  -2.6800719e+01
   1.2000000e+01  -3.5000000e+01  -1.3684024e+02   2.5199685e+01   1.4000000e+01  -5.1000000e+01  -2.8824688e+01
   1.2000000e+01  -3.5000000e+01  -1.3622112e+02   2.6320148e+01   1.4000000e+01  -5.1000000e+01  -3.0928241e+01
   1.2000000e+01  -3.5000000e+01  -1.3630852e+02   2.7060219e+01   1.4000000e+01  -5.1000000e+01  -3.2594910e+01
   1.2000000e+01  -3.5000000e+01  -1.3532767e+02   2.8555486e+01   1.4000000e+01  -5.1000000e+01  -3.4176739e+01
   1.2000000e+01  -3.5000000e+01  -1.3504214e+02   2.9475507e+01   1.4000000e+01  -5.1000000e+01  -3.6120799e+01
   1.2000000e+01  -3.5000000e+01  -1.3557217e+02   3.0257872e+01   1.4000000e+01  -5.1000000e+01  -3.8084137e+01
   1.2000000e+01  -3.5000000e+01  -1.3542654e+02   3.1442320e+01   1.4000000e+01  -5.1000000e+01  -3.9757491e+01
   1.2000000e+01  -3.5000000e+01  -1.3502963e+02   3.2532755e+01   1.4000000e+01  -5.1000000e+01  -4.1257692e+01
   1.2000000e+01  -3.5000000e+01  -1.3507781e+02   3.2293137e+01   1.4000000e+01  -5.1000000e+01  -4.2287163e+01
   1.2000000e+01  -3.5000000e+01  -1.3488395e+02   3.2405492e+01   1.4000000e+01  -5.1000000e+01  -4.3125510e+01
   1.2000000e+01  -3.5000000e+01  -1.3393724e+02   3.1945807e+01   1.4000000e+01  -5.1000000e+01  -4.3789599e+01
   1.2000000e+01  -3.5000000e+01  -1.3358407e+02   2.8837214e+01   1.4000000e+01  -5.1000000e+01  -4.1755186e+01
   1.2000000e+01  -3.5000000e+01  -1.3265321e+02   2.3750620e+01   1.4000000e+01  -5.1000000e+01  -3.7649887e+01
   1.2000000e+01  -3.5000000e+01  -1.3351412e+02   1.7500585e+01   1.4000000e+01  -5.1000000e+01  -3.1414179e+01
   1.2000000e+01  -3.5000000e+01  -1.3453336e+02   1.1696523e+01   1.4000000e+01  -5.1000000e+01  -2.4121169e+01
   1.2000000e+01  -3.5000000e+01  -1.3673816e+02   5.6255399e+00   1.4000000e+01  -5.1000000e+01  -1.7416271e+01
   1.2000000e+01  -3.5000000e+01  -1.3894295e+02  -4.4544309e-01   1.4000000e+01  -5.1000000e+01  -1.0711372e+01
   1.2000000e+01  -3.5000000e+01  -1.4182821e+02  -6.8084003e+00   1.4000000e+01  -5.1000000e+01  -4.4522891e+00
   1.2000000e+01  -3.5000000e+01  -1.4515077e+02  -1.1766379e+01   1.4000000e+01  -5.1000000e+01   4.0752169e+00
   1.2000000e+01  -3.5000000e+01  -1.5088864e+02  -1.6460927e+01   1.4000000e+01  -5.1000000e+01   1.1593039e+01
   1.2000000e+01  -3.5000000e+01  -1.5717758e+02  -2.0593371e+01   1.4000000e+01  -5.1000000e+01   1.8262831e+01
   1.2000000e+01  -3.5000000e+01  -1.5938665e+02  -2.4520306e+01   1.4000000e+01  -5.1000000e+01   2.4881586e+01
   1.2000000e+01  -3.5000000e+01  -1.5954685e+02  -2.8267273e+01   1.4000000e+01  -5.1000000e+01   2.9714935e+01
   1.2000000e+01  -3.5000000e+01  -1.6103615e+02  -2.9242629e+01   1.4000000e+01  -5.1000000e+01   3.5124051e+01
   1.2000000e+01  -3.5000000e+01  -1.6406872e+02  -2.9271957e+01   1.4000000e+01  -5.1000000e+01   3.8070627e+01
   1.2000000e+01  -3.5000000e+01  -1.6596639e+02  -2.8528307e+01   1.4000000e+01  -5.1000000e+01   4.0047745e+01
   1.2000000e+01  -3.5000000e+01  -1.6524499e+02  -2.8921673e+01   1.4000000e+01  -5.1000000e+01   4.0927948e+01
   1.2000000e+01  -3.5000000e+01  -1.6540028e+02  -2.8530230e+01   1.4000000e+01  -5.1000000e+01   4.0489173e+01
   1.2000000e+01  -3.5000000e+01  -1.6253535e+02  -2.7197077e+01   1.4000000e+01  -5.1000000e+01   3.9283495e+01
   1.2000000e+01  -3.5000000e+01  -1.6273494e+02  -2.6479769e+01   1.4000000e+01  -5.1000000e+01   3.8152651e+01
   1.2000000e+01  -3.5000000e+01  -1.6253237e+02  -2.5450107e+01   1.4000000e+01  -5.1000000e+01   3.7072321e+01
   1.2000000e+01  -3.5000000e+01  -1.5977915e+02  -2.4132802e+01   1.4000000e+01  -5.1000000e+01   3.5942174e+01
   1.2000000e+01  -3.5000000e+01  -1.5839088e+02  -2.3920834e+01   1.4000000e+01  -5.1000000e+01   3.4536601e+01
   1.2000000e+01  -3.5000000e+01  -1.5604816e+02  -2.3497904e+01   1.4000000e+01  -5.1000000e+01   3.3677129e+01
   1.2000000e+01  -3.5000000e+01  -1.5741582e+02  -2.2035555e+01   1.4000000e+01  -5.1000000e+01   3.3092774e+01
   1.2000000e+01  -3.5000000e+01  -1.5814969e+02  -2.0687078e+01   1.4000000e+01  -5.1000000e+01   3.2777988e+01
   1.2000000e+01  -3.5000000e+01  -1.5783641e+02  -1.9191685e+01   1.4000000e+01  -5.1000000e+01   3.2600550e+01
   1.2000000e+01  -3.5000000e+01  -1.5580437e+02  -1.9355476e+01   1.4000000e+01  -5.1000000e+01   3.1459069e+01
   1.2000000e+01  -3.5000000e+01  -1.5368003e+02  -1.9187862e+01   1.4000000e+01  -5.1000000e+01   2.9425857e+01
   1.2000000e+01  -3.5000000e+01  -1.5084664e+02  -1.7204129e+01   1.4000000e+01  -5.1000000e+01   2.9075995e+01
   1.2000000e+01  -3.5000000e+01  -1.5180413e+02  -1.7707191e+01   1.4000000e+01  -5.1000000e+01   2.7733504e+01
   1.2000000e+01  -3.5000000e+01  -1.5212885e+02  -1.8143691e+01   1.4000000e+01  -5.1000000e+01   2.6078617e+01
   1.2000000e+01  -3.5000000e+01  -1.5206239e+02  -1.8271927e+01   1.4000000e+01  -5.1000000e+01   2.4201281e+01
   1.2000000e+01  -3.5000000e+01  -1.5163978e+02  -1.8201263e+01   1.4000000e+01  -5.1000000e+01   2.2947786e+01
   1.2000000e+01  -3.5000000e+01  -1.5080898e+02  -1.7446056e+01   1.4000000e+01  -5.1000000e+01   2.2231523e+01
   1.2000000e+01  -3.5000000e+01  -1.4955312e+02  -1.6704189e+01   1.4000000e+01  -5.1000000e+01   2.1476551e+01
   1.2000000e+01  -3.5000000e+01  -1.4897706e+02  -1.5348819e+01   1.4000000e+01  -5.1000000e+01   2.0713915e+01
   1.2000000e+01  -3.5000000e+01  -1.4921969e+02  -1.4761515e+01   1.4000000e+01  -5.1000000e+01   1.9583476e+01
   1.2000000e+01  -3.5000000e+01  -1.4895132e+02  -1.3502935e+01   1.4000000e+01  -5.1000000e+01   1.8657672e+01
   1.2000000e+01  -3.5000000e+01  -1.4952843e+02  -1.3605805e+01   1.4000000e+01  -5.1000000e+01   1.6851271e+01
   1.2000000e+01  -3.5000000e+01  -1.4881572e+02  -1.1875661e+01   1.4000000e+01  -5.1000000e+01   1.6104107e+01
   1.2000000e+01  -3.5000000e+01  -1.4859323e+02  -1.0730489e+01   1.4000000e+01  -5.1000000e+01   1.4575321e+01
   1.2000000e+01  -3.5000000e+01  -1.4806690e+02  -9.3854495e+00   1.4000000e+01  -5.1000000e+01   1.2998558e+01
   1.2000000e+01  -3.5000000e+01  -1.4757240e+02  -8.2144744e+00   1.4000000e+01  -5.1000000e+01   1.0846317e+01
   1.2000000e+01  -3.5000000e+01  -1.4655223e+02  -6.5469851e+00   1.4000000e+01  -5.1000000e+01   8.8373539e+00
   1.2000000e+01  -3.5000000e+01  -1.4594316e+02  -4.8021507e+00   1.4000000e+01  -5.1000000e+01   6.8406665e+00
   1.2000000e+01  -3.5000000e+01  -1.4601039e+02  -3.7174458e+00   1.4000000e+01  -5.1000000e+01   4.7502709e+00
   1.2000000e+01  -3.5000000e+01  -1.4516313e+02  -1.7689615e+00   1.4000000e+01  -5.1000000e+01   3.1055973e+00
   1.2000000e+01  -3.5000000e+01  -1.4450278e+02   8.7534799e-02   1.4000000e+01  -5.1000000e+01   1.2848670e+00
   1.2000000e+01  -3.5000000e+01  -1.4374831e+02   2.1671606e+00   1.4000000e+01  -5.1000000e+01  -3.3266111e-01
   1.2000000e+01  -3.5000000e+01  -1.4361675e+02   3.5316447e+00   1.4000000e+01  -5.1000000e+01  -2.2031459e+00
   1.2000000e+01  -3.5000000e+01  -1.4349767e+02   4.5157514e+00   1.4000000e+01  -5.1000000e+01  -4.1793106e+00
   1.2000000e+01  -3.5000000e+01  -1.4316988e+02   5.8940177e+00   1.4000000e+01  -5.1000000e+01  -5.8396557e+00
   1.2000000e+01  -3.5000000e+01  -1.4284209e+02   7.2722839e+00   1.4000000e+01  -5.1000000e+01  -7.5000007e+00
   1.2000000e+01  -3.5000000e+01  -1.4213152e+02   8.9494653e+00   1.4000000e+01  -5.1000000e+01  -8.9126207e+00
   1.2000000e+01  -3.5000000e+01  -1.4230182e+02   9.3756299e+00   1.4000000e+01  -5.1000000e+01  -1.1022343e+01
   1.2000000e+01  -3.5000000e+01  -1.4163245e+02   1.1100998e+01   1.4000000e+01  -5.1000000e+01  -1.2414901e+01
   1.2000000e+01  -3.5000000e+01  -1.4161243e+02   1.1853793e+01   1.4000000e+01  -5.1000000e+01  -1.4452687e+01
   1.2000000e+01  -3.5000000e+01  -1.4075860e+02   1.3766246e+01   1.4000000e+01  -5.1000000e+01  -1.5896515e+01
   1.2000000e+01  -3.5000000e+01  -1.4045350e+02   1.4950718e+01   1.4000000e+01  -5.1000000e+01  -1.7749462e+01
   1.2000000e+01  -3.5000000e+01  -1.4034181e+02   1.6809253e+01   1.4000000e+01  -5.1000000e+01  -1.9040660e+01
   1.2000000e+01  -3.5000000e+01  -1.3993996e+02   1.8038785e+01   1.4000000e+01  -5.1000000e+01  -2.0683532e+01
   1.2000000e+01  -3.5000000e+01  -1.3896819e+02   2.0766096e+01   1.4000000e+01  -5.1000000e+01  -2.3144085e+01
   1.2000000e+01  -3.5000000e+01  -1.3849158e+02   2.2863133e+01   1.4000000e+01  -5.1000000e+01  -2.5979664e+01
   1.2000000e+01  -3.5000000e+01  -1.3824113e+02   2.4585683e+01   1.4000000e+01  -5.1000000e+01  -2.8965577e+01
   1.2000000e+01  -3.5000000e+01  -1.3757748e+02   2.6754053e+01   1.4000000e+01  -5.1000000e+01  -3.1719592e+01
   1.2000000e+01  -3.5000000e+01  -1.3759804e+02   2.7973729e+01   1.4000000e+01  -5.1000000e+01  -3.4917119e+01
   1.2000000e+01  -3.5000000e+01  -1.3712566e+02   2.9580773e+01   1.4000000e+01  -5.1000000e+01  -3.7789344e+01
   1.2000000e+01  -3.5000000e+01  -1.3670866e+02   3.1777312e+01   1.4000000e+01  -5.1000000e+01  -4.0075726e+01
   1.2000000e+01  -3.5000000e+01  -1.3658409e+02   3.3021506e+01   1.4000000e+01  -5.1000000e+01  -4.1725726e+01
   1.2000000e+01  -3.5000000e+01  -1.3648113e+02   3.4029379e+01   1.4000000e+01  -5.1000000e+01  -4.3401252e+01
   1.2000000e+01  -3.5000000e+01  -1.3592530e+02   3.4863093e+01   1.4000000e+01  -5.1000000e+01  -4.4606017e+01
   1.2000000e+01  -3.5000000e+01  -1.3502183e+02   3.4869662e+01   1.4000000e+01  -5.1000000e+01  -4.3280771e+01
   1.2000000e+01  -3.5000000e+01  -1.3417887e+02   3.3503079e+01   1.4000000e+01  -5.1000000e+01  -4.2208456e+01
   1.2000000e+01  -3.5000000e+01  -1.3455205e+02   2.8169496e+01   1.4000000e+01  -5.1000000e+01  -4.0343640e+01
   1.2000000e+01  -3.5000000e+01  -1.3418799e+02   2.1981124e+01   1.4000000e+01  -5.1000000e+01  -3.6757736e+01
   1.2000000e+01  -3.5000000e+01  -1.3383096e+02   1.5329953e+01   1.4000000e+01  -5.1000000e+01  -3.2196855e+01
   1.2000000e+01  -3.5000000e+01  -1.3359050e+02   9.2759271e+00   1.4000000e+01  -5.1000000e+01  -2.5599982e+01
   1.2000000e+01  -3.5000000e+01  -1.3450548e+02   1.8381297e+00   1.4000000e+01  -5.1000000e+01  -1.9338902e+01
   1.2000000e+01  -3.5000000e+01  -1.3675581e+02  -3.6684978e+00   1.4000000e+01  -5.1000000e+01  -1.1369641e+01
   1.2000000e+01  -3.5000000e+01  -1.3955190e+02  -1.0073996e+01   1.4000000e+01  -5.1000000e+01  -1.7180533e+00
   1.2000000e+01  -3.5000000e+01  -1.4318493e+02  -1.7991901e+01   1.4000000e+01  -5.1000000e+01   7.9668531e+00
   1.2000000e+01  -3.5000000e+01  -1.4753103e+02  -2.4313534e+01   1.4000000e+01  -5.1000000e+01   1.7364048e+01
   1.2000000e+01  -3.5000000e+01  -1.5179956e+02  -2.8222701e+01   1.4000000e+01  -5.1000000e+01   2.6139878e+01
   1.2000000e+01  -3.5000000e+01  -1.5490953e+02  -3.1117382e+01   1.4000000e+01  -5.1000000e+01   3.4236515e+01
   1.2000000e+01  -3.5000000e+01  -1.5861704e+02  -3.2315564e+01   1.4000000e+01  -5.1000000e+01   3.8883228e+01
   1.2000000e+01  -3.5000000e+01  -1.6389634e+02  -3.2262123e+01   1.4000000e+01  -5.1000000e+01   4.2548893e+01
   1.2000000e+01  -3.5000000e+01  -1.6634028e+02  -3.1737610e+01   1.4000000e+01  -5.1000000e+01   4.9343905e+01
   1.2000000e+01  -3.5000000e+01  -1.6728202e+02  -3.1943652e+01   1.4000000e+01  -5.1000000e+01   5.1723800e+01
   1.2000000e+01  -3.5000000e+01  -1.6673412e+02  -3.1989466e+01   1.4000000e+01  -5.1000000e+01   5.0384644e+01
   1.2000000e+01  -3.5000000e+01  -1.6420347e+02  -3.2472395e+01   1.4000000e+01  -5.1000000e+01   4.7615302e+01
   1.2000000e+01  -3.5000000e+01  -1.6213913e+02  -3.2194558e+01   1.4000000e+01  -5.1000000e+01   4.5159940e+01
   1.2000000e+01  -3.5000000e+01  -1.6005421e+02  -3.0901705e+01   1.4000000e+01  -5.1000000e+01   4.3231371e+01
   1.2000000e+01  -3.5000000e+01  -1.5725845e+02  -2.8887765e+01   1.4000000e+01  -5.1000000e+01   3.9303325e+01
   1.2000000e+01  -3.5000000e+01  -1.5700006e+02  -2.8969906e+01   1.4000000e+01  -5.1000000e+01   3.6294305e+01
   1.2000000e+01  -3.5000000e+01  -1.5533276e+02  -2.7270382e+01   1.4000000e+01  -5.1000000e+01   3.7147243e+01
   1.2000000e+01  -3.5000000e+01  -1.5491250e+02  -2.6542230e+01   1.4000000e+01  -5.1000000e+01   3.7190259e+01
   1.2000000e+01  -3.5000000e+01  -1.5739484e+02  -2.7350233e+01   1.4000000e+01  -5.1000000e+01   3.4285492e+01
   1.2000000e+01  -3.5000000e+01  -1.5795688e+02  -2.5750807e+01   1.4000000e+01  -5.1000000e+01   3.3804515e+01
   1.2000000e+01  -3.5000000e+01  -1.5663615e+02  -2.5651421e+01   1.4000000e+01  -5.1000000e+01   3.2812448e+01
   1.2000000e+01  -3.5000000e+01  -1.5739978e+02  -2.5749271e+01   1.4000000e+01  -5.1000000e+01   3.1768407e+01
   1.2000000e+01  -3.5000000e+01  -1.5364449e+02  -2.4277395e+01   1.4000000e+01  -5.1000000e+01   3.0100412e+01
   1.2000000e+01  -3.5000000e+01  -1.5119780e+02  -2.1593432e+01   1.4000000e+01  -5.1000000e+01   2.8931573e+01
   1.2000000e+01  -3.5000000e+01  -1.5021573e+02  -1.9563330e+01   1.4000000e+01  -5.1000000e+01   2.7143676e+01
   1.2000000e+01  -3.5000000e+01  -1.4915192e+02  -1.7137199e+01   1.4000000e+01  -5.1000000e+01   2.6114998e+01
   1.2000000e+01  -3.5000000e+01  -1.4882914e+02  -1.5845683e+01   1.4000000e+01  -5.1000000e+01   2.4742400e+01
   1.2000000e+01  -3.5000000e+01  -1.4957016e+02  -1.5162530e+01   1.4000000e+01  -5.1000000e+01   2.4260920e+01
   1.2000000e+01  -3.5000000e+01  -1.4900357e+02  -1.4639692e+01   1.4000000e+01  -5.1000000e+01   2.3098969e+01
   1.2000000e+01  -3.5000000e+01  -1.4944285e+02  -1.4513373e+01   1.4000000e+01  -5.1000000e+01   2.1474952e+01
   1.2000000e+01  -3.5000000e+01  -1.4740044e+02  -1.2306398e+01   1.4000000e+01  -5.1000000e+01   1.8991476e+01
   1.2000000e+01  -3.5000000e+01  -1.4609677e+02  -1.1057172e+01   1.4000000e+01  -5.1000000e+01   1.5902856e+01
   1.2000000e+01  -3.5000000e+01  -1.4511779e+02  -8.9756657e+00   1.4000000e+01  -5.1000000e+01   1.3427376e+01
   1.2000000e+01  -3.5000000e+01  -1.4442821e+02  -7.2005165e+00   1.4000000e+01  -5.1000000e+01   1.0921549e+01
   1.2000000e+01  -3.5000000e+01  -1.4383370e+02  -5.9465087e+00   1.4000000e+01  -5.1000000e+01   8.6776387e+00
   1.2000000e+01  -3.5000000e+01  -1.4279271e+02  -4.1991858e+00   1.4000000e+01  -5.1000000e+01   6.8780732e+00
   1.2000000e+01  -3.5000000e+01  -1.4242239e+02  -3.2384821e+00   1.4000000e+01  -5.1000000e+01   4.9026632e+00
   1.2000000e+01  -3.5000000e+01  -1.4242370e+02  -2.2701260e+00   1.4000000e+01  -5.1000000e+01   3.0948923e+00
   1.2000000e+01  -3.5000000e+01  -1.4197259e+02  -1.0681111e+00   1.4000000e+01  -5.1000000e+01   1.5635105e+00
   1.2000000e+01  -3.5000000e+01  -1.4164433e+02  -3.4626053e-01   1.4000000e+01  -5.1000000e+01  -1.3035753e-01
   1.2000000e+01  -3.5000000e+01  -1.4097388e+02   1.0099973e+00   1.4000000e+01  -5.1000000e+01  -1.5330910e+00
   1.2000000e+01  -3.5000000e+01  -1.4042691e+02   2.9888911e+00   1.4000000e+01  -5.1000000e+01  -2.6428096e+00
   1.2000000e+01  -3.5000000e+01  -1.3996349e+02   4.3586642e+00   1.4000000e+01  -5.1000000e+01  -4.2900714e+00
   1.2000000e+01  -3.5000000e+01  -1.3854448e+02   6.5363552e+00   1.4000000e+01  -5.1000000e+01  -6.7730074e+00
   1.2000000e+01  -3.5000000e+01  -1.3746985e+02   8.6508449e+00   1.4000000e+01  -5.1000000e+01  -9.4319757e+00
   1.2000000e+01  -3.5000000e+01  -1.3687350e+02   1.0848420e+01   1.4000000e+01  -5.1000000e+01  -1.2134740e+01
   1.2000000e+01  -3.5000000e+01  -1.3627715e+02   1.3045995e+01   1.4000000e+01  -5.1000000e+01  -1.4837505e+01
   1.2000000e+01  -3.5000000e+01  -1.3603852e+02   1.4816429e+01   1.4000000e+01  -5.1000000e+01  -1.7687067e+01
   1.2000000e+01  -3.5000000e+01  -1.3532798e+02   1.6906414e+01   1.4000000e+01  -5.1000000e+01  -2.0331654e+01
   1.2000000e+01  -3.5000000e+01  -1.3461744e+02   1.8996399e+01   1.4000000e+01  -5.1000000e+01  -2.2976240e+01
   1.2000000e+01  -3.5000000e+01  -1.3444043e+02   2.1123588e+01   1.4000000e+01  -5.1000000e+01  -2.5314276e+01
   1.2000000e+01  -3.5000000e+01  -1.3375536e+02   2.2821675e+01   1.4000000e+01  -5.1000000e+01  -2.7294235e+01
   1.2000000e+01  -3.5000000e+01  -1.3350178e+02   2.4448052e+01   1.4000000e+01  -5.1000000e+01  -2.9275766e+01
   1.2000000e+01  -3.5000000e+01  -1.3306872e+02   2.5476716e+01   1.4000000e+01  -5.1000000e+01  -3.0433035e+01
   1.2000000e+01  -3.5000000e+01  -1.3221275e+02   2.6642815e+01   1.4000000e+01  -5.1000000e+01  -3.1513848e+01
   1.2000000e+01  -3.5000000e+01  -1.3180393e+02   2.8010261e+01   1.4000000e+01  -5.1000000e+01  -3.3035150e+01
   1.2000000e+01  -3.5000000e+01  -1.3100445e+02   2.9335744e+01   1.4000000e+01  -5.1000000e+01  -3.4636501e+01
   1.2000000e+01  -3.5000000e+01  -1.3054342e+02   3.0232388e+01   1.4000000e+01  -5.1000000e+01  -3.6416516e+01
   1.2000000e+01  -3.5000000e+01  -1.3048464e+02   3.0815017e+01   1.4000000e+01  -5.1000000e+01  -3.8245621e+01
   1.2000000e+01  -3.5000000e+01  -1.3017906e+02   3.1697993e+01   1.4000000e+01  -5.1000000e+01  -3.8898406e+01
   1.2000000e+01  -3.5000000e+01  -1.2915571e+02   3.1520372e+01   1.4000000e+01  -5.1000000e+01  -3.7958248e+01
   1.2000000e+01  -3.5000000e+01  -1.2744086e+02   2.7085811e+01   1.4000000e+01  -5.1000000e+01  -3.6018604e+01
   1.2000000e+01  -3.5000000e+01  -1.2637013e+02   2.0640355e+01   1.4000000e+01  -5.1000000e+01  -3.3336591e+01
   1.2000000e+01  -3.5000000e+01  -1.2544236e+02   1.4061514e+01   1.4000000e+01  -5.1000000e+01  -2.9029063e+01
   1.2000000e+01  -3.5000000e+01  -1.2662624e+02   7.3045493e+00   1.4000000e+01  -5.1000000e+01  -2.3544675e+01
   1.2000000e+01  -3.5000000e+01  -1.2959080e+02   8.4752747e-01   1.4000000e+01  -5.1000000e+01  -1.7521814e+01
   1.2000000e+01  -3.5000000e+01  -1.3279903e+02  -5.2914782e+00   1.4000000e+01  -5.1000000e+01  -9.4736162e+00
   1.2000000e+01  -3.5000000e+01  -1.3613595e+02  -1.1350146e+01   1.4000000e+01  -5.1000000e+01  -1.0130852e+00
   1.2000000e+01  -3.5000000e+01  -1.3900537e+02  -1.7767902e+01   1.4000000e+01  -5.1000000e+01   6.6402142e+00
   1.2000000e+01  -3.5000000e+01  -1.4425277e+02  -2.2644493e+01   1.4000000e+01  -5.1000000e+01   1.2712336e+01
   1.2000000e+01  -3.5000000e+01  -1.4934725e+02  -2.6787290e+01   1.4000000e+01  -5.1000000e+01   1.9819078e+01
   1.2000000e+01  -3.5000000e+01  -1.4940254e+02  -3.2315454e+01   1.4000000e+01  -5.1000000e+01   2.9030972e+01
   1.2000000e+01  -3.5000000e+01  -1.5234930e+02  -3.5594109e+01   1.4000000e+01  -5.1000000e+01   3.7379193e+01
   1.2000000e+01  -3.5000000e+01  -1.5473882e+02  -3.7593583e+01   1.4000000e+01  -5.1000000e+01   4.0949692e+01
   1.2000000e+01  -3.5000000e+01  -1.5538983e+02  -3.7689467e+01   1.4000000e+01  -5.1000000e+01   4.2088482e+01
   1.2000000e+01  -3.5000000e+01  -1.5652594e+02  -3.7551636e+01   1.4000000e+01  -5.1000000e+01   4.2564008e+01
   1.2000000e+01  -3.5000000e+01  -1.5812555e+02  -3.5365928e+01   1.4000000e+01  -5.1000000e+01   4.1543405e+01
   1.2000000e+01  -3.5000000e+01  -1.5770189e+02  -3.3615408e+01   1.4000000e+01  -5.1000000e+01   5.0244376e+01
   1.2000000e+01  -3.5000000e+01  -1.5720586e+02  -3.3287521e+01   1.4000000e+01  -5.1000000e+01   5.2716527e+01
   1.2000000e+01  -3.5000000e+01  -1.5699828e+02  -3.2384752e+01   1.4000000e+01  -5.1000000e+01   5.1108655e+01
   1.2000000e+01  -3.5000000e+01  -1.5593241e+02  -2.9753415e+01   1.4000000e+01  -5.1000000e+01   4.6781184e+01
   1.2000000e+01  -3.5000000e+01  -1.5726344e+02  -2.9093607e+01   1.4000000e+01  -5.1000000e+01   4.2741543e+01
   1.2000000e+01  -3.5000000e+01  -1.5536172e+02  -2.6185090e+01   1.4000000e+01  -5.1000000e+01   4.2642815e+01
   1.2000000e+01  -3.5000000e+01  -1.5230821e+02  -2.3920353e+01   1.4000000e+01  -5.1000000e+01   4.0575961e+01
   1.2000000e+01  -3.5000000e+01  -1.5042309e+02  -2.1974557e+01   1.4000000e+01  -5.1000000e+01   3.8468095e+01
   1.2000000e+01  -3.5000000e+01  -1.4885489e+02  -2.1830615e+01   1.4000000e+01  -5.1000000e+01   3.5008654e+01
   1.2000000e+01  -3.5000000e+01  -1.4788249e+02  -2.2612694e+01   1.4000000e+01  -5.1000000e+01   3.2043602e+01
   1.2000000e+01  -3.5000000e+01  -1.4503870e+02  -1.8694784e+01   1.4000000e+01  -5.1000000e+01   3.1089640e+01
   1.2000000e+01  -3.5000000e+01  -1.4356946e+02  -1.6272137e+01   1.4000000e+01  -5.1000000e+01   2.9018103e+01
   1.2000000e+01  -3.5000000e+01  -1.4333511e+02  -1.6224823e+01   1.4000000e+01  -5.1000000e+01   2.5936070e+01
   1.2000000e+01  -3.5000000e+01  -1.4269770e+02  -1.3850210e+01   1.4000000e+01  -5.1000000e+01   2.3916675e+01
   1.2000000e+01  -3.5000000e+01  -1.4129509e+02  -9.1813298e+00   1.4000000e+01  -5.1000000e+01   2.0613015e+01
   1.2000000e+01  -3.5000000e+01  -1.4003160e+02  -6.6702623e+00   1.4000000e+01  -5.1000000e+01   1.6979679e+01
   1.2000000e+01  -3.5000000e+01  -1.3897244e+02  -3.7379628e+00   1.4000000e+01  -5.1000000e+01   1.3776998e+01
   1.2000000e+01  -3.5000000e+01  -1.3841285e+02  -2.2663981e+00   1.4000000e+01  -5.1000000e+01   1.1153943e+01
   1.2000000e+01  -3.5000000e+01  -1.3829466e+02  -8.8174977e-01   1.4000000e+01  -5.1000000e+01   9.4994411e+00
   1.2000000e+01  -3.5000000e+01  -1.3853153e+02  -8.3426281e-02   1.4000000e+01  -5.1000000e+01   7.8425854e+00
   1.2000000e+01  -3.5000000e+01  -1.3797120e+02   1.0191103e+00   1.4000000e+01  -5.1000000e+01   6.1704195e+00
   1.2000000e+01  -3.5000000e+01  -1.3753999e+02   2.5457490e+00   1.4000000e+01  -5.1000000e+01   4.3619271e+00
   1.2000000e+01  -3.5000000e+01  -1.3670380e+02   4.3006031e+00   1.4000000e+01  -5.1000000e+01   2.5225130e+00
   1.2000000e+01  -3.5000000e+01  -1.3658935e+02   5.2023728e+00   1.4000000e+01  -5.1000000e+01   2.7898911e-01
   1.2000000e+01  -3.5000000e+01  -1.3574260e+02   7.3831459e+00   1.4000000e+01  -5.1000000e+01  -1.3362837e+00
   1.2000000e+01  -3.5000000e+01  -1.3548807e+02   9.0069309e+00   1.4000000e+01  -5.1000000e+01  -3.4377889e+00
   1.2000000e+01  -3.5000000e+01  -1.3500397e+02   1.1031822e+01   1.4000000e+01  -5.1000000e+01  -5.4738711e+00
   1.2000000e+01  -3.5000000e+01  -1.3422986e+02   1.3721453e+01   1.4000000e+01  -5.1000000e+01  -9.0737176e+00
   1.2000000e+01  -3.5000000e+01  -1.3382512e+02   1.5976422e+01   1.4000000e+01  -5.1000000e+01  -1.2768666e+01
   1.2000000e+01  -3.5000000e+01  -1.3326738e+02   1.8476492e+01   1.4000000e+01  -5.1000000e+01  -1.6214237e+01
   1.2000000e+01  -3.5000000e+01  -1.3317780e+02   1.9980120e+01   1.4000000e+01  -5.1000000e+01  -1.9167355e+01
   1.2000000e+01  -3.5000000e+01  -1.3257877e+02   2.2072175e+01   1.4000000e+01  -5.1000000e+01  -2.1862048e+01
   1.2000000e+01  -3.5000000e+01  -1.3188724e+02   2.4447202e+01   1.4000000e+01  -5.1000000e+01  -2.4448145e+01
   1.2000000e+01  -3.5000000e+01  -1.3140663e+02   2.6386973e+01   1.4000000e+01  -5.1000000e+01  -2.7315137e+01
   1.2000000e+01  -3.5000000e+01  -1.3108070e+02   2.8134743e+01   1.4000000e+01  -5.1000000e+01  -3.0141143e+01
   1.2000000e+01  -3.5000000e+01  -1.3012553e+02   2.9639838e+01   1.4000000e+01  -5.1000000e+01  -3.2822670e+01
   1.2000000e+01  -3.5000000e+01  -1.2929966e+02   3.0612735e+01   1.4000000e+01  -5.1000000e+01  -3.4831014e+01
   1.2000000e+01  -3.5000000e+01  -1.2824811e+02   3.0655835e+01   1.4000000e+01  -5.1000000e+01  -3.5144732e+01
   1.2000000e+01  -3.5000000e+01  -1.2769131e+02   3.0859243e+01   1.4000000e+01  -5.1000000e+01  -3.5311767e+01
   1.2000000e+01  -3.5000000e+01  -1.2758178e+02   2.9385746e+01   1.4000000e+01  -5.1000000e+01  -3.4721579e+01
   1.2000000e+01  -3.5000000e+01  -1.2801624e+02   2.4812833e+01   1.4000000e+01  -5.1000000e+01  -3.3147091e+01
   1.2000000e+01  -3.5000000e+01  -1.2847613e+02   1.7925076e+01   1.4000000e+01  -5.1000000e+01  -3.1009714e+01
   1.2000000e+01  -3.5000000e+01  -1.2873053e+02   1.1572305e+01   1.4000000e+01  -5.1000000e+01  -2.6366524e+01
   1.2000000e+01  -3.5000000e+01  -1.3041540e+02   5.5083512e+00   1.4000000e+01  -5.1000000e+01  -2.1523812e+01
   1.2000000e+01  -3.5000000e+01  -1.3324157e+02  -4.1995294e-01   1.4000000e+01  -5.1000000e+01  -1.5608037e+01
   1.2000000e+01  -3.5000000e+01  -1.3557182e+02  -5.9783140e+00   1.4000000e+01  -5.1000000e+01  -7.8560720e+00
   1.2000000e+01  -3.5000000e+01  -1.3670625e+02  -1.2503924e+01   1.4000000e+01  -5.1000000e+01   1.1399895e+00
   1.2000000e+01  -3.5000000e+01  -1.3903107e+02  -1.9766296e+01   1.4000000e+01  -5.1000000e+01   7.8650608e+00
   1.2000000e+01  -3.5000000e+01  -1.4239365e+02  -2.5238349e+01   1.4000000e+01  -5.1000000e+01   1.1978100e+01
   1.2000000e+01  -3.5000000e+01  -1.4732262e+02  -2.7338655e+01   1.4000000e+01  -5.1000000e+01   1.5356834e+01
   1.2000000e+01  -3.5000000e+01  -1.5278916e+02  -2.8224228e+01   1.4000000e+01  -5.1000000e+01   1.8969082e+01
   1.2000000e+01  -3.5000000e+01  -1.5813104e+02  -2.8346738e+01   1.4000000e+01  -5.1000000e+01   2.3514896e+01
