   4.4382729e+01   6.1845521e+01  -1.4296417e+02   6.0864898e+01   2.3233747e+01  -3.1194073e+01  -6.2581902e+00
   4.0768411e+01   4.7845539e+01  -1.4300000e+02   5.4154337e+01   2.0851824e+01  -3.0262164e+01  -1.0392067e+01
   3.8036908e+01   3.3845696e+01  -1.4303583e+02   4.7526100e+01   1.9405129e+01  -2.9067112e+01  -1.4315314e+01
   3.5305405e+01   1.9845852e+01  -1.4307166e+02   4.0897864e+01   1.7958433e+01  -2.7872059e+01  -1.8238561e+01
   3.2573903e+01   5.8460093e+00  -1.4310749e+02   3.4269627e+01   1.6511738e+01  -2.6677007e+01  -2.2161808e+01
   2.9842400e+01  -8.1538339e+00  -1.4314333e+02   2.7641391e+01   1.5065043e+01  -2.5481955e+01  -2.6085055e+01
   2.7110897e+01  -2.2153677e+01  -1.4317916e+02   2.1013154e+01   1.3618348e+01  -2.4286903e+01  -3.0008301e+01
   2.4421957e+01  -3.5000000e+01  -1.4300000e+02   1.4349168e+01   1.2214915e+01  -2.3124619e+01  -3.3941243e+01
   2.8645633e+01  -3.5000000e+01  -1.4300000e+02   9.7542197e+00   1.8759699e+01  -1.8955962e+01  -3.6575988e+01
   2.8915589e+01  -3.5000000e+01  -1.4300000e+02   7.0833233e+00   2.2902675e+01  -1.3900556e+01  -3.8616051e+01
   2.8068175e+01  -3.5000000e+01  -1.4300000e+02   4.2372364e+00   2.5988313e+01  -9.2230947e+00  -4.1431756e+01
   2.8431016e+01  -3.5000000e+01  -1.4300000e+02   2.1860858e+00   2.8598944e+01  -4.5935253e+00  -4.4210551e+01
   2.7405918e+01  -3.5000000e+01  -1.4300000e+02  -3.0468630e-01   3.0812489e+01  -7.9611562e-01  -4.6505751e+01
   2.6746777e+01  -3.5000000e+01  -1.4300000e+02  -2.2667499e+00   3.2922716e+01   3.0211790e+00  -4.8786869e+01
   2.6068526e+01  -3.5000000e+01  -1.4300000e+02  -4.1228920e+00   3.4997877e+01   6.8988278e+00  -5.1027690e+01
   2.5728943e+01  -3.5000000e+01  -1.4300000e+02  -6.1047248e+00   3.7290559e+01   9.8765097e+00  -5.3182993e+01
   2.5753573e+01  -3.5000000e+01  -1.4300000e+02  -7.7571908e+00   3.9719805e+01   1.2687910e+01  -5.4816281e+01
   2.4740372e+01  -3.5000000e+01  -1.4300000e+02  -9.1735557e+00   4.1881898e+01   1.4905123e+01  -5.5717124e+01
   2.4294663e+01  -3.5000000e+01  -1.4300000e+02  -1.0222280e+01   4.4178197e+01   1.7271468e+01  -5.6121154e+01
   2.3367927e+01  -3.5000000e+01  -1.4300000e+02  -1.1441092e+01   4.6327237e+01   1.9252830e+01  -5.6646137e+01
   2.2932028e+01  -3.5000000e+01  -1.4300000e+02  -1.2457738e+01   4.8509304e+01   2.1347030e+01  -5.6281159e+01
   2.2548841e+01  -3.5000000e+01  -1.4300000e+02  -1.3867418e+01   5.0724194e+01   2.3043712e+01  -5.6060854e+01
   2.3278010e+01  -3.5000000e+01  -1.4300000e+02  -1.4606779e+01   5.2076376e+01   2.4737246e+01  -5.6468168e+01
   2.2595344e+01  -3.5000000e+01  -1.4300000e+02  -1.5211855e+01   5.3445357e+01   2.6014715e+01  -5.6522018e+01
   2.1721742e+01  -3.5000000e+01  -1.4300000e+02  -1.5813646e+01   5.4672883e+01   2.7132866e+01  -5.6817220e+01
   2.1550758e+01  -3.5000000e+01  -1.4300000e+02  -1.6934557e+01   5.5590720e+01   2.7837737e+01  -5.7303217e+01
   2.3360772e+01  -3.5000000e+01  -1.4300000e+02  -1.7241642e+01   5.6695398e+01   2.8854588e+01  -5.7684867e+01
   2.4994212e+01  -3.5000000e+01  -1.4300000e+02  -1.9210391e+01   5.7077640e+01   2.8124390e+01  -5.6010147e+01
   2.6466362e+01  -3.5000000e+01  -1.4300000e+02  -2.1513490e+01   5.6760125e+01   2.7168153e+01  -5.2833408e+01
   2.7006062e+01  -3.5000000e+01  -1.4300000e+02  -2.4970403e+01   5.6096737e+01   2.5263188e+01  -4.8516248e+01
   2.5522331e+01  -3.5000000e+01  -1.4300000e+02  -2.8948467e+01   5.6023210e+01   2.1290208e+01  -4.2121546e+01
   2.1905885e+01  -3.5000000e+01  -1.4300000e+02  -3.3454493e+01   5.4318047e+01   1.6589674e+01  -3.5997067e+01
   1.6781959e+01  -3.5000000e+01  -1.4300000e+02  -3.7652239e+01   4.9987424e+01   1.1483523e+01  -2.9888710e+01
   1.3128227e+01  -3.5000000e+01  -1.4300000e+02  -4.1553142e+01   4.5228538e+01   5.5763685e+00  -2.5140352e+01
   1.0189389e+01  -3.5000000e+01  -1.4300000e+02  -4.4778341e+01   4.0147413e+01  -6.7757635e-01  -1.7997126e+01
   7.0417771e+00  -3.5000000e+01  -1.4300000e+02  -4.7872600e+01   3.3351526e+01  -7.4192133e+00  -1.1069493e+01
   3.6076114e+00  -3.5000000e+01  -1.4300000e+02  -4.8984056e+01   2.7743395e+01  -1.3466102e+01  -3.1749475e+00
  -1.9819543e+00  -3.5000000e+01  -1.4300000e+02  -4.6545095e+01   2.4076789e+01  -1.8045891e+01   1.2171415e+00
  -3.6697314e+00  -3.5000000e+01  -1.4300000e+02  -4.7391506e+01   1.6739469e+01  -2.4222410e+01   1.0200531e+01
  -6.7015453e+00  -3.5000000e+01  -1.4300000e+02  -4.8209257e+01   1.0161750e+01  -2.9710348e+01   1.9555995e+01
  -8.4850871e+00  -3.5000000e+01  -1.4300000e+02  -4.7232469e+01   3.6131611e+00  -3.3971891e+01   2.6526588e+01
  -1.2082502e+01  -3.5000000e+01  -1.4300000e+02  -4.5364922e+01  -7.7972766e-02  -3.7285520e+01   3.3404077e+01
  -1.0933990e+01  -3.5000000e+01  -1.4300000e+02  -4.4686897e+01  -4.0106538e+00  -4.1355429e+01   4.0034776e+01
  -1.3474089e+01  -3.5000000e+01  -1.4300000e+02  -4.2136891e+01  -5.1320086e+00  -4.3535519e+01   4.1494146e+01
  -1.5012729e+01  -3.5000000e+01  -1.4300000e+02  -3.9488572e+01  -5.6027361e+00  -4.4963135e+01   4.3378662e+01
  -1.6726357e+01  -3.5000000e+01  -1.4300000e+02  -3.7557157e+01  -5.3833281e+00  -4.6267361e+01   4.4050253e+01
  -1.6831329e+01  -3.5000000e+01  -1.4300000e+02  -3.6007102e+01  -4.5722357e+00  -4.7523018e+01   4.3519275e+01
  -1.7853641e+01  -3.5000000e+01  -1.4300000e+02  -3.4882057e+01  -3.1923693e+00  -4.8604265e+01   4.3067819e+01
  -1.7911933e+01  -3.5000000e+01  -1.4300000e+02  -3.3788615e+01  -1.7441693e+00  -4.9261933e+01   4.3136133e+01
  -1.8625758e+01  -3.5000000e+01  -1.4300000e+02  -3.3059131e+01  -9.7387166e-01  -4.9888913e+01   4.1917029e+01
  -1.9326268e+01  -3.5000000e+01  -1.4300000e+02  -3.1570769e+01  -1.8496207e-01  -4.9749902e+01   4.1143044e+01
  -1.9988916e+01  -3.5000000e+01  -1.4300000e+02  -3.0593419e+01   3.2515072e-01  -4.9762912e+01   3.9878419e+01
  -1.9423949e+01  -3.5000000e+01  -1.4300000e+02  -3.0678040e+01   1.8094108e+00  -5.0429099e+01   3.6339150e+01
  -1.9589822e+01  -3.5000000e+01  -1.4300000e+02  -3.0516207e+01   3.1868289e+00  -5.0239038e+01   3.6208437e+01
  -2.1896991e+01  -3.5000000e+01  -1.4300000e+02  -3.0158318e+01   2.9066012e+00  -4.9487163e+01   3.5898209e+01
  -2.2999700e+01  -3.5000000e+01  -1.4300000e+02  -2.9835056e+01   2.7572446e+00  -4.8829655e+01   3.4791137e+01
  -2.4895579e+01  -3.5000000e+01  -1.4300000e+02  -3.0221056e+01   2.9669034e+00  -4.8218669e+01   3.3177514e+01
  -2.8229088e+01  -3.5000000e+01  -1.4300000e+02  -3.1308277e+01   3.1043475e+00  -4.7974744e+01   3.1625257e+01
  -2.5702542e+01  -3.5000000e+01  -1.4300000e+02  -3.0617653e+01   3.3808647e+00  -4.6733123e+01   3.1234753e+01
  -1.9252883e+01  -3.5000000e+01  -1.4300000e+02  -2.8000031e+01   4.2842687e+00  -4.5767224e+01   3.2199502e+01
  -1.6374777e+01  -3.5000000e+01  -1.4300000e+02  -2.6710041e+01   4.4281725e+00  -4.5972600e+01   3.2005575e+01
  -1.3619176e+01  -3.5000000e+01  -1.4300000e+02  -2.5966499e+01   4.5964203e+00  -4.6540739e+01   3.1514872e+01
  -1.1261760e+01  -3.5000000e+01  -1.4300000e+02  -2.4794405e+01   5.3220690e+00  -4.6541190e+01   3.1471797e+01
  -1.0396730e+01  -3.5000000e+01  -1.4300000e+02  -2.4376707e+01   5.6654578e+00  -4.6560475e+01   3.0473352e+01
  -1.0133653e+01  -3.5000000e+01  -1.4300000e+02  -2.4812717e+01   6.3042904e+00  -4.6488618e+01   3.0072837e+01
  -1.0517972e+01  -3.5000000e+01  -1.4300000e+02  -2.5443336e+01   6.7031706e+00  -4.6015680e+01   2.8598823e+01
  -1.0995217e+01  -3.5000000e+01  -1.4300000e+02  -2.5562626e+01   6.9616764e+00  -4.5085821e+01   2.7224198e+01
  -1.1433827e+01  -3.5000000e+01  -1.4300000e+02  -2.6038779e+01   7.2572888e+00  -4.4318379e+01   2.5591888e+01
  -1.0486223e+01  -3.5000000e+01  -1.4300000e+02  -2.6257439e+01   7.8567603e+00  -4.3074824e+01   2.3871135e+01
  -6.5277354e+00  -3.5000000e+01  -1.4300000e+02  -2.5623097e+01   8.4777900e+00  -4.1483670e+01   2.2763155e+01
  -4.5878861e+00  -3.5000000e+01  -1.4300000e+02  -2.4819580e+01   9.0801581e+00  -3.9961181e+01   2.1639777e+01
  -6.2398864e+00  -3.5000000e+01  -1.4300000e+02  -2.5157658e+01   9.1961575e+00  -3.9311443e+01   2.0087039e+01
  -7.4169388e+00  -3.5000000e+01  -1.4300000e+02  -2.5755729e+01   9.3836822e+00  -3.8631325e+01   1.8462620e+01
  -7.7253591e+00  -3.5000000e+01  -1.4300000e+02  -2.5674450e+01   9.9321943e+00  -3.7400728e+01   1.6973291e+01
  -8.1391398e+00  -3.5000000e+01  -1.4300000e+02  -2.5786643e+01   1.0319295e+01  -3.6367805e+01   1.4643711e+01
  -8.7281667e+00  -3.5000000e+01  -1.4300000e+02  -2.5347068e+01   1.0793713e+01  -3.4874616e+01   1.2615308e+01
  -9.2856399e+00  -3.5000000e+01  -1.4300000e+02  -2.5488684e+01   1.1384824e+01  -3.3871106e+01   1.0317633e+01
  -9.9788779e+00  -3.5000000e+01  -1.4300000e+02  -2.5511099e+01   1.2626099e+01  -3.2512844e+01   8.4299106e+00
  -1.0189359e+01  -3.5000000e+01  -1.4300000e+02  -2.5336996e+01   1.3314002e+01  -3.0999311e+01   6.7860863e+00
  -1.0219898e+01  -3.5000000e+01  -1.4300000e+02  -2.5115983e+01   1.4513159e+01  -2.9493170e+01   5.0500283e+00
  -8.6502443e+00  -3.5000000e+01  -1.4300000e+02  -2.4147406e+01   1.5637927e+01  -2.7959206e+01   3.3906236e+00
  -9.0119133e+00  -3.5000000e+01  -1.4300000e+02  -2.3792876e+01   1.6408237e+01  -2.6957260e+01   1.0888548e+00
  -9.3910623e+00  -3.5000000e+01  -1.4300000e+02  -2.3486590e+01   1.7097140e+01  -2.5767987e+01  -1.6505742e+00
  -9.3214530e+00  -3.5000000e+01  -1.4300000e+02  -2.3293234e+01   1.7757092e+01  -2.4164479e+01  -5.0348498e+00
  -9.2176406e+00  -3.5000000e+01  -1.4300000e+02  -2.2726043e+01   1.9174983e+01  -2.2219544e+01  -7.7755031e+00
  -9.6689251e+00  -3.5000000e+01  -1.4300000e+02  -2.2566149e+01   2.0746870e+01  -2.0314291e+01  -1.0220799e+01
  -9.4230695e+00  -3.5000000e+01  -1.4300000e+02  -2.2615118e+01   2.1951533e+01  -1.8538952e+01  -1.3154225e+01
  -6.8923032e+00  -3.5000000e+01  -1.4300000e+02  -2.1790037e+01   2.3394433e+01  -1.6249991e+01  -1.5752379e+01
  -4.3429060e+00  -3.5000000e+01  -1.4300000e+02  -2.0786995e+01   2.4787891e+01  -1.3826539e+01  -1.8227120e+01
  -2.8645201e+00  -3.5000000e+01  -1.4300000e+02  -2.0510257e+01   2.5643336e+01  -1.1800715e+01  -2.1303102e+01
  -1.0851381e+00  -3.5000000e+01  -1.4300000e+02  -1.9925321e+01   2.7316166e+01  -9.3855804e+00  -2.3757283e+01
   6.1784447e-01  -3.5000000e+01  -1.4300000e+02  -1.9430167e+01   2.8305755e+01  -7.1732807e+00  -2.6199576e+01
   2.1418983e-01  -3.5000000e+01  -1.4300000e+02  -1.9730279e+01   2.9341823e+01  -5.3331985e+00  -2.8500323e+01
   8.4294714e-01  -3.5000000e+01  -1.4300000e+02  -1.9331343e+01   3.1094800e+01  -3.2378181e+00  -3.0319839e+01
   1.5275587e+00  -3.5000000e+01  -1.4300000e+02  -1.9168298e+01   3.2475201e+01  -1.4531435e+00  -3.2428652e+01
   2.5634212e+00  -3.5000000e+01  -1.4300000e+02  -1.9136672e+01   3.3838734e+01   2.0922597e-01  -3.3870921e+01
   3.4418525e+00  -3.5000000e+01  -1.4300000e+02  -1.9064274e+01   3.4858239e+01   1.8724537e+00  -3.5926268e+01
   4.2682630e+00  -3.5000000e+01  -1.4300000e+02  -1.8851617e+01   3.5877064e+01   3.6231246e+00  -3.7891294e+01
   4.6553795e+00  -3.5000000e+01  -1.4300000e+02  -1.7980447e+01   3.7189426e+01   4.9113295e+00  -3.9515462e+01
   5.4794942e+00  -3.5000000e+01  -1.4300000e+02  -1.7505109e+01   3.8573771e+01   5.9110283e+00  -4.0934654e+01
   5.7838296e+00  -3.5000000e+01  -1.4300000e+02  -1.7410731e+01   3.9504032e+01   6.7295602e+00  -4.2654879e+01
   8.1279935e+00  -3.5000000e+01  -1.4300000e+02  -1.5758594e+01   4.0704133e+01   7.5897895e+00  -4.3942457e+01
   1.0031197e+01  -3.5000000e+01  -1.4300000e+02  -1.4634366e+01   4.1480796e+01   7.8946354e+00  -4.5854103e+01
   1.1142331e+01  -3.5000000e+01  -1.4300000e+02  -1.3867352e+01   4.1813655e+01   8.0791088e+00  -4.8304432e+01
   1.2909749e+01  -3.5000000e+01  -1.4300000e+02  -1.3038132e+01   4.2538937e+01   8.5585946e+00  -4.9862604e+01
   1.3806497e+01  -3.5000000e+01  -1.4300000e+02  -1.2349016e+01   4.3112389e+01   9.0649185e+00  -5.0906846e+01
   1.4846947e+01  -3.5000000e+01  -1.4300000e+02  -1.2205969e+01   4.3780168e+01   9.0485908e+00  -5.2137714e+01
   1.5841978e+01  -3.5000000e+01  -1.4300000e+02  -1.1757927e+01   4.4363624e+01   9.2849031e+00  -5.3266346e+01
   1.7870046e+01  -3.5000000e+01  -1.4300000e+02  -1.1609251e+01   4.5229645e+01   9.3150449e+00  -5.3222269e+01
   1.9220506e+01  -3.5000000e+01  -1.4300000e+02  -1.3469717e+01   4.4738841e+01   8.6822972e+00  -5.1396488e+01
   1.9331166e+01  -3.5000000e+01  -1.4300000e+02  -1.6390019e+01   4.4018795e+01   6.6798575e+00  -4.6393060e+01
   1.6635146e+01  -3.5000000e+01  -1.4300000e+02  -2.0829829e+01   4.1829152e+01   3.5289141e+00  -4.0024919e+01
   1.3398842e+01  -3.5000000e+01  -1.4300000e+02  -2.4951555e+01   3.9368831e+01   2.2868670e-01  -3.2712733e+01
   1.0013321e+01  -3.5000000e+01  -1.4300000e+02  -2.8791596e+01   3.6055912e+01  -4.3173587e+00  -2.6511224e+01
   7.4634741e+00  -3.5000000e+01  -1.4300000e+02  -3.2311885e+01   3.1414171e+01  -9.0308699e+00  -2.0079125e+01
   4.9266664e+00  -3.5000000e+01  -1.4300000e+02  -3.5782843e+01   2.6348552e+01  -1.3883124e+01  -1.3911660e+01
   2.3031951e+00  -3.5000000e+01  -1.4300000e+02  -3.7656389e+01   2.1543030e+01  -1.8962914e+01  -5.1757980e+00
  -8.0875675e-01  -3.5000000e+01  -1.4300000e+02  -3.9073526e+01   1.7091142e+01  -2.4092636e+01   2.6558473e+00
  -3.2289800e+00  -3.5000000e+01  -1.4300000e+02  -3.9670920e+01   1.2789528e+01  -2.9217547e+01   9.7566059e+00
  -4.9428629e+00  -3.5000000e+01  -1.4300000e+02  -4.0079159e+01   8.3642518e+00  -3.4171225e+01   1.7462650e+01
  -8.8334355e+00  -3.5000000e+01  -1.4300000e+02  -4.0445437e+01   3.4693522e+00  -3.8504852e+01   2.4271885e+01
  -1.1562122e+01  -3.5000000e+01  -1.4300000e+02  -3.8872399e+01  -4.5135184e-01  -4.0843877e+01   3.1173416e+01
  -1.4416227e+01  -3.5000000e+01  -1.4300000e+02  -3.6997584e+01  -2.3160289e+00  -4.2792726e+01   3.4870610e+01
  -1.4994035e+01  -3.5000000e+01  -1.4300000e+02  -3.5082562e+01  -2.7517335e+00  -4.4187308e+01   3.6874528e+01
  -1.7372506e+01  -3.5000000e+01  -1.4300000e+02  -3.4062178e+01  -2.1684119e+00  -4.5600922e+01   3.7668881e+01
  -1.8274715e+01  -3.5000000e+01  -1.4300000e+02  -3.2830356e+01  -2.0473254e+00  -4.6435462e+01   3.7176736e+01
  -1.5765959e+01  -3.5000000e+01  -1.4300000e+02  -3.1449485e+01  -1.4822909e+00  -4.6979977e+01   3.6100109e+01
  -1.4663159e+01  -3.5000000e+01  -1.4300000e+02  -3.0568150e+01  -9.6991527e-01  -4.7648265e+01   3.5151800e+01
  -1.4226524e+01  -3.5000000e+01  -1.4300000e+02  -2.9364334e+01  -4.0288315e-01  -4.7923470e+01   3.3837979e+01
  -1.0173366e+01  -3.5000000e+01  -1.4300000e+02  -2.8219935e+01   5.3099739e-01  -4.7928131e+01   3.2936444e+01
  -1.0224393e+01  -3.5000000e+01  -1.4300000e+02  -2.8020563e+01   1.6457808e+00  -4.7956108e+01   3.2127172e+01
  -1.0169381e+01  -3.5000000e+01  -1.4300000e+02  -2.7897929e+01   1.8155423e+00  -4.7867691e+01   3.1473799e+01
  -8.9202245e+00  -3.5000000e+01  -1.4300000e+02  -2.6677093e+01   2.0296054e+00  -4.7488257e+01   3.0902123e+01
  -7.7493475e+00  -3.5000000e+01  -1.4300000e+02  -2.5642409e+01   2.3293433e+00  -4.7360939e+01   3.0276481e+01
  -6.4350666e+00  -3.5000000e+01  -1.4300000e+02  -2.4307863e+01   2.7341751e+00  -4.7173467e+01   2.9865600e+01
  -5.5889077e+00  -3.5000000e+01  -1.4300000e+02  -2.4185173e+01   3.9426748e+00  -4.7667375e+01   2.8877391e+01
  -5.3666739e+00  -3.5000000e+01  -1.4300000e+02  -2.3822521e+01   4.9432426e+00  -4.7658145e+01   2.7010014e+01
  -4.7637912e+00  -3.5000000e+01  -1.4300000e+02  -2.2667333e+01   6.3449115e+00  -4.6972405e+01   2.7386229e+01
  -5.2899404e+00  -3.5000000e+01  -1.4300000e+02  -2.3219540e+01   6.4523112e+00  -4.6648628e+01   2.5721995e+01
  -5.7157972e+00  -3.5000000e+01  -1.4300000e+02  -2.4000545e+01   6.7086676e+00  -4.6075206e+01   2.3516705e+01
  -6.0792190e+00  -3.5000000e+01  -1.4300000e+02  -2.4535910e+01   6.9513625e+00  -4.5125966e+01   2.1331695e+01
  -6.3181435e+00  -3.5000000e+01  -1.4300000e+02  -2.5567226e+01   7.5259339e+00  -4.3761932e+01   1.9918920e+01
  -6.5702455e+00  -3.5000000e+01  -1.4300000e+02  -2.6064574e+01   8.1064547e+00  -4.1954622e+01   1.8776538e+01
  -5.9724413e+00  -3.5000000e+01  -1.4300000e+02  -2.6525468e+01   8.9736250e+00  -4.0312483e+01   1.7669532e+01
  -4.9398072e+00  -3.5000000e+01  -1.4300000e+02  -2.6341303e+01   9.3055934e+00  -3.8719268e+01   1.6594339e+01
  -4.8365303e+00  -3.5000000e+01  -1.4300000e+02  -2.6743416e+01   9.4064081e+00  -3.7340053e+01   1.5526642e+01
  -3.5119569e+00  -3.5000000e+01  -1.4300000e+02  -2.6554586e+01   1.0068446e+01  -3.5860708e+01   1.3975299e+01
  -3.8477374e+00  -3.5000000e+01  -1.4300000e+02  -2.7347156e+01   9.8381018e+00  -3.4812464e+01   1.1838463e+01
  -3.1842831e+00  -3.5000000e+01  -1.4300000e+02  -2.6999799e+01   1.0823196e+01  -3.2923648e+01   1.0584774e+01
  -2.4956539e+00  -3.5000000e+01  -1.4300000e+02  -2.6737824e+01   1.1354211e+01  -3.1341840e+01   8.4201568e+00
  -1.5114571e+00  -3.5000000e+01  -1.4300000e+02  -2.6618611e+01   1.2169816e+01  -2.9795414e+01   6.3550851e+00
  -1.6795455e+00  -3.5000000e+01  -1.4300000e+02  -2.6471527e+01   1.2113219e+01  -2.8379152e+01   3.9462048e+00
  -1.7532679e+00  -3.5000000e+01  -1.4300000e+02  -2.6194149e+01   1.2589633e+01  -2.7024253e+01   1.8854711e+00
  -1.0015306e+00  -3.5000000e+01  -1.4300000e+02  -2.5660485e+01   1.3003713e+01  -2.5785408e+01   3.1115467e-01
  -1.2000602e+00  -3.5000000e+01  -1.4300000e+02  -2.5614818e+01   1.2856953e+01  -2.4909233e+01  -1.2814389e+00
  -1.1517343e+00  -3.5000000e+01  -1.4300000e+02  -2.4903730e+01   1.3551358e+01  -2.3702381e+01  -3.0818270e+00
  -1.0275687e+00  -3.5000000e+01  -1.4300000e+02  -2.4030363e+01   1.4224611e+01  -2.2429483e+01  -4.8732085e+00
  -4.5318685e-01  -3.5000000e+01  -1.4300000e+02  -2.2980029e+01   1.5160389e+01  -2.1536851e+01  -6.0066706e+00
   1.9282716e-01  -3.5000000e+01  -1.4300000e+02  -2.2292770e+01   1.6076718e+01  -2.0966166e+01  -7.3973736e+00
   4.3202887e-01  -3.5000000e+01  -1.4300000e+02  -2.1761048e+01   1.6414357e+01  -2.0204271e+01  -9.7044897e+00
   6.4266147e-01  -3.5000000e+01  -1.4300000e+02  -2.0998086e+01   1.6807411e+01  -1.9217542e+01  -1.1840058e+01
   1.1134333e+00  -3.5000000e+01  -1.4300000e+02  -2.0287710e+01   1.7532628e+01  -1.8311794e+01  -1.3811655e+01
   1.1494607e+00  -3.5000000e+01  -1.4300000e+02  -1.9413138e+01   1.8586346e+01  -1.7327510e+01  -1.4996900e+01
   8.0439403e-01  -3.5000000e+01  -1.4300000e+02  -1.9411189e+01   1.8866494e+01  -1.6576364e+01  -1.7553770e+01
   7.8123366e-01  -3.5000000e+01  -1.4300000e+02  -1.8651387e+01   2.0174200e+01  -1.5094097e+01  -1.9358457e+01
   9.9545980e-01  -3.5000000e+01  -1.4300000e+02  -1.8506443e+01   2.0913534e+01  -1.4018551e+01  -2.2103636e+01
   1.1194924e+00  -3.5000000e+01  -1.4300000e+02  -1.7598376e+01   2.2289924e+01  -1.2547183e+01  -2.3697683e+01
   1.3019335e+00  -3.5000000e+01  -1.4300000e+02  -1.7187255e+01   2.3365040e+01  -1.1491174e+01  -2.5648709e+01
   1.1240164e+00  -3.5000000e+01  -1.4300000e+02  -1.6561532e+01   2.4380326e+01  -1.0222459e+01  -2.6781973e+01
   1.3318947e+00  -3.5000000e+01  -1.4300000e+02  -1.6095244e+01   2.5543547e+01  -8.9301839e+00  -2.8796894e+01
   2.1179105e+00  -3.5000000e+01  -1.4300000e+02  -1.4172359e+01   2.7181003e+01  -7.9296510e+00  -3.0687655e+01
   3.0416825e+00  -3.5000000e+01  -1.4300000e+02  -1.2537539e+01   2.8661664e+01  -7.0388638e+00  -3.3309553e+01
   4.0365434e+00  -3.5000000e+01  -1.4300000e+02  -1.1189857e+01   3.0176497e+01  -6.3752909e+00  -3.6046454e+01
   5.4720129e+00  -3.5000000e+01  -1.4300000e+02  -9.6182456e+00   3.2020430e+01  -5.0357839e+00  -3.8615312e+01
   5.5448965e+00  -3.5000000e+01  -1.4300000e+02  -9.2979896e+00   3.3197580e+01  -3.9966649e+00  -4.1811941e+01
   6.0127234e+00  -3.5000000e+01  -1.4300000e+02  -8.8546059e+00   3.5019014e+01  -2.5862032e+00  -4.4283966e+01
   6.7028259e+00  -3.5000000e+01  -1.4300000e+02  -8.0417470e+00   3.7015208e+01  -7.0036917e-01  -4.6266743e+01
   7.4396655e+00  -3.5000000e+01  -1.4300000e+02  -7.7166247e+00   3.8644753e+01   8.5229343e-01  -4.8456425e+01
   7.9016699e+00  -3.5000000e+01  -1.4300000e+02  -7.8329009e+00   4.0279079e+01   2.3159895e+00  -4.9984890e+01
   8.5492324e+00  -3.5000000e+01  -1.4300000e+02  -7.8651076e+00   4.1909136e+01   3.8008409e+00  -5.1069423e+01
   8.8711981e+00  -3.5000000e+01  -1.4300000e+02  -8.8764514e+00   4.3325876e+01   5.4408362e+00  -4.9477269e+01
   9.0851407e+00  -3.5000000e+01  -1.4300000e+02  -1.0511351e+01   4.4350908e+01   5.9063640e+00  -4.7304716e+01
   7.3018614e+00  -3.5000000e+01  -1.4300000e+02  -1.4463891e+01   4.4214142e+01   3.6478754e+00  -4.5598336e+01
   4.6362016e+00  -3.5000000e+01  -1.4300000e+02  -1.8735478e+01   4.3544151e+01   7.1096075e-01  -4.1950567e+01
   3.2582003e+00  -3.5000000e+01  -1.4300000e+02  -2.2662156e+01   4.3364334e+01  -3.0341641e+00  -3.7500731e+01
   3.7703799e+00  -3.5000000e+01  -1.4300000e+02  -2.5201112e+01   4.1542378e+01  -6.9527981e+00  -3.1255392e+01
   2.0415171e+00  -3.5000000e+01  -1.4300000e+02  -2.9893423e+01   3.6940523e+01  -1.1176377e+01  -2.5133804e+01
   1.3131477e+00  -3.5000000e+01  -1.4300000e+02  -3.2675862e+01   3.2405401e+01  -1.4989374e+01  -1.7502692e+01
   4.2587483e-01  -3.5000000e+01  -1.4300000e+02  -3.6030919e+01   2.6781317e+01  -1.9879807e+01  -7.9320466e+00
  -8.4877585e-01  -3.5000000e+01  -1.4300000e+02  -4.0367138e+01   1.9987274e+01  -2.5711118e+01   2.0846043e+00
  -4.1362716e+00  -3.5000000e+01  -1.4300000e+02  -4.3133640e+01   1.3816595e+01  -3.0451057e+01   1.2072102e+01
  -8.6798960e+00  -3.5000000e+01  -1.4300000e+02  -4.3848289e+01   8.7671222e+00  -3.4360911e+01   2.1557351e+01
  -1.0323299e+01  -3.5000000e+01  -1.4300000e+02  -4.3630060e+01   3.9250541e+00  -3.8057570e+01   3.0703182e+01
  -1.0484918e+01  -3.5000000e+01  -1.4300000e+02  -4.2071403e+01  -5.6493507e-01  -4.1206474e+01   3.6702278e+01
  -1.2601105e+01  -3.5000000e+01  -1.4300000e+02  -3.9585040e+01  -4.5099218e+00  -4.3364511e+01   4.1090295e+01
  -1.3105675e+01  -3.5000000e+01  -1.4300000e+02  -3.7307114e+01  -5.9444797e+00  -4.5252323e+01   4.8225944e+01
  -1.3299763e+01  -3.5000000e+01  -1.4300000e+02  -3.5856337e+01  -6.5062919e+00  -4.7375703e+01   5.0634322e+01
  -1.4084263e+01  -3.5000000e+01  -1.4300000e+02  -3.4640672e+01  -6.7385057e+00  -4.8897024e+01   4.9327296e+01
  -1.4186785e+01  -3.5000000e+01  -1.4300000e+02  -3.3870779e+01  -6.5562322e+00  -4.9999016e+01   4.6410228e+01
  -1.4605989e+01  -3.5000000e+01  -1.4300000e+02  -3.3352186e+01  -6.0398367e+00  -5.0207930e+01   4.4027649e+01
  -1.4930123e+01  -3.5000000e+01  -1.4300000e+02  -3.2336186e+01  -4.5109567e+00  -4.9739433e+01   4.1739716e+01
  -1.3737075e+01  -3.5000000e+01  -1.4300000e+02  -3.1152647e+01  -2.5637399e+00  -4.9134801e+01   3.7678347e+01
  -1.5851151e+01  -3.5000000e+01  -1.4300000e+02  -3.1361617e+01  -1.9722745e+00  -4.9235539e+01   3.4532774e+01
  -1.5230924e+01  -3.5000000e+01  -1.4300000e+02  -3.0446708e+01   7.9551315e-01  -4.8696375e+01   3.5069121e+01
  -1.6447336e+01  -3.5000000e+01  -1.4300000e+02  -2.9969439e+01   2.4307227e+00  -4.8398632e+01   3.4834137e+01
  -1.7629626e+01  -3.5000000e+01  -1.4300000e+02  -3.0469424e+01   3.1893025e+00  -4.9508959e+01   3.1322783e+01
  -2.0887578e+01  -3.5000000e+01  -1.4300000e+02  -2.9634022e+01   3.4314488e+00  -4.7816301e+01   3.0400593e+01
  -2.3617870e+01  -3.5000000e+01  -1.4300000e+02  -3.0139360e+01   4.4441866e+00  -4.6700633e+01   2.8571714e+01
  -2.4535496e+01  -3.5000000e+01  -1.4300000e+02  -3.1173610e+01   5.3333571e+00  -4.5491661e+01   2.6945638e+01
  -2.3556917e+01  -3.5000000e+01  -1.4300000e+02  -3.1071183e+01   6.2114948e+00  -4.3707432e+01   2.4479610e+01
  -2.0418881e+01  -3.5000000e+01  -1.4300000e+02  -3.0354550e+01   7.9940771e+00  -4.2055327e+01   2.3449290e+01
  -1.6710348e+01  -3.5000000e+01  -1.4300000e+02  -2.9417814e+01   9.0067878e+00  -4.0587410e+01   2.2000655e+01
  -1.4865582e+01  -3.5000000e+01  -1.4300000e+02  -2.8581763e+01   1.0151539e+01  -3.9312187e+01   2.1533690e+01
  -1.3478609e+01  -3.5000000e+01  -1.4300000e+02  -2.8131406e+01   1.1042889e+01  -3.8378267e+01   2.0357423e+01
  -1.2094146e+01  -3.5000000e+01  -1.4300000e+02  -2.7925394e+01   1.1963025e+01  -3.7585362e+01   1.9221671e+01
  -1.1053929e+01  -3.5000000e+01  -1.4300000e+02  -2.7866292e+01   1.2545187e+01  -3.6666495e+01   1.7523040e+01
  -1.1685789e+01  -3.5000000e+01  -1.4300000e+02  -2.8194468e+01   1.2856588e+01  -3.5579294e+01   1.5511524e+01
  -9.1526990e+00  -3.5000000e+01  -1.4300000e+02  -2.7105777e+01   1.3561154e+01  -3.4113307e+01   1.2855866e+01
  -8.5766431e+00  -3.5000000e+01  -1.4300000e+02  -2.6990573e+01   1.3893608e+01  -3.2910641e+01   9.9969061e+00
  -7.5320736e+00  -3.5000000e+01  -1.4300000e+02  -2.6313274e+01   1.4771381e+01  -3.1379728e+01   7.7168435e+00
  -5.6904291e+00  -3.5000000e+01  -1.4300000e+02  -2.5583366e+01   1.5589747e+01  -3.0063275e+01   5.4309964e+00
  -3.9383230e+00  -3.5000000e+01  -1.4300000e+02  -2.5066608e+01   1.6448672e+01  -2.8881744e+01   3.1897190e+00
  -2.3535849e+00  -3.5000000e+01  -1.4300000e+02  -2.4328705e+01   1.7686984e+01  -2.7547008e+01   1.5077093e+00
  -9.5066336e-01  -3.5000000e+01  -1.4300000e+02  -2.4063385e+01   1.8436699e+01  -2.6340818e+01  -2.6180515e-01
  -9.0419939e-01  -3.5000000e+01  -1.4300000e+02  -2.3948916e+01   1.8626009e+01  -2.5106279e+01  -2.4937738e+00
  -5.8123332e-01  -3.5000000e+01  -1.4300000e+02  -2.3791942e+01   1.9793325e+01  -2.3488480e+01  -4.4847460e+00
  -5.8717448e-01  -3.5000000e+01  -1.4300000e+02  -2.4077262e+01   2.0649366e+01  -2.1841495e+01  -6.7165401e+00
  -1.3154200e+00  -3.5000000e+01  -1.4300000e+02  -2.4095998e+01   2.1982384e+01  -1.9745356e+01  -8.9507107e+00
  -1.2518085e+00  -3.5000000e+01  -1.4300000e+02  -2.3616931e+01   2.3551733e+01  -1.7568166e+01  -1.0664762e+01
  -2.0161944e+00  -3.5000000e+01  -1.4300000e+02  -2.3513966e+01   2.4634412e+01  -1.5898963e+01  -1.3098747e+01
  -2.0707544e+00  -3.5000000e+01  -1.4300000e+02  -2.2881910e+01   2.6483608e+01  -1.4118089e+01  -1.5351704e+01
  -1.5859672e+00  -3.5000000e+01  -1.4300000e+02  -2.1974727e+01   2.8147943e+01  -1.2395974e+01  -1.7935814e+01
  -3.7156569e-01  -3.5000000e+01  -1.4300000e+02  -2.0903534e+01   2.9888644e+01  -1.0765688e+01  -2.0269448e+01
   1.7389888e+00  -3.5000000e+01  -1.4300000e+02  -1.9603142e+01   3.1121142e+01  -9.2439742e+00  -2.2615226e+01
   3.8580234e+00  -3.5000000e+01  -1.4300000e+02  -1.8556555e+01   3.2019679e+01  -7.6196930e+00  -2.5290400e+01
   6.1217634e+00  -3.5000000e+01  -1.4300000e+02  -1.7291212e+01   3.3281320e+01  -5.9397048e+00  -2.7805262e+01
   7.8179247e+00  -3.5000000e+01  -1.4300000e+02  -1.6214171e+01   3.4487039e+01  -3.9589399e+00  -3.0257525e+01
   9.4405269e+00  -3.5000000e+01  -1.4300000e+02  -1.5332593e+01   3.5751416e+01  -2.0306196e+00  -3.2327909e+01
   1.0448572e+01  -3.5000000e+01  -1.4300000e+02  -1.4609795e+01   3.6999711e+01  -3.3411744e-01  -3.4141194e+01
   1.1526287e+01  -3.5000000e+01  -1.4300000e+02  -1.4062004e+01   3.8305450e+01   1.2023911e+00  -3.6015169e+01
   1.2572748e+01  -3.5000000e+01  -1.4300000e+02  -1.3750672e+01   3.9697765e+01   2.7307270e+00  -3.7379250e+01
   1.4066827e+01  -3.5000000e+01  -1.4300000e+02  -1.3239336e+01   4.1085218e+01   4.2837757e+00  -3.8312159e+01
   1.5228689e+01  -3.5000000e+01  -1.4300000e+02  -1.2582929e+01   4.1996697e+01   5.8782688e+00  -4.0050989e+01
   1.7574337e+01  -3.5000000e+01  -1.4300000e+02  -1.1651723e+01   4.2915135e+01   7.4397517e+00  -4.1765498e+01
   1.9509914e+01  -3.5000000e+01  -1.4300000e+02  -1.1135038e+01   4.3532599e+01   8.6056475e+00  -4.3493205e+01
   2.0587847e+01  -3.5000000e+01  -1.4300000e+02  -1.1420667e+01   4.3992541e+01   9.7086519e+00  -4.4915279e+01
   2.1596669e+01  -3.5000000e+01  -1.4300000e+02  -1.1312366e+01   4.4377956e+01   1.1180065e+01  -4.6167835e+01
   2.3185839e+01  -3.5000000e+01  -1.4300000e+02  -1.1515752e+01   4.4595866e+01   1.2324662e+01  -4.5220049e+01
   2.5614270e+01  -3.5000000e+01  -1.4300000e+02  -1.4036854e+01   4.5813840e+01   1.1735299e+01  -4.1648864e+01
   2.6619672e+01  -3.5000000e+01  -1.4300000e+02  -1.8078968e+01   4.8031150e+01   9.6754360e+00  -3.6558646e+01
   2.5478389e+01  -3.5000000e+01  -1.4300000e+02  -2.1773761e+01   4.9758213e+01   6.8771864e+00  -3.0388633e+01
   2.1776115e+01  -3.5000000e+01  -1.4300000e+02  -2.6262687e+01   4.9518199e+01   2.3693872e+00  -2.4522016e+01
   1.7121021e+01  -3.5000000e+01  -1.4300000e+02  -3.0773255e+01   4.6722799e+01  -3.3217767e+00  -1.9491936e+01
   1.3861376e+01  -3.5000000e+01  -1.4300000e+02  -3.4329436e+01   4.2603689e+01  -9.0152961e+00  -1.2335415e+01
   1.1455357e+01  -3.5000000e+01  -1.4300000e+02  -3.7496013e+01   3.6541445e+01  -1.5475973e+01  -4.7690402e+00
   9.3042235e+00  -3.5000000e+01  -1.4300000e+02  -4.0368375e+01   2.9956270e+01  -2.2161011e+01   2.5901236e+00
   6.5802859e+00  -3.5000000e+01  -1.4300000e+02  -4.1647293e+01   2.4196615e+01  -2.8072519e+01   8.3986158e+00
   1.6547199e+00  -3.5000000e+01  -1.4300000e+02  -4.2780464e+01   1.7032814e+01  -3.3730193e+01   1.6228873e+01
   6.5258551e-01  -3.5000000e+01  -1.4300000e+02  -4.4229609e+01   1.1037354e+01  -3.9099135e+01   2.6060936e+01
  -5.1739057e-01  -3.5000000e+01  -1.4300000e+02  -4.4342680e+01   6.5620856e+00  -4.2887212e+01   3.5107050e+01
  -2.5822660e+00  -3.5000000e+01  -1.4300000e+02  -4.3864467e+01   3.4438615e+00  -4.5970826e+01   3.9583462e+01
  -3.1683416e+00  -3.5000000e+01  -1.4300000e+02  -4.2284469e+01   1.0207186e+00  -4.7853869e+01   4.1116004e+01
  -4.4791913e+00  -3.5000000e+01  -1.4300000e+02  -4.0466779e+01  -7.2099531e-01  -4.9375378e+01   4.1697224e+01
  -5.6305498e+00  -3.5000000e+01  -1.4300000e+02  -3.7979297e+01  -3.7404443e+00  -4.9268841e+01   4.0794891e+01
  -7.3882933e+00  -3.5000000e+01  -1.4300000e+02  -3.6442801e+01  -5.7117783e-01  -4.9120188e+01   4.9401775e+01
  -8.9084270e+00  -3.5000000e+01  -1.4300000e+02  -3.5843365e+01   1.8929699e+00  -4.9736841e+01   5.1559727e+01
  -1.0459651e+01  -3.5000000e+01  -1.4300000e+02  -3.4740247e+01   3.4259484e+00  -4.9941049e+01   4.9569927e+01
  -1.0569449e+01  -3.5000000e+01  -1.4300000e+02  -3.2526606e+01   5.5560688e+00  -4.9226077e+01   4.4784453e+01
  -1.1022965e+01  -3.5000000e+01  -1.4300000e+02  -3.2235011e+01   6.3616318e+00  -4.9290625e+01   4.0289896e+01
  -8.6203678e+00  -3.5000000e+01  -1.4300000e+02  -3.0121214e+01   8.1827878e+00  -4.8289723e+01   3.9781765e+01
  -5.7357882e+00  -3.5000000e+01  -1.4300000e+02  -2.8429623e+01   1.0064325e+01  -4.7758274e+01   3.7727061e+01
  -3.6470133e+00  -3.5000000e+01  -1.4300000e+02  -2.6971794e+01   1.1569236e+01  -4.6877258e+01   3.6001300e+01
  -2.4856273e+00  -3.5000000e+01  -1.4300000e+02  -2.7106224e+01   1.2802224e+01  -4.6263195e+01   3.2210728e+01
  -1.5686772e+00  -3.5000000e+01  -1.4300000e+02  -2.8294147e+01   1.4258376e+01  -4.5279037e+01   2.9440971e+01
  -1.2364145e+00  -3.5000000e+01  -1.4300000e+02  -2.6070903e+01   1.6098415e+01  -4.2826874e+01   2.8260948e+01
   2.2989855e-01  -3.5000000e+01  -1.4300000e+02  -2.4762788e+01   1.7082721e+01  -4.1124182e+01   2.6093876e+01
   3.3254713e-01  -3.5000000e+01  -1.4300000e+02  -2.5832252e+01   1.7675245e+01  -3.9880372e+01   2.3255158e+01
   1.2586980e+00  -3.5000000e+01  -1.4300000e+02  -2.4652607e+01   1.8202315e+01  -3.7529407e+01   2.0283706e+01
   1.8979894e+00  -3.5000000e+01  -1.4300000e+02  -2.2031330e+01   1.9483543e+01  -3.5050980e+01   1.7018145e+01
   2.5551896e+00  -3.5000000e+01  -1.4300000e+02  -2.0738386e+01   2.0482982e+01  -3.3918001e+01   1.3776185e+01
   4.1762081e+00  -3.5000000e+01  -1.4300000e+02  -1.8829093e+01   2.1817875e+01  -3.2548926e+01   1.1056522e+01
   5.3802546e+00  -3.5000000e+01  -1.4300000e+02  -1.7625504e+01   2.2455394e+01  -3.1816241e+01   8.4862637e+00
   6.3060290e+00  -3.5000000e+01  -1.4300000e+02  -1.6601615e+01   2.3041172e+01  -3.1123161e+01   7.0045045e+00
   6.9607686e+00  -3.5000000e+01  -1.4300000e+02  -1.6355974e+01   2.3218224e+01  -3.0120613e+01   5.4528387e+00
   7.4713691e+00  -3.5000000e+01  -1.4300000e+02  -1.5906851e+01   2.3982635e+01  -2.8845326e+01   2.9409923e+00
   8.7663293e+00  -3.5000000e+01  -1.4300000e+02  -1.5169435e+01   2.4593827e+01  -2.6963323e+01   6.9578976e-01
   1.0041395e+01  -3.5000000e+01  -1.4300000e+02  -1.4336767e+01   2.5259638e+01  -2.4941291e+01  -1.4790077e+00
   8.0194337e+00  -3.5000000e+01  -1.4300000e+02  -1.5132616e+01   2.6062532e+01  -2.3490294e+01  -3.5952020e+00
   7.2231165e+00  -3.5000000e+01  -1.4300000e+02  -1.4503548e+01   2.7269756e+01  -2.1494683e+01  -5.5796995e+00
   7.0485715e+00  -3.5000000e+01  -1.4300000e+02  -1.4138729e+01   2.8190591e+01  -1.9569754e+01  -8.2394139e+00
   6.6926991e+00  -3.5000000e+01  -1.4300000e+02  -1.3679084e+01   2.9579634e+01  -1.7530444e+01  -1.0557416e+01
   6.8705421e+00  -3.5000000e+01  -1.4300000e+02  -1.2595746e+01   3.0773924e+01  -1.5402271e+01  -1.3955889e+01
   7.4084473e+00  -3.5000000e+01  -1.4300000e+02  -1.1872511e+01   3.2026402e+01  -1.3468259e+01  -1.7073516e+01
   7.9579549e+00  -3.5000000e+01  -1.4300000e+02  -1.0992430e+01   3.3260799e+01  -1.1411234e+01  -2.0139480e+01
   8.9860252e+00  -3.5000000e+01  -1.4300000e+02  -1.0551184e+01   3.4192730e+01  -9.4424693e+00  -2.3615702e+01
   1.0782079e+01  -3.5000000e+01  -1.4300000e+02  -9.7542023e+00   3.5813328e+01  -6.7936949e+00  -2.6591306e+01
   1.2554752e+01  -3.5000000e+01  -1.4300000e+02  -8.8428383e+00   3.7386315e+01  -4.0179196e+00  -2.9522306e+01
   1.5047746e+01  -3.5000000e+01  -1.4300000e+02  -7.9507340e+00   3.8525480e+01  -1.6487600e+00  -3.2936220e+01
   1.6657826e+01  -3.5000000e+01  -1.4300000e+02  -7.7067893e+00   3.9357654e+01   8.0543696e-01  -3.5765144e+01
   1.9180843e+01  -3.5000000e+01  -1.4300000e+02  -7.4675317e+00   4.0702682e+01   3.1354264e+00  -3.8053549e+01
   2.1714472e+01  -3.5000000e+01  -1.4300000e+02  -7.3078571e+00   4.2024934e+01   5.3657555e+00  -4.0361831e+01
   2.3920374e+01  -3.5000000e+01  -1.4300000e+02  -7.4987259e+00   4.2448216e+01   7.0145936e+00  -4.0797104e+01
   2.5596987e+01  -3.5000000e+01  -1.4300000e+02  -7.6970065e+00   4.2405748e+01   8.4962908e+00  -4.1392865e+01
   2.7017355e+01  -3.5000000e+01  -1.4300000e+02  -9.1593507e+00   4.2341645e+01   9.0854431e+00  -4.1166670e+01
   2.7282293e+01  -3.5000000e+01  -1.4300000e+02  -1.2980648e+01   4.3012771e+01   8.1635180e+00  -3.9096238e+01
   2.6707258e+01  -3.5000000e+01  -1.4300000e+02  -1.7650567e+01   4.4284593e+01   4.9273480e+00  -3.5345472e+01
   2.4919323e+01  -3.5000000e+01  -1.4300000e+02  -2.1479472e+01   4.4464092e+01   1.4665586e+00  -2.9806455e+01
   2.2011283e+01  -3.5000000e+01  -1.4300000e+02  -2.5465336e+01   4.3130272e+01  -3.0410757e+00  -2.4532856e+01
   1.8657266e+01  -3.5000000e+01  -1.4300000e+02  -2.9528274e+01   3.9127396e+01  -7.6404498e+00  -1.9672432e+01
   1.6007433e+01  -3.5000000e+01  -1.4300000e+02  -3.2908415e+01   3.4533732e+01  -1.2545195e+01  -1.2370123e+01
   1.2000247e+01  -3.5000000e+01  -1.4300000e+02  -3.6862812e+01   3.0587188e+01  -1.8001636e+01  -3.3438033e+00
   8.9008948e+00  -3.5000000e+01  -1.4300000e+02  -4.1079630e+01   2.5912273e+01  -2.4365660e+01   3.7491179e+00
   8.2249281e+00  -3.5000000e+01  -1.4300000e+02  -4.2409385e+01   2.1771187e+01  -3.0607630e+01   8.4445698e+00
   6.4511488e+00  -3.5000000e+01  -1.4300000e+02  -4.1256333e+01   1.7881840e+01  -3.5358170e+01   1.1928010e+01
   4.4850643e+00  -3.5000000e+01  -1.4300000e+02  -3.9381071e+01   1.3918661e+01  -3.9460644e+01   1.5607049e+01
  -5.2297416e-01  -3.5000000e+01  -1.4300000e+02  -3.7276876e+01   1.0585050e+01  -4.2611599e+01   1.9984297e+01
