   4.4382729e+01   6.1845521e+01  -1.4296417e+02   6.0864898e+01   2.3233747e+01  -3.1194073e+01  -6.2581902e+00
   4.5218689e+01   5.9693559e+01  -1.4283113e+02   5.8133320e+01   2.1257155e+01  -2.7697518e+01  -1.0777598e+01
   4.6054649e+01   5.7541597e+01  -1.4269810e+02   5.5401741e+01   1.9280563e+01  -2.4200964e+01  -1.5297006e+01
   4.7294800e+01   5.8584994e+01  -1.4300000e+02   6.0070514e+01   1.9656960e+01  -2.4743914e+01  -2.0499390e+01
   4.9636969e+01   5.8257785e+01  -1.4300000e+02   6.4090042e+01   1.6264171e+01  -2.7924418e+01  -2.3541725e+01
   4.9539781e+01   5.7290365e+01  -1.4300000e+02   6.8330715e+01   1.5971640e+01  -3.1007222e+01  -2.6004832e+01
   5.0004816e+01   5.8866585e+01  -1.4300000e+02   7.2896294e+01   1.9818203e+01  -3.0808163e+01  -3.1276608e+01
   5.0931445e+01   6.1578785e+01  -1.4300000e+02   7.6266137e+01   2.2949924e+01  -2.9493254e+01  -3.5181963e+01
   5.1484226e+01   6.2670363e+01  -1.4300000e+02   7.8163045e+01   2.4159292e+01  -2.8825726e+01  -3.9002290e+01
   5.1082256e+01   5.8335117e+01  -1.4300000e+02   7.9533612e+01   2.3242390e+01  -3.0968250e+01  -4.0935298e+01
   5.0681550e+01   5.7960747e+01  -1.4300000e+02   8.0899444e+01   2.4045245e+01  -3.1027153e+01  -4.3508386e+01
   5.1233243e+01   5.9411979e+01  -1.4300000e+02   8.1824694e+01   2.5994168e+01  -3.0149755e+01  -4.4874974e+01
   5.0787837e+01   5.8953683e+01  -1.4300000e+02   8.3343137e+01   2.8031227e+01  -3.0774719e+01  -4.6702686e+01
   5.1171914e+01   6.0139943e+01  -1.4300000e+02   8.5314730e+01   3.0729320e+01  -3.0132273e+01  -4.9273820e+01
   5.1810613e+01   6.1295751e+01  -1.4300000e+02   8.7332866e+01   3.3541670e+01  -2.9644891e+01  -5.1380319e+01
   5.2069193e+01   6.0911819e+01  -1.4300000e+02   8.9434995e+01   3.4601599e+01  -3.0462402e+01  -5.5072760e+01
   5.2277344e+01   6.0657259e+01  -1.4300000e+02   9.1490528e+01   3.5604972e+01  -3.1645330e+01  -5.7334376e+01
   5.2369288e+01   6.0481101e+01  -1.4300000e+02   9.3621893e+01   3.6866481e+01  -3.3008124e+01  -5.8402974e+01
   5.2735413e+01   6.0559052e+01  -1.4300000e+02   9.5716091e+01   3.8415160e+01  -3.4366576e+01  -5.8847290e+01
   5.3058495e+01   6.1215285e+01  -1.4300000e+02   9.7925889e+01   4.0507864e+01  -3.5555623e+01  -5.9445657e+01
   5.3432075e+01   6.3483333e+01  -1.4300000e+02   9.9984278e+01   4.4042997e+01  -3.6438969e+01  -5.7744651e+01
   5.4250952e+01   6.5054801e+01  -1.4300000e+02   1.0198393e+02   4.6631883e+01  -3.7347292e+01  -5.8605933e+01
   5.6216620e+01   6.8877435e+01  -1.4300000e+02   1.0338732e+02   4.8438743e+01  -3.6882855e+01  -5.9223736e+01
   5.6259270e+01   6.5957727e+01  -1.4300000e+02   1.0588045e+02   4.9607660e+01  -3.9185543e+01  -6.1274389e+01
   5.6101538e+01   6.5831484e+01  -1.4300000e+02   1.0793046e+02   5.0266902e+01  -4.0627004e+01  -6.1604150e+01
   5.6689748e+01   6.9999644e+01  -1.4300000e+02   1.0892683e+02   5.1310777e+01  -4.0927547e+01  -6.0028757e+01
   5.8531226e+01   7.2367923e+01  -1.4300000e+02   1.0994651e+02   5.0444247e+01  -4.1938495e+01  -6.0248146e+01
   5.6849201e+01   7.3630945e+01  -1.4300000e+02   1.0758162e+02   4.4862242e+01  -4.6394756e+01  -5.2673693e+01
   5.5232301e+01   7.6342340e+01  -1.4300000e+02   1.0405172e+02   3.9699530e+01  -5.0159167e+01  -4.2640908e+01
   5.1832465e+01   7.7071308e+01  -1.4300000e+02   9.9166886e+01   3.5563279e+01  -5.4211481e+01  -3.2985774e+01
   4.8167084e+01   7.1242563e+01  -1.4300000e+02   9.2765588e+01   2.8429655e+01  -6.0479835e+01  -2.4330954e+01
   4.4760656e+01   6.6832199e+01  -1.4300000e+02   8.6318905e+01   2.2110946e+01  -6.5590749e+01  -1.4432815e+01
   4.1498964e+01   6.1831738e+01  -1.4300000e+02   8.0565763e+01   1.6325555e+01  -6.9631108e+01  -3.6552594e+00
   3.9407032e+01   5.6024895e+01  -1.4300000e+02   7.4150005e+01   7.6485448e+00  -7.3965529e+01   7.1075361e+00
   3.8595545e+01   4.9391738e+01  -1.4300000e+02   6.6920907e+01   4.1327707e-01  -7.9383338e+01   1.7900014e+01
   3.5043228e+01   4.2931217e+01  -1.4300000e+02   5.9822257e+01  -2.3283301e+00  -8.4485453e+01   2.3886449e+01
   3.3512471e+01   3.3971016e+01  -1.4300000e+02   5.3266906e+01  -3.6533658e+00  -8.8554905e+01   3.1260767e+01
   2.7506525e+01   2.1161980e+01  -1.4300000e+02   4.8492055e+01  -1.7534329e+00  -9.2932192e+01   3.3530729e+01
   2.3209608e+01   1.9718348e+01  -1.4300000e+02   4.2524532e+01  -3.1548565e+00  -9.0714857e+01   3.8174805e+01
   1.9760966e+01   2.3746427e+01  -1.4300000e+02   3.6816642e+01  -2.8785086e+00  -8.7897761e+01   4.4772551e+01
   2.1188656e+01   2.5520468e+01  -1.4300000e+02   3.3101096e+01  -8.7481208e+00  -8.2986702e+01   4.7760168e+01
   2.0558835e+01   2.7550758e+01  -1.4300000e+02   2.9783486e+01  -8.8417758e+00  -7.8742434e+01   5.3633558e+01
   2.0041826e+01   2.2418822e+01  -1.4300000e+02   2.4339719e+01  -1.0393294e+01  -7.7429234e+01   5.4511999e+01
   1.9449689e+01   2.5650022e+01  -1.4300000e+02   2.3831719e+01  -9.4685914e+00  -7.2227113e+01   5.3504952e+01
   1.7920091e+01   2.3921083e+01  -1.4300000e+02   2.2240782e+01  -7.8531530e+00  -6.8101884e+01   5.3773802e+01
   1.7517619e+01   2.5685690e+01  -1.4300000e+02   2.0539383e+01  -5.6405396e+00  -6.3728204e+01   5.3913259e+01
   1.8393143e+01   2.4375723e+01  -1.4300000e+02   1.7479007e+01  -4.2836063e+00  -6.0816459e+01   5.2583171e+01
   1.7294607e+01   2.4442846e+01  -1.4300000e+02   1.4882105e+01  -1.6003630e+00  -5.7667590e+01   5.1943175e+01
   1.7252989e+01   2.3848618e+01  -1.4300000e+02   1.2493173e+01   4.3153479e-01  -5.4600226e+01   5.1818625e+01
   1.5558576e+01   2.3389658e+01  -1.4300000e+02   1.0209148e+01   1.6785088e+00  -5.2041447e+01   5.0187476e+01
   1.5893099e+01   2.4643628e+01  -1.4300000e+02   1.0562440e+01   3.0167958e+00  -4.8761866e+01   4.9144499e+01
   2.0308192e+01   3.1143467e+01  -1.4300000e+02   1.3337675e+01   1.9759484e+00  -4.5002316e+01   4.7571048e+01
   2.0340197e+01   3.1955877e+01  -1.4300000e+02   1.3214233e+01   4.2694326e+00  -4.5874347e+01   4.4814373e+01
   1.9730554e+01   3.3031403e+01  -1.4300000e+02   1.3677824e+01   6.7397418e+00  -4.5286670e+01   4.6081320e+01
   1.8994402e+01   3.7099942e+01  -1.4300000e+02   1.6217216e+01   7.4418482e+00  -4.2716930e+01   4.6003671e+01
   2.3985047e+01   4.2663554e+01  -1.4300000e+02   2.0563741e+01   5.4539170e+00  -4.1010325e+01   4.4702094e+01
   2.4320248e+01   4.8348065e+01  -1.4300000e+02   2.3761926e+01   7.1574639e+00  -3.9941549e+01   4.3395748e+01
   2.8117673e+01   5.6499183e+01  -1.4300000e+02   2.7512569e+01   7.5982890e+00  -3.8457834e+01   4.2918082e+01
   2.9277496e+01   5.0439890e+01  -1.4300000e+02   2.8397776e+01   5.0881028e+00  -4.1261471e+01   4.2706231e+01
   2.9690453e+01   3.8443530e+01  -1.4300000e+02   2.8758457e+01   9.0173537e-01  -4.7117548e+01   4.2470792e+01
   2.3695276e+01   2.8050795e+01  -1.4300000e+02   2.6263031e+01   1.2808834e+00  -5.2694282e+01   4.0968071e+01
   2.3701824e+01   2.6619180e+01  -1.4300000e+02   2.5778170e+01   1.1928395e+00  -5.3805618e+01   4.0190800e+01
   2.3891843e+01   2.3350133e+01  -1.4300000e+02   2.5531523e+01   1.3134781e+00  -5.4847296e+01   4.0004712e+01
   2.5659915e+01   2.8705361e+01  -1.4300000e+02   2.7841889e+01   1.0731369e+00  -5.2810069e+01   3.9167363e+01
   2.5243541e+01   3.0296361e+01  -1.4300000e+02   2.6461804e+01   2.2766082e+00  -5.0830521e+01   3.9433805e+01
   2.6525545e+01   3.6254168e+01  -1.4300000e+02   2.7267054e+01   3.3857933e+00  -4.7365740e+01   3.8470326e+01
   2.8594775e+01   3.9823909e+01  -1.4300000e+02   2.9580943e+01   2.7123703e+00  -4.5327965e+01   3.6798678e+01
   2.9624390e+01   4.4187112e+01  -1.4300000e+02   3.1137376e+01   3.8946462e+00  -4.3417381e+01   3.5592152e+01
   3.2099495e+01   4.5804344e+01  -1.4300000e+02   3.2103943e+01   3.0901912e+00  -4.2307865e+01   3.3975941e+01
   3.6241115e+01   4.5185137e+01  -1.4300000e+02   3.4531261e+01  -4.4779928e-01  -4.3066262e+01   3.2593048e+01
   3.5970061e+01   4.3874083e+01  -1.4300000e+02   3.6838322e+01  -8.2427468e-01  -4.4583578e+01   3.0753091e+01
   3.3124373e+01   4.5943476e+01  -1.4300000e+02   3.9176847e+01   2.0607690e+00  -4.5250953e+01   2.9559858e+01
   3.3536335e+01   4.9667169e+01  -1.4300000e+02   4.0930557e+01   3.5595572e+00  -4.4169742e+01   2.8850941e+01
   3.3763549e+01   4.9148010e+01  -1.4300000e+02   4.1949115e+01   3.9407257e+00  -4.4525373e+01   2.7747095e+01
   3.3628284e+01   4.9424747e+01  -1.4300000e+02   4.2951824e+01   4.4940886e+00  -4.4536953e+01   2.5133202e+01
   3.2442071e+01   4.8450959e+01  -1.4300000e+02   4.4175114e+01   6.2814456e+00  -4.4724936e+01   2.3237940e+01
   3.2583189e+01   5.0502356e+01  -1.4300000e+02   4.5233743e+01   7.6158199e+00  -4.3661726e+01   2.1157665e+01
   3.2791545e+01   5.1608223e+01  -1.4300000e+02   4.5873510e+01   9.6190427e+00  -4.2488800e+01   1.9740926e+01
   3.3196820e+01   5.1135683e+01  -1.4300000e+02   4.6377916e+01   9.5826442e+00  -4.1683388e+01   1.8123062e+01
   3.3307402e+01   5.0232227e+01  -1.4300000e+02   4.6399057e+01   1.0251117e+01  -4.0953485e+01   1.6120865e+01
   3.4788574e+01   4.5485789e+01  -1.4300000e+02   4.5919660e+01   7.5877307e+00  -4.1799799e+01   1.4238810e+01
   3.3198761e+01   4.5401167e+01  -1.4300000e+02   4.6449732e+01   9.5407068e+00  -4.1204397e+01   1.1612356e+01
   3.3528093e+01   4.7275966e+01  -1.4300000e+02   4.7563263e+01   1.0990404e+01  -3.9197157e+01   8.5858081e+00
   3.4859894e+01   5.0092729e+01  -1.4300000e+02   4.8421445e+01   1.1199441e+01  -3.6269759e+01   4.7759599e+00
   3.5527036e+01   4.8701517e+01  -1.4300000e+02   4.8526946e+01   1.1316811e+01  -3.5139710e+01   1.8449063e+00
   3.5341752e+01   5.0071970e+01  -1.4300000e+02   4.8432022e+01   1.3992074e+01  -3.2138135e+01  -6.3695015e-01
   3.6883206e+01   5.1885892e+01  -1.4300000e+02   4.8802349e+01   1.4040596e+01  -2.9768996e+01  -3.6418939e+00
   3.9480685e+01   4.9885311e+01  -1.4300000e+02   4.9371462e+01   1.0794940e+01  -2.8999362e+01  -7.3239398e+00
   4.0527339e+01   4.7567440e+01  -1.4300000e+02   5.0795637e+01   9.2461611e+00  -2.9656784e+01  -9.7457398e+00
   4.0352493e+01   5.1927381e+01  -1.4300000e+02   5.2156039e+01   1.3027022e+01  -2.6204147e+01  -1.3431846e+01
   4.1660517e+01   5.2441063e+01  -1.4300000e+02   5.2610669e+01   1.3633565e+01  -2.3844889e+01  -1.6658502e+01
   4.1529230e+01   4.9579155e+01  -1.4300000e+02   5.3294133e+01   1.2182005e+01  -2.4515449e+01  -1.8836938e+01
   3.9916559e+01   5.2586016e+01  -1.4300000e+02   5.5467838e+01   1.7893455e+01  -2.2956853e+01  -2.1241100e+01
   4.1551933e+01   5.2285845e+01  -1.4300000e+02   5.9479661e+01   1.6952534e+01  -2.5351691e+01  -2.3836694e+01
   4.1640700e+01   5.2864849e+01  -1.4300000e+02   6.1731336e+01   1.8566064e+01  -2.5943100e+01  -2.5724399e+01
   4.1732849e+01   5.1402304e+01  -1.4300000e+02   6.1514464e+01   1.8297709e+01  -2.6054736e+01  -2.6027726e+01
   4.1970520e+01   5.1881664e+01  -1.4300000e+02   6.2183872e+01   1.8856412e+01  -2.4490050e+01  -2.9064700e+01
   4.1191186e+01   4.9293529e+01  -1.4300000e+02   6.2582864e+01   1.9190519e+01  -2.5456800e+01  -3.0367839e+01
   4.0973738e+01   4.7051389e+01  -1.4300000e+02   6.4825527e+01   1.8792780e+01  -2.7410843e+01  -3.2560748e+01
   4.1943947e+01   4.8524798e+01  -1.4300000e+02   6.6529131e+01   1.9339482e+01  -2.7644085e+01  -3.3785693e+01
   4.1628601e+01   4.9953312e+01  -1.4300000e+02   6.7965062e+01   2.1546084e+01  -2.7353156e+01  -3.5509305e+01
   4.2911176e+01   4.5552872e+01  -1.4300000e+02   7.0128981e+01   1.6568992e+01  -3.1505756e+01  -3.6580953e+01
   4.3212556e+01   4.4169554e+01  -1.4300000e+02   7.1575401e+01   1.4383013e+01  -3.3333021e+01  -3.8517166e+01
   4.3524682e+01   4.4821714e+01  -1.4300000e+02   7.5495065e+01   1.4648941e+01  -3.5188664e+01  -4.2144793e+01
   4.4015177e+01   4.3493230e+01  -1.4300000e+02   7.4827087e+01   1.2757283e+01  -3.4492986e+01  -4.3217483e+01
   4.2802356e+01   4.0281829e+01  -1.4300000e+02   7.4315829e+01   1.3622428e+01  -3.5666586e+01  -4.2701330e+01
   4.3264757e+01   3.8984637e+01  -1.4300000e+02   7.3233949e+01   1.0623916e+01  -3.5731075e+01  -4.3875619e+01
   4.3998034e+01   3.9169986e+01  -1.4300000e+02   7.4199724e+01   8.8017929e+00  -3.6903772e+01  -4.4006236e+01
   4.5837323e+01   4.2860021e+01  -1.4300000e+02   7.3121625e+01   7.9466207e+00  -3.5816545e+01  -4.1097596e+01
   4.6673225e+01   4.6760689e+01  -1.4300000e+02   6.7692228e+01   7.7497867e+00  -3.4336054e+01  -3.2852629e+01
   4.5676858e+01   4.6536004e+01  -1.4300000e+02   6.1686675e+01   7.6860382e+00  -3.7240897e+01  -2.2597525e+01
   4.2630280e+01   4.6896259e+01  -1.4300000e+02   5.5402953e+01   8.7249039e+00  -3.9343935e+01  -1.1780667e+01
   4.0661549e+01   4.6936090e+01  -1.4300000e+02   4.9865049e+01   9.2099601e+00  -4.1174710e+01  -1.4428942e+00
   3.8044644e+01   4.4705569e+01  -1.4300000e+02   4.6108264e+01   6.7896168e+00  -4.4805577e+01   5.5707447e+00
   3.6028298e+01   4.3454701e+01  -1.4300000e+02   4.2577435e+01   3.6591573e+00  -4.7808148e+01   1.2239738e+01
   3.3143644e+01   4.4895250e+01  -1.4300000e+02   3.9791906e+01   2.1831820e+00  -4.9774024e+01   1.7360891e+01
   3.2108814e+01   3.7601417e+01  -1.4300000e+02   3.5390618e+01  -4.1568570e-01  -5.6062603e+01   2.6798241e+01
   2.9443169e+01   3.0336488e+01  -1.4300000e+02   3.0741223e+01  -2.5503618e+00  -6.2383120e+01   3.3573712e+01
   2.6853197e+01   2.4892561e+01  -1.4300000e+02   2.7452625e+01  -4.3944501e+00  -6.7214792e+01   3.7260001e+01
   2.3607946e+01   1.9591692e+01  -1.4300000e+02   2.1282221e+01  -4.6578773e+00  -6.7389710e+01   3.9853153e+01
   1.7800067e+01   1.8449467e+01  -1.4300000e+02   1.6661848e+01  -4.5927944e+00  -6.4549890e+01   4.0868289e+01
   1.5861768e+01   1.7192961e+01  -1.4300000e+02   1.3168410e+01  -4.9474607e+00  -6.0513985e+01   4.5485020e+01
   1.5347618e+01   1.8200736e+01  -1.4300000e+02   1.1060894e+01  -3.9262650e+00  -5.6734081e+01   4.6830754e+01
   1.8110600e+01   2.1837335e+01  -1.4300000e+02   1.1848691e+01  -3.9071784e+00  -5.3015934e+01   4.7506157e+01
   1.5753967e+01   2.2330996e+01  -1.4300000e+02   1.0269938e+01  -8.6682601e-01  -5.0322678e+01   4.6882606e+01
   1.7593094e+01   2.5975508e+01  -1.4300000e+02   1.1251175e+01  -6.7054498e-01  -4.7384910e+01   4.5887167e+01
   2.0388410e+01   2.4206452e+01  -1.4300000e+02   1.1491598e+01  -2.0914053e+00  -4.7197316e+01   4.3947290e+01
   2.2318614e+01   2.8018905e+01  -1.4300000e+02   1.4107275e+01  -2.9408437e+00  -4.6894923e+01   4.3283008e+01
   2.2728755e+01   2.8511752e+01  -1.4300000e+02   1.6766427e+01  -2.7294449e+00  -4.7620973e+01   4.1573252e+01
   2.7981717e+01   2.9743541e+01  -1.4300000e+02   1.9253940e+01  -5.4097018e+00  -4.8272880e+01   4.1151310e+01
   2.6441592e+01   3.2146905e+01  -1.4300000e+02   1.9982974e+01  -3.5877735e+00  -4.7167401e+01   4.0673366e+01
   2.5465722e+01   3.2728867e+01  -1.4300000e+02   2.0686413e+01  -2.9585596e+00  -4.6896076e+01   4.0070076e+01
   2.7173383e+01   3.0068536e+01  -1.4300000e+02   2.3155753e+01  -4.4704903e+00  -4.9490122e+01   3.8963249e+01
   2.7726341e+01   2.9038111e+01  -1.4300000e+02   2.5869341e+01  -4.8799204e+00  -5.2034141e+01   3.8203543e+01
   2.8009494e+01   2.6467248e+01  -1.4300000e+02   2.8538286e+01  -5.1770307e+00  -5.5470134e+01   3.7624929e+01
   2.9620289e+01   3.1416077e+01  -1.4300000e+02   3.0989602e+01  -4.0659767e+00  -5.5522801e+01   3.7187622e+01
   3.0159179e+01   3.4286940e+01  -1.4300000e+02   3.3426014e+01  -3.0602049e+00  -5.5546771e+01   3.5798725e+01
   3.1278435e+01   3.1620982e+01  -1.4300000e+02   3.4640564e+01  -2.8145707e+00  -5.6930162e+01   3.6188721e+01
   3.0417394e+01   3.8508641e+01  -1.4300000e+02   3.6262432e+01  -1.2429689e+00  -5.3636247e+01   3.4564616e+01
   3.1459553e+01   4.3945514e+01  -1.4300000e+02   3.7662126e+01   3.7739663e-02  -5.0805594e+01   3.2629872e+01
   3.2743178e+01   4.8397344e+01  -1.4300000e+02   3.8825016e+01   9.0402631e-01  -4.8408107e+01   3.0809965e+01
   3.3573320e+01   5.3146769e+01  -1.4300000e+02   3.9497143e+01   2.9591422e+00  -4.5831164e+01   3.1256864e+01
   3.4116537e+01   5.2367817e+01  -1.4300000e+02   3.9285023e+01   3.1377942e+00  -4.5007137e+01   3.0755586e+01
   3.4943335e+01   5.3917751e+01  -1.4300000e+02   3.9437693e+01   3.8774168e+00  -4.3345013e+01   2.9443425e+01
   3.5858032e+01   5.1817403e+01  -1.4300000e+02   3.9640130e+01   2.6179320e+00  -4.3360939e+01   2.8121863e+01
   3.5038450e+01   5.3764604e+01  -1.4300000e+02   4.0442608e+01   3.9356620e+00  -4.1720122e+01   2.6823400e+01
   3.6701977e+01   5.2492543e+01  -1.4300000e+02   4.0625452e+01   2.6545281e+00  -4.1389343e+01   2.5186537e+01
   3.5199132e+01   5.6079668e+01  -1.4300000e+02   4.1457147e+01   5.1018503e+00  -3.9481343e+01   2.3623130e+01
   3.6694488e+01   5.5256804e+01  -1.4300000e+02   4.2071711e+01   4.8915139e+00  -3.8465334e+01   2.2278992e+01
   3.7380863e+01   5.4820307e+01  -1.4300000e+02   4.2775692e+01   5.0147976e+00  -3.7833436e+01   1.9204321e+01
   3.8567725e+01   5.6216793e+01  -1.4300000e+02   4.3512040e+01   5.5890352e+00  -3.6443860e+01   1.7513401e+01
   3.7007889e+01   5.5167535e+01  -1.4300000e+02   4.4290836e+01   5.7117121e+00  -3.6271419e+01   1.5240393e+01
   3.7031264e+01   5.3309644e+01  -1.4300000e+02   4.4347415e+01   5.1081481e+00  -3.6685611e+01   1.3961707e+01
   3.7925475e+01   5.1355879e+01  -1.4300000e+02   4.4548493e+01   3.2928827e+00  -3.6890207e+01   1.2428989e+01
   3.6809995e+01   5.1532536e+01  -1.4300000e+02   4.5095302e+01   4.1399435e+00  -3.6499270e+01   1.1245194e+01
   3.7420221e+01   4.9350038e+01  -1.4300000e+02   4.5632520e+01   3.0908485e+00  -3.6679322e+01   8.6823230e+00
   3.8136075e+01   4.6946747e+01  -1.4300000e+02   4.6074211e+01   2.0795769e+00  -3.7076422e+01   7.0492887e+00
   3.8228179e+01   4.3634916e+01  -1.4300000e+02   4.6395956e+01   1.2624942e+00  -3.8537378e+01   6.5398751e+00
   3.8206575e+01   4.3652692e+01  -1.4300000e+02   4.7584145e+01   2.2873031e+00  -3.8390560e+01   4.2849928e+00
   3.8045111e+01   4.5818573e+01  -1.4300000e+02   4.9033671e+01   3.8691332e+00  -3.7048124e+01   1.7981245e+00
   3.8294009e+01   4.4490424e+01  -1.4300000e+02   4.9867476e+01   3.5339464e+00  -3.7494159e+01   3.0830148e-01
   3.9025324e+01   4.3564776e+01  -1.4300000e+02   5.0754535e+01   2.4905824e+00  -3.7817190e+01  -1.7387134e+00
   3.8695665e+01   4.2249838e+01  -1.4300000e+02   5.1921897e+01   3.4729210e+00  -3.8628703e+01  -2.6090766e+00
   3.8603651e+01   4.7384343e+01  -1.4300000e+02   5.3825919e+01   6.2907902e+00  -3.5518573e+01  -6.2888883e+00
   3.9203913e+01   4.6089077e+01  -1.4300000e+02   5.5200947e+01   6.5818578e+00  -3.5822551e+01  -8.3211404e+00
   3.9663566e+01   4.7756776e+01  -1.4300000e+02   5.6648082e+01   6.7308311e+00  -3.4814194e+01  -1.1644268e+01
   3.9287373e+01   4.4442520e+01  -1.4300000e+02   5.7790032e+01   6.7542441e+00  -3.7036484e+01  -1.2183040e+01
   3.9856959e+01   4.6072942e+01  -1.4300000e+02   5.9640756e+01   7.7192464e+00  -3.6365196e+01  -1.4948082e+01
   3.9181937e+01   4.5041780e+01  -1.4300000e+02   6.1518713e+01   8.8234011e+00  -3.7258309e+01  -1.5637092e+01
   4.0279837e+01   4.7384498e+01  -1.4300000e+02   6.3402567e+01   9.7448232e+00  -3.5592319e+01  -1.9333221e+01
   4.0254199e+01   4.1050518e+01  -1.4300000e+02   6.6232379e+01   6.9725642e+00  -4.0789627e+01  -2.0874540e+01
   4.0706497e+01   4.1046272e+01  -1.4300000e+02   6.9930609e+01   7.5199768e+00  -4.2005965e+01  -2.4901937e+01
   4.0708026e+01   4.0743218e+01  -1.4300000e+02   7.2344273e+01   8.1908897e+00  -4.2673907e+01  -2.8688984e+01
   4.1264913e+01   4.1369428e+01  -1.4300000e+02   7.4301910e+01   9.8713594e+00  -4.1220219e+01  -3.3015668e+01
   4.0701897e+01   4.3451877e+01  -1.4300000e+02   7.5824940e+01   1.1913015e+01  -3.9778034e+01  -3.6905747e+01
   4.1164454e+01   4.5372388e+01  -1.4300000e+02   7.7415267e+01   1.4412178e+01  -3.8132272e+01  -4.0326977e+01
   4.1638476e+01   4.6209578e+01  -1.4300000e+02   7.9059597e+01   1.6268457e+01  -3.6817687e+01  -4.2785418e+01
   4.2106229e+01   4.6316803e+01  -1.4300000e+02   8.0256346e+01   1.6262113e+01  -3.6433577e+01  -4.5001322e+01
   4.2174127e+01   4.7861820e+01  -1.4300000e+02   8.2028328e+01   1.9162208e+01  -3.5974974e+01  -4.6875269e+01
   4.2507533e+01   4.7375720e+01  -1.4300000e+02   8.2886010e+01   1.9560670e+01  -3.6625884e+01  -4.7459898e+01
   4.3493133e+01   5.1668699e+01  -1.4300000e+02   8.2710233e+01   2.3978717e+01  -3.5603399e+01  -4.2494883e+01
   4.3325819e+01   5.1738276e+01  -1.4300000e+02   8.1136337e+01   2.3219903e+01  -3.7823553e+01  -3.6908062e+01
   4.1389734e+01   5.1846459e+01  -1.4300000e+02   7.5359051e+01   1.8521772e+01  -4.0741171e+01  -2.9308232e+01
   3.9827050e+01   5.0140619e+01  -1.4300000e+02   6.8177196e+01   1.5072759e+01  -4.3776198e+01  -2.0747976e+01
   4.0082376e+01   4.5925600e+01  -1.4300000e+02   6.1273804e+01   9.7267412e+00  -4.9108011e+01  -1.2799188e+01
   4.1240444e+01   3.8639449e+01  -1.4300000e+02   5.4680764e+01   4.2750876e+00  -5.5369851e+01  -2.4382867e+00
   3.7675993e+01   4.4161533e+01  -1.4300000e+02   4.7777372e+01   5.2656824e+00  -5.3466534e+01   5.2335002e+00
   3.6431819e+01   4.2121171e+01  -1.4300000e+02   4.2397322e+01   4.4607363e+00  -5.4880192e+01   1.4414492e+01
   3.3313509e+01   3.5976021e+01  -1.4300000e+02   3.5581474e+01   2.9884107e+00  -5.9613563e+01   2.4902040e+01
   2.8232522e+01   3.1638717e+01  -1.4300000e+02   2.8132313e+01   1.2456497e+00  -6.3607091e+01   3.2896041e+01
   2.2320090e+01   2.9801681e+01  -1.4300000e+02   2.3007429e+01   5.2895796e-01  -6.3572294e+01   3.9698132e+01
   1.7721362e+01   2.4726299e+01  -1.4300000e+02   1.8328940e+01   1.3591516e+00  -6.3769730e+01   4.4010543e+01
   1.5908472e+01   1.9521436e+01  -1.4300000e+02   1.3633131e+01  -2.1619623e-01  -6.3535777e+01   4.7637715e+01
   1.5665269e+01   1.4917973e+01  -1.4300000e+02   9.6309712e+00  -4.6573968e+00  -6.1911275e+01   4.8417001e+01
   1.3987370e+01   1.5385325e+01  -1.4300000e+02   8.3579803e+00  -8.2905434e+00  -5.8354239e+01   5.1405813e+01
   1.3254436e+01   1.1621067e+01  -1.4300000e+02   5.2818133e+00  -7.9975911e+00  -5.7161578e+01   5.8025200e+01
   1.3872612e+01   1.2160380e+01  -1.4300000e+02   2.9007900e+00  -7.1353926e+00  -5.4757176e+01   5.8467617e+01
   1.3413483e+01   1.3792345e+01  -1.4300000e+02   2.6020952e+00  -6.7933831e+00  -5.2153453e+01   5.5768134e+01
   1.3603921e+01   1.5598441e+01  -1.4300000e+02   2.0455387e+00  -5.9841626e+00  -4.9787813e+01   5.2453202e+01
   1.3508594e+01   1.8728729e+01  -1.4300000e+02   2.7005717e+00  -4.5628983e+00  -4.6914011e+01   5.0299846e+01
   1.4630061e+01   2.1315544e+01  -1.4300000e+02   4.3303540e+00  -2.2891863e+00  -4.4688769e+01   4.8349970e+01
   1.6212901e+01   2.1737324e+01  -1.4300000e+02   6.0471243e+00  -9.9023411e-01  -4.3974838e+01   4.4123358e+01
   1.5362554e+01   2.8387890e+01  -1.4300000e+02   8.7436642e+00   1.1588183e+00  -4.2424733e+01   4.1871992e+01
   1.9232110e+01   2.8426605e+01  -1.4300000e+02   1.0469293e+01   3.2534429e+00  -4.2806389e+01   4.3163076e+01
   1.9246934e+01   3.2630719e+01  -1.4300000e+02   1.3755075e+01   5.7160955e+00  -4.2146327e+01   4.2834559e+01
   2.2106905e+01   3.6160381e+01  -1.4300000e+02   1.6495426e+01   4.9810009e+00  -4.4727154e+01   3.8270137e+01
   2.1896570e+01   4.4596760e+01  -1.4300000e+02   2.2348833e+01   7.4144156e+00  -3.9973270e+01   3.8998093e+01
   2.3434057e+01   5.1939870e+01  -1.4300000e+02   2.6007751e+01   1.1203943e+01  -3.7604488e+01   3.8087542e+01
   2.9166234e+01   6.0085168e+01  -1.4300000e+02   2.9176504e+01   1.1793057e+01  -3.4921092e+01   3.7629238e+01
   2.9187928e+01   5.8739030e+01  -1.4300000e+02   3.1054668e+01   1.1437694e+01  -3.5405885e+01   3.4997685e+01
   3.1296270e+01   5.3145368e+01  -1.4300000e+02   3.1390374e+01   8.9850111e+00  -3.8150866e+01   3.3755504e+01
   3.2730854e+01   4.9091536e+01  -1.4300000e+02   3.2185008e+01   5.8113763e+00  -4.0341239e+01   3.1974871e+01
   3.1405823e+01   4.7292223e+01  -1.4300000e+02   3.3728230e+01   6.6426569e+00  -4.1513250e+01   3.1213151e+01
   3.1527214e+01   4.7606524e+01  -1.4300000e+02   3.5331137e+01   7.7958729e+00  -4.2023639e+01   2.9825269e+01
   3.3079101e+01   4.9841668e+01  -1.4300000e+02   3.7184567e+01   8.1437892e+00  -4.1791657e+01   2.9159463e+01
   3.3770735e+01   5.1772068e+01  -1.4300000e+02   3.9182614e+01   8.2134783e+00  -4.1374683e+01   2.7111146e+01
   3.3468874e+01   5.5289294e+01  -1.4300000e+02   4.1298320e+01   1.0036123e+01  -4.0225770e+01   2.5055739e+01
   3.6006325e+01   5.0410564e+01  -1.4300000e+02   4.1825080e+01   6.2437309e+00  -4.2257933e+01   2.2784376e+01
   3.5350835e+01   5.2994832e+01  -1.4300000e+02   4.3136886e+01   7.4399852e+00  -4.1068944e+01   2.0151162e+01
   3.6416225e+01   5.1358775e+01  -1.4300000e+02   4.3939006e+01   6.5343065e+00  -4.1207145e+01   1.8349900e+01
   3.7789171e+01   5.0036122e+01  -1.4300000e+02   4.4614144e+01   4.9248700e+00  -4.1570118e+01   1.6208152e+01
   3.8286727e+01   5.0824567e+01  -1.4300000e+02   4.5496163e+01   5.0978938e+00  -4.1012634e+01   1.4402195e+01
   3.9669347e+01   4.9249170e+01  -1.4300000e+02   4.5962228e+01   4.4342708e+00  -4.1488125e+01   1.2825339e+01
   4.0184067e+01   5.1249074e+01  -1.4300000e+02   4.6820869e+01   5.2851342e+00  -4.0133381e+01   1.1106228e+01
   3.9150261e+01   5.2266006e+01  -1.4300000e+02   4.7964214e+01   7.1174332e+00  -3.9090087e+01   8.5694070e+00
   4.0466942e+01   5.4912980e+01  -1.4300000e+02   4.8777713e+01   8.8146200e+00  -3.6554699e+01   5.7034422e+00
   4.0361287e+01   5.7905633e+01  -1.4300000e+02   4.9520156e+01   1.1326419e+01  -3.4058628e+01   3.3113071e+00
   3.9819264e+01   5.9134845e+01  -1.4300000e+02   5.0589701e+01   1.4122599e+01  -3.1848317e+01   3.3601093e-01
   4.0993526e+01   5.7034027e+01  -1.4300000e+02   5.1753764e+01   1.3868148e+01  -3.2189024e+01  -1.6656985e+00
   3.9775953e+01   5.6391075e+01  -1.4300000e+02   5.3331465e+01   1.5864069e+01  -3.2607127e+01  -4.3357443e+00
   4.1134881e+01   5.4494187e+01  -1.4300000e+02   5.4684133e+01   1.3862542e+01  -3.3361666e+01  -6.9256518e+00
   4.2223326e+01   5.4035899e+01  -1.4300000e+02   5.6291346e+01   1.3628047e+01  -3.3518390e+01  -9.7436634e+00
   4.3010338e+01   5.2032353e+01  -1.4300000e+02   5.8335558e+01   1.2596689e+01  -3.4935842e+01  -1.2398953e+01
   4.4043829e+01   4.9836548e+01  -1.4300000e+02   6.0153980e+01   1.0782135e+01  -3.6625539e+01  -1.4575672e+01
   4.5449189e+01   5.2231315e+01  -1.4300000e+02   6.2638413e+01   1.0947560e+01  -3.5376860e+01  -1.8375152e+01
   4.6334274e+01   4.9768240e+01  -1.4300000e+02   6.6214085e+01   9.1179608e+00  -3.8662390e+01  -2.1791315e+01
   4.7001938e+01   5.3371763e+01  -1.4300000e+02   6.9953926e+01   1.2656443e+01  -3.7793126e+01  -2.5192485e+01
   4.7577062e+01   5.3961343e+01  -1.4300000e+02   7.4016390e+01   1.2946455e+01  -3.9986594e+01  -2.6061350e+01
   4.7887919e+01   5.4067433e+01  -1.4300000e+02   7.7832812e+01   1.3646197e+01  -4.2541665e+01  -2.7713794e+01
   4.8689527e+01   5.5315645e+01  -1.4300000e+02   8.1523511e+01   1.3504807e+01  -4.4060189e+01  -2.9307284e+01
   4.9238093e+01   5.7683663e+01  -1.4300000e+02   8.4050608e+01   1.6175100e+01  -4.4692967e+01  -3.0071849e+01
   5.0577669e+01   5.7890132e+01  -1.4300000e+02   8.4411580e+01   1.4744835e+01  -4.4853755e+01  -3.0489965e+01
   5.1300521e+01   5.8083336e+01  -1.4300000e+02   8.6440850e+01   1.5605791e+01  -4.4693550e+01  -3.3679534e+01
   5.2441617e+01   5.9002736e+01  -1.4300000e+02   8.6907884e+01   1.5298278e+01  -4.3814709e+01  -3.5063040e+01
   5.2633095e+01   5.8270521e+01  -1.4300000e+02   8.7305968e+01   1.5144324e+01  -4.4299301e+01  -3.5910296e+01
   5.2356494e+01   6.0771115e+01  -1.4300000e+02   8.8400636e+01   1.8699656e+01  -4.3127926e+01  -3.7443558e+01
   5.3022212e+01   6.1839762e+01  -1.4300000e+02   8.9008007e+01   1.9904581e+01  -4.2401924e+01  -3.8549284e+01
   5.3801867e+01   6.1994471e+01  -1.4300000e+02   8.8205814e+01   1.9731475e+01  -4.3914470e+01  -3.4273702e+01
   5.2729224e+01   6.3417855e+01  -1.4300000e+02   8.2575851e+01   2.1414929e+01  -4.5748896e+01  -2.6383922e+01
   5.0100457e+01   6.2024944e+01  -1.4300000e+02   7.5180793e+01   1.9926278e+01  -4.8571637e+01  -1.8926840e+01
   4.8830803e+01   5.7358703e+01  -1.4300000e+02   6.7604602e+01   1.6647619e+01  -5.2658341e+01  -1.1175088e+01
   4.6149147e+01   5.1709163e+01  -1.4300000e+02   6.0424235e+01   1.2631560e+01  -5.6387215e+01  -3.1773871e+00
   4.2315529e+01   4.6949708e+01  -1.4300000e+02   5.3959023e+01   8.4325520e+00  -5.9765898e+01   4.9424931e+00
   4.1092487e+01   4.2274689e+01  -1.4300000e+02   4.8339583e+01   5.1262191e+00  -6.4117597e+01   1.4831611e+01
   3.8732129e+01   3.2719564e+01  -1.4300000e+02   4.2405111e+01   1.7806780e+00  -7.0572549e+01   2.2445143e+01
   3.4240267e+01   2.6662135e+01  -1.4300000e+02   3.6907302e+01   1.0821145e+00  -7.4245295e+01   2.5281605e+01
   3.1463558e+01   2.4431683e+01  -1.4300000e+02   3.1972393e+01  -5.7687856e-01  -7.4920640e+01   2.8672163e+01
   2.3740600e+01   1.8922971e+01  -1.4300000e+02   2.5932353e+01  -2.3671784e+00  -7.4881756e+01   3.4417840e+01
   2.2528338e+01   1.4840146e+01  -1.4300000e+02   1.8753905e+01  -2.0343687e+00  -7.5796293e+01   4.1281661e+01
   2.0836465e+01   1.4579353e+01  -1.4300000e+02   1.3675420e+01  -3.2528723e+00  -7.3636033e+01   4.8060968e+01
   1.8536492e+01   1.6172230e+01  -1.4300000e+02   1.0806080e+01  -3.8920768e+00  -7.0298124e+01   4.9671165e+01
   1.8292739e+01   1.3660613e+01  -1.4300000e+02   8.0062321e+00  -5.3779840e+00  -6.7536457e+01   4.9109444e+01
   1.6724648e+01   1.2328965e+01  -1.4300000e+02   5.5133594e+00  -5.8563147e+00  -6.4669837e+01   4.9065854e+01
   1.5514373e+01   9.5894075e+00  -1.4300000e+02   3.6411532e+00  -8.0781844e+00  -6.0692315e+01   4.7290052e+01
   1.5643783e+01   9.2320598e+00  -1.4300000e+02   1.1907943e+00  -2.5952636e+00  -5.7378050e+01   5.7203016e+01
   1.5275898e+01   1.2121516e+01  -1.4300000e+02   4.2004650e-02   1.4431945e+00  -5.3637171e+01   5.8496942e+01
   1.4636818e+01   1.3871861e+01  -1.4300000e+02  -2.2680160e-01   4.0070435e+00  -5.0104761e+01   5.5576766e+01
   1.8507778e+01   1.8408720e+01  -1.4300000e+02   2.8089851e+00   6.1964882e+00  -4.5725513e+01   4.9756426e+01
   2.1851343e+01   2.9090958e+01  -1.4300000e+02   6.5279509e+00   6.3805771e+00  -4.1732446e+01   4.5753599e+01
   2.7514531e+01   3.3391633e+01  -1.4300000e+02   1.2624136e+01   6.2875310e+00  -4.0986517e+01   4.7055182e+01
   3.1088765e+01   3.2924280e+01  -1.4300000e+02   1.6599030e+01   4.2808149e+00  -4.3447017e+01   4.4610599e+01
   3.2840795e+01   3.5990584e+01  -1.4300000e+02   2.1224720e+01   3.7922899e+00  -4.3988611e+01   4.3201758e+01
   3.3735292e+01   4.2822163e+01  -1.4300000e+02   2.3802173e+01   5.2663469e+00  -4.2454772e+01   4.0211063e+01
   3.4702506e+01   5.0475270e+01  -1.4300000e+02   2.4890019e+01   8.5916895e+00  -3.9625701e+01   3.8796529e+01
   3.6208635e+01   4.3238315e+01  -1.4300000e+02   2.7565990e+01   7.4294833e+00  -4.1531554e+01   3.6788653e+01
   3.7626098e+01   4.1897077e+01  -1.4300000e+02   2.9630605e+01   5.6406901e+00  -4.2304100e+01   3.3979791e+01
   3.6063470e+01   5.0126904e+01  -1.4300000e+02   3.1364077e+01   9.8894234e+00  -3.9337634e+01   3.1271178e+01
   3.8594269e+01   4.8383454e+01  -1.4300000e+02   3.3999434e+01   7.9358290e+00  -3.8979058e+01   2.7957992e+01
   3.9731762e+01   4.0844979e+01  -1.4300000e+02   3.7735804e+01   5.3093343e+00  -4.2955888e+01   2.3739717e+01
   4.0148701e+01   3.9035280e+01  -1.4300000e+02   4.0490980e+01   4.8286108e+00  -4.6005981e+01   2.1038834e+01
   4.1950014e+01   3.5870971e+01  -1.4300000e+02   4.4242093e+01   3.3186979e+00  -4.9652419e+01   1.8867694e+01
   4.2446049e+01   3.6159616e+01  -1.4300000e+02   4.7709152e+01   3.0734867e+00  -5.2265947e+01   1.6863197e+01
   4.2712516e+01   3.6066436e+01  -1.4300000e+02   5.0350564e+01   2.9017054e+00  -5.3981395e+01   1.5899333e+01
   4.3386667e+01   4.1421994e+01  -1.4300000e+02   5.2215807e+01   4.7571792e+00  -5.1397551e+01   1.4191028e+01
   4.3948683e+01   4.2532204e+01  -1.4300000e+02   5.3833910e+01   5.0999924e+00  -5.0593158e+01   1.0758223e+01
   4.5582003e+01   4.3833620e+01  -1.4300000e+02   5.5383992e+01   4.5994145e+00  -4.9218838e+01   8.2450047e+00
   4.6683138e+01   4.5485508e+01  -1.4300000e+02   5.6676448e+01   5.3420228e+00  -4.7436401e+01   5.8801557e+00
   4.3357649e+01   4.9319217e+01  -1.4300000e+02   5.8049248e+01   1.0369840e+01  -4.5417921e+01   3.7425597e+00
   4.4319703e+01   4.6990671e+01  -1.4300000e+02   5.9804240e+01   9.9978278e+00  -4.6148330e+01   1.5831625e+00
   4.5237086e+01   4.8791241e+01  -1.4300000e+02   6.1884600e+01   1.0920618e+01  -4.4939618e+01  -1.5959647e+00
   4.4521562e+01   4.8882106e+01  -1.4300000e+02   6.4222022e+01   1.3190782e+01  -4.4971255e+01  -4.1978676e+00
   4.6139981e+01   4.8041417e+01  -1.4300000e+02   6.7493716e+01   1.1681407e+01  -4.6019652e+01  -8.3813027e+00
   4.6819651e+01   5.0353565e+01  -1.4300000e+02   6.9761220e+01   1.2575047e+01  -4.5056494e+01  -1.1310234e+01
   4.7586155e+01   4.9894489e+01  -1.4300000e+02   7.3077210e+01   1.2326969e+01  -4.6319808e+01  -1.4785984e+01
   4.8536532e+01   5.3503206e+01  -1.4300000e+02   7.6195507e+01   1.3819831e+01  -4.5279229e+01  -1.8856665e+01
   5.0342225e+01   5.8439889e+01  -1.4300000e+02   7.9669831e+01   1.6834737e+01  -4.2891271e+01  -2.3426166e+01
   5.1376324e+01   5.8901546e+01  -1.4300000e+02   8.4190123e+01   1.7483202e+01  -4.4820837e+01  -2.6627806e+01
   5.2645381e+01   5.6387600e+01  -1.4300000e+02   8.7688988e+01   1.4263110e+01  -4.8118478e+01  -3.0098482e+01
   5.2890300e+01   6.0304480e+01  -1.4300000e+02   9.1066169e+01   1.9352969e+01  -4.7408203e+01  -3.2725376e+01
   5.4478518e+01   6.2386428e+01  -1.4300000e+02   9.2881000e+01   1.8917272e+01  -4.7696324e+01  -3.4525686e+01
   5.5499283e+01   6.3428802e+01  -1.4300000e+02   9.4672750e+01   1.9079700e+01  -4.8748592e+01  -3.5890436e+01
   5.6405577e+01   6.2420324e+01  -1.4300000e+02   9.4696785e+01   1.8093019e+01  -5.1328297e+01  -3.3187899e+01
   5.6672410e+01   6.1528866e+01  -1.4300000e+02   9.3258416e+01   1.7302213e+01  -5.1202308e+01  -3.1417380e+01
   5.6205931e+01   6.3390663e+01  -1.4300000e+02   9.0386882e+01   1.8401384e+01  -4.9380782e+01  -2.9819295e+01
   5.2511665e+01   6.4853623e+01  -1.4300000e+02   8.4526190e+01   2.1396924e+01  -4.8790256e+01  -2.4359842e+01
   4.9427921e+01   6.1409678e+01  -1.4300000e+02   7.7320907e+01   1.6073026e+01  -5.3143854e+01  -1.7540107e+01
   4.8786712e+01   5.6995554e+01  -1.4300000e+02   7.0285193e+01   1.0310134e+01  -5.7036156e+01  -8.9840178e+00
   4.7043116e+01   5.2933274e+01  -1.4300000e+02   6.3915498e+01   4.3982132e+00  -5.9627828e+01  -1.0120167e+00
   4.4319324e+01   5.3446188e+01  -1.4300000e+02   5.8366837e+01   1.9259673e+00  -5.9977022e+01   6.7753333e+00
   4.3935848e+01   4.9129397e+01  -1.4300000e+02   5.2441593e+01  -1.5604303e+00  -6.2846516e+01   1.6186386e+01
   4.0797780e+01   4.6057423e+01  -1.4300000e+02   4.5838778e+01   2.6722766e-01  -6.6772362e+01   2.5505844e+01
   3.6699397e+01   4.1204600e+01  -1.4300000e+02   4.0203357e+01  -1.7358083e+00  -7.0214565e+01   2.7323624e+01
   3.6514717e+01   3.4128199e+01  -1.4300000e+02   3.5880357e+01  -5.7328872e+00  -7.4540287e+01   2.7207288e+01
   3.3665131e+01   2.7542321e+01  -1.4300000e+02   3.4139363e+01  -7.3839443e+00  -7.7089938e+01   2.7696598e+01
   3.1105500e+01   2.2721637e+01  -1.4300000e+02   3.2309232e+01  -8.2085374e+00  -7.9302893e+01   3.0652730e+01
   2.7003675e+01   2.3808452e+01  -1.4300000e+02   3.0948773e+01  -6.8860594e+00  -7.6878961e+01   3.6244027e+01
