   4.4382729e+01   6.1845521e+01  -1.4296417e+02   6.0864898e+01   2.3233747e+01  -3.1194073e+01  -6.2581902e+00
   4.2378288e+01   4.7845521e+01  -1.4272953e+02   6.2261730e+01   1.9694688e+01  -4.5194073e+01  -8.8483607e+00
   3.7521412e+01   3.3845629e+01  -1.4250484e+02   7.0719687e+01   1.6566819e+01  -5.9192668e+01  -8.7135817e+00
   3.2664537e+01   1.9845737e+01  -1.4228015e+02   7.9177643e+01   1.3438949e+01  -7.3191263e+01  -8.5788028e+00
   2.7807661e+01   5.8458446e+00  -1.4205546e+02   8.7635599e+01   1.0311080e+01  -8.7189858e+01  -8.4440238e+00
   2.8432585e+01  -8.1540707e+00  -1.4183083e+02   8.6816931e+01   1.2001049e+01  -1.0118577e+02  -1.3120127e+01
   2.9057508e+01  -2.2153986e+01  -1.4160620e+02   8.5998264e+01   1.3691018e+01  -1.1518168e+02  -1.7796229e+01
   2.9687314e+01  -3.5000000e+01  -1.4300000e+02   8.5091437e+01   1.5405022e+01  -1.0118168e+02  -2.2507335e+01
   3.1164141e+01  -3.5000000e+01  -1.4300000e+02   7.5600983e+01   1.8573127e+01  -8.7182020e+01  -3.0252640e+01
   3.2640968e+01  -3.5000000e+01  -1.4300000e+02   6.6110529e+01   2.1741231e+01  -7.3182357e+01  -3.7997946e+01
   3.4117795e+01  -3.5000000e+01  -1.4300000e+02   5.6620075e+01   2.4909336e+01  -5.9182693e+01  -4.5743251e+01
   3.5579456e+01  -3.5000000e+01  -1.4300000e+02   4.7157121e+01   2.8068847e+01  -5.1000000e+01  -5.3460560e+01
   3.0794666e+01  -3.5000000e+01  -1.4300000e+02   4.6964098e+01   2.8250511e+01  -5.1000000e+01  -4.9660835e+01
   2.7506709e+01  -3.5000000e+01  -1.4300000e+02   4.6030926e+01   2.9032841e+01  -5.1000000e+01  -4.7226001e+01
   2.4827765e+01  -3.5000000e+01  -1.4300000e+02   4.5549029e+01   3.0137874e+01  -5.1000000e+01  -4.5341742e+01
   2.2384996e+01  -3.5000000e+01  -1.4300000e+02   4.4693127e+01   3.1543615e+01  -5.1000000e+01  -4.4685294e+01
   2.0697210e+01  -3.5000000e+01  -1.4300000e+02   4.4323483e+01   3.3376623e+01  -5.1000000e+01  -4.3825843e+01
   1.8590309e+01  -3.5000000e+01  -1.4300000e+02   4.4084733e+01   3.4917965e+01  -5.1000000e+01  -4.3195169e+01
   1.7078671e+01  -3.5000000e+01  -1.4300000e+02   4.4433259e+01   3.6653907e+01  -5.1000000e+01  -4.2298560e+01
   1.5362899e+01  -3.5000000e+01  -1.4300000e+02   4.4388470e+01   3.8132213e+01  -5.1000000e+01  -4.1783351e+01
   1.3896224e+01  -3.5000000e+01  -1.4300000e+02   4.4727001e+01   3.9652430e+01  -5.1000000e+01  -4.0643456e+01
   1.2868237e+01  -3.5000000e+01  -1.4300000e+02   4.4258110e+01   4.0813454e+01  -5.1000000e+01  -4.0023257e+01
   1.3272544e+01  -3.5000000e+01  -1.4300000e+02   4.4378278e+01   4.1249339e+01  -5.1000000e+01  -3.9638603e+01
   1.3407302e+01  -3.5000000e+01  -1.4300000e+02   4.4814495e+01   4.1569474e+01  -5.1000000e+01  -3.9159481e+01
   1.2924061e+01  -3.5000000e+01  -1.4300000e+02   4.4936270e+01   4.1550627e+01  -5.1000000e+01  -3.9135569e+01
   1.2319296e+01  -3.5000000e+01  -1.4300000e+02   4.3981577e+01   4.1476659e+01  -5.1000000e+01  -3.9335420e+01
   1.3545271e+01  -3.5000000e+01  -1.4300000e+02   4.4379633e+01   4.2030163e+01  -5.1000000e+01  -3.9396848e+01
   1.4733225e+01  -3.5000000e+01  -1.4300000e+02   4.1026149e+01   4.2264994e+01  -5.1000000e+01  -3.7736640e+01
   1.5303860e+01  -3.5000000e+01  -1.4300000e+02   3.6757760e+01   4.2372603e+01  -5.1000000e+01  -3.4529161e+01
   1.4525796e+01  -3.5000000e+01  -1.4300000e+02   3.0726696e+01   4.2463205e+01  -5.1000000e+01  -3.0967137e+01
   1.2898670e+01  -3.5000000e+01  -1.4300000e+02   2.3349512e+01   4.3396384e+01  -5.1000000e+01  -2.6401767e+01
   1.0583713e+01  -3.5000000e+01  -1.4300000e+02   1.5304662e+01   4.2183368e+01  -5.1000000e+01  -2.1969101e+01
   7.2342080e+00  -3.5000000e+01  -1.4300000e+02   7.5774752e+00   3.8065612e+01  -5.1000000e+01  -1.6854911e+01
   5.4754029e+00  -3.5000000e+01  -1.4300000e+02  -1.5546929e-02   3.3107998e+01  -5.1000000e+01  -1.2239412e+01
   4.1834749e+00  -3.5000000e+01  -1.4300000e+02  -7.5420355e+00   2.8500333e+01  -5.1000000e+01  -5.4233848e+00
   1.8702468e+00  -3.5000000e+01  -1.4300000e+02  -1.5127741e+01   2.3192271e+01  -5.1000000e+01   2.1924379e-01
   5.0558669e-02  -3.5000000e+01  -1.4300000e+02  -2.0576590e+01   1.9198065e+01  -5.1000000e+01   7.2227843e+00
  -3.1580576e+00  -3.5000000e+01  -1.4300000e+02  -2.2359007e+01   1.6663193e+01  -5.1000000e+01   1.0972898e+01
  -5.1485116e+00  -3.5000000e+01  -1.4300000e+02  -2.6666031e+01   1.1156662e+01  -5.1000000e+01   1.8667955e+01
  -8.5927365e+00  -3.5000000e+01  -1.4300000e+02  -3.1460694e+01   6.2003212e+00  -5.1000000e+01   2.6601699e+01
  -1.0236761e+01  -3.5000000e+01  -1.4300000e+02  -3.3436115e+01   7.4439297e-01  -5.1000000e+01   3.1416592e+01
  -1.3378188e+01  -3.5000000e+01  -1.4300000e+02  -3.4238060e+01  -1.9828133e+00  -5.1000000e+01   3.6960985e+01
  -1.1903297e+01  -3.5000000e+01  -1.4300000e+02  -3.6335820e+01  -4.9855518e+00  -5.1000000e+01   4.1821808e+01
  -1.4079341e+01  -3.5000000e+01  -1.4300000e+02  -3.5560153e+01  -5.7608365e+00  -5.1000000e+01   4.2421329e+01
  -1.5719368e+01  -3.5000000e+01  -1.4300000e+02  -3.4065525e+01  -6.2125911e+00  -5.1000000e+01   4.3843471e+01
  -1.7191417e+01  -3.5000000e+01  -1.4300000e+02  -3.3402821e+01  -5.7416155e+00  -5.1000000e+01   4.4386599e+01
  -1.7122283e+01  -3.5000000e+01  -1.4300000e+02  -3.2884751e+01  -4.7682173e+00  -5.1000000e+01   4.3757909e+01
  -1.7955622e+01  -3.5000000e+01  -1.4300000e+02  -3.2766504e+01  -3.3561447e+00  -5.1000000e+01   4.3107908e+01
  -1.8264648e+01  -3.5000000e+01  -1.4300000e+02  -3.2073872e+01  -1.8774169e+00  -5.1000000e+01   4.3142768e+01
  -1.8881832e+01  -3.5000000e+01  -1.4300000e+02  -3.1961265e+01  -1.0881135e+00  -5.1000000e+01   4.1962909e+01
  -1.9476709e+01  -3.5000000e+01  -1.4300000e+02  -3.0702383e+01  -2.5868820e-01  -5.1000000e+01   4.1336648e+01
  -2.0056160e+01  -3.5000000e+01  -1.4300000e+02  -2.9799788e+01   2.1782286e-01  -5.1000000e+01   4.0009308e+01
  -1.9413866e+01  -3.5000000e+01  -1.4300000e+02  -3.0184689e+01   1.7905164e+00  -5.1000000e+01   3.6454744e+01
  -1.9611057e+01  -3.5000000e+01  -1.4300000e+02  -3.0015663e+01   3.1620248e+00  -5.1000000e+01   3.6319999e+01
  -2.1936738e+01  -3.5000000e+01  -1.4300000e+02  -2.9308698e+01   2.8965264e+00  -5.1000000e+01   3.6100501e+01
  -2.3013938e+01  -3.5000000e+01  -1.4300000e+02  -2.8607072e+01   2.7458853e+00  -5.1000000e+01   3.5089087e+01
  -2.4601345e+01  -3.5000000e+01  -1.4300000e+02  -2.8710884e+01   2.8348768e+00  -5.1000000e+01   3.3570478e+01
  -2.8184137e+01  -3.5000000e+01  -1.4300000e+02  -2.9537737e+01   2.9946093e+00  -5.1000000e+01   3.2181209e+01
  -2.5705734e+01  -3.5000000e+01  -1.4300000e+02  -2.8182523e+01   3.3149616e+00  -5.1000000e+01   3.1946371e+01
  -1.9240263e+01  -3.5000000e+01  -1.4300000e+02  -2.4571410e+01   4.0347895e+00  -5.1000000e+01   3.2942412e+01
  -1.6393419e+01  -3.5000000e+01  -1.4300000e+02  -2.2958239e+01   4.2596310e+00  -5.1000000e+01   3.2615736e+01
  -1.3701925e+01  -3.5000000e+01  -1.4300000e+02  -2.2414914e+01   4.5142365e+00  -5.1000000e+01   3.1837534e+01
  -1.1242817e+01  -3.5000000e+01  -1.4300000e+02  -2.1162008e+01   5.0557270e+00  -5.1000000e+01   3.1731827e+01
  -1.0401341e+01  -3.5000000e+01  -1.4300000e+02  -2.0941073e+01   5.5274717e+00  -5.1000000e+01   3.0858263e+01
  -1.0192674e+01  -3.5000000e+01  -1.4300000e+02  -2.1316324e+01   6.1895435e+00  -5.1000000e+01   3.0423482e+01
  -1.0655315e+01  -3.5000000e+01  -1.4300000e+02  -2.1772381e+01   6.6198924e+00  -5.1000000e+01   2.9132794e+01
  -1.1218124e+01  -3.5000000e+01  -1.4300000e+02  -2.1446089e+01   6.8244143e+00  -5.1000000e+01   2.7962926e+01
  -1.1719315e+01  -3.5000000e+01  -1.4300000e+02  -2.1424126e+01   7.1045331e+00  -5.1000000e+01   2.6477205e+01
  -1.0808127e+01  -3.5000000e+01  -1.4300000e+02  -2.0907516e+01   7.6798621e+00  -5.1000000e+01   2.5047968e+01
  -6.8490829e+00  -3.5000000e+01  -1.4300000e+02  -1.9352581e+01   8.2615267e+00  -5.1000000e+01   2.4303781e+01
  -4.9928134e+00  -3.5000000e+01  -1.4300000e+02  -1.7541493e+01   8.8280987e+00  -5.1000000e+01   2.3402413e+01
  -6.7338945e+00  -3.5000000e+01  -1.4300000e+02  -1.6979275e+01   8.9330297e+00  -5.1000000e+01   2.2023898e+01
  -8.1072901e+00  -3.5000000e+01  -1.4300000e+02  -1.6913570e+01   9.0851345e+00  -5.1000000e+01   2.0493197e+01
  -8.4517108e+00  -3.5000000e+01  -1.4300000e+02  -1.5867329e+01   9.5841294e+00  -5.1000000e+01   1.9176204e+01
  -8.8124782e+00  -3.5000000e+01  -1.4300000e+02  -1.5293480e+01   1.0022429e+01  -5.1000000e+01   1.7268932e+01
  -9.8643642e+00  -3.5000000e+01  -1.4300000e+02  -1.3524070e+01   1.0669394e+01  -5.1000000e+01   1.5369002e+01
  -1.0749280e+01  -3.5000000e+01  -1.4300000e+02  -1.2699444e+01   1.1280064e+01  -5.1000000e+01   1.3044173e+01
  -1.1661609e+01  -3.5000000e+01  -1.4300000e+02  -1.1549249e+01   1.2089134e+01  -5.1000000e+01   1.1198864e+01
  -1.1814547e+01  -3.5000000e+01  -1.4300000e+02  -1.0313415e+01   1.2784017e+01  -5.1000000e+01   9.9873834e+00
  -1.1911486e+01  -3.5000000e+01  -1.4300000e+02  -8.8053099e+00   1.3865611e+01  -5.1000000e+01   8.5362519e+00
  -1.0322011e+01  -3.5000000e+01  -1.4300000e+02  -6.5357145e+00   1.4878730e+01  -5.1000000e+01   7.0650230e+00
  -1.0644984e+01  -3.5000000e+01  -1.4300000e+02  -5.2079189e+00   1.5352001e+01  -5.1000000e+01   4.8687705e+00
  -1.1002062e+01  -3.5000000e+01  -1.4300000e+02  -4.0890134e+00   1.6001860e+01  -5.1000000e+01   2.5313431e+00
  -1.1175613e+01  -3.5000000e+01  -1.4300000e+02  -2.7881828e+00   1.6622701e+01  -5.1000000e+01  -3.3700286e-01
  -1.1371865e+01  -3.5000000e+01  -1.4300000e+02  -7.5796596e-01   1.7878761e+01  -5.1000000e+01  -2.6268292e+00
  -1.2238141e+01  -3.5000000e+01  -1.4300000e+02   8.0057476e-01   1.9286366e+01  -5.1000000e+01  -4.6988924e+00
  -1.2285400e+01  -3.5000000e+01  -1.4300000e+02   1.9754652e+00   2.0257807e+01  -5.1000000e+01  -7.1132423e+00
  -1.0110750e+01  -3.5000000e+01  -1.4300000e+02   4.3373153e+00   2.1660557e+01  -5.1000000e+01  -8.9019590e+00
  -7.4623575e+00  -3.5000000e+01  -1.4300000e+02   7.0832030e+00   2.2380733e+01  -5.1000000e+01  -1.0537536e+01
  -6.8236726e+00  -3.5000000e+01  -1.4300000e+02   8.8295889e+00   2.3279558e+01  -5.1000000e+01  -1.3050479e+01
  -5.7267704e+00  -3.5000000e+01  -1.4300000e+02   1.1112902e+01   2.4663244e+01  -5.1000000e+01  -1.4998766e+01
  -4.3244941e+00  -3.5000000e+01  -1.4300000e+02   1.3399222e+01   2.5132650e+01  -5.1000000e+01  -1.6775928e+01
  -5.1904304e+00  -3.5000000e+01  -1.4300000e+02   1.4544991e+01   2.5620640e+01  -5.1000000e+01  -1.8689266e+01
  -5.0329437e+00  -3.5000000e+01  -1.4300000e+02   1.6465603e+01   2.7148336e+01  -5.1000000e+01  -2.0039972e+01
  -4.7511743e+00  -3.5000000e+01  -1.4300000e+02   1.7984013e+01   2.8207950e+01  -5.1000000e+01  -2.1677038e+01
  -3.9230347e+00  -3.5000000e+01  -1.4300000e+02   1.9252511e+01   2.9138621e+01  -5.1000000e+01  -2.2552405e+01
  -3.3254394e+00  -3.5000000e+01  -1.4300000e+02   2.0693952e+01   2.9627359e+01  -5.1000000e+01  -2.4135155e+01
  -2.7999688e+00  -3.5000000e+01  -1.4300000e+02   2.2321564e+01   3.0214332e+01  -5.1000000e+01  -2.5603950e+01
  -2.5665269e+00  -3.5000000e+01  -1.4300000e+02   2.4371535e+01   3.1271062e+01  -5.1000000e+01  -2.7135078e+01
  -1.9299745e+00  -3.5000000e+01  -1.4300000e+02   2.5601804e+01   3.2358282e+01  -5.1000000e+01  -2.8462991e+01
  -1.9242770e+00  -3.5000000e+01  -1.4300000e+02   2.6321777e+01   3.2865122e+01  -5.1000000e+01  -2.9984724e+01
   5.4329707e-01  -3.5000000e+01  -1.4300000e+02   2.8791595e+01   3.3915158e+01  -5.1000000e+01  -3.1285325e+01
   2.7163267e+00  -3.5000000e+01  -1.4300000e+02   3.0487211e+01   3.4307716e+01  -5.1000000e+01  -3.3162485e+01
   4.1943354e+00  -3.5000000e+01  -1.4300000e+02   3.1502088e+01   3.3968517e+01  -5.1000000e+01  -3.5233021e+01
   6.2822701e+00  -3.5000000e+01  -1.4300000e+02   3.2930801e+01   3.4094636e+01  -5.1000000e+01  -3.6481656e+01
   7.7282847e+00  -3.5000000e+01  -1.4300000e+02   3.4256098e+01   3.4086549e+01  -5.1000000e+01  -3.7390887e+01
   9.4328597e+00  -3.5000000e+01  -1.4300000e+02   3.4600400e+01   3.4199014e+01  -5.1000000e+01  -3.8695165e+01
   1.0900627e+01  -3.5000000e+01  -1.4300000e+02   3.5099635e+01   3.3668815e+01  -5.1000000e+01  -3.9750413e+01
   1.3035721e+01  -3.5000000e+01  -1.4300000e+02   3.5180352e+01   3.3929946e+01  -5.1000000e+01  -3.9725935e+01
   1.4527107e+01  -3.5000000e+01  -1.4300000e+02   3.2410913e+01   3.3521787e+01  -5.1000000e+01  -3.7656934e+01
   1.4939432e+01  -3.5000000e+01  -1.4300000e+02   2.7611906e+01   3.3540238e+01  -5.1000000e+01  -3.3285821e+01
   1.2873224e+01  -3.5000000e+01  -1.4300000e+02   2.0802468e+01   3.2446695e+01  -5.1000000e+01  -2.7529292e+01
   1.0169737e+01  -3.5000000e+01  -1.4300000e+02   1.4062959e+01   3.1038416e+01  -5.1000000e+01  -2.0772180e+01
   7.3576932e+00  -3.5000000e+01  -1.4300000e+02   7.1400874e+00   2.8716034e+01  -5.1000000e+01  -1.5428219e+01
   5.1326529e+00  -3.5000000e+01  -1.4300000e+02   2.9016926e-01   2.5206901e+01  -5.1000000e+01  -9.9375687e+00
   2.6102018e+00  -3.5000000e+01  -1.4300000e+02  -6.5901213e+00   2.1193191e+01  -5.1000000e+01  -5.0113412e+00
   1.2550134e-01  -3.5000000e+01  -1.4300000e+02  -1.2418333e+01   1.7516225e+01  -5.1000000e+01   3.0327935e+00
  -2.3517200e+00  -3.5000000e+01  -1.4300000e+02  -1.7803697e+01   1.3905195e+01  -5.1000000e+01   9.9075532e+00
  -4.2086793e+00  -3.5000000e+01  -1.4300000e+02  -2.1968366e+01   1.0301162e+01  -5.1000000e+01   1.6084976e+01
  -5.5974386e+00  -3.5000000e+01  -1.4300000e+02  -2.6043344e+01   6.6968993e+00  -5.1000000e+01   2.2247880e+01
  -9.5840228e+00  -3.5000000e+01  -1.4300000e+02  -2.9598628e+01   2.4481641e+00  -5.1000000e+01   2.7335417e+01
  -1.2093203e+01  -3.5000000e+01  -1.4300000e+02  -3.0293637e+01  -1.0024974e+00  -5.1000000e+01   3.3183551e+01
  -1.4751841e+01  -3.5000000e+01  -1.4300000e+02  -3.0117714e+01  -2.4943191e+00  -5.1000000e+01   3.6097850e+01
  -1.5178998e+01  -3.5000000e+01  -1.4300000e+02  -2.9574009e+01  -3.0092579e+00  -5.1000000e+01   3.7604419e+01
  -1.7516513e+01  -3.5000000e+01  -1.4300000e+02  -2.9578330e+01  -2.3339182e+00  -5.1000000e+01   3.8178266e+01
  -1.8416768e+01  -3.5000000e+01  -1.4300000e+02  -2.9293767e+01  -2.1299672e+00  -5.1000000e+01   3.7528645e+01
  -1.5851931e+01  -3.5000000e+01  -1.4300000e+02  -2.8222233e+01  -1.4992281e+00  -5.1000000e+01   3.6436151e+01
  -1.4715560e+01  -3.5000000e+01  -1.4300000e+02  -2.7821112e+01  -9.9467651e-01  -5.1000000e+01   3.5422975e+01
  -1.4169424e+01  -3.5000000e+01  -1.4300000e+02  -2.6834117e+01  -4.1269519e-01  -5.1000000e+01   3.4230243e+01
  -1.0134059e+01  -3.5000000e+01  -1.4300000e+02  -2.5790881e+01   4.3533956e-01  -5.1000000e+01   3.3287862e+01
  -1.0211980e+01  -3.5000000e+01  -1.4300000e+02  -2.5707815e+01   1.5490390e+00  -5.1000000e+01   3.2446043e+01
  -1.0197957e+01  -3.5000000e+01  -1.4300000e+02  -2.5387446e+01   1.8776064e+00  -5.1000000e+01   3.1843754e+01
  -8.9860449e+00  -3.5000000e+01  -1.4300000e+02  -2.4015009e+01   2.0569230e+00  -5.1000000e+01   3.1295375e+01
  -7.8492326e+00  -3.5000000e+01  -1.4300000e+02  -2.2853998e+01   2.3629711e+00  -5.1000000e+01   3.0689992e+01
  -6.4813241e+00  -3.5000000e+01  -1.4300000e+02  -2.1381177e+01   2.7683026e+00  -5.1000000e+01   3.0313328e+01
  -5.6170155e+00  -3.5000000e+01  -1.4300000e+02  -2.1528777e+01   3.9288198e+00  -5.1000000e+01   2.9246289e+01
  -5.3717859e+00  -3.5000000e+01  -1.4300000e+02  -2.1181374e+01   4.9179965e+00  -5.1000000e+01   2.7410298e+01
  -4.7522436e+00  -3.5000000e+01  -1.4300000e+02  -1.9594394e+01   6.3006980e+00  -5.1000000e+01   2.7821481e+01
  -5.3800461e+00  -3.5000000e+01  -1.4300000e+02  -2.0037891e+01   6.4323731e+00  -5.1000000e+01   2.6300861e+01
  -5.8866278e+00  -3.5000000e+01  -1.4300000e+02  -2.0501832e+01   6.6349340e+00  -5.1000000e+01   2.4299365e+01
  -6.2731891e+00  -3.5000000e+01  -1.4300000e+02  -2.0509876e+01   6.8417582e+00  -5.1000000e+01   2.2275129e+01
  -6.5920769e+00  -3.5000000e+01  -1.4300000e+02  -2.0633999e+01   7.3658649e+00  -5.1000000e+01   2.1081390e+01
  -6.9394474e+00  -3.5000000e+01  -1.4300000e+02  -1.9854009e+01   7.9158115e+00  -5.1000000e+01   2.0344192e+01
  -6.4130578e+00  -3.5000000e+01  -1.4300000e+02  -1.9039038e+01   8.7337357e+00  -5.1000000e+01   1.9491010e+01
  -5.7443410e+00  -3.5000000e+01  -1.4300000e+02  -1.7602393e+01   9.2899187e+00  -5.1000000e+01   1.8838838e+01
  -5.6016845e+00  -3.5000000e+01  -1.4300000e+02  -1.6971420e+01   9.2298297e+00  -5.1000000e+01   1.7907042e+01
  -4.2632980e+00  -3.5000000e+01  -1.4300000e+02  -1.5653692e+01   9.7735860e+00  -5.1000000e+01   1.6621170e+01
  -4.7884558e+00  -3.5000000e+01  -1.4300000e+02  -1.5686518e+01   9.5431543e+00  -5.1000000e+01   1.4780467e+01
  -4.1261331e+00  -3.5000000e+01  -1.4300000e+02  -1.3996965e+01   1.0430795e+01  -5.1000000e+01   1.3869319e+01
  -3.5268882e+00  -3.5000000e+01  -1.4300000e+02  -1.2561460e+01   1.0902362e+01  -5.1000000e+01   1.2107759e+01
  -2.6569656e+00  -3.5000000e+01  -1.4300000e+02  -1.1336434e+01   1.1633631e+01  -5.1000000e+01   1.0446159e+01
  -3.0238724e+00  -3.5000000e+01  -1.4300000e+02  -9.8694317e+00   1.1514192e+01  -5.1000000e+01   8.3401813e+00
  -3.2476615e+00  -3.5000000e+01  -1.4300000e+02  -8.2486049e+00   1.1861959e+01  -5.1000000e+01   6.4676397e+00
  -2.5201528e+00  -3.5000000e+01  -1.4300000e+02  -6.5779029e+00   1.2324851e+01  -5.1000000e+01   5.0647623e+00
  -2.7316220e+00  -3.5000000e+01  -1.4300000e+02  -5.7665041e+00   1.2129853e+01  -5.1000000e+01   3.5866847e+00
  -2.6406751e+00  -3.5000000e+01  -1.4300000e+02  -3.9373965e+00   1.2758298e+01  -5.1000000e+01   1.8731498e+00
  -2.3710233e+00  -3.5000000e+01  -1.4300000e+02  -1.8680756e+00   1.3354308e+01  -5.1000000e+01   1.9409111e-01
  -1.7334892e+00  -3.5000000e+01  -1.4300000e+02   1.8189565e-01   1.4231257e+01  -5.1000000e+01  -1.0391961e+00
  -9.8398022e-01  -3.5000000e+01  -1.4300000e+02   1.5164445e+00   1.5069519e+01  -5.1000000e+01  -2.6125013e+00
  -8.0040345e-01  -3.5000000e+01  -1.4300000e+02   2.5235264e+00   1.5365464e+01  -5.1000000e+01  -4.5531279e+00
  -6.8019827e-01  -3.5000000e+01  -1.4300000e+02   3.9699914e+00   1.5712298e+01  -5.1000000e+01  -6.1981077e+00
  -3.7476646e-01  -3.5000000e+01  -1.4300000e+02   5.3014593e+00   1.6186749e+01  -5.1000000e+01  -7.9109129e+00
  -3.3482953e-01  -3.5000000e+01  -1.4300000e+02   7.1014774e+00   1.7125282e+01  -5.1000000e+01  -9.0016407e+00
  -7.3537849e-01  -3.5000000e+01  -1.4300000e+02   7.5769896e+00   1.7375681e+01  -5.1000000e+01  -1.1190476e+01
  -1.0116225e+00  -3.5000000e+01  -1.4300000e+02   9.3498289e+00   1.8448616e+01  -5.1000000e+01  -1.2507101e+01
  -9.7118949e-01  -3.5000000e+01  -1.4300000e+02   1.0263662e+01   1.8964849e+01  -5.1000000e+01  -1.4779493e+01
  -1.0790388e+00  -3.5000000e+01  -1.4300000e+02   1.2333078e+01   2.0049201e+01  -5.1000000e+01  -1.6105815e+01
  -1.0126299e+00  -3.5000000e+01  -1.4300000e+02   1.3599636e+01   2.1154793e+01  -5.1000000e+01  -1.7801275e+01
  -1.4871493e+00  -3.5000000e+01  -1.4300000e+02   1.5310947e+01   2.1727590e+01  -5.1000000e+01  -1.8751719e+01
  -1.5498328e+00  -3.5000000e+01  -1.4300000e+02   1.6666829e+01   2.2775236e+01  -5.1000000e+01  -2.0264855e+01
  -9.1143408e-01  -3.5000000e+01  -1.4300000e+02   1.9547679e+01   2.4338791e+01  -5.1000000e+01  -2.2076735e+01
  -1.2488095e-01  -3.5000000e+01  -1.4300000e+02   2.1946173e+01   2.5467725e+01  -5.1000000e+01  -2.4669933e+01
   7.6415870e-01  -3.5000000e+01  -1.4300000e+02   2.3964841e+01   2.6607744e+01  -5.1000000e+01  -2.7392024e+01
   1.8228520e+00  -3.5000000e+01  -1.4300000e+02   2.6476644e+01   2.7925074e+01  -5.1000000e+01  -2.9724701e+01
   1.5661983e+00  -3.5000000e+01  -1.4300000e+02   2.7627803e+01   2.8611283e+01  -5.1000000e+01  -3.2478906e+01
   1.4271273e+00  -3.5000000e+01  -1.4300000e+02   2.9059875e+01   2.9930884e+01  -5.1000000e+01  -3.4602787e+01
   1.4089880e+00  -3.5000000e+01  -1.4300000e+02   3.1269210e+01   3.1446115e+01  -5.1000000e+01  -3.6153824e+01
   1.7768935e+00  -3.5000000e+01  -1.4300000e+02   3.2837317e+01   3.2422452e+01  -5.1000000e+01  -3.7848254e+01
   1.6829151e+00  -3.5000000e+01  -1.4300000e+02   3.3806819e+01   3.3506991e+01  -5.1000000e+01  -3.8992918e+01
   1.9210414e+00  -3.5000000e+01  -1.4300000e+02   3.4814404e+01   3.4695118e+01  -5.1000000e+01  -3.9715621e+01
   1.4985699e+00  -3.5000000e+01  -1.4300000e+02   3.4844261e+01   3.6152683e+01  -5.1000000e+01  -3.7981610e+01
   1.2621397e+00  -3.5000000e+01  -1.4300000e+02   3.3450014e+01   3.7337109e+01  -5.1000000e+01  -3.6169057e+01
  -1.9742300e-01  -3.5000000e+01  -1.4300000e+02   2.7989583e+01   3.7025963e+01  -5.1000000e+01  -3.5288696e+01
  -1.9671552e+00  -3.5000000e+01  -1.4300000e+02   2.1632013e+01   3.6622029e+01  -5.1000000e+01  -3.2771115e+01
  -1.7033595e+00  -3.5000000e+01  -1.4300000e+02   1.5018868e+01   3.5985000e+01  -5.1000000e+01  -2.9080164e+01
   3.4505540e-01  -3.5000000e+01  -1.4300000e+02   9.3032599e+00   3.4527966e+01  -5.1000000e+01  -2.3019921e+01
  -5.5637893e-01  -3.5000000e+01  -1.4300000e+02   1.5979165e+00   3.0946780e+01  -5.1000000e+01  -1.7810793e+01
  -1.1617062e+00  -3.5000000e+01  -1.4300000e+02  -4.4385831e+00   2.7402849e+01  -5.1000000e+01  -1.0440317e+01
  -1.6105340e+00  -3.5000000e+01  -1.4300000e+02  -1.1253760e+01   2.3053428e+01  -5.1000000e+01  -1.1963668e+00
  -2.6965796e+00  -3.5000000e+01  -1.4300000e+02  -1.9451236e+01   1.7183918e+01  -5.1000000e+01   8.0560476e+00
  -6.1777550e+00  -3.5000000e+01  -1.4300000e+02  -2.6092000e+01   1.1621936e+01  -5.1000000e+01   1.7260177e+01
  -1.0456998e+01  -3.5000000e+01  -1.4300000e+02  -3.0065686e+01   7.0504181e+00  -5.1000000e+01   2.5700138e+01
  -1.1782828e+01  -3.5000000e+01  -1.4300000e+02  -3.2837623e+01   2.9303126e+00  -5.1000000e+01   3.3668882e+01
  -1.1709559e+01  -3.5000000e+01  -1.4300000e+02  -3.3499955e+01  -1.2343534e+00  -5.1000000e+01   3.8208904e+01
  -1.3510761e+01  -3.5000000e+01  -1.4300000e+02  -3.2839434e+01  -4.9808696e+00  -5.1000000e+01   4.2004688e+01
  -1.3683119e+01  -3.5000000e+01  -1.4300000e+02  -3.2314193e+01  -6.3027014e+00  -5.1000000e+01   4.8829673e+01
  -1.3562768e+01  -3.5000000e+01  -1.4300000e+02  -3.2481228e+01  -6.5741312e+00  -5.1000000e+01   5.0903919e+01
  -1.4149100e+01  -3.5000000e+01  -1.4300000e+02  -3.2483640e+01  -6.7908034e+00  -5.1000000e+01   4.9387826e+01
  -1.4188597e+01  -3.5000000e+01  -1.4300000e+02  -3.2862309e+01  -6.5600380e+00  -5.1000000e+01   4.6497331e+01
  -1.4338836e+01  -3.5000000e+01  -1.4300000e+02  -3.2638471e+01  -6.1995566e+00  -5.1000000e+01   4.4016061e+01
  -1.4723393e+01  -3.5000000e+01  -1.4300000e+02  -3.1459773e+01  -4.5719739e+00  -5.1000000e+01   4.1828273e+01
  -1.3653993e+01  -3.5000000e+01  -1.4300000e+02  -2.9840984e+01  -2.5854599e+00  -5.1000000e+01   3.7850661e+01
  -1.5840553e+01  -3.5000000e+01  -1.4300000e+02  -3.0004751e+01  -1.9738161e+00  -5.1000000e+01   3.4704081e+01
  -1.5278498e+01  -3.5000000e+01  -1.4300000e+02  -2.8791128e+01   7.8549292e-01  -5.1000000e+01   3.5317306e+01
  -1.6589807e+01  -3.5000000e+01  -1.4300000e+02  -2.8107004e+01   2.4323491e+00  -5.1000000e+01   3.5154793e+01
  -1.7754944e+01  -3.5000000e+01  -1.4300000e+02  -2.9100480e+01   3.1853864e+00  -5.1000000e+01   3.1514520e+01
  -2.1026007e+01  -3.5000000e+01  -1.4300000e+02  -2.7694098e+01   3.3964621e+00  -5.1000000e+01   3.0741009e+01
  -2.4046632e+01  -3.5000000e+01  -1.4300000e+02  -2.7566697e+01   4.0371133e+00  -5.1000000e+01   2.9186655e+01
  -2.5023862e+01  -3.5000000e+01  -1.4300000e+02  -2.7907354e+01   5.0959157e+00  -5.1000000e+01   2.7826032e+01
  -2.4137478e+01  -3.5000000e+01  -1.4300000e+02  -2.6431563e+01   5.9881600e+00  -5.1000000e+01   2.5722338e+01
  -2.0976316e+01  -3.5000000e+01  -1.4300000e+02  -2.4352340e+01   7.7220846e+00  -5.1000000e+01   2.4885389e+01
  -1.7345226e+01  -3.5000000e+01  -1.4300000e+02  -2.2344807e+01   8.7849833e+00  -5.1000000e+01   2.3639976e+01
  -1.5634251e+01  -3.5000000e+01  -1.4300000e+02  -2.0272867e+01   9.8326764e+00  -5.1000000e+01   2.3291573e+01
  -1.4011614e+01  -3.5000000e+01  -1.4300000e+02  -1.9058903e+01   1.0835462e+01  -5.1000000e+01   2.2364324e+01
  -1.2580897e+01  -3.5000000e+01  -1.4300000e+02  -1.8353865e+01   1.1724380e+01  -5.1000000e+01   2.1408864e+01
  -1.1760955e+01  -3.5000000e+01  -1.4300000e+02  -1.7451066e+01   1.2127659e+01  -5.1000000e+01   1.9884679e+01
  -1.2622738e+01  -3.5000000e+01  -1.4300000e+02  -1.7187591e+01   1.2411280e+01  -5.1000000e+01   1.8138275e+01
  -1.0146929e+01  -3.5000000e+01  -1.4300000e+02  -1.4826719e+01   1.2994211e+01  -5.1000000e+01   1.5713700e+01
  -9.7477040e+00  -3.5000000e+01  -1.4300000e+02  -1.3672948e+01   1.3330035e+01  -5.1000000e+01   1.3069340e+01
  -8.7550825e+00  -3.5000000e+01  -1.4300000e+02  -1.1762892e+01   1.4097654e+01  -5.1000000e+01   1.1032541e+01
  -6.9930960e+00  -3.5000000e+01  -1.4300000e+02  -9.9002877e+00   1.4811985e+01  -5.1000000e+01   8.9759903e+00
  -5.3843110e+00  -3.5000000e+01  -1.4300000e+02  -8.4424633e+00   1.5590614e+01  -5.1000000e+01   6.9742312e+00
  -3.8966437e+00  -3.5000000e+01  -1.4300000e+02  -6.5330403e+00   1.6506061e+01  -5.1000000e+01   5.3790860e+00
  -2.6389033e+00  -3.5000000e+01  -1.4300000e+02  -5.5160331e+00   1.7304578e+01  -5.1000000e+01   4.0353293e+00
  -2.8106418e+00  -3.5000000e+01  -1.4300000e+02  -4.5057763e+00   1.7486887e+01  -5.1000000e+01   2.1588097e+00
  -2.7641824e+00  -3.5000000e+01  -1.4300000e+02  -3.3901960e+00   1.8515007e+01  -5.1000000e+01   6.3663456e-01
  -2.8698377e+00  -3.5000000e+01  -1.4300000e+02  -2.6337545e+00   1.9389058e+01  -5.1000000e+01  -1.0667362e+00
  -4.3531990e+00  -3.5000000e+01  -1.4300000e+02  -1.1862373e+00   2.0264917e+01  -5.1000000e+01  -2.8079273e+00
  -4.6337917e+00  -3.5000000e+01  -1.4300000e+02   7.2750053e-01   2.1472967e+01  -5.1000000e+01  -3.9145425e+00
  -6.0372863e+00  -3.5000000e+01  -1.4300000e+02   2.1830525e+00   2.2447467e+01  -5.1000000e+01  -5.9579076e+00
  -6.3790665e+00  -3.5000000e+01  -1.4300000e+02   4.3485207e+00   2.4103339e+01  -5.1000000e+01  -8.0118164e+00
  -6.2256734e+00  -3.5000000e+01  -1.4300000e+02   6.5756401e+00   2.5506836e+01  -5.1000000e+01  -1.0319198e+01
  -5.2144305e+00  -3.5000000e+01  -1.4300000e+02   9.0341932e+00   2.6949228e+01  -5.1000000e+01  -1.2307372e+01
  -3.1180451e+00  -3.5000000e+01  -1.4300000e+02   1.1523699e+01   2.7887046e+01  -5.1000000e+01  -1.4328494e+01
  -1.0063475e+00  -3.5000000e+01  -1.4300000e+02   1.3749905e+01   2.8721285e+01  -5.1000000e+01  -1.6470224e+01
   9.8392554e-01  -3.5000000e+01  -1.4300000e+02   1.6342577e+01   2.9478365e+01  -5.1000000e+01  -1.8473048e+01
   2.1105299e+00  -3.5000000e+01  -1.4300000e+02   1.8693351e+01   3.0440644e+01  -5.1000000e+01  -2.0266652e+01
   3.1588836e+00  -3.5000000e+01  -1.4300000e+02   2.1220676e+01   3.1335116e+01  -5.1000000e+01  -2.1919779e+01
   3.7675390e+00  -3.5000000e+01  -1.4300000e+02   2.3297815e+01   3.2418722e+01  -5.1000000e+01  -2.3307277e+01
   4.4404261e+00  -3.5000000e+01  -1.4300000e+02   2.5231059e+01   3.3496620e+01  -5.1000000e+01  -2.4818245e+01
   4.8275976e+00  -3.5000000e+01  -1.4300000e+02   2.6586689e+01   3.4486672e+01  -5.1000000e+01  -2.5884530e+01
   5.8344663e+00  -3.5000000e+01  -1.4300000e+02   2.8212694e+01   3.5763042e+01  -5.1000000e+01  -2.6622774e+01
   6.6866597e+00  -3.5000000e+01  -1.4300000e+02   3.0071956e+01   3.6536273e+01  -5.1000000e+01  -2.7981045e+01
   8.6373355e+00  -3.5000000e+01  -1.4300000e+02   3.2305685e+01   3.7425986e+01  -5.1000000e+01  -2.9311657e+01
   1.0394422e+01  -3.5000000e+01  -1.4300000e+02   3.3844106e+01   3.7886921e+01  -5.1000000e+01  -3.0578109e+01
   1.1329673e+01  -3.5000000e+01  -1.4300000e+02   3.4615040e+01   3.7991790e+01  -5.1000000e+01  -3.1902921e+01
   1.2332450e+01  -3.5000000e+01  -1.4300000e+02   3.5854352e+01   3.8359217e+01  -5.1000000e+01  -3.2462959e+01
   1.3597768e+01  -3.5000000e+01  -1.4300000e+02   3.6381263e+01   3.8703580e+01  -5.1000000e+01  -3.1205218e+01
   1.5207272e+01  -3.5000000e+01  -1.4300000e+02   3.2897295e+01   4.0308132e+01  -5.1000000e+01  -2.8257085e+01
   1.5045226e+01  -3.5000000e+01  -1.4300000e+02   2.6794163e+01   4.2656651e+01  -5.1000000e+01  -2.4672020e+01
   1.3939715e+01  -3.5000000e+01  -1.4300000e+02   2.0211747e+01   4.4508815e+01  -5.1000000e+01  -2.0063445e+01
   1.1854168e+01  -3.5000000e+01  -1.4300000e+02   1.2825957e+01   4.3894447e+01  -5.1000000e+01  -1.6076368e+01
   9.5030986e+00  -3.5000000e+01  -1.4300000e+02   5.2133593e+00   4.0725745e+01  -5.1000000e+01  -1.2722791e+01
   8.5176439e+00  -3.5000000e+01  -1.4300000e+02  -2.0194961e+00   3.6647874e+01  -5.1000000e+01  -6.1193580e+00
   7.9586306e+00  -3.5000000e+01  -1.4300000e+02  -9.2186777e+00   3.1416752e+01  -5.1000000e+01   9.5898107e-01
   6.9131730e+00  -3.5000000e+01  -1.4300000e+02  -1.6493866e+01   2.6088109e+01  -5.1000000e+01   7.1560088e+00
   4.9333803e+00  -3.5000000e+01  -1.4300000e+02  -2.2177153e+01   2.1307682e+01  -5.1000000e+01   1.1885683e+01
   1.4358596e-02  -3.5000000e+01  -1.4300000e+02  -2.7556497e+01   1.4763293e+01  -5.1000000e+01   1.8731338e+01
  -6.5190981e-01  -3.5000000e+01  -1.4300000e+02  -3.3563035e+01   9.7081578e+00  -5.1000000e+01   2.7897775e+01
  -1.4920769e+00  -3.5000000e+01  -1.4300000e+02  -3.7096773e+01   5.7819047e+00  -5.1000000e+01   3.6314264e+01
  -3.1960473e+00  -3.5000000e+01  -1.4300000e+02  -3.9117077e+01   2.9251557e+00  -5.1000000e+01   3.9993720e+01
  -3.6722475e+00  -3.5000000e+01  -1.4300000e+02  -3.9277684e+01   7.3686865e-01  -5.1000000e+01   4.1254583e+01
  -4.8507404e+00  -3.5000000e+01  -1.4300000e+02  -3.8852392e+01  -8.5346065e-01  -5.1000000e+01   4.1732205e+01
  -5.7357558e+00  -3.5000000e+01  -1.4300000e+02  -3.6534432e+01  -3.6339564e+00  -5.1000000e+01   4.0804377e+01
  -7.4849660e+00  -3.5000000e+01  -1.4300000e+02  -3.4992487e+01  -5.2171650e-01  -5.1000000e+01   4.9464507e+01
  -8.9862128e+00  -3.5000000e+01  -1.4300000e+02  -3.4766085e+01   1.8219668e+00  -5.1000000e+01   5.1611952e+01
  -1.0549162e+01  -3.5000000e+01  -1.4300000e+02  -3.3887188e+01   3.2943696e+00  -5.1000000e+01   4.9635032e+01
  -1.0773592e+01  -3.5000000e+01  -1.4300000e+02  -3.1362871e+01   5.4038866e+00  -5.1000000e+01   4.4877188e+01
  -1.1197952e+01  -3.5000000e+01  -1.4300000e+02  -3.1070258e+01   6.2892413e+00  -5.1000000e+01   4.0380234e+01
  -8.9113206e+00  -3.5000000e+01  -1.4300000e+02  -2.8581559e+01   8.1565006e+00  -5.1000000e+01   4.0182400e+01
  -5.9823731e+00  -3.5000000e+01  -1.4300000e+02  -2.6342586e+01   1.0011072e+01  -5.1000000e+01   3.8137886e+01
  -3.7965463e+00  -3.5000000e+01  -1.4300000e+02  -2.4135036e+01   1.1524453e+01  -5.1000000e+01   3.6538025e+01
  -2.7922038e+00  -3.5000000e+01  -1.4300000e+02  -2.3939325e+01   1.2707476e+01  -5.1000000e+01   3.2888493e+01
  -1.9051114e+00  -3.5000000e+01  -1.4300000e+02  -2.4658802e+01   1.4126471e+01  -5.1000000e+01   3.0032589e+01
  -1.8473945e+00  -3.5000000e+01  -1.4300000e+02  -2.0719750e+01   1.5720116e+01  -5.1000000e+01   2.9261564e+01
  -4.4891646e-01  -3.5000000e+01  -1.4300000e+02  -1.7970303e+01   1.6694184e+01  -5.1000000e+01   2.7376802e+01
  -4.9276503e-01  -3.5000000e+01  -1.4300000e+02  -1.8186263e+01   1.7342074e+01  -5.1000000e+01   2.4879180e+01
   1.6270923e-01  -3.5000000e+01  -1.4300000e+02  -1.5368807e+01   1.7729138e+01  -5.1000000e+01   2.2313777e+01
   5.8103751e-01  -3.5000000e+01  -1.4300000e+02  -1.0684498e+01   1.8802393e+01  -5.1000000e+01   1.9408668e+01
   1.2459280e+00  -3.5000000e+01  -1.4300000e+02  -8.0255572e+00   1.9851090e+01  -5.1000000e+01   1.6204026e+01
   3.0176970e+00  -3.5000000e+01  -1.4300000e+02  -4.8611691e+00   2.1087710e+01  -5.1000000e+01   1.3582731e+01
   4.2856583e+00  -3.5000000e+01  -1.4300000e+02  -2.8242491e+00   2.1698887e+01  -5.1000000e+01   1.1083769e+01
   5.2440280e+00  -3.5000000e+01  -1.4300000e+02  -1.1168380e+00   2.2229540e+01  -5.1000000e+01   9.6416160e+00
   5.8325492e+00  -3.5000000e+01  -1.4300000e+02  -3.1223237e-01   2.2420055e+01  -5.1000000e+01   8.3920704e+00
   6.0693631e+00  -3.5000000e+01  -1.4300000e+02   1.0730736e+00   2.3009733e+01  -5.1000000e+01   6.1963798e+00
   7.1425341e+00  -3.5000000e+01  -1.4300000e+02   3.0107113e+00   2.3528126e+01  -5.1000000e+01   4.4463639e+00
   8.1462223e+00  -3.5000000e+01  -1.4300000e+02   5.2120132e+00   2.4093855e+01  -5.1000000e+01   2.8190335e+00
   5.6691602e+00  -3.5000000e+01  -1.4300000e+02   5.6999877e+00   2.4768715e+01  -5.1000000e+01   8.9934290e-01
   4.5383647e+00  -3.5000000e+01  -1.4300000e+02   7.8775562e+00   2.5874628e+01  -5.1000000e+01  -7.9255998e-01
   4.0879433e+00  -3.5000000e+01  -1.4300000e+02   9.5940098e+00   2.6674200e+01  -5.1000000e+01  -2.9852643e+00
   3.2446621e+00  -3.5000000e+01  -1.4300000e+02   1.1611285e+01   2.7943867e+01  -5.1000000e+01  -4.9235317e+00
   3.2238853e+00  -3.5000000e+01  -1.4300000e+02   1.4458502e+01   2.9054465e+01  -5.1000000e+01  -7.9034574e+00
   3.4609035e+00  -3.5000000e+01  -1.4300000e+02   1.6587989e+01   2.9958017e+01  -5.1000000e+01  -1.0656296e+01
   3.9758434e+00  -3.5000000e+01  -1.4300000e+02   1.9172071e+01   3.1096123e+01  -5.1000000e+01  -1.3276522e+01
   4.5370429e+00  -3.5000000e+01  -1.4300000e+02   2.1074355e+01   3.1756610e+01  -5.1000000e+01  -1.6200323e+01
   5.4635422e+00  -3.5000000e+01  -1.4300000e+02   2.3621861e+01   3.2970869e+01  -5.1000000e+01  -1.8546978e+01
   6.3218840e+00  -3.5000000e+01  -1.4300000e+02   2.6548190e+01   3.4135512e+01  -5.1000000e+01  -2.0681616e+01
   8.6257064e+00  -3.5000000e+01  -1.4300000e+02   2.9395821e+01   3.5230459e+01  -5.1000000e+01  -2.3050376e+01
   9.7798544e+00  -3.5000000e+01  -1.4300000e+02   3.1447839e+01   3.5781048e+01  -5.1000000e+01  -2.5001897e+01
   1.1710426e+01  -3.5000000e+01  -1.4300000e+02   3.3610991e+01   3.6813752e+01  -5.1000000e+01  -2.6776418e+01
   1.3799649e+01  -3.5000000e+01  -1.4300000e+02   3.5491231e+01   3.7524330e+01  -5.1000000e+01  -2.8454516e+01
   1.6103995e+01  -3.5000000e+01  -1.4300000e+02   3.6602930e+01   3.7912253e+01  -5.1000000e+01  -2.8433412e+01
   1.7964302e+01  -3.5000000e+01  -1.4300000e+02   3.7605860e+01   3.7710949e+01  -5.1000000e+01  -2.8476617e+01
   1.9228293e+01  -3.5000000e+01  -1.4300000e+02   3.6622687e+01   3.7440087e+01  -5.1000000e+01  -2.8051979e+01
   1.8982971e+01  -3.5000000e+01  -1.4300000e+02   3.1918733e+01   3.7894439e+01  -5.1000000e+01  -2.6360054e+01
   1.8592349e+01  -3.5000000e+01  -1.4300000e+02   2.4883662e+01   3.9089210e+01  -5.1000000e+01  -2.4199637e+01
   1.7526027e+01  -3.5000000e+01  -1.4300000e+02   1.8133515e+01   3.9273596e+01  -5.1000000e+01  -2.0015228e+01
   1.6043246e+01  -3.5000000e+01  -1.4300000e+02   1.1265962e+01   3.7709650e+01  -5.1000000e+01  -1.6328411e+01
   1.4029622e+01  -3.5000000e+01  -1.4300000e+02   4.1186952e+00   3.3935731e+01  -5.1000000e+01  -1.2544999e+01
   1.2376504e+01  -3.5000000e+01  -1.4300000e+02  -2.7279427e+00   3.0292369e+01  -5.1000000e+01  -5.8125244e+00
   9.3809489e+00  -3.5000000e+01  -1.4300000e+02  -1.0434095e+01   2.7409248e+01  -5.1000000e+01   2.5233923e+00
   7.2253017e+00  -3.5000000e+01  -1.4300000e+02  -1.8598833e+01   2.3697626e+01  -5.1000000e+01   7.9907858e+00
   7.0775197e+00  -3.5000000e+01  -1.4300000e+02  -2.4636623e+01   2.0130439e+01  -5.1000000e+01   1.1127033e+01
   5.6585702e+00  -3.5000000e+01  -1.4300000e+02  -2.7350538e+01   1.6636741e+01  -5.1000000e+01   1.3712457e+01
   3.9283887e+00  -3.5000000e+01  -1.4300000e+02  -2.8809997e+01   1.3031725e+01  -5.1000000e+01   1.6723383e+01
  -8.1238149e-01  -3.5000000e+01  -1.4300000e+02  -2.9251783e+01   1.0015554e+01  -5.1000000e+01   2.0701986e+01
