   4.4382729e+01   6.1845521e+01  -1.4296417e+02   6.0864898e+01   2.3233747e+01  -3.1194073e+01  -6.2581902e+00
   4.1812022e+01   4.7845532e+01  -1.4603492e+02   5.5938774e+01   2.0594049e+01  -2.9274293e+01  -1.0554245e+01
   4.0472332e+01   3.3845641e+01  -1.4945548e+02   5.0974395e+01   1.9006518e+01  -2.7216807e+01  -1.4392353e+01
   3.9132643e+01   1.9845751e+01  -1.5287605e+02   4.6010015e+01   1.7418986e+01  -2.5159322e+01  -1.8230461e+01
   3.7792953e+01   5.8458604e+00  -1.5629661e+02   4.1045636e+01   1.5831455e+01  -2.3101837e+01  -2.2068570e+01
   3.6453264e+01  -8.1540300e+00  -1.5971717e+02   3.6081256e+01   1.4243924e+01  -2.1044351e+01  -2.5906678e+01
   3.5113574e+01  -2.2153920e+01  -1.6313774e+02   3.1116877e+01   1.2656392e+01  -1.8986866e+01  -2.9744786e+01
   4.6418854e+01  -3.5000000e+01  -1.5760325e+02   2.4745604e+01   1.7763099e+01  -1.8332366e+01  -3.2176429e+01
   5.5355995e+01  -3.5000000e+01  -1.6586838e+02   2.4721761e+01   2.1913036e+01  -1.1105435e+01  -3.4077435e+01
   6.0976280e+01  -3.5000000e+01  -1.7522237e+02   2.8574925e+01   2.2763026e+01  -2.9054646e+00  -3.5777349e+01
   6.5307973e+01  -3.5000000e+01  -1.8463362e+02   3.2658335e+01   2.1655373e+01   5.2618894e+00  -3.9410256e+01
   6.8428204e+01  -3.5000000e+01  -1.9256313e+02   3.6888404e+01   1.9621656e+01   1.2888857e+01  -4.3849762e+01
   7.0109476e+01  -3.5000000e+01  -2.0090693e+02   4.0804157e+01   1.7296298e+01   2.0198951e+01  -4.8541604e+01
   7.1163032e+01  -3.5000000e+01  -2.0778151e+02   4.4619179e+01   1.4964074e+01   2.6650167e+01  -5.4102797e+01
   7.1442044e+01  -3.5000000e+01  -2.1331265e+02   4.8081151e+01   1.3369318e+01   3.2312927e+01  -6.0104119e+01
   7.1678373e+01  -3.5000000e+01  -2.1711804e+02   5.0861088e+01   1.4259859e+01   3.6413263e+01  -6.6098707e+01
   7.2000697e+01  -3.5000000e+01  -2.1934418e+02   5.3043948e+01   1.5893908e+01   3.9250937e+01  -7.1263049e+01
   7.1652428e+01  -3.5000000e+01  -2.2142742e+02   5.4907912e+01   1.7817312e+01   4.1552398e+01  -7.5299727e+01
   7.1503379e+01  -3.5000000e+01  -2.2254234e+02   5.6536743e+01   1.9688241e+01   4.3249762e+01  -7.9047926e+01
   7.1116409e+01  -3.5000000e+01  -2.2398617e+02   5.8138190e+01   2.1483741e+01   4.4348238e+01  -8.1226683e+01
   7.1244525e+01  -3.5000000e+01  -2.2542699e+02   5.9788217e+01   2.3267493e+01   4.5483763e+01  -8.3330523e+01
   7.1336925e+01  -3.5000000e+01  -2.2556117e+02   6.0900618e+01   2.4424042e+01   4.5548097e+01  -8.5013601e+01
   7.2152110e+01  -3.5000000e+01  -2.2441301e+02   6.2039389e+01   2.4901392e+01   4.4862881e+01  -8.8476434e+01
   7.0489573e+01  -3.5000000e+01  -2.2449216e+02   6.2775769e+01   2.5027112e+01   4.3999339e+01  -8.6822943e+01
   7.0062591e+01  -3.5000000e+01  -2.2469216e+02   6.3403333e+01   2.5878407e+01   4.2931603e+01  -8.6164910e+01
   7.1466062e+01  -3.5000000e+01  -2.2553618e+02   6.4788307e+01   2.6405062e+01   4.3230461e+01  -8.8699261e+01
   7.2431000e+01  -3.5000000e+01  -2.2518109e+02   6.6052102e+01   2.6736837e+01   4.3396086e+01  -9.1357621e+01
   7.5423538e+01  -3.5000000e+01  -2.2418360e+02   6.6392539e+01   2.6670740e+01   4.3667683e+01  -9.3351670e+01
   7.9118779e+01  -3.5000000e+01  -2.2427296e+02   6.6722484e+01   2.6786375e+01   4.5548236e+01  -9.6600659e+01
   8.3859995e+01  -3.5000000e+01  -2.2466872e+02   6.6864819e+01   2.6860703e+01   4.7371028e+01  -9.9794181e+01
   8.8351441e+01  -3.5000000e+01  -2.2416769e+02   6.6075076e+01   2.6193808e+01   4.8620841e+01  -1.0223215e+02
   9.2300483e+01  -3.5000000e+01  -2.2444771e+02   6.4877318e+01   2.5546977e+01   5.0389850e+01  -1.0578475e+02
   9.5033426e+01  -3.5000000e+01  -2.2548754e+02   6.3511442e+01   2.4840342e+01   5.2445564e+01  -1.1154770e+02
   9.5827290e+01  -3.5000000e+01  -2.2650858e+02   6.1581675e+01   2.1170868e+01   5.3180840e+01  -1.1785346e+02
   9.6608540e+01  -3.5000000e+01  -2.2666394e+02   6.0738203e+01   1.6240276e+01   5.5062825e+01  -1.2584941e+02
   9.8286403e+01  -3.5000000e+01  -2.2756110e+02   6.0663461e+01   1.0005892e+01   5.8539527e+01  -1.3461631e+02
   9.0114772e+01  -3.5000000e+01  -2.2887750e+02   6.1099971e+01   1.8903478e+00   6.2206330e+01  -1.4423352e+02
   7.6741405e+01  -3.5000000e+01  -2.3387008e+02   6.2845309e+01  -6.4254869e+00   6.6659068e+01  -1.5326963e+02
   7.8030005e+01  -3.5000000e+01  -2.3659847e+02   6.4886261e+01  -1.5921283e+01   7.1031054e+01  -1.6437011e+02
   8.1076609e+01  -3.5000000e+01  -2.3947842e+02   6.7360413e+01  -2.2908542e+01   7.6222617e+01  -1.7557464e+02
   7.6775792e+01  -3.5000000e+01  -2.4214105e+02   6.8258155e+01  -2.9850742e+01   7.9266410e+01  -1.8700096e+02
   7.1836426e+01  -3.5000000e+01  -2.4424775e+02   7.1681331e+01  -3.4520380e+01   8.4542830e+01  -1.9839092e+02
   7.2313807e+01  -3.5000000e+01  -2.4690046e+02   7.6153568e+01  -3.7939332e+01   9.0599943e+01  -2.0944490e+02
   6.8508452e+01  -3.5000000e+01  -2.4828796e+02   8.1291037e+01  -4.0479177e+01   9.6383891e+01  -2.1966694e+02
   6.5826251e+01  -3.5000000e+01  -2.5160766e+02   8.6409264e+01  -4.2875027e+01   1.0202457e+02  -2.2806402e+02
   6.4694200e+01  -3.5000000e+01  -2.5372171e+02   9.2030260e+01  -4.3338410e+01   1.0709732e+02  -2.3312039e+02
   6.0942068e+01  -3.5000000e+01  -2.5477079e+02   9.7675490e+01  -4.3585928e+01   1.1167542e+02  -2.3498226e+02
   5.9280518e+01  -3.5000000e+01  -2.5701414e+02   1.0284965e+02  -4.3367890e+01   1.1532727e+02  -2.3530492e+02
   5.7431193e+01  -3.5000000e+01  -2.5864817e+02   1.0721729e+02  -4.2821354e+01   1.1731084e+02  -2.3565497e+02
   5.6628012e+01  -3.5000000e+01  -2.6199389e+02   1.1060938e+02  -4.2463577e+01   1.1795938e+02  -2.3454659e+02
   5.6715611e+01  -3.5000000e+01  -2.6290292e+02   1.1263287e+02  -4.1223992e+01   1.1601064e+02  -2.3400303e+02
   6.0077431e+01  -3.5000000e+01  -2.5669835e+02   1.1207747e+02  -3.9933165e+01   1.1084301e+02  -2.3429478e+02
   6.2019172e+01  -3.5000000e+01  -2.5859859e+02   1.1374281e+02  -3.7073553e+01   1.0993871e+02  -2.3160629e+02
   6.3110822e+01  -3.5000000e+01  -2.5934983e+02   1.1553072e+02  -3.3698618e+01   1.0879864e+02  -2.3141145e+02
   6.7150074e+01  -3.5000000e+01  -2.5932289e+02   1.1442994e+02  -3.1656775e+01   1.0441472e+02  -2.3148240e+02
   7.0388036e+01  -3.5000000e+01  -2.5317378e+02   1.1094467e+02  -2.9549785e+01   9.8150335e+01  -2.3082308e+02
   7.6018107e+01  -3.5000000e+01  -2.5184803e+02   1.0826110e+02  -2.5467862e+01   9.3707631e+01  -2.2886140e+02
   8.0873066e+01  -3.5000000e+01  -2.4676303e+02   1.0523202e+02  -2.0961769e+01   8.8802567e+01  -2.2774099e+02
   7.7627171e+01  -3.5000000e+01  -2.4608473e+02   1.0356215e+02  -1.9882156e+01   8.5861605e+01  -2.2658368e+02
   6.8567351e+01  -3.5000000e+01  -2.4945879e+02   1.0477087e+02  -2.3963078e+01   8.5961065e+01  -2.2578095e+02
   6.3959130e+01  -3.5000000e+01  -2.5390447e+02   1.0796996e+02  -2.8176397e+01   8.7504040e+01  -2.2448293e+02
   6.1897083e+01  -3.5000000e+01  -2.5500819e+02   1.1139122e+02  -3.1098478e+01   8.7720395e+01  -2.2398941e+02
   5.8406259e+01  -3.5000000e+01  -2.5642037e+02   1.1459487e+02  -3.3621147e+01   8.7475368e+01  -2.2363513e+02
   5.9803003e+01  -3.5000000e+01  -2.5564330e+02   1.1643316e+02  -3.4341291e+01   8.4833153e+01  -2.2317799e+02
   6.2228366e+01  -3.5000000e+01  -2.5892541e+02   1.1882556e+02  -3.3288210e+01   8.3916199e+01  -2.2184605e+02
   6.5932344e+01  -3.5000000e+01  -2.5728917e+02   1.2004346e+02  -3.0744164e+01   8.1040724e+01  -2.2106195e+02
   6.7827345e+01  -3.5000000e+01  -2.5295163e+02   1.1899662e+02  -2.8825499e+01   7.5947824e+01  -2.2056416e+02
   7.1769614e+01  -3.5000000e+01  -2.5093422e+02   1.1801683e+02  -2.5649089e+01   7.2076363e+01  -2.1872875e+02
   7.2996825e+01  -3.5000000e+01  -2.4742510e+02   1.1687701e+02  -2.3204170e+01   6.8078499e+01  -2.1719669e+02
   7.1020399e+01  -3.5000000e+01  -2.4263062e+02   1.1501520e+02  -2.3058717e+01   6.3415705e+01  -2.1634185e+02
   7.0823264e+01  -3.5000000e+01  -2.4210492e+02   1.1386301e+02  -2.3281718e+01   6.0501958e+01  -2.1380515e+02
   7.3448534e+01  -3.5000000e+01  -2.4412546e+02   1.1394012e+02  -2.1993052e+01   5.9596930e+01  -2.1139901e+02
   7.6252032e+01  -3.5000000e+01  -2.4380274e+02   1.1405218e+02  -1.9522809e+01   5.8309599e+01  -2.1006206e+02
   7.7446538e+01  -3.5000000e+01  -2.4403224e+02   1.1424325e+02  -1.7371619e+01   5.7338220e+01  -2.0845832e+02
   7.8163706e+01  -3.5000000e+01  -2.4406830e+02   1.1441344e+02  -1.6016209e+01   5.6360259e+01  -2.0609862e+02
   7.9254734e+01  -3.5000000e+01  -2.4523117e+02   1.1472713e+02  -1.4307205e+01   5.5934082e+01  -2.0376786e+02
   8.0831835e+01  -3.5000000e+01  -2.4516499e+02   1.1494152e+02  -1.2525205e+01   5.5137527e+01  -2.0162433e+02
   8.1614980e+01  -3.5000000e+01  -2.4489675e+02   1.1525888e+02  -1.0182008e+01   5.4477456e+01  -1.9942896e+02
   8.1867100e+01  -3.5000000e+01  -2.4463857e+02   1.1513302e+02  -8.3582346e+00   5.3343388e+01  -1.9765181e+02
   8.2643615e+01  -3.5000000e+01  -2.4441787e+02   1.1517375e+02  -6.8217505e+00   5.2430612e+01  -1.9564607e+02
   8.0322323e+01  -3.5000000e+01  -2.4369106e+02   1.1525609e+02  -7.4896269e+00   5.1220924e+01  -1.9395621e+02
   8.0360390e+01  -3.5000000e+01  -2.4484485e+02   1.1555911e+02  -7.8149840e+00   5.0849185e+01  -1.9109939e+02
   8.0329136e+01  -3.5000000e+01  -2.4498465e+02   1.1579862e+02  -7.1583227e+00   5.0056141e+01  -1.8815930e+02
   8.1567890e+01  -3.5000000e+01  -2.4439067e+02   1.1541028e+02  -5.6951555e+00   4.8308810e+01  -1.8432263e+02
   8.1413640e+01  -3.5000000e+01  -2.4397273e+02   1.1536359e+02  -4.3438770e+00   4.7046518e+01  -1.8113737e+02
   8.2053377e+01  -3.5000000e+01  -2.4419533e+02   1.1550988e+02  -2.1640689e+00   4.6235975e+01  -1.7771263e+02
   8.2578126e+01  -3.5000000e+01  -2.4315527e+02   1.1521884e+02  -5.7266927e-01   4.4544947e+01  -1.7464091e+02
   8.0597947e+01  -3.5000000e+01  -2.4068069e+02   1.1428185e+02  -1.6322047e+00   4.1577990e+01  -1.7169620e+02
   7.8195778e+01  -3.5000000e+01  -2.3944931e+02   1.1380976e+02  -3.8976316e+00   3.9419354e+01  -1.6902373e+02
   7.9780478e+01  -3.5000000e+01  -2.3966248e+02   1.1364462e+02  -2.3641373e+00   3.8101437e+01  -1.6504416e+02
   7.9741294e+01  -3.5000000e+01  -2.3886144e+02   1.1336917e+02  -8.5399087e-01   3.6306290e+01  -1.6142607e+02
   7.8333932e+01  -3.5000000e+01  -2.3815948e+02   1.1287104e+02  -2.2959908e+00   3.4131043e+01  -1.5897973e+02
   7.9029746e+01  -3.5000000e+01  -2.3982934e+02   1.1322844e+02  -1.3752972e+00   3.3773809e+01  -1.5555103e+02
   7.8260177e+01  -3.5000000e+01  -2.3952483e+02   1.1330146e+02  -1.0057089e+00   3.2478364e+01  -1.5271441e+02
   7.7987845e+01  -3.5000000e+01  -2.3944168e+02   1.1333154e+02  -8.3750534e-01   3.1187669e+01  -1.4989176e+02
   7.6895613e+01  -3.5000000e+01  -2.3928099e+02   1.1371530e+02  -1.8003037e+00   3.0160843e+01  -1.4845333e+02
   7.6725035e+01  -3.5000000e+01  -2.3970024e+02   1.1382117e+02  -2.7712621e+00   2.8926175e+01  -1.4614153e+02
   7.5929186e+01  -3.5000000e+01  -2.4045924e+02   1.1436913e+02  -3.7107620e+00   2.8258396e+01  -1.4412191e+02
   7.4877016e+01  -3.5000000e+01  -2.4130647e+02   1.1488176e+02  -4.6122788e+00   2.7566581e+01  -1.4210642e+02
   7.4646032e+01  -3.5000000e+01  -2.4155822e+02   1.1556204e+02  -4.8353587e+00   2.6770900e+01  -1.4009105e+02
   7.4897489e+01  -3.5000000e+01  -2.4249893e+02   1.1605478e+02  -4.6661828e+00   2.6051597e+01  -1.3762087e+02
   7.3977250e+01  -3.5000000e+01  -2.4188384e+02   1.1653506e+02  -5.1857130e+00   2.4463457e+01  -1.3651651e+02
   7.3618740e+01  -3.5000000e+01  -2.4179701e+02   1.1701414e+02  -6.7472955e+00   2.2977364e+01  -1.3505807e+02
   7.2198520e+01  -3.5000000e+01  -2.4105156e+02   1.1712690e+02  -9.7498304e+00   2.1117367e+01  -1.3320053e+02
   7.1389517e+01  -3.5000000e+01  -2.3990448e+02   1.1716004e+02  -1.3032306e+01   1.8883435e+01  -1.3230737e+02
   7.0083938e+01  -3.5000000e+01  -2.4006699e+02   1.1779691e+02  -1.6226402e+01   1.7848006e+01  -1.3169010e+02
   6.9467400e+01  -3.5000000e+01  -2.3919327e+02   1.1835857e+02  -1.9685625e+01   1.6213635e+01  -1.3181179e+02
   6.8992877e+01  -3.5000000e+01  -2.3865894e+02   1.1886023e+02  -2.2394606e+01   1.4812307e+01  -1.3150565e+02
   6.9903470e+01  -3.5000000e+01  -2.3798956e+02   1.1973819e+02  -2.3390246e+01   1.3823219e+01  -1.3193440e+02
   7.1813881e+01  -3.5000000e+01  -2.3689408e+02   1.2127407e+02  -2.2402523e+01   1.3325030e+01  -1.3464892e+02
   7.4731259e+01  -3.5000000e+01  -2.3739635e+02   1.2407341e+02  -2.0930000e+01   1.4651086e+01  -1.4036823e+02
   7.7583140e+01  -3.5000000e+01  -2.3884297e+02   1.2702240e+02  -1.9039615e+01   1.6452700e+01  -1.4800431e+02
   7.9512382e+01  -3.5000000e+01  -2.4008758e+02   1.3027527e+02  -1.7239727e+01   1.8685586e+01  -1.5664601e+02
   8.0253837e+01  -3.5000000e+01  -2.4206298e+02   1.3265828e+02  -1.9601856e+01   2.0269671e+01  -1.6577362e+02
   8.1118215e+01  -3.5000000e+01  -2.4407123e+02   1.3489385e+02  -2.2341559e+01   2.1706399e+01  -1.7518279e+02
   8.2055508e+01  -3.5000000e+01  -2.4624851e+02   1.3724256e+02  -2.4971782e+01   2.3523834e+01  -1.8391243e+02
   7.6741549e+01  -3.5000000e+01  -2.4840648e+02   1.4079594e+02  -2.9543217e+01   2.6611234e+01  -1.9373384e+02
   6.7889726e+01  -3.5000000e+01  -2.4997299e+02   1.4560260e+02  -3.6522229e+01   3.0507012e+01  -2.0345230e+02
   5.9253366e+01  -3.5000000e+01  -2.5201374e+02   1.5168543e+02  -4.4003756e+01   3.5783684e+01  -2.1239576e+02
   5.3415633e+01  -3.5000000e+01  -2.5725668e+02   1.5935081e+02  -4.9870216e+01   4.2354467e+01  -2.1899823e+02
   5.1306048e+01  -3.5000000e+01  -2.6583103e+02   1.6661728e+02  -5.2235788e+01   4.8648104e+01  -2.2204658e+02
   4.7533095e+01  -3.5000000e+01  -2.7226998e+02   1.7269135e+02  -5.1384155e+01   5.3334280e+01  -2.2572985e+02
   4.6548829e+01  -3.5000000e+01  -2.7322620e+02   1.7634086e+02  -4.8577943e+01   5.5658957e+01  -2.2787252e+02
   4.8177282e+01  -3.5000000e+01  -2.7099130e+02   1.7667775e+02  -4.6550743e+01   5.4977801e+01  -2.2962926e+02
   4.8821216e+01  -3.5000000e+01  -2.7389236e+02   1.7753988e+02  -4.3711815e+01   5.4797520e+01  -2.2891984e+02
   5.1771373e+01  -3.5000000e+01  -2.7265979e+02   1.7684079e+02  -4.1802025e+01   5.3024011e+01  -2.2859591e+02
   4.9660297e+01  -3.5000000e+01  -2.7352040e+02   1.7642206e+02  -4.1102698e+01   5.1915718e+01  -2.2659912e+02
   5.2147293e+01  -3.5000000e+01  -2.7025870e+02   1.7514098e+02  -4.0714782e+01   5.0086826e+01  -2.2640216e+02
   5.3682880e+01  -3.5000000e+01  -2.6877753e+02   1.7290193e+02  -4.0293152e+01   4.7813097e+01  -2.2519388e+02
   5.3619676e+01  -3.5000000e+01  -2.6673057e+02   1.7131417e+02  -4.0547155e+01   4.5818198e+01  -2.2452318e+02
   5.5691573e+01  -3.5000000e+01  -2.6737024e+02   1.7060618e+02  -3.9284332e+01   4.4493637e+01  -2.2329527e+02
   5.5943821e+01  -3.5000000e+01  -2.7157129e+02   1.7125049e+02  -3.7624708e+01   4.4960587e+01  -2.2153698e+02
   5.4664306e+01  -3.5000000e+01  -2.6776738e+02   1.6985796e+02  -3.8421836e+01   4.3175035e+01  -2.2137598e+02
   5.4096780e+01  -3.5000000e+01  -2.6511437e+02   1.6822001e+02  -3.9479137e+01   4.1288538e+01  -2.2138860e+02
   5.2262631e+01  -3.5000000e+01  -2.6461219e+02   1.6718521e+02  -4.0532016e+01   4.0512584e+01  -2.2057578e+02
   5.4532916e+01  -3.5000000e+01  -2.6505692e+02   1.6736201e+02  -3.8953456e+01   4.0828188e+01  -2.1921324e+02
   5.6413198e+01  -3.5000000e+01  -2.6649264e+02   1.6711278e+02  -3.6863051e+01   4.0976648e+01  -2.1713055e+02
   5.3499931e+01  -3.5000000e+01  -2.6953634e+02   1.6852686e+02  -3.5332910e+01   4.2339116e+01  -2.1655129e+02
   5.8443214e+01  -3.5000000e+01  -2.6764603e+02   1.6742406e+02  -3.3752424e+01   4.0279167e+01  -2.1531061e+02
   6.3972200e+01  -3.5000000e+01  -2.6439011e+02   1.6508995e+02  -3.0655485e+01   3.7579527e+01  -2.1359483e+02
   6.8993777e+01  -3.5000000e+01  -2.6105237e+02   1.6248165e+02  -2.7109696e+01   3.4725784e+01  -2.1184078e+02
   7.4299899e+01  -3.5000000e+01  -2.5758855e+02   1.5998700e+02  -2.2370213e+01   3.2246390e+01  -2.1095359e+02
   7.6632913e+01  -3.5000000e+01  -2.5585327e+02   1.5791293e+02  -1.8775955e+01   3.0340356e+01  -2.0984700e+02
   7.9239333e+01  -3.5000000e+01  -2.5377608e+02   1.5614998e+02  -1.5246674e+01   2.8783024e+01  -2.0847429e+02
   7.9739081e+01  -3.5000000e+01  -2.5249307e+02   1.5420279e+02  -1.2823978e+01   2.7761740e+01  -2.0679162e+02
   8.1557228e+01  -3.5000000e+01  -2.5141570e+02   1.5229192e+02  -1.0873811e+01   2.6803204e+01  -2.0519120e+02
   8.1636718e+01  -3.5000000e+01  -2.4930497e+02   1.5039816e+02  -9.5259055e+00   2.5591586e+01  -2.0374991e+02
   8.4092140e+01  -3.5000000e+01  -2.4877606e+02   1.4879660e+02  -7.4408355e+00   2.5116891e+01  -2.0157584e+02
   8.4201948e+01  -3.5000000e+01  -2.4715916e+02   1.4703548e+02  -5.8120304e+00   2.4110821e+01  -2.0018024e+02
   8.3523016e+01  -3.5000000e+01  -2.4602473e+02   1.4577049e+02  -4.6296726e+00   2.3862186e+01  -1.9720921e+02
   8.3638975e+01  -3.5000000e+01  -2.4465313e+02   1.4453093e+02  -3.4338281e+00   2.3418367e+01  -1.9505593e+02
   8.4711114e+01  -3.5000000e+01  -2.4569848e+02   1.4302505e+02  -2.9506842e+00   2.3051434e+01  -1.9263000e+02
   8.5073318e+01  -3.5000000e+01  -2.4585028e+02   1.4220415e+02  -2.4353493e+00   2.2976986e+01  -1.9103669e+02
   8.4301402e+01  -3.5000000e+01  -2.4511855e+02   1.4115928e+02  -2.9619308e+00   2.2305653e+01  -1.8971078e+02
   8.4287878e+01  -3.5000000e+01  -2.4562445e+02   1.4042101e+02  -3.2986237e+00   2.2272036e+01  -1.8815150e+02
   8.3898620e+01  -3.5000000e+01  -2.4568811e+02   1.3969185e+02  -3.6181787e+00   2.1994303e+01  -1.8601747e+02
   8.2624160e+01  -3.5000000e+01  -2.4551600e+02   1.3914736e+02  -3.6225911e+00   2.1790087e+01  -1.8398426e+02
   8.1463523e+01  -3.5000000e+01  -2.4567111e+02   1.3905480e+02  -4.2768112e+00   2.1680077e+01  -1.8338884e+02
   7.9792365e+01  -3.5000000e+01  -2.4555485e+02   1.3903191e+02  -5.6708029e+00   2.1582734e+01  -1.8151838e+02
   7.9694313e+01  -3.5000000e+01  -2.4598035e+02   1.3876009e+02  -6.2436499e+00   2.1367793e+01  -1.7902912e+02
   7.8607823e+01  -3.5000000e+01  -2.4605909e+02   1.3863883e+02  -6.9148443e+00   2.0985537e+01  -1.7744564e+02
   7.7891657e+01  -3.5000000e+01  -2.4614975e+02   1.3855400e+02  -7.6670662e+00   2.0601954e+01  -1.7572344e+02
   7.7144089e+01  -3.5000000e+01  -2.4709519e+02   1.3895295e+02  -7.4819652e+00   2.0732023e+01  -1.7392853e+02
   7.8125246e+01  -3.5000000e+01  -2.4731470e+02   1.3858413e+02  -6.5899226e+00   2.0048056e+01  -1.7034470e+02
   7.7396415e+01  -3.5000000e+01  -2.4706660e+02   1.3837560e+02  -5.8927410e+00   1.9361284e+01  -1.6799322e+02
   7.7795102e+01  -3.5000000e+01  -2.4663133e+02   1.3765228e+02  -5.9499178e+00   1.8125149e+01  -1.6492048e+02
   7.7084967e+01  -3.5000000e+01  -2.4751634e+02   1.3788705e+02  -5.5137729e+00   1.8096757e+01  -1.6317213e+02
   7.6840313e+01  -3.5000000e+01  -2.4747709e+02   1.3765028e+02  -5.4230019e+00   1.7557291e+01  -1.6043269e+02
   7.6064265e+01  -3.5000000e+01  -2.4799673e+02   1.3738460e+02  -5.6322452e+00   1.7040851e+01  -1.5903715e+02
   7.6152867e+01  -3.5000000e+01  -2.4806788e+02   1.3694277e+02  -5.3758551e+00   1.6475166e+01  -1.5588939e+02
   7.4336416e+01  -3.5000000e+01  -2.4885542e+02   1.3704379e+02  -6.5044735e+00   1.6188121e+01  -1.5454580e+02
   7.2926715e+01  -3.5000000e+01  -2.4960360e+02   1.3698371e+02  -7.8166905e+00   1.5862084e+01  -1.5135369e+02
   7.1761577e+01  -3.5000000e+01  -2.4987655e+02   1.3676771e+02  -9.6641098e+00   1.5049024e+01  -1.4808356e+02
   7.0656866e+01  -3.5000000e+01  -2.5024282e+02   1.3639662e+02  -1.0995416e+01   1.4188415e+01  -1.4408752e+02
   7.1122365e+01  -3.5000000e+01  -2.5128282e+02   1.3576622e+02  -1.2091852e+01   1.3329141e+01  -1.3988089e+02
   7.0964253e+01  -3.5000000e+01  -2.5187170e+02   1.3532749e+02  -1.2955250e+01   1.2629533e+01  -1.3556215e+02
   7.0589019e+01  -3.5000000e+01  -2.5193648e+02   1.3465900e+02  -1.3088558e+01   1.1417619e+01  -1.3208844e+02
   7.0340534e+01  -3.5000000e+01  -2.5132509e+02   1.3406784e+02  -1.3450316e+01   9.9548281e+00  -1.2930270e+02
   7.0343823e+01  -3.5000000e+01  -2.5124066e+02   1.3357349e+02  -1.3778887e+01   9.0477304e+00  -1.2623237e+02
   6.9882201e+01  -3.5000000e+01  -2.5108385e+02   1.3354317e+02  -1.4107141e+01   8.3861867e+00  -1.2429238e+02
   7.0046440e+01  -3.5000000e+01  -2.5174633e+02   1.3447337e+02  -1.1708677e+01   9.3100638e+00  -1.2360324e+02
   7.1045161e+01  -3.5000000e+01  -2.5203848e+02   1.3595304e+02  -9.7918121e+00   1.0022265e+01  -1.2593594e+02
   7.5454687e+01  -3.5000000e+01  -2.5217154e+02   1.3772668e+02  -9.7007852e+00   1.0563247e+01  -1.3079074e+02
   7.9008091e+01  -3.5000000e+01  -2.5200791e+02   1.4028683e+02  -1.0758695e+01   1.1648361e+01  -1.3731474e+02
   7.9967872e+01  -3.5000000e+01  -2.4914989e+02   1.4238082e+02  -1.5754967e+01   1.1729427e+01  -1.4528570e+02
   7.8373751e+01  -3.5000000e+01  -2.4732574e+02   1.4475487e+02  -2.1904765e+01   1.1791377e+01  -1.5472304e+02
   8.2310648e+01  -3.5000000e+01  -2.4921971e+02   1.4794950e+02  -2.3919878e+01   1.3315260e+01  -1.6395932e+02
   8.0065305e+01  -3.5000000e+01  -2.4969677e+02   1.5097560e+02  -2.6499539e+01   1.5019954e+01  -1.7375498e+02
   7.7060710e+01  -3.5000000e+01  -2.5285480e+02   1.5521051e+02  -2.9458595e+01   1.8182138e+01  -1.8407736e+02
   7.5238916e+01  -3.5000000e+01  -2.5813456e+02   1.6055770e+02  -3.2825470e+01   2.2571088e+01  -1.9423245e+02
   7.2091544e+01  -3.5000000e+01  -2.6424950e+02   1.6636677e+02  -3.5969812e+01   2.7637434e+01  -2.0453378e+02
   6.5264963e+01  -3.5000000e+01  -2.6929242e+02   1.7339383e+02  -3.8121027e+01   3.4169751e+01  -2.1400106e+02
   5.7625602e+01  -3.5000000e+01  -2.7495175e+02   1.8031234e+02  -3.9941225e+01   4.0809643e+01  -2.2183453e+02
   4.9248858e+01  -3.5000000e+01  -2.7956972e+02   1.8628249e+02  -4.2707026e+01   4.6482429e+01  -2.2643649e+02
   4.4058234e+01  -3.5000000e+01  -2.8153480e+02   1.8934983e+02  -4.4491295e+01   4.9659226e+01  -2.3030578e+02
   3.8284598e+01  -3.5000000e+01  -2.8417019e+02   1.9260793e+02  -4.3788853e+01   5.3203995e+01  -2.3585834e+02
   3.5918634e+01  -3.5000000e+01  -2.8507086e+02   1.9469659e+02  -4.2904899e+01   5.5206129e+01  -2.3706913e+02
   3.4758874e+01  -3.5000000e+01  -2.8752684e+02   1.9506859e+02  -4.2322976e+01   5.5788602e+01  -2.3494583e+02
   3.2289859e+01  -3.5000000e+01  -2.9126735e+02   1.9636258e+02  -4.0244517e+01   5.6254640e+01  -2.3140068e+02
   3.1130165e+01  -3.5000000e+01  -2.9421092e+02   1.9733119e+02  -3.7542827e+01   5.5951213e+01  -2.2830363e+02
   3.0951887e+01  -3.5000000e+01  -2.9556032e+02   1.9744122e+02  -3.4444798e+01   5.4748547e+01  -2.2576574e+02
   2.8425302e+01  -3.5000000e+01  -2.9768091e+02   1.9755768e+02  -3.1220230e+01   5.4015277e+01  -2.2133579e+02
   3.3073091e+01  -3.5000000e+01  -2.9688011e+02   1.9750522e+02  -3.0205793e+01   5.2741164e+01  -2.1850997e+02
   3.4186766e+01  -3.5000000e+01  -2.9420567e+02   1.9675544e+02  -2.7847968e+01   5.1419207e+01  -2.1941775e+02
   3.9218255e+01  -3.5000000e+01  -2.9111156e+02   1.9507096e+02  -2.6999972e+01   4.9671490e+01  -2.1971049e+02
   4.7509788e+01  -3.5000000e+01  -2.8240934e+02   1.9203573e+02  -2.8600151e+01   4.7813442e+01  -2.1830847e+02
   5.7124175e+01  -3.5000000e+01  -2.7674552e+02   1.8585181e+02  -2.9364252e+01   4.2337625e+01  -2.1947604e+02
   6.6043004e+01  -3.5000000e+01  -2.7208450e+02   1.8081063e+02  -2.6773147e+01   3.8317879e+01  -2.1869719e+02
   7.5633119e+01  -3.5000000e+01  -2.6254449e+02   1.7473360e+02  -2.2407367e+01   3.3128827e+01  -2.1878998e+02
   7.9828644e+01  -3.5000000e+01  -2.6133389e+02   1.6961590e+02  -1.7937037e+01   2.9638346e+01  -2.1574890e+02
   7.8919905e+01  -3.5000000e+01  -2.5864470e+02   1.6646157e+02  -1.5352862e+01   2.8207679e+01  -2.1400342e+02
   7.7732399e+01  -3.5000000e+01  -2.5611253e+02   1.6338142e+02  -1.5251696e+01   2.6734211e+01  -2.1207092e+02
   7.7638315e+01  -3.5000000e+01  -2.5670426e+02   1.6147432e+02  -1.4513100e+01   2.6797293e+01  -2.1047886e+02
   7.7405684e+01  -3.5000000e+01  -2.5586636e+02   1.6005929e+02  -1.3726674e+01   2.7214466e+01  -2.0884986e+02
   7.7620049e+01  -3.5000000e+01  -2.5313304e+02   1.5809159e+02  -1.3280295e+01   2.6837965e+01  -2.0821403e+02
   7.9015163e+01  -3.5000000e+01  -2.5198027e+02   1.5576500e+02  -1.2509064e+01   2.6237334e+01  -2.0621123e+02
   8.1160300e+01  -3.5000000e+01  -2.5067887e+02   1.5343580e+02  -1.0873871e+01   2.5690687e+01  -2.0396070e+02
   7.9480698e+01  -3.5000000e+01  -2.4949969e+02   1.5154926e+02  -1.1448642e+01   2.5110953e+01  -2.0200691e+02
   8.1596208e+01  -3.5000000e+01  -2.4987467e+02   1.5007965e+02  -1.0385381e+01   2.5147216e+01  -1.9874999e+02
   8.1108768e+01  -3.5000000e+01  -2.4901280e+02   1.4865405e+02  -9.7676367e+00   2.4761854e+01  -1.9694990e+02
   8.0238437e+01  -3.5000000e+01  -2.4773181e+02   1.4719506e+02  -1.0577008e+01   2.4055874e+01  -1.9494135e+02
   8.0375493e+01  -3.5000000e+01  -2.4698048e+02   1.4598281e+02  -1.0806690e+01   2.3607962e+01  -1.9285453e+02
   7.9365901e+01  -3.5000000e+01  -2.4584390e+02   1.4510541e+02  -1.0636765e+01   2.3397743e+01  -1.9078287e+02
   7.9340926e+01  -3.5000000e+01  -2.4497655e+02   1.4420173e+02  -1.0733698e+01   2.3124715e+01  -1.8888293e+02
   7.9924494e+01  -3.5000000e+01  -2.4561876e+02   1.4337314e+02  -9.7072832e+00   2.3260623e+01  -1.8619694e+02
   8.0347951e+01  -3.5000000e+01  -2.4448537e+02   1.4262541e+02  -7.8059801e+00   2.3022227e+01  -1.8329882e+02
   8.1949170e+01  -3.5000000e+01  -2.4427102e+02   1.4162044e+02  -5.4287969e+00   2.2739813e+01  -1.8030399e+02
   8.3164743e+01  -3.5000000e+01  -2.4435452e+02   1.4044872e+02  -2.9012235e+00   2.2348894e+01  -1.7727174e+02
   8.1512856e+01  -3.5000000e+01  -2.4342243e+02   1.3953801e+02  -2.2330778e+00   2.2020400e+01  -1.7481650e+02
   8.1699095e+01  -3.5000000e+01  -2.4467863e+02   1.3890749e+02  -1.8629370e+00   2.2506340e+01  -1.7169777e+02
   8.1190018e+01  -3.5000000e+01  -2.4454303e+02   1.3797758e+02  -2.2274863e+00   2.2091515e+01  -1.6934669e+02
   8.0653960e+01  -3.5000000e+01  -2.4449122e+02   1.3731047e+02  -2.0263408e+00   2.1943015e+01  -1.6624580e+02
   7.9362025e+01  -3.5000000e+01  -2.4401059e+02   1.3651901e+02  -2.6569753e+00   2.1278663e+01  -1.6356833e+02
   7.7801389e+01  -3.5000000e+01  -2.4317898e+02   1.3578087e+02  -4.3448143e+00   2.0277529e+01  -1.6138864e+02
   7.6792723e+01  -3.5000000e+01  -2.4231756e+02   1.3485836e+02  -5.6054967e+00   1.9084422e+01  -1.5816573e+02
   7.5218520e+01  -3.5000000e+01  -2.4189513e+02   1.3424776e+02  -7.9159093e+00   1.8101913e+01  -1.5530652e+02
   7.4511616e+01  -3.5000000e+01  -2.4223083e+02   1.3375041e+02  -8.3647192e+00   1.7609043e+01  -1.5127726e+02
   7.3780156e+01  -3.5000000e+01  -2.4212145e+02   1.3309376e+02  -8.8538712e+00   1.6566475e+01  -1.4906584e+02
   7.3138104e+01  -3.5000000e+01  -2.4280129e+02   1.3298129e+02  -9.4220233e+00   1.6379811e+01  -1.4689643e+02
   7.2729074e+01  -3.5000000e+01  -2.4289129e+02   1.3258069e+02  -1.0383568e+01   1.5554642e+01  -1.4550016e+02
   7.2450322e+01  -3.5000000e+01  -2.4347135e+02   1.3275703e+02  -1.0135798e+01   1.5738003e+01  -1.4351438e+02
   7.2546071e+01  -3.5000000e+01  -2.4357068e+02   1.3295176e+02  -9.5046195e+00   1.5502207e+01  -1.4249425e+02
   7.1841921e+01  -3.5000000e+01  -2.4408839e+02   1.3304253e+02  -8.7906947e+00   1.5420165e+01  -1.4014682e+02
   7.2050731e+01  -3.5000000e+01  -2.4431057e+02   1.3301349e+02  -7.9677437e+00   1.4853194e+01  -1.3825971e+02
   7.2081250e+01  -3.5000000e+01  -2.4436898e+02   1.3310390e+02  -7.1522904e+00   1.4375694e+01  -1.3638633e+02
   7.2606847e+01  -3.5000000e+01  -2.4465630e+02   1.3308365e+02  -6.4684242e+00   1.3830450e+01  -1.3455352e+02
   7.2568657e+01  -3.5000000e+01  -2.4479732e+02   1.3312521e+02  -5.5669217e+00   1.3357376e+01  -1.3267391e+02
   7.2567812e+01  -3.5000000e+01  -2.4444134e+02   1.3428404e+02  -4.1101179e+00   1.3685409e+01  -1.3397363e+02
   7.5918296e+01  -3.5000000e+01  -2.4357063e+02   1.3655680e+02  -3.7883746e+00   1.4965717e+01  -1.3755525e+02
   7.9889723e+01  -3.5000000e+01  -2.4262017e+02   1.3864642e+02  -7.0092521e+00   1.6083896e+01  -1.4346521e+02
   8.1644247e+01  -3.5000000e+01  -2.4145565e+02   1.4113041e+02  -1.0774160e+01   1.7456634e+01  -1.5068298e+02
   8.2511557e+01  -3.5000000e+01  -2.4210061e+02   1.4321855e+02  -1.5256822e+01   1.8383691e+01  -1.5888509e+02
   8.2653802e+01  -3.5000000e+01  -2.4405698e+02   1.4485945e+02  -2.0473242e+01   1.9169375e+01  -1.6793847e+02
   7.9565197e+01  -3.5000000e+01  -2.4482054e+02   1.4723942e+02  -2.6062305e+01   2.0623586e+01  -1.7773946e+02
   7.4089103e+01  -3.5000000e+01  -2.4751279e+02   1.5071116e+02  -3.3059342e+01   2.2825804e+01  -1.8758466e+02
   7.0125332e+01  -3.5000000e+01  -2.5196413e+02   1.5522822e+02  -3.9653250e+01   2.6481974e+01  -1.9649089e+02
   6.2052681e+01  -3.5000000e+01  -2.5388396e+02   1.6115938e+02  -4.6202269e+01   3.1578554e+01  -2.0470504e+02
   5.4626463e+01  -3.5000000e+01  -2.6204777e+02   1.6852218e+02  -5.2227864e+01   3.8121403e+01  -2.1268759e+02
   4.7591587e+01  -3.5000000e+01  -2.6937470e+02   1.7742799e+02  -5.4507882e+01   4.6725883e+01  -2.1883354e+02
   4.1052607e+01  -3.5000000e+01  -2.7491800e+02   1.8575226e+02  -5.3117778e+01   5.4661843e+01  -2.2486554e+02
   3.5912775e+01  -3.5000000e+01  -2.7981942e+02   1.9189304e+02  -5.0633654e+01   6.0535550e+01  -2.2685018e+02
   2.9330348e+01  -3.5000000e+01  -2.8538509e+02   1.9567996e+02  -4.7568773e+01   6.3713495e+01  -2.2639559e+02
   2.5381815e+01  -3.5000000e+01  -2.8990702e+02   1.9780511e+02  -4.3642852e+01   6.4648901e+01  -2.2592673e+02
   2.1483766e+01  -3.5000000e+01  -2.9505920e+02   1.9808902e+02  -4.0342752e+01   6.3314097e+01  -2.2397713e+02
   2.1005868e+01  -3.5000000e+01  -2.9543680e+02   1.9964110e+02  -3.4700743e+01   6.2399918e+01  -2.3221316e+02
   2.2137158e+01  -3.5000000e+01  -2.9623204e+02   2.0091123e+02  -3.0187846e+01   6.1315984e+01  -2.3409260e+02
   2.4675081e+01  -3.5000000e+01  -2.9640289e+02   2.0091816e+02  -2.6808011e+01   5.9556954e+01  -2.3231616e+02
   2.8758607e+01  -3.5000000e+01  -2.9249509e+02   1.9862086e+02  -2.4923925e+01   5.6616180e+01  -2.2799416e+02
   3.8032188e+01  -3.5000000e+01  -2.8471434e+02   1.9627576e+02  -2.6487496e+01   5.3617292e+01  -2.2509644e+02
   4.3607915e+01  -3.5000000e+01  -2.7865175e+02   1.9190328e+02  -2.6927097e+01   5.0405257e+01  -2.2621007e+02
   4.5484438e+01  -3.5000000e+01  -2.7505792e+02   1.8801004e+02  -2.8534987e+01   4.7922610e+01  -2.2466839e+02
   4.9243859e+01  -3.5000000e+01  -2.7156807e+02   1.8400016e+02  -2.9484986e+01   4.4999633e+01  -2.2343480e+02
   5.5501204e+01  -3.5000000e+01  -2.6853876e+02   1.8078443e+02  -2.8867991e+01   4.2396172e+01  -2.2054115e+02
   6.3337818e+01  -3.5000000e+01  -2.6344819e+02   1.7795715e+02  -2.6082387e+01   3.9681126e+01  -2.1901901e+02
   6.1492734e+01  -3.5000000e+01  -2.6390905e+02   1.7471168e+02  -2.4436021e+01   3.7565043e+01  -2.1683910e+02
   6.2340634e+01  -3.5000000e+01  -2.6184274e+02   1.7173836e+02  -2.4498696e+01   3.5002392e+01  -2.1443974e+02
   6.9219031e+01  -3.5000000e+01  -2.5921849e+02   1.6913210e+02  -2.0768569e+01   3.3130245e+01  -2.1114653e+02
   7.0747035e+01  -3.5000000e+01  -2.5596176e+02   1.6504525e+02  -1.8536599e+01   2.9839651e+01  -2.0820188e+02
   6.7736987e+01  -3.5000000e+01  -2.5529809e+02   1.6218027e+02  -1.9434352e+01   2.7914891e+01  -2.0424520e+02
   6.6770683e+01  -3.5000000e+01  -2.5481622e+02   1.6088988e+02  -2.0429702e+01   2.7461874e+01  -2.0119515e+02
   6.4115177e+01  -3.5000000e+01  -2.5364216e+02   1.5986988e+02  -2.1931004e+01   2.6847399e+01  -1.9889468e+02
   6.2894251e+01  -3.5000000e+01  -2.5326601e+02   1.5902650e+02  -2.3976212e+01   2.6409401e+01  -1.9663944e+02
   6.1951732e+01  -3.5000000e+01  -2.5324989e+02   1.5834568e+02  -2.5181300e+01   2.5903619e+01  -1.9521066e+02
   6.3440731e+01  -3.5000000e+01  -2.5109812e+02   1.5714045e+02  -2.3650572e+01   2.4647256e+01  -1.9295510e+02
   6.4972264e+01  -3.5000000e+01  -2.4999912e+02   1.5560719e+02  -2.2579285e+01   2.3308325e+01  -1.8996024e+02
   6.5771775e+01  -3.5000000e+01  -2.4781772e+02   1.5392334e+02  -2.1285817e+01   2.1588428e+01  -1.8736715e+02
   6.6903233e+01  -3.5000000e+01  -2.4603590e+02   1.5227172e+02  -1.9648744e+01   2.0038768e+01  -1.8445643e+02
   7.0181226e+01  -3.5000000e+01  -2.4768449e+02   1.5100086e+02  -1.7069380e+01   1.9825985e+01  -1.8102447e+02
   6.9959535e+01  -3.5000000e+01  -2.4767101e+02   1.5028433e+02  -1.4978472e+01   1.9846096e+01  -1.7870860e+02
   7.0183572e+01  -3.5000000e+01  -2.4721249e+02   1.4929912e+02  -1.3107571e+01   1.9588826e+01  -1.7537613e+02
   7.0552960e+01  -3.5000000e+01  -2.4789558e+02   1.4835586e+02  -1.1616734e+01   1.9591263e+01  -1.7224529e+02
   7.0139995e+01  -3.5000000e+01  -2.4822504e+02   1.4738346e+02  -1.0412318e+01   1.9374013e+01  -1.6830295e+02
   7.0504013e+01  -3.5000000e+01  -2.4872651e+02   1.4639103e+02  -9.4501836e+00   1.9090885e+01  -1.6449333e+02
   7.0314529e+01  -3.5000000e+01  -2.4900181e+02   1.4539767e+02  -8.2955291e+00   1.8712442e+01  -1.6074682e+02
   7.1021468e+01  -3.5000000e+01  -2.4812595e+02   1.4408043e+02  -7.3777257e+00   1.7451349e+01  -1.5690900e+02
   7.2083741e+01  -3.5000000e+01  -2.4675542e+02   1.4225156e+02  -5.4516947e+00   1.5736869e+01  -1.5214484e+02
   7.1866492e+01  -3.5000000e+01  -2.4586375e+02   1.4078486e+02  -4.4276710e+00   1.4574529e+01  -1.4860019e+02
   7.0635830e+01  -3.5000000e+01  -2.4463333e+02   1.3970706e+02  -5.8755528e+00   1.3206305e+01  -1.4548052e+02
   7.0676901e+01  -3.5000000e+01  -2.4470047e+02   1.3862630e+02  -5.2603636e+00   1.2708274e+01  -1.4157006e+02
   7.1358400e+01  -3.5000000e+01  -2.4462902e+02   1.3774576e+02  -4.7325231e+00   1.2115316e+01  -1.3875352e+02
   7.1569101e+01  -3.5000000e+01  -2.4446479e+02   1.3732254e+02  -4.2612481e+00   1.1890054e+01  -1.3654900e+02
   7.1128898e+01  -3.5000000e+01  -2.4335874e+02   1.3788840e+02  -4.0471933e+00   1.1906856e+01  -1.3659698e+02
   7.0896739e+01  -3.5000000e+01  -2.4322770e+02   1.3835600e+02  -3.7335422e+00   1.2041409e+01  -1.3720081e+02
   7.2385794e+01  -3.5000000e+01  -2.4273851e+02   1.3870156e+02  -3.7224032e+00   1.1996139e+01  -1.3830318e+02
   7.6201773e+01  -3.5000000e+01  -2.4237991e+02   1.3944427e+02  -4.5730580e+00   1.2520562e+01  -1.4129155e+02
   8.0470357e+01  -3.5000000e+01  -2.4148703e+02   1.4048063e+02  -7.9539368e+00   1.2860750e+01  -1.4711964e+02
   8.2445777e+01  -3.5000000e+01  -2.4022654e+02   1.4192884e+02  -1.1158082e+01   1.3271512e+01  -1.5460103e+02
   8.4070913e+01  -3.5000000e+01  -2.4011781e+02   1.4270732e+02  -1.5242725e+01   1.2941142e+01  -1.6314601e+02
   8.5296328e+01  -3.5000000e+01  -2.4119280e+02   1.4420235e+02  -1.7418913e+01   1.3878809e+01  -1.7156187e+02
   8.4213328e+01  -3.5000000e+01  -2.4165232e+02   1.4617655e+02  -2.0298235e+01   1.4973242e+01  -1.8095414e+02
   8.3981532e+01  -3.5000000e+01  -2.4397187e+02   1.5015634e+02  -2.1912070e+01   1.8948533e+01  -1.9017243e+02
   8.4262413e+01  -3.5000000e+01  -2.4782432e+02   1.5291941e+02  -2.6375839e+01   2.2025876e+01  -1.9786063e+02
   7.9184510e+01  -3.5000000e+01  -2.4943317e+02   1.5572986e+02  -3.3423724e+01   2.4500391e+01  -2.0472019e+02
   7.0110371e+01  -3.5000000e+01  -2.5078771e+02   1.5850196e+02  -4.1758811e+01   2.6614578e+01  -2.1071249e+02
   5.9950553e+01  -3.5000000e+01  -2.5173636e+02   1.6334393e+02  -4.9976003e+01   3.0795925e+01  -2.1599674e+02
   5.3568535e+01  -3.5000000e+01  -2.5506975e+02   1.6886242e+02  -5.5605417e+01   3.6365722e+01  -2.2022713e+02
