   4.4378823e+01   6.1837309e+01  -1.4297027e+02   6.0863561e+01   2.3228359e+01  -3.1210248e+01  -6.2377484e+00
   3.9819278e+01   4.8058208e+01  -1.4190439e+02   5.7754291e+01   2.1228740e+01  -4.5124036e+01  -1.0960318e+01
   3.8000000e+01   4.4000000e+01  -1.4241496e+02   6.6110536e+01   2.1038464e+01  -5.1000000e+01  -7.8408414e+00
   3.8000000e+01   4.4000000e+01  -1.4499005e+02   7.0946141e+01   2.2204721e+01  -5.1000000e+01  -9.2049469e+00
   3.8000000e+01   4.4000000e+01  -1.4645230e+02   7.4399680e+01   2.4202711e+01  -5.1000000e+01  -1.1283513e+01
   3.8000000e+01   4.4000000e+01  -1.4617256e+02   7.7042342e+01   2.5611637e+01  -5.1000000e+01  -1.4359489e+01
   3.8000000e+01   4.4000000e+01  -1.4483271e+02   7.9227852e+01   2.7279946e+01  -5.1000000e+01  -1.7804985e+01
   3.8000000e+01   4.4000000e+01  -1.4439845e+02   8.1524635e+01   2.8420449e+01  -5.1000000e+01  -2.0657004e+01
   3.8000000e+01   4.4000000e+01  -1.4434678e+02   8.3370073e+01   2.9595567e+01  -5.1000000e+01  -2.3642755e+01
   3.8000000e+01   4.4000000e+01  -1.4268268e+02   8.4501366e+01   3.1459080e+01  -5.1000000e+01  -2.6400172e+01
   3.8000000e+01   4.4000000e+01  -1.4211715e+02   8.5621241e+01   3.2167922e+01  -5.1000000e+01  -2.9282563e+01
   3.8000000e+01   4.4000000e+01  -1.4096011e+02   8.5901269e+01   3.3304001e+01  -5.1000000e+01  -3.1391776e+01
   3.8000000e+01   4.4000000e+01  -1.4041198e+02   8.6456922e+01   3.3810881e+01  -5.1000000e+01  -3.3378375e+01
   3.8000000e+01   4.4000000e+01  -1.4030031e+02   8.7672220e+01   3.4419021e+01  -5.1000000e+01  -3.4921999e+01
   3.8000000e+01   4.4000000e+01  -1.4000832e+02   8.8997409e+01   3.5110313e+01  -5.1000000e+01  -3.6374558e+01
   3.8000000e+01   4.4000000e+01  -1.3999375e+02   8.9974722e+01   3.5899352e+01  -5.1000000e+01  -3.8002709e+01
   3.8000000e+01   4.4000000e+01  -1.3964305e+02   9.0697668e+01   3.7158035e+01  -5.1000000e+01  -3.9678785e+01
   3.8000000e+01   4.4000000e+01  -1.3976159e+02   9.1751358e+01   3.8305398e+01  -5.1000000e+01  -4.0794354e+01
   3.8000000e+01   4.4000000e+01  -1.3938790e+02   9.2588756e+01   3.9894234e+01  -5.1000000e+01  -4.1524605e+01
   3.8000000e+01   4.4000000e+01  -1.4025740e+02   9.4017763e+01   4.1230368e+01  -5.1000000e+01  -4.1909960e+01
   3.8000000e+01   4.4000000e+01  -1.4192183e+02   9.5739039e+01   4.3036325e+01  -5.1000000e+01  -4.0788057e+01
   3.8000000e+01   4.4000000e+01  -1.4384035e+02   9.7354492e+01   4.4838274e+01  -5.1000000e+01  -3.9813831e+01
   3.8000000e+01   4.4000000e+01  -1.4620553e+02   9.9368814e+01   4.6131620e+01  -5.1000000e+01  -3.9118850e+01
   3.8000000e+01   4.4000000e+01  -1.4642466e+02   1.0141317e+02   4.8466491e+01  -5.1000000e+01  -3.8861282e+01
   3.8000000e+01   4.4000000e+01  -1.4727210e+02   1.0323383e+02   5.0042949e+01  -5.1000000e+01  -3.9163039e+01
   3.8000000e+01   4.4000000e+01  -1.5029489e+02   1.0501536e+02   5.0518361e+01  -5.1000000e+01  -3.8916963e+01
   3.8000000e+01   4.4000000e+01  -1.4999634e+02   1.0485111e+02   5.1801752e+01  -5.1000000e+01  -3.8649170e+01
   3.8000000e+01   4.4000000e+01  -1.5152296e+02   1.0030039e+02   5.0736640e+01  -5.1000000e+01  -3.5852247e+01
   3.8000000e+01   4.4000000e+01  -1.5332104e+02   9.4918099e+01   4.8423491e+01  -5.1000000e+01  -3.0925158e+01
   3.8000000e+01   4.4000000e+01  -1.5527485e+02   8.8401203e+01   4.4657011e+01  -5.1000000e+01  -2.5874967e+01
   3.8000000e+01   4.4000000e+01  -1.5545236e+02   8.0043465e+01   4.0597023e+01  -5.1000000e+01  -2.0209824e+01
   3.8000000e+01   4.4000000e+01  -1.5736493e+02   7.1937668e+01   3.5424825e+01  -5.1000000e+01  -1.2574857e+01
   3.8000000e+01   4.4000000e+01  -1.5779167e+02   6.4440160e+01   2.8740448e+01  -5.1000000e+01  -3.5467406e+00
   3.8000000e+01   4.4000000e+01  -1.5801782e+02   5.7184416e+01   2.0829278e+01  -5.1000000e+01   5.4159238e+00
   3.8000000e+01   4.4000000e+01  -1.5528430e+02   4.9379002e+01   1.4717923e+01  -5.1000000e+01   1.3071779e+01
   3.8000000e+01   4.4000000e+01  -1.5216272e+02   4.1359403e+01   9.2730503e+00  -5.1000000e+01   1.7571155e+01
   3.8000000e+01   4.4000000e+01  -1.4305008e+02   3.3546893e+01   3.9721364e+00  -5.1000000e+01   2.2407322e+01
   3.8000000e+01   4.4000000e+01  -1.3009730e+02   2.8517397e+01  -1.1193858e+00  -5.1000000e+01   2.5860383e+01
   3.8000000e+01   4.4000000e+01  -1.2791871e+02   2.0454440e+01  -7.8574222e+00  -5.1000000e+01   3.1147094e+01
   3.8000000e+01   4.4000000e+01  -1.3332845e+02   1.4459229e+01  -1.1955692e+01  -5.1000000e+01   3.7403006e+01
   3.8000000e+01   4.4000000e+01  -1.3378873e+02   1.1146781e+01  -1.6565614e+01  -5.1000000e+01   4.2848278e+01
   3.8000000e+01   4.4000000e+01  -1.3352494e+02   8.9560504e+00  -1.9150005e+01  -5.1000000e+01   4.8333159e+01
   3.8000000e+01   4.4000000e+01  -1.3570839e+02   7.8948855e+00  -2.1415536e+01  -5.1000000e+01   5.2349244e+01
   3.8000000e+01   4.4000000e+01  -1.3497004e+02   8.9051825e+00  -2.2807400e+01  -5.1000000e+01   5.3732135e+01
   3.8000000e+01   4.4000000e+01  -1.3406902e+02   1.0628224e+01  -2.3861532e+01  -5.1000000e+01   5.4936614e+01
   3.8000000e+01   4.4000000e+01  -1.3605107e+02   1.2860052e+01  -2.3984645e+01  -5.1000000e+01   5.5397556e+01
   3.8000000e+01   4.4000000e+01  -1.3441453e+02   1.3545403e+01  -2.3602497e+01  -5.1000000e+01   5.4884302e+01
   3.8000000e+01   4.4000000e+01  -1.3451092e+02   1.3582894e+01  -2.3163155e+01  -5.1000000e+01   5.4371044e+01
   3.8000000e+01   4.4000000e+01  -1.3490514e+02   1.4715645e+01  -2.2060964e+01  -5.1000000e+01   5.4440186e+01
   3.8000000e+01   4.4000000e+01  -1.3632912e+02   1.5506511e+01  -2.1045249e+01  -5.1000000e+01   5.3940288e+01
   3.8000000e+01   4.4000000e+01  -1.3736038e+02   1.8498654e+01  -1.9761579e+01  -5.1000000e+01   5.2971522e+01
   3.8000000e+01   4.4000000e+01  -1.3759967e+02   2.1396145e+01  -1.8478087e+01  -5.1000000e+01   5.1689447e+01
   3.8000000e+01   4.4000000e+01  -1.4425274e+02   2.4077811e+01  -1.5875571e+01  -5.1000000e+01   4.9640929e+01
   3.8000000e+01   4.4000000e+01  -1.4875938e+02   2.6884418e+01  -1.2718300e+01  -5.1000000e+01   4.9603925e+01
   3.8000000e+01   4.4000000e+01  -1.5319782e+02   3.0795986e+01  -1.0410897e+01  -5.1000000e+01   4.9344754e+01
   3.8000000e+01   4.4000000e+01  -1.5497596e+02   3.5055331e+01  -8.3233383e+00  -5.1000000e+01   4.8064148e+01
   3.8000000e+01   4.4000000e+01  -1.6267616e+02   3.9117492e+01  -5.7131213e+00  -5.1000000e+01   4.7112030e+01
   3.8000000e+01   4.4000000e+01  -1.7069384e+02   4.3142869e+01  -3.0570724e+00  -5.1000000e+01   4.6295114e+01
   3.8000000e+01   4.4000000e+01  -1.6424944e+02   4.5389655e+01  -6.3716795e-01  -5.1000000e+01   4.5043627e+01
   3.8000000e+01   4.4000000e+01  -1.5334632e+02   4.5894206e+01  -1.1880069e+00  -5.1000000e+01   4.4025574e+01
   3.8000000e+01   4.4000000e+01  -1.4560943e+02   4.2251137e+01  -2.9181597e+00  -5.1000000e+01   4.2568826e+01
   3.8000000e+01   4.4000000e+01  -1.4237758e+02   3.8909995e+01  -5.3950674e+00  -5.1000000e+01   4.1599892e+01
   3.8000000e+01   4.4000000e+01  -1.3800470e+02   3.6666785e+01  -7.6265442e+00  -5.1000000e+01   4.0974919e+01
   3.8000000e+01   4.4000000e+01  -1.3988715e+02   3.6958727e+01  -8.4424899e+00  -5.1000000e+01   4.0246790e+01
   3.8000000e+01   4.4000000e+01  -1.4589996e+02   3.8403350e+01  -7.0441316e+00  -5.1000000e+01   4.0679584e+01
   3.8000000e+01   4.4000000e+01  -1.5108689e+02   4.1081863e+01  -4.5628036e+00  -5.1000000e+01   4.0050350e+01
   3.8000000e+01   4.4000000e+01  -1.5101663e+02   4.3228961e+01  -2.8435263e+00  -5.1000000e+01   3.8408320e+01
   3.8000000e+01   4.4000000e+01  -1.5610377e+02   4.5949737e+01  -6.2407373e-01  -5.1000000e+01   3.7360890e+01
   3.8000000e+01   4.4000000e+01  -1.5625882e+02   4.7712459e+01   1.0983050e+00  -5.1000000e+01   3.5542401e+01
   3.8000000e+01   4.4000000e+01  -1.5244736e+02   4.8837657e+01   1.1970064e+00  -5.1000000e+01   3.3195385e+01
   3.8000000e+01   4.4000000e+01  -1.5098699e+02   4.9689093e+01   9.8525114e-01  -5.1000000e+01   3.1144982e+01
   3.8000000e+01   4.4000000e+01  -1.5473340e+02   5.1647334e+01   1.7268764e+00  -5.1000000e+01   3.0222009e+01
   3.8000000e+01   4.4000000e+01  -1.5926459e+02   5.4286377e+01   3.1996961e+00  -5.1000000e+01   2.9907832e+01
   3.8000000e+01   4.4000000e+01  -1.5924710e+02   5.5699960e+01   4.4492703e+00  -5.1000000e+01   2.8724589e+01
   3.8000000e+01   4.4000000e+01  -1.5910773e+02   5.6342306e+01   5.1781233e+00  -5.1000000e+01   2.6355605e+01
   3.8000000e+01   4.4000000e+01  -1.5926668e+02   5.8032468e+01   5.6658543e+00  -5.1000000e+01   2.4696968e+01
   3.8000000e+01   4.4000000e+01  -1.6113358e+02   5.9590772e+01   6.8081726e+00  -5.1000000e+01   2.3019817e+01
   3.8000000e+01   4.4000000e+01  -1.6200598e+02   6.1124045e+01   8.4690132e+00  -5.1000000e+01   2.1836229e+01
   3.8000000e+01   4.4000000e+01  -1.6147751e+02   6.2564623e+01   8.8916151e+00  -5.1000000e+01   2.0197876e+01
   3.8000000e+01   4.4000000e+01  -1.6045010e+02   6.3248917e+01   9.7599082e+00  -5.1000000e+01   1.8214009e+01
   3.8000000e+01   4.4000000e+01  -1.5449893e+02   6.1881949e+01   8.5563397e+00  -5.1000000e+01   1.5270428e+01
   3.8000000e+01   4.4000000e+01  -1.5509511e+02   6.3027064e+01   8.9047440e+00  -5.1000000e+01   1.3165980e+01
   3.8000000e+01   4.4000000e+01  -1.5586629e+02   6.4821631e+01   9.7843026e+00  -5.1000000e+01   1.0834778e+01
   3.8000000e+01   4.4000000e+01  -1.5727802e+02   6.6740297e+01   1.0433915e+01  -5.1000000e+01   8.1616430e+00
   3.8000000e+01   4.4000000e+01  -1.5508564e+02   6.7551956e+01   1.1194099e+01  -5.1000000e+01   5.0077891e+00
   3.8000000e+01   4.4000000e+01  -1.5527544e+02   6.8701224e+01   1.2340353e+01  -5.1000000e+01   3.5491942e+00
   3.8000000e+01   4.4000000e+01  -1.5584508e+02   7.0226823e+01   1.3295962e+01  -5.1000000e+01   1.5277053e+00
   3.8000000e+01   4.4000000e+01  -1.5362149e+02   7.1968704e+01   1.4297086e+01  -5.1000000e+01  -2.1543748e+00
   3.8000000e+01   4.4000000e+01  -1.5106695e+02   7.2959197e+01   1.4848053e+01  -5.1000000e+01  -5.3135698e+00
   3.8000000e+01   4.4000000e+01  -1.5302222e+02   7.4686350e+01   1.5915630e+01  -5.1000000e+01  -6.9854856e+00
   3.8000000e+01   4.4000000e+01  -1.5304848e+02   7.6860116e+01   1.7683702e+01  -5.1000000e+01  -8.9952050e+00
   3.8000000e+01   4.4000000e+01  -1.5203413e+02   7.8887324e+01   1.8116499e+01  -5.1000000e+01  -1.2011423e+01
   3.8000000e+01   4.4000000e+01  -1.5356121e+02   8.0794914e+01   1.8625610e+01  -5.1000000e+01  -1.3562417e+01
   3.8000000e+01   4.4000000e+01  -1.5264630e+02   8.2519647e+01   2.0185691e+01  -5.1000000e+01  -1.5906733e+01
   3.8000000e+01   4.4000000e+01  -1.5272454e+02   8.4002014e+01   2.1368129e+01  -5.1000000e+01  -1.7863591e+01
   3.8000000e+01   4.4000000e+01  -1.5232385e+02   8.5076302e+01   2.2766690e+01  -5.1000000e+01  -1.9138883e+01
   3.8000000e+01   4.4000000e+01  -1.5226085e+02   8.6366703e+01   2.3292245e+01  -5.1000000e+01  -2.0881703e+01
   3.8000000e+01   4.4000000e+01  -1.5060000e+02   8.6612723e+01   2.3698216e+01  -5.1000000e+01  -2.3171744e+01
   3.8000000e+01   4.4000000e+01  -1.4761654e+02   8.6241231e+01   2.3482777e+01  -5.1000000e+01  -2.6021715e+01
   3.8000000e+01   4.4000000e+01  -1.4700965e+02   8.5978115e+01   2.3553466e+01  -5.1000000e+01  -2.7119573e+01
   3.8000000e+01   4.4000000e+01  -1.4770298e+02   8.6847515e+01   2.4132581e+01  -5.1000000e+01  -2.8108182e+01
   3.8000000e+01   4.4000000e+01  -1.4497299e+02   8.6748508e+01   2.5033583e+01  -5.1000000e+01  -3.0322635e+01
   3.8000000e+01   4.4000000e+01  -1.4355598e+02   8.6499458e+01   2.4886894e+01  -5.1000000e+01  -3.2678642e+01
   3.8000000e+01   4.4000000e+01  -1.4274424e+02   8.7084281e+01   2.4395879e+01  -5.1000000e+01  -3.5092747e+01
   3.8000000e+01   4.4000000e+01  -1.4211733e+02   8.7603003e+01   2.4943009e+01  -5.1000000e+01  -3.6501665e+01
   3.8000000e+01   4.4000000e+01  -1.4109733e+02   8.8007118e+01   2.5671122e+01  -5.1000000e+01  -3.7710969e+01
   3.8000000e+01   4.4000000e+01  -1.4113334e+02   8.8009505e+01   2.5773826e+01  -5.1000000e+01  -3.9037823e+01
   3.8000000e+01   4.4000000e+01  -1.4099510e+02   8.7825081e+01   2.5852453e+01  -5.1000000e+01  -3.9679701e+01
   3.8000000e+01   4.4000000e+01  -1.4164690e+02   8.6438756e+01   2.6323205e+01  -5.1000000e+01  -3.8373040e+01
   3.8000000e+01   4.4000000e+01  -1.4497427e+02   8.3903887e+01   2.6051405e+01  -5.1000000e+01  -3.3686716e+01
   3.8000000e+01   4.4000000e+01  -1.4736430e+02   7.8621544e+01   2.4949932e+01  -5.1000000e+01  -2.6781723e+01
   3.8000000e+01   4.4000000e+01  -1.5098632e+02   7.3125319e+01   2.2386820e+01  -5.1000000e+01  -1.7758799e+01
   3.8000000e+01   4.4000000e+01  -1.5377273e+02   6.8130611e+01   2.0209085e+01  -5.1000000e+01  -7.8781504e+00
   3.8000000e+01   4.4000000e+01  -1.5460529e+02   6.2932413e+01   1.6074279e+01  -5.1000000e+01   1.1115923e+00
   3.8000000e+01   4.4000000e+01  -1.5600186e+02   5.7800859e+01   1.1846407e+01  -5.1000000e+01   8.9775517e+00
   3.8000000e+01   4.4000000e+01  -1.5895264e+02   5.3218015e+01   8.5944097e+00  -5.1000000e+01   1.5265318e+01
   3.8000000e+01   4.4000000e+01  -1.5371856e+02   4.7671488e+01   5.4431696e+00  -5.1000000e+01   2.1488618e+01
   3.8000000e+01   4.4000000e+01  -1.4483729e+02   4.0590814e+01   6.8083198e-01  -5.1000000e+01   2.5959189e+01
   3.8000000e+01   4.4000000e+01  -1.3588311e+02   3.2691571e+01  -4.9411957e+00  -5.1000000e+01   3.0070993e+01
   3.8000000e+01   4.4000000e+01  -1.3066098e+02   2.4724123e+01  -1.0742087e+01  -5.1000000e+01   3.4301754e+01
   3.8000000e+01   4.4000000e+01  -1.3175775e+02   1.9118564e+01  -1.5613065e+01  -5.1000000e+01   3.8071306e+01
   3.8000000e+01   4.4000000e+01  -1.3161710e+02   1.6706527e+01  -1.8846750e+01  -5.1000000e+01   4.2812709e+01
   3.8000000e+01   4.4000000e+01  -1.2879854e+02   1.5060569e+01  -2.1076320e+01  -5.1000000e+01   4.5855024e+01
   3.8000000e+01   4.4000000e+01  -1.2943959e+02   1.5757241e+01  -2.2421867e+01  -5.1000000e+01   4.7893311e+01
   3.8000000e+01   4.4000000e+01  -1.3110504e+02   1.6191772e+01  -2.2368030e+01  -5.1000000e+01   4.8511057e+01
   3.8000000e+01   4.4000000e+01  -1.3452013e+02   1.8647598e+01  -2.1854444e+01  -5.1000000e+01   4.8523952e+01
   3.8000000e+01   4.4000000e+01  -1.3575933e+02   2.1921936e+01  -2.0785346e+01  -5.1000000e+01   4.7499436e+01
   3.8000000e+01   4.4000000e+01  -1.3823805e+02   2.4582158e+01  -1.9740408e+01  -5.1000000e+01   4.6325468e+01
   3.8000000e+01   4.4000000e+01  -1.3852873e+02   2.7273038e+01  -1.8463034e+01  -5.1000000e+01   4.4678320e+01
   3.8000000e+01   4.4000000e+01  -1.4117603e+02   3.0625038e+01  -1.6750674e+01  -5.1000000e+01   4.3587680e+01
   3.8000000e+01   4.4000000e+01  -1.4438119e+02   3.2331382e+01  -1.4381673e+01  -5.1000000e+01   4.2675987e+01
   3.8000000e+01   4.4000000e+01  -1.4970884e+02   3.5621377e+01  -1.2018478e+01  -5.1000000e+01   4.2264564e+01
   3.8000000e+01   4.4000000e+01  -1.4396367e+02   3.6769158e+01  -1.1935524e+01  -5.1000000e+01   4.0849582e+01
   3.8000000e+01   4.4000000e+01  -1.4055567e+02   3.6644536e+01  -1.2226857e+01  -5.1000000e+01   3.9339194e+01
   3.8000000e+01   4.4000000e+01  -1.3763539e+02   3.6703810e+01  -1.3228473e+01  -5.1000000e+01   3.8649714e+01
   3.8000000e+01   4.4000000e+01  -1.4315431e+02   3.7736592e+01  -1.1351307e+01  -5.1000000e+01   3.7911594e+01
   3.8000000e+01   4.4000000e+01  -1.4765260e+02   4.0426959e+01  -8.6069115e+00  -5.1000000e+01   3.6697048e+01
   3.8000000e+01   4.4000000e+01  -1.4747262e+02   4.2458451e+01  -5.9687627e+00  -5.1000000e+01   3.6622852e+01
   3.8000000e+01   4.4000000e+01  -1.5317833e+02   4.5114068e+01  -3.5679096e+00  -5.1000000e+01   3.5373491e+01
   3.8000000e+01   4.4000000e+01  -1.5819923e+02   4.8164221e+01  -7.2199346e-01  -5.1000000e+01   3.3628762e+01
   3.8000000e+01   4.4000000e+01  -1.6192337e+02   5.0765420e+01   1.9574745e+00  -5.1000000e+01   3.1665028e+01
   3.8000000e+01   4.4000000e+01  -1.6595332e+02   5.2747013e+01   4.1705386e+00  -5.1000000e+01   3.2468208e+01
   3.8000000e+01   4.4000000e+01  -1.6384637e+02   5.2689910e+01   4.8130781e+00  -5.1000000e+01   3.1992640e+01
   3.8000000e+01   4.4000000e+01  -1.6500009e+02   5.3935563e+01   5.9456573e+00  -5.1000000e+01   3.0945034e+01
   3.8000000e+01   4.4000000e+01  -1.6233824e+02   5.4487577e+01   5.6213772e+00  -5.1000000e+01   2.9173014e+01
   3.8000000e+01   4.4000000e+01  -1.6508537e+02   5.6585700e+01   6.1633417e+00  -5.1000000e+01   2.8383110e+01
   3.8000000e+01   4.4000000e+01  -1.6259381e+02   5.7089990e+01   6.2442163e+00  -5.1000000e+01   2.6323498e+01
   3.8000000e+01   4.4000000e+01  -1.6695814e+02   5.9045475e+01   7.0063305e+00  -5.1000000e+01   2.5754002e+01
   3.8000000e+01   4.4000000e+01  -1.6537697e+02   6.0950145e+01   7.8551425e+00  -5.1000000e+01   2.4174453e+01
   3.8000000e+01   4.4000000e+01  -1.6364226e+02   6.1661513e+01   8.3349588e+00  -5.1000000e+01   2.1118359e+01
   3.8000000e+01   4.4000000e+01  -1.6384783e+02   6.2736692e+01   9.1008643e+00  -5.1000000e+01   1.9873200e+01
   3.8000000e+01   4.4000000e+01  -1.6345219e+02   6.3809784e+01   8.4649092e+00  -5.1000000e+01   1.7595388e+01
   3.8000000e+01   4.4000000e+01  -1.6157545e+02   6.3545381e+01   8.1358688e+00  -5.1000000e+01   1.6103997e+01
   3.8000000e+01   4.4000000e+01  -1.5943128e+02   6.3680437e+01   7.5938082e+00  -5.1000000e+01   1.4203925e+01
   3.8000000e+01   4.4000000e+01  -1.6045917e+02   6.4918258e+01   7.5578992e+00  -5.1000000e+01   1.3247013e+01
   3.8000000e+01   4.4000000e+01  -1.5794302e+02   6.5339726e+01   7.2838314e+00  -5.1000000e+01   1.0303334e+01
   3.8000000e+01   4.4000000e+01  -1.5517573e+02   6.5392035e+01   7.1453941e+00  -5.1000000e+01   8.4741210e+00
   3.8000000e+01   4.4000000e+01  -1.5297209e+02   6.5461704e+01   6.8638105e+00  -5.1000000e+01   7.5182134e+00
   3.8000000e+01   4.4000000e+01  -1.5224666e+02   6.6308901e+01   7.5603096e+00  -5.1000000e+01   5.4154290e+00
   3.8000000e+01   4.4000000e+01  -1.5368516e+02   6.8069107e+01   8.5676254e+00  -5.1000000e+01   3.5651711e+00
   3.8000000e+01   4.4000000e+01  -1.5215964e+02   6.8693935e+01   8.5366417e+00  -5.1000000e+01   1.5983796e+00
   3.8000000e+01   4.4000000e+01  -1.5092421e+02   6.8989528e+01   8.4852581e+00  -5.1000000e+01  -4.5620872e-01
   3.8000000e+01   4.4000000e+01  -1.4937206e+02   6.9242092e+01   8.9788486e+00  -5.1000000e+01  -1.6405962e+00
   3.8000000e+01   4.4000000e+01  -1.5249920e+02   7.1733831e+01   1.0119694e+01  -5.1000000e+01  -3.4881552e+00
   3.8000000e+01   4.4000000e+01  -1.5093246e+02   7.3144237e+01   1.1118726e+01  -5.1000000e+01  -6.1641609e+00
   3.8000000e+01   4.4000000e+01  -1.5176721e+02   7.4595832e+01   1.1611406e+01  -5.1000000e+01  -8.6127920e+00
   3.8000000e+01   4.4000000e+01  -1.4917825e+02   7.4679286e+01   1.1842623e+01  -5.1000000e+01  -1.0448845e+01
   3.8000000e+01   4.4000000e+01  -1.4945197e+02   7.5710999e+01   1.2739660e+01  -5.1000000e+01  -1.2197592e+01
   3.8000000e+01   4.4000000e+01  -1.4884761e+02   7.7393760e+01   1.3174165e+01  -5.1000000e+01  -1.3629266e+01
   3.8000000e+01   4.4000000e+01  -1.4918246e+02   7.8735328e+01   1.4247064e+01  -5.1000000e+01  -1.5798091e+01
   3.8000000e+01   4.4000000e+01  -1.4420322e+02   7.8262502e+01   1.3732167e+01  -5.1000000e+01  -1.9102151e+01
   3.8000000e+01   4.4000000e+01  -1.4238163e+02   7.8873491e+01   1.4046974e+01  -5.1000000e+01  -2.2352888e+01
   3.8000000e+01   4.4000000e+01  -1.4156591e+02   8.0044519e+01   1.4475984e+01  -5.1000000e+01  -2.5797136e+01
   3.8000000e+01   4.4000000e+01  -1.4035774e+02   8.1354626e+01   1.5686350e+01  -5.1000000e+01  -2.9082517e+01
   3.8000000e+01   4.4000000e+01  -1.4134679e+02   8.3437039e+01   1.6005890e+01  -5.1000000e+01  -3.2572265e+01
   3.8000000e+01   4.4000000e+01  -1.4155541e+02   8.5095596e+01   1.7413276e+01  -5.1000000e+01  -3.5281519e+01
   3.8000000e+01   4.4000000e+01  -1.4124928e+02   8.6941102e+01   1.9080046e+01  -5.1000000e+01  -3.7283221e+01
   3.8000000e+01   4.4000000e+01  -1.4147060e+02   8.8620869e+01   2.0291906e+01  -5.1000000e+01  -3.9146161e+01
   3.8000000e+01   4.4000000e+01  -1.4191359e+02   8.9973290e+01   2.1748608e+01  -5.1000000e+01  -4.0585776e+01
   3.8000000e+01   4.4000000e+01  -1.4127209e+02   9.0213262e+01   2.2946698e+01  -5.1000000e+01  -4.1442642e+01
   3.8000000e+01   4.4000000e+01  -1.4225884e+02   8.9394613e+01   2.5068462e+01  -5.1000000e+01  -3.8188455e+01
   3.8000000e+01   4.4000000e+01  -1.4248079e+02   8.6780483e+01   2.5669928e+01  -5.1000000e+01  -3.4358646e+01
   3.8000000e+01   4.4000000e+01  -1.4646989e+02   8.2598123e+01   2.2755943e+01  -5.1000000e+01  -2.9318553e+01
   3.8000000e+01   4.4000000e+01  -1.4863234e+02   7.6064033e+01   1.9826246e+01  -5.1000000e+01  -2.2467846e+01
   3.8000000e+01   4.4000000e+01  -1.4860183e+02   6.7981976e+01   1.7364980e+01  -5.1000000e+01  -1.5499959e+01
   3.8000000e+01   4.4000000e+01  -1.4586849e+02   6.0933167e+01   1.4706138e+01  -5.1000000e+01  -9.9826152e+00
   3.8000000e+01   4.4000000e+01  -1.5152456e+02   5.3812101e+01   1.2498562e+01  -5.1000000e+01  -4.1505367e-01
   3.8000000e+01   4.4000000e+01  -1.5225587e+02   4.9555521e+01   1.0999821e+01  -5.1000000e+01   8.6987321e+00
   3.8000000e+01   4.4000000e+01  -1.5144403e+02   4.3590456e+01   8.2957737e+00  -5.1000000e+01   1.6938746e+01
   3.8000000e+01   4.4000000e+01  -1.5309021e+02   3.6982333e+01   5.0035547e+00  -5.1000000e+01   2.4211860e+01
   3.8000000e+01   4.4000000e+01  -1.5391014e+02   3.2038395e+01   1.8779317e+00  -5.1000000e+01   3.1249616e+01
   3.8000000e+01   4.4000000e+01  -1.5038769e+02   2.8244869e+01  -6.6109695e-01  -5.1000000e+01   3.6766105e+01
   3.8000000e+01   4.4000000e+01  -1.4837030e+02   2.4820608e+01  -3.7260758e+00  -5.1000000e+01   4.2378244e+01
   3.8000000e+01   4.4000000e+01  -1.4362518e+02   2.1960328e+01  -7.4916653e+00  -5.1000000e+01   4.6320539e+01
   3.8000000e+01   4.4000000e+01  -1.3839585e+02   1.9687319e+01  -1.1459379e+01  -5.1000000e+01   5.0221753e+01
   3.8000000e+01   4.4000000e+01  -1.3479473e+02   1.7659569e+01  -1.4353942e+01  -5.1000000e+01   5.5287281e+01
   3.8000000e+01   4.4000000e+01  -1.3331322e+02   1.5414587e+01  -1.6664013e+01  -5.1000000e+01   5.8063630e+01
   3.8000000e+01   4.4000000e+01  -1.3452780e+02   1.5440212e+01  -1.8715094e+01  -5.1000000e+01   5.8241151e+01
   3.8000000e+01   4.4000000e+01  -1.3999427e+02   1.7444807e+01  -1.9872556e+01  -5.1000000e+01   5.6902964e+01
   3.8000000e+01   4.4000000e+01  -1.4576530e+02   2.1148457e+01  -1.9788021e+01  -5.1000000e+01   5.5285972e+01
   3.8000000e+01   4.4000000e+01  -1.4952805e+02   2.5549240e+01  -1.8217590e+01  -5.1000000e+01   5.3413760e+01
   3.8000000e+01   4.4000000e+01  -1.5289914e+02   3.0459064e+01  -1.5615769e+01  -5.1000000e+01   5.0227480e+01
   3.8000000e+01   4.4000000e+01  -1.5742347e+02   3.3462569e+01  -1.2710441e+01  -5.1000000e+01   4.7446414e+01
   3.8000000e+01   4.4000000e+01  -1.5602228e+02   3.5912539e+01  -8.9321698e+00  -5.1000000e+01   4.6777668e+01
   3.8000000e+01   4.4000000e+01  -1.5778327e+02   3.8317226e+01  -6.0418092e+00  -5.1000000e+01   4.5970528e+01
   3.8000000e+01   4.4000000e+01  -1.5518468e+02   3.6833233e+01  -4.0732786e+00  -5.1000000e+01   4.1952438e+01
   3.8000000e+01   4.4000000e+01  -1.6280635e+02   4.1539008e+01  -1.9108117e+00  -5.1000000e+01   4.1869526e+01
   3.8000000e+01   4.4000000e+01  -1.7020688e+02   4.6038045e+01   1.4347984e+00  -5.1000000e+01   4.1938281e+01
   3.8000000e+01   4.4000000e+01  -1.7653649e+02   5.1100997e+01   4.8359180e+00  -5.1000000e+01   4.2067954e+01
   3.8000000e+01   4.4000000e+01  -1.7421719e+02   5.3189251e+01   7.2555177e+00  -5.1000000e+01   3.9263069e+01
   3.8000000e+01   4.4000000e+01  -1.6715624e+02   5.2582238e+01   7.9725131e+00  -5.1000000e+01   3.6506842e+01
   3.8000000e+01   4.4000000e+01  -1.6189524e+02   5.1696495e+01   6.9975699e+00  -5.1000000e+01   3.3577883e+01
   3.8000000e+01   4.4000000e+01  -1.6115904e+02   5.2674051e+01   6.9690190e+00  -5.1000000e+01   3.2758616e+01
   3.8000000e+01   4.4000000e+01  -1.6091673e+02   5.3619509e+01   7.4487752e+00  -5.1000000e+01   3.1372032e+01
   3.8000000e+01   4.4000000e+01  -1.6157908e+02   5.4950345e+01   8.3020079e+00  -5.1000000e+01   3.0696088e+01
   3.8000000e+01   4.4000000e+01  -1.6269944e+02   5.6412395e+01   9.1321850e+00  -5.1000000e+01   2.8921989e+01
   3.8000000e+01   4.4000000e+01  -1.6585165e+02   5.8595695e+01   9.8764190e+00  -5.1000000e+01   2.7828304e+01
   3.8000000e+01   4.4000000e+01  -1.5916820e+02   5.7594041e+01   9.0195083e+00  -5.1000000e+01   2.3962594e+01
   3.8000000e+01   4.4000000e+01  -1.6173162e+02   5.8853504e+01   9.6920259e+00  -5.1000000e+01   2.2156917e+01
   3.8000000e+01   4.4000000e+01  -1.5920205e+02   5.9468660e+01   9.7002038e+00  -5.1000000e+01   1.9861447e+01
   3.8000000e+01   4.4000000e+01  -1.5693373e+02   5.9467526e+01   9.6602031e+00  -5.1000000e+01   1.7368682e+01
   3.8000000e+01   4.4000000e+01  -1.5753619e+02   6.0549917e+01   1.0431725e+01  -5.1000000e+01   1.5923359e+01
   3.8000000e+01   4.4000000e+01  -1.5459921e+02   5.9964730e+01   1.0683518e+01  -5.1000000e+01   1.3939952e+01
   3.8000000e+01   4.4000000e+01  -1.5573413e+02   6.0995188e+01   1.1664523e+01  -5.1000000e+01   1.3031592e+01
   3.8000000e+01   4.4000000e+01  -1.5670851e+02   6.2864157e+01   1.1920912e+01  -5.1000000e+01   1.1020746e+01
   3.8000000e+01   4.4000000e+01  -1.5741147e+02   6.4354440e+01   1.3557652e+01  -5.1000000e+01   9.1470930e+00
   3.8000000e+01   4.4000000e+01  -1.5940513e+02   6.6282025e+01   1.4724367e+01  -5.1000000e+01   7.9939025e+00
   3.8000000e+01   4.4000000e+01  -1.6031382e+02   6.8767371e+01   1.6145574e+01  -5.1000000e+01   6.4028362e+00
   3.8000000e+01   4.4000000e+01  -1.5832357e+02   7.0550501e+01   1.7423008e+01  -5.1000000e+01   3.9962429e+00
   3.8000000e+01   4.4000000e+01  -1.5744361e+02   7.1354808e+01   1.8004881e+01  -5.1000000e+01   1.4766205e+00
   3.8000000e+01   4.4000000e+01  -1.5469861e+02   7.1555836e+01   1.8293811e+01  -5.1000000e+01  -1.5729144e+00
   3.8000000e+01   4.4000000e+01  -1.5257809e+02   7.1559757e+01   1.8809273e+01  -5.1000000e+01  -4.2259677e+00
   3.8000000e+01   4.4000000e+01  -1.5033205e+02   7.2052057e+01   1.9120238e+01  -5.1000000e+01  -7.1074972e+00
   3.8000000e+01   4.4000000e+01  -1.4817875e+02   7.2453690e+01   1.9444936e+01  -5.1000000e+01  -1.0003235e+01
   3.8000000e+01   4.4000000e+01  -1.4763205e+02   7.3318478e+01   1.9601351e+01  -5.1000000e+01  -1.2308158e+01
   3.8000000e+01   4.4000000e+01  -1.4485296e+02   7.3440999e+01   2.0053248e+01  -5.1000000e+01  -1.5714563e+01
   3.8000000e+01   4.4000000e+01  -1.4446986e+02   7.4561268e+01   2.1244639e+01  -5.1000000e+01  -1.7734308e+01
   3.8000000e+01   4.4000000e+01  -1.4371228e+02   7.6066284e+01   2.2373809e+01  -5.1000000e+01  -1.9570177e+01
   3.8000000e+01   4.4000000e+01  -1.4243250e+02   7.6712242e+01   2.3160010e+01  -5.1000000e+01  -2.1414066e+01
   3.8000000e+01   4.4000000e+01  -1.4185779e+02   7.7780864e+01   2.3367613e+01  -5.1000000e+01  -2.2949158e+01
   3.8000000e+01   4.4000000e+01  -1.4166697e+02   7.8141439e+01   2.4511569e+01  -5.1000000e+01  -2.3723449e+01
   3.8000000e+01   4.4000000e+01  -1.4054126e+02   7.7826543e+01   2.5504042e+01  -5.1000000e+01  -2.4394751e+01
   3.8000000e+01   4.4000000e+01  -1.3872282e+02   7.7840181e+01   2.5830680e+01  -5.1000000e+01  -2.6114772e+01
   3.8000000e+01   4.4000000e+01  -1.3720890e+02   7.7560291e+01   2.6178450e+01  -5.1000000e+01  -2.7874298e+01
   3.8000000e+01   4.4000000e+01  -1.3643963e+02   7.7339440e+01   2.6406779e+01  -5.1000000e+01  -2.8773564e+01
   3.8000000e+01   4.4000000e+01  -1.3700418e+02   7.7887243e+01   2.6483086e+01  -5.1000000e+01  -2.9330207e+01
   3.8000000e+01   4.4000000e+01  -1.3658796e+02   7.8140891e+01   2.7451745e+01  -5.1000000e+01  -2.9749240e+01
   3.8000000e+01   4.4000000e+01  -1.3614746e+02   7.6768688e+01   2.8637511e+01  -5.1000000e+01  -2.8181239e+01
   3.8000000e+01   4.4000000e+01  -1.3939518e+02   7.3112698e+01   3.0141941e+01  -5.1000000e+01  -2.4299563e+01
   3.8000000e+01   4.4000000e+01  -1.4416268e+02   6.8815216e+01   3.0891853e+01  -5.1000000e+01  -1.9080160e+01
   3.8000000e+01   4.4000000e+01  -1.4653927e+02   6.3215524e+01   3.0862628e+01  -5.1000000e+01  -1.3150618e+01
   3.8000000e+01   4.4000000e+01  -1.4877158e+02   5.8037601e+01   2.7910082e+01  -5.1000000e+01  -6.4836097e+00
   3.8000000e+01   4.4000000e+01  -1.5061985e+02   5.2949001e+01   2.2231114e+01  -5.1000000e+01   7.7053767e-01
   3.8000000e+01   4.4000000e+01  -1.5086588e+02   4.7986309e+01   1.8168602e+01  -5.1000000e+01   8.0181002e+00
   3.8000000e+01   4.4000000e+01  -1.4690119e+02   4.2320995e+01   1.3142412e+01  -5.1000000e+01   1.2978251e+01
   3.8000000e+01   4.4000000e+01  -1.4539288e+02   3.6267678e+01   7.5441827e+00  -5.1000000e+01   1.7396720e+01
   3.8000000e+01   4.4000000e+01  -1.4006000e+02   2.9442724e+01   1.8620386e+00  -5.1000000e+01   2.1254031e+01
   3.8000000e+01   4.4000000e+01  -1.3585368e+02   2.3294478e+01  -4.3983491e+00  -5.1000000e+01   2.6715420e+01
   3.8000000e+01   4.4000000e+01  -1.4007270e+02   1.8115895e+01  -8.0748559e+00  -5.1000000e+01   3.3494880e+01
   3.8000000e+01   4.4000000e+01  -1.4449663e+02   1.5775163e+01  -1.0151312e+01  -5.1000000e+01   4.0799010e+01
   3.8000000e+01   4.4000000e+01  -1.4858468e+02   1.5575594e+01  -1.1352195e+01  -5.1000000e+01   4.6168319e+01
   3.8000000e+01   4.4000000e+01  -1.5100471e+02   1.7091614e+01  -1.2072793e+01  -5.1000000e+01   4.9589325e+01
   3.8000000e+01   4.4000000e+01  -1.5186414e+02   1.8455187e+01  -1.2557506e+01  -5.1000000e+01   5.1415811e+01
   3.8000000e+01   4.4000000e+01  -1.5048478e+02   2.0487940e+01  -1.3883269e+01  -5.1000000e+01   5.1619536e+01
   3.8000000e+01   4.4000000e+01  -1.4854818e+02   2.1385576e+01  -1.3429189e+01  -5.1000000e+01   5.7141182e+01
   3.8000000e+01   4.4000000e+01  -1.4853220e+02   2.2149069e+01  -1.2455976e+01  -5.1000000e+01   5.9622264e+01
   3.8000000e+01   4.4000000e+01  -1.4732857e+02   2.3256785e+01  -1.1342676e+01  -5.1000000e+01   5.9371385e+01
   3.8000000e+01   4.4000000e+01  -1.4417398e+02   2.5267651e+01  -9.6203476e+00  -5.1000000e+01   5.5771310e+01
   3.8000000e+01   4.4000000e+01  -1.5062008e+02   2.9039310e+01  -6.7076507e+00  -5.1000000e+01   5.1316195e+01
   3.8000000e+01   4.4000000e+01  -1.5226264e+02   3.5550051e+01  -2.8158565e+00  -5.1000000e+01   5.0004665e+01
   3.8000000e+01   4.4000000e+01  -1.4989224e+02   3.7642003e+01   3.1007349e-02  -5.1000000e+01   4.7053289e+01
   3.8000000e+01   4.4000000e+01  -1.5157241e+02   4.0881225e+01   2.6428629e+00  -5.1000000e+01   4.4889859e+01
   3.8000000e+01   4.4000000e+01  -1.5864535e+02   4.4289627e+01   7.1920085e+00  -5.1000000e+01   4.1984348e+01
   3.8000000e+01   4.4000000e+01  -1.6561962e+02   4.6968929e+01   1.1703843e+01  -5.1000000e+01   4.1447810e+01
   3.8000000e+01   4.4000000e+01  -1.5733813e+02   4.8789050e+01   1.2376614e+01  -5.1000000e+01   3.8674448e+01
   3.8000000e+01   4.4000000e+01  -1.5469592e+02   4.9127870e+01   1.2037658e+01  -5.1000000e+01   3.5663855e+01
   3.8000000e+01   4.4000000e+01  -1.6312250e+02   5.2356369e+01   1.4663841e+01  -5.1000000e+01   3.3976574e+01
   3.8000000e+01   4.4000000e+01  -1.5835435e+02   5.4412261e+01   1.4487197e+01  -5.1000000e+01   2.9827735e+01
   3.8000000e+01   4.4000000e+01  -1.5051061e+02   5.4506413e+01   1.3183707e+01  -5.1000000e+01   2.5381482e+01
   3.8000000e+01   4.4000000e+01  -1.4749562e+02   5.3048606e+01   1.2249243e+01  -5.1000000e+01   2.2055659e+01
   3.8000000e+01   4.4000000e+01  -1.4325678e+02   5.2237461e+01   1.1636623e+01  -5.1000000e+01   1.9571876e+01
   3.8000000e+01   4.4000000e+01  -1.4163440e+02   5.1611428e+01   1.0621977e+01  -5.1000000e+01   1.7375637e+01
   3.8000000e+01   4.4000000e+01  -1.4096952e+02   5.2095051e+01   1.0159496e+01  -5.1000000e+01   1.6044308e+01
   3.8000000e+01   4.4000000e+01  -1.4317133e+02   5.3803926e+01   1.2001671e+01  -5.1000000e+01   1.4680637e+01
   3.8000000e+01   4.4000000e+01  -1.4343934e+02   5.5452439e+01   1.3452031e+01  -5.1000000e+01   1.1927348e+01
   3.8000000e+01   4.4000000e+01  -1.4365305e+02   5.7294105e+01   1.4500214e+01  -5.1000000e+01   9.7158966e+00
   3.8000000e+01   4.4000000e+01  -1.4367035e+02   5.8935208e+01   1.6000410e+01  -5.1000000e+01   7.6963038e+00
   3.8000000e+01   4.4000000e+01  -1.4718861e+02   6.2383603e+01   1.7402481e+01  -5.1000000e+01   5.9094203e+00
   3.8000000e+01   4.4000000e+01  -1.4514638e+02   6.3809646e+01   1.8273707e+01  -5.1000000e+01   3.3002686e+00
   3.8000000e+01   4.4000000e+01  -1.4472619e+02   6.4983128e+01   1.9073351e+01  -5.1000000e+01   1.0179399e+00
   3.8000000e+01   4.4000000e+01  -1.4415234e+02   6.6710264e+01   2.0290389e+01  -5.1000000e+01  -1.4717697e+00
   3.8000000e+01   4.4000000e+01  -1.4200336e+02   6.7678381e+01   2.0761633e+01  -5.1000000e+01  -5.0469380e+00
   3.8000000e+01   4.4000000e+01  -1.4175684e+02   6.8816215e+01   2.1280357e+01  -5.1000000e+01  -7.4956214e+00
   3.8000000e+01   4.4000000e+01  -1.4020164e+02   6.9918950e+01   2.2110337e+01  -5.1000000e+01  -1.0482673e+01
   3.8000000e+01   4.4000000e+01  -1.4040071e+02   7.1303080e+01   2.2573544e+01  -5.1000000e+01  -1.3195178e+01
   3.8000000e+01   4.4000000e+01  -1.4051641e+02   7.3142918e+01   2.4135965e+01  -5.1000000e+01  -1.5414482e+01
   3.8000000e+01   4.4000000e+01  -1.3952464e+02   7.4948435e+01   2.5828880e+01  -5.1000000e+01  -1.7915017e+01
   3.8000000e+01   4.4000000e+01  -1.3742228e+02   7.5499761e+01   2.6984359e+01  -5.1000000e+01  -2.1330499e+01
   3.8000000e+01   4.4000000e+01  -1.3777760e+02   7.6970827e+01   2.8138347e+01  -5.1000000e+01  -2.3086593e+01
   3.8000000e+01   4.4000000e+01  -1.3727939e+02   7.7617180e+01   2.9572643e+01  -5.1000000e+01  -2.4885180e+01
   3.8000000e+01   4.4000000e+01  -1.3640321e+02   7.7512700e+01   3.0507685e+01  -5.1000000e+01  -2.6394057e+01
   3.8000000e+01   4.4000000e+01  -1.3553853e+02   7.6173980e+01   3.2039623e+01  -5.1000000e+01  -2.6453513e+01
   3.8000000e+01   4.4000000e+01  -1.3494463e+02   7.5347758e+01   3.2472468e+01  -5.1000000e+01  -2.5978441e+01
   3.8000000e+01   4.4000000e+01  -1.3649806e+02   7.4394055e+01   3.2282015e+01  -5.1000000e+01  -2.4542646e+01
   3.8000000e+01   4.4000000e+01  -1.4221636e+02   7.3300340e+01   3.1798228e+01  -5.1000000e+01  -2.1043923e+01
   3.8000000e+01   4.4000000e+01  -1.4758644e+02   6.9554195e+01   2.9883630e+01  -5.1000000e+01  -1.6552515e+01
   3.8000000e+01   4.4000000e+01  -1.4982613e+02   6.4566232e+01   2.7660683e+01  -5.1000000e+01  -1.0888828e+01
   3.8000000e+01   4.4000000e+01  -1.5164100e+02   5.9961148e+01   2.3429820e+01  -5.1000000e+01  -4.9649037e+00
   3.8000000e+01   4.4000000e+01  -1.5499056e+02   5.5255720e+01   1.8683671e+01  -5.1000000e+01   2.8966704e+00
   3.8000000e+01   4.4000000e+01  -1.5493368e+02   5.0177783e+01   1.5150547e+01  -5.1000000e+01   1.0921911e+01
   3.8000000e+01   4.4000000e+01  -1.5683859e+02   4.3711450e+01   1.4028977e+01  -5.1000000e+01   1.9884860e+01
   3.8000000e+01   4.4000000e+01  -1.5703197e+02   3.8028145e+01   1.0393742e+01  -5.1000000e+01   2.3966682e+01
   3.8000000e+01   4.4000000e+01  -1.5187616e+02   3.2478850e+01   5.4504923e+00  -5.1000000e+01   2.4767598e+01
   3.8000000e+01   4.4000000e+01  -1.4349383e+02   2.7660458e+01  -8.2595628e-01  -5.1000000e+01   2.5844164e+01
   3.8000000e+01   4.4000000e+01  -1.3474620e+02   2.2057062e+01  -7.7096846e+00  -5.1000000e+01   2.8226986e+01
   3.8000000e+01   4.4000000e+01  -1.2953567e+02   1.7336945e+01  -1.4010023e+01  -5.1000000e+01   3.2425948e+01
