   4.4382729e+01   6.1845521e+01  -1.4296417e+02   6.0864898e+01   2.3233747e+01  -3.1194073e+01  -6.2581902e+00
   3.0434668e+01   5.9751021e+01  -1.4238652e+02   5.7735839e+01   2.1411754e+01  -2.7986772e+01  -1.0936133e+01
   1.6486606e+01   5.7656520e+01  -1.4180887e+02   5.4606781e+01   1.9589762e+01  -2.4779470e+01  -1.5614077e+01
   1.2000000e+01   4.5368605e+01  -1.4300000e+02   4.7720716e+01   3.1686237e+01  -2.8515142e+01  -8.5223591e+00
   1.2000000e+01   3.4035018e+01  -1.4300000e+02   4.3568070e+01   4.2333432e+01  -2.8509154e+01  -8.5395515e+00
   1.2000000e+01   2.5296857e+01  -1.4300000e+02   4.1211521e+01   4.9239231e+01  -2.5734262e+01  -1.3023460e+01
   1.2000000e+01   2.0076761e+01  -1.4300000e+02   3.9577348e+01   5.3194844e+01  -2.1772586e+01  -1.8032381e+01
   1.2000000e+01   1.7534123e+01  -1.4300000e+02   3.7944924e+01   5.6217527e+01  -1.7249318e+01  -2.1824916e+01
   1.2000000e+01   1.5966536e+01  -1.4300000e+02   3.5708939e+01   5.8671823e+01  -1.3127588e+01  -2.5350195e+01
   1.2000000e+01   1.2633481e+01  -1.4300000e+02   3.3189260e+01   6.0642554e+01  -9.8175849e+00  -2.7918173e+01
   1.2000000e+01   1.1208072e+01  -1.4300000e+02   3.0867151e+01   6.2113908e+01  -6.4165969e+00  -3.0442037e+01
   1.2000000e+01   9.2533061e+00  -1.4300000e+02   2.8502085e+01   6.3973927e+01  -3.1811986e+00  -3.2140653e+01
   1.2000000e+01   9.0504394e+00  -1.4300000e+02   2.6518925e+01   6.5379138e+01  -1.7282813e-01  -3.3480592e+01
   1.2000000e+01   8.6654342e+00  -1.4300000e+02   2.4842913e+01   6.6696912e+01   3.0738672e+00  -3.4740784e+01
   1.2000000e+01   8.3637658e+00  -1.4300000e+02   2.3738443e+01   6.8490676e+01   5.8942113e+00  -3.5554190e+01
   1.2000000e+01   8.2587163e+00  -1.4300000e+02   2.2333335e+01   7.0324473e+01   8.1841771e+00  -3.7051782e+01
   1.2000000e+01   7.4427076e+00  -1.4300000e+02   2.0869268e+01   7.2343542e+01   1.0187387e+01  -3.7808117e+01
   1.2000000e+01   7.5890706e+00  -1.4300000e+02   1.9873242e+01   7.3766928e+01   1.2168870e+01  -3.8057119e+01
   1.2000000e+01   6.9286471e+00  -1.4300000e+02   1.8940531e+01   7.5263821e+01   1.4014324e+01  -3.7823941e+01
   1.2000000e+01   7.7461544e+00  -1.4300000e+02   1.8271660e+01   7.6468503e+01   1.5844428e+01  -3.7629707e+01
   1.2000000e+01   8.8458277e+00  -1.4300000e+02   1.7806792e+01   7.7490028e+01   1.7771548e+01  -3.6278342e+01
   1.2000000e+01   1.0183498e+01  -1.4300000e+02   1.7052208e+01   7.8501790e+01   1.9406950e+01  -3.5562018e+01
   1.2000000e+01   1.0336683e+01  -1.4300000e+02   1.6231344e+01   7.9138230e+01   2.0864506e+01  -3.5395021e+01
   1.2000000e+01   9.3694225e+00  -1.4300000e+02   1.5335711e+01   7.9913241e+01   2.1901702e+01  -3.5044693e+01
   1.2000000e+01   9.0907941e+00  -1.4300000e+02   1.4771684e+01   8.0316477e+01   2.3156609e+01  -3.5382556e+01
   1.2000000e+01   1.1081892e+01  -1.4300000e+02   1.4096919e+01   8.0334685e+01   2.4345596e+01  -3.5305565e+01
   1.2000000e+01   9.0529417e+00  -1.4300000e+02   1.2811057e+01   8.0869281e+01   2.4442945e+01  -3.5156408e+01
   1.2000000e+01   1.0671624e+01  -1.4300000e+02   1.0150067e+01   7.8932920e+01   2.2902300e+01  -3.3498400e+01
   1.2000000e+01   1.4399853e+01  -1.4300000e+02   7.7048980e+00   7.6105996e+01   2.1582232e+01  -2.9993700e+01
   1.2000000e+01   1.9554174e+01  -1.4300000e+02   4.7569688e+00   7.2002073e+01   1.9497252e+01  -2.6520059e+01
   1.2000000e+01   2.2525870e+01  -1.4300000e+02   6.7998496e-01   6.6579326e+01   1.5273895e+01  -2.3110536e+01
   1.2000000e+01   2.6999544e+01  -1.4300000e+02  -2.7611792e+00   5.9157887e+01   1.1690264e+01  -1.7888359e+01
   1.2000000e+01   3.0174334e+01  -1.4300000e+02  -5.5128034e+00   5.0143964e+01   8.1917880e+00  -1.0003161e+01
   1.2000000e+01   3.1537315e+01  -1.4300000e+02  -8.5256414e+00   4.0657017e+01   3.2783292e+00  -2.4430853e+00
   1.2000000e+01   2.8679242e+01  -1.4300000e+02  -1.2905767e+01   3.1088877e+01  -3.3001247e+00   6.7458543e+00
   1.2000000e+01   2.4632609e+01  -1.4300000e+02  -1.7673383e+01   2.1184910e+01  -1.0858837e+01   1.4382368e+01
   1.2000000e+01   1.7615056e+01  -1.4300000e+02  -2.1765332e+01   1.3878983e+01  -1.7840358e+01   2.2889080e+01
   1.2000000e+01   9.7629310e+00  -1.4300000e+02  -2.3246445e+01   9.8205876e+00  -2.3764844e+01   2.7256997e+01
   1.2000000e+01   9.7877579e+00  -1.4300000e+02  -2.2865192e+01   3.6178042e+00  -2.8253071e+01   3.5045681e+01
   1.2000000e+01   1.4940716e+01  -1.4300000e+02  -2.0926062e+01   1.3942757e+00  -3.1572001e+01   4.2538691e+01
   1.2000000e+01   1.7720889e+01  -1.4300000e+02  -1.7296432e+01  -4.0357593e+00  -3.3173403e+01   4.5613923e+01
   1.2000000e+01   2.0311856e+01  -1.4300000e+02  -1.4270064e+01  -3.9332769e+00  -3.5198306e+01   5.1506656e+01
   1.2000000e+01   1.4507956e+01  -1.4300000e+02  -1.4825900e+01  -5.9623379e+00  -3.9168451e+01   5.2576278e+01
   1.2000000e+01   1.9167223e+01  -1.4300000e+02  -1.0278057e+01  -5.1611622e+00  -3.9027281e+01   5.1872086e+01
   1.2000000e+01   1.8501299e+01  -1.4300000e+02  -7.2973234e+00  -4.3931823e+00  -3.9408785e+01   5.2465930e+01
   1.2000000e+01   2.0828156e+01  -1.4300000e+02  -4.6172329e+00  -2.5201672e+00  -3.9410368e+01   5.2634124e+01
   1.2000000e+01   1.9505596e+01  -1.4300000e+02  -4.2216447e+00  -8.2808069e-01  -4.0419267e+01   5.1395186e+01
   1.2000000e+01   2.0271693e+01  -1.4300000e+02  -3.3657657e+00   1.5195493e+00  -4.0607333e+01   5.0846672e+01
   1.2000000e+01   1.9935574e+01  -1.4300000e+02  -2.8228414e+00   3.5153299e+00  -4.0567136e+01   5.0804533e+01
   1.2000000e+01   2.0536344e+01  -1.4300000e+02  -2.3064998e+00   3.9698205e+00  -4.0336691e+01   4.9376381e+01
   1.2000000e+01   2.1828308e+01  -1.4300000e+02  -2.0067524e-01   5.3455417e+00  -3.8955188e+01   4.8324679e+01
   1.2000000e+01   2.5837605e+01  -1.4300000e+02   2.3192391e+00   6.5538941e+00  -3.7155597e+01   4.6681345e+01
   1.2000000e+01   2.6514438e+01  -1.4300000e+02   3.1874188e+00   9.4555962e+00  -3.8769670e+01   4.3449453e+01
   1.2000000e+01   2.7914871e+01  -1.4300000e+02   4.5098710e+00   1.2017378e+01  -3.8951598e+01   4.4778416e+01
   1.2000000e+01   3.2335693e+01  -1.4300000e+02   7.7363526e+00   1.2277279e+01  -3.7082082e+01   4.4876107e+01
   1.2000000e+01   3.4944418e+01  -1.4300000e+02   1.0174269e+01   1.3135253e+01  -3.5909432e+01   4.3489314e+01
   1.2000000e+01   3.9957714e+01  -1.4300000e+02   1.2532930e+01   1.5745417e+01  -3.4424160e+01   4.1994243e+01
   1.2000000e+01   4.5568174e+01  -1.4300000e+02   1.4138963e+01   1.8403521e+01  -3.2889589e+01   4.1370833e+01
   1.2000000e+01   3.9483792e+01  -1.4300000e+02   1.3555625e+01   1.8299748e+01  -3.3638753e+01   4.0847311e+01
   1.2000000e+01   2.7584583e+01  -1.4300000e+02   1.2338747e+01   1.4717527e+01  -3.7845666e+01   4.0683446e+01
   1.2000000e+01   1.9198864e+01  -1.4300000e+02   1.0440809e+01   1.0105553e+01  -4.2625837e+01   3.9459035e+01
   1.2000000e+01   1.8358462e+01  -1.4300000e+02   1.0755838e+01   9.1154882e+00  -4.4086662e+01   3.8733576e+01
   1.2000000e+01   1.5242580e+01  -1.4300000e+02   1.0975705e+01   9.2364992e+00  -4.5540324e+01   3.8565322e+01
   1.2000000e+01   1.8765917e+01  -1.4300000e+02   1.2601156e+01   9.9550851e+00  -4.4480318e+01   3.7626914e+01
   1.2000000e+01   2.0665994e+01  -1.4300000e+02   1.2391913e+01   1.1203132e+01  -4.3178016e+01   3.7776310e+01
   1.2000000e+01   2.5692294e+01  -1.4300000e+02   1.3239487e+01   1.3338352e+01  -4.0637189e+01   3.6706530e+01
   1.2000000e+01   2.8056486e+01  -1.4300000e+02   1.4091082e+01   1.4493505e+01  -3.8331992e+01   3.5098818e+01
   1.2000000e+01   3.1404237e+01  -1.4300000e+02   1.4627545e+01   1.6549849e+01  -3.6049746e+01   3.3841502e+01
   1.2000000e+01   3.1767079e+01  -1.4300000e+02   1.4277926e+01   1.7931110e+01  -3.4352205e+01   3.1992261e+01
   1.2000000e+01   2.8706820e+01  -1.4300000e+02   1.3389012e+01   1.8129658e+01  -3.3433660e+01   3.0504963e+01
   1.2000000e+01   2.6900405e+01  -1.4300000e+02   1.2897699e+01   1.7897891e+01  -3.2463719e+01   2.8819347e+01
   1.2000000e+01   2.9784651e+01  -1.4300000e+02   1.3876145e+01   1.8534282e+01  -3.0993135e+01   2.7474042e+01
   1.2000000e+01   3.2890488e+01  -1.4300000e+02   1.4844084e+01   1.9956213e+01  -2.9388837e+01   2.6549551e+01
   1.2000000e+01   3.2626078e+01  -1.4300000e+02   1.5380958e+01   2.1016974e+01  -2.8557996e+01   2.5084949e+01
   1.2000000e+01   3.2912095e+01  -1.4300000e+02   1.5721412e+01   2.1626802e+01  -2.7920884e+01   2.2750308e+01
   1.2000000e+01   3.2380885e+01  -1.4300000e+02   1.6621330e+01   2.2628434e+01  -2.7093352e+01   2.0697497e+01
   1.2000000e+01   3.3888882e+01  -1.4300000e+02   1.7461951e+01   2.3851400e+01  -2.6160589e+01   1.8680516e+01
   1.2000000e+01   3.4642104e+01  -1.4300000e+02   1.8282338e+01   2.5956998e+01  -2.5120818e+01   1.7027960e+01
   1.2000000e+01   3.4141090e+01  -1.4300000e+02   1.8838187e+01   2.6759325e+01  -2.4185812e+01   1.5379659e+01
   1.2000000e+01   3.3146906e+01  -1.4300000e+02   1.9065701e+01   2.7760900e+01  -2.3454786e+01   1.3383297e+01
   1.2000000e+01   2.8659527e+01  -1.4300000e+02   1.8439250e+01   2.7341134e+01  -2.3843676e+01   1.1316074e+01
   1.2000000e+01   2.8252160e+01  -1.4300000e+02   1.8799379e+01   2.7489897e+01  -2.3453589e+01   8.9826263e+00
   1.2000000e+01   2.9052304e+01  -1.4300000e+02   1.9619124e+01   2.8758767e+01  -2.2141069e+01   6.3918315e+00
   1.2000000e+01   3.0119735e+01  -1.4300000e+02   2.0229565e+01   3.0214425e+01  -2.0094725e+01   2.8822175e+00
   1.2000000e+01   2.8600305e+01  -1.4300000e+02   2.0226153e+01   3.1563793e+01  -1.8621567e+01   5.0830735e-02
   1.2000000e+01   2.8870104e+01  -1.4300000e+02   2.0280007e+01   3.3511653e+01  -1.6527354e+01  -1.9622766e+00
   1.2000000e+01   2.9376874e+01  -1.4300000e+02   2.0197904e+01   3.5285786e+01  -1.4474938e+01  -4.5095077e+00
   1.2000000e+01   2.6827733e+01  -1.4300000e+02   1.9746480e+01   3.6679219e+01  -1.2753926e+01  -7.8040016e+00
   1.2000000e+01   2.3883678e+01  -1.4300000e+02   1.8962543e+01   3.7452212e+01  -1.1282560e+01  -1.0240645e+01
   1.2000000e+01   2.4864499e+01  -1.4300000e+02   1.8919363e+01   3.9247273e+01  -8.6823994e+00  -1.3078088e+01
   1.2000000e+01   2.4036362e+01  -1.4300000e+02   1.8693223e+01   4.1672688e+01  -6.2050807e+00  -1.5545256e+01
   1.2000000e+01   2.2434394e+01  -1.4300000e+02   1.8156916e+01   4.2709502e+01  -4.2736165e+00  -1.7986028e+01
   1.2000000e+01   2.3893400e+01  -1.4300000e+02   1.8141305e+01   4.4404605e+01  -1.7490976e+00  -1.9555010e+01
   1.2000000e+01   2.2424365e+01  -1.4300000e+02   1.8146212e+01   4.6634959e+01   3.4201936e-02  -2.1732230e+01
   1.2000000e+01   2.1893808e+01  -1.4300000e+02   1.7992849e+01   4.8520315e+01   1.6394164e+00  -2.3471185e+01
   1.2000000e+01   2.1145789e+01  -1.4300000e+02   1.7422600e+01   4.9987698e+01   2.9985584e+00  -2.4318792e+01
   1.2000000e+01   2.0403894e+01  -1.4300000e+02   1.7127892e+01   5.1372500e+01   4.5522207e+00  -2.6264372e+01
   1.2000000e+01   1.8653563e+01  -1.4300000e+02   1.6807288e+01   5.2464186e+01   5.5053367e+00  -2.8163082e+01
   1.2000000e+01   1.6049866e+01  -1.4300000e+02   1.6842794e+01   5.3183563e+01   5.9921746e+00  -3.0480936e+01
   1.2000000e+01   1.5063850e+01  -1.4300000e+02   1.6661905e+01   5.3932250e+01   6.3777083e+00  -3.1623952e+01
   1.2000000e+01   1.5456179e+01  -1.4300000e+02   1.6759354e+01   5.4633741e+01   7.0569497e+00  -3.2672722e+01
   1.2000000e+01   1.1334700e+01  -1.4300000e+02   1.6919041e+01   5.5502385e+01   6.2252142e+00  -3.4188533e+01
   1.2000000e+01   8.9886003e+00  -1.4300000e+02   1.6975095e+01   5.5574796e+01   5.3325457e+00  -3.6378411e+01
   1.2000000e+01   8.4733696e+00  -1.4300000e+02   1.7331699e+01   5.5743016e+01   5.1037744e+00  -3.8317340e+01
   1.2000000e+01   7.0047784e+00  -1.4300000e+02   1.7450657e+01   5.6589293e+01   4.8372432e+00  -3.9287310e+01
   1.2000000e+01   5.3075049e+00  -1.4300000e+02   1.7553910e+01   5.7517682e+01   4.6276699e+00  -3.9944823e+01
   1.2000000e+01   4.5668561e+00  -1.4300000e+02   1.7339970e+01   5.8005722e+01   4.2122971e+00  -4.1385200e+01
   1.2000000e+01   3.5892783e+00  -1.4300000e+02   1.7239465e+01   5.8259005e+01   3.9028779e+00  -4.2267155e+01
   1.2000000e+01   4.0653293e+00  -1.4300000e+02   1.6572665e+01   5.8424724e+01   3.6780363e+00  -4.1149251e+01
   1.2000000e+01   7.7611322e+00  -1.4300000e+02   1.4782297e+01   5.7141169e+01   3.6565071e+00  -3.7705511e+01
   1.2000000e+01   1.1269694e+01  -1.4300000e+02   1.1775086e+01   5.3698287e+01   1.8450754e+00  -3.1743173e+01
   1.2000000e+01   1.7106458e+01  -1.4300000e+02   8.5372691e+00   4.7990230e+01  -5.3529816e-02  -2.3668023e+01
   1.2000000e+01   2.1739351e+01  -1.4300000e+02   5.6677681e+00   4.2692042e+01  -2.6087046e+00  -1.4658007e+01
   1.2000000e+01   2.4388578e+01  -1.4300000e+02   3.3767726e+00   3.6139922e+01  -6.6319445e+00  -6.8149204e+00
   1.2000000e+01   2.6058084e+01  -1.4300000e+02   1.3528149e+00   2.9013354e+01  -1.0976182e+01   1.1604327e+00
   1.2000000e+01   2.9306000e+01  -1.4300000e+02   3.4544230e-01   2.2585053e+01  -1.5257116e+01   8.5506126e+00
   1.2000000e+01   2.4215468e+01  -1.4300000e+02  -2.5808652e+00   1.6980355e+01  -2.1783395e+01   1.8165144e+01
   1.2000000e+01   1.8882546e+01  -1.4300000e+02  -5.9827695e+00   1.1386205e+01  -2.8656653e+01   2.6431908e+01
   1.2000000e+01   1.4994375e+01  -1.4300000e+02  -7.9833878e+00   6.3213544e+00  -3.4676727e+01   3.2432949e+01
   1.2000000e+01   1.1507226e+01  -1.4300000e+02  -9.5065473e+00   2.4322629e+00  -3.9633750e+01   3.7210091e+01
   1.2000000e+01   1.3249674e+01  -1.4300000e+02  -9.1981008e+00  -9.6128016e-01  -4.0479296e+01   3.9535512e+01
   1.2000000e+01   1.3582103e+01  -1.4300000e+02  -7.9597121e+00  -2.8088456e+00  -4.0174678e+01   4.4560732e+01
   1.2000000e+01   1.5518507e+01  -1.4300000e+02  -6.1646026e+00  -2.0892449e+00  -3.9858005e+01   4.6005988e+01
   1.2000000e+01   1.7784508e+01  -1.4300000e+02  -3.3475150e+00  -7.1332935e-01  -3.9321938e+01   4.6594784e+01
   1.2000000e+01   1.9434989e+01  -1.4300000e+02  -2.2331850e+00   1.5039481e+00  -3.8853317e+01   4.6117281e+01
   1.2000000e+01   2.2305514e+01  -1.4300000e+02  -8.7219711e-02   2.5684689e+00  -3.7705298e+01   4.5099126e+01
   1.2000000e+01   1.9162116e+01  -1.4300000e+02   9.3729866e-01   2.7513120e+00  -3.9402257e+01   4.3097101e+01
   1.2000000e+01   2.1393070e+01  -1.4300000e+02   3.0816996e+00   3.2210350e+00  -3.9881309e+01   4.2180910e+01
   1.2000000e+01   2.1499052e+01  -1.4300000e+02   5.2268279e+00   4.0615222e+00  -4.0553861e+01   4.0516484e+01
   1.2000000e+01   1.9786243e+01  -1.4300000e+02   6.0425862e+00   4.5583055e+00  -4.1486287e+01   3.9735507e+01
   1.2000000e+01   2.2291672e+01  -1.4300000e+02   6.7863207e+00   6.0433035e+00  -4.0617164e+01   3.9271716e+01
   1.2000000e+01   2.3573779e+01  -1.4300000e+02   8.0807397e+00   6.2917974e+00  -4.0303664e+01   3.8731621e+01
   1.2000000e+01   2.0284696e+01  -1.4300000e+02   8.6644893e+00   5.7295952e+00  -4.1476455e+01   3.7689979e+01
   1.2000000e+01   1.8463341e+01  -1.4300000e+02   9.3917018e+00   5.4185282e+00  -4.2654151e+01   3.6926047e+01
   1.2000000e+01   1.5529565e+01  -1.4300000e+02   1.0090043e+01   5.3782652e+00  -4.4234422e+01   3.6163678e+01
   1.2000000e+01   1.8568960e+01  -1.4300000e+02   1.1351450e+01   7.3381769e+00  -4.4363153e+01   3.5392341e+01
   1.2000000e+01   2.0840467e+01  -1.4300000e+02   1.3110644e+01   9.2595650e+00  -4.4058775e+01   3.3823379e+01
   1.2000000e+01   1.7980443e+01  -1.4300000e+02   1.3768932e+01   1.0460962e+01  -4.4821259e+01   3.4082057e+01
   1.2000000e+01   2.4127193e+01  -1.4300000e+02   1.5127332e+01   1.1626272e+01  -4.2272702e+01   3.2717322e+01
   1.2000000e+01   2.8990791e+01  -1.4300000e+02   1.6416429e+01   1.3719997e+01  -3.9804263e+01   3.0779681e+01
   1.2000000e+01   3.2670568e+01  -1.4300000e+02   1.7254077e+01   1.5849123e+01  -3.7461407e+01   2.8669487e+01
   1.2000000e+01   3.6627315e+01  -1.4300000e+02   1.7671174e+01   1.8815298e+01  -3.4979999e+01   2.8595115e+01
   1.2000000e+01   3.6279360e+01  -1.4300000e+02   1.7233081e+01   2.0286067e+01  -3.3213404e+01   2.7787404e+01
   1.2000000e+01   3.7328757e+01  -1.4300000e+02   1.7062263e+01   2.1847128e+01  -3.1326465e+01   2.6564964e+01
   1.2000000e+01   3.5259234e+01  -1.4300000e+02   1.6753539e+01   2.1931998e+01  -3.0562884e+01   2.5118158e+01
   1.2000000e+01   3.6889450e+01  -1.4300000e+02   1.7006116e+01   2.2517505e+01  -2.8827123e+01   2.4148201e+01
   1.2000000e+01   3.5134412e+01  -1.4300000e+02   1.6542829e+01   2.2858730e+01  -2.7931764e+01   2.2246350e+01
   1.2000000e+01   3.8440805e+01  -1.4300000e+02   1.6875273e+01   2.4027587e+01  -2.5862797e+01   2.0718038e+01
   1.2000000e+01   3.7157141e+01  -1.4300000e+02   1.6883248e+01   2.5174824e+01  -2.4247291e+01   1.9232261e+01
   1.2000000e+01   3.6105200e+01  -1.4300000e+02   1.6554743e+01   2.6011227e+01  -2.3081249e+01   1.6583027e+01
   1.2000000e+01   3.6025746e+01  -1.4300000e+02   1.6187699e+01   2.7273122e+01  -2.1584679e+01   1.4897155e+01
   1.2000000e+01   3.5783083e+01  -1.4300000e+02   1.6472375e+01   2.7079503e+01  -2.0082656e+01   1.2418920e+01
   1.2000000e+01   3.4334844e+01  -1.4300000e+02   1.6133883e+01   2.6920675e+01  -1.9476355e+01   1.0881708e+01
   1.2000000e+01   3.2107253e+01  -1.4300000e+02   1.5726469e+01   2.6475517e+01  -1.9123137e+01   9.1375968e+00
   1.2000000e+01   3.2141040e+01  -1.4300000e+02   1.5737056e+01   2.6015330e+01  -1.8481834e+01   8.1074627e+00
   1.2000000e+01   2.9987937e+01  -1.4300000e+02   1.5930244e+01   2.5925643e+01  -1.8115315e+01   5.5930771e+00
   1.2000000e+01   2.7080508e+01  -1.4300000e+02   1.5756881e+01   2.5875423e+01  -1.8221246e+01   3.8675377e+00
   1.2000000e+01   2.3927698e+01  -1.4300000e+02   1.5483201e+01   2.5773600e+01  -1.8663858e+01   2.9456068e+00
   1.2000000e+01   2.2775996e+01  -1.4300000e+02   1.5635369e+01   2.6096145e+01  -1.8581123e+01   1.0166569e+00
   1.2000000e+01   2.3634403e+01  -1.4300000e+02   1.6313797e+01   2.7117634e+01  -1.7515495e+01  -1.0362456e+00
   1.2000000e+01   2.2411679e+01  -1.4300000e+02   1.6564203e+01   2.7635744e+01  -1.7003284e+01  -2.8287503e+00
   1.2000000e+01   2.1123718e+01  -1.4300000e+02   1.6724741e+01   2.7764450e+01  -1.6635476e+01  -4.8671981e+00
   1.2000000e+01   1.9406252e+01  -1.4300000e+02   1.6942168e+01   2.8396097e+01  -1.6443146e+01  -5.9653139e+00
   1.2000000e+01   2.2227612e+01  -1.4300000e+02   1.7910001e+01   3.0023258e+01  -1.4523590e+01  -8.5092223e+00
   1.2000000e+01   2.0949964e+01  -1.4300000e+02   1.8501137e+01   3.1714425e+01  -1.3414239e+01  -1.0734680e+01
   1.2000000e+01   2.1482903e+01  -1.4300000e+02   1.8820989e+01   3.2774725e+01  -1.2151013e+01  -1.3411525e+01
   1.2000000e+01   1.8856338e+01  -1.4300000e+02   1.9035335e+01   3.3388078e+01  -1.2005590e+01  -1.4893372e+01
   1.2000000e+01   1.8793023e+01  -1.4300000e+02   1.9452251e+01   3.4450157e+01  -1.1301336e+01  -1.6739009e+01
   1.2000000e+01   1.8004670e+01  -1.4300000e+02   2.0210675e+01   3.5672296e+01  -1.0346704e+01  -1.7999868e+01
   1.2000000e+01   1.7842117e+01  -1.4300000e+02   2.0767744e+01   3.7076610e+01  -9.2884438e+00  -2.0282442e+01
   1.2000000e+01   1.3136080e+01  -1.4300000e+02   2.1350319e+01   3.7458209e+01  -1.0234188e+01  -2.2614192e+01
   1.2000000e+01   1.0704623e+01  -1.4300000e+02   2.2195100e+01   3.8491845e+01  -1.0434959e+01  -2.5631151e+01
   1.2000000e+01   9.2578492e+00  -1.4300000e+02   2.2824468e+01   3.9506538e+01  -1.0308523e+01  -2.8643723e+01
   1.2000000e+01   7.6208615e+00  -1.4300000e+02   2.3658836e+01   4.1811844e+01  -9.4216942e+00  -3.1587316e+01
   1.2000000e+01   8.3028199e+00  -1.4300000e+02   2.4359121e+01   4.3272449e+01  -8.2385290e+00  -3.4734026e+01
   1.2000000e+01   8.7262258e+00  -1.4300000e+02   2.4914231e+01   4.5999942e+01  -6.6629048e+00  -3.6826121e+01
   1.2000000e+01   8.2167551e+00  -1.4300000e+02   2.5632292e+01   4.9037140e+01  -4.9328815e+00  -3.8333347e+01
   1.2000000e+01   7.7011386e+00  -1.4300000e+02   2.5756221e+01   5.1172354e+01  -3.6151192e+00  -4.0102060e+01
   1.2000000e+01   8.2561580e+00  -1.4300000e+02   2.5857939e+01   5.3380695e+01  -2.0850550e+00  -4.1104984e+01
   1.2000000e+01   7.4749583e+00  -1.4300000e+02   2.5607346e+01   5.5334554e+01  -1.0813135e+00  -4.1830823e+01
   1.2000000e+01   9.0476011e+00  -1.4300000e+02   2.4785787e+01   5.7166613e+01   5.9728664e-01  -3.8599477e+01
   1.2000000e+01   9.6377508e+00  -1.4300000e+02   2.3185035e+01   5.7537519e+01   8.4145410e-01  -3.5941263e+01
   1.2000000e+01   1.4507759e+01  -1.4300000e+02   2.0507331e+01   5.4231405e+01  -5.0653207e-01  -3.3551396e+01
   1.2000000e+01   1.8653732e+01  -1.4300000e+02   1.7019532e+01   4.9549381e+01  -3.0046574e+00  -2.8446077e+01
   1.2000000e+01   2.0449125e+01  -1.4300000e+02   1.2821158e+01   4.5106021e+01  -7.2040337e+00  -2.3340063e+01
   1.2000000e+01   1.7045928e+01  -1.4300000e+02   7.9915666e+00   3.9269074e+01  -1.2725908e+01  -1.5956773e+01
   1.2000000e+01   2.2679532e+01  -1.4300000e+02   4.1112039e+00   3.2073374e+01  -1.5736151e+01  -6.9954494e+00
   1.2000000e+01   2.3240614e+01  -1.4300000e+02   1.1969715e+00   2.6974197e+01  -1.9313438e+01   2.6304008e+00
   1.2000000e+01   2.0281994e+01  -1.4300000e+02  -3.0691642e+00   2.0855917e+01  -2.4853458e+01   1.3536279e+01
   1.2000000e+01   1.8354904e+01  -1.4300000e+02  -8.0277749e+00   1.3422972e+01  -3.0991442e+01   2.4433125e+01
   1.2000000e+01   1.9823293e+01  -1.4300000e+02  -9.4668702e+00   7.6333217e+00  -3.4239706e+01   3.4631114e+01
   1.2000000e+01   1.8270716e+01  -1.4300000e+02  -1.0168982e+01   5.0285421e+00  -3.7265164e+01   4.1689287e+01
   1.2000000e+01   1.4534519e+01  -1.4300000e+02  -1.0852319e+01   1.8160302e+00  -4.0223649e+01   4.6223895e+01
   1.2000000e+01   1.1277870e+01  -1.4300000e+02  -1.0630935e+01  -3.0002806e+00  -4.2216562e+01   4.7449255e+01
   1.2000000e+01   1.3255513e+01  -1.4300000e+02  -7.9353609e+00  -7.2469804e+00  -4.1952500e+01   5.0707479e+01
   1.2000000e+01   9.9925359e+00  -1.4300000e+02  -7.8641623e+00  -7.3817720e+00  -4.3754395e+01   5.7493953e+01
   1.2000000e+01   1.0552199e+01  -1.4300000e+02  -7.8546827e+00  -6.3916193e+00  -4.3791864e+01   5.7979752e+01
   1.2000000e+01   1.2368847e+01  -1.4300000e+02  -6.3253784e+00  -6.2015094e+00  -4.3170887e+01   5.5338464e+01
   1.2000000e+01   1.4227612e+01  -1.4300000e+02  -5.1652536e+00  -5.1483196e+00  -4.2601358e+01   5.2051828e+01
   1.2000000e+01   1.7315943e+01  -1.4300000e+02  -3.1885261e+00  -3.9543079e+00  -4.1228788e+01   4.9858519e+01
   1.2000000e+01   1.9448640e+01  -1.4300000e+02  -9.9946027e-01  -1.0362115e+00  -3.9954315e+01   4.7764551e+01
   1.2000000e+01   1.9244697e+01  -1.4300000e+02   1.1393002e+00   1.4215223e+00  -4.0220534e+01   4.3550789e+01
   1.2000000e+01   2.6009600e+01  -1.4300000e+02   4.3752215e+00   3.2747616e+00  -3.9387859e+01   4.1387392e+01
   1.2000000e+01   2.4520615e+01  -1.4300000e+02   5.8196598e+00   7.4763439e+00  -4.0556763e+01   4.2390619e+01
   1.2000000e+01   2.8242302e+01  -1.4300000e+02   8.9102476e+00   1.0378452e+01  -4.0185701e+01   4.2007133e+01
   1.2000000e+01   3.0006482e+01  -1.4300000e+02   9.9259088e+00   1.1348588e+01  -4.2272662e+01   3.7363448e+01
   1.2000000e+01   3.7837834e+01  -1.4300000e+02   1.4985234e+01   1.4070919e+01  -3.7517917e+01   3.7886712e+01
   1.2000000e+01   4.4237456e+01  -1.4300000e+02   1.7817222e+01   1.9037801e+01  -3.4914055e+01   3.6937278e+01
   1.2000000e+01   4.8872415e+01  -1.4300000e+02   1.8638102e+01   2.3090220e+01  -3.2370686e+01   3.6098433e+01
   1.2000000e+01   4.7505521e+01  -1.4300000e+02   1.9339839e+01   2.4873191e+01  -3.1040223e+01   3.3235004e+01
   1.2000000e+01   4.1740090e+01  -1.4300000e+02   1.8178138e+01   2.4787083e+01  -3.1929040e+01   3.1699547e+01
   1.2000000e+01   3.6916857e+01  -1.4300000e+02   1.7096930e+01   2.3273993e+01  -3.2699641e+01   2.9839376e+01
   1.2000000e+01   3.4631408e+01  -1.4300000e+02   1.7033825e+01   2.2663628e+01  -3.2799059e+01   2.9130981e+01
   1.2000000e+01   3.4181112e+01  -1.4300000e+02   1.7257777e+01   2.2921413e+01  -3.2497956e+01   2.7712853e+01
   1.2000000e+01   3.4752751e+01  -1.4300000e+02   1.7355664e+01   2.4103099e+01  -3.1854088e+01   2.7114190e+01
   1.2000000e+01   3.5684686e+01  -1.4300000e+02   1.7804630e+01   2.5112128e+01  -3.0474678e+01   2.5022513e+01
   1.2000000e+01   3.8736503e+01  -1.4300000e+02   1.8568741e+01   2.6621143e+01  -2.8346262e+01   2.3153867e+01
   1.2000000e+01   3.3821134e+01  -1.4300000e+02   1.7844087e+01   2.6172433e+01  -2.8503687e+01   2.0445220e+01
   1.2000000e+01   3.5230398e+01  -1.4300000e+02   1.8114002e+01   2.6723470e+01  -2.6976842e+01   1.7681704e+01
   1.2000000e+01   3.3176734e+01  -1.4300000e+02   1.7893078e+01   2.7097827e+01  -2.6164308e+01   1.5610876e+01
   1.2000000e+01   3.1065895e+01  -1.4300000e+02   1.7342854e+01   2.7097751e+01  -2.5686754e+01   1.3355903e+01
   1.2000000e+01   3.0636117e+01  -1.4300000e+02   1.7003116e+01   2.7629965e+01  -2.4713440e+01   1.1606195e+01
   1.2000000e+01   2.8323054e+01  -1.4300000e+02   1.6324380e+01   2.8422613e+01  -2.4209461e+01   9.7149077e+00
   1.2000000e+01   2.8764895e+01  -1.4300000e+02   1.5971173e+01   2.9376431e+01  -2.2807306e+01   8.2846594e+00
   1.2000000e+01   2.9636348e+01  -1.4300000e+02   1.6380278e+01   3.0234194e+01  -2.0995465e+01   5.9124399e+00
   1.2000000e+01   3.0787375e+01  -1.4300000e+02   1.6506641e+01   3.2523681e+01  -1.8772695e+01   3.7483392e+00
   1.2000000e+01   3.2883013e+01  -1.4300000e+02   1.6751939e+01   3.4803306e+01  -1.6164431e+01   1.7397687e+00
   1.2000000e+01   3.4015966e+01  -1.4300000e+02   1.7404968e+01   3.7320023e+01  -1.3289134e+01  -6.5878786e-01
   1.2000000e+01   3.2047162e+01  -1.4300000e+02   1.7298478e+01   3.9353976e+01  -1.1516743e+01  -2.7586856e+00
   1.2000000e+01   3.1325565e+01  -1.4300000e+02   1.7200960e+01   4.0538256e+01  -9.8929864e+00  -5.3009012e+00
   1.2000000e+01   2.8749720e+01  -1.4300000e+02   1.7111441e+01   4.1453671e+01  -8.9330106e+00  -8.0143120e+00
   1.2000000e+01   2.6288293e+01  -1.4300000e+02   1.6905031e+01   4.2417106e+01  -8.0995057e+00  -1.0745988e+01
   1.2000000e+01   2.3599797e+01  -1.4300000e+02   1.6770627e+01   4.3383821e+01  -7.4102291e+00  -1.3174849e+01
   1.2000000e+01   2.0554438e+01  -1.4300000e+02   1.6503293e+01   4.3848879e+01  -7.1904922e+00  -1.5493353e+01
   1.2000000e+01   1.9610145e+01  -1.4300000e+02   1.6515725e+01   4.4682975e+01  -6.1260199e+00  -1.7765090e+01
   1.2000000e+01   1.6619464e+01  -1.4300000e+02   1.6400032e+01   4.5714805e+01  -5.6122282e+00  -2.0734653e+01
   1.2000000e+01   1.5860094e+01  -1.4300000e+02   1.6717668e+01   4.7437797e+01  -4.2005148e+00  -2.2570872e+01
   1.2000000e+01   1.4819062e+01  -1.4300000e+02   1.7093274e+01   4.9349938e+01  -2.7023742e+00  -2.4008500e+01
   1.2000000e+01   1.3565178e+01  -1.4300000e+02   1.7273633e+01   5.1241769e+01  -1.5774696e+00  -2.5416502e+01
   1.2000000e+01   1.2664553e+01  -1.4300000e+02   1.7502425e+01   5.2947154e+01  -4.1208728e-01  -2.6895186e+01
   1.2000000e+01   1.2551449e+01  -1.4300000e+02   1.7542001e+01   5.4797547e+01   7.2647812e-01  -2.7302802e+01
   1.2000000e+01   1.1005121e+01  -1.4300000e+02   1.7362654e+01   5.6164305e+01   1.3289918e+00  -2.8042787e+01
   1.2000000e+01   9.5153593e+00  -1.4300000e+02   1.7426475e+01   5.7379643e+01   2.1156450e+00  -2.9279565e+01
   1.2000000e+01   7.6243723e+00  -1.4300000e+02   1.7324076e+01   5.8882935e+01   2.7291219e+00  -3.0270046e+01
   1.2000000e+01   6.2434765e+00  -1.4300000e+02   1.7036746e+01   6.0093689e+01   3.1480164e+00  -3.1466416e+01
   1.2000000e+01   7.0547708e+00  -1.4300000e+02   1.6914158e+01   6.1085265e+01   4.1424103e+00  -3.1934347e+01
   1.2000000e+01   6.6485924e+00  -1.4300000e+02   1.6813057e+01   6.2226671e+01   5.1400700e+00  -3.2251472e+01
   1.2000000e+01   6.3139000e+00  -1.4300000e+02   1.5975059e+01   6.2885517e+01   5.5127538e+00  -3.0301949e+01
   1.2000000e+01   9.9873764e+00  -1.4300000e+02   1.3113794e+01   6.3467189e+01   4.3438489e+00  -2.6267808e+01
   1.2000000e+01   1.6177175e+01  -1.4300000e+02   9.5695021e+00   6.2949134e+01   2.4058051e+00  -2.2204873e+01
   1.2000000e+01   1.9753211e+01  -1.4300000e+02   5.9599840e+00   6.0377581e+01  -4.7643395e-01  -1.8128649e+01
   1.2000000e+01   2.1681572e+01  -1.4300000e+02   2.4143938e+00   5.4185742e+01  -4.0308797e+00  -1.3716052e+01
   1.2000000e+01   2.3352303e+01  -1.4300000e+02  -5.0896351e-01   4.5431384e+01  -8.4125501e+00  -8.0120352e+00
   1.2000000e+01   2.2031720e+01  -1.4300000e+02  -4.0705397e+00   3.7101882e+01  -1.4011185e+01   6.9484843e-01
   1.2000000e+01   1.5526472e+01  -1.4300000e+02  -8.8995876e+00   2.7911015e+01  -2.1261870e+01   9.3953266e+00
   1.2000000e+01   1.1149603e+01  -1.4300000e+02  -1.2527293e+01   1.8893125e+01  -2.8698550e+01   1.6877751e+01
   1.2000000e+01   1.0169571e+01  -1.4300000e+02  -1.3461023e+01   1.2229359e+01  -3.4577862e+01   2.2693886e+01
   1.2000000e+01   8.7822255e+00  -1.4300000e+02  -1.3790468e+01   4.6376310e+00  -3.9341077e+01   3.1167601e+01
   1.2000000e+01   4.3908919e+00  -1.4300000e+02  -1.7129125e+01   2.8337937e+00  -4.4015615e+01   3.9246635e+01
   1.2000000e+01   5.1823358e+00  -1.4300000e+02  -1.7362954e+01   6.5486336e-01  -4.5637533e+01   4.6278147e+01
   1.2000000e+01   8.2527878e+00  -1.4300000e+02  -1.5657004e+01  -8.4684495e-01  -4.6056095e+01   4.7910674e+01
   1.2000000e+01   6.3532113e+00  -1.4300000e+02  -1.4658964e+01  -2.5308323e+00  -4.7027388e+01   4.7551383e+01
   1.2000000e+01   6.2966818e+00  -1.4300000e+02  -1.3559528e+01  -3.5670179e+00  -4.7467036e+01   4.7728056e+01
   1.2000000e+01   4.9423557e+00  -1.4300000e+02  -1.2521656e+01  -6.5068210e+00  -4.5891973e+01   4.6200091e+01
   1.2000000e+01   5.2885612e+00  -1.4300000e+02  -1.2477590e+01  -7.8770348e-01  -4.4678974e+01   5.6259666e+01
   1.2000000e+01   8.7035642e+00  -1.4300000e+02  -1.1410503e+01   2.8767261e+00  -4.3061387e+01   5.7636928e+01
   1.2000000e+01   1.1397049e+01  -1.4300000e+02  -9.5853088e+00   5.3077679e+00  -4.1298822e+01   5.4856181e+01
   1.2000000e+01   1.4450844e+01  -1.4300000e+02  -5.7352129e+00   9.3074852e+00  -3.9265541e+01   4.8980334e+01
   1.2000000e+01   2.3700790e+01  -1.4300000e+02  -1.8289339e+00   1.1822050e+01  -3.6741375e+01   4.4784422e+01
   1.2000000e+01   2.4429503e+01  -1.4300000e+02   2.2675905e+00   1.5250069e+01  -3.6392633e+01   4.5390348e+01
   1.2000000e+01   2.1655968e+01  -1.4300000e+02   3.6997317e+00   1.6782936e+01  -3.8027829e+01   4.2908354e+01
   1.2000000e+01   2.2590034e+01  -1.4300000e+02   5.9526282e+00   1.8124832e+01  -3.7803591e+01   4.1183650e+01
   1.2000000e+01   2.8021138e+01  -1.4300000e+02   7.5990065e+00   2.0819813e+01  -3.6346862e+01   3.7947703e+01
   1.2000000e+01   3.4725154e+01  -1.4300000e+02   8.3761494e+00   2.5055329e+01  -3.3563885e+01   3.5856031e+01
   1.2000000e+01   2.8279874e+01  -1.4300000e+02   9.3884725e+00   2.6107178e+01  -3.3061748e+01   3.4105482e+01
   1.2000000e+01   2.5695096e+01  -1.4300000e+02   9.6215396e+00   2.5953109e+01  -3.2712884e+01   3.1425945e+01
   1.2000000e+01   3.2771994e+01  -1.4300000e+02   1.0973149e+01   2.8672363e+01  -3.0049568e+01   2.8740981e+01
   1.2000000e+01   3.0327161e+01  -1.4300000e+02   1.1952032e+01   2.9249691e+01  -2.8435640e+01   2.5531877e+01
   1.2000000e+01   2.3237890e+01  -1.4300000e+02   1.2515094e+01   2.8747607e+01  -2.8816011e+01   2.1642366e+01
   1.2000000e+01   1.9627311e+01  -1.4300000e+02   1.2405206e+01   2.8468378e+01  -2.9738076e+01   1.8407413e+01
   1.2000000e+01   1.4889979e+01  -1.4300000e+02   1.2439258e+01   2.8796596e+01  -3.0493703e+01   1.5801885e+01
   1.2000000e+01   1.2630346e+01  -1.4300000e+02   1.2401083e+01   2.8494449e+01  -3.1096535e+01   1.3636157e+01
   1.2000000e+01   1.1210384e+01  -1.4300000e+02   1.2701100e+01   2.8259254e+01  -3.1196576e+01   1.2384547e+01
   1.2000000e+01   1.3961676e+01  -1.4300000e+02   1.3499019e+01   2.9739699e+01  -2.9558332e+01   1.1189081e+01
   1.2000000e+01   1.4729914e+01  -1.4300000e+02   1.4286403e+01   3.1171291e+01  -2.7918734e+01   8.2601724e+00
   1.2000000e+01   1.4790611e+01  -1.4300000e+02   1.4941708e+01   3.2867750e+01  -2.6127055e+01   5.8547996e+00
   1.2000000e+01   1.4748560e+01  -1.4300000e+02   1.5394194e+01   3.4783934e+01  -2.4199032e+01   3.7167988e+00
   1.2000000e+01   1.8687918e+01  -1.4300000e+02   1.6452610e+01   3.6113049e+01  -2.1458843e+01   1.9874373e+00
   1.2000000e+01   1.7193576e+01  -1.4300000e+02   1.7196881e+01   3.7795550e+01  -1.9910074e+01  -1.1474979e-01
   1.2000000e+01   1.7092249e+01  -1.4300000e+02   1.7754908e+01   3.9551912e+01  -1.8153291e+01  -2.6054694e+00
   1.2000000e+01   1.6823482e+01  -1.4300000e+02   1.8504571e+01   4.1301411e+01  -1.6237563e+01  -4.9894975e+00
   1.2000000e+01   1.4404957e+01  -1.4300000e+02   1.9221428e+01   4.2876609e+01  -1.4954347e+01  -8.5965363e+00
   1.2000000e+01   1.3675728e+01  -1.4300000e+02   1.9687480e+01   4.4090905e+01  -1.3567816e+01  -1.1315703e+01
   1.2000000e+01   1.1879206e+01  -1.4300000e+02   2.0212420e+01   4.5620057e+01  -1.2336236e+01  -1.4279168e+01
   1.2000000e+01   1.2051316e+01  -1.4300000e+02   2.0564296e+01   4.7065136e+01  -1.0677189e+01  -1.7030779e+01
   1.2000000e+01   1.2274530e+01  -1.4300000e+02   2.1159376e+01   5.0133140e+01  -8.0523395e+00  -1.9419378e+01
   1.2000000e+01   1.1007352e+01  -1.4300000e+02   2.1512272e+01   5.3030950e+01  -5.8445674e+00  -2.1639480e+01
   1.2000000e+01   8.2055943e+00  -1.4300000e+02   2.1251618e+01   5.5161615e+01  -4.6327527e+00  -2.4568612e+01
   1.2000000e+01   8.2613049e+00  -1.4300000e+02   2.1216145e+01   5.7267568e+01  -2.5806848e+00  -2.5906872e+01
   1.2000000e+01   6.8629605e+00  -1.4300000e+02   2.0825210e+01   5.9587846e+01  -1.1912201e+00  -2.7359784e+01
   1.2000000e+01   5.6157274e+00  -1.4300000e+02   2.0222636e+01   6.1689859e+01  -6.6917369e-02  -2.8322443e+01
   1.2000000e+01   4.6934776e+00  -1.4300000e+02   1.9041415e+01   6.2873502e+01   5.4632717e-01  -2.7505890e+01
   1.2000000e+01   3.8408400e+00  -1.4300000e+02   1.8165612e+01   6.3436939e+01   1.3107987e+00  -2.7022241e+01
   1.2000000e+01   5.6524345e+00  -1.4300000e+02   1.6725397e+01   6.3325429e+01   1.7726688e+00  -2.6219057e+01
   1.2000000e+01   1.2176361e+01  -1.4300000e+02   1.4269136e+01   6.2706785e+01   1.7637624e+00  -2.4071793e+01
   1.2000000e+01   1.7888584e+01  -1.4300000e+02   1.0650211e+01   5.9533628e+01  -4.4579279e-01  -2.2235402e+01
   1.2000000e+01   2.0786855e+01  -1.4300000e+02   7.0638395e+00   5.4352008e+01  -3.3464779e+00  -1.7888254e+01
   1.2000000e+01   2.2789640e+01  -1.4300000e+02   3.9380586e+00   4.6961740e+01  -6.6099233e+00  -1.3074963e+01
   1.2000000e+01   2.6879198e+01  -1.4300000e+02   1.5506041e+00   3.8723439e+01  -9.5616895e+00  -6.2186683e+00
   1.2000000e+01   2.6003377e+01  -1.4300000e+02  -1.7466316e+00   3.1518264e+01  -1.3926718e+01   2.5514968e+00
   1.2000000e+01   2.5238701e+01  -1.4300000e+02  -5.7791078e+00   2.6162665e+01  -1.9496960e+01   1.2618646e+01
   1.2000000e+01   2.3145825e+01  -1.4300000e+02  -8.9949585e+00   1.8268891e+01  -2.6231816e+01   1.9171090e+01
   1.2000000e+01   1.7834501e+01  -1.4300000e+02  -1.1332203e+01   1.1205397e+01  -3.2880982e+01   2.1665564e+01
   1.2000000e+01   1.2550195e+01  -1.4300000e+02  -1.1256215e+01   5.6995605e+00  -3.8037469e+01   2.3555620e+01
   1.2000000e+01   9.1844403e+00  -1.4300000e+02  -1.0462461e+01   2.0861513e+00  -4.2410546e+01   2.6819323e+01
   1.2000000e+01   1.2310331e+01  -1.4300000e+02  -7.3152019e+00   9.7855171e-01  -4.4073605e+01   3.2672492e+01
