   4.4382729e+01   6.1845521e+01  -1.4296417e+02   6.0864898e+01   2.3233747e+01  -3.1194073e+01  -6.2581902e+00
   4.4816257e+01   5.8538215e+01  -1.4272224e+02   6.0948306e+01   2.0862055e+01  -4.5193703e+01  -9.3510355e+00
   4.5226309e+01   5.5136982e+01  -1.4300000e+02   6.1256033e+01   1.8471559e+01  -5.1000000e+01  -1.2327006e+01
   4.4838401e+01   5.1817281e+01  -1.4300000e+02   7.3400519e+01   1.6450703e+01  -5.1000000e+01  -1.0884303e+01
   4.9936003e+01   5.9014806e+01  -1.4300000e+02   8.3098801e+01   1.5012873e+01  -5.1000000e+01  -1.8313721e+01
   5.2470612e+01   6.3497149e+01  -1.4300000e+02   8.9182295e+01   1.4697252e+01  -5.1000000e+01  -2.4229468e+01
   5.4096027e+01   6.7248872e+01  -1.4300000e+02   9.5169020e+01   1.8322416e+01  -5.1000000e+01  -3.0460486e+01
   5.5943611e+01   7.1675956e+01  -1.4300000e+02   1.0065114e+02   2.1556086e+01  -5.1000000e+01  -3.5031379e+01
   5.7247391e+01   7.4121394e+01  -1.4300000e+02   1.0382551e+02   2.2681713e+01  -5.1000000e+01  -3.9253945e+01
   5.7023866e+01   7.0007146e+01  -1.4300000e+02   1.0374104e+02   2.1360325e+01  -5.1000000e+01  -4.1725531e+01
   5.6548488e+01   6.9547715e+01  -1.4300000e+02   1.0510924e+02   2.2279485e+01  -5.1000000e+01  -4.4414704e+01
   5.7510353e+01   7.1826839e+01  -1.4300000e+02   1.0689871e+02   2.4245221e+01  -5.1000000e+01  -4.5849539e+01
   5.7397087e+01   7.1680844e+01  -1.4300000e+02   1.0827038e+02   2.6084581e+01  -5.1000000e+01  -4.8185265e+01
   5.8123703e+01   7.3277423e+01  -1.4300000e+02   1.1085144e+02   2.8704865e+01  -5.1000000e+01  -5.0875643e+01
   5.9210265e+01   7.4892905e+01  -1.4300000e+02   1.1341927e+02   3.1345999e+01  -5.1000000e+01  -5.3278443e+01
   5.9758829e+01   7.4683045e+01  -1.4300000e+02   1.1511981e+02   3.1638815e+01  -5.1000000e+01  -5.7508132e+01
   5.9940129e+01   7.4172875e+01  -1.4300000e+02   1.1609859e+02   3.2013750e+01  -5.1000000e+01  -6.0128772e+01
   5.9601034e+01   7.2879205e+01  -1.4300000e+02   1.1663781e+02   3.2995486e+01  -5.1000000e+01  -6.1433521e+01
   5.9663786e+01   7.2305140e+01  -1.4300000e+02   1.1703761e+02   3.4442137e+01  -5.1000000e+01  -6.1844004e+01
   5.9450399e+01   7.1666376e+01  -1.4300000e+02   1.1768497e+02   3.6642114e+01  -5.1000000e+01  -6.2733924e+01
   5.9425750e+01   7.3203835e+01  -1.4300000e+02   1.1821155e+02   4.0615803e+01  -5.1000000e+01  -6.0629008e+01
   5.9746861e+01   7.3896930e+01  -1.4300000e+02   1.1884183e+02   4.3436290e+01  -5.1000000e+01  -6.1227936e+01
   6.1493452e+01   7.7469005e+01  -1.4300000e+02   1.2000071e+02   4.5225784e+01  -5.1000000e+01  -6.1201874e+01
   6.1063370e+01   7.3597526e+01  -1.4300000e+02   1.2027066e+02   4.6440932e+01  -5.1000000e+01  -6.3512989e+01
   6.0271275e+01   7.2406634e+01  -1.4300000e+02   1.2049313e+02   4.7368322e+01  -5.1000000e+01  -6.3514752e+01
   6.0523707e+01   7.6052753e+01  -1.4300000e+02   1.2073627e+02   4.8703421e+01  -5.1000000e+01  -6.1544726e+01
   6.2357439e+01   7.8521253e+01  -1.4300000e+02   1.2072717e+02   4.8073381e+01  -5.1000000e+01  -6.1774387e+01
   6.0002268e+01   7.8851359e+01  -1.4300000e+02   1.1448135e+02   4.4144982e+01  -5.1000000e+01  -5.4684413e+01
   5.7380155e+01   8.0286179e+01  -1.4300000e+02   1.0764404e+02   4.0819171e+01  -5.1000000e+01  -4.5126386e+01
   5.3312537e+01   8.0670372e+01  -1.4300000e+02   9.9736939e+01   3.8159165e+01  -5.1000000e+01  -3.6003386e+01
   4.9388969e+01   7.6427937e+01  -1.4300000e+02   9.0178563e+01   3.3096971e+01  -5.1000000e+01  -2.9005720e+01
   4.5276653e+01   7.2636770e+01  -1.4300000e+02   8.0560708e+01   2.7984553e+01  -5.1000000e+01  -2.0063508e+01
   4.1362740e+01   6.7441111e+01  -1.4300000e+02   7.1464539e+01   2.2237151e+01  -5.1000000e+01  -9.7161145e+00
   3.8800092e+01   6.0446419e+01  -1.4300000e+02   6.1245735e+01   1.3304989e+01  -5.1000000e+01   5.4657983e-01
   3.8009709e+01   5.3662923e+01  -1.4300000e+02   5.0283445e+01   4.9241937e+00  -5.1000000e+01   1.0954297e+01
   3.5568618e+01   4.7406524e+01  -1.4300000e+02   3.8796959e+01  -9.6925690e-01  -5.1000000e+01   1.8320617e+01
   3.4913532e+01   3.7435110e+01  -1.4300000e+02   2.7318834e+01  -4.3716098e+00  -5.1000000e+01   2.6687931e+01
   2.9413210e+01   2.4257859e+01  -1.4300000e+02   1.6724095e+01  -3.4222582e+00  -5.1000000e+01   3.0249174e+01
   2.2610380e+01   1.8170419e+01  -1.4300000e+02   6.0253774e+00  -3.2797785e+00  -5.1000000e+01   3.7036122e+01
   1.8441646e+01   2.0225523e+01  -1.4300000e+02   5.1962601e-01  -2.5880901e+00  -5.1000000e+01   4.4326716e+01
   1.9822897e+01   2.2364692e+01  -1.4300000e+02   1.2465453e+00  -8.7248587e+00  -5.1000000e+01   4.7113440e+01
   1.9278138e+01   2.4897650e+01  -1.4300000e+02   2.4660724e+00  -8.4833954e+00  -5.1000000e+01   5.3044185e+01
   1.8871027e+01   1.8904058e+01  -1.4300000e+02  -1.7224919e+00  -1.0087965e+01  -5.1000000e+01   5.3648701e+01
   1.8294842e+01   2.3147778e+01  -1.4300000e+02   2.5173211e+00  -8.9588453e+00  -5.1000000e+01   5.2849662e+01
   1.6873350e+01   2.1608975e+01  -1.4300000e+02   4.7209547e+00  -7.4431970e+00  -5.1000000e+01   5.3277976e+01
   1.6664337e+01   2.3748617e+01  -1.4300000e+02   7.1775558e+00  -5.3618047e+00  -5.1000000e+01   5.3454474e+01
   1.7741256e+01   2.2981466e+01  -1.4300000e+02   7.1827948e+00  -4.0526104e+00  -5.1000000e+01   5.2266883e+01
   1.6806699e+01   2.3368251e+01  -1.4300000e+02   7.6214892e+00  -1.3936077e+00  -5.1000000e+01   5.1794560e+01
   1.6827914e+01   2.2983835e+01  -1.4300000e+02   8.1340798e+00   6.1202419e-01  -5.1000000e+01   5.1777109e+01
   1.5238636e+01   2.2725292e+01  -1.4300000e+02   8.3582208e+00   1.7924194e+00  -5.1000000e+01   5.0169652e+01
   1.5516509e+01   2.4084553e+01  -1.4300000e+02   1.1614284e+01   3.2701240e+00  -5.1000000e+01   4.9206218e+01
   2.0154657e+01   3.0872395e+01  -1.4300000e+02   1.7561950e+01   2.0754806e+00  -5.1000000e+01   4.7942796e+01
   2.0407105e+01   3.2160378e+01  -1.4300000e+02   1.7726192e+01   4.2375323e+00  -5.1000000e+01   4.5054513e+01
   1.9882873e+01   3.3275942e+01  -1.4300000e+02   1.8565638e+01   6.6114569e+00  -5.1000000e+01   4.6444291e+01
   1.9142193e+01   3.7278061e+01  -1.4300000e+02   2.2969912e+01   7.2722983e+00  -5.1000000e+01   4.6496887e+01
   2.4220036e+01   4.3057510e+01  -1.4300000e+02   2.9095919e+01   5.3703172e+00  -5.1000000e+01   4.5156015e+01
   2.4717010e+01   4.9012574e+01  -1.4300000e+02   3.3328407e+01   6.9628157e+00  -5.1000000e+01   4.4158027e+01
   2.8606625e+01   5.7342033e+01  -1.4300000e+02   3.8530830e+01   7.4330103e+00  -5.1000000e+01   4.3769809e+01
   2.9958026e+01   5.1684370e+01  -1.4300000e+02   3.8210667e+01   4.7804683e+00  -5.1000000e+01   4.3155979e+01
   3.0331706e+01   3.9836559e+01  -1.4300000e+02   3.4399983e+01   7.8110996e-01  -5.1000000e+01   4.2471033e+01
   2.4558510e+01   2.9701713e+01  -1.4300000e+02   2.7013501e+01   9.8383215e-01  -5.1000000e+01   4.0814847e+01
   2.3912299e+01   2.6929721e+01  -1.4300000e+02   2.3779972e+01   1.0585418e+00  -5.1000000e+01   4.0042475e+01
   2.3748367e+01   2.3125227e+01  -1.4300000e+02   2.2029025e+01   1.4514662e+00  -5.1000000e+01   3.9850035e+01
   2.5457908e+01   2.8307594e+01  -1.4300000e+02   2.5779293e+01   1.1645534e+00  -5.1000000e+01   3.9124494e+01
   2.5136662e+01   2.9853922e+01  -1.4300000e+02   2.6091819e+01   2.1731397e+00  -5.1000000e+01   3.9454027e+01
   2.6385020e+01   3.5950937e+01  -1.4300000e+02   2.9822462e+01   3.4428053e+00  -5.1000000e+01   3.8728014e+01
   2.8611168e+01   3.9927683e+01  -1.4300000e+02   3.4322003e+01   2.7772900e+00  -5.1000000e+01   3.7192462e+01
   2.9847098e+01   4.4646730e+01  -1.4300000e+02   3.7822935e+01   3.8091626e+00  -5.1000000e+01   3.6116952e+01
   3.2586910e+01   4.6744267e+01  -1.4300000e+02   4.0349880e+01   2.8803031e+00  -5.1000000e+01   3.4488135e+01
   3.6815483e+01   4.6285768e+01  -1.4300000e+02   4.2504278e+01  -7.0331337e-01  -5.1000000e+01   3.2988541e+01
   3.6572752e+01   4.5077114e+01  -1.4300000e+02   4.3647821e+01  -1.0637972e+00  -5.1000000e+01   3.1041371e+01
   3.3697160e+01   4.7094583e+01  -1.4300000e+02   4.5299163e+01   1.8478330e+00  -5.1000000e+01   2.9803266e+01
   3.4081599e+01   5.0731868e+01  -1.4300000e+02   4.7737503e+01   3.3517877e+00  -5.1000000e+01   2.9208795e+01
   3.4393482e+01   5.0401749e+01  -1.4300000e+02   4.8648570e+01   3.6959823e+00  -5.1000000e+01   2.8090978e+01
   3.4244609e+01   5.0670148e+01  -1.4300000e+02   4.9630632e+01   4.2763186e+00  -5.1000000e+01   2.5488335e+01
   3.3112745e+01   4.9923648e+01  -1.4300000e+02   5.0867789e+01   6.1299898e+00  -5.1000000e+01   2.3555247e+01
   3.3314336e+01   5.1920954e+01  -1.4300000e+02   5.2660192e+01   7.3079160e+00  -5.1000000e+01   2.1669630e+01
   3.3622862e+01   5.3315262e+01  -1.4300000e+02   5.4512746e+01   9.3543750e+00  -5.1000000e+01   2.0308009e+01
   3.4197370e+01   5.3189366e+01  -1.4300000e+02   5.6042675e+01   9.2643466e+00  -5.1000000e+01   1.8709107e+01
   3.4413491e+01   5.2618606e+01  -1.4300000e+02   5.6921279e+01   9.9516854e+00  -5.1000000e+01   1.6742069e+01
   3.5962939e+01   4.8122677e+01  -1.4300000e+02   5.6028837e+01   7.2769962e+00  -5.1000000e+01   1.4743170e+01
   3.4457957e+01   4.8128261e+01  -1.4300000e+02   5.7077296e+01   9.1425581e+00  -5.1000000e+01   1.2194193e+01
   3.4895159e+01   5.0125985e+01  -1.4300000e+02   5.9986883e+01   1.0498580e+01  -5.1000000e+01   9.3235667e+00
   3.6303967e+01   5.3209532e+01  -1.4300000e+02   6.3419927e+01   1.0705496e+01  -5.1000000e+01   5.9339627e+00
   3.7525271e+01   5.3057167e+01  -1.4300000e+02   6.5455339e+01   1.0701578e+01  -5.1000000e+01   3.0044546e+00
   3.7786887e+01   5.5288379e+01  -1.4300000e+02   6.8477075e+01   1.3217055e+01  -5.1000000e+01   7.2476905e-01
   3.9485114e+01   5.7728711e+01  -1.4300000e+02   7.1342428e+01   1.3458284e+01  -5.1000000e+01  -2.0757889e+00
   4.2327003e+01   5.6582283e+01  -1.4300000e+02   7.3441860e+01   1.0373730e+01  -5.1000000e+01  -5.8462955e+00
   4.3662364e+01   5.4642709e+01  -1.4300000e+02   7.4721092e+01   8.4985519e+00  -5.1000000e+01  -8.5597091e+00
   4.3883654e+01   5.9289407e+01  -1.4300000e+02   7.8763095e+01   1.1698486e+01  -5.1000000e+01  -1.1624325e+01
   4.5655329e+01   6.1229990e+01  -1.4300000e+02   8.2184535e+01   1.2600419e+01  -5.1000000e+01  -1.4766337e+01
   4.6008584e+01   5.9422877e+01  -1.4300000e+02   8.3445301e+01   1.1083666e+01  -5.1000000e+01  -1.7451809e+01
   4.5007612e+01   6.2575435e+01  -1.4300000e+02   8.6835889e+01   1.5682088e+01  -5.1000000e+01  -1.9794588e+01
   4.6372985e+01   6.2422805e+01  -1.4300000e+02   8.8865301e+01   1.5587931e+01  -5.1000000e+01  -2.2775089e+01
   4.6593297e+01   6.3008558e+01  -1.4300000e+02   9.0593630e+01   1.6976228e+01  -5.1000000e+01  -2.4911917e+01
   4.6757739e+01   6.1675289e+01  -1.4300000e+02   9.0657791e+01   1.6707691e+01  -5.1000000e+01  -2.5615108e+01
   4.7171139e+01   6.2611320e+01  -1.4300000e+02   9.2844995e+01   1.7174808e+01  -5.1000000e+01  -2.8349803e+01
   4.6747671e+01   6.0719225e+01  -1.4300000e+02   9.2858643e+01   1.7206379e+01  -5.1000000e+01  -2.9887567e+01
   4.6360687e+01   5.8248668e+01  -1.4300000e+02   9.3224501e+01   1.6837127e+01  -5.1000000e+01  -3.2303047e+01
   4.7191033e+01   5.9471717e+01  -1.4300000e+02   9.4343557e+01   1.7512962e+01  -5.1000000e+01  -3.3468218e+01
   4.7043277e+01   6.1021438e+01  -1.4300000e+02   9.6054645e+01   1.9531271e+01  -5.1000000e+01  -3.5216378e+01
   4.7696725e+01   5.6394064e+01  -1.4300000e+02   9.4380983e+01   1.5505265e+01  -5.1000000e+01  -3.6496629e+01
   4.7409527e+01   5.3697498e+01  -1.4300000e+02   9.3364531e+01   1.3070282e+01  -5.1000000e+01  -3.8257978e+01
   4.7329475e+01   5.2661136e+01  -1.4300000e+02   9.4687332e+01   1.2515810e+01  -5.1000000e+01  -4.1893752e+01
   4.7772623e+01   5.1452612e+01  -1.4300000e+02   9.4805820e+01   1.0658505e+01  -5.1000000e+01  -4.2940384e+01
   4.6687138e+01   4.8235019e+01  -1.4300000e+02   9.3370792e+01   1.0932940e+01  -5.1000000e+01  -4.2725954e+01
   4.6661843e+01   4.6361891e+01  -1.4300000e+02   9.1868865e+01   8.4616787e+00  -5.1000000e+01  -4.3583577e+01
   4.7041292e+01   4.5832498e+01  -1.4300000e+02   9.1255691e+01   6.8289785e+00  -5.1000000e+01  -4.3689663e+01
   4.8654406e+01   4.9230261e+01  -1.4300000e+02   9.0937956e+01   6.4376468e+00  -5.1000000e+01  -4.0968136e+01
   4.9572486e+01   5.3361451e+01  -1.4300000e+02   8.7266182e+01   6.5099486e+00  -5.1000000e+01  -3.3441506e+01
   4.8740713e+01   5.4038301e+01  -1.4300000e+02   7.9437488e+01   6.5518195e+00  -5.1000000e+01  -2.3855628e+01
   4.5575650e+01   5.4330481e+01  -1.4300000e+02   7.1641984e+01   7.8410565e+00  -5.1000000e+01  -1.3437949e+01
   4.3157753e+01   5.3276800e+01  -1.4300000e+02   6.3928007e+01   8.4886082e+00  -5.1000000e+01  -3.0408443e+00
   4.0125722e+01   4.9589479e+01  -1.4300000e+02   5.5926938e+01   5.8282724e+00  -5.1000000e+01   4.7435897e+00
   3.7512069e+01   4.6867654e+01  -1.4300000e+02   4.8584649e+01   2.8495357e+00  -5.1000000e+01   1.1792394e+01
   3.4083879e+01   4.6924511e+01  -1.4300000e+02   4.2850339e+01   1.6556253e+00  -5.1000000e+01   1.7152168e+01
   3.3066947e+01   3.9890766e+01  -1.4300000e+02   3.4016229e+01  -9.3797772e-01  -5.1000000e+01   2.6074348e+01
   3.0259372e+01   3.1956279e+01  -1.4300000e+02   2.3891900e+01  -3.1650264e+00  -5.1000000e+01   3.2360468e+01
   2.7109229e+01   2.5312610e+01  -1.4300000e+02   1.4740191e+01  -4.7251829e+00  -5.1000000e+01   3.6154286e+01
   2.3348789e+01   1.9065307e+01  -1.4300000e+02   6.3703845e+00  -4.6202522e+00  -5.1000000e+01   3.9290902e+01
   1.7195513e+01   1.7188259e+01  -1.4300000e+02   3.1562853e+00  -4.3029929e+00  -5.1000000e+01   4.0526887e+01
   1.5271463e+01   1.5898255e+01  -1.4300000e+02   3.1885752e+00  -4.7585355e+00  -5.1000000e+01   4.5291639e+01
   1.4900949e+01   1.7353186e+01  -1.4300000e+02   4.8313415e+00  -3.7204725e+00  -5.1000000e+01   4.6698096e+01
   1.7791595e+01   2.1224006e+01  -1.4300000e+02   9.0724309e+00  -3.7629553e+00  -5.1000000e+01   4.7474589e+01
   1.5514370e+01   2.1874417e+01  -1.4300000e+02   1.0093753e+01  -7.7224501e-01  -5.1000000e+01   4.6962727e+01
   1.7436405e+01   2.5650023e+01  -1.4300000e+02   1.3697756e+01  -6.4675412e-01  -5.1000000e+01   4.6090205e+01
   2.0463548e+01   2.4315157e+01  -1.4300000e+02   1.4822943e+01  -2.1721240e+00  -5.1000000e+01   4.4145725e+01
   2.2440155e+01   2.8236104e+01  -1.4300000e+02   1.7817504e+01  -3.0054551e+00  -5.1000000e+01   4.3483858e+01
   2.2907814e+01   2.8843801e+01  -1.4300000e+02   2.0082329e+01  -2.8464887e+00  -5.1000000e+01   4.1727454e+01
   2.8186606e+01   3.0118766e+01  -1.4300000e+02   2.2028119e+01  -5.5422471e+00  -5.1000000e+01   4.1256252e+01
   2.6605895e+01   3.2445535e+01  -1.4300000e+02   2.3491077e+01  -3.6701718e+00  -5.1000000e+01   4.0878236e+01
   2.5698227e+01   3.3246447e+01  -1.4300000e+02   2.4613898e+01  -3.0271520e+00  -5.1000000e+01   4.0352356e+01
   2.7364314e+01   3.0513116e+01  -1.4300000e+02   2.5079782e+01  -4.5256751e+00  -5.1000000e+01   3.9006766e+01
   2.7868297e+01   2.9331869e+01  -1.4300000e+02   2.5457486e+01  -4.9727208e+00  -5.1000000e+01   3.8136674e+01
   2.8074107e+01   2.6577618e+01  -1.4300000e+02   2.4968775e+01  -5.2872339e+00  -5.1000000e+01   3.7422423e+01
   2.9409172e+01   3.1001566e+01  -1.4300000e+02   2.6748475e+01  -3.9840755e+00  -5.1000000e+01   3.6949598e+01
   2.9835520e+01   3.3660386e+01  -1.4300000e+02   2.8993405e+01  -2.8754002e+00  -5.1000000e+01   3.5536960e+01
   3.0938321e+01   3.0955224e+01  -1.4300000e+02   2.9063235e+01  -2.6494770e+00  -5.1000000e+01   3.5870841e+01
   2.9949865e+01   3.7496529e+01  -1.4300000e+02   3.2800329e+01  -1.0024465e+00  -5.1000000e+01   3.4561055e+01
   3.1129230e+01   4.3062392e+01  -1.4300000e+02   3.6664630e+01   9.1529250e-02  -5.1000000e+01   3.2877166e+01
   3.2526966e+01   4.7822495e+01  -1.4300000e+02   4.0250512e+01   8.9229211e-01  -5.1000000e+01   3.1114723e+01
   3.3532970e+01   5.2874827e+01  -1.4300000e+02   4.3273680e+01   2.8560328e+00  -5.1000000e+01   3.1770449e+01
   3.4338836e+01   5.2705935e+01  -1.4300000e+02   4.4492214e+01   2.9774414e+00  -5.1000000e+01   3.1241875e+01
   3.5248939e+01   5.4558222e+01  -1.4300000e+02   4.6247577e+01   3.8012146e+00  -5.1000000e+01   3.0053581e+01
   3.6456314e+01   5.3081039e+01  -1.4300000e+02   4.7109497e+01   2.4568310e+00  -5.1000000e+01   2.8680015e+01
   3.5591059e+01   5.5003818e+01  -1.4300000e+02   4.9196190e+01   3.8545988e+00  -5.1000000e+01   2.7525398e+01
   3.7488096e+01   5.4200734e+01  -1.4300000e+02   5.0170493e+01   2.4666518e+00  -5.1000000e+01   2.5882407e+01
   3.5940383e+01   5.7713711e+01  -1.4300000e+02   5.2447792e+01   4.9890106e+00  -5.1000000e+01   2.4520959e+01
   3.7697310e+01   5.7407416e+01  -1.4300000e+02   5.4436293e+01   4.6576419e+00  -5.1000000e+01   2.3212300e+01
   3.8569876e+01   5.7370996e+01  -1.4300000e+02   5.6072043e+01   4.7642309e+00  -5.1000000e+01   2.0170594e+01
   3.9858151e+01   5.8980990e+01  -1.4300000e+02   5.8084688e+01   5.3365975e+00  -5.1000000e+01   1.8615556e+01
   3.8447997e+01   5.8460532e+01  -1.4300000e+02   5.9570775e+01   5.5694766e+00  -5.1000000e+01   1.6257402e+01
   3.8660557e+01   5.7014663e+01  -1.4300000e+02   5.9582081e+01   4.8614218e+00  -5.1000000e+01   1.4921469e+01
   3.9530749e+01   5.5102519e+01  -1.4300000e+02   5.9686807e+01   3.0440037e+00  -5.1000000e+01   1.3368789e+01
   3.8373868e+01   5.5136397e+01  -1.4300000e+02   6.0473748e+01   3.8909519e+00  -5.1000000e+01   1.2229279e+01
   3.9095385e+01   5.3296593e+01  -1.4300000e+02   6.1075914e+01   2.7850787e+00  -5.1000000e+01   9.6620498e+00
   3.9816521e+01   5.0845070e+01  -1.4300000e+02   6.1160710e+01   1.6769536e+00  -5.1000000e+01   7.9488027e+00
   3.9882845e+01   4.7707316e+01  -1.4300000e+02   6.0349288e+01   9.1993395e-01  -5.1000000e+01   7.3146740e+00
   3.9914042e+01   4.7460639e+01  -1.4300000e+02   6.1500662e+01   1.7035225e+00  -5.1000000e+01   5.0790153e+00
   3.9744727e+01   4.9575691e+01  -1.4300000e+02   6.3944894e+01   3.3095612e+00  -5.1000000e+01   2.8333068e+00
   4.0018014e+01   4.8494552e+01  -1.4300000e+02   6.4689172e+01   3.0950632e+00  -5.1000000e+01   1.2051582e+00
   4.0763309e+01   4.7655241e+01  -1.4300000e+02   6.5302319e+01   2.0280686e+00  -5.1000000e+01  -8.5625395e-01
   4.0542825e+01   4.6643404e+01  -1.4300000e+02   6.5990761e+01   3.0112187e+00  -5.1000000e+01  -1.8964741e+00
   4.0456416e+01   5.1506938e+01  -1.4300000e+02   7.0241994e+01   5.7546162e+00  -5.1000000e+01  -5.1147259e+00
   4.1381138e+01   5.1018413e+01  -1.4300000e+02   7.2066974e+01   6.0294629e+00  -5.1000000e+01  -7.4190858e+00
   4.1979171e+01   5.2951750e+01  -1.4300000e+02   7.4546634e+01   6.1284896e+00  -5.1000000e+01  -1.0597080e+01
   4.1725954e+01   5.0045725e+01  -1.4300000e+02   7.4068479e+01   6.1405876e+00  -5.1000000e+01  -1.1510222e+01
   4.2243003e+01   5.1480755e+01  -1.4300000e+02   7.6275434e+01   7.0950342e+00  -5.1000000e+01  -1.4114515e+01
   4.1649188e+01   5.0504570e+01  -1.4300000e+02   7.7517618e+01   8.1103561e+00  -5.1000000e+01  -1.5010694e+01
   4.2691982e+01   5.2888610e+01  -1.4300000e+02   8.0688047e+01   9.1775784e+00  -5.1000000e+01  -1.8378976e+01
   4.2491151e+01   4.6112399e+01  -1.4300000e+02   7.8833925e+01   6.1895160e+00  -5.1000000e+01  -2.0613195e+01
   4.2612666e+01   4.5319804e+01  -1.4300000e+02   8.0835549e+01   6.7856281e+00  -5.1000000e+01  -2.4614815e+01
   4.2466025e+01   4.4558228e+01  -1.4300000e+02   8.2297349e+01   7.3464877e+00  -5.1000000e+01  -2.8286434e+01
   4.3223414e+01   4.5531431e+01  -1.4300000e+02   8.5616183e+01   8.7789384e+00  -5.1000000e+01  -3.2343966e+01
   4.2957452e+01   4.8205738e+01  -1.4300000e+02   8.8837847e+01   1.0662707e+01  -5.1000000e+01  -3.6251597e+01
   4.3923192e+01   5.1110885e+01  -1.4300000e+02   9.2553387e+01   1.2888354e+01  -5.1000000e+01  -3.9812472e+01
   4.4920645e+01   5.2884664e+01  -1.4300000e+02   9.5867337e+01   1.4347873e+01  -5.1000000e+01  -4.2280564e+01
   4.5695598e+01   5.3641887e+01  -1.4300000e+02   9.7906564e+01   1.4297330e+01  -5.1000000e+01  -4.4668312e+01
   4.6111700e+01   5.5635216e+01  -1.4300000e+02   1.0040869e+02   1.6886773e+01  -5.1000000e+01  -4.6820498e+01
   4.6516717e+01   5.5302724e+01  -1.4300000e+02   1.0079655e+02   1.7307083e+01  -5.1000000e+01  -4.7610541e+01
   4.7543045e+01   5.9529019e+01  -1.4300000e+02   1.0125925e+02   2.2095969e+01  -5.1000000e+01  -4.2743800e+01
   4.7146021e+01   5.9575206e+01  -1.4300000e+02   9.7807478e+01   2.2149648e+01  -5.1000000e+01  -3.7529212e+01
   4.4521176e+01   5.9191938e+01  -1.4300000e+02   8.9864683e+01   1.8566313e+01  -5.1000000e+01  -3.0687220e+01
   4.2605856e+01   5.7477918e+01  -1.4300000e+02   8.0528387e+01   1.5366424e+01  -5.1000000e+01  -2.2772805e+01
   4.2422667e+01   5.2827904e+01  -1.4300000e+02   6.9588465e+01   9.8849779e+00  -5.1000000e+01  -1.5920346e+01
   4.3459967e+01   4.5961564e+01  -1.4300000e+02   5.8477923e+01   3.8795093e+00  -5.1000000e+01  -6.8178738e+00
   3.9101306e+01   4.7773364e+01  -1.4300000e+02   4.9325941e+01   4.5227178e+00  -5.1000000e+01   2.9630869e+00
   3.7196034e+01   4.3794983e+01  -1.4300000e+02   4.1045885e+01   3.9832415e+00  -5.1000000e+01   1.2937331e+01
   3.4238285e+01   3.8215045e+01  -1.4300000e+02   3.1143156e+01   2.4934267e+00  -5.1000000e+01   2.3339868e+01
   2.9423641e+01   3.4407525e+01  -1.4300000e+02   2.0917631e+01   6.0484297e-01  -5.1000000e+01   3.1574653e+01
   2.3101808e+01   3.0803191e+01  -1.4300000e+02   1.3405565e+01   3.7169838e-02  -5.1000000e+01   3.9030178e+01
   1.8092252e+01   2.4835821e+01  -1.4300000e+02   7.4332989e+00   1.1241922e+00  -5.1000000e+01   4.3578458e+01
   1.6024493e+01   1.8980395e+01  -1.4300000e+02   2.2863541e+00  -4.3015881e-01  -5.1000000e+01   4.7251125e+01
   1.5501062e+01   1.4082769e+01  -1.4300000e+02  -7.9758991e-01  -4.8126074e+00  -5.1000000e+01   4.8093938e+01
   1.3696004e+01   1.4602342e+01  -1.4300000e+02   9.2310973e-01  -8.2857583e+00  -5.1000000e+01   5.1189525e+01
   1.3047655e+01   1.1029387e+01  -1.4300000e+02  -7.1668076e-01  -7.8944628e+00  -5.1000000e+01   5.7844495e+01
   1.3657470e+01   1.1590205e+01  -1.4300000e+02  -1.1156152e+00  -7.1052868e+00  -5.1000000e+01   5.8343558e+01
   1.3096707e+01   1.3114918e+01  -1.4300000e+02   7.5210345e-01  -6.7208530e+00  -5.1000000e+01   5.5706481e+01
   1.3271783e+01   1.4904758e+01  -1.4300000e+02   2.1947829e+00  -5.8573533e+00  -5.1000000e+01   5.2478934e+01
   1.3107199e+01   1.7906804e+01  -1.4300000e+02   5.0650719e+00  -4.4671367e+00  -5.1000000e+01   5.0487871e+01
   1.4187867e+01   2.0552042e+01  -1.4300000e+02   8.6469119e+00  -2.1650416e+00  -5.1000000e+01   4.8614574e+01
   1.5870637e+01   2.1521098e+01  -1.4300000e+02   1.1578418e+01  -7.8711198e-01  -5.1000000e+01   4.4517329e+01
   1.5126733e+01   2.8282941e+01  -1.4300000e+02   1.5622602e+01   1.3381844e+00  -5.1000000e+01   4.2403774e+01
   1.9325400e+01   2.8946611e+01  -1.4300000e+02   1.7802238e+01   3.3331440e+00  -5.1000000e+01   4.3651927e+01
   1.9403829e+01   3.3266523e+01  -1.4300000e+02   2.1714386e+01   5.8006887e+00  -5.1000000e+01   4.3342332e+01
   2.2405706e+01   3.6896247e+01  -1.4300000e+02   2.2755417e+01   4.9822160e+00  -5.1000000e+01   3.8590481e+01
   2.2156523e+01   4.4842641e+01  -1.4300000e+02   3.0913821e+01   7.1155316e+00  -5.1000000e+01   3.9890602e+01
   2.3773399e+01   5.2376221e+01  -1.4300000e+02   3.6935200e+01   1.0875109e+01  -5.1000000e+01   3.9185257e+01
   2.9634247e+01   6.0765888e+01  -1.4300000e+02   4.2433448e+01   1.1441968e+01  -5.1000000e+01   3.9005383e+01
   3.0005027e+01   6.0442218e+01  -1.4300000e+02   4.5396716e+01   1.1282222e+01  -5.1000000e+01   3.6162351e+01
   3.2493763e+01   5.5586824e+01  -1.4300000e+02   4.4550108e+01   8.6336679e+00  -5.1000000e+01   3.4499298e+01
   3.3873744e+01   5.1485447e+01  -1.4300000e+02   4.3540862e+01   5.4404242e+00  -5.1000000e+01   3.2508710e+01
   3.2373756e+01   4.9471152e+01  -1.4300000e+02   4.3803158e+01   6.4182051e+00  -5.1000000e+01   3.1727271e+01
   3.2546206e+01   4.9655017e+01  -1.4300000e+02   4.4749316e+01   7.4218980e+00  -5.1000000e+01   3.0413883e+01
   3.4004576e+01   5.1642650e+01  -1.4300000e+02   4.6617207e+01   7.7694158e+00  -5.1000000e+01   2.9708647e+01
   3.4605455e+01   5.3468175e+01  -1.4300000e+02   4.8821369e+01   7.9184399e+00  -5.1000000e+01   2.7709277e+01
   3.4298340e+01   5.7005582e+01  -1.4300000e+02   5.1924674e+01   9.8026101e+00  -5.1000000e+01   2.5763412e+01
   3.6963078e+01   5.2485213e+01  -1.4300000e+02   5.1191803e+01   5.9707682e+00  -5.1000000e+01   2.3237485e+01
   3.6300353e+01   5.5013892e+01  -1.4300000e+02   5.3201915e+01   7.1430290e+00  -5.1000000e+01   2.0823046e+01
   3.7383073e+01   5.3536882e+01  -1.4300000e+02   5.4113357e+01   6.2942250e+00  -5.1000000e+01   1.8980888e+01
   3.8804614e+01   5.2320658e+01  -1.4300000e+02   5.4609099e+01   4.6160837e+00  -5.1000000e+01   1.6768159e+01
   3.9244664e+01   5.3017244e+01  -1.4300000e+02   5.5851939e+01   4.8198429e+00  -5.1000000e+01   1.5025251e+01
   4.0779437e+01   5.1711258e+01  -1.4300000e+02   5.6116529e+01   4.0276326e+00  -5.1000000e+01   1.3406347e+01
   4.1339812e+01   5.3696437e+01  -1.4300000e+02   5.8011350e+01   4.8037185e+00  -5.1000000e+01   1.1899159e+01
   4.0459308e+01   5.5123917e+01  -1.4300000e+02   6.0394014e+01   6.6779666e+00  -5.1000000e+01   9.3893702e+00
   4.1903029e+01   5.8018578e+01  -1.4300000e+02   6.3516740e+01   8.3368328e+00  -5.1000000e+01   6.7422417e+00
   4.2119694e+01   6.1630436e+01  -1.4300000e+02   6.6810688e+01   1.0737910e+01  -5.1000000e+01   4.5651672e+00
   4.2058462e+01   6.3882061e+01  -1.4300000e+02   7.0541129e+01   1.3444361e+01  -5.1000000e+01   1.6538276e+00
   4.3491439e+01   6.2408914e+01  -1.4300000e+02   7.2047887e+01   1.3249424e+01  -5.1000000e+01  -6.3493194e-01
   4.2582357e+01   6.2308132e+01  -1.4300000e+02   7.3588097e+01   1.5055742e+01  -5.1000000e+01  -3.4396453e+00
   4.3880206e+01   6.0597458e+01  -1.4300000e+02   7.4342051e+01   1.3153159e+01  -5.1000000e+01  -6.0691243e+00
   4.4946889e+01   6.0235442e+01  -1.4300000e+02   7.5683085e+01   1.2947770e+01  -5.1000000e+01  -8.8281611e+00
   4.5681769e+01   5.8092721e+01  -1.4300000e+02   7.6438561e+01   1.1840624e+01  -5.1000000e+01  -1.1646016e+01
   4.6588600e+01   5.5553997e+01  -1.4300000e+02   7.6587772e+01   9.8893760e+00  -5.1000000e+01  -1.3976563e+01
   4.7955419e+01   5.7726318e+01  -1.4300000e+02   7.9882026e+01   9.9967379e+00  -5.1000000e+01  -1.7479865e+01
   4.8672187e+01   5.4934098e+01  -1.4300000e+02   8.0435737e+01   8.1445570e+00  -5.1000000e+01  -2.1269381e+01
   4.9447685e+01   5.8385814e+01  -1.4300000e+02   8.4628505e+01   1.1383015e+01  -5.1000000e+01  -2.4501803e+01
   4.9858118e+01   5.8689307e+01  -1.4300000e+02   8.6714072e+01   1.1943986e+01  -5.1000000e+01  -2.5793164e+01
   4.9827521e+01   5.8077393e+01  -1.4300000e+02   8.7842435e+01   1.2801127e+01  -5.1000000e+01  -2.7680092e+01
   5.0354959e+01   5.8698548e+01  -1.4300000e+02   8.9815371e+01   1.2742415e+01  -5.1000000e+01  -2.9361746e+01
   5.0769501e+01   6.0800969e+01  -1.4300000e+02   9.1549873e+01   1.5571315e+01  -5.1000000e+01  -3.0153394e+01
   5.2056390e+01   6.0973539e+01  -1.4300000e+02   9.1652520e+01   1.4178764e+01  -5.1000000e+01  -3.0517293e+01
   5.2907465e+01   6.1369707e+01  -1.4300000e+02   9.3909193e+01   1.4959614e+01  -5.1000000e+01  -3.3756811e+01
   5.4119075e+01   6.2505478e+01  -1.4300000e+02   9.5172203e+01   1.4653555e+01  -5.1000000e+01  -3.5049359e+01
   5.4347179e+01   6.1854630e+01  -1.4300000e+02   9.5175910e+01   1.4463417e+01  -5.1000000e+01  -3.5917614e+01
   5.4315574e+01   6.4701411e+01  -1.4300000e+02   9.7469618e+01   1.7826628e+01  -5.1000000e+01  -3.7490124e+01
   5.5184710e+01   6.6190140e+01  -1.4300000e+02   9.8867166e+01   1.8999154e+01  -5.1000000e+01  -3.8604264e+01
   5.5844690e+01   6.6165880e+01  -1.4300000e+02   9.6638028e+01   1.9045685e+01  -5.1000000e+01  -3.4535974e+01
   5.4245205e+01   6.6728927e+01  -1.4300000e+02   8.9186910e+01   2.1068771e+01  -5.1000000e+01  -2.7058563e+01
   5.1226584e+01   6.4821925e+01  -1.4300000e+02   7.9406533e+01   1.9858470e+01  -5.1000000e+01  -1.9978978e+01
   4.9712650e+01   6.0232163e+01  -1.4300000e+02   6.8782901e+01   1.6958350e+01  -5.1000000e+01  -1.2906093e+01
   4.6871003e+01   5.4405719e+01  -1.4300000e+02   5.8446653e+01   1.2870885e+01  -5.1000000e+01  -5.0999092e+00
   4.2887362e+01   4.8767452e+01  -1.4300000e+02   4.8398788e+01   8.3685249e+00  -5.1000000e+01   3.2786066e+00
   4.1369625e+01   4.3425939e+01  -1.4300000e+02   3.8803695e+01   5.1918974e+00  -5.1000000e+01   1.2958894e+01
   3.9459627e+01   3.4746820e+01  -1.4300000e+02   2.8281939e+01   1.4183242e+00  -5.1000000e+01   2.0187260e+01
   3.5117854e+01   2.7925840e+01  -1.4300000e+02   1.8206478e+01   3.8971348e-01  -5.1000000e+01   2.3730896e+01
   3.1121279e+01   2.3419905e+01  -1.4300000e+02   1.0109907e+01  -3.4097298e-01  -5.1000000e+01   2.7448309e+01
   2.2893202e+01   1.7056424e+01  -1.4300000e+02   2.6683769e+00  -1.9613702e+00  -5.1000000e+01   3.3863208e+01
   2.1947880e+01   1.2249347e+01  -1.4300000e+02  -5.2480141e+00  -1.5396596e+00  -5.1000000e+01   4.0951420e+01
   2.0458331e+01   1.1702661e+01  -1.4300000e+02  -8.3940711e+00  -2.8972658e+00  -5.1000000e+01   4.7621272e+01
   1.8293468e+01   1.3292185e+01  -1.4300000e+02  -8.1673642e+00  -3.7118774e+00  -5.1000000e+01   4.8920513e+01
   1.8185019e+01   1.0775882e+01  -1.4300000e+02  -8.4926754e+00  -5.1841888e+00  -5.1000000e+01   4.8346883e+01
   1.6505374e+01   9.7642074e+00  -1.4300000e+02  -8.3401968e+00  -5.7207489e+00  -5.1000000e+01   4.8375550e+01
   1.5048136e+01   7.2464492e+00  -1.4300000e+02  -6.8498982e+00  -7.9367877e+00  -5.1000000e+01   4.6753739e+01
   1.4970879e+01   7.1727623e+00  -1.4300000e+02  -6.2382229e+00  -2.3460469e+00  -5.1000000e+01   5.6819473e+01
   1.4588888e+01   1.0329096e+01  -1.4300000e+02  -4.0925610e+00   1.5905923e+00  -5.1000000e+01   5.8277112e+01
   1.3868261e+01   1.2554767e+01  -1.4300000e+02  -1.0040245e+00   4.2849765e+00  -5.1000000e+01   5.5547277e+01
   1.7696830e+01   1.7162399e+01  -1.4300000e+02   5.5604489e+00   6.6046891e+00  -5.1000000e+01   5.0064544e+01
   2.1152934e+01   2.7769632e+01  -1.4300000e+02   1.2087355e+01   6.6630014e+00  -5.1000000e+01   4.6506288e+01
   2.7179799e+01   3.2732302e+01  -1.4300000e+02   1.9707642e+01   6.4431764e+00  -5.1000000e+01   4.7786568e+01
   3.1297609e+01   3.3417370e+01  -1.4300000e+02   2.3481503e+01   4.2086575e+00  -5.1000000e+01   4.4997940e+01
   3.3216798e+01   3.6767750e+01  -1.4300000e+02   2.7810774e+01   3.6056053e+00  -5.1000000e+01   4.3573806e+01
   3.4175594e+01   4.3646578e+01  -1.4300000e+02   3.1379341e+01   4.9955454e+00  -5.1000000e+01   4.0849096e+01
   3.5161817e+01   5.1219817e+01  -1.4300000e+02   3.4445932e+01   8.2556045e+00  -5.1000000e+01   3.9714827e+01
   3.6936401e+01   4.4523170e+01  -1.4300000e+02   3.6723071e+01   6.9715552e+00  -5.1000000e+01   3.7334083e+01
   3.8263972e+01   4.3410210e+01  -1.4300000e+02   3.8316853e+01   5.4203762e+00  -5.1000000e+01   3.4442761e+01
   3.6717860e+01   5.1460247e+01  -1.4300000e+02   4.1805842e+01   9.5339317e+00  -5.1000000e+01   3.2179999e+01
   3.9448460e+01   5.0181563e+01  -1.4300000e+02   4.5525761e+01   7.5629335e+00  -5.1000000e+01   2.8795949e+01
   4.0684396e+01   4.2872318e+01  -1.4300000e+02   4.6451792e+01   4.8248107e+00  -5.1000000e+01   2.4066563e+01
   4.0946985e+01   4.0780796e+01  -1.4300000e+02   4.6221227e+01   4.4021713e+00  -5.1000000e+01   2.1234220e+01
   4.2462962e+01   3.6905613e+01  -1.4300000e+02   4.6271360e+01   2.9803372e+00  -5.1000000e+01   1.8878995e+01
   4.2577862e+01   3.6381875e+01  -1.4300000e+02   4.6828528e+01   2.9729021e+00  -5.1000000e+01   1.6754184e+01
   4.2578751e+01   3.5786790e+01  -1.4300000e+02   4.7579668e+01   3.0105957e+00  -5.1000000e+01   1.5719099e+01
   4.3222705e+01   4.1042341e+01  -1.4300000e+02   5.1508681e+01   4.8233301e+00  -5.1000000e+01   1.4242179e+01
   4.3913002e+01   4.2456015e+01  -1.4300000e+02   5.4105203e+01   5.1166108e+00  -5.1000000e+01   1.0812871e+01
   4.5662468e+01   4.4079721e+01  -1.4300000e+02   5.7066316e+01   4.6024758e+00  -5.1000000e+01   8.3966909e+00
   4.7012243e+01   4.6208707e+01  -1.4300000e+02   6.0241064e+01   5.1687610e+00  -5.1000000e+01   6.1146891e+00
   4.3924131e+01   5.0525540e+01  -1.4300000e+02   6.3704998e+01   1.0078849e+01  -5.1000000e+01   4.0871725e+00
   4.4980748e+01   4.8500176e+01  -1.4300000e+02   6.5091470e+01   9.7397809e+00  -5.1000000e+01   1.7819953e+00
   4.6064628e+01   5.0623630e+01  -1.4300000e+02   6.8382354e+01   1.0589782e+01  -5.1000000e+01  -1.3010539e+00
   4.5499378e+01   5.1003067e+01  -1.4300000e+02   7.0902202e+01   1.2794888e+01  -5.1000000e+01  -3.9869492e+00
   4.7055093e+01   5.0077650e+01  -1.4300000e+02   7.3176476e+01   1.1339872e+01  -5.1000000e+01  -8.2693259e+00
   4.7794192e+01   5.2551327e+01  -1.4300000e+02   7.6312934e+01   1.2249018e+01  -5.1000000e+01  -1.1091826e+01
   4.8503367e+01   5.1967902e+01  -1.4300000e+02   7.8488735e+01   1.2044579e+01  -5.1000000e+01  -1.4727978e+01
   4.9598268e+01   5.5839185e+01  -1.4300000e+02   8.2633152e+01   1.3491313e+01  -5.1000000e+01  -1.8737043e+01
   5.1832716e+01   6.1610501e+01  -1.4300000e+02   8.8599169e+01   1.6380340e+01  -5.1000000e+01  -2.3246992e+01
   5.2920408e+01   6.2126101e+01  -1.4300000e+02   9.1554269e+01   1.7084373e+01  -5.1000000e+01  -2.6844789e+01
   5.3624774e+01   5.8342408e+01  -1.4300000e+02   9.1413640e+01   1.3855234e+01  -5.1000000e+01  -3.0328227e+01
   5.3841358e+01   6.2266178e+01  -1.4300000e+02   9.5364800e+01   1.9121893e+01  -5.1000000e+01  -3.2888249e+01
   5.5320998e+01   6.4102576e+01  -1.4300000e+02   9.6717441e+01   1.8637414e+01  -5.1000000e+01  -3.4618495e+01
   5.6171227e+01   6.4797412e+01  -1.4300000e+02   9.7395543e+01   1.8873270e+01  -5.1000000e+01  -3.6036408e+01
   5.6587897e+01   6.2808597e+01  -1.4300000e+02   9.4645355e+01   1.8104457e+01  -5.1000000e+01  -3.3350938e+01
   5.6665494e+01   6.1502949e+01  -1.4300000e+02   9.3068771e+01   1.7300895e+01  -5.1000000e+01  -3.1434738e+01
   5.6491177e+01   6.3968449e+01  -1.4300000e+02   9.2100662e+01   1.8258600e+01  -5.1000000e+01  -2.9799079e+01
   5.2981348e+01   6.5756562e+01  -1.4300000e+02   8.6995952e+01   2.1123221e+01  -5.1000000e+01  -2.4441738e+01
   5.0040542e+01   6.3119419e+01  -1.4300000e+02   7.7031360e+01   1.6289271e+01  -5.1000000e+01  -1.8642422e+01
   4.9202361e+01   5.8926565e+01  -1.4300000e+02   6.7047980e+01   1.0819013e+01  -5.1000000e+01  -1.0609729e+01
   4.7188181e+01   5.3981711e+01  -1.4300000e+02   5.7651024e+01   4.6524679e+00  -5.1000000e+01  -2.4094833e+00
   4.4027701e+01   5.2845594e+01  -1.4300000e+02   5.0329980e+01   2.1747671e+00  -5.1000000e+01   5.9120165e+00
   4.3590058e+01   4.8509059e+01  -1.4300000e+02   4.2095411e+01  -1.3159630e+00  -5.1000000e+01   1.5289167e+01
   4.0522380e+01   4.5730701e+01  -1.4300000e+02   3.2831204e+01   5.0896679e-01  -5.1000000e+01   2.4389081e+01
   3.6515732e+01   4.0806023e+01  -1.4300000e+02   2.3934451e+01  -1.6065167e+00  -5.1000000e+01   2.6115303e+01
   3.6192254e+01   3.3787180e+01  -1.4300000e+02   1.5530828e+01  -5.4776250e+00  -5.1000000e+01   2.6019647e+01
   3.3235021e+01   2.6599341e+01  -1.4300000e+02   1.0171499e+01  -7.0871622e+00  -5.1000000e+01   2.6585969e+01
   3.0400979e+01   2.1332054e+01  -1.4300000e+02   5.6432198e+00  -7.7217796e+00  -5.1000000e+01   2.9611309e+01
   2.6086101e+01   2.2059596e+01  -1.4300000e+02   5.8587786e+00  -6.2750903e+00  -5.1000000e+01   3.5388664e+01
