  -1.4983266e+01  -1.4296553e-01  -6.9950601e+00  -8.3840115e+00   4.1327165e+01  -3.3670601e+01  -3.9961667e+00
  -1.5217573e+01   1.4478883e+00  -5.4030791e+00  -7.8199346e+00   4.3278379e+01  -3.4446248e+01  -4.1449650e+00
  -1.5039273e+01   3.8258013e+00  -1.5916961e+00  -5.7081228e+00   4.3117722e+01  -3.3598895e+01  -6.3119447e+00
  -1.5628071e+01   6.5873043e+00   1.6277975e+00  -6.1085046e+00   4.1352605e+01  -3.0875298e+01  -1.0382624e+01
  -1.5781714e+01   1.1999375e+00   5.5832435e+00   1.8525096e+00   3.9869720e+01  -2.8931935e+01  -1.4312966e+01
  -1.7278738e+01  -4.2319541e+00   9.2597685e+00   1.1155828e+01   4.0196248e+01  -2.7473453e+01  -1.4777306e+01
  -1.8291665e+01  -9.1466272e-01   1.0376995e+01   8.7809816e+00   4.0040282e+01  -2.2329964e+01  -1.8151025e+01
  -1.8346422e+01   3.0489071e-01   1.2124239e+01   9.7363780e+00   3.7517665e+01  -2.0283893e+01  -2.0365329e+01
  -1.7450569e+01   2.4738785e+00   1.1372877e+01   7.9931494e+00   3.5485447e+01  -2.0233122e+01  -1.6418614e+01
  -1.7738332e+01  -2.0980726e+00   1.1376901e+01   1.1840988e+01   3.4523998e+01  -2.1590973e+01  -1.1626619e+01
  -1.7716793e+01  -1.9008307e+00   1.0122575e+01   1.0349308e+01   3.3757351e+01  -2.2349856e+01  -7.6476428e+00
  -1.7305209e+01  -1.8195166e+00   8.3887457e+00   8.2286325e+00   3.2711788e+01  -2.3074071e+01  -3.2145349e+00
  -1.7008837e+01  -2.0851277e+00   6.4647928e+00   6.0175920e+00   3.2171567e+01  -2.3735029e+01  -4.7616142e-01
  -1.5981446e+01  -2.3174722e-01   4.7602211e+00   3.1016385e+00   2.9711209e+01  -2.5203558e+01   3.3005013e+00
  -1.5810590e+01   1.0992910e+00   3.0185025e+00  -3.5554572e-01   2.8767189e+01  -2.4251462e+01   5.5708905e+00
  -1.6227346e+01   4.2644236e+00   9.9351924e-01  -5.6957998e+00   2.7670049e+01  -2.3942311e+01   7.3677541e+00
  -1.7954174e+01  -1.6751539e-01   3.7994925e-01  -4.1342163e+00   2.8114613e+01  -2.1995357e+01   8.9200570e+00
  -1.7578340e+01   2.6082646e+00  -1.8904837e+00  -7.4728054e+00   2.5985097e+01  -2.2773321e+01   9.3623449e+00
  -1.7403210e+01  -1.8657937e+00  -2.0325296e+00  -3.6321898e+00   2.5796891e+01  -2.1757627e+01   1.0892495e+01
  -1.7610920e+01   2.1306214e-01  -4.0015346e+00  -2.8929123e+00   2.5078217e+01  -2.5584918e+01   1.1131011e+01
  -1.7565441e+01   2.3170568e-01  -4.6618464e+00  -2.4411325e-01   2.3443186e+01  -2.8734952e+01   1.0102582e+01
  -1.8123569e+01  -2.2846637e+00  -4.8173574e+00   3.4434872e+00   2.3081450e+01  -2.9673970e+01   1.1145666e+01
  -1.9197057e+01  -2.4465141e+00  -5.1537495e+00   4.9847423e+00   2.2204708e+01  -3.0751340e+01   1.0873969e+01
  -1.8447015e+01  -1.1134490e+00  -6.1676855e+00   3.8442802e+00   2.0005007e+01  -3.0554084e+01   1.1922963e+01
  -1.8954424e+01  -3.5225974e-01  -7.3573750e+00   1.5114100e+00   1.9190111e+01  -2.8879386e+01   1.1392412e+01
  -1.9307305e+01  -2.2835735e+00  -7.9609853e+00   2.5181127e+00   1.8561099e+01  -2.7581610e+01   9.5398889e+00
  -1.9449333e+01  -1.3648932e+00  -9.0458782e+00  -1.6329720e-01   1.7471745e+01  -2.5305042e+01   8.9904424e+00
  -1.9681376e+01  -3.1918933e+00  -9.4162131e+00   1.2199801e+00   1.6572475e+01  -2.4159580e+01   7.5283660e+00
  -1.9228578e+01  -3.1227399e+00  -1.0009446e+01   1.3387341e+00   1.4902680e+01  -2.3616289e+01   4.9926862e+00
  -1.8954776e+01  -2.3694836e+00  -1.1270005e+01  -8.0967504e-01   1.3959759e+01  -2.1331816e+01   3.1957712e+00
  -1.9224080e+01  -2.8448232e+00  -1.1050170e+01   6.3737372e-01   1.2110488e+01  -2.0566682e+01   1.8511214e+00
  -1.9697122e+01  -1.3115465e+00  -1.2013652e+01  -4.7419891e+00   1.1192198e+01  -1.5193603e+01  -1.1799760e-01
  -1.9995299e+01  -1.8377992e+00  -1.2532304e+01  -1.8567902e+00   9.9895351e+00  -1.6847676e+01  -1.6183888e-01
  -1.8849747e+01  -2.1791150e+00  -1.2933050e+01  -2.1372200e-01   8.4940165e+00  -1.8459013e+01  -2.8073012e+00
  -1.7472793e+01  -7.0890174e+00  -1.2755868e+01   2.2995923e+00   6.9074295e+00  -1.9962051e+01  -2.8137003e+00
  -1.6645540e+01  -5.4657067e+00  -1.3896106e+01  -2.1184758e+00   8.7211574e+00  -2.4287842e+01  -4.2975958e+00
  -1.6863804e+01  -8.8620369e+00  -1.2910153e+01  -1.3251552e+00   1.1245770e+01  -2.9291360e+01  -4.7901949e+00
  -1.5404886e+01  -5.0819236e+00  -1.2244667e+01  -8.8613903e+00   1.6973869e+01  -2.8128186e+01  -7.7861426e+00
  -1.5177486e+01  -3.0576973e+00  -1.1177503e+01  -9.5900493e+00   2.2393295e+01  -2.8832314e+01  -1.1112306e+01
  -1.4871209e+01  -1.5916779e+00  -8.6029223e+00  -8.4307316e+00   2.9217598e+01  -2.7784080e+01  -1.2601388e+01
  -1.3898816e+01   2.3204890e+00  -5.5333824e+00  -6.6294155e+00   3.1447877e+01  -3.0748710e+01  -1.5936826e+01
  -1.4613150e+01   5.1233877e+00  -3.9522047e+00  -9.2252503e+00   3.4851372e+01  -2.9880483e+01  -1.6045474e+01
  -1.5287215e+01   6.7905283e+00  -2.4118507e+00  -7.8328219e+00   3.8758223e+01  -3.1054665e+01  -1.7456163e+01
  -1.5979719e+01   6.8731582e+00  -6.0393441e-01  -7.5783869e+00   3.9250835e+01  -3.0115606e+01  -1.9012393e+01
  -1.5906862e+01   8.2069034e+00   6.8826114e-01  -6.9346042e+00   4.0184838e+01  -3.0602941e+01  -2.0781290e+01
  -1.5863113e+01   5.1038080e+00   3.8103359e+00  -2.7638159e+00   3.9724804e+01  -2.9096914e+01  -2.1663367e+01
  -1.6058056e+01   3.6153336e+00   4.8594850e+00  -1.4825298e-01   3.9064680e+01  -2.8478716e+01  -2.3035311e+01
  -1.6697703e+01   1.6813782e+00   7.0819830e+00   4.6475603e+00   3.7331782e+01  -2.7395462e+01  -2.4930714e+01
  -1.8254258e+01  -1.1729301e+00   8.4647347e+00   7.1338436e+00   3.8565251e+01  -2.3062613e+01  -2.3243847e+01
  -1.8853752e+01  -6.2318691e-01   1.0487758e+01   9.6767978e+00   3.5760393e+01  -1.9904280e+01  -1.6317795e+01
  -1.8428610e+01   1.1216535e+00   9.4460948e+00   7.5639023e+00   3.3801334e+01  -2.0124622e+01  -1.2040710e+01
  -1.8662302e+01   5.7004159e-01   8.9154328e+00   6.7712869e+00   3.2947226e+01  -2.0613527e+01  -9.1733442e+00
  -1.8051657e+01   3.3790903e+00   5.9966015e+00   2.1488988e+00   3.3263220e+01  -2.1294916e+01  -4.6514031e+00
  -1.7163990e+01   3.9904464e+00   4.3549483e+00  -7.6702138e-01   3.1424698e+01  -2.1961291e+01  -1.2694844e+00
  -1.6812838e+01   3.1083569e+00   3.7399251e+00  -4.7273388e-01   2.9438027e+01  -2.3542463e+01   2.1219870e+00
  -1.5118340e+01   4.9494373e+00   2.6785780e+00  -4.0070720e+00   2.6258567e+01  -2.3443449e+01   4.3481814e+00
  -1.6386315e+01   5.9643074e+00   7.7956981e-01  -7.1136957e+00   2.6380276e+01  -2.2809385e+01   6.6299488e+00
  -1.7940207e+01   1.7462682e+00   2.6346506e-01  -4.1601359e+00   2.6705954e+01  -2.2663598e+01   7.1501590e+00
  -1.7873119e+01   8.3469779e-01  -5.2123002e-01  -3.7380451e+00   2.5053170e+01  -2.3102183e+01   7.5573144e+00
  -1.7836663e+01   2.7144069e+00  -2.2469129e+00  -5.6116018e+00   2.3849168e+01  -2.3652941e+01   9.4462680e+00
  -1.9298048e+01   2.4325103e+00  -3.9661233e+00  -6.4265690e+00   2.4286176e+01  -2.2880482e+01   9.9368205e+00
  -1.9334677e+01   4.1029875e-01  -4.4799541e+00  -4.2960836e+00   2.3255255e+01  -2.3085830e+01   1.0046528e+01
  -1.9906791e+01   7.4158973e-02  -5.4940173e+00  -3.5543741e+00   2.2965536e+01  -2.3730011e+01   9.7533734e+00
  -2.0322802e+01  -9.0516478e-01  -5.7230206e+00  -1.0696587e+00   2.1961487e+01  -2.4844910e+01   9.9527670e+00
  -1.9984768e+01  -3.0458724e+00  -5.5758249e+00   1.2202048e+00   2.0846992e+01  -2.4227988e+01   9.4516802e+00
  -2.0138003e+01  -2.4522935e+00  -6.4506753e+00   5.3028291e-01   2.0111528e+01  -2.3848635e+01   8.0753710e+00
  -2.0359396e+01  -2.5852335e+00  -7.0048004e+00   1.3531781e+00   1.9239608e+01  -2.4139775e+01   7.4157077e+00
  -2.0911208e+01  -3.0981894e+00  -7.9837687e+00   6.6659588e-01   1.9108321e+01  -2.2767293e+01   7.2549215e+00
  -2.0836484e+01  -3.6803352e+00  -8.0399588e+00   6.5578144e-01   1.7228562e+01  -2.1543937e+01   7.0868098e+00
  -1.9490057e+01  -5.3338185e+00  -8.4068006e+00   4.0102037e-01   1.5855849e+01  -1.8244813e+01   4.6973786e+00
  -1.9308262e+01  -7.7066274e+00  -8.1645416e+00   5.2431239e+00   1.4311007e+01  -1.9263560e+01   2.5634052e+00
  -1.8937744e+01  -7.9253917e+00  -7.9397671e+00   5.7524527e+00   1.2063287e+01  -1.7969917e+01   8.7059426e-01
  -1.9487497e+01  -1.3585612e+01  -6.2174723e+00   1.3245798e+01   1.0773532e+01  -1.7716407e+01  -1.1940696e+00
  -2.0868278e+01  -8.8437002e+00  -7.9489731e+00   7.7090388e+00   1.1299174e+01  -1.5674160e+01  -3.7844851e+00
  -2.1434718e+01  -1.0518549e+01  -7.7065886e+00   1.1911475e+01   1.1432571e+01  -1.7082034e+01  -4.8314213e+00
  -2.1107816e+01  -7.6362060e+00  -9.8971324e+00   6.9870779e+00   1.1598514e+01  -1.4557465e+01  -6.4325367e+00
  -2.1311834e+01  -8.5743110e+00  -9.7355282e+00   7.6487217e+00   1.1131431e+01  -1.3578877e+01  -6.9846643e+00
  -2.1053529e+01  -5.9459147e+00  -1.0691033e+01   4.1914363e+00   9.9474891e+00  -1.2324868e+01  -8.2974157e+00
  -1.9765966e+01  -8.4764219e+00  -1.0629686e+01   6.2933106e+00   8.4152845e+00  -1.1575778e+01  -9.2256549e+00
  -1.9539020e+01  -8.2419566e+00  -1.1047141e+01   6.9238952e+00   7.5897132e+00  -1.2945465e+01  -9.8105701e+00
  -1.7336352e+01  -7.2774049e+00  -1.3158152e+01   4.4871049e+00   5.4420933e+00  -1.7931551e+01  -9.5792741e+00
  -1.7277086e+01  -5.4024205e+00  -1.4187945e+01  -1.9960432e-01   8.1951086e+00  -2.3198611e+01  -1.1275136e+01
  -1.7207620e+01  -5.1479707e+00  -1.4491748e+01  -4.0378409e+00   1.2492475e+01  -2.5854056e+01  -1.4617023e+01
  -1.6324481e+01  -7.7682118e+00  -1.2128498e+01  -3.2438959e+00   1.7433955e+01  -2.4264249e+01  -1.8598182e+01
  -1.5620449e+01  -4.1933668e+00  -1.0693837e+01  -4.0527624e+00   2.1604272e+01  -2.5956383e+01  -2.1763444e+01
  -1.5993876e+01  -2.2764404e+00  -9.2916110e+00  -3.4136010e+00   2.5492782e+01  -2.7748852e+01  -2.5669655e+01
  -1.5570106e+01   7.2079611e-01  -7.4720308e+00  -6.6809103e+00   2.9162337e+01  -2.5405977e+01  -2.5107824e+01
  -1.3549324e+01  -4.5089575e-01  -3.7059714e+00  -3.8358172e+00   2.9564045e+01  -2.6066603e+01  -2.7272120e+01
  -1.3452853e+01  -4.6343646e-01  -1.9669856e+00  -2.2783131e+00   3.1548517e+01  -2.7954310e+01  -2.8137782e+01
  -1.6711821e+01   3.1369068e+00  -2.6808035e+00  -6.1644602e+00   3.6923974e+01  -2.7746785e+01  -2.9602539e+01
  -1.6170669e+01   3.3140192e+00  -4.3162651e-03  -3.9797458e+00   3.6903999e+01  -2.8296987e+01  -2.9587248e+01
  -1.5649017e+01   2.7163184e+00   3.1419857e+00  -1.8821726e+00   3.7799373e+01  -2.4781455e+01  -3.0778008e+01
  -1.6594395e+01  -1.1455196e+00   6.0538696e+00   3.8722233e+00   3.8697925e+01  -2.3134459e+01  -3.2104586e+01
  -1.7911573e+01  -2.5096392e+00   1.0094937e+01   9.1268439e+00   3.8144724e+01  -2.0061830e+01  -3.0523235e+01
  -1.9231739e+01   1.5699968e+00   1.0880198e+01   5.8743229e+00   3.8146466e+01  -1.7132982e+01  -2.6107338e+01
  -1.8312685e+01   1.3116194e+00   1.2158276e+01   7.4178241e+00   3.5447753e+01  -1.6203364e+01  -1.9789267e+01
  -1.8368919e+01   1.3467321e+00   1.0044306e+01   6.9786003e+00   3.4851028e+01  -1.8780948e+01  -1.3519090e+01
  -1.8116251e+01   1.0460801e+00   8.7318253e+00   5.2254727e+00   3.3244358e+01  -1.9795825e+01  -9.0321328e+00
  -1.7774205e+01   9.4472944e-01   6.4257873e+00   3.6475867e+00   3.3189106e+01  -2.1251425e+01  -3.8648910e+00
  -1.6672598e+01   5.4691145e-01   5.1582651e+00   2.1771912e+00   3.0942053e+01  -2.2243709e+01  -9.7957546e-01
  -1.5748678e+01   5.5183702e-01   4.1886967e+00   1.4444366e+00   2.8196268e+01  -2.4269807e+01   3.6262919e+00
  -1.6246277e+01   4.0443923e+00   1.5790635e+00  -4.1855736e+00   2.8139738e+01  -2.4031968e+01   6.2803601e+00
  -1.7120751e+01   1.4009974e+00   8.8808989e-01  -3.1462658e+00   2.8040651e+01  -2.4395360e+01   8.1499797e+00
  -1.7186387e+01   2.5381154e+00  -8.1776702e-01  -6.8298272e+00   2.6684775e+01  -2.3529407e+01   9.6893463e+00
  -1.6872737e+01   6.5410670e-01  -1.6805180e+00  -4.5042063e+00   2.5922733e+01  -2.4989903e+01   1.2603004e+01
  -1.7155329e+01   2.5585590e+00  -3.3085765e+00  -6.5396420e+00   2.5199419e+01  -2.5761917e+01   1.4082969e+01
  -1.7518828e+01  -7.4873781e-01  -3.9112725e+00  -3.3958921e+00   2.4850818e+01  -2.5951588e+01   1.4587768e+01
  -1.6592578e+01  -2.2568274e+00  -4.0735202e+00   3.9342646e-01   2.2323987e+01  -2.8563235e+01   1.5345148e+01
  -1.9036922e+01  -2.1644839e+00  -5.9269633e+00   1.7293689e+00   2.3901296e+01  -3.0519377e+01   1.5705931e+01
  -2.0403441e+01  -7.9723578e+00  -5.6262777e+00   9.7367713e+00   2.3910055e+01  -3.2350451e+01   1.4939367e+01
  -2.0092727e+01  -5.5640515e+00  -6.9287714e+00   7.2903273e+00   2.1675996e+01  -3.2141695e+01   1.5227263e+01
  -2.0339498e+01  -3.5947146e+00  -8.7637221e+00   6.1958404e-01   2.0633990e+01  -2.7909075e+01   1.5634281e+01
  -2.0192351e+01  -3.1752958e+00  -9.4479584e+00   1.5403775e-01   1.8615716e+01  -2.6903926e+01   1.4899040e+01
  -2.0102111e+01  -4.2184840e+00  -1.0157668e+01   1.1999332e+00   1.7632464e+01  -2.6649317e+01   1.3443123e+01
  -1.9763365e+01  -3.7357665e+00  -1.1359316e+01  -1.7016722e-01   1.6353169e+01  -2.4866940e+01   1.1377260e+01
  -2.0459783e+01  -6.5329472e+00  -1.0915628e+01   4.0723797e+00   1.5841165e+01  -2.4978540e+01   9.8319056e+00
  -2.0163843e+01  -8.7696953e+00  -1.0565577e+01   5.2708381e+00   1.4635239e+01  -2.3637301e+01   8.9557037e+00
  -1.9299092e+01  -6.4743426e+00  -1.1312928e+01   4.1042224e+00   1.2953051e+01  -2.3609673e+01   7.0138242e+00
  -1.8775138e+01  -6.0688376e+00  -1.1781816e+01   4.4696644e+00   1.1587562e+01  -2.3228305e+01   3.6349528e+00
  -1.8063884e+01  -6.4829206e+00  -1.1636333e+01   3.7293697e+00   9.8069390e+00  -2.0680282e+01   1.5498976e+00
  -1.8505120e+01  -4.7673520e+00  -1.2891375e+01   4.5778700e-01   9.7220679e+00  -1.8219710e+01  -3.1032641e-01
  -1.9419856e+01  -3.4403335e+00  -1.3469294e+01   1.0628741e+00   9.3202419e+00  -1.8902872e+01  -1.9100331e+00
  -1.8269919e+01  -4.5336100e+00  -1.2988348e+01   1.2443529e+00   7.4152698e+00  -1.7071940e+01  -4.0472046e+00
  -1.9279552e+01  -4.7867918e+00  -1.3644960e+01   2.1202993e+00   7.3750344e+00  -1.8260089e+01  -3.4162165e+00
  -1.7746368e+01  -5.9524565e+00  -1.4681752e+01   5.4461554e+00   6.0203793e+00  -2.2489842e+01  -3.9266595e+00
  -1.6803828e+01  -7.8506190e+00  -1.4219927e+01   3.1212063e+00   6.8604497e+00  -2.5399812e+01  -2.9937847e+00
  -1.7708187e+01  -4.7278061e+00  -1.5143919e+01  -5.5260030e+00   1.1106433e+01  -2.6271775e+01  -8.3007876e+00
  -1.6423788e+01  -4.7786195e+00  -1.3883519e+01  -7.4210627e+00   1.3290729e+01  -2.8238886e+01  -9.1031587e+00
  -1.6520409e+01  -3.3509066e+00  -1.1946460e+01  -8.1809284e+00   1.8782110e+01  -2.8757396e+01  -7.5496470e+00
  -1.5798881e+01  -2.7169977e+00  -1.0125965e+01  -6.9138462e+00   2.3025977e+01  -3.0470202e+01  -2.1533051e+00
  -1.5562937e+01   6.0663757e-01  -9.0452455e+00  -1.0394091e+01   2.5566844e+01  -3.0320167e+01  -1.8041435e+00
  -1.6989115e+01   1.2944556e+00  -9.2005063e+00  -1.4040339e+01   3.0754938e+01  -2.8882867e+01   2.6421995e-01
  -1.6450691e+01  -8.3827902e-01  -8.3622839e+00  -1.0183727e+01   3.3144896e+01  -3.2601876e+01   1.6534336e+00
  -1.6335265e+01  -1.3054148e+00  -7.7185931e+00  -8.9378333e+00   3.5417411e+01  -3.4739210e+01   1.5894429e+00
  -1.7339544e+01  -2.3079304e+00  -7.3880667e+00  -6.3257090e+00   3.9189676e+01  -3.6362304e+01   8.4398011e-01
  -1.7304727e+01  -5.3655421e-01  -5.2863815e+00  -4.8806183e+00   4.3079431e+01  -3.6630988e+01   1.1398098e-01
  -1.6222377e+01   2.5105710e+00  -3.4603689e-01  -4.2167264e+00   4.3108174e+01  -3.2566166e+01  -5.3161605e+00
  -1.6344193e+01   1.0038227e+00   4.8725316e+00   1.0677274e+00   4.1666564e+01  -2.9723381e+01  -5.3128681e+00
  -1.7187137e+01  -3.0483635e+00   9.1613875e+00   8.0114036e+00   4.0707983e+01  -2.6304819e+01  -7.7725708e+00
  -1.7267797e+01  -1.6098013e+00   1.0014621e+01   9.8128110e+00   3.7648004e+01  -2.5679107e+01  -6.2073292e+00
  -1.7190745e+01  -7.8016504e-01   9.4394439e+00   7.7708688e+00   3.5003392e+01  -2.3513624e+01  -3.5831039e+00
  -1.6517887e+01  -8.9712573e-01   8.7709466e+00   9.1393166e+00   3.4490864e+01  -2.7018930e+01   9.1204354e-01
  -1.7598115e+01  -2.3090406e+00   8.0173855e+00   7.7025252e+00   3.4926273e+01  -2.6344369e+01   4.0182781e+00
  -1.7692820e+01  -2.8820432e+00   6.0908676e+00   4.7880278e+00   3.6480975e+01  -2.4291335e+01   7.3272913e+00
  -1.6845473e+01   7.9325393e-01   4.6315274e+00  -8.5216664e-01   3.4799653e+01  -2.4172375e+01   9.2817002e+00
  -1.6192364e+01   4.7039717e+00   2.5436192e+00  -4.1448543e+00   3.3584889e+01  -2.6583200e+01   1.2332954e+01
  -1.6990123e+01   7.5341744e+00  -7.6083790e-04  -9.1058018e+00   3.4040325e+01  -2.6604802e+01   1.3700806e+01
  -1.6445512e+01   7.0842431e+00  -7.4876438e-01  -8.7538145e+00   3.2787505e+01  -2.7992528e+01   1.7446288e+01
  -1.6340278e+01   5.3802130e+00  -8.8280788e-01  -8.0331310e+00   3.1438805e+01  -2.8031532e+01   1.8434935e+01
  -1.6589074e+01   5.0780356e+00  -2.0265623e+00  -9.0787227e+00   3.0409879e+01  -2.8318141e+01   1.8732176e+01
  -1.7139675e+01   3.3699683e+00  -2.5169292e+00  -7.0468580e+00   2.9634767e+01  -2.9091024e+01   2.0922083e+01
  -1.7620846e+01   3.7227462e+00  -4.1660426e+00  -7.8193469e+00   2.9101969e+01  -2.9606176e+01   2.1503312e+01
  -1.7193339e+01   1.6546906e+00  -4.3388468e+00  -7.0665237e+00   2.7122188e+01  -2.9204167e+01   2.3512273e+01
  -1.7052335e+01   6.7504653e-01  -4.6111401e+00  -5.3394636e+00   2.5355637e+01  -3.0158500e+01   2.3820444e+01
  -1.6734635e+01   1.7528134e-01  -5.4047103e+00  -4.8750332e+00   2.3814567e+01  -3.0219880e+01   2.2904127e+01
  -1.6676535e+01   8.8185623e-01  -6.3661300e+00  -5.3325681e+00   2.2731874e+01  -3.0329670e+01   2.2970062e+01
  -1.7578827e+01   2.9722798e-01  -7.3572371e+00  -2.3642000e+00   2.2875055e+01  -3.2621505e+01   2.1148281e+01
  -1.7478703e+01  -7.1846581e-01  -7.6623922e+00  -1.3906157e+00   2.1452522e+01  -3.2081628e+01   2.0288484e+01
  -1.8108350e+01  -2.5341766e+00  -7.8088629e+00  -2.9281050e-01   2.0978029e+01  -3.0633807e+01   1.8920632e+01
  -1.8405610e+01  -3.5051355e+00  -7.5557925e+00   2.3230765e+00   1.9906691e+01  -3.1937858e+01   1.9720826e+01
  -1.9588811e+01  -4.8345400e+00  -7.1395103e+00   2.7267892e+00   1.9634789e+01  -2.9594615e+01   1.9068044e+01
  -2.0179826e+01  -4.0062994e+00  -7.9516947e+00   3.7165316e+00   1.9332926e+01  -3.0981138e+01   1.7990452e+01
  -2.0790682e+01  -2.0701361e+00  -9.3494020e+00  -2.6421510e+00   1.8859988e+01  -2.6787184e+01   1.7096077e+01
  -2.1430998e+01  -2.3657104e+00  -1.0346310e+01  -2.1351141e+00   1.8614871e+01  -2.6758560e+01   1.6427249e+01
  -2.1095445e+01  -4.4146974e+00  -1.0081054e+01   5.0586857e-01   1.7179536e+01  -2.6401443e+01   1.4897911e+01
  -1.9548813e+01  -5.1545454e+00  -1.0452287e+01  -7.1018117e-01   1.4875955e+01  -2.3436570e+01   1.3379067e+01
  -2.0897130e+01  -4.5075106e+00  -1.1522343e+01  -1.4881052e+00   1.5717737e+01  -2.2060103e+01   1.1408502e+01
  -2.0333674e+01  -7.1891762e+00  -1.0333097e+01   2.7903179e+00   1.4324157e+01  -2.2121909e+01   9.1148247e+00
  -1.8935235e+01  -8.5457022e+00  -9.4207468e+00   3.5171832e+00   1.2499057e+01  -2.0522666e+01   8.8532895e+00
  -1.9796688e+01  -6.4926723e+00  -1.0288454e+01   3.8740180e+00   1.2978213e+01  -2.2604477e+01   7.1256630e+00
  -2.0664943e+01  -2.4469099e+00  -1.2079253e+01  -2.7281958e+00   1.4086740e+01  -1.9436452e+01   5.6226302e+00
  -1.9709270e+01  -2.9214163e+00  -1.1640832e+01  -1.6340829e+00   1.3016612e+01  -1.8404877e+01   4.1142772e+00
  -1.9759410e+01  -6.1422080e+00  -1.0067165e+01   3.4792956e+00   1.2548566e+01  -1.9109493e+01   3.7109896e+00
  -1.9436325e+01  -4.9375493e+00  -1.0439943e+01   1.4961176e+00   1.2187896e+01  -1.7974750e+01   3.3419184e+00
  -1.9699093e+01  -4.8338640e+00  -1.0538984e+01   1.8741421e+00   1.1909709e+01  -1.8216838e+01   3.1174889e+00
  -2.0090848e+01  -4.5834224e+00  -1.1076982e+01   1.9199309e+00   1.2144922e+01  -1.8935885e+01   2.7042925e+00
  -1.9688521e+01  -3.7953778e+00  -1.1469882e+01   2.4959159e+00   1.1560714e+01  -2.0263387e+01   2.5997241e+00
  -1.9656984e+01  -4.1803378e+00  -1.1674011e+01   2.0761117e+00   1.1150715e+01  -1.9446358e+01   2.5804083e+00
  -1.7788999e+01  -8.9046999e+00  -1.0101585e+01   8.6803465e+00   8.4059185e+00  -2.0858163e+01   3.0062810e+00
  -1.9226573e+01  -6.8494589e+00  -1.1323833e+01   6.0620185e+00   9.7496327e+00  -2.0499085e+01   2.3678022e+00
  -1.8999757e+01  -6.3043604e+00  -1.1997101e+01   6.2111613e+00   8.7060299e+00  -2.2190823e+01   3.1852640e+00
  -1.8429942e+01  -7.0046176e+00  -1.2459044e+01   6.5874170e+00   8.3681574e+00  -2.2616848e+01   1.8971753e+00
  -1.8391759e+01  -7.9824259e+00  -1.2405510e+01   4.6212949e+00   7.9560260e+00  -2.1242753e+01   2.1096031e+00
  -1.6110255e+01  -9.8162274e+00  -1.2250984e+01   7.1610147e-01   7.6146670e+00  -2.2254446e+01   3.1664044e+00
  -1.6544332e+01  -8.6588431e+00  -1.3007139e+01  -4.8531650e+00   1.1472490e+01  -2.2804809e+01  -3.4415357e-01
  -1.6022897e+01  -9.0193013e+00  -1.2239308e+01  -5.5913990e+00   1.3586041e+01  -2.3408910e+01  -3.7993753e-01
  -1.6810466e+01  -5.8938467e+00  -1.1250593e+01  -6.7731534e+00   1.9043381e+01  -2.4684847e+01   1.2869339e+00
  -1.7553402e+01  -5.4695728e+00  -9.3007952e+00  -3.5709812e+00   2.2572794e+01  -2.6318789e+01   4.7981297e+00
  -1.7067625e+01  -2.0940030e+00  -6.9876562e+00  -1.5402291e+00   2.4003745e+01  -2.8430431e+01   4.6909458e+00
  -1.5197604e+01   8.4942582e-01  -5.2713550e+00  -6.9492036e+00   2.4696191e+01  -2.6050386e+01   5.4715970e+00
  -1.6003150e+01   1.4040405e+00  -4.4808985e+00  -7.8737954e+00   2.8002645e+01  -2.6680773e+01   4.3027761e+00
  -1.6113482e+01   3.9539487e+00  -4.5663728e+00  -9.5365935e+00   3.0906452e+01  -2.9165638e+01   3.5203911e+00
  -1.6765393e+01   4.1629634e+00  -4.1287916e+00  -8.2241595e+00   3.3867992e+01  -3.1218214e+01   1.5811385e+00
  -1.7548440e+01   2.6400289e+00  -2.9638262e+00  -5.6338012e+00   3.5533410e+01  -3.2256314e+01  -4.3636415e-01
  -1.7567785e+01   3.3346509e+00  -2.6079204e+00  -4.9092605e+00   3.6503018e+01  -3.3525379e+01   9.3914786e-01
  -1.6242863e+01   5.0959867e+00  -1.5000588e+00  -7.1172101e+00   3.4984147e+01  -3.0958541e+01   3.6759226e+00
  -1.7053904e+01   5.3393435e+00   1.1806923e+00  -4.9117747e+00   3.2879601e+01  -2.6955198e+01   6.1239841e+00
  -1.6261124e+01   4.1931392e+00   2.6517011e+00  -2.9301401e+00   3.0794898e+01  -2.5593853e+01   8.8207430e+00
  -1.6574987e+01   4.9566975e+00   1.6637284e+00  -4.4096180e+00   3.1052386e+01  -2.5556879e+01   9.6867083e+00
  -1.6493385e+01   7.1634081e+00   9.3823377e-01  -6.8340375e+00   3.0280354e+01  -2.6298381e+01   1.1061651e+01
  -1.6061402e+01   6.1506778e+00   9.5025606e-01  -5.8377756e+00   2.9641179e+01  -2.6993386e+01   1.2702129e+01
  -1.6036519e+01   5.7460951e+00   6.9602687e-01  -6.0868474e+00   2.9040138e+01  -2.6643186e+01   1.4114335e+01
  -1.6478674e+01   5.5747149e+00  -2.4326190e-01  -6.8050787e+00   2.8781938e+01  -2.6921126e+01   1.5239871e+01
  -1.6956334e+01   7.6551735e+00  -2.5263603e+00  -1.0566273e+01   2.8906972e+01  -2.6772347e+01   1.5330638e+01
  -1.6974084e+01   5.9817447e+00  -2.9706022e+00  -9.1762898e+00   2.7900651e+01  -2.6996097e+01   1.5357784e+01
  -1.6607399e+01   4.1164132e+00  -3.5187986e+00  -7.3208080e+00   2.6654307e+01  -2.7487230e+01   1.7245373e+01
  -1.6423838e+01   6.3269138e+00  -4.8902570e+00  -1.0068084e+01   2.5243954e+01  -2.7632576e+01   1.9025159e+01
  -1.7139002e+01   4.2588380e+00  -5.4335764e+00  -6.6289134e+00   2.4522566e+01  -2.9285726e+01   2.0535682e+01
  -1.8452590e+01   3.5748181e+00  -6.8095419e+00  -6.4453129e+00   2.4763097e+01  -2.9414141e+01   1.9428722e+01
  -1.9499965e+01  -1.6064109e-01  -6.5193383e+00  -2.5634835e+00   2.4938729e+01  -2.9218648e+01   1.9817961e+01
  -1.9663005e+01  -3.8535098e-01  -7.1534495e+00  -6.1630280e-01   2.3711739e+01  -3.1211599e+01   1.8687565e+01
  -2.0255275e+01  -2.4248426e+00  -7.2314247e+00   2.0915435e+00   2.3372716e+01  -3.1077234e+01   1.7897446e+01
  -1.9671995e+01  -3.2020459e+00  -8.1757125e+00   2.2806509e+00   2.2154365e+01  -3.0233839e+01   1.8268190e+01
  -1.9992310e+01  -3.6340821e+00  -8.7114228e+00   8.9787359e-01   2.1807057e+01  -2.7855108e+01   1.7163124e+01
  -1.9692466e+01  -3.3025669e+00  -8.8533416e+00   7.3089429e-02   1.9210139e+01  -2.7367443e+01   1.7479224e+01
  -2.0490238e+01  -2.5788818e+00  -1.0275703e+01  -8.7322171e-01   1.8544782e+01  -2.6776509e+01   1.7755175e+01
  -1.9625015e+01  -1.0254389e+00  -1.0906294e+01  -2.5027715e+00   1.6538877e+01  -2.5934513e+01   1.7147529e+01
  -2.0336347e+01  -1.2687551e+00  -1.2235845e+01  -2.2096234e+00   1.6487035e+01  -2.5302948e+01   1.5022827e+01
  -1.9547952e+01  -3.5627854e+00  -1.2099556e+01  -2.6684636e-01   1.4376288e+01  -2.3585970e+01   1.2335016e+01
  -1.8795927e+01  -4.5016560e+00  -1.1732132e+01   3.3187104e-01   1.1880712e+01  -2.2166474e+01   1.0908980e+01
  -1.9134344e+01  -3.6844499e+00  -1.2227016e+01  -5.0166542e-02   1.0941805e+01  -2.1148970e+01   8.5038089e+00
  -1.9463643e+01  -3.5049468e+00  -1.2652163e+01  -9.9275924e-01   1.0050891e+01  -1.8355289e+01   4.0828550e+00
  -1.8591578e+01  -5.6582038e+00  -1.2606658e+01   3.2171281e+00   8.5077171e+00  -1.9244673e+01   2.3989126e+00
  -1.8456797e+01  -6.8288368e+00  -1.2422676e+01   3.8459719e+00   6.9650470e+00  -1.7058265e+01   8.8733153e-01
  -1.8481625e+01  -6.9470586e+00  -1.2692211e+01   3.1016251e+00   6.2170877e+00  -1.5524473e+01  -1.9616834e+00
  -1.8775471e+01  -6.2547542e+00  -1.3797996e+01   2.1611353e+00   5.4649947e+00  -1.4972478e+01  -4.3574069e+00
  -1.6291054e+01  -9.0690860e+00  -1.4525813e+01   4.7254354e+00   2.9631137e+00  -1.7937957e+01  -5.3767040e+00
  -1.6245261e+01  -6.4080252e+00  -1.4716975e+01  -3.6950583e+00   4.6389393e+00  -1.9473445e+01  -4.2630730e+00
  -1.5993180e+01  -8.8915210e+00  -1.3623354e+01  -2.2581335e+00   8.0455111e+00  -2.5098324e+01  -7.7811623e+00
  -1.6005877e+01  -7.1802503e+00  -1.4416065e+01  -5.1997518e+00   1.2293557e+01  -2.7671617e+01  -1.1309864e+01
  -1.5789711e+01  -3.1047284e+00  -1.3530183e+01  -9.3481618e+00   1.6301460e+01  -2.4950577e+01  -8.6226295e+00
  -1.5607689e+01  -2.5664802e+00  -1.0373744e+01  -6.4744570e+00   1.9977411e+01  -2.4591914e+01  -4.0563061e+00
  -1.5737394e+01  -7.1772723e-01  -7.8351808e+00  -5.5601293e+00   2.4814422e+01  -2.4737755e+01  -1.7507235e+00
  -1.4565094e+01   2.1631032e+00  -5.7837826e+00  -7.4231403e+00   2.8257982e+01  -2.5848390e+01  -4.3133129e+00
  -1.3861233e+01   4.0761296e+00  -3.9890568e+00  -8.8246261e+00   3.2058096e+01  -2.7517888e+01  -5.0842838e+00
  -1.5014286e+01   4.3439511e+00  -3.1884900e+00  -8.5440634e+00   3.6503706e+01  -2.9071875e+01  -7.4630389e+00
  -1.6080757e+01   3.3686301e+00  -2.7470688e+00  -5.6897002e+00   3.9957340e+01  -3.1802612e+01  -1.0063786e+01
  -1.6367220e+01   4.8328798e+00  -1.4620360e+00  -6.3601073e+00   3.9958663e+01  -3.1875541e+01  -1.1221424e+01
  -1.6068255e+01   2.5248359e+00   2.7436506e+00  -1.6221218e+00   3.8432906e+01  -2.7202214e+01  -1.3608563e+01
  -1.6108046e+01  -5.4202985e-01   6.5407874e+00   5.1296509e+00   3.6176291e+01  -2.5423856e+01  -1.5434775e+01
  -1.8096796e+01   6.5655935e-01   7.9190855e+00   4.7916608e+00   3.7128642e+01  -2.0515806e+01  -1.7174069e+01
  -1.9143526e+01   1.2699906e+00   9.0968374e+00   4.5826845e+00   3.4518439e+01  -1.6092435e+01  -1.6908730e+01
  -1.8560245e+01   1.7258243e+00   8.4383419e+00   4.3643551e+00   3.3885406e+01  -1.7219521e+01  -1.2130546e+01
  -1.8164441e+01   2.2270891e+00   7.3623247e+00   3.8669744e+00   3.2929304e+01  -1.9340765e+01  -8.6892819e+00
  -1.7250413e+01   3.0984696e+00   6.0100572e+00   2.7516366e+00   3.1815872e+01  -2.1266981e+01  -5.8658140e+00
  -1.7406734e+01   3.2448146e+00   4.9914949e+00   9.8517518e-01   3.1133005e+01  -2.1246828e+01  -2.3245117e+00
  -1.5921875e+01   2.7523125e+00   4.6401133e+00   3.3292756e-01   2.8420766e+01  -2.2026237e+01   3.7359589e-01
  -1.6073407e+01  -2.4870503e-01   4.3650033e+00   2.2316845e+00   2.7919205e+01  -2.2720509e+01   2.5519615e+00
  -1.5881516e+01   1.8204487e+00   2.3528695e+00  -2.2934335e+00   2.7028237e+01  -2.2461559e+01   5.8986529e+00
  -1.6578411e+01  -1.9890779e-01   1.7115012e+00  -1.6387343e+00   2.6616968e+01  -2.2217795e+01   7.2534090e+00
  -1.7045141e+01   5.6791503e-01   4.6047953e-01  -2.5160213e+00   2.5842932e+01  -2.3328789e+01   8.1990027e+00
  -1.7457481e+01  -4.1489978e-01  -4.1296780e-01  -3.0197466e+00   2.4920683e+01  -2.2744008e+01   9.9640649e+00
  -1.7459874e+01   9.6915634e-01  -2.0618949e+00  -4.4592001e+00   2.4164865e+01  -2.3668410e+01   1.2349101e+01
  -1.8083697e+01   1.8774257e+00  -4.3139338e+00  -4.9301666e+00   2.4172481e+01  -2.5474939e+01   1.2643584e+01
  -1.7357766e+01  -2.6306013e-01  -4.2315574e+00  -1.8796002e+00   2.2564024e+01  -2.6373611e+01   1.2181884e+01
  -1.8625301e+01   4.3535798e-01  -5.6785219e+00  -5.9213355e-01   2.3133924e+01  -2.8576426e+01   1.2604964e+01
  -1.8388959e+01  -4.4823722e+00  -4.8975732e+00   6.0763944e+00   2.1642720e+01  -3.0455337e+01   1.2057292e+01
  -1.9666878e+01  -5.0505869e+00  -5.7783975e+00   7.5228810e+00   2.1897823e+01  -3.1212837e+01   1.3464048e+01
  -1.8926050e+01  -3.2663220e+00  -6.4726033e+00   5.4629148e+00   1.9975961e+01  -3.0322265e+01   1.3240262e+01
  -1.9313070e+01  -2.7711321e+00  -6.9600442e+00   2.8114667e+00   1.8702187e+01  -2.8111254e+01   1.2876733e+01
  -1.8802027e+01  -2.2502812e+00  -7.5923021e+00   2.2720897e+00   1.6774779e+01  -2.7951937e+01   1.1798526e+01
  -2.0345233e+01  -1.7784677e-01  -9.9513469e+00  -7.3092797e-01   1.7750388e+01  -2.6468967e+01   9.8198584e+00
  -1.9792337e+01  -2.9878866e-01  -1.0424218e+01  -2.8369903e+00   1.6017337e+01  -2.3312168e+01   9.5824576e+00
  -2.0027412e+01  -4.1893031e+00  -1.0421537e+01   1.5609684e+00   1.6086573e+01  -2.2697682e+01   5.6298275e+00
  -1.9323066e+01  -2.1738942e+00  -1.1097105e+01  -1.8333297e+00   1.3994462e+01  -1.9566505e+01   4.3262111e+00
  -1.9266760e+01  -4.8620125e+00  -1.0484186e+01   1.9627267e+00   1.3011996e+01  -1.9254388e+01   2.5268619e+00
  -1.8124690e+01  -1.0100049e+01  -8.3069042e+00   8.9864486e+00   9.7370206e+00  -1.9665606e+01   1.4312475e+00
  -1.8416016e+01  -8.2641537e+00  -9.3943656e+00   7.2675784e+00   8.9917363e+00  -1.8722016e+01   8.0474545e-01
  -1.8210202e+01  -8.0893897e+00  -9.8431503e+00   5.6699153e+00   8.0206796e+00  -1.6023425e+01  -1.9313625e+00
  -1.9198798e+01  -6.9250419e+00  -1.0968182e+01   4.7829383e+00   8.8739643e+00  -1.5704585e+01  -3.0933153e+00
  -1.9247365e+01  -6.8736653e+00  -1.1562660e+01   4.5703138e+00   8.3377876e+00  -1.5371640e+01  -3.6955553e+00
  -1.8396273e+01  -1.1513508e+01  -1.0518030e+01   1.1625906e+01   6.5849572e+00  -1.8049257e+01  -5.1840808e+00
  -1.6544994e+01  -1.0403440e+01  -1.2585009e+01   8.2256681e+00   4.4325022e+00  -1.7800158e+01  -4.3093361e+00
  -1.6657939e+01  -7.0355119e+00  -1.3953512e+01   1.6111826e+00   6.8675851e+00  -2.3991100e+01  -5.0420542e+00
  -1.8140069e+01  -7.4756378e+00  -1.4875873e+01  -2.1307072e+00   1.1398087e+01  -2.7251476e+01  -8.1114944e+00
  -1.7445553e+01  -6.0166586e+00  -1.4713829e+01  -8.1694660e+00   1.7051804e+01  -2.7179716e+01  -1.1477780e+01
  -1.5590076e+01  -3.4060795e+00  -1.2772619e+01  -9.1764873e+00   1.8959170e+01  -2.8644722e+01  -1.1066219e+01
  -1.6570263e+01  -3.9712837e+00  -1.1889698e+01  -6.5991422e+00   2.4906871e+01  -3.0575786e+01  -9.7839256e+00
  -1.5486619e+01  -4.4631433e+00  -8.9837790e+00  -6.3918950e+00   2.6527994e+01  -2.9071181e+01  -4.9987122e+00
  -1.6632330e+01   1.8657461e+00  -1.0573271e+01  -1.3743829e+01   3.0870000e+01  -2.8192257e+01  -5.7583457e+00
  -1.6352849e+01  -1.6249094e-01  -7.9915726e+00  -1.0669065e+01   3.2071372e+01  -3.0488490e+01  -3.3353243e+00
  -1.6793135e+01   4.8000400e-01  -8.0616695e+00  -9.8895971e+00   3.5228567e+01  -3.3042286e+01  -3.5563661e+00
  -1.6716362e+01   8.7816411e-01  -7.4453151e+00  -8.7869278e+00   3.6814473e+01  -3.5590420e+01   1.2067659e+00
  -1.6948708e+01   1.6936784e+00  -6.6891741e+00  -8.4483327e+00   3.8101013e+01  -3.6191792e+01   3.3004097e+00
  -1.7000639e+01   6.4987693e-01  -5.5047724e+00  -7.3007719e+00   3.8490077e+01  -3.5230629e+01   3.9677428e+00
  -1.6729168e+01   3.1878300e+00  -4.3993810e+00  -7.3982801e+00   3.7462114e+01  -3.4333315e+01   3.6173084e+00
  -1.6727853e+01   6.1909736e+00  -2.4364438e+00  -8.0890605e+00   3.4662728e+01  -3.2314352e+01   5.1257223e+00
  -1.5430609e+01   6.3453378e+00   8.6432577e-01  -4.8955471e+00   3.0391006e+01  -2.9086705e+01   9.5829423e+00
  -1.6089246e+01   6.8306858e+00   3.7385538e-01  -5.9288234e+00   3.0109264e+01  -2.8589513e+01   1.3337865e+01
  -1.6967976e+01   1.0373408e+01  -2.1963097e+00  -1.1530285e+01   3.1041555e+01  -2.8356842e+01   1.5204646e+01
  -1.6411187e+01   1.1319313e+01  -3.4132819e+00  -1.4464985e+01   3.0683841e+01  -2.7879065e+01   1.8464191e+01
  -1.6339020e+01   8.5089168e+00  -2.9769751e+00  -1.1077265e+01   3.0119035e+01  -2.9366834e+01   2.0032506e+01
  -1.6919541e+01   7.1712610e+00  -3.6414270e+00  -1.1121082e+01   3.0066921e+01  -2.9322503e+01   2.1039086e+01
  -1.7357903e+01   8.3277923e+00  -4.8045721e+00  -1.3251148e+01   3.0077895e+01  -2.8899496e+01   2.1847190e+01
  -1.8566556e+01   5.8224495e+00  -5.5255236e+00  -1.1181961e+01   3.0541629e+01  -2.9693958e+01   2.2947421e+01
