  -1.5064663e+01  -1.1106291e-01  -6.8760654e+00  -8.3866566e+00   4.0957055e+01  -3.3932136e+01  -3.8797169e+00
  -1.5139023e+01   1.4845403e+00  -5.2943129e+00  -7.8223439e+00   4.2895850e+01  -3.4723139e+01  -4.0164988e+00
  -1.4970583e+01   3.8475833e+00  -1.5230796e+00  -5.7080187e+00   4.2893506e+01  -3.3767743e+01  -6.2354095e+00
  -1.5831558e+01   6.6001690e+00   1.6435427e+00  -6.1078395e+00   4.1263064e+01  -3.0940198e+01  -1.0353611e+01
  -1.5903536e+01   1.2087176e+00   5.5891844e+00   1.8525571e+00   3.9847021e+01  -2.8947929e+01  -1.4305800e+01
  -1.6568321e+01  -4.3033587e+00   9.1996119e+00   1.1156215e+01   4.0297583e+01  -2.7398646e+01  -1.4810383e+01
  -1.8103366e+01  -9.4692272e-01   1.0342512e+01   8.7825945e+00   4.0142446e+01  -2.2259571e+01  -1.8183494e+01
  -1.8394032e+01   2.9719640e-01   1.2095533e+01   9.7382360e+00   3.7593431e+01  -2.0234228e+01  -2.0387016e+01
  -1.7940138e+01   2.5175015e+00   1.1348858e+01   7.9936782e+00   3.5516631e+01  -2.0212499e+01  -1.6427530e+01
  -1.7311990e+01  -2.1430898e+00   1.1361276e+01   1.1841175e+01   3.4539539e+01  -2.1579872e+01  -1.1631203e+01
  -1.7367046e+01  -1.9378227e+00   1.0097628e+01   1.0349513e+01   3.3793024e+01  -2.2323438e+01  -7.6580660e+00
  -1.7025638e+01  -1.8460518e+00   8.3636226e+00   8.2286516e+00   3.2747305e+01  -2.3046923e+01  -3.2246496e+00
  -1.6780884e+01  -2.0939603e+00   6.4753359e+00   6.0175397e+00   3.2147538e+01  -2.3753779e+01  -4.6929702e-01
  -1.5980121e+01  -2.2406860e-01   4.7921659e+00   3.1015188e+00   2.9662797e+01  -2.5238759e+01   3.3127860e+00
  -1.5908094e+01   1.1181889e+00   3.0882654e+00  -3.5611799e-01   2.8660447e+01  -2.4324306e+01   5.5960442e+00
  -1.6364108e+01   4.2907906e+00   1.0984377e+00  -5.6973458e+00   2.7503457e+01  -2.4046794e+01   7.4039298e+00
  -1.8028774e+01  -1.3346767e-01   5.1378591e-01  -4.1356864e+00   2.7919892e+01  -2.2125058e+01   8.9641139e+00
  -1.7583361e+01   2.6496683e+00  -1.7287942e+00  -7.4756315e+00   2.5752704e+01  -2.2909926e+01   9.4082346e+00
  -1.7564096e+01  -1.8238775e+00  -1.8567975e+00  -3.6346103e+00   2.5562162e+01  -2.1902163e+01   1.0938962e+01
  -1.7682313e+01   2.5522970e-01  -3.8409671e+00  -2.8966028e+00   2.4855744e+01  -2.5712566e+01   1.1171376e+01
  -1.7619824e+01   2.6957987e-01  -4.5256763e+00  -2.4755370e-01   2.3259544e+01  -2.8834818e+01   1.0134174e+01
  -1.8369187e+01  -2.2618679e+00  -4.7085592e+00   3.4413725e+00   2.2947375e+01  -2.9749269e+01   1.1168013e+01
  -1.9460595e+01  -2.4292371e+00  -5.0641225e+00   4.9832074e+00   2.2097000e+01  -3.0810315e+01   1.0891413e+01
  -1.8626591e+01  -1.0844905e+00  -6.0504013e+00   3.8416857e+00   1.9861252e+01  -3.0623795e+01   1.1943278e+01
  -1.9054043e+01  -3.2099274e-01  -7.2496909e+00   1.5094949e+00   1.9053565e+01  -2.8941896e+01   1.1410592e+01
  -1.9671484e+01  -2.2758224e+00  -7.8649785e+00   2.5169213e+00   1.8449341e+01  -2.7632855e+01   9.5553488e+00
  -1.9698235e+01  -1.3605234e+00  -8.9798526e+00  -1.6376807e-01   1.7391544e+01  -2.5339649e+01   9.0008632e+00
  -2.0241473e+01  -3.2124617e+00  -9.3369021e+00   1.2195667e+00   1.6492657e+01  -2.4192819e+01   7.5385318e+00
  -1.9813233e+01  -3.1456363e+00  -9.9228306e+00   1.3382207e+00   1.4813385e+01  -2.3649053e+01   5.0031128e+00
  -1.9467369e+01  -2.3851460e+00  -1.1171893e+01  -8.1033850e-01   1.3850780e+01  -2.1369045e+01   3.2078515e+00
  -1.9816212e+01  -2.8691012e+00  -1.0954650e+01   6.3679703e-01   1.2011578e+01  -2.0596256e+01   1.8608972e+00
  -2.0032236e+01  -1.2965614e+00  -1.1888363e+01  -4.7428902e+00   1.1038833e+01  -1.5234487e+01  -1.0353973e-01
  -2.0431813e+01  -1.8582487e+00  -1.2461173e+01  -1.8570915e+00   9.9094114e+00  -1.6867084e+01  -1.5524268e-01
  -1.9369727e+01  -2.2188657e+00  -1.2876562e+01  -2.1391823e-01   8.4347810e+00  -1.8470859e+01  -2.8032106e+00
  -1.9101584e+01  -7.2426582e+00  -1.2589157e+01   2.2991594e+00   6.8247811e+00  -1.9975479e+01  -2.8089340e+00
  -1.8028423e+01  -5.6033670e+00  -1.3753758e+01  -2.1189978e+00   8.6039301e+00  -2.4308041e+01  -4.2902031e+00
  -1.8921833e+01  -9.0587899e+00  -1.2670312e+01  -1.3257926e+00   1.1114785e+01  -2.9319468e+01  -4.7800773e+00
  -1.6570485e+01  -5.1582225e+00  -1.2062429e+01  -8.8624780e+00   1.6731343e+01  -2.8200557e+01  -7.7581829e+00
  -1.5871869e+01  -3.0621713e+00  -1.0983197e+01  -9.5917732e+00   2.2028426e+01  -2.8970210e+01  -1.1055367e+01
  -1.5227005e+01  -1.5432623e+00  -8.3815869e+00  -8.4345251e+00   2.8704482e+01  -2.8034287e+01  -1.2489321e+01
  -1.3779506e+01   2.3891189e+00  -5.3375905e+00  -6.6310016e+00   3.0953893e+01  -3.0999796e+01  -1.5822950e+01
  -1.4329428e+01   5.1761701e+00  -3.8173643e+00  -9.2240377e+00   3.4505304e+01  -3.0075940e+01  -1.5957075e+01
  -1.5054931e+01   6.8319243e+00  -2.3042918e+00  -7.8302532e+00   3.8451190e+01  -3.1242334e+01  -1.7368943e+01
  -1.5948923e+01   6.9032565e+00  -5.3132673e-01  -7.5760329e+00   3.9008999e+01  -3.0264139e+01  -1.8943630e+01
  -1.6040277e+01   8.2339196e+00   7.3739104e-01  -6.9319349e+00   3.9972288e+01  -3.0734160e+01  -2.0720555e+01
  -1.6210625e+01   5.1211557e+00   3.8073276e+00  -2.7634442e+00   3.9678577e+01  -2.9125323e+01  -2.1650106e+01
  -1.6351559e+01   3.6176923e+00   4.8293038e+00  -1.4878868e-01   3.9139600e+01  -2.8433304e+01  -2.3055616e+01
  -1.6894777e+01   1.6850139e+00   7.0602705e+00   4.6476084e+00   3.7391962e+01  -2.7360895e+01  -2.4945581e+01
  -1.8048591e+01  -1.2121824e+00   8.4147940e+00   7.1359260e+00   3.8720229e+01  -2.2967231e+01  -2.3286597e+01
  -1.8717282e+01  -6.5023886e-01   1.0451236e+01   9.6782720e+00   3.5842601e+01  -1.9848355e+01  -1.6341632e+01
  -1.8607106e+01   1.1312157e+00   9.4299624e+00   7.5642254e+00   3.3831033e+01  -2.0104422e+01  -1.2049163e+01
  -1.8742716e+01   5.7059952e-01   8.8984672e+00   6.7714802e+00   3.2978681e+01  -2.0591651e+01  -9.1820214e+00
  -1.8384376e+01   3.3834290e+00   5.9474885e+00   2.1489076e+00   3.3336724e+01  -2.1240811e+01  -4.6719499e+00
  -1.7473827e+01   4.0054500e+00   4.3552577e+00  -7.6705128e-01   3.1405516e+01  -2.1974912e+01  -1.2644608e+00
  -1.7043767e+01   3.1289309e+00   3.7828026e+00  -4.7302467e-01   2.9359890e+01  -2.3596167e+01   2.1412642e+00
  -1.5391750e+01   4.9728013e+00   2.7412585e+00  -4.0076806e+00   2.6146877e+01  -2.3510786e+01   4.3716544e+00
  -1.6519577e+01   5.9872464e+00   8.6402883e-01  -7.1145777e+00   2.6242072e+01  -2.2891748e+01   6.6584055e+00
  -1.8022733e+01   1.7828116e+00   3.9622889e-01  -4.1619638e+00   2.6510282e+01  -2.2784644e+01   7.1911893e+00
  -1.7934032e+01   8.6826465e-01  -3.9963425e-01  -3.7395946e+00   2.4881851e+01  -2.3203732e+01   7.5913432e+00
  -1.7798138e+01   2.7484513e+00  -2.1253687e+00  -5.6132577e+00   2.3682295e+01  -2.3745694e+01   9.4766814e+00
  -1.9187088e+01   2.4677949e+00  -3.8616213e+00  -6.4276363e+00   2.4141975e+01  -2.2962590e+01   9.9637350e+00
  -1.9366648e+01   4.4623986e-01  -4.3638028e+00  -4.2974316e+00   2.3095936e+01  -2.3173765e+01   1.0074928e+01
  -1.9950121e+01   1.0401823e-01  -5.4010862e+00  -3.5553121e+00   2.2841657e+01  -2.3799553e+01   9.7753841e+00
  -2.0445621e+01  -8.8954269e-01  -5.6624091e+00  -1.0700706e+00   2.1883122e+01  -2.4888071e+01   9.9660702e+00
  -2.0313424e+01  -3.0402262e+00  -5.5083795e+00   1.2199048e+00   2.0773333e+01  -2.4268178e+01   9.4641076e+00
  -2.0450785e+01  -2.4439399e+00  -6.3755890e+00   5.2983928e-01   2.0025431e+01  -2.3893180e+01   8.0892566e+00
  -2.0694632e+01  -2.5921408e+00  -6.9627710e+00   1.3530892e+00   1.9196800e+01  -2.4161425e+01   7.4223855e+00
  -2.1358621e+01  -3.1187483e+00  -7.9460749e+00   6.6658075e-01   1.9076604e+01  -2.2783480e+01   7.2599214e+00
  -2.1357236e+01  -3.7158117e+00  -8.0207474e+00   6.5578310e-01   1.7225570e+01  -2.1545347e+01   7.0872422e+00
  -2.0290480e+01  -5.3814220e+00  -8.3425442e+00   4.0102787e-01   1.5824008e+01  -1.8258653e+01   4.7017761e+00
  -2.0427423e+01  -7.7710640e+00  -8.0536679e+00   5.2430428e+00   1.4271444e+01  -1.9279622e+01   2.5686227e+00
  -2.0040857e+01  -7.9999842e+00  -7.8603761e+00   5.7524469e+00   1.2060025e+01  -1.7971050e+01   8.7096850e-01
  -2.0937647e+01  -1.3677065e+01  -6.0790559e+00   1.3245679e+01   1.0806918e+01  -1.7704685e+01  -1.1978954e+00
  -2.2081109e+01  -8.9446435e+00  -7.8935593e+00   7.7089856e+00   1.1342892e+01  -1.5660344e+01  -3.7891329e+00
  -2.2816158e+01  -1.0648536e+01  -7.6599085e+00   1.1910997e+01   1.1522602e+01  -1.7052545e+01  -4.8410831e+00
  -2.2434553e+01  -7.7516489e+00  -9.8119546e+00   6.9870836e+00   1.1602492e+01  -1.4556239e+01  -6.4329702e+00
  -2.2763501e+01  -8.7127239e+00  -9.6602852e+00   7.6487639e+00   1.1170217e+01  -1.3567266e+01  -6.9886787e+00
  -2.2163164e+01  -6.0614018e+00  -1.0659349e+01   4.1915017e+00   9.9783952e+00  -1.2316906e+01  -8.3002041e+00
  -2.1348383e+01  -8.6245442e+00  -1.0518018e+01   6.2933279e+00   8.4216775e+00  -1.1574366e+01  -9.2261603e+00
  -2.1146606e+01  -8.3907968e+00  -1.0920195e+01   6.9238329e+00   7.5766251e+00  -1.2947964e+01  -9.8096462e+00
  -1.9030028e+01  -7.4738260e+00  -1.3056956e+01   4.4871040e+00   5.4507040e+00  -1.7930473e+01  -9.5796516e+00
  -1.8688194e+01  -5.5316589e+00  -1.4010788e+01  -2.0082882e-01   8.0054710e+00  -2.3226505e+01  -1.1263074e+01
  -1.8595758e+01  -5.2681533e+00  -1.4297692e+01  -4.0392557e+00   1.2238582e+01  -2.5907438e+01  -1.4593965e+01
  -1.8069254e+01  -7.8794042e+00  -1.1835109e+01  -3.2467515e+00   1.7067787e+01  -2.4368115e+01  -1.8551213e+01
  -1.6459946e+01  -4.2330639e+00  -1.0566800e+01  -4.0533471e+00   2.1378019e+01  -2.6032932e+01  -2.1729685e+01
  -1.6424685e+01  -2.2631929e+00  -9.1666985e+00  -3.4138936e+00   2.5194224e+01  -2.7861503e+01  -2.5621311e+01
  -1.5576385e+01   7.9844066e-01  -7.2771229e+00  -6.6832164e+00   2.8624769e+01  -2.5636668e+01  -2.5000027e+01
  -1.3674905e+01  -3.9023990e-01  -3.5238403e+00  -3.8385009e+00   2.9057895e+01  -2.6281637e+01  -2.7173338e+01
  -1.3553764e+01  -4.0810669e-01  -1.8135945e+00  -2.2797757e+00   3.1095221e+01  -2.8158580e+01  -2.8045864e+01
  -1.6615828e+01   3.1838332e+00  -2.5899772e+00  -6.1624227e+00   3.6601779e+01  -2.7909364e+01  -2.9530749e+01
  -1.6205057e+01   3.3426717e+00   5.2778747e-02  -3.9783533e+00   3.6689618e+01  -2.8405287e+01  -2.9538980e+01
  -1.5816411e+01   2.7362537e+00   3.1673012e+00  -1.8825955e+00   3.7690475e+01  -2.4838077e+01  -3.0753723e+01
  -1.6465752e+01  -1.1584184e+00   6.0414419e+00   3.8728261e+00   3.8736799e+01  -2.3113791e+01  -3.2112320e+01
  -1.7457540e+01  -2.5557623e+00   1.0073401e+01   9.1280495e+00   3.8186676e+01  -2.0040235e+01  -3.0533690e+01
  -1.9511958e+01   1.5793207e+00   1.0843369e+01   5.8775365e+00   3.8249883e+01  -1.7073063e+01  -2.6134397e+01
  -1.8566111e+01   1.3187399e+00   1.2107067e+01   7.4207316e+00   3.5561407e+01  -1.6131254e+01  -1.9820360e+01
  -1.8597015e+01   1.3599932e+00   1.0023327e+01   6.9791503e+00   3.4889886e+01  -1.8754114e+01  -1.3530358e+01
  -1.8270056e+01   1.0537129e+00   8.7183434e+00   5.2256565e+00   3.3268010e+01  -1.9779248e+01  -9.0388529e+00
  -1.7882967e+01   9.5216516e-01   6.4291519e+00   3.6475546e+00   3.3181167e+01  -2.1257246e+01  -3.8626296e+00
  -1.6739886e+01   5.5881600e-01   5.1901704e+00   2.1770131e+00   3.0888593e+01  -2.2282148e+01  -9.6537391e-01
  -1.5829460e+01   5.7233914e-01   4.2620451e+00   1.4437765e+00   2.8086004e+01  -2.4343401e+01   3.6518526e+00
  -1.6428518e+01   4.0767591e+00   1.6995259e+00  -4.1875987e+00   2.7945530e+01  -2.4154979e+01   6.3229787e+00
  -1.7219304e+01   1.4358204e+00   1.0248003e+00  -3.1487662e+00   2.7834834e+01  -2.4527317e+01   8.1944219e+00
  -1.7252422e+01   2.5818047e+00  -6.3727068e-01  -6.8338103e+00   2.6420453e+01  -2.3686718e+01   9.7418857e+00
  -1.6962857e+01   6.9984002e-01  -1.4843608e+00  -4.5095509e+00   2.5651489e+01  -2.5149166e+01   1.2652970e+01
  -1.7096809e+01   2.6009460e+00  -3.1455282e+00  -6.5438200e+00   2.4976759e+01  -2.5887315e+01   1.4120648e+01
  -1.7628778e+01  -7.2332912e-01  -3.8037813e+00  -3.3977755e+00   2.4709500e+01  -2.6035727e+01   1.4612343e+01
  -1.6795364e+01  -2.2421536e+00  -3.9902712e+00   3.9213484e-01   2.2224765e+01  -2.8617709e+01   1.5360114e+01
  -1.9263556e+01  -2.1749330e+00  -5.9188805e+00   1.7293346e+00   2.3896314e+01  -3.0522354e+01   1.5706730e+01
  -2.1193647e+01  -8.0050266e+00  -5.5561955e+00   9.7366642e+00   2.3891265e+01  -3.2362454e+01   1.4942548e+01
  -2.0788733e+01  -5.5896771e+00  -6.8523184e+00   7.2897752e+00   2.1622817e+01  -3.2171184e+01   1.5235037e+01
  -2.0885400e+01  -3.6427194e+00  -8.7624550e+00   6.1959273e-01   2.0653896e+01  -2.7898417e+01   1.5631527e+01
  -2.0719370e+01  -3.2196633e+00  -9.4355723e+00   1.5403530e-01   1.8618459e+01  -2.6902600e+01   1.4898694e+01
  -2.0883014e+01  -4.2655322e+00  -1.0074515e+01   1.1995071e+00   1.7567460e+01  -2.6678831e+01   1.3451038e+01
  -2.0551534e+01  -3.7802027e+00  -1.1251088e+01  -1.7092526e-01   1.6255289e+01  -2.4907655e+01   1.1388590e+01
  -2.1749173e+01  -6.6236698e+00  -1.0769841e+01   4.0718181e+00   1.5756942e+01  -2.5013682e+01   9.8418991e+00
  -2.1837065e+01  -8.8795911e+00  -1.0340082e+01   5.2698774e+00   1.4529147e+01  -2.3680121e+01   8.9681531e+00
  -2.0643855e+01  -6.5578435e+00  -1.1121162e+01   4.1027842e+00   1.2822913e+01  -2.3653674e+01   7.0272181e+00
  -2.0066826e+01  -6.1738666e+00  -1.1647636e+01   4.4692161e+00   1.1511754e+01  -2.3251031e+01   3.6420215e+00
  -1.9439588e+01  -6.5820225e+00  -1.1459624e+01   3.7284185e+00   9.6943635e+00  -2.0708484e+01   1.5592787e+00
  -1.9644461e+01  -4.8486293e+00  -1.2730720e+01   4.5671811e-01   9.5886830e+00  -1.8251796e+01  -2.9927113e-01
  -2.0274641e+01  -3.5097382e+00  -1.3371190e+01   1.0623834e+00   9.2306897e+00  -1.8923124e+01  -1.9029668e+00
  -1.9340935e+01  -4.6291021e+00  -1.2882865e+01   1.2439858e+00   7.3387747e+00  -1.7085668e+01  -4.0423339e+00
  -2.0458388e+01  -4.9082952e+00  -1.3552524e+01   2.1201013e+00   7.3218164e+00  -1.8269687e+01  -3.4128484e+00
  -1.9298579e+01  -6.1558425e+00  -1.4611775e+01   5.4461399e+00   6.0338781e+00  -2.2487866e+01  -3.9273021e+00
  -1.8816701e+01  -8.0684596e+00  -1.4006587e+01   3.1205932e+00   6.7530364e+00  -2.5415017e+01  -2.9883040e+00
  -1.9024670e+01  -4.8656733e+00  -1.5004233e+01  -5.5265535e+00   1.0954246e+01  -2.6302085e+01  -8.2889445e+00
  -1.7656546e+01  -4.8838178e+00  -1.3720673e+01  -7.4218734e+00   1.3088875e+01  -2.8286177e+01  -9.0848630e+00
  -1.7289492e+01  -3.3854873e+00  -1.1804890e+01  -8.1819118e+00   1.8550981e+01  -2.8833442e+01  -7.5196158e+00
  -1.6359414e+01  -2.7160606e+00  -9.9657740e+00  -6.9162981e+00   2.2755787e+01  -3.0585010e+01  -2.1106195e+00
  -1.5562958e+01   6.6366641e-01  -8.8649065e+00  -1.0397821e+01   2.5223115e+01  -3.0478875e+01  -1.7438050e+00
  -1.6884231e+01   1.3665895e+00  -9.0040970e+00  -1.4045764e+01   3.0352928e+01  -2.9104298e+01   3.4932558e-01
  -1.6662220e+01  -8.0085466e-01  -8.1950773e+00  -1.0189315e+01   3.2787169e+01  -3.2814633e+01   1.7340540e+00
  -1.6580735e+01  -1.2812574e+00  -7.5878119e+00  -8.9419634e+00   3.5120791e+01  -3.4926621e+01   1.6612172e+00
  -1.7689079e+01  -2.2986131e+00  -7.2875046e+00  -6.3287635e+00   3.8934985e+01  -3.6538980e+01   9.1533651e-01
  -1.7393649e+01  -5.1831833e-01  -5.2159037e+00  -4.8831096e+00   4.2848468e+01  -3.6807139e+01   1.9014407e-01
  -1.6225241e+01   2.5208276e+00  -3.1555870e-01  -4.2164874e+00   4.3009244e+01  -3.2644789e+01  -5.2819141e+00
  -1.6423282e+01   1.0037324e+00   4.8614097e+00   1.0676033e+00   4.1698067e+01  -2.9697934e+01  -5.3237850e+00
  -1.6660472e+01  -3.1106589e+00   9.0924915e+00   8.0110896e+00   4.0861778e+01  -2.6177394e+01  -7.8265681e+00
  -1.6954833e+01  -1.6528654e+00   9.9615614e+00   9.8126961e+00   3.7758771e+01  -2.5590620e+01  -6.2432953e+00
  -1.7052973e+01  -7.9566701e-01   9.4243021e+00   7.7709071e+00   3.5029967e+01  -2.3492363e+01  -3.5912731e+00
  -1.6363101e+01  -9.1650733e-01   8.7404030e+00   9.1390859e+00   3.4542898e+01  -2.6976306e+01   8.9657370e-01
  -1.7253901e+01  -2.3419274e+00   7.9766758e+00   7.7021334e+00   3.4985076e+01  -2.6293981e+01   4.0006895e+00
  -1.7374552e+01  -2.9035578e+00   6.0637474e+00   4.7877669e+00   3.6515529e+01  -2.4260287e+01   7.3166324e+00
  -1.6908529e+01   7.9534121e-01   4.6289929e+00  -8.5217841e-01   3.4803316e+01  -2.4169333e+01   9.2806894e+00
  -1.6439312e+01   4.7226968e+00   2.6016548e+00  -4.1461270e+00   3.3469711e+01  -2.6669222e+01   1.2360445e+01
  -1.7028376e+01   7.5477804e+00   6.4641367e-02  -9.1076422e+00   3.3924323e+01  -2.6689744e+01   1.3727734e+01
  -1.6404640e+01   7.1004085e+00  -6.5558326e-01  -8.7573057e+00   3.2642170e+01  -2.8093782e+01   1.7476389e+01
  -1.6332547e+01   5.4031746e+00  -7.5061754e-01  -8.0387926e+00   3.1239184e+01  -2.8165357e+01   1.8473995e+01
  -1.6502588e+01   5.1102653e+00  -1.8582399e+00  -9.0867901e+00   3.0166773e+01  -2.8472274e+01   1.8776814e+01
  -1.7077825e+01   3.4025026e+00  -2.3617860e+00  -7.0543309e+00   2.9416154e+01  -2.9228865e+01   2.0959239e+01
  -1.7434564e+01   3.7637124e+00  -4.0068032e+00  -7.8272026e+00   2.8884195e+01  -2.9738703e+01   2.1538154e+01
  -1.7151088e+01   1.6879632e+00  -4.1928259e+00  -7.0733077e+00   2.6930793e+01  -2.9317012e+01   2.3540892e+01
  -1.7068229e+01   7.0232895e-01  -4.4896429e+00  -5.3446516e+00   2.5199903e+01  -3.0246225e+01   2.3842376e+01
  -1.6765011e+01   1.9325112e-01  -5.3240700e+00  -4.8777263e+00   2.3714737e+01  -3.0275171e+01   2.2918231e+01
  -1.6611005e+01   8.9997102e-01  -6.3081998e+00  -5.3342058e+00   2.2661649e+01  -3.0367098e+01   2.2979367e+01
  -1.7583178e+01   3.1910784e-01  -7.2796007e+00  -2.3668156e+00   2.2780547e+01  -3.2672370e+01   2.1161186e+01
  -1.7611015e+01  -7.0781291e-01  -7.5959119e+00  -1.3923637e+00   2.1374100e+01  -3.2122288e+01   2.0298817e+01
  -1.8502269e+01  -2.5324050e+00  -7.7115190e+00  -2.9492003e-01   2.0872866e+01  -3.0688050e+01   1.8934434e+01
  -1.8903790e+01  -3.5153897e+00  -7.4738167e+00   2.3217233e+00   1.9828674e+01  -3.1976619e+01   1.9730128e+01
  -2.0211931e+01  -4.8596590e+00  -7.0762308e+00   2.7264056e+00   1.9590460e+01  -2.9616856e+01   1.9073330e+01
  -2.0751184e+01  -4.0361174e+00  -7.9063607e+00   3.7162810e+00   1.9301360e+01  -3.0996314e+01   1.7994122e+01
  -2.1151121e+01  -2.0836447e+00  -9.3027995e+00  -2.6425173e+00   1.8809486e+01  -2.6810435e+01   1.7101918e+01
  -2.1858955e+01  -2.4078022e+00  -1.0345462e+01  -2.1350949e+00   1.8624846e+01  -2.6753860e+01   1.6426076e+01
  -2.1864941e+01  -4.4961794e+00  -1.0083378e+01   5.0578895e-01   1.7218180e+01  -2.6383934e+01   1.4893526e+01
  -2.0514244e+01  -5.2286981e+00  -1.0375082e+01  -7.1026868e-01   1.4837957e+01  -2.3451870e+01   1.3383084e+01
  -2.1852084e+01  -4.5683595e+00  -1.1404396e+01  -1.4886186e+00   1.5625547e+01  -2.2098453e+01   1.1419090e+01
  -2.1664685e+01  -7.2856989e+00  -1.0197420e+01   2.7901421e+00   1.4266496e+01  -2.2144906e+01   9.1213703e+00
  -2.0352802e+01  -8.6565316e+00  -9.3035750e+00   3.5171991e+00   1.2487286e+01  -2.0527022e+01   8.8545138e+00
  -2.0975142e+01  -6.5956223e+00  -1.0215911e+01   3.8740186e+00   1.2971948e+01  -2.2606775e+01   7.1263246e+00
  -2.1227581e+01  -2.4684647e+00  -1.1979849e+01  -2.7287197e+00   1.3982341e+01  -1.9473793e+01   5.6340464e+00
  -2.0341212e+01  -2.9564577e+00  -1.1554531e+01  -1.6343995e+00   1.2933432e+01  -1.8432422e+01   4.1227798e+00
  -2.0871246e+01  -6.2162440e+00  -9.9528083e+00   3.4790797e+00   1.2487360e+01  -1.9130286e+01   3.7174037e+00
  -2.0369200e+01  -4.9990688e+00  -1.0343625e+01   1.4959102e+00   1.2124402e+01  -1.7995382e+01   3.3483330e+00
  -2.0618605e+01  -4.8974854e+00  -1.0450808e+01   1.8739787e+00   1.1853243e+01  -1.8234664e+01   3.1230640e+00
  -2.1005392e+01  -4.6532136e+00  -1.0997466e+01   1.9197978e+00   1.2095279e+01  -1.8951747e+01   2.7092359e+00
  -2.0471489e+01  -3.8602716e+00  -1.1411955e+01   2.4958345e+00   1.1523230e+01  -2.0274607e+01   2.6032125e+00
  -2.0536669e+01  -4.2528267e+00  -1.1601549e+01   2.0759865e+00   1.1103621e+01  -1.9459922e+01   2.5846301e+00
  -1.9358952e+01  -9.0514229e+00  -1.0003336e+01   8.6802593e+00   8.4309069e+00  -2.0852026e+01   3.0044785e+00
  -2.0577828e+01  -7.0011025e+00  -1.1286297e+01   6.0618083e+00   9.7982126e+00  -2.0486009e+01   2.3639535e+00
  -2.0314473e+01  -6.4663247e+00  -1.1982501e+01   6.2107867e+00   8.7710946e+00  -2.2175193e+01   3.1808005e+00
  -1.9969694e+01  -7.1753784e+00  -1.2374185e+01   6.5873969e+00   8.3788201e+00  -2.2614464e+01   1.8964619e+00
  -2.0149552e+01  -8.1632486e+00  -1.2263429e+01   4.6212575e+00   7.9339449e+00  -2.1247419e+01   2.1110492e+00
  -1.8263740e+01  -1.0013030e+01  -1.1986687e+01   7.1553532e-01   7.5124513e+00  -2.2272064e+01   3.1720226e+00
  -1.8579641e+01  -8.8489813e+00  -1.2755627e+01  -4.8539642e+00   1.1323766e+01  -2.2839397e+01  -3.3220769e-01
  -1.8031811e+01  -9.1833330e+00  -1.1956337e+01  -5.5928660e+00   1.3391134e+01  -2.3462700e+01  -3.6075087e-01
  -1.8060314e+01  -5.9547301e+00  -1.1021865e+01  -6.7758836e+00   1.8777855e+01  -2.4785535e+01   1.3222256e+00
  -1.8525075e+01  -5.4888683e+00  -9.0909816e+00  -3.5743910e+00   2.2325194e+01  -2.6437407e+01   4.8367324e+00
  -1.7392540e+01  -2.0675219e+00  -6.8401775e+00  -1.5432029e+00   2.3788379e+01  -2.8540475e+01   4.7269955e+00
  -1.5217058e+01   8.9535279e-01  -5.0917758e+00  -6.9536312e+00   2.4423206e+01  -2.6193607e+01   5.5207724e+00
  -1.5992268e+01   1.4525601e+00  -4.3008277e+00  -7.8788372e+00   2.7699760e+01  -2.6853864e+01   4.3648449e+00
  -1.5864322e+01   3.9961387e+00  -4.4384107e+00  -9.5395354e+00   3.0683841e+01  -2.9300771e+01   3.5694106e+00
  -1.6530839e+01   4.2053376e+00  -4.0020338e+00  -8.2273459e+00   3.3616492e+01  -3.1378181e+01   1.6424924e+00
  -1.7445128e+01   2.6616070e+00  -2.9020829e+00  -5.6345932e+00   3.5397179e+01  -3.2348024e+01  -4.0060499e-01
  -1.7442890e+01   3.3520433e+00  -2.5570518e+00  -4.9100011e+00   3.6395639e+01  -3.3601374e+01   9.6830717e-01
  -1.6145929e+01   5.1132878e+00  -1.4330239e+00  -7.1185984e+00   3.4858481e+01  -3.1047764e+01   3.7087495e+00
  -1.7196734e+01   5.3550760e+00   1.2315174e+00  -4.9126191e+00   3.2777808e+01  -2.7028281e+01   6.1497819e+00
  -1.6478738e+01   4.2075794e+00   2.6855656e+00  -2.9304691e+00   3.0730268e+01  -2.5640727e+01   8.8361455e+00
  -1.6750249e+01   4.9718266e+00   1.7118872e+00  -4.4102478e+00   3.0964324e+01  -2.5619729e+01   9.7073406e+00
  -1.6658164e+01   7.1829846e+00   1.0122540e+00  -6.8356894e+00   3.0149080e+01  -2.6386714e+01   1.1090318e+01
  -1.6219606e+01   6.1728592e+00   1.0430086e+00  -5.8401725e+00   2.9488736e+01  -2.7093696e+01   1.2733485e+01
  -1.6161127e+01   5.7669868e+00   7.8865567e-01  -6.0891094e+00   2.8891575e+01  -2.6738124e+01   1.4143166e+01
  -1.6515643e+01   5.5972640e+00  -1.3643742e-01  -6.8079627e+00   2.8624592e+01  -2.7021715e+01   1.5269920e+01
  -1.6705970e+01   7.6927908e+00  -2.3552874e+00  -1.0571937e+01   2.8683521e+01  -2.6909406e+01   1.5372914e+01
  -1.6760627e+01   6.0262670e+00  -2.7839834e+00  -9.1827823e+00   2.7651507e+01  -2.7144162e+01   1.5402356e+01
  -1.6461319e+01   4.1632515e+00  -3.3196757e+00  -7.3284581e+00   2.6392127e+01  -2.7638091e+01   1.7289084e+01
  -1.5994062e+01   6.3871622e+00  -4.6689728e+00  -1.0076363e+01   2.4982265e+01  -2.7770719e+01   1.9064294e+01
  -1.6819963e+01   4.3113302e+00  -5.2672830e+00  -6.6349473e+00   2.4318415e+01  -2.9393355e+01   2.0564108e+01
  -1.8095282e+01   3.6325841e+00  -6.6686866e+00  -6.4499029e+00   2.4589376e+01  -2.9507689e+01   1.9453412e+01
  -1.9556666e+01  -1.4068356e-01  -6.4463886e+00  -2.5652017e+00   2.4841159e+01  -2.9275134e+01   1.9832211e+01
  -1.9744016e+01  -3.6882002e-01  -7.0890815e+00  -6.1782852e-01   2.3627876e+01  -3.1258117e+01   1.8699406e+01
  -2.0580518e+01  -2.4325678e+00  -7.1891700e+00   2.0909893e+00   2.3326710e+01  -3.1103409e+01   1.7904106e+01
  -2.0151935e+01  -3.2217593e+00  -8.1220054e+00   2.2801020e+00   2.2105141e+01  -3.0261570e+01   1.8275157e+01
  -2.0584648e+01  -3.6522504e+00  -8.6204295e+00   8.9686346e-01   2.1718746e+01  -2.7903816e+01   1.7175727e+01
  -2.0246114e+01  -3.3155528e+00  -8.7575959e+00   7.2015169e-02   1.9116302e+01  -2.7413274e+01   1.7490771e+01
  -2.0974047e+01  -2.6086608e+00  -1.0230600e+01  -8.7346414e-01   1.8504130e+01  -2.6795909e+01   1.7759915e+01
  -1.9847410e+01  -1.0265632e+00  -1.0851871e+01  -2.5032052e+00   1.6477140e+01  -2.5960148e+01   1.7153816e+01
  -2.0634191e+01  -1.2803000e+00  -1.2182699e+01  -2.2099713e+00   1.6428194e+01  -2.5327537e+01   1.5029106e+01
  -2.0317741e+01  -3.6383585e+00  -1.2061464e+01  -2.6685428e-01   1.4360515e+01  -2.3592207e+01   1.2336687e+01
  -1.9751905e+01  -4.5802320e+00  -1.1646746e+01   3.3172349e-01   1.1829074e+01  -2.2183385e+01   1.0913648e+01
  -1.9955335e+01  -3.7509240e+00  -1.2149060e+01  -5.0344531e-02   1.0884317e+01  -2.1165755e+01   8.5086326e+00
  -2.0298151e+01  -3.5513876e+00  -1.2517940e+01  -9.9361184e-01   9.9244698e+00  -1.8387201e+01   4.0931186e+00
  -1.9875298e+01  -5.7789708e+00  -1.2494840e+01   3.2169334e+00   8.4528739e+00  -1.9256896e+01   2.4028164e+00
  -1.9945961e+01  -7.0013710e+00  -1.2361140e+01   3.8458976e+00   6.9951074e+00  -1.7052394e+01   8.8552872e-01
  -2.0057420e+01  -7.1053892e+00  -1.2560194e+01   3.1014981e+00   6.1765498e+00  -1.5531174e+01  -1.9593888e+00
  -2.0324751e+01  -6.4228181e+00  -1.3671562e+01   2.1609714e+00   5.4152087e+00  -1.4979179e+01  -4.3550177e+00
  -1.8660143e+01  -9.3363248e+00  -1.4262227e+01   4.7248923e+00   2.8733688e+00  -1.7943966e+01  -5.3742426e+00
  -1.7977790e+01  -6.5820039e+00  -1.4497702e+01  -3.6962013e+00   4.4582177e+00  -1.9489553e+01  -4.2564200e+00
  -1.8175622e+01  -9.1145153e+00  -1.3367642e+01  -2.2587790e+00   7.9019583e+00  -2.5119582e+01  -7.7728591e+00
  -1.7903960e+01  -7.3683797e+00  -1.4174975e+01  -5.2009335e+00   1.2075833e+01  -2.7719480e+01  -1.1291013e+01
  -1.6607045e+01  -3.1475590e+00  -1.3363920e+01  -9.3495969e+00   1.6038970e+01  -2.5027380e+01  -8.5920893e+00
  -1.6187023e+01  -2.5454943e+00  -1.0142147e+01  -6.4791159e+00   1.9605022e+01  -2.4733838e+01  -4.0005857e+00
  -1.5943708e+01  -6.6642427e-01  -7.6222699e+00  -5.5651641e+00   2.4460666e+01  -2.4914024e+01  -1.6840737e+00
  -1.4473271e+01   2.2339802e+00  -5.5386145e+00  -7.4299152e+00   2.7806123e+01  -2.6090305e+01  -4.2160690e+00
  -1.3672813e+01   4.1286343e+00  -3.8048435e+00  -8.8282558e+00   3.1682639e+01  -2.7738189e+01  -4.9937659e+00
  -1.4829306e+01   4.3803141e+00  -3.0794377e+00  -8.5446885e+00   3.6239930e+01  -2.9242128e+01  -7.3896804e+00
  -1.5958026e+01   3.3966063e+00  -2.6743076e+00  -5.6890179e+00   3.9743303e+01  -3.1949124e+01  -9.9978906e+00
  -1.6270433e+01   4.8513102e+00  -1.4118173e+00  -6.3590771e+00   3.9821233e+01  -3.1971093e+01  -1.1180287e+01
  -1.6203074e+01   2.5369639e+00   2.7639526e+00  -1.6220727e+00   3.8365899e+01  -2.7248068e+01  -1.3588503e+01
  -1.6034976e+01  -5.5299660e-01   6.5219224e+00   5.1298307e+00   3.6224003e+01  -2.5392429e+01  -1.5448247e+01
  -1.8155365e+01   6.3752467e-01   7.8647869e+00   4.7933319e+00   3.7277091e+01  -2.0418918e+01  -1.7217327e+01
  -1.9338655e+01   1.2797593e+00   9.0807425e+00   4.5833449e+00   3.4550146e+01  -1.6071987e+01  -1.6917618e+01
  -1.8795780e+01   1.7298763e+00   8.3991163e+00   4.3652389e+00   3.3962179e+01  -1.7168156e+01  -1.2152487e+01
  -1.8445841e+01   2.2412958e+00   7.3455178e+00   3.8671176e+00   3.2952194e+01  -1.9325342e+01  -8.6956445e+00
  -1.7561626e+01   3.1062488e+00   5.9747315e+00   2.7517173e+00   3.1866303e+01  -2.1232580e+01  -5.8792054e+00
  -1.7678929e+01   3.2506098e+00   4.9639743e+00   9.8516870e-01   3.1167936e+01  -2.1222391e+01  -2.3336536e+00
  -1.6163260e+01   2.7705713e+00   4.6671495e+00   3.3279882e-01   2.8368752e+01  -2.2060362e+01   3.8591979e-01
  -1.6097436e+01  -2.2796439e-01   4.4450695e+00   2.2310056e+00   2.7800835e+01  -2.2799286e+01   2.5796263e+00
  -1.5995794e+01   1.8395091e+00   2.4216444e+00  -2.2938255e+00   2.6926702e+01  -2.2527863e+01   5.9211473e+00
  -1.6642428e+01  -1.6605731e-01   1.8411782e+00  -1.6402284e+00   2.6433949e+01  -2.2333579e+01   7.2917813e+00
  -1.7128085e+01   6.0508422e-01   6.0397560e-01  -2.5182266e+00   2.5642201e+01  -2.3450750e+01   8.2390071e+00
  -1.7528004e+01  -3.8312561e-01  -2.9106068e-01  -3.0210752e+00   2.4755731e+01  -2.2843260e+01   9.9958921e+00
  -1.7496942e+01   1.0026955e+00  -1.9320572e+00  -4.4610697e+00   2.3988518e+01  -2.3768245e+01   1.2379933e+01
  -1.8005209e+01   1.9134704e+00  -4.1962975e+00  -4.9322408e+00   2.4014321e+01  -2.5563212e+01   1.2670521e+01
  -1.7439324e+01  -2.3253082e-01  -4.1146408e+00  -1.8816349e+00   2.2412088e+01  -2.6455101e+01   1.2206223e+01
  -1.8608175e+01   4.5217511e-01  -5.6288951e+00  -5.9273150e-01   2.3067704e+01  -2.8613343e+01   1.2615692e+01
  -1.8828065e+01  -4.4650049e+00  -4.7715412e+00   6.0739926e+00   2.1509411e+01  -3.0527787e+01   1.2078338e+01
  -2.0195346e+01  -5.0636971e+00  -5.7184435e+00   7.5225253e+00   2.1852650e+01  -3.1238584e+01   1.3471084e+01
  -1.9289990e+01  -3.2916501e+00  -6.4755705e+00   5.4629112e+00   1.9992709e+01  -3.0313686e+01   1.3237973e+01
  -1.9665908e+01  -2.7819259e+00  -6.9224237e+00   2.8113076e+00   1.8665868e+01  -2.8128452e+01   1.2881504e+01
  -1.9118393e+01  -2.2590897e+00  -7.5525869e+00   2.2718971e+00   1.6733603e+01  -2.7969278e+01   1.1803353e+01
  -2.0406355e+01  -1.5799639e-01  -9.8878585e+00  -7.3148874e-01   1.7667233e+01  -2.6503841e+01   9.8300052e+00
  -1.9892936e+01  -2.7146703e-01  -1.0330085e+01  -2.8378366e+00   1.5899157e+01  -2.3357837e+01   9.5960370e+00
  -2.0839640e+01  -4.2250057e+00  -1.0300599e+01   1.5601741e+00   1.5975462e+01  -2.2743040e+01   5.6440481e+00
  -1.9796441e+01  -2.1794509e+00  -1.0987298e+01  -1.8340683e+00   1.3872169e+01  -1.9609255e+01   4.3399851e+00
  -2.0217769e+01  -4.9018743e+00  -1.0329532e+01   1.9616088e+00   1.2878527e+01  -1.9298999e+01   2.5416871e+00
  -1.9617286e+01  -1.0183094e+01  -8.1159762e+00   8.9860868e+00   9.6755069e+00  -1.9682512e+01   1.4367383e+00
  -1.9834817e+01  -8.3285784e+00  -9.1661363e+00   7.2659743e+00   8.8588728e+00  -1.8753908e+01   8.1595490e-01
  -1.9667275e+01  -8.1608675e+00  -9.6098482e+00   5.6683525e+00   7.8813005e+00  -1.6052754e+01  -1.9203964e+00
  -2.0578982e+01  -7.0147267e+00  -1.0787110e+01   4.7820370e+00   8.7634639e+00  -1.5729783e+01  -3.0841408e+00
  -2.0692441e+01  -6.9751903e+00  -1.1375114e+01   4.5693525e+00   8.2229479e+00  -1.5395957e+01  -3.6865740e+00
  -2.0518613e+01  -1.1704862e+01  -1.0303995e+01   1.1625897e+01   6.5849033e+00  -1.8049259e+01  -5.1840781e+00
  -1.8858200e+01  -1.0649518e+01  -1.2362737e+01   8.2256369e+00   4.4197000e+00  -1.7801664e+01  -4.3088227e+00
  -1.8431427e+01  -7.2224244e+00  -1.3774191e+01   1.6106513e+00   6.7631317e+00  -2.4005670e+01  -5.0365556e+00
  -2.0154840e+01  -7.6983687e+00  -1.4659322e+01  -2.1313239e+00   1.1248042e+01  -2.7282231e+01  -8.0995999e+00
  -1.9078285e+01  -6.1740471e+00  -1.4509258e+01  -8.1702272e+00   1.6818512e+01  -2.7248280e+01  -1.1450401e+01
  -1.6424938e+01  -3.4513316e+00  -1.2620158e+01  -9.1771757e+00   1.8700226e+01  -2.8726984e+01  -1.1032737e+01
  -1.7468856e+01  -4.0142092e+00  -1.1731885e+01  -6.6000191e+00   2.4629929e+01  -3.0692440e+01  -9.7357135e+00
  -1.6285348e+01  -4.4617875e+00  -8.7656401e+00  -6.3956626e+00   2.6155421e+01  -2.9248821e+01  -4.9285861e+00
  -1.6413730e+01   1.9712711e+00  -1.0320770e+01  -1.3749672e+01   3.0310667e+01  -2.8485568e+01  -5.6343736e+00
  -1.6494721e+01  -1.0176074e-01  -7.7753671e+00  -1.0675859e+01   3.1586410e+01  -3.0761657e+01  -3.2220982e+00
  -1.6810604e+01   5.3235676e-01  -7.9059164e+00  -9.8932225e+00   3.4832825e+01  -3.3280852e+01  -3.4559775e+00
  -1.6665720e+01   9.1803058e-01  -7.3290266e+00  -8.7908620e+00   3.6523232e+01  -3.5778169e+01   1.2816025e+00
  -1.6815040e+01   1.7349721e+00  -6.5732146e+00  -8.4539576e+00   3.7809291e+01  -3.6388329e+01   3.3787012e+00
  -1.6992166e+01   6.7742155e-01  -5.4101094e+00  -7.3051618e+00   3.8256163e+01  -3.5396936e+01   4.0325899e+00
  -1.6538931e+01   3.2224247e+00  -4.2952123e+00  -7.4021148e+00   3.7235954e+01  -3.4492311e+01   3.6778548e+00
  -1.6522319e+01   6.2215566e+00  -2.3231857e+00  -8.0925850e+00   3.4460621e+01  -3.2451422e+01   5.1754426e+00
  -1.5567583e+01   6.3619666e+00   9.3000021e-01  -4.8971631e+00   3.0271069e+01  -2.9165355e+01   9.6088308e+00
  -1.6178714e+01   6.8475870e+00   4.4858379e-01  -5.9309229e+00   2.9983188e+01  -2.8671541e+01   1.3363296e+01
  -1.6633592e+01   1.0402138e+01  -2.0563425e+00  -1.1534694e+01   3.0868218e+01  -2.8466990e+01   1.5238657e+01
  -1.5836759e+01   1.1365683e+01  -3.1856512e+00  -1.4474150e+01   3.0424906e+01  -2.8035277e+01   1.8510657e+01
  -1.5999418e+01   8.5487972e+00  -2.7734625e+00  -1.1087723e+01   2.9854791e+01  -2.9524984e+01   2.0077800e+01
  -1.6575524e+01   7.2177515e+00  -3.4238487e+00  -1.1133534e+01   2.9781448e+01  -2.9491740e+01   2.1086954e+01
  -1.6770519e+01   8.3884661e+00  -4.5665338e+00  -1.3263963e+01   2.9791611e+01  -2.9064754e+01   2.1893374e+01
  -1.8112461e+01   5.8838886e+00  -5.3114847e+00  -1.1195459e+01   3.0266352e+01  -2.9858776e+01   2.2992538e+01
