  -7.2153872e+00  -1.9731899e+01  -1.1624723e+01   6.9359462e+00   2.0555901e+01  -2.9764059e+01   3.8597156e+01
  -6.6991720e+00  -1.5237196e+01  -1.3318522e+01   2.4702287e+00   1.8447282e+01  -3.0314574e+01   3.7327254e+01
  -6.4972651e+00  -1.3130759e+01  -1.4577975e+01   3.5006068e-01   1.6721403e+01  -3.0816020e+01   3.6091442e+01
  -5.7441930e+00  -1.3876520e+01  -1.5236722e+01   7.8718266e-01   1.4569251e+01  -3.1616835e+01   3.5059971e+01
  -5.5803824e+00  -1.3677157e+01  -1.5158788e+01  -8.9823354e-01   1.1839326e+01  -2.8610967e+01   3.5620034e+01
  -4.4605077e+00  -1.5435683e+01  -1.4424411e+01   1.9533138e+00   7.6188096e+00  -2.9095956e+01   3.4692390e+01
  -5.4490740e+00  -1.6564179e+01  -1.4962702e+01   3.0742355e+00   6.6795701e+00  -2.7927120e+01   3.3279651e+01
  -6.3475561e+00  -2.1011931e+01  -1.5169093e+01   6.3598846e+00   5.2396014e+00  -2.5276113e+01   3.2412016e+01
  -7.2939807e+00  -2.2811520e+01  -1.5691653e+01   9.1898443e+00   4.7196898e+00  -2.5815442e+01   3.0472932e+01
  -7.6148104e+00  -2.3802261e+01  -1.5796102e+01   1.0561230e+01   3.0794772e+00  -2.4117574e+01   2.7909352e+01
  -6.0434978e+00  -2.9740322e+01  -1.6058637e+01   1.7904220e+01   4.8779546e-01  -2.4164096e+01   2.6219877e+01
  -4.3680688e+00  -2.6844506e+01  -1.6437328e+01   1.4601511e+01  -3.1992594e+00  -2.1761532e+01   2.1391062e+01
  -1.5496631e+00  -2.7381884e+01  -1.8472352e+01   1.6737869e+01  -6.3169415e+00  -2.1111706e+01   1.7220653e+01
   3.9033417e-01  -3.2702082e+01  -1.9271984e+01   2.4200042e+01  -1.0480080e+01  -2.0510777e+01   1.5264062e+01
   1.0622681e+00  -3.4299681e+01  -2.1370868e+01   2.9054268e+01  -1.1331943e+01  -2.1688077e+01   9.8715860e+00
   2.1902481e+00  -3.7773988e+01  -2.2481332e+01   3.3410038e+01  -1.4341385e+01  -2.0780352e+01   5.3325747e+00
  -1.0167983e-02  -3.6231375e+01  -2.2190467e+01   3.1100605e+01  -1.4260557e+01  -1.8296480e+01   2.3672802e+00
  -9.7166769e-01  -3.3181855e+01  -2.3364850e+01   2.9707460e+01  -1.3104228e+01  -1.7997496e+01  -1.7509302e+00
  -4.6415120e+00  -3.0113994e+01  -2.2111607e+01   2.8324237e+01  -1.2630916e+01  -1.7532366e+01  -1.9612177e+00
  -5.5375248e+00  -3.3820264e+01  -2.1910561e+01   3.5631461e+01  -1.4312772e+01  -1.8747913e+01  -2.7962117e+00
  -2.4683555e+00  -3.7208882e+01  -2.2408865e+01   3.7557209e+01  -1.5989174e+01  -2.0509210e+01  -3.1149056e+00
  -6.5277939e+00  -3.0141828e+01  -1.9701982e+01   2.3557210e+01  -1.0257342e+01  -1.9533476e+01  -5.5747961e+00
  -4.4665926e+00  -3.4185394e+01  -1.6541283e+01   2.3892476e+01  -9.1350543e+00  -2.1931584e+01  -5.7214626e+00
  -4.8970843e+00  -3.2781927e+01  -1.4617834e+01   1.9875559e+01  -2.1131935e+00  -2.3842064e+01  -5.4119349e+00
  -7.1092790e+00  -2.9106642e+01  -1.3894135e+01   1.5468108e+01   6.9789688e+00  -2.6099106e+01   4.1218496e+00
  -6.3467919e+00  -2.8657659e+01  -1.3630873e+01   1.5107274e+01   1.3366391e+01  -2.8723196e+01   1.2614954e+01
  -5.6653102e+00  -2.5719935e+01  -1.2375925e+01   1.2816781e+01   1.8569656e+01  -3.0579201e+01   1.8162615e+01
  -4.2134569e+00  -2.3741635e+01  -1.1895479e+01   1.1662086e+01   2.4205777e+01  -2.9285152e+01   1.9636477e+01
  -5.2681178e+00  -2.7129053e+01  -9.4985543e+00   1.8047283e+01   2.9404441e+01  -2.7942297e+01   2.0227564e+01
  -5.6015856e+00  -2.9845740e+01  -6.2122475e+00   2.3127173e+01   3.1895884e+01  -2.6551266e+01   2.0950736e+01
  -5.9323468e+00  -3.4298624e+01  -3.5408396e+00   2.9751754e+01   3.2607132e+01  -2.5647287e+01   2.2345057e+01
  -5.5417562e+00  -2.9129248e+01  -5.7863395e+00   2.2632367e+01   3.2303417e+01  -2.5750415e+01   2.4733050e+01
  -6.9214745e+00  -2.5443572e+01  -6.9880141e+00   1.6915371e+01   3.1148498e+01  -2.6376539e+01   2.8357232e+01
  -6.6788376e+00  -1.8495040e+01  -9.8479864e+00   7.3278570e+00   2.9867953e+01  -2.6013000e+01   2.9918392e+01
  -7.6064976e+00  -1.2063528e+01  -1.1877190e+01  -4.6103717e-01   2.9112024e+01  -2.6455009e+01   3.2567956e+01
  -8.0004576e+00  -9.7742018e+00  -1.3253580e+01  -4.1459612e+00   2.8039225e+01  -2.6263387e+01   3.5134310e+01
  -6.9449019e+00  -1.3343409e+01  -1.2312294e+01   3.8971102e-02   2.4752119e+01  -2.7630080e+01   3.6789629e+01
  -5.6749188e+00  -1.5426604e+01  -1.2781590e+01   1.4571656e+00   2.1904209e+01  -2.8179613e+01   3.7838340e+01
  -6.0440494e+00  -1.4099376e+01  -1.3863509e+01  -3.5234063e-01   2.1395761e+01  -2.8420654e+01   3.7552761e+01
  -6.0278852e+00  -1.3907625e+01  -1.3668995e+01  -1.7080423e-01   1.9281038e+01  -2.8780335e+01   3.5024400e+01
  -5.2448014e+00  -1.6877245e+01  -1.3835354e+01   3.3408409e+00   1.8187820e+01  -2.8345064e+01   3.3694499e+01
  -4.5886972e+00  -1.8355646e+01  -1.3900772e+01   5.2341579e+00   1.6068279e+01  -2.7896318e+01   3.1769944e+01
  -4.0353586e+00  -2.2348616e+01  -1.3732213e+01   7.6825690e+00   1.4519401e+01  -2.5924664e+01   2.9942465e+01
  -2.8447052e+00  -2.7380575e+01  -1.2986036e+01   1.2878957e+01   1.1262065e+01  -2.5973688e+01   2.8190773e+01
  -3.3023869e+00  -2.6112416e+01  -1.3808206e+01   1.3291948e+01   1.0278274e+01  -2.7425497e+01   2.6719501e+01
  -7.4076887e+00  -2.3877615e+01  -1.5060966e+01   1.1920583e+01   1.4301598e+01  -2.6909956e+01   2.7018112e+01
  -6.2393666e+00  -3.1453668e+01  -1.3977339e+01   1.9575080e+01   1.0692089e+01  -2.6366196e+01   2.5551721e+01
  -5.7252197e+00  -3.3618581e+01  -1.4029653e+01   1.9568405e+01   8.8845387e+00  -2.2590057e+01   2.3421317e+01
  -5.6636733e+00  -3.1141086e+01  -1.4520474e+01   1.8065379e+01   7.2774261e+00  -2.2185222e+01   2.1300616e+01
  -6.3185072e+00  -2.7404523e+01  -1.5093481e+01   1.5393041e+01   6.2353105e+00  -2.2175173e+01   1.8647278e+01
  -3.4690304e+00  -2.8143085e+01  -1.5135298e+01   1.8156475e+01   1.3909906e+00  -2.2867948e+01   1.7607922e+01
  -2.3856638e+00  -2.9967916e+01  -1.5898871e+01   2.1336307e+01  -1.3129666e+00  -2.2695591e+01   1.5103142e+01
  -1.7031767e+00  -3.2932570e+01  -1.6427580e+01   2.3841500e+01  -3.5955341e+00  -2.0717131e+01   1.3306365e+01
  -3.6175554e-02  -3.5909237e+01  -1.8314907e+01   2.7352698e+01  -5.4410944e+00  -1.9009955e+01   9.9228367e+00
  -7.4876759e-01  -3.5827218e+01  -1.9138147e+01   2.9330924e+01  -6.2483252e+00  -1.9342605e+01   6.8791254e+00
  -4.5600552e+00  -3.3969029e+01  -1.8517020e+01   2.9521318e+01  -5.7980794e+00  -1.9836327e+01   5.4571666e+00
  -3.5389693e+00  -3.5970194e+01  -1.8542421e+01   3.3566347e+01  -8.6231029e+00  -2.0347279e+01   3.5404128e+00
  -4.6490258e+00  -3.2682957e+01  -1.8250508e+01   2.9596903e+01  -7.3698032e+00  -1.9795810e+01   2.8729501e+00
  -4.5977222e+00  -3.3157571e+01  -1.7699964e+01   2.6240260e+01  -2.7365055e+00  -1.8686841e+01   1.8652326e+00
  -3.9507904e+00  -3.2863947e+01  -1.5730217e+01   2.2675800e+01   1.7673536e+00  -2.0168077e+01   2.5836485e+00
  -5.3635093e+00  -3.2764948e+01  -1.3226485e+01   2.2213229e+01   5.8710119e+00  -2.2369313e+01   3.7638567e+00
  -5.5745416e+00  -2.9059993e+01  -1.2948717e+01   1.5867915e+01   1.3398046e+01  -2.2330641e+01   2.3879523e+00
  -5.7283987e+00  -2.6495076e+01  -1.3000987e+01   1.6603650e+01   2.1897478e+01  -2.7816035e+01   3.0420367e+00
  -3.7796803e+00  -2.8454130e+01  -1.2960724e+01   1.8879419e+01   2.6993454e+01  -2.9233388e+01   5.6242242e+00
  -3.7559725e+00  -2.6440072e+01  -1.1013243e+01   1.7479128e+01   2.8755810e+01  -2.9423490e+01   1.4443290e+01
  -6.0336186e+00  -2.3111618e+01  -9.4137310e+00   1.6092033e+01   3.1463979e+01  -2.9258842e+01   1.9377936e+01
  -5.5179801e+00  -2.8713686e+01  -6.0405330e+00   2.3586629e+01   2.9038970e+01  -2.7802730e+01   2.4168497e+01
  -5.5614417e+00  -2.9889621e+01  -5.9870186e+00   2.3644068e+01   2.7601789e+01  -2.7895858e+01   2.6144584e+01
  -7.0144788e+00  -2.5770242e+01  -7.8353397e+00   1.8421491e+01   2.8354879e+01  -2.8722451e+01   2.6912364e+01
  -7.3441212e+00  -1.8842223e+01  -9.9734169e+00   9.8591286e+00   2.7602709e+01  -2.8162260e+01   2.9086563e+01
  -7.5271580e+00  -2.0316879e+01  -1.0445608e+01   9.8748501e+00   2.5970905e+01  -2.7570738e+01   3.1190386e+01
  -7.6460325e+00  -2.0518209e+01  -1.0767428e+01   9.3813935e+00   2.3555413e+01  -2.7687844e+01   3.1679886e+01
  -7.7377951e+00  -1.8091990e+01  -1.1094630e+01   5.1712769e+00   2.1552484e+01  -2.6261090e+01   3.1984940e+01
  -7.6858519e+00  -1.4034512e+01  -1.1682352e+01  -2.2550087e-02   1.9284456e+01  -2.5368450e+01   3.3870223e+01
  -6.7371541e+00  -1.2669368e+01  -1.2197054e+01  -2.7100280e-01   1.6889579e+01  -2.7473404e+01   3.4106063e+01
  -6.8508842e+00  -1.2242722e+01  -1.2636589e+01  -3.1237443e-01   1.5690196e+01  -2.8012835e+01   3.3456190e+01
  -7.4608704e+00  -1.3827361e+01  -1.3342191e+01  -2.4513649e-01   1.4992412e+01  -2.6705353e+01   3.2467094e+01
  -6.7890706e+00  -1.6736298e+01  -1.3519828e+01   2.3491342e+00   1.3319212e+01  -2.5541740e+01   3.0073464e+01
  -5.8960269e+00  -1.9516954e+01  -1.3635534e+01   5.2420629e+00   1.1555016e+01  -2.4848477e+01   2.8155228e+01
  -5.7393390e+00  -2.0263472e+01  -1.3599238e+01   4.1038570e+00   1.0117497e+01  -2.1571625e+01   2.5809108e+01
  -6.2318546e+00  -2.6139673e+01  -1.3395046e+01   1.1828798e+01   8.9222275e+00  -2.2979804e+01   2.4809150e+01
  -6.7323905e+00  -2.6959884e+01  -1.4421826e+01   1.5098609e+01   8.7395008e+00  -2.5607845e+01   2.3281869e+01
  -8.0895593e+00  -2.9754413e+01  -1.4212804e+01   1.6244534e+01   8.1082079e+00  -2.2290324e+01   2.2013539e+01
  -6.6479639e+00  -3.2401058e+01  -1.3697113e+01   1.8539972e+01   4.3415214e+00  -2.1335369e+01   2.2324574e+01
  -6.7895511e+00  -2.7814909e+01  -1.4934552e+01   1.4999444e+01   3.8561254e+00  -2.1901097e+01   1.8689116e+01
  -5.9452597e+00  -2.5501006e+01  -1.5420443e+01   1.3811187e+01   1.5706407e+00  -2.1408345e+01   1.6450114e+01
  -3.9136901e+00  -3.0400785e+01  -1.5640849e+01   1.9161702e+01  -2.4037722e+00  -2.0771475e+01   1.5685150e+01
  -2.3068716e+00  -3.1094685e+01  -1.7124079e+01   2.1376271e+01  -5.0166790e+00  -2.1118075e+01   1.4546095e+01
  -9.7182985e-01  -3.2911280e+01  -1.8219994e+01   2.3714275e+01  -7.5844500e+00  -2.0241526e+01   1.1272494e+01
  -2.0216666e+00  -3.0468939e+01  -1.8706413e+01   2.3380171e+01  -8.9754251e+00  -1.9847014e+01   1.0824982e+01
  -3.6317099e+00  -3.3437007e+01  -1.8281558e+01   2.8571031e+01  -9.7620412e+00  -2.0290733e+01   8.8969454e+00
  -4.9130951e+00  -3.2233109e+01  -1.8627321e+01   2.8330249e+01  -1.0079037e+01  -1.9407065e+01   5.6943772e+00
  -4.0725957e+00  -3.1862930e+01  -1.9968811e+01   2.7514992e+01  -1.1375209e+01  -1.7033269e+01   1.6238952e+00
  -4.4385504e+00  -3.2399241e+01  -1.9852943e+01   2.6833902e+01  -1.0886893e+01  -1.7608984e+01  -2.0081609e-01
  -6.2087080e+00  -2.8259476e+01  -1.8323491e+01   1.8784950e+01  -4.6447640e+00  -1.6692976e+01  -2.2948646e+00
  -3.4645960e+00  -3.3415931e+01  -1.6422054e+01   2.1475312e+01  -2.5395751e+00  -1.6782529e+01  -1.5600954e-01
  -5.0893220e+00  -2.9748315e+01  -1.4187788e+01   1.6191219e+01   3.4820833e+00  -1.6560321e+01   1.4888831e+00
  -4.4045948e+00  -3.2715204e+01  -1.3256638e+01   1.9446957e+01   9.6119227e+00  -1.8840218e+01   6.1862376e+00
  -4.0138370e+00  -3.1991801e+01  -1.1894251e+01   2.0694720e+01   1.6387866e+01  -2.1295893e+01   1.3374076e+01
  -5.2760539e+00  -2.8774218e+01  -1.0263645e+01   2.0222173e+01   2.2677634e+01  -2.5011866e+01   1.8401135e+01
  -6.1161153e+00  -2.7945997e+01  -8.7452681e+00   2.0490437e+01   2.6535395e+01  -2.5673170e+01   2.2994955e+01
  -6.6421293e+00  -2.6114199e+01  -7.6472455e+00   1.9632511e+01   2.9356406e+01  -2.6018730e+01   2.3483902e+01
  -6.8045249e+00  -2.1898831e+01  -8.4215728e+00   1.3406722e+01   2.7654896e+01  -2.4416422e+01   2.5330403e+01
  -7.6640104e+00  -2.6335227e+01  -8.1083891e+00   1.7539829e+01   2.6081416e+01  -2.4929165e+01   2.5868095e+01
  -8.1547153e+00  -2.4730698e+01  -9.4152905e+00   1.5264153e+01   2.5523871e+01  -2.5285162e+01   2.7201714e+01
  -7.7768521e+00  -2.9365870e+01  -9.4706513e+00   2.0359031e+01   2.2895371e+01  -2.7281030e+01   2.8946819e+01
  -6.8946878e+00  -2.5012539e+01  -1.0701235e+01   1.3933455e+01   1.9904480e+01  -2.6153472e+01   2.9945314e+01
  -6.8856011e+00  -1.7832212e+01  -1.1974038e+01   6.0441831e+00   1.8475780e+01  -2.6188132e+01   3.1192133e+01
  -6.4950934e+00  -1.6516248e+01  -1.2327840e+01   3.0907582e+00   1.5860790e+01  -2.5482473e+01   3.2294096e+01
  -7.5766766e+00  -1.1170093e+01  -1.3794764e+01  -3.2641745e+00   1.5762927e+01  -2.5199277e+01   3.2365695e+01
  -7.7430175e+00  -1.4234669e+01  -1.4132072e+01  -4.4801779e-01   1.4404894e+01  -2.4892422e+01   3.0808859e+01
  -5.9828532e+00  -1.6977755e+01  -1.4392047e+01   3.7059715e+00   1.2011195e+01  -2.6591892e+01   3.0627204e+01
  -6.0511419e+00  -1.5392025e+01  -1.4889607e+01   1.0138091e+00   1.0919884e+01  -2.4785596e+01   3.0415173e+01
  -5.9466939e+00  -1.4348466e+01  -1.5074505e+01  -4.8380205e-01   9.5833988e+00  -2.3940349e+01   2.8405159e+01
  -6.0253560e+00  -1.9996224e+01  -1.4818743e+01   6.1818804e+00   8.0499928e+00  -2.4433541e+01   2.6652162e+01
  -6.7535283e+00  -2.0300573e+01  -1.5050184e+01   6.5621612e+00   6.6407837e+00  -2.2710160e+01   2.4797613e+01
  -8.2576726e+00  -1.9086035e+01  -1.6553291e+01   6.4468140e+00   7.7041433e+00  -2.3799404e+01   2.4595758e+01
  -7.2267488e+00  -2.2114722e+01  -1.6584909e+01   7.5364326e+00   5.2565417e+00  -2.1628164e+01   2.2794190e+01
  -6.2059772e+00  -2.1912696e+01  -1.6670380e+01   9.5708419e+00   2.0500076e+00  -2.2017130e+01   1.9833732e+01
  -4.7229922e+00  -2.5483176e+01  -1.7326217e+01   1.4802678e+01   1.2392929e-02  -2.1864309e+01   1.6487373e+01
   2.4827337e-01  -3.5438332e+01  -1.8712443e+01   2.5306685e+01  -5.3105973e+00  -2.0577484e+01   1.5296444e+01
   2.6894705e+00  -3.4136678e+01  -2.1048169e+01   2.5507441e+01  -7.5750997e+00  -2.0241683e+01   1.1703785e+01
   2.3965065e+00  -3.2944874e+01  -2.1426726e+01   2.5244890e+01  -9.6125065e+00  -1.9486695e+01   1.0009110e+01
   1.8494354e+00  -3.4254952e+01  -2.1824438e+01   2.8346428e+01  -1.1112744e+01  -2.0337546e+01   7.9925374e+00
  -6.0046925e-01  -3.3531969e+01  -2.1218168e+01   2.8620774e+01  -1.1642404e+01  -1.9507741e+01   6.7027254e+00
  -2.4431465e+00  -3.1201849e+01  -2.2742220e+01   2.7077253e+01  -1.0442704e+01  -1.8164364e+01   2.3566508e-01
  -3.1476265e+00  -3.1147105e+01  -2.2190789e+01   2.7362977e+01  -1.2269311e+01  -1.6796608e+01   6.6855172e-02
  -6.4893254e+00  -3.1847825e+01  -2.1512538e+01   3.2874865e+01  -1.0559244e+01  -1.9830798e+01  -1.1420173e+00
  -7.1006438e+00  -3.1694464e+01  -2.1981631e+01   3.4829696e+01  -1.2205078e+01  -1.9879865e+01  -3.0792083e+00
  -4.5828159e+00  -3.4188041e+01  -2.2008535e+01   3.6928095e+01  -1.4346221e+01  -2.0927228e+01  -2.7830526e+00
  -2.5591476e+00  -3.3449539e+01  -2.0392642e+01   2.9165356e+01  -1.3332484e+01  -1.9180573e+01  -5.9646423e+00
  -5.7214756e+00  -2.9013165e+01  -1.8640387e+01   1.9538139e+01  -6.5413163e+00  -1.9554215e+01  -4.1774915e+00
  -5.9119902e+00  -2.9865987e+01  -1.5364290e+01   1.6851502e+01  -1.3676851e+00  -2.0278950e+01  -5.7543393e+00
  -5.7319683e+00  -3.0815803e+01  -1.3682921e+01   1.7362497e+01   5.0853655e+00  -2.3356006e+01  -2.7029943e+00
  -6.1180437e+00  -2.7539877e+01  -1.4118458e+01   1.4061894e+01   1.2076315e+01  -2.7022166e+01   8.6618475e+00
  -6.0511914e+00  -2.2878746e+01  -1.3934887e+01   1.1244422e+01   1.8374235e+01  -3.2143593e+01   1.6526172e+01
  -3.8128647e+00  -1.9635461e+01  -1.4428270e+01   7.9407388e+00   2.4407088e+01  -3.4013074e+01   2.3186479e+01
  -3.3018071e+00  -1.6367760e+01  -1.4528404e+01   4.9014105e+00   2.9423967e+01  -3.4457568e+01   2.6857927e+01
  -3.2427332e+00  -1.8070556e+01  -1.3847116e+01   6.7709702e+00   3.3825111e+01  -3.3064676e+01   2.8094936e+01
  -4.2065814e+00  -1.8477774e+01  -1.0652426e+01   1.1848850e+01   3.6948912e+01  -3.0839659e+01   3.2574227e+01
  -4.5983019e+00  -2.1775383e+01  -7.4457690e+00   1.5323768e+01   3.7652982e+01  -2.8115530e+01   3.3885151e+01
  -5.4253357e+00  -1.7130927e+01  -8.9580340e+00   9.3064709e+00   3.7462282e+01  -2.8386239e+01   3.7586817e+01
  -5.3115092e+00  -1.7270645e+01  -9.2429106e+00   8.7988644e+00   3.4696733e+01  -2.9209808e+01   4.0140825e+01
  -6.2511574e+00  -1.4192248e+01  -1.1037351e+01   4.2014426e+00   3.4347692e+01  -2.9387001e+01   4.1810623e+01
  -6.5148116e+00  -1.1695691e+01  -1.2283670e+01  -1.4447865e-01   3.3709192e+01  -2.9606057e+01   4.2540182e+01
  -7.1270730e+00  -9.1252133e+00  -1.4083813e+01  -3.2026370e+00   3.3659218e+01  -3.0225121e+01   4.3548607e+01
  -6.6579450e+00  -7.4632882e+00  -1.5000034e+01  -5.4636259e+00   3.1976114e+01  -3.0978198e+01   4.4915014e+01
  -7.0026584e+00  -5.6248427e+00  -1.5995112e+01  -6.7194009e+00   3.1333027e+01  -3.2657020e+01   4.6367667e+01
  -5.6659137e+00  -6.0466076e+00  -1.6721515e+01  -5.4826384e+00   2.8342059e+01  -3.4808415e+01   4.4004480e+01
  -4.8710700e+00  -8.2056924e+00  -1.6645272e+01  -3.8913251e+00   2.5868446e+01  -3.4706469e+01   4.3843342e+01
  -5.3851338e+00  -8.5075476e+00  -1.6698109e+01  -2.9067606e+00   2.4268769e+01  -3.5485063e+01   4.3546993e+01
  -4.5220722e+00  -1.3172689e+01  -1.5560105e+01   2.6264109e+00   2.1251316e+01  -3.6775312e+01   4.4532423e+01
  -4.7170464e+00  -1.7109304e+01  -1.5230704e+01   5.3152466e+00   1.8390271e+01  -3.5896601e+01   4.4373685e+01
  -4.7249404e+00  -2.3125692e+01  -1.4734958e+01   1.0876524e+01   1.6309848e+01  -3.4539803e+01   4.2335885e+01
  -4.3182649e+00  -2.1974062e+01  -1.5195327e+01   1.0807897e+01   1.3854471e+01  -3.4735581e+01   4.1122997e+01
  -5.7626490e+00  -1.5770772e+01  -1.6801899e+01   3.5441739e+00   1.3382453e+01  -3.3030909e+01   3.9170980e+01
  -6.9054129e+00  -1.6463226e+01  -1.7179031e+01   2.8899306e+00   1.2503874e+01  -3.1517131e+01   3.8144594e+01
  -6.5993368e+00  -2.1082091e+01  -1.6115934e+01   8.8772255e+00   9.0985735e+00  -3.2207457e+01   3.8241541e+01
  -5.7683109e+00  -1.9844095e+01  -1.6032406e+01   8.3109344e+00   5.6118122e+00  -3.0674911e+01   3.4802392e+01
  -5.0425304e+00  -2.5052943e+01  -1.5378733e+01   1.4504454e+01   2.2516115e+00  -2.9877807e+01   3.4184057e+01
  -6.3637838e+00  -2.0456318e+01  -1.6190039e+01   1.0059033e+01   1.3327004e+00  -2.8207692e+01   3.1930328e+01
  -6.9254016e+00  -1.7997583e+01  -1.7213685e+01   7.4866044e+00   7.8083926e-02  -2.6695386e+01   2.9394430e+01
  -5.2726671e+00  -2.4635272e+01  -1.7007568e+01   1.5467247e+01  -2.8867540e+00  -2.5775799e+01   2.5266789e+01
  -4.8546500e+00  -2.4048984e+01  -1.6846161e+01   1.3814271e+01  -6.1842337e+00  -2.3220985e+01   2.1386423e+01
  -5.0771205e+00  -2.2744189e+01  -1.8308605e+01   1.3159392e+01  -6.1620120e+00  -2.1401231e+01   1.8786074e+01
  -7.1094000e+00  -2.1545765e+01  -1.9181819e+01   1.2808713e+01  -6.4426144e+00  -1.9472472e+01   1.6407007e+01
  -7.5645341e+00  -2.2787109e+01  -1.8483559e+01   1.5481957e+01  -6.2815464e+00  -2.0133264e+01   1.5538227e+01
  -7.1802794e+00  -2.6367192e+01  -1.5439642e+01   1.7961000e+01  -1.6809495e+00  -2.2160167e+01   1.3968823e+01
  -6.9718653e+00  -2.4586248e+01  -1.3685395e+01   1.4216511e+01   3.6152811e+00  -2.3737790e+01   1.4885477e+01
  -6.5512070e+00  -2.8099489e+01  -1.2190311e+01   1.6850594e+01   9.3790458e+00  -2.6073371e+01   1.3221305e+01
  -7.3724012e+00  -2.3313184e+01  -1.1623124e+01   1.1658075e+01   1.7020990e+01  -2.8328005e+01   1.5395184e+01
  -7.8031469e+00  -2.0645145e+01  -1.1811671e+01   1.1533050e+01   2.2702003e+01  -3.0780578e+01   2.3710937e+01
  -7.5749557e+00  -2.1329923e+01  -1.0395527e+01   1.3069524e+01   2.5668684e+01  -3.0371981e+01   2.8890121e+01
  -8.8847766e+00  -1.9638529e+01  -1.0309026e+01   1.3561122e+01   2.9738048e+01  -3.2664394e+01   3.2659880e+01
  -8.6554780e+00  -1.4338004e+01  -1.0934725e+01   7.1638067e+00   3.2541673e+01  -3.2039395e+01   3.6519654e+01
  -7.8942066e+00  -1.5888888e+01  -1.1098182e+01   6.0130416e+00   3.0710429e+01  -3.0224302e+01   3.6978796e+01
  -8.0813640e+00  -1.6075456e+01  -1.1417883e+01   6.4547281e+00   2.9596001e+01  -3.1290488e+01   3.8845827e+01
  -7.4393126e+00  -1.2850953e+01  -1.1819854e+01   2.2706315e+00   2.7214574e+01  -3.0543485e+01   3.9812847e+01
  -6.8154126e+00  -1.6293699e+01  -1.2006022e+01   6.2242884e+00   2.5488482e+01  -3.1617289e+01   4.1259264e+01
  -7.4011519e+00  -1.2742121e+01  -1.3160138e+01   1.1477296e+00   2.4436798e+01  -3.0680972e+01   4.0944505e+01
  -7.4983707e+00  -9.1164479e+00  -1.3474162e+01  -3.4547796e+00   2.1763570e+01  -2.9783145e+01   4.1904170e+01
  -8.4884448e+00  -8.9042535e+00  -1.4199044e+01  -3.8232671e+00   2.0289404e+01  -3.0375461e+01   4.1983409e+01
  -7.5878906e+00  -5.8466103e+00  -1.4586604e+01  -7.5819676e+00   1.7764233e+01  -2.9599180e+01   4.1293276e+01
  -7.6820885e+00  -8.9080148e+00  -1.4605640e+01  -4.0231124e+00   1.6647317e+01  -3.0564444e+01   3.9670061e+01
  -7.3535238e+00  -8.9331382e+00  -1.4644967e+01  -4.4045351e+00   1.4898996e+01  -2.9993889e+01   3.9021875e+01
  -8.3971221e+00  -6.3378700e+00  -1.5466139e+01  -8.0561828e+00   1.4626398e+01  -2.7903206e+01   3.6669472e+01
  -6.8010489e+00  -1.3492179e+01  -1.4322649e+01   2.0084296e-01   1.1549488e+01  -2.7971715e+01   3.6166010e+01
  -6.2018462e+00  -1.4724286e+01  -1.4488409e+01   3.9547207e-01   9.9646127e+00  -2.5422660e+01   3.4991300e+01
  -6.4328481e+00  -1.5441413e+01  -1.4798023e+01   2.2604015e+00   8.9713902e+00  -2.6509391e+01   3.3395012e+01
  -5.6811601e+00  -1.8533892e+01  -1.4918720e+01   6.3675776e+00   6.8065954e+00  -2.7627851e+01   3.2005081e+01
  -7.2693415e+00  -1.8099403e+01  -1.5864690e+01   5.0952436e+00   6.8630091e+00  -2.5414442e+01   3.2610779e+01
  -6.3992284e+00  -2.6971855e+01  -1.5172704e+01   1.2989760e+01   4.8116555e+00  -2.3869220e+01   3.0198048e+01
  -6.2254867e+00  -2.6574117e+01  -1.5345656e+01   1.3826189e+01   2.8985782e+00  -2.3448118e+01   2.6185156e+01
  -6.8549000e+00  -2.1707010e+01  -1.6815324e+01   1.0949118e+01   2.2508125e+00  -2.4226828e+01   2.4766148e+01
  -5.9912454e+00  -2.0412173e+01  -1.6976297e+01   1.1576401e+01  -9.3908081e-01  -2.5092429e+01   2.4607321e+01
  -3.8406116e+00  -2.3923732e+01  -1.7227910e+01   1.4534996e+01  -4.5192674e+00  -2.3496277e+01   2.2919797e+01
  -9.5323566e-01  -2.7074245e+01  -1.8962059e+01   1.8994047e+01  -7.3863522e+00  -2.4086367e+01   2.0561913e+01
  -2.9813803e-01  -2.6557067e+01  -1.8977612e+01   1.8675674e+01  -1.0739479e+01  -2.3216159e+01   2.0585667e+01
   8.3275063e-01  -2.7286737e+01  -2.0423536e+01   2.1056619e+01  -1.3197581e+01  -2.2872910e+01   1.8224163e+01
  -3.1996257e+00  -2.5510455e+01  -2.0629244e+01   2.0982493e+01  -1.1342175e+01  -2.2602849e+01   1.5696980e+01
  -3.5580881e+00  -2.9497255e+01  -2.0920197e+01   2.5800372e+01  -1.2558440e+01  -2.1787626e+01   1.3263635e+01
  -5.3436987e+00  -2.7614533e+01  -2.1428686e+01   2.3600269e+01  -1.2508417e+01  -2.0005679e+01   1.0345306e+01
  -5.0583905e+00  -2.9336601e+01  -2.1425813e+01   2.5673546e+01  -1.4541501e+01  -1.9092709e+01   8.4020317e+00
  -4.1542793e+00  -3.1212601e+01  -2.2203815e+01   3.0010403e+01  -1.6306003e+01  -1.9845191e+01   8.6911425e+00
  -4.7132313e+00  -3.2338618e+01  -2.0660483e+01   2.9593394e+01  -1.3966811e+01  -1.8447124e+01   4.1544390e+00
  -5.2309833e+00  -3.1491403e+01  -1.9279138e+01   2.6444607e+01  -1.0216047e+01  -1.9296326e+01   1.2710466e+00
  -5.1204151e+00  -3.0151077e+01  -1.6980481e+01   2.1812781e+01  -5.8503827e+00  -1.9532220e+01   1.1551374e+00
  -7.7714209e+00  -2.5886132e+01  -1.4045932e+01   1.3502275e+01   9.7219768e-01  -1.7894503e+01   4.4411696e+00
  -8.8208731e+00  -2.7520035e+01  -1.1940981e+01   1.6046216e+01   8.1634197e+00  -2.0488082e+01   7.0105634e+00
  -8.9553325e+00  -2.8044176e+01  -1.0024138e+01   1.7440986e+01   1.4326762e+01  -2.4782702e+01   1.1248816e+01
  -6.8099764e+00  -2.6322838e+01  -1.0558406e+01   1.7236628e+01   2.1090432e+01  -2.9412325e+01   1.8649245e+01
  -6.0098439e+00  -2.2039240e+01  -1.1600198e+01   1.2414316e+01   2.7842657e+01  -3.1664118e+01   2.4355141e+01
  -5.5426692e+00  -1.6998947e+01  -1.2534634e+01   7.0913636e+00   3.3718104e+01  -3.1875677e+01   2.7142551e+01
  -6.0842290e+00  -1.3249820e+01  -1.1847049e+01   4.1576966e+00   3.6694694e+01  -2.9466825e+01   3.1576144e+01
  -7.2498402e+00  -1.6502069e+01  -9.2511053e+00   8.2905538e+00   3.5852913e+01  -2.7938855e+01   3.6521713e+01
  -7.7945521e+00  -1.6494914e+01  -1.0541015e+01   7.6227585e+00   3.4799233e+01  -2.9421178e+01   3.7788856e+01
  -6.8373118e+00  -1.7942888e+01  -1.0155189e+01   6.9926534e+00   3.0609226e+01  -2.8208032e+01   3.9835164e+01
  -6.6462958e+00  -1.2361139e+01  -1.0449347e+01   1.3644255e+00   2.7343076e+01  -2.9333968e+01   4.0486145e+01
  -7.9789090e+00  -9.9175801e+00  -1.2194753e+01  -2.4774705e+00   2.7562465e+01  -2.9119182e+01   4.1707942e+01
  -7.0133586e+00  -9.1865647e+00  -1.2915000e+01  -1.1250658e+00   2.4773451e+01  -3.2122734e+01   4.1588643e+01
  -6.5066831e+00  -1.0319531e+01  -1.3245746e+01  -1.1533513e+00   2.2647182e+01  -3.2215879e+01   4.1184449e+01
  -5.0326553e+00  -1.0939636e+01  -1.3192794e+01   4.2852625e-01   1.9322409e+01  -3.4078464e+01   4.0832731e+01
  -5.9843683e+00  -1.0331762e+01  -1.3845954e+01  -3.8894768e-01   1.8438620e+01  -3.3384163e+01   3.9762525e+01
  -5.0428594e+00  -1.6650882e+01  -1.2701151e+01   5.3418001e+00   1.5668475e+01  -3.2188644e+01   3.8897443e+01
  -5.4982942e+00  -1.7341413e+01  -1.3841086e+01   7.0929135e+00   1.4999939e+01  -3.3041497e+01   3.8132521e+01
  -6.5334606e+00  -1.9062771e+01  -1.4183399e+01   6.5271527e+00   1.3537371e+01  -2.9360307e+01   3.5881195e+01
  -6.5135273e+00  -1.9312556e+01  -1.5147913e+01   7.4189882e+00   1.1280925e+01  -2.8515500e+01   3.4001731e+01
  -6.5033831e+00  -2.2942721e+01  -1.5140828e+01   1.1640770e+01   9.3111885e+00  -2.8658836e+01   3.3130346e+01
  -6.0073570e+00  -2.3666852e+01  -1.5198912e+01   1.0446172e+01   6.1836274e+00  -2.5823836e+01   3.3374622e+01
  -5.7831793e+00  -2.3988807e+01  -1.5712202e+01   1.1103219e+01   4.0543806e+00  -2.5561614e+01   3.0927440e+01
  -6.0575352e+00  -2.6075214e+01  -1.5795315e+01   1.6815305e+01   1.5057179e+00  -2.7894756e+01   2.6876972e+01
  -7.0933131e+00  -1.8355430e+01  -1.7550430e+01   7.8317615e+00   1.3067853e+00  -2.4648623e+01   2.4301046e+01
  -5.9128929e+00  -2.1070482e+01  -1.7432777e+01   1.0644514e+01  -1.8069244e+00  -2.2935114e+01   2.1316014e+01
  -2.4294835e+00  -2.6976763e+01  -1.8717646e+01   1.9625881e+01  -6.2398573e+00  -2.3854108e+01   1.8937827e+01
  -1.4469589e+00  -2.7332256e+01  -1.8589820e+01   2.1004534e+01  -9.2735383e+00  -2.2707701e+01   1.7365947e+01
  -2.9934448e+00  -2.5094182e+01  -1.9943519e+01   1.8440613e+01  -8.4858476e+00  -2.0430088e+01   1.1655041e+01
  -5.1411383e+00  -2.4265553e+01  -1.9676976e+01   2.0452994e+01  -9.0503497e+00  -2.1622044e+01   1.1065415e+01
  -4.6009939e+00  -2.5849501e+01  -2.0645007e+01   2.1361406e+01  -1.1389630e+01  -1.8993208e+01   7.4152850e+00
  -4.8783644e+00  -2.9232917e+01  -2.0507437e+01   2.7188583e+01  -1.3092242e+01  -1.9042137e+01   5.1354190e+00
  -6.3912902e+00  -2.5753647e+01  -1.9458454e+01   2.0245257e+01  -7.8485475e+00  -1.9425857e+01   6.7781229e+00
  -7.2104677e+00  -2.1670083e+01  -1.7421340e+01   1.3323478e+01  -4.4656661e+00  -2.1945081e+01   1.0669903e+01
  -7.1480382e+00  -1.7408413e+01  -1.6027473e+01   7.0911556e+00  -8.8480522e-01  -2.3970656e+01   1.0170673e+01
  -6.5332457e+00  -2.2915167e+01  -1.3756615e+01   1.0372202e+01   4.4835578e+00  -2.4522055e+01   1.1417007e+01
  -6.0493071e+00  -2.6909085e+01  -1.2943790e+01   1.5059577e+01   1.2045725e+01  -2.7660554e+01   1.2166496e+01
  -6.0352792e+00  -2.3638432e+01  -1.2847407e+01   1.3901562e+01   1.9890910e+01  -3.1773188e+01   1.5352947e+01
  -6.0680384e+00  -1.9127168e+01  -1.3359198e+01   1.0555455e+01   2.6619215e+01  -3.4118662e+01   2.0395310e+01
  -4.0083391e+00  -1.5415342e+01  -1.3815390e+01   7.0765910e+00   3.1519873e+01  -3.4913320e+01   2.2321586e+01
  -5.4827904e+00  -1.8234605e+01  -1.1929175e+01   1.2042101e+01   3.5496435e+01  -3.3967847e+01   2.8673822e+01
  -5.5456666e+00  -1.8719111e+01  -8.4375758e+00   1.4266377e+01   3.5183158e+01  -3.1781606e+01   3.3778620e+01
  -6.6640547e+00  -2.0590629e+01  -8.2597979e+00   1.3183687e+01   3.5815218e+01  -2.8918470e+01   3.6992288e+01
  -6.5158741e+00  -1.3555248e+01  -1.0165640e+01   4.6504108e+00   3.4286373e+01  -2.9233099e+01   3.8847563e+01
  -6.8674019e+00  -1.5371959e+01  -1.0637492e+01   5.9512693e+00   3.3243831e+01  -3.0050074e+01   4.0578976e+01
  -7.3929507e+00  -1.0728127e+01  -1.2011107e+01   4.1678077e-01   3.1863098e+01  -3.0455716e+01   4.3328717e+01
  -6.6370369e+00  -9.7796033e+00  -1.3236329e+01  -8.2768419e-01   2.9540210e+01  -3.1984989e+01   4.4321468e+01
  -5.9770188e+00  -7.4271695e+00  -1.3934155e+01  -4.7890787e+00   2.8016200e+01  -3.1306352e+01   4.5131125e+01
  -5.3088110e+00  -7.5635662e+00  -1.4408555e+01  -3.0051180e+00   2.5209729e+01  -3.4055396e+01   4.5393205e+01
  -5.3057330e+00  -6.0823087e+00  -1.4518948e+01  -6.0457303e+00   2.3082773e+01  -3.2639223e+01   4.5245041e+01
  -6.6134364e+00  -8.6035179e+00  -1.4770843e+01  -4.2119801e+00   2.2230039e+01  -3.2638932e+01   4.5374479e+01
  -6.1988299e+00  -8.6535736e+00  -1.4943704e+01  -5.1410965e+00   1.9545943e+01  -3.2375871e+01   4.4376353e+01
  -6.3005738e+00  -8.6968360e+00  -1.5873751e+01  -4.8610336e+00   2.0006204e+01  -3.2794921e+01   4.2821052e+01
  -6.3433234e+00  -9.3452945e+00  -1.6199981e+01  -4.0683115e+00   1.9318132e+01  -3.1936054e+01   4.1256694e+01
  -4.8562843e+00  -1.2239469e+01  -1.5386194e+01  -5.4821460e-01   1.5974772e+01  -3.2434776e+01   3.9647993e+01
  -6.0351336e+00  -1.1195963e+01  -1.6339769e+01  -2.1474162e+00   1.6954324e+01  -3.0849549e+01   3.8695432e+01
  -6.1681972e+00  -1.4195931e+01  -1.5177393e+01   1.3560040e+00   1.5408762e+01  -2.9878343e+01   3.8934912e+01
  -5.8682835e+00  -1.5251446e+01  -1.4853520e+01   3.6032181e+00   1.2538414e+01  -3.0381767e+01   3.7835901e+01
  -5.8815586e+00  -1.4146029e+01  -1.6693257e+01   2.5792285e+00   1.2027165e+01  -3.1531854e+01   3.6016884e+01
  -6.4828984e+00  -1.5566108e+01  -1.6545267e+01   3.6519711e+00   1.0793083e+01  -3.0276186e+01   3.8135032e+01
  -6.5958556e+00  -2.0837478e+01  -1.6721775e+01   6.9885981e+00   1.0388047e+01  -2.7081222e+01   3.4959958e+01
  -6.1231228e+00  -2.2805178e+01  -1.6333545e+01   8.6410126e+00   7.0295948e+00  -2.5618941e+01   3.3456694e+01
  -5.2641471e+00  -2.2658161e+01  -1.6539360e+01   1.0209203e+01   4.3649484e+00  -2.7305040e+01   3.3336750e+01
  -4.8497302e+00  -2.3346560e+01  -1.6462034e+01   1.2436480e+01   1.5539785e+00  -2.7648657e+01   3.3929345e+01
  -5.7405137e+00  -1.9186342e+01  -1.7264401e+01   8.8014501e+00   5.3702943e-01  -2.7386857e+01   3.1580047e+01
  -5.3616947e+00  -2.0881333e+01  -1.7428924e+01   1.1704326e+01  -1.9373476e+00  -2.7502050e+01   2.8656388e+01
  -4.6140150e+00  -2.1697026e+01  -1.7972310e+01   1.4147659e+01  -4.3814141e+00  -2.7289126e+01   2.6043192e+01
  -5.8887851e+00  -2.2614454e+01  -1.7490657e+01   1.3402365e+01  -6.3446958e+00  -2.4555956e+01   2.4212865e+01
  -4.6295596e+00  -2.5070866e+01  -1.8702179e+01   1.7556311e+01  -7.5654958e+00  -2.5263437e+01   2.1669560e+01
  -6.2450783e+00  -2.4910854e+01  -1.8794790e+01   1.6673665e+01  -8.7624718e+00  -2.2348952e+01   2.1701574e+01
  -7.0146859e+00  -2.3658146e+01  -1.9219485e+01   1.7253774e+01  -1.0134003e+01  -2.2317754e+01   2.0091959e+01
  -7.8046544e+00  -2.4585454e+01  -2.0118072e+01   2.0105063e+01  -9.8128371e+00  -2.3025848e+01   1.7270503e+01
  -4.3294985e+00  -2.7586285e+01  -1.7661240e+01   2.0263123e+01  -8.6546696e+00  -2.3369692e+01   1.4948219e+01
  -6.5050933e+00  -2.6946013e+01  -1.4496983e+01   1.7793182e+01  -4.0081304e+00  -2.3655037e+01   1.0105611e+01
  -7.3602244e+00  -2.4251678e+01  -1.3520444e+01   1.1909777e+01   1.2395486e+00  -2.3123447e+01   8.8627275e+00
  -6.7753811e+00  -2.8598632e+01  -1.1843949e+01   1.6192158e+01   5.7548714e+00  -2.3050555e+01   1.2446880e+01
  -9.1805786e+00  -2.6032288e+01  -1.0812238e+01   1.6503184e+01   1.2494680e+01  -2.3507604e+01   1.9376999e+01
  -8.2047036e+00  -2.6725266e+01  -9.3763061e+00   1.9550217e+01   1.3188180e+01  -2.4766494e+01   2.3693065e+01
  -7.5373902e+00  -2.7765355e+01  -1.0098631e+01   2.0541916e+01   1.3798369e+01  -2.4563918e+01   2.3473788e+01
  -7.1241249e+00  -2.5861076e+01  -9.1793158e+00   1.9944002e+01   1.8249530e+01  -2.5906372e+01   2.3655750e+01
  -8.3233308e+00  -2.2200409e+01  -7.9857903e+00   1.6445824e+01   2.5738705e+01  -2.7689638e+01   2.7253616e+01
  -7.4276720e+00  -1.7270607e+01  -1.0240881e+01   9.3458597e+00   2.9485243e+01  -2.8730507e+01   3.4118506e+01
  -6.3713967e+00  -1.7249019e+01  -1.1083775e+01   7.7096798e+00   2.9969423e+01  -3.0162235e+01   3.8648644e+01
  -6.7636291e+00  -1.3825432e+01  -1.1707299e+01   3.4385203e+00   3.1144485e+01  -3.0646067e+01   4.2426769e+01
  -7.2008454e+00  -1.3785466e+01  -1.2507060e+01   3.0564512e+00   3.0416948e+01  -3.0891650e+01   4.2589187e+01
  -7.3729428e+00  -8.1285221e+00  -1.3315264e+01  -5.2116972e+00   2.8331868e+01  -2.8014920e+01   4.2293277e+01
  -7.7111035e+00  -8.1426355e+00  -1.3885176e+01  -5.0497507e+00   2.6936230e+01  -2.8475006e+01   4.2234453e+01
  -7.6486272e+00  -8.4367566e+00  -1.4057527e+01  -5.2602432e+00   2.4477229e+01  -2.8752316e+01   4.2773345e+01
  -8.1825880e+00  -7.1357793e+00  -1.4451286e+01  -7.0710335e+00   2.3698079e+01  -2.8089019e+01   4.2349525e+01
  -7.7611049e+00  -8.5354575e+00  -1.3662356e+01  -5.7778275e+00   2.0236767e+01  -2.7653885e+01   4.2356943e+01
  -7.8028580e+00  -9.9543265e+00  -1.3816324e+01  -3.1022500e+00   1.8800907e+01  -2.9007144e+01   4.2327284e+01
  -7.3201011e+00  -1.3733218e+01  -1.3344537e+01   1.5852686e+00   1.7051858e+01  -2.9991183e+01   4.0982503e+01
  -7.0956081e+00  -1.3226218e+01  -1.3586772e+01   1.3172723e+00   1.5629792e+01  -2.9547411e+01   4.0189065e+01
  -7.1225529e+00  -1.5108137e+01  -1.3976887e+01   3.1306610e+00   1.4412903e+01  -2.9315014e+01   3.8064528e+01
  -5.8840431e+00  -1.8389636e+01  -1.3412536e+01   5.9937282e+00   1.1347272e+01  -2.8623584e+01   3.7426605e+01
  -5.2890819e+00  -1.3397690e+01  -1.4769208e+01  -7.4947429e-01   1.0196737e+01  -2.6327996e+01   3.5879438e+01
  -7.2395403e+00  -1.5156569e+01  -1.5348126e+01   1.6653236e+00   9.9480986e+00  -2.7082937e+01   3.3314997e+01
  -6.2764550e+00  -2.4509938e+01  -1.4874044e+01   1.1854116e+01   7.6741971e+00  -2.7751439e+01   3.3600529e+01
  -5.1691562e+00  -2.5594395e+01  -1.4764662e+01   1.1131191e+01   4.7066887e+00  -2.4716021e+01   3.3507433e+01
  -5.8613887e+00  -2.3026848e+01  -1.5042942e+01   8.3634428e+00   2.5344067e+00  -2.3482874e+01   3.0628207e+01
  -5.5307309e+00  -2.5017447e+01  -1.6376620e+01   1.3237357e+01   1.7118901e+00  -2.6603942e+01   2.9803725e+01
  -6.0672916e+00  -2.3550070e+01  -1.6343985e+01   1.2379296e+01   1.6272331e-01  -2.4802980e+01   2.6575470e+01
  -5.3213485e+00  -2.1096599e+01  -1.7316144e+01   1.1237213e+01  -1.6234892e+00  -2.4730269e+01   2.4636713e+01
  -3.5415368e+00  -2.4120075e+01  -1.7038918e+01   1.6220370e+01  -5.3769298e+00  -2.5555535e+01   2.2221695e+01
  -5.8780742e-01  -2.9280867e+01  -1.7947635e+01   2.1796288e+01  -1.0546472e+01  -2.4192442e+01   2.2172249e+01
  -2.7930673e-01  -2.7634074e+01  -1.9427652e+01   1.9897050e+01  -1.1829525e+01  -2.1804755e+01   1.8828938e+01
  -4.1838527e+00  -2.4113991e+01  -1.9828730e+01   1.8190493e+01  -1.0018752e+01  -2.0956812e+01   1.5176358e+01
  -4.3343483e+00  -2.8582924e+01  -2.0129684e+01   2.5130117e+01  -1.1392712e+01  -2.1824960e+01   1.1666150e+01
  -5.5373392e+00  -2.8730985e+01  -2.0697092e+01   2.4869277e+01  -1.2574718e+01  -1.9549597e+01   9.4390327e+00
  -4.5229160e+00  -3.0659663e+01  -2.1835984e+01   2.7799569e+01  -1.4870796e+01  -1.9517562e+01   6.6687851e+00
  -3.9667889e+00  -3.2283331e+01  -2.1493052e+01   3.1396145e+01  -1.7144359e+01  -2.0481843e+01   7.2172420e+00
  -5.7974146e+00  -3.1520703e+01  -2.0193503e+01   2.6936152e+01  -9.5938622e+00  -2.0240728e+01   3.1431094e+00
  -5.3249648e+00  -2.7123856e+01  -1.7655837e+01   1.8550038e+01  -6.6624157e+00  -2.1051469e+01   8.9387911e-01
  -5.6272372e+00  -2.7166282e+01  -1.5165914e+01   1.5103095e+01  -4.3191508e+00  -2.1161428e+01   4.9259365e-01
  -7.6957555e+00  -2.5555880e+01  -1.4353989e+01   1.2898428e+01   4.7809433e+00  -2.3322093e+01   4.6691113e+00
  -6.7933211e+00  -3.0114189e+01  -1.3348126e+01   1.6240892e+01   1.2186787e+01  -2.5184723e+01   8.6375521e+00
  -4.8723036e+00  -2.6329001e+01  -1.3534779e+01   1.5855618e+01   1.8880775e+01  -3.1445255e+01   1.6594338e+01
  -3.9809490e+00  -1.8821855e+01  -1.4514089e+01   8.9348582e+00   2.5981769e+01  -3.5061161e+01   2.4289818e+01
  -1.7617361e+00  -1.5911101e+01  -1.5284429e+01   4.9893471e+00   3.2901407e+01  -3.5824894e+01   2.8900448e+01
  -2.6325947e+00  -1.1843333e+01  -1.6433535e+01   1.5051297e+00   4.0366647e+01  -3.6027068e+01   3.0988284e+01
  -2.8570138e+00  -1.0204676e+01  -1.5948564e+01   1.8771865e-01   4.2629453e+01  -3.4732850e+01   3.4733887e+01
  -4.6817703e+00  -1.6718292e+01  -1.1128542e+01   7.5014704e+00   4.0504181e+01  -3.0015854e+01   4.3279781e+01
  -5.9175392e+00  -1.9807245e+01  -9.6997266e+00   8.9007722e+00   3.8965614e+01  -2.8239939e+01   4.5852381e+01
  -6.1546249e+00  -1.2900207e+01  -1.1967926e+01   2.8773096e-01   3.8537128e+01  -2.8447940e+01   4.7867477e+01
  -6.0320309e+00  -6.0488940e+00  -1.5033819e+01  -7.7220636e+00   3.7724845e+01  -3.0154754e+01   4.9159856e+01
  -6.6144872e+00  -5.3728873e+00  -1.6191265e+01  -9.3100372e+00   3.6644588e+01  -3.0833848e+01   4.9448735e+01
  -7.0309311e+00  -2.9695626e+00  -1.8378151e+01  -1.0038257e+01   3.5961865e+01  -3.3570600e+01   5.0493069e+01
  -5.1167476e+00  -7.4755660e+00  -1.6551086e+01  -7.2175945e+00   3.1311197e+01  -3.2122394e+01   5.0179277e+01
  -4.2002900e+00  -6.6055032e+00  -1.6733702e+01  -5.9589842e+00   2.8279144e+01  -3.4925031e+01   5.0461660e+01
  -4.1188804e+00  -6.8126444e+00  -1.7166658e+01  -6.0397886e+00   2.7081901e+01  -3.5188387e+01   5.2541118e+01
  -4.5289113e+00  -1.0934639e+01  -1.6800247e+01  -2.0717214e+00   2.5339096e+01  -3.5368751e+01   5.0120785e+01
  -4.2610618e+00  -1.1282582e+01  -1.6314893e+01  -6.0267117e-01   2.3090576e+01  -3.6587998e+01   5.0450261e+01
  -4.2105088e+00  -1.3118381e+01  -1.5709144e+01   5.5508753e-01   2.0541564e+01  -3.5416649e+01   4.9410655e+01
  -5.7292038e+00  -1.0883025e+01  -1.7730352e+01  -1.8681451e+00   2.0934935e+01  -3.4724433e+01   4.9000095e+01
  -3.2143238e+00  -2.0953442e+01  -1.5826005e+01   8.0718099e+00   1.5606565e+01  -3.4677070e+01   4.7557233e+01
  -4.2455814e+00  -1.8146592e+01  -1.7366160e+01   3.4963981e+00   1.5559279e+01  -3.3185153e+01   4.4971597e+01
  -5.2334940e+00  -1.6602954e+01  -1.8210753e+01   2.1834981e+00   1.4872488e+01  -3.2874992e+01   4.4053944e+01
  -4.2918940e+00  -2.0914140e+01  -1.6947068e+01   4.9216188e+00   1.0518231e+01  -3.0413785e+01   4.3127224e+01
  -5.3246728e+00  -2.0889199e+01  -1.7296505e+01   6.2861822e+00   9.3149761e+00  -3.1114802e+01   4.1190488e+01
  -6.2245747e+00  -2.2341335e+01  -1.7565633e+01   9.1659875e+00   7.9260337e+00  -3.1354605e+01   3.8741729e+01
  -5.2462954e+00  -2.5702221e+01  -1.6676939e+01   1.2373909e+01   3.5677746e+00  -2.8953000e+01   3.7567618e+01
  -3.6709323e+00  -2.7626988e+01  -1.6277789e+01   1.6066319e+01  -4.7477669e-01  -2.9606153e+01   3.5528321e+01
  -4.8675840e+00  -2.4495608e+01  -1.6785898e+01   1.3057500e+01  -1.7675794e+00  -2.7428370e+01   3.1787732e+01
  -5.7475108e+00  -2.2014125e+01  -1.7464934e+01   1.1265792e+01  -2.8176034e+00  -2.5572710e+01   2.7588031e+01
  -5.6920143e+00  -2.3256001e+01  -1.7171807e+01   1.2505484e+01  -5.4627423e+00  -2.3548330e+01   2.3523549e+01
  -5.0662717e+00  -2.3719005e+01  -1.8122528e+01   1.4155380e+01  -6.4115434e+00  -2.2772861e+01   2.0949700e+01
  -7.5899217e+00  -2.3873327e+01  -1.8539767e+01   1.5448332e+01  -6.3146504e+00  -2.0632370e+01   2.0337606e+01
  -9.9009616e+00  -2.3219632e+01  -1.8817774e+01   1.6769079e+01  -6.1062764e+00  -2.0449313e+01   1.7288628e+01
  -7.7494299e+00  -2.5073379e+01  -1.8301819e+01   1.9421312e+01  -7.3974142e+00  -2.0854194e+01   1.4842972e+01
  -6.0765549e+00  -3.1175402e+01  -1.5756750e+01   2.3792244e+01  -3.6580945e+00  -2.3243748e+01   1.6040963e+01
  -7.7365972e+00  -2.7876535e+01  -1.3325681e+01   1.7646110e+01   4.6454797e+00  -2.3828626e+01   1.7578929e+01
  -8.0969862e+00  -2.5249022e+01  -1.2474033e+01   1.4647607e+01   1.2021265e+01  -2.6864578e+01   1.9090074e+01
  -7.7393563e+00  -2.1372063e+01  -1.2162097e+01   1.0950402e+01   1.9069294e+01  -2.9994259e+01   2.0718000e+01
  -5.7774193e+00  -1.7138535e+01  -1.2435516e+01   5.8023119e+00   2.3497448e+01  -3.0660358e+01   2.1559778e+01
  -5.6893130e+00  -1.9991368e+01  -1.1534016e+01   1.0266172e+01   2.9659036e+01  -3.1492063e+01   2.4241941e+01
  -7.4540104e+00  -1.6305726e+01  -1.1767010e+01   7.7323930e+00   3.5744086e+01  -3.0575901e+01   3.0379819e+01
  -7.1643955e+00  -2.0702863e+01  -8.5174450e+00   1.3350956e+01   3.6445728e+01  -2.9050028e+01   3.4909461e+01
  -6.7495429e+00  -1.6647662e+01  -9.5667802e+00   8.1484613e+00   3.4562763e+01  -2.8915007e+01   3.7556725e+01
  -6.9420543e+00  -1.5663122e+01  -1.0829518e+01   5.8083128e+00   3.2950232e+01  -2.9489620e+01   3.9238397e+01
  -7.2099202e+00  -1.2851291e+01  -1.1453340e+01   2.4330909e+00   2.9804599e+01  -2.9854354e+01   4.1129253e+01
  -5.2851991e+00  -1.0699197e+01  -1.1852534e+01  -1.5266070e+00   2.5589593e+01  -2.9645674e+01   4.3747284e+01
  -5.1772273e+00  -8.9737344e+00  -1.2993636e+01  -3.4199168e+00   2.3426939e+01  -3.0990339e+01   4.4361857e+01
  -6.9705282e+00  -9.0743075e+00  -1.3986055e+01  -5.2733582e+00   2.2774921e+01  -3.0293502e+01   4.4019972e+01
  -7.1091501e+00  -7.3013333e+00  -1.5097938e+01  -5.8029448e+00   2.1209164e+01  -3.2298324e+01   4.4303960e+01
  -5.5880402e+00  -1.0236381e+01  -1.4555082e+01  -3.1097625e+00   1.7748054e+01  -3.2024203e+01   4.3657150e+01
  -5.9640190e+00  -1.0095670e+01  -1.5076945e+01  -3.1979262e+00   1.6768069e+01  -3.1437845e+01   4.1713391e+01
  -7.0093584e+00  -1.4000096e+01  -1.4880878e+01  -2.0725657e-01   1.6119508e+01  -2.9552789e+01   3.8765604e+01
  -6.6210038e+00  -1.6641476e+01  -1.4368015e+01   4.1139543e+00   1.3809590e+01  -3.0142784e+01   3.7087147e+01
  -5.5248191e+00  -1.6267437e+01  -1.3619766e+01   2.7950892e+00   1.0293799e+01  -2.7764679e+01   3.5937514e+01
  -5.4604107e+00  -1.9936818e+01  -1.3793675e+01   7.6076601e+00   8.3863404e+00  -2.8666053e+01   3.4383129e+01
  -6.6900825e+00  -2.2187334e+01  -1.4596247e+01   9.7503227e+00   8.7503918e+00  -2.7626612e+01   3.1502849e+01
  -6.7199312e+00  -2.3972717e+01  -1.4547766e+01   1.0805736e+01   6.1971839e+00  -2.4879007e+01   3.1267027e+01
  -7.4594140e+00  -3.0521046e+01  -1.3942222e+01   1.7833417e+01   5.0293771e+00  -2.3980341e+01   2.8504893e+01
  -6.5641348e+00  -2.8154099e+01  -1.4351143e+01   1.5211886e+01   2.4004292e+00  -2.2869561e+01   2.7117388e+01
  -6.3235365e+00  -2.5333843e+01  -1.5496829e+01   1.4004113e+01   9.1830633e-01  -2.3434516e+01   2.3841978e+01
  -4.1913730e+00  -2.8247006e+01  -1.6169062e+01   1.7661916e+01  -3.2416370e+00  -2.2481461e+01   2.1736599e+01
  -1.1438932e+00  -3.0192424e+01  -1.7773249e+01   2.0476681e+01  -7.2984544e+00  -2.1300899e+01   1.9227774e+01
   4.7303905e-01  -3.3035708e+01  -1.9467230e+01   2.4582350e+01  -1.0086985e+01  -2.0469659e+01   1.6413645e+01
   4.2264084e-02  -3.2327820e+01  -2.0815681e+01   2.7045741e+01  -1.0747597e+01  -2.1748684e+01   1.2312048e+01
  -3.0046844e+00  -3.1988203e+01  -1.9974762e+01   2.7827186e+01  -1.1171337e+01  -2.1155506e+01   1.0544489e+01
  -3.8249134e+00  -2.9321857e+01  -2.0657857e+01   2.4160633e+01  -1.1497297e+01  -1.8518652e+01   5.4043967e+00
  -4.4868126e+00  -3.0858286e+01  -2.0913261e+01   2.6362905e+01  -1.2785284e+01  -1.7532810e+01   5.1295677e+00
  -5.8211809e+00  -3.0216047e+01  -1.9765325e+01   2.6705917e+01  -1.0937039e+01  -1.8347407e+01   5.7393076e+00
  -6.4956403e+00  -2.9297111e+01  -1.8620670e+01   2.2140685e+01  -7.3662930e+00  -1.7856220e+01   3.3545714e+00
  -3.4275155e+00  -3.1401052e+01  -1.7381628e+01   2.2643960e+01  -6.9709850e+00  -2.0920003e+01   2.9830655e+00
  -6.2006934e+00  -2.7316603e+01  -1.4809805e+01   1.4958778e+01  -1.9164124e+00  -1.9949859e+01   2.5059217e+00
  -6.3987881e+00  -3.0415486e+01  -1.2919991e+01   1.8986006e+01   3.4832319e+00  -2.3130564e+01   1.1247923e+01
  -6.0824100e+00  -2.8471170e+01  -1.2211547e+01   1.7752889e+01   1.0763850e+01  -2.6267817e+01   1.8053738e+01
  -5.7165669e+00  -2.8543329e+01  -1.1047701e+01   1.9171375e+01   1.6836812e+01  -2.9123104e+01   2.2462552e+01
  -4.3102207e+00  -2.8282679e+01  -1.1213280e+01   1.7395545e+01   2.3848832e+01  -2.9143242e+01   2.3873824e+01
  -4.0365479e+00  -2.2441048e+01  -1.1787411e+01   1.2923081e+01   3.1018955e+01  -3.1609724e+01   2.7258984e+01
  -3.7862951e+00  -1.8981145e+01  -1.1348566e+01   8.7202163e+00   3.5053108e+01  -3.0065451e+01   3.0595352e+01
  -2.3015603e+00  -2.7446356e+01  -9.4940087e+00   1.9667236e+01   3.4840063e+01  -3.0460295e+01   3.3713173e+01
  -4.2542035e+00  -3.0335836e+01  -5.9762052e+00   2.5051287e+01   3.5268756e+01  -2.8578418e+01   3.1137997e+01
  -6.2749833e+00  -2.5612569e+01  -7.2133810e+00   1.8096531e+01   3.6653851e+01  -2.7911582e+01   3.3233086e+01
  -6.4713967e+00  -2.1334856e+01  -8.5331707e+00   1.2315485e+01   3.5520954e+01  -2.8408932e+01   3.5693185e+01
  -6.4479497e+00  -1.9405706e+01  -9.5557174e+00   8.7722036e+00   3.4531822e+01  -2.8849937e+01   3.8578551e+01
  -6.3143518e+00  -1.4236991e+01  -1.0973786e+01   2.8507278e+00   3.2839212e+01  -3.0096455e+01   4.0614407e+01
  -7.2214586e+00  -1.2641515e+01  -1.2943683e+01   5.9451269e-01   3.3553117e+01  -3.0911214e+01   4.2716271e+01
  -7.1718264e+00  -1.0807218e+01  -1.3852538e+01  -2.7815749e+00   3.1753107e+01  -3.1530183e+01   4.4102742e+01
  -7.1041699e+00  -1.1507263e+01  -1.4398274e+01  -1.7787149e+00   2.9480294e+01  -3.2496139e+01   4.4623680e+01
  -7.0460657e+00  -1.0816827e+01  -1.4544726e+01  -3.0332023e+00   2.6599749e+01  -3.2089420e+01   4.4076245e+01
  -5.5036621e+00  -1.1296906e+01  -1.4221931e+01  -4.0218586e+00   2.3221477e+01  -3.0744151e+01   4.4253719e+01
  -6.2734807e+00  -8.7043514e+00  -1.5228434e+01  -5.5211364e+00   2.1544378e+01  -3.1691310e+01   4.3700459e+01
  -6.8002050e+00  -1.1334010e+01  -1.5515570e+01  -2.0070042e+00   2.0297467e+01  -3.2839693e+01   4.0737748e+01
  -6.1724832e+00  -1.3806793e+01  -1.5465171e+01   2.1221918e-01   1.7880626e+01  -3.2285474e+01   3.9802116e+01
  -6.4912418e+00  -1.4453766e+01  -1.5427366e+01   2.5527194e-01   1.6041547e+01  -3.1194176e+01   3.8501777e+01
  -6.6026594e+00  -1.3113362e+01  -1.5539595e+01  -2.1301066e+00   1.4570857e+01  -2.8972626e+01   3.8633721e+01
  -6.2230027e+00  -1.3669125e+01  -1.5263347e+01  -4.9928207e-01   1.2799087e+01  -2.8718253e+01   3.6052832e+01
  -4.5623019e+00  -2.1262901e+01  -1.4344896e+01   7.0481521e+00   9.0238226e+00  -2.7472319e+01   3.5207205e+01
  -4.8800807e+00  -1.9814041e+01  -1.5689148e+01   4.9236694e+00   8.9738167e+00  -2.6772635e+01   3.3978938e+01
  -7.3541161e+00  -2.3469262e+01  -1.4919951e+01   9.3333131e+00   9.7307595e+00  -2.5641645e+01   3.2637280e+01
  -5.7096882e+00  -2.8393682e+01  -1.4736466e+01   1.3119140e+01   6.4677416e+00  -2.3092506e+01   2.9888554e+01
  -5.6715262e+00  -3.0032082e+01  -1.4750145e+01   1.4877220e+01   4.9370712e+00  -2.2441038e+01   2.6962594e+01
  -6.2185476e+00  -2.6175539e+01  -1.5110994e+01   1.4097857e+01   3.8848341e+00  -2.3632742e+01   2.3519501e+01
  -6.5195122e+00  -2.7535353e+01  -1.4452018e+01   1.5297629e+01   1.0265766e+00  -2.0882384e+01   2.1023067e+01
  -4.2947798e+00  -2.8462214e+01  -1.4980140e+01   1.8078216e+01  -3.1677021e+00  -2.0503337e+01   1.8429723e+01
  -2.4352932e+00  -3.2133255e+01  -1.6498117e+01   2.2479429e+01  -5.7269273e+00  -1.9145745e+01   1.4534373e+01
  -1.6504048e-01  -3.3750682e+01  -1.9186904e+01   2.5492299e+01  -7.2532669e+00  -1.8936220e+01   9.9230151e+00
  -1.8646114e+00  -3.2024998e+01  -1.9522235e+01   2.5021952e+01  -8.2272893e+00  -1.8232333e+01   9.1349967e+00
  -3.0699111e+00  -3.3900882e+01  -1.9321494e+01   2.9282587e+01  -8.6456298e+00  -1.9369053e+01   5.3046867e+00
  -4.0226263e+00  -3.3876951e+01  -1.8930012e+01   2.9238864e+01  -1.0005779e+01  -1.7945551e+01   4.1291134e+00
  -3.5998256e+00  -3.5990875e+01  -1.9041400e+01   3.1372497e+01  -1.1443177e+01  -1.7273641e+01   4.8090661e+00
  -5.4080637e+00  -3.2173103e+01  -1.8169872e+01   2.4355768e+01  -6.5364180e+00  -1.7502254e+01   2.0881598e+00
  -7.4219603e+00  -2.8905504e+01  -1.6174166e+01   1.7769850e+01  -2.9127246e+00  -1.9730863e+01   2.9981962e+00
  -8.3501649e+00  -2.4305135e+01  -1.5007245e+01   1.1206393e+01   1.2585620e+00  -2.0309834e+01   2.7970005e-01
  -6.6701719e+00  -2.9548122e+01  -1.3229466e+01   1.5865843e+01   5.7144535e+00  -2.1684174e+01   3.3029185e+00
  -5.2934170e+00  -3.1570254e+01  -1.1829190e+01   1.8132587e+01   9.4228339e+00  -2.2633827e+01   7.6423574e+00
  -7.8282516e+00  -2.9779688e+01  -1.0528642e+01   2.1243521e+01   1.7392856e+01  -2.7997136e+01   1.8229396e+01
  -7.4449579e+00  -2.8511586e+01  -9.9982302e+00   1.8462789e+01   2.3030639e+01  -2.6963028e+01   2.4492038e+01
  -7.1439361e+00  -2.2983494e+01  -1.0114681e+01   1.2106092e+01   2.7284499e+01  -2.5929850e+01   3.0109821e+01
  -7.2876947e+00  -2.2338927e+01  -9.7438329e+00   1.3875926e+01   2.9658234e+01  -2.7935701e+01   3.2194513e+01
  -7.2678112e+00  -2.0084252e+01  -9.4010566e+00   1.2124897e+01   3.0215077e+01  -2.8275519e+01   3.3381497e+01
  -6.4708632e+00  -2.4388274e+01  -8.4957926e+00   1.6276951e+01   2.8062600e+01  -2.8465842e+01   3.3530853e+01
  -8.1261756e+00  -1.8743538e+01  -1.0102307e+01   1.0457740e+01   2.8781580e+01  -2.9278296e+01   3.3223391e+01
  -7.3583208e+00  -2.0494745e+01  -9.8572672e+00   1.2786175e+01   2.6841586e+01  -3.0268790e+01   3.4976221e+01
  -6.3027708e+00  -1.9574174e+01  -1.0579654e+01   1.1998375e+01   2.4950264e+01  -3.0978358e+01   3.7346218e+01
  -7.3538616e+00  -1.6813058e+01  -1.1227043e+01   9.1259450e+00   2.4573154e+01  -3.1316213e+01   3.7753114e+01
  -6.8906300e+00  -2.0272152e+01  -1.0648459e+01   1.1074982e+01   2.1769841e+01  -3.0310240e+01   3.9166823e+01
  -7.6642810e+00  -2.1298537e+01  -1.0307178e+01   1.2040058e+01   2.0111953e+01  -3.0445907e+01   3.9259304e+01
  -8.1778997e+00  -2.1448297e+01  -1.0683481e+01   1.2248489e+01   1.8372013e+01  -3.0846803e+01   3.8482341e+01
  -8.7514985e+00  -1.9145969e+01  -1.1357165e+01   8.5757030e+00   1.7061183e+01  -2.9161436e+01   3.8522071e+01
  -8.7527045e+00  -1.9183660e+01  -1.2219719e+01   7.0240873e+00   1.4380320e+01  -2.7619016e+01   3.8044645e+01
  -7.6715053e+00  -2.0356152e+01  -1.2500864e+01   6.6175471e+00   1.1474876e+01  -2.6431645e+01   3.6520759e+01
  -8.0905756e+00  -2.2869458e+01  -1.2440815e+01   7.1316672e+00   9.4854433e+00  -2.3923580e+01   3.6603693e+01
  -8.0062668e+00  -1.9249594e+01  -1.3573653e+01   4.4095218e+00   8.0457727e+00  -2.4464053e+01   3.5345199e+01
  -7.1603986e+00  -1.7160546e+01  -1.3867419e+01   1.6627884e+00   4.8714209e+00  -2.3421057e+01   3.5689148e+01
  -7.4499029e+00  -1.4251564e+01  -1.5191007e+01  -1.3514699e+00   4.2050492e+00  -2.2409664e+01   3.4682019e+01
  -8.0533039e+00  -1.4256020e+01  -1.5909902e+01  -1.1209090e+00   3.2740039e+00  -2.2528903e+01   3.3579496e+01
  -8.4543219e+00  -1.2690063e+01  -1.6509594e+01  -3.1663017e+00   2.8266071e+00  -2.1420158e+01   3.1416677e+01
  -7.7112762e+00  -1.5038515e+01  -1.6344580e+01   1.3775715e+00   3.0868903e-01  -2.1176864e+01   2.8935380e+01
  -7.2476213e+00  -1.7822003e+01  -1.7139831e+01   3.3693547e+00  -7.1446556e-01  -1.9684506e+01   2.6008141e+01
  -7.4966350e+00  -1.9167570e+01  -1.8631524e+01   5.9286551e+00  -3.9257634e-01  -1.9983454e+01   2.2565571e+01
  -5.1445213e+00  -2.4332518e+01  -1.8084425e+01   1.3098851e+01  -4.7019447e+00  -1.9493034e+01   2.1205385e+01
  -2.6401021e+00  -2.8580548e+01  -2.0006056e+01   1.8896515e+01  -7.5648999e+00  -1.8760400e+01   1.6772409e+01
  -1.4469144e+00  -3.2117123e+01  -2.0908623e+01   2.4206715e+01  -1.0205560e+01  -1.8663216e+01   1.3585100e+01
  -8.7776565e-01  -3.4895097e+01  -2.1460601e+01   2.8412294e+01  -1.1789218e+01  -1.8683299e+01   1.0148712e+01
  -8.9147687e-01  -3.4467403e+01  -2.2051804e+01   2.9980044e+01  -1.3217515e+01  -1.9634350e+01   7.9911193e+00
  -1.5247557e+00  -3.4846044e+01  -2.2023342e+01   2.9995527e+01  -1.4697639e+01  -1.7570822e+01   4.2716212e+00
  -1.4697382e+00  -3.4694149e+01  -2.3675239e+01   3.2616802e+01  -1.4868756e+01  -1.8641753e+01   1.6227752e+00
  -4.2921310e+00  -3.1509545e+01  -2.3731665e+01   3.1738937e+01  -1.3676781e+01  -1.9318333e+01   1.1253199e+00
  -7.9593193e+00  -3.0229361e+01  -2.3042615e+01   3.2335399e+01  -1.2567637e+01  -1.9348107e+01  -9.4179869e-01
  -7.5337735e+00  -3.1132190e+01  -2.4190596e+01   3.5449613e+01  -1.3918132e+01  -1.9243417e+01  -1.7293324e+00
  -7.0754890e+00  -3.1047017e+01  -2.3548076e+01   3.4764886e+01  -1.4070312e+01  -1.9289464e+01  -1.8125196e+00
  -6.2744156e+00  -2.9934604e+01  -2.1696928e+01   2.8199342e+01  -1.2922769e+01  -1.8600071e+01  -3.0808916e+00
  -2.1187128e+00  -3.5744689e+01  -1.9932471e+01   2.7458096e+01  -1.4675097e+01  -1.7516250e+01  -3.6317497e+00
  -3.0279758e+00  -3.0632066e+01  -1.7494921e+01   2.0171554e+01  -8.2189177e+00  -1.9958277e+01  -4.7014456e+00
  -6.9657042e+00  -2.9465673e+01  -1.4723996e+01   1.4875517e+01  -3.6280120e-01  -1.9258005e+01  -1.9003448e+00
  -7.0313049e+00  -2.9914249e+01  -1.3373478e+01   1.6568071e+01   5.2395283e+00  -2.3295371e+01   6.5893224e+00
  -5.0374019e+00  -3.2466315e+01  -1.2896595e+01   1.9024921e+01   1.1474216e+01  -2.7274102e+01   1.5599854e+01
  -5.1745836e+00  -2.8346605e+01  -1.2255029e+01   1.7596434e+01   1.7916562e+01  -3.1327502e+01   2.1987068e+01
  -4.5336584e+00  -2.7047862e+01  -1.1419834e+01   1.7448627e+01   2.3161376e+01  -3.2326965e+01   2.6204660e+01
  -6.3887820e+00  -2.0721159e+01  -1.0938636e+01   1.0947014e+01   2.9483414e+01  -3.0241102e+01   2.8177177e+01
  -7.4909301e+00  -2.0723841e+01  -9.7366442e+00   1.1982201e+01   3.3267797e+01  -2.9055452e+01   3.0399499e+01
  -7.1056287e+00  -1.9875904e+01  -7.6168124e+00   1.2731903e+01   3.4528527e+01  -2.7397317e+01   3.1511955e+01
  -6.8244661e+00  -1.7992083e+01  -7.5330185e+00   9.9371233e+00   3.3806038e+01  -2.6184414e+01   3.2944157e+01
  -7.8858881e+00  -1.6075166e+01  -9.1006075e+00   7.5676520e+00   3.3786615e+01  -2.7803829e+01   3.5980340e+01
  -7.1702690e+00  -1.5080944e+01  -1.0347911e+01   4.3987380e+00   3.0861848e+01  -2.7779181e+01   3.6258639e+01
  -7.6113018e+00  -1.8177857e+01  -1.0041443e+01   7.8224854e+00   2.8951018e+01  -2.9273919e+01   3.7939851e+01
  -7.6445382e+00  -1.6671351e+01  -1.0550882e+01   5.0619369e+00   2.7271150e+01  -2.8556936e+01   4.0335185e+01
  -8.0538969e+00  -1.7557998e+01  -1.1558246e+01   6.1250925e+00   2.6245431e+01  -2.9866241e+01   4.1611528e+01
  -7.2105483e+00  -1.2492883e+01  -1.3142241e+01  -1.3856140e+00   2.4246239e+01  -2.9036364e+01   4.2025378e+01
  -7.1814987e+00  -8.3235113e+00  -1.4869651e+01  -6.7752906e+00   2.2907473e+01  -2.9782176e+01   4.2635150e+01
  -6.3444165e+00  -1.0152755e+01  -1.4969916e+01  -3.6477414e+00   2.0462899e+01  -3.2508572e+01   4.4597180e+01
  -6.5829142e+00  -1.2251266e+01  -1.5480929e+01  -6.4623095e-01   2.0176427e+01  -3.3915819e+01   4.4676100e+01
  -6.6984441e+00  -9.9555748e+00  -1.6385662e+01  -2.9088133e+00   1.8517986e+01  -3.3815333e+01   4.3555932e+01
  -5.2257704e+00  -1.3155494e+01  -1.5067213e+01   1.6890270e-01   1.4803344e+01  -3.4126138e+01   4.3639534e+01
  -4.4337031e+00  -1.8151573e+01  -1.4712739e+01   5.2132756e+00   1.2196094e+01  -3.4116306e+01   4.3243705e+01
  -5.7925731e+00  -2.0138929e+01  -1.5008067e+01   6.8014319e+00   1.1772128e+01  -3.3091095e+01   4.3266834e+01
  -6.6305925e+00  -1.6554960e+01  -1.6202864e+01   2.8837893e+00   1.0861728e+01  -3.1739481e+01   4.1592182e+01
  -6.7109839e+00  -1.4642268e+01  -1.7555252e+01   9.7910760e-02   1.0692324e+01  -3.0982475e+01   4.0330771e+01
  -6.8077291e+00  -1.5975512e+01  -1.7915475e+01   9.3983222e-01   9.1353151e+00  -2.9280141e+01   3.8337808e+01
  -4.8408442e+00  -2.1827578e+01  -1.6649208e+01   8.8951501e+00   3.9167477e+00  -2.9706677e+01   3.6529785e+01
  -5.2847776e+00  -2.2490156e+01  -1.6386110e+01   9.4549224e+00   1.5252358e+00  -2.8099914e+01   3.5518906e+01
  -5.8468400e+00  -2.1544462e+01  -1.6545017e+01   9.0543900e+00  -1.6806717e-01  -2.6759062e+01   3.4329180e+01
  -6.3595741e+00  -2.1864240e+01  -1.6724955e+01   1.0068896e+01  -2.4088318e+00  -2.5546195e+01   3.2518984e+01
  -4.7904364e+00  -2.1947593e+01  -1.8149627e+01   1.0201344e+01  -5.2207103e+00  -2.3665007e+01   2.8526863e+01
  -3.0931054e+00  -2.2851945e+01  -1.9173140e+01   1.2300162e+01  -7.8482000e+00  -2.2701235e+01   2.3744837e+01
  -9.6044402e-01  -2.4947122e+01  -2.0233898e+01   1.5700832e+01  -1.1386216e+01  -2.2029759e+01   2.0575433e+01
  -2.7442667e+00  -2.5886563e+01  -2.0889420e+01   1.8069095e+01  -1.0932557e+01  -2.0723187e+01   1.7025884e+01
  -5.6415711e+00  -2.5505719e+01  -2.0648889e+01   1.8887892e+01  -1.1804413e+01  -1.9543470e+01   1.6319474e+01
  -7.3181801e+00  -2.4930601e+01  -2.0886667e+01   1.9731638e+01  -1.2210006e+01  -1.9106144e+01   1.3097193e+01
  -7.1652187e+00  -2.6534676e+01  -2.1651419e+01   2.1619899e+01  -1.2683845e+01  -1.8306367e+01   9.6679984e+00
  -6.7595603e+00  -2.9118455e+01  -1.9757818e+01   2.3068424e+01  -1.2586028e+01  -1.8184532e+01   9.4651741e+00
  -5.5122352e+00  -3.2513122e+01  -1.7609361e+01   2.2891070e+01  -9.6516339e+00  -1.9981071e+01   5.8801605e+00
  -7.6705294e+00  -2.9806890e+01  -1.4641628e+01   1.7491517e+01  -5.0572844e+00  -2.1950120e+01   3.9086930e+00
  -1.0209835e+01  -2.3253445e+01  -1.3939154e+01   9.6621062e+00   3.2705897e+00  -2.4818894e+01   8.1095102e+00
  -8.9453761e+00  -2.3074227e+01  -1.3880296e+01   9.9321267e+00   1.0566843e+01  -3.0155242e+01   1.7482094e+01
  -6.7415355e+00  -1.9141139e+01  -1.3615043e+01   7.0669801e+00   1.5541141e+01  -3.4684436e+01   2.3189975e+01
  -5.2056144e+00  -1.8476787e+01  -1.4347677e+01   7.0747001e+00   2.1957243e+01  -3.6598602e+01   2.6630887e+01
  -4.1825464e+00  -1.7843664e+01  -1.3753059e+01   6.8728285e+00   2.6086011e+01  -3.5776866e+01   3.0161555e+01
  -5.9648846e+00  -1.5417140e+01  -1.4285384e+01   3.6880925e+00   3.2536218e+01  -3.2467427e+01   3.5803219e+01
  -7.1487019e+00  -1.5914008e+01  -1.1233894e+01   5.4300908e+00   3.3097895e+01  -2.9669036e+01   4.2033761e+01
  -8.2253473e+00  -1.4537366e+01  -1.2593247e+01   3.6477113e+00   3.3817755e+01  -2.9916927e+01   4.2729362e+01
  -7.8079514e+00  -1.3380005e+01  -1.3235656e+01   1.0897586e+00   3.0929762e+01  -2.9602929e+01   4.4289300e+01
  -6.2105751e+00  -1.1703296e+01  -1.3992865e+01  -1.2960819e+00   2.7128243e+01  -3.0889366e+01   4.4679977e+01
  -6.6220444e+00  -8.6459119e+00  -1.4439875e+01  -4.1527167e+00   2.5158499e+01  -3.1817163e+01   4.6358921e+01
  -6.5541217e+00  -7.9722733e+00  -1.4826313e+01  -5.8078424e+00   2.3427277e+01  -3.1828507e+01   4.6516168e+01
  -6.8287322e+00  -7.8475353e+00  -1.5307746e+01  -5.1095081e+00   2.1608116e+01  -3.3083834e+01   4.8148820e+01
  -6.7469989e+00  -7.8133400e+00  -1.4912580e+01  -4.6625838e+00   1.9422182e+01  -3.4106644e+01   4.7788011e+01
  -6.9699617e+00  -4.8507177e+00  -1.5610713e+01  -6.7337158e+00   1.7938418e+01  -3.4994485e+01   4.8086416e+01
  -6.6809062e+00  -8.2164945e+00  -1.5476234e+01  -4.2375655e+00   1.6657909e+01  -3.3972043e+01   4.6708355e+01
  -6.3618513e+00  -8.5927326e+00  -1.6198554e+01  -3.3336282e+00   1.5617039e+01  -3.4937910e+01   4.4746588e+01
  -5.3707122e+00  -1.1014364e+01  -1.6165053e+01  -2.4717451e+00   1.2922008e+01  -3.2821352e+01   4.2745464e+01
  -5.4022991e+00  -1.1508579e+01  -1.6038987e+01  -1.5791722e+00   1.1330995e+01  -3.2759670e+01   4.2758203e+01
  -6.8387737e+00  -1.1403995e+01  -1.6907243e+01  -1.6826308e+00   1.1585640e+01  -3.2442811e+01   4.1952589e+01
  -7.0334584e+00  -1.0884757e+01  -1.7513072e+01  -2.3111216e+00   1.0455320e+01  -3.1496377e+01   4.0437258e+01
  -8.1808609e+00  -1.6983345e+01  -1.7802321e+01   1.9883010e+00   1.0642238e+01  -2.8355756e+01   3.7592495e+01
  -6.1068007e+00  -2.5462414e+01  -1.6060689e+01   1.0397937e+01   6.2387899e+00  -2.6249636e+01   3.6303930e+01
  -5.7479327e+00  -2.1031356e+01  -1.5985163e+01   7.3332197e+00   3.5325721e+00  -2.5273422e+01   3.4292645e+01
  -5.1603711e+00  -2.0848982e+01  -1.5977905e+01   9.1532835e+00   1.4564179e+00  -2.6903805e+01   3.2661832e+01
  -6.4962430e+00  -2.2208933e+01  -1.6567798e+01   1.2224682e+01   1.9410160e+00  -2.7512893e+01   3.1394767e+01
  -5.7715408e+00  -2.1694308e+01  -1.7326428e+01   1.1665576e+01  -3.1560391e-01  -2.5916048e+01   2.8058584e+01
  -5.0151808e+00  -2.2431700e+01  -1.7082617e+01   1.3006702e+01  -3.2991553e+00  -2.4920517e+01   2.6091484e+01
  -4.9129190e+00  -2.1216810e+01  -1.7332024e+01   1.2083815e+01  -6.0323727e+00  -2.3478244e+01   2.3603218e+01
  -3.3414400e+00  -2.2366152e+01  -1.8363400e+01   1.2869135e+01  -9.0160555e+00  -2.1127446e+01   2.0503268e+01
  -5.0505763e+00  -2.2340318e+01  -1.8437092e+01   1.4305109e+01  -1.0200327e+01  -1.9727216e+01   1.8522986e+01
  -6.5868689e+00  -2.2552528e+01  -1.9986032e+01   1.6923392e+01  -9.1538852e+00  -2.0848374e+01   1.5219225e+01
  -6.8893466e+00  -2.4185421e+01  -2.0251446e+01   1.9417248e+01  -1.0278013e+01  -2.0429350e+01   1.3118044e+01
  -6.6053012e+00  -2.4247449e+01  -1.9841435e+01   1.7690886e+01  -7.9792209e+00  -2.0053113e+01   9.5590027e+00
  -6.8136248e+00  -2.2794939e+01  -1.7840579e+01   1.1833101e+01  -6.0159813e+00  -2.0392123e+01   9.0296979e+00
  -8.2395938e+00  -2.0783590e+01  -1.6361312e+01   9.6227308e+00  -1.9832876e+00  -2.3405121e+01   1.1432565e+01
  -6.4182683e+00  -2.4235783e+01  -1.4499103e+01   1.0776661e+01   2.1602729e+00  -2.3774157e+01   1.3260949e+01
  -6.6112771e+00  -2.8009859e+01  -1.3456907e+01   1.4653892e+01   1.1098231e+01  -2.6510567e+01   1.3435847e+01
  -6.0713170e+00  -2.1743592e+01  -1.2933073e+01   1.0964408e+01   1.7491554e+01  -2.9414882e+01   1.2987201e+01
  -6.4718257e+00  -2.3519894e+01  -1.1293257e+01   1.2771826e+01   2.3501408e+01  -2.8564328e+01   1.8601544e+01
  -6.7264573e+00  -2.1176830e+01  -1.0979558e+01   1.2233373e+01   2.8969817e+01  -2.8398937e+01   2.5630676e+01
  -7.7936291e+00  -2.2542106e+01  -7.5413914e+00   1.7386448e+01   3.1210527e+01  -2.9562665e+01   3.1367147e+01
  -7.7919734e+00  -2.2777089e+01  -6.9894518e+00   1.7349314e+01   3.1223992e+01  -2.8723491e+01   3.3832032e+01
  -8.3045712e+00  -2.0190931e+01  -7.7916753e+00   1.3709028e+01   3.0271294e+01  -2.8254336e+01   3.5094209e+01
  -7.8278870e+00  -2.1849950e+01  -8.4117270e+00   1.4123240e+01   2.8073058e+01  -2.7991687e+01   3.6210598e+01
  -7.8247731e+00  -1.8640120e+01  -1.0049195e+01   1.0339665e+01   2.6210342e+01  -2.8605691e+01   3.7331589e+01
  -7.4958498e+00  -1.5926752e+01  -1.0896097e+01   5.6943726e+00   2.3871930e+01  -2.7470362e+01   3.9349771e+01
  -7.9965699e+00  -1.3054888e+01  -1.1749044e+01   1.3155665e+00   2.2201195e+01  -2.6687929e+01   4.0241399e+01
  -8.1757538e+00  -9.3205490e+00  -1.2525670e+01  -2.2164990e+00   2.0817062e+01  -2.7618914e+01   4.1737917e+01
  -7.5405624e+00  -9.6190060e+00  -1.3116577e+01  -2.7697184e+00   1.8580577e+01  -2.7387021e+01   4.1623950e+01
  -8.7505623e+00  -6.8426920e+00  -1.4473167e+01  -4.8479090e+00   1.8045607e+01  -2.9233498e+01   4.1735309e+01
  -7.5436385e+00  -9.5606068e+00  -1.4492192e+01  -2.0571927e+00   1.5456521e+01  -3.0651029e+01   4.1840803e+01
  -6.8758364e+00  -1.0447132e+01  -1.3748958e+01  -1.3987621e+00   1.2458195e+01  -2.9876194e+01   4.1161040e+01
  -7.4016187e+00  -1.5209735e+01  -1.3616577e+01   3.1060779e+00   1.1648234e+01  -2.8195892e+01   3.8959652e+01
  -6.1264926e+00  -1.5531241e+01  -1.3936428e+01   2.2609230e+00   9.1223647e+00  -2.6479489e+01   3.7031494e+01
  -5.9218336e+00  -1.4408087e+01  -1.4376352e+01   6.6506460e-01   8.2343787e+00  -2.5079984e+01   3.4451438e+01
  -6.5009951e+00  -1.5799020e+01  -1.4851558e+01   2.9366257e+00   6.9323630e+00  -2.5854655e+01   3.3331162e+01
  -6.6053064e+00  -1.9748998e+01  -1.5134197e+01   7.9405232e+00   4.7535746e+00  -2.6512710e+01   3.0536548e+01
  -7.3850976e+00  -2.0530297e+01  -1.5804551e+01   7.5530807e+00   4.6747610e+00  -2.3795013e+01   2.8426200e+01
  -7.3566137e+00  -2.5144950e+01  -1.5780074e+01   1.1447841e+01   2.9025672e+00  -2.2632088e+01   2.6830594e+01
  -5.5851740e+00  -2.3023737e+01  -1.6735255e+01   1.0897592e+01   9.8905505e-01  -2.3051893e+01   2.2847750e+01
  -5.7481290e+00  -2.3027220e+01  -1.6594002e+01   1.3214191e+01  -1.4153046e+00  -2.3437416e+01   2.0900608e+01
  -3.8943357e+00  -2.3193342e+01  -1.7964965e+01   1.3949584e+01  -3.8052057e+00  -2.3157325e+01   1.9392832e+01
  -2.2158895e+00  -2.6572609e+01  -1.8306040e+01   1.8886629e+01  -7.3090166e+00  -2.3072314e+01   1.9035090e+01
  -5.3570962e-01  -2.5190972e+01  -1.9931682e+01   1.8767661e+01  -1.0410464e+01  -2.2754729e+01   1.6731065e+01
  -2.6220230e+00  -2.7669380e+01  -2.0114245e+01   2.2797084e+01  -1.0715590e+01  -2.2050683e+01   1.3018211e+01
  -5.5539317e+00  -2.3204966e+01  -2.0897522e+01   1.9667475e+01  -9.4805907e+00  -2.1257046e+01   1.0425356e+01
  -5.8869228e+00  -2.2989616e+01  -2.1064642e+01   1.9336970e+01  -1.1849976e+01  -1.8921009e+01   6.9582772e+00
  -5.2835572e+00  -2.7390628e+01  -2.1802938e+01   2.4712390e+01  -1.3276594e+01  -1.8203846e+01   5.1881929e+00
  -5.0982530e+00  -2.8753419e+01  -2.1603022e+01   2.9774517e+01  -1.4483951e+01  -2.1189148e+01   5.0985910e+00
  -6.4462986e+00  -2.7039352e+01  -2.0305203e+01   2.3118847e+01  -1.0524070e+01  -1.7691588e+01   3.0162480e+00
  -4.9130717e+00  -3.0165098e+01  -1.8036693e+01   2.4729818e+01  -6.6688660e+00  -2.0725544e+01  -3.2497866e-01
  -6.1458076e+00  -3.0558801e+01  -1.4198996e+01   2.0232302e+01  -3.6117237e+00  -1.9865939e+01  -2.1102772e-01
  -7.4232759e+00  -2.7131037e+01  -1.2705877e+01   1.5213188e+01   3.0780279e+00  -2.0609483e+01   2.0989022e+00
  -6.5262810e+00  -3.0497638e+01  -1.0859690e+01   1.6394384e+01   7.8669441e+00  -2.1272809e+01   1.2524823e+01
  -6.7543743e+00  -2.7866822e+01  -1.0214683e+01   1.9100802e+01   1.5291926e+01  -2.9340262e+01   1.8966056e+01
  -7.0085851e+00  -2.6032119e+01  -1.0566268e+01   1.6413325e+01   2.2699525e+01  -2.9722444e+01   2.4082744e+01
  -5.9777025e+00  -2.2853574e+01  -1.0425363e+01   1.5656878e+01   2.6502281e+01  -3.2824964e+01   2.9683355e+01
  -6.6467783e+00  -1.9745002e+01  -1.0095003e+01   1.1446519e+01   2.9899537e+01  -3.1206770e+01   3.4410520e+01
  -7.1669893e+00  -1.8665899e+01  -9.7545495e+00   1.0382089e+01   3.0281134e+01  -3.0099158e+01   3.7050308e+01
  -7.1072441e+00  -1.7404389e+01  -1.0240814e+01   8.3371724e+00   2.8660005e+01  -2.9869860e+01   4.0314492e+01
  -7.7470828e+00  -1.4816844e+01  -1.0575965e+01   4.0248414e+00   2.6695031e+01  -2.9021529e+01   4.2275263e+01
  -7.2387773e+00  -1.8001525e+01  -1.0429927e+01   6.4041703e+00   2.4195532e+01  -2.8745584e+01   4.3376550e+01
  -7.1345356e+00  -1.5944379e+01  -1.1211467e+01   4.0440559e+00   2.2660544e+01  -2.9630909e+01   4.4905542e+01
  -8.1079786e+00  -1.2152065e+01  -1.2942890e+01  -1.7442730e-01   2.1886327e+01  -3.0380464e+01   4.4340278e+01
  -9.1613667e+00  -1.2293294e+01  -1.3149884e+01  -8.6934571e-01   2.0511795e+01  -2.8984685e+01   4.5757921e+01
  -8.2526124e+00  -1.1660318e+01  -1.3056800e+01  -1.7452399e+00   1.7514412e+01  -2.9780001e+01   4.5348680e+01
  -7.5349159e+00  -1.0653201e+01  -1.3723911e+01  -3.1430147e+00   1.5854581e+01  -3.0216100e+01   4.4852861e+01
  -6.7265845e+00  -9.6743363e+00  -1.3937605e+01  -3.5520694e+00   1.3548857e+01  -3.1435416e+01   4.4088321e+01
  -7.1893660e+00  -9.7680435e+00  -1.5535753e+01  -3.9245816e+00   1.3709317e+01  -3.1548915e+01   4.4169843e+01
  -6.7042565e+00  -8.7971346e+00  -1.5874410e+01  -5.7941947e+00   1.2241803e+01  -2.9799879e+01   4.1944353e+01
  -6.2600907e+00  -1.2134398e+01  -1.4575199e+01  -1.6645801e+00   9.2724677e+00  -2.9079614e+01   4.1706372e+01
  -6.7595941e+00  -1.3217524e+01  -1.4458286e+01  -7.7678560e-01   7.9971942e+00  -2.7182386e+01   3.9399700e+01
  -7.7291002e+00  -1.2197311e+01  -1.5611398e+01  -3.0932889e+00   8.0517342e+00  -2.5133194e+01   3.7569839e+01
  -7.3384811e+00  -1.3918702e+01  -1.5937340e+01   3.0658482e-01   5.3033003e+00  -2.6996183e+01   3.5440519e+01
  -7.9331263e+00  -1.7953928e+01  -1.6205922e+01   4.5917202e+00   4.4325041e+00  -2.5766968e+01   3.5097828e+01
  -6.4202706e+00  -2.8262876e+01  -1.5041345e+01   1.3726973e+01   6.6966610e-01  -2.3798071e+01   3.4978092e+01
  -5.1113053e+00  -2.2763452e+01  -1.6427950e+01   9.3934211e+00  -2.0664232e+00  -2.4383121e+01   3.2612540e+01
  -6.3167179e+00  -1.5966293e+01  -1.8004530e+01   4.1731240e+00  -2.0898986e+00  -2.4105881e+01   3.0071135e+01
  -5.9052269e+00  -1.9944472e+01  -1.7775188e+01   9.6501130e+00  -3.9227843e+00  -2.5004742e+01   2.9243188e+01
  -4.5558269e+00  -2.1068375e+01  -1.7963011e+01   1.0306384e+01  -7.1509866e+00  -2.3359970e+01   2.6918105e+01
  -1.6151569e+00  -2.3852550e+01  -1.8944056e+01   1.5132657e+01  -1.0603819e+01  -2.4372242e+01   2.4250484e+01
  -1.2257681e+00  -2.4691669e+01  -1.9552405e+01   1.6731107e+01  -1.2609771e+01  -2.3511322e+01   2.2198386e+01
  -1.9865858e+00  -2.3761102e+01  -2.0532733e+01   1.6805362e+01  -1.3230704e+01  -2.1970780e+01   1.9007039e+01
  -5.8428228e+00  -2.4053353e+01  -1.9933102e+01   1.9447644e+01  -1.2889660e+01  -2.2152874e+01   1.6723850e+01
  -4.6354563e+00  -2.6341530e+01  -2.0729394e+01   2.1739872e+01  -1.5375432e+01  -2.0508644e+01   1.4524827e+01
  -4.4375327e+00  -2.6612180e+01  -2.2013045e+01   2.3682795e+01  -1.6853471e+01  -2.0950830e+01   1.1009716e+01
  -6.8427087e+00  -2.5008802e+01  -2.3023152e+01   2.3567751e+01  -1.4960074e+01  -2.0746222e+01   7.7295768e+00
  -6.9097402e+00  -2.4740062e+01  -2.0204944e+01   2.0002220e+01  -1.1336284e+01  -2.1461993e+01   5.2992105e+00
  -4.0351393e+00  -2.6048385e+01  -1.8281667e+01   1.7525382e+01  -1.0609561e+01  -2.1539925e+01   3.3841121e+00
  -5.9621050e+00  -2.8747397e+01  -1.5258307e+01   1.8070835e+01  -6.3842581e+00  -2.1752285e+01   3.9240578e+00
  -8.2839147e+00  -2.4429671e+01  -1.4541126e+01   1.1982872e+01   2.3162945e+00  -2.0935983e+01   9.0307923e+00
  -7.6847082e+00  -2.3343514e+01  -1.3535690e+01   1.2069442e+01   7.8916099e+00  -2.3220968e+01   1.6279229e+01
  -6.7085707e+00  -2.7394423e+01  -1.1680037e+01   1.7742623e+01   1.3775282e+01  -2.6568678e+01   2.2021711e+01
  -4.8969193e+00  -2.9862744e+01  -1.0938458e+01   2.3575154e+01   1.8403405e+01  -3.1477985e+01   2.7088654e+01
  -4.8769850e+00  -2.4452891e+01  -1.0219232e+01   1.6651505e+01   2.2672570e+01  -3.0468483e+01   2.9232133e+01
  -5.9257680e+00  -2.0518134e+01  -9.6605402e+00   1.5428102e+01   2.8640758e+01  -3.1864658e+01   2.9528667e+01
  -6.6021485e+00  -2.1079933e+01  -7.1789483e+00   1.6184060e+01   3.3213730e+01  -2.8987793e+01   2.8919054e+01
  -5.0192135e+00  -2.7504949e+01  -4.2069179e+00   2.3090884e+01   3.2814761e+01  -2.6203155e+01   2.8688647e+01
  -5.9948589e+00  -2.2927301e+01  -5.2830619e+00   1.7622098e+01   3.3810015e+01  -2.5816205e+01   2.9598779e+01
  -6.9145526e+00  -2.2295517e+01  -6.1000884e+00   1.6019925e+01   3.3135523e+01  -2.7126810e+01   3.2988455e+01
  -7.4503853e+00  -1.6454347e+01  -8.4829545e+00   1.0106322e+01   3.2632863e+01  -2.9946089e+01   3.6681844e+01
  -6.5639464e+00  -1.6016678e+01  -9.8881302e+00   7.8797103e+00   3.0296292e+01  -3.0280849e+01   3.8604040e+01
  -7.2057649e+00  -1.5385975e+01  -1.1168032e+01   5.7235158e+00   2.9523228e+01  -2.9709848e+01   3.8564169e+01
  -8.0053469e+00  -1.3454397e+01  -1.1441386e+01   2.1929803e+00   2.8364287e+01  -2.8336748e+01   4.0935467e+01
  -7.6081077e+00  -1.2233674e+01  -1.1530023e+01   3.9722917e-01   2.6359134e+01  -2.7569707e+01   4.2060599e+01
  -8.0631542e+00  -1.1671515e+01  -1.2200420e+01  -5.4117684e-01   2.5491996e+01  -2.8132555e+01   4.2795700e+01
  -6.9598341e+00  -1.2462173e+01  -1.3056099e+01   3.2190178e-01   2.3908156e+01  -2.9794833e+01   4.3668814e+01
  -5.1751034e+00  -1.2019005e+01  -1.3388476e+01  -4.9439695e-01   2.0975951e+01  -3.0369927e+01   4.3195040e+01
  -5.0868525e+00  -1.5074892e+01  -1.4167018e+01   3.5912173e+00   1.9874630e+01  -3.3287024e+01   4.1995135e+01
  -4.3684393e+00  -1.7601985e+01  -1.4539210e+01   6.6178343e+00   1.7261214e+01  -3.4260284e+01   4.2365919e+01
  -4.1032024e+00  -1.9714911e+01  -1.3944120e+01   9.6132394e+00   1.4413769e+01  -3.4345779e+01   4.0677693e+01
  -5.2289669e+00  -1.8064736e+01  -1.4633537e+01   6.7335944e+00   1.4147167e+01  -3.2675856e+01   3.9723479e+01
  -5.7323780e+00  -1.7863961e+01  -1.4841818e+01   6.7554877e+00   1.2511986e+01  -3.2834987e+01   3.9544338e+01
  -6.8275869e+00  -1.8038804e+01  -1.5496156e+01   7.4175399e+00   1.1476689e+01  -3.3066022e+01   3.9322843e+01
  -8.1971258e+00  -1.9937031e+01  -1.6010465e+01   8.2493318e+00   1.1339200e+01  -3.1843576e+01   3.7715090e+01
  -7.0050971e+00  -2.3072050e+01  -1.5374062e+01   1.0513667e+01   7.7124369e+00  -2.9130742e+01   3.8846130e+01
  -6.0187032e+00  -2.3513320e+01  -1.5255617e+01   9.3677260e+00   4.3100445e+00  -2.5847308e+01   3.4983484e+01
  -4.8623741e+00  -1.9570803e+01  -1.5574244e+01   7.9025455e+00   7.7329620e-01  -2.7553346e+01   3.4909115e+01
  -6.3039971e+00  -2.1746368e+01  -1.6469951e+01   1.1557312e+01   1.7598032e+00  -2.7893870e+01   3.2884815e+01
  -6.8121822e+00  -1.9859639e+01  -1.6832882e+01   1.0877132e+01  -2.0488062e-01  -2.7296979e+01   3.0719850e+01
  -5.9538498e+00  -2.0261004e+01  -1.6788474e+01   1.0920584e+01  -2.2473810e+00  -2.5370954e+01   2.6677371e+01
  -6.1352758e+00  -1.9720918e+01  -1.6014738e+01   1.0330908e+01  -5.5796931e+00  -2.3715088e+01   2.5103957e+01
  -4.9811998e+00  -2.2134236e+01  -1.6927491e+01   1.2912190e+01  -7.3486987e+00  -2.2570387e+01   2.1933544e+01
  -4.1264762e+00  -2.5350086e+01  -1.7308849e+01   1.8294159e+01  -9.9495674e+00  -2.2103590e+01   2.0304932e+01
  -5.6439563e+00  -2.4738636e+01  -1.7338250e+01   1.8062665e+01  -7.6775727e+00  -2.2454566e+01   1.8509174e+01
  -8.0416528e+00  -2.3872326e+01  -1.6309904e+01   1.6092468e+01  -3.3300614e+00  -2.3099742e+01   1.6796255e+01
  -7.5996214e+00  -2.3827273e+01  -1.5584112e+01   1.5570216e+01   3.8938760e-01  -2.7090151e+01   1.4229640e+01
  -7.8499761e+00  -2.2185590e+01  -1.4696287e+01   9.4142985e+00   5.7659805e+00  -2.6346150e+01   1.2170849e+01
  -6.6175373e+00  -2.3758544e+01  -1.4231303e+01   1.2604785e+01   1.2322715e+01  -3.2170309e+01   1.6375449e+01
  -6.0634782e+00  -1.9000183e+01  -1.4864271e+01   1.0058855e+01   1.7663985e+01  -3.6841512e+01   2.3709537e+01
  -6.7115605e+00  -1.5243682e+01  -1.4650297e+01   4.8841435e+00   2.2924975e+01  -3.4271499e+01   2.9482165e+01
  -5.8415575e+00  -1.1358273e+01  -1.4228372e+01   1.3875322e+00   2.8074006e+01  -3.3691642e+01   3.4400255e+01
  -6.4821771e+00  -1.2202308e+01  -1.2642700e+01   4.3057485e+00   3.2151097e+01  -3.4831797e+01   3.5818117e+01
  -6.3816467e+00  -1.5693436e+01  -1.1141331e+01   7.1465693e+00   3.4188261e+01  -3.1701474e+01   3.7519049e+01
  -6.1027440e+00  -1.7138825e+01  -9.4469674e+00   9.5904906e+00   3.4538805e+01  -3.0118751e+01   3.7763852e+01
  -6.4614022e+00  -1.5904273e+01  -9.4359671e+00   8.8115528e+00   3.4800751e+01  -3.0667166e+01   3.9796012e+01
  -6.8039300e+00  -1.7448319e+01  -1.0307250e+01   9.6972644e+00   3.3535230e+01  -3.1396790e+01   3.9962426e+01
  -6.8323307e+00  -1.7432356e+01  -1.0147122e+01   8.9642512e+00   3.1266034e+01  -3.2280276e+01   4.2002712e+01
  -7.4396526e+00  -1.2722971e+01  -1.2345429e+01   3.5165313e+00   3.1219480e+01  -3.2689661e+01   4.3283397e+01
  -6.1758540e+00  -1.2938980e+01  -1.2654154e+01   3.0998246e+00   2.8398634e+01  -3.3354025e+01   4.2747347e+01
  -5.6428796e+00  -1.0748905e+01  -1.3325002e+01   8.9872701e-01   2.6448462e+01  -3.4857817e+01   4.4928107e+01
  -5.0347304e+00  -8.3963246e+00  -1.3614985e+01  -1.8679287e+00   2.3643186e+01  -3.4951576e+01   4.5329562e+01
  -5.8113933e+00  -8.2476734e+00  -1.4378149e+01  -2.8842045e+00   2.3389196e+01  -3.4485722e+01   4.5735078e+01
  -6.4219901e+00  -9.3267288e+00  -1.4405507e+01  -1.8974142e+00   2.1567732e+01  -3.4674490e+01   4.5235603e+01
  -7.1171244e+00  -8.5425430e+00  -1.4923327e+01  -3.2647010e+00   2.0925593e+01  -3.3973832e+01   4.5361944e+01
  -7.3959195e+00  -9.9385941e+00  -1.5305932e+01  -3.4668149e+00   1.9478756e+01  -3.2414063e+01   4.4493808e+01
  -6.6226192e+00  -8.3017300e+00  -1.5076024e+01  -4.0583195e+00   1.7259171e+01  -3.2914462e+01   4.3565905e+01
  -6.2793562e+00  -9.0778831e+00  -1.5649762e+01  -3.6791421e+00   1.6586476e+01  -3.1971387e+01   4.1261620e+01
  -5.3909837e+00  -1.1671778e+01  -1.4990440e+01  -1.3012882e-01   1.4915630e+01  -3.2049940e+01   4.1146676e+01
  -5.9100168e+00  -1.2381018e+01  -1.4428173e+01  -8.4650214e-02   1.3338067e+01  -3.0381388e+01   3.9811656e+01
  -6.2134870e+00  -1.4202637e+01  -1.4400944e+01   1.7193593e+00   1.2331552e+01  -2.9463845e+01   3.8610178e+01
  -5.7763167e+00  -1.6591197e+01  -1.4393515e+01   4.0060389e+00   1.0320613e+01  -2.9274699e+01   3.8135501e+01
  -7.2209011e+00  -1.4513109e+01  -1.5235064e+01   2.6253459e+00   1.0058313e+01  -2.9506498e+01   3.6745653e+01
  -7.7883915e+00  -2.5777963e+01  -1.3836388e+01   1.4233527e+01   8.9768379e+00  -2.9205711e+01   3.6250475e+01
  -5.5338421e+00  -2.3244583e+01  -1.5589882e+01   8.9190554e+00   6.5721980e+00  -2.5324199e+01   3.4801739e+01
  -4.0929384e+00  -2.6814586e+01  -1.5384782e+01   1.2147009e+01   3.1001722e+00  -2.4416541e+01   3.4456803e+01
  -5.3970511e+00  -2.1321573e+01  -1.6374728e+01   6.3483188e+00   3.0455790e+00  -2.3950177e+01   3.3039504e+01
  -5.2919604e+00  -2.6074392e+01  -1.6160268e+01   1.2677497e+01   1.7762438e+00  -2.4029406e+01   3.1130676e+01
  -5.1072932e+00  -2.0507945e+01  -1.7270732e+01   8.8860848e+00   7.9445275e-01  -2.4476763e+01   2.8012657e+01
  -5.0383668e+00  -2.0501645e+01  -1.7608324e+01   9.7431519e+00  -4.4215238e-01  -2.3567608e+01   2.6080586e+01
  -4.0007798e+00  -2.2596435e+01  -1.7061852e+01   1.2004024e+01  -4.2142802e+00  -2.2444908e+01   2.5119181e+01
  -9.0170717e-01  -2.7415853e+01  -1.8307062e+01   2.0155265e+01  -8.1740563e+00  -2.5054020e+01   2.1870068e+01
  -2.0067084e+00  -2.4238676e+01  -1.8429278e+01   1.5913943e+01  -9.7994942e+00  -2.2133237e+01   2.0661228e+01
  -3.3819815e+00  -2.6078418e+01  -1.9218545e+01   1.9910958e+01  -9.8979664e+00  -2.2161964e+01   1.7995210e+01
  -4.6481060e+00  -2.7399140e+01  -1.9230024e+01   2.2172729e+01  -1.1053082e+01  -2.1263062e+01   1.5374497e+01
  -3.9480390e+00  -2.7650919e+01  -1.9881680e+01   2.2481610e+01  -1.3844009e+01  -1.9327552e+01   1.2536940e+01
  -5.7463172e+00  -2.6850422e+01  -2.0350162e+01   2.2363641e+01  -1.3468112e+01  -1.8861911e+01   1.1001323e+01
  -6.6991971e+00  -2.8663061e+01  -1.8574207e+01   2.2762806e+01  -9.7171127e+00  -1.9153679e+01   9.5810619e+00
  -7.1963338e+00  -2.6433412e+01  -1.6419462e+01   1.6742761e+01  -5.2128191e+00  -2.0505880e+01   4.3004355e+00
  -8.6132514e+00  -2.3515367e+01  -1.5097708e+01   1.1563881e+01   6.3253620e-01  -2.1483998e+01   2.3669056e+00
  -7.0714928e+00  -2.7993447e+01  -1.3474474e+01   1.6406798e+01   6.1831148e+00  -2.4570368e+01   4.9969410e+00
  -5.2814827e+00  -3.2131048e+01  -1.1713898e+01   2.1284727e+01   1.1408088e+01  -2.6694825e+01   1.3129524e+01
  -5.6566693e+00  -2.5083643e+01  -1.1709912e+01   1.5742955e+01   1.9529961e+01  -2.9786994e+01   1.7259908e+01
  -3.9702208e+00  -2.5250305e+01  -1.1136715e+01   1.4982882e+01   2.4974605e+01  -2.9004245e+01   2.0321947e+01
  -5.3080849e+00  -1.7560009e+01  -1.1658100e+01   6.3642655e+00   3.2805483e+01  -2.7217966e+01   2.2985586e+01
  -5.6007181e+00  -1.9083470e+01  -9.3113914e+00   9.8759861e+00   3.5393642e+01  -2.6535178e+01   2.4619818e+01
  -4.1579811e+00  -2.3353302e+01  -6.7869691e+00   1.7115742e+01   3.5930488e+01  -2.6111803e+01   2.5604770e+01
  -5.8710329e+00  -3.0420688e+01  -3.7662481e+00   2.6359273e+01   3.6381267e+01  -2.6095410e+01   2.9269477e+01
  -4.8311770e+00  -2.9003888e+01  -5.0930502e+00   2.3512911e+01   3.4069668e+01  -2.6888020e+01   2.9809115e+01
  -6.6909205e+00  -2.1298995e+01  -6.8750494e+00   1.4459533e+01   3.4666501e+01  -2.7868881e+01   3.3068409e+01
  -7.6202741e+00  -1.6327283e+01  -8.2696806e+00   9.7457500e+00   3.3373189e+01  -2.9799429e+01   3.5891397e+01
  -6.9264528e+00  -1.7342767e+01  -9.7803926e+00   9.2503898e+00   3.1866965e+01  -2.9375930e+01   3.7822597e+01
  -7.4405963e+00  -1.6600156e+01  -1.0706618e+01   6.4515328e+00   3.0216016e+01  -2.8572218e+01   3.9516062e+01
  -7.7675088e+00  -1.4712874e+01  -1.1565597e+01   2.5896045e+00   2.7820908e+01  -2.7358455e+01   3.8987117e+01
  -6.2912034e+00  -1.2931634e+01  -1.1208640e+01   1.4075893e+00   2.3175533e+01  -2.8832804e+01   4.1605375e+01
  -8.7218554e+00  -9.1427042e+00  -1.3464451e+01  -3.4860941e+00   2.4707534e+01  -2.8841090e+01   4.1584185e+01
  -6.5496203e+00  -1.3475090e+01  -1.2817153e+01   1.9093131e+00   2.0029368e+01  -3.0066515e+01   4.1362063e+01
  -5.7449309e+00  -1.6379594e+01  -1.2696117e+01   4.6703384e+00   1.7072738e+01  -3.0039702e+01   4.0406275e+01
  -4.7955789e+00  -1.8459697e+01  -1.2819154e+01   5.9017763e+00   1.3833205e+01  -2.9818512e+01   3.9301292e+01
  -4.4332743e+00  -1.9364985e+01  -1.2945969e+01   6.7962967e+00   1.0516138e+01  -2.9913766e+01   3.8468521e+01
  -6.6098515e+00  -1.9895140e+01  -1.3735558e+01   5.9888256e+00   1.0866142e+01  -2.7484396e+01   3.7609525e+01
  -7.7441061e+00  -2.8989176e+01  -1.2571427e+01   1.6241210e+01   9.4635717e+00  -2.8004729e+01   3.6135003e+01
  -7.3379381e+00  -2.9068985e+01  -1.3220873e+01   1.7106752e+01   7.7322123e+00  -2.7241524e+01   3.2072339e+01
  -6.5494858e+00  -2.5886418e+01  -1.3749002e+01   1.3995292e+01   4.6103859e+00  -2.6261216e+01   3.1447932e+01
  -6.3297731e+00  -2.6954972e+01  -1.4713433e+01   1.4340649e+01   3.4301950e+00  -2.4867056e+01   2.9961192e+01
  -7.2104218e+00  -2.4151682e+01  -1.5248041e+01   1.2040009e+01   2.4819107e+00  -2.4241315e+01   2.6556960e+01
  -4.9305110e+00  -2.5273532e+01  -1.5739961e+01   1.3935196e+01  -5.6127940e-01  -2.2781494e+01   2.2341097e+01
  -4.1160938e+00  -2.5505137e+01  -1.6482479e+01   1.5411097e+01  -3.3511154e+00  -2.2483738e+01   1.9801879e+01
  -2.4365528e+00  -2.7271753e+01  -1.7046638e+01   1.8841922e+01  -6.9063571e+00  -2.1235041e+01   1.7350468e+01
  -8.9876813e-01  -3.1108521e+01  -1.9096472e+01   2.4493784e+01  -8.6649942e+00  -2.1067606e+01   1.3791788e+01
  -1.1451874e+00  -3.1543404e+01  -2.0006505e+01   2.5565767e+01  -9.6730345e+00  -2.0052224e+01   9.3041038e+00
  -3.4145883e+00  -2.9836178e+01  -1.9887935e+01   2.4504643e+01  -9.7066656e+00  -1.8913435e+01   6.5285318e+00
  -5.0259683e+00  -2.9120685e+01  -2.0058412e+01   2.3376272e+01  -1.0356811e+01  -1.6399850e+01   4.3365197e+00
  -4.8433602e+00  -3.0155530e+01  -2.0779546e+01   2.7776074e+01  -1.1859051e+01  -1.8271811e+01   2.5632745e+00
  -5.2565237e+00  -3.2325788e+01  -2.1212217e+01   3.2832517e+01  -1.3071110e+01  -1.9219972e+01   1.8100724e-01
  -5.6724862e+00  -3.0527308e+01  -2.0557560e+01   2.8685875e+01  -1.1347847e+01  -1.8449381e+01   4.4331302e-01
  -7.1436199e+00  -2.6781115e+01  -1.8195815e+01   2.0862493e+01  -7.2368184e+00  -1.9948253e+01  -2.2783883e+00
  -4.5277208e+00  -2.9690189e+01  -1.7323816e+01   1.9688489e+01  -6.0871282e+00  -2.0302009e+01  -3.0908889e+00
  -5.3933917e+00  -2.7857345e+01  -1.4922960e+01   1.6825873e+01   7.3039704e-01  -2.1136272e+01  -2.9937516e+00
  -5.8183149e+00  -2.7159605e+01  -1.3458098e+01   1.4419682e+01   6.3853869e+00  -2.0097726e+01   8.7434174e+00
  -5.6357050e+00  -2.9310836e+01  -1.1933248e+01   1.6937453e+01   1.2221794e+01  -2.1485545e+01   1.4058986e+01
  -7.6786017e+00  -2.4861054e+01  -1.1434514e+01   1.3835862e+01   2.2007789e+01  -2.4952935e+01   1.8869037e+01
  -5.1603929e+00  -2.4492351e+01  -1.1719515e+01   1.5672376e+01   2.7458542e+01  -2.9637380e+01   2.1406092e+01
  -5.1996555e+00  -1.6512133e+01  -1.3767973e+01   9.1390598e+00   3.7513434e+01  -3.2924895e+01   2.4645008e+01
  -3.1166015e+00  -1.6052699e+01  -1.2865362e+01   9.9109676e+00   3.9090429e+01  -3.4447837e+01   3.0402273e+01
  -3.3992649e+00  -1.6229823e+01  -1.1368733e+01   1.1050773e+01   4.1150672e+01  -3.3642133e+01   3.3126764e+01
  -4.2803133e+00  -2.0593557e+01  -7.8791206e+00   1.5715684e+01   4.0399572e+01  -3.0215510e+01   3.5134685e+01
  -4.5570253e+00  -1.9404191e+01  -7.1598088e+00   1.3542526e+01   3.8691665e+01  -2.8837294e+01   3.5694013e+01
  -5.5051060e+00  -2.0472610e+01  -7.8952892e+00   1.3768900e+01   3.7791387e+01  -3.0562035e+01   3.8690026e+01
  -5.2345418e+00  -1.7778175e+01  -8.9801623e+00   1.0060744e+01   3.6147908e+01  -3.1635223e+01   4.1789355e+01
  -6.1142199e+00  -1.5639835e+01  -9.8969413e+00   5.6980201e+00   3.5255885e+01  -3.0283995e+01   4.4285486e+01
  -6.0623035e+00  -8.9174906e+00  -1.2776688e+01  -2.6962195e+00   3.5218782e+01  -3.0920302e+01   4.5377249e+01
  -6.2300863e+00  -6.6030055e+00  -1.4482951e+01  -4.6374603e+00   3.4617949e+01  -3.2642819e+01   4.6036701e+01
  -5.8150428e+00  -7.3344523e+00  -1.5810052e+01  -5.0786016e+00   3.3223264e+01  -3.3452423e+01   4.6844471e+01
  -5.0206820e+00  -6.1739354e+00  -1.6029222e+01  -5.3293234e+00   3.1062577e+01  -3.4688699e+01   4.6947924e+01
  -5.5776061e+00  -7.3258543e+00  -1.6758275e+01  -5.9774348e+00   3.0552649e+01  -3.3518014e+01   4.8557594e+01
  -4.6145949e+00  -9.4541356e+00  -1.6294491e+01  -4.6579353e+00   2.7099504e+01  -3.3309222e+01   4.8323831e+01
  -4.6833170e+00  -1.1390917e+01  -1.6585241e+01  -2.3793868e+00   2.5383645e+01  -3.3812465e+01   4.8109278e+01
  -5.7900301e+00  -7.5726364e+00  -1.7665529e+01  -6.3117424e+00   2.5214425e+01  -3.3518814e+01   4.7646616e+01
  -5.6555036e+00  -8.0780599e+00  -1.7501462e+01  -4.9705110e+00   2.3178349e+01  -3.4274862e+01   4.6762458e+01
  -5.3337241e+00  -9.9775950e+00  -1.6996170e+01  -2.8466593e+00   2.1227772e+01  -3.3952374e+01   4.5882493e+01
  -5.2503155e+00  -9.8071380e+00  -1.6501297e+01  -3.4310446e+00   1.9697978e+01  -3.2485172e+01   4.5046815e+01
  -5.1677702e+00  -1.2297863e+01  -1.6073103e+01   4.1864627e-01   1.8278448e+01  -3.3081637e+01   4.4004071e+01
  -4.7155909e+00  -1.3387832e+01  -1.5707727e+01   1.0842565e+00   1.6109125e+01  -3.2964014e+01   4.1994563e+01
  -5.3621801e+00  -1.6659960e+01  -1.5710639e+01   4.6612381e+00   1.5503827e+01  -3.3444463e+01   4.0959097e+01
  -6.3043928e+00  -2.1099166e+01  -1.5051250e+01   8.5473787e+00   1.4868511e+01  -3.0469700e+01   4.0510575e+01
  -7.0645299e+00  -2.4468082e+01  -1.4555687e+01   1.1441133e+01   1.3655108e+01  -2.8223774e+01   3.7732679e+01
  -7.1415837e+00  -2.9373185e+01  -1.3658404e+01   1.6994312e+01   1.1271229e+01  -2.8148018e+01   3.5914925e+01
  -8.0546517e+00  -2.6173084e+01  -1.3890586e+01   1.3741850e+01   1.0794305e+01  -2.7300578e+01   3.5578965e+01
  -5.9963897e+00  -2.2840917e+01  -1.4540113e+01   1.0104398e+01   7.0775317e+00  -2.6868926e+01   3.3476507e+01
  -6.8733240e+00  -2.2536659e+01  -1.4439891e+01   9.3717499e+00   4.8817878e+00  -2.4999913e+01   3.3365821e+01
  -6.7359214e+00  -2.2739085e+01  -1.5051750e+01   1.0006380e+01   3.4571681e+00  -2.4933777e+01   3.2483279e+01
  -7.7149388e+00  -1.9729307e+01  -1.5665135e+01   7.3186301e+00   2.6510848e+00  -2.4304429e+01   3.0827673e+01
  -7.0764799e+00  -2.3748977e+01  -1.5109828e+01   1.1702330e+01   5.4485020e-03  -2.2878446e+01   2.8576036e+01
  -6.4103325e+00  -2.3395543e+01  -1.5646120e+01   1.3026409e+01  -2.1593054e+00  -2.3628099e+01   2.6328594e+01
  -5.9232236e+00  -2.6564490e+01  -1.6282267e+01   1.7228426e+01  -3.5463790e+00  -2.3223776e+01   2.4412877e+01
  -7.6347457e+00  -2.3331870e+01  -1.7305589e+01   1.4422106e+01  -2.7467380e+00  -2.2203194e+01   2.2151406e+01
  -6.8326991e+00  -2.3620163e+01  -1.7820941e+01   1.6342764e+01  -4.9681684e+00  -2.3015059e+01   2.2238706e+01
  -5.1704421e+00  -2.8957307e+01  -1.7958851e+01   2.1834025e+01  -7.4567753e+00  -2.1837423e+01   1.9173715e+01
  -6.9874538e+00  -2.7477305e+01  -1.8491891e+01   2.1171970e+01  -6.7851463e+00  -2.0382024e+01   1.6100594e+01
  -5.7692652e+00  -2.6791230e+01  -1.8216333e+01   2.1171123e+01  -7.9234486e+00  -2.1269586e+01   1.5928468e+01
  -4.8548757e+00  -2.9606524e+01  -1.7273393e+01   2.1815800e+01  -6.2565203e+00  -2.0937135e+01   1.4379260e+01
  -6.5745897e+00  -3.0188795e+01  -1.4451222e+01   1.9863925e+01  -2.5866671e+00  -2.1277041e+01   1.2024082e+01
  -8.4361868e+00  -2.8516238e+01  -1.2287793e+01   1.5670350e+01   1.5433449e+00  -2.1769466e+01   1.1379387e+01
  -6.5731055e+00  -3.3711900e+01  -1.1039089e+01   2.0773676e+01   6.8387857e+00  -2.4729814e+01   1.2291455e+01
  -6.5656536e+00  -3.0292704e+01  -1.0250089e+01   1.9324146e+01   1.3492502e+01  -2.7630498e+01   1.3752061e+01
  -6.9522408e+00  -2.6919666e+01  -1.0178762e+01   1.6458004e+01   1.9341266e+01  -2.7257061e+01   1.5886428e+01
  -7.0332632e+00  -2.9580010e+01  -8.3618581e+00   2.1809107e+01   2.2927090e+01  -2.8118170e+01   1.6632275e+01
  -6.5316208e+00  -3.1470500e+01  -5.8798038e+00   2.3692807e+01   2.3835664e+01  -2.5257841e+01   1.8869683e+01
  -7.7638688e+00  -3.2714269e+01  -4.9843913e+00   2.6828880e+01   2.7228365e+01  -2.5232380e+01   2.0569121e+01
  -6.9643145e+00  -3.2065626e+01  -3.9856711e+00   2.8180356e+01   2.7995087e+01  -2.5088635e+01   2.3932750e+01
  -7.9715079e+00  -3.2241726e+01  -3.5390181e+00   2.8136021e+01   2.7493959e+01  -2.5896076e+01   2.5931518e+01
  -8.7164103e+00  -2.5574830e+01  -5.6536682e+00   1.9498973e+01   2.6829248e+01  -2.5274436e+01   2.6702984e+01
  -8.8626426e+00  -2.3457942e+01  -6.7074151e+00   1.5399380e+01   2.4799746e+01  -2.4717650e+01   2.9149110e+01
  -9.0419861e+00  -2.4007863e+01  -7.5896223e+00   1.5955861e+01   2.3688433e+01  -2.6016203e+01   3.0401889e+01
  -8.8131007e+00  -2.1643211e+01  -8.7324388e+00   1.2041357e+01   2.1410665e+01  -2.5294353e+01   3.1083737e+01
  -8.2720933e+00  -2.1026903e+01  -9.3642988e+00   1.0437449e+01   1.8981355e+01  -2.5467580e+01   3.2195198e+01
  -8.4556981e+00  -1.4606288e+01  -1.1370658e+01   1.3253028e+00   1.7945719e+01  -2.3542316e+01   3.2091165e+01
  -8.7081949e+00  -1.5438846e+01  -1.2312907e+01   2.3018517e+00   1.6831773e+01  -2.4345557e+01   3.1994818e+01
  -8.2817721e+00  -1.4242585e+01  -1.3022288e+01  -2.5365569e-01   1.5154971e+01  -2.3471130e+01   3.1299421e+01
  -6.8089525e+00  -1.7943379e+01  -1.2703601e+01   3.2570917e+00   1.1388128e+01  -2.2778832e+01   3.0678364e+01
  -6.5895205e+00  -2.0049539e+01  -1.3357643e+01   5.7321052e+00   1.0315024e+01  -2.3475029e+01   2.9817329e+01
  -6.3524049e+00  -1.9502108e+01  -1.3468423e+01   5.4307511e+00   8.4933606e+00  -2.3461695e+01   2.9320147e+01
  -7.4339114e+00  -1.8891015e+01  -1.4000416e+01   3.9123073e+00   8.4143911e+00  -2.1615477e+01   2.6732913e+01
  -7.3414082e+00  -1.8727867e+01  -1.4792281e+01   4.3290091e+00   7.1822264e+00  -2.1999652e+01   2.5316041e+01
  -7.8643749e+00  -2.4661681e+01  -1.4303577e+01   1.0811525e+01   5.3763635e+00  -2.1478961e+01   2.3127124e+01
  -8.5440059e+00  -2.4992091e+01  -1.4423113e+01   1.2278302e+01   3.5901259e+00  -2.1131412e+01   2.0688847e+01
  -6.0197262e+00  -3.2777713e+01  -1.4493031e+01   2.1161711e+01  -4.8103672e-01  -2.0845896e+01   1.8088736e+01
  -2.9984385e+00  -3.0971462e+01  -1.6350408e+01   2.0764004e+01  -4.5316984e+00  -1.9623856e+01   1.4419314e+01
   7.8915163e-01  -3.4404454e+01  -1.9356178e+01   2.6843231e+01  -7.8229550e+00  -2.0220732e+01   1.0638199e+01
   1.3110962e+00  -3.7048346e+01  -2.0888071e+01   3.1557840e+01  -9.3523724e+00  -2.1132225e+01   6.4160253e+00
   1.1292805e+00  -3.7368408e+01  -2.1664653e+01   3.3298633e+01  -1.1261383e+01  -2.0049714e+01   3.4190408e+00
   1.0044051e+00  -3.8658717e+01  -2.2630470e+01   3.5301186e+01  -1.2760873e+01  -1.8318443e+01  -3.0395331e-01
  -2.9987908e-01  -3.6188566e+01  -2.2984553e+01   3.5836623e+01  -1.3258154e+01  -1.9410126e+01  -4.1959098e+00
  -4.6048340e+00  -3.2126487e+01  -2.1994990e+01   3.0950846e+01  -1.1292694e+01  -1.6485968e+01  -7.1685797e+00
  -5.3143212e+00  -3.3352690e+01  -2.1507927e+01   3.4581180e+01  -1.3449772e+01  -1.6773255e+01  -8.0176302e+00
   1.9368658e+00  -3.4718412e+01  -2.7431672e+01   3.3530960e+01  -2.3156471e+01  -9.9237242e+00  -1.0837410e+01
  -4.1752571e+00  -3.5890279e+01  -2.1586074e+01   3.5285470e+01  -1.6774359e+01  -1.4986522e+01  -8.7181025e+00
  -4.3273002e+00  -3.0399420e+01  -2.0504777e+01   2.3457617e+01  -1.2757439e+01  -1.5074731e+01  -1.1555325e+01
  -3.5215320e+00  -3.1101618e+01  -1.8412870e+01   2.0789409e+01  -6.3281666e+00  -1.5497638e+01  -1.0925197e+01
  -3.1113897e+00  -3.4331288e+01  -1.4973314e+01   2.3411460e+01  -2.8340391e+00  -1.9119063e+01  -5.4854287e+00
  -7.0308003e+00  -2.8704749e+01  -1.2100675e+01   1.7499398e+01   7.5397503e+00  -2.0333299e+01   3.6629444e+00
  -6.9058724e+00  -3.3405183e+01  -1.0050100e+01   2.1873834e+01   1.4216801e+01  -2.2905391e+01   1.1245621e+01
  -4.5211880e+00  -2.9606051e+01  -1.0873367e+01   1.7991696e+01   2.1380740e+01  -2.6361617e+01   1.5876756e+01
  -5.2617297e+00  -2.6115769e+01  -1.1435547e+01   1.5070869e+01   3.0210322e+01  -2.9260579e+01   2.1070168e+01
  -5.1263809e+00  -2.0123089e+01  -1.2511436e+01   7.8131753e+00   3.5827210e+01  -2.8865932e+01   2.2875474e+01
  -4.3937298e+00  -1.8299455e+01  -1.1516286e+01   6.1546042e+00   3.7631172e+01  -2.7077216e+01   2.4508834e+01
